79440
65
79720
108
79880
108
80100
111
80260
114
80430
97
81800
44
82080
32
84490
100
84600
105
84820
32
85040
99
85150
104
85260
101
85430
32
85540
115
85700
105
85810
32
85980
112
86140
97
86360
114
86530
108
86640
97
86910
32
87080
111
87400
103
87510
103
87620
105
88280
63
88560
32
89710
66
89880
97
89990
104
90430
44
90650
32
91030
112
91190
97
91410
114
91580
108
91740
105
91960
97
92070
109
92180
111
92400
32
92510
100
92620
101
92790
105
92900
32
93230
112
93390
114
93670
97
94330
110
94600
122
95150
105
95370
32
95590
99
95750
111
95970
110
96140
32
96520
103
96690
108
96910
105
97020
32
97180
101
97400
120
97570
32
97680
99
97840
111
98060
108
98170
108
98330
101
98550
103
98770
104
98990
105
00370
46
00590
32
02180
77
02340
97
02510
32
02890
116
03060
105
03170
32
03500
115
03720
101
04050
109
04490
98
04600
114
04870
97
05040
32
05910
103
06020
105
06300
117
06410
115
06740
116
06900
111
07070
32
07340
99
07510
104
07780
101
08110
32
14370
112
14590
101
14810
114
14980
32
16680
110
16900
111
17060
110
17280
32
17450
115
17670
101
17830
110
18110
116
18270
105
18440
114
18490
101
18660
32
19260
108
19370
97
19480
32
19700
109
19810
97
19920
110
20140
99
20250
97
20520
110
20850
122
20960
97
21240
32
21400
100
21620
105
21790
32
22610
112
22720
101
22940
114
23160
115
23330
111
23550
110
23710
97
24090
103
24310
103
24480
105
24590
32
24810
112
24920
105
25190
117
26180
39
26350
32
26510
111
26730
32
26900
109
27120
101
27340
110
27560
111
27770
32
31240
98
31450
101
31620
110
32550
118
32660
111
32880
108
33160
117
33490
116
33710
105
33980
32
34970
115
35080
105
35240
32
35740
100
35960
101
36400
98
36560
98
37000
97
37220
32
37440
97
37660
110
37940
100
37990
97
38270
114
38320
101
38540
32
42060
97
42440
100
42550
32
42770
105
42990
110
43260
103
43430
114
43760
97
44030
115
44200
115
44420
97
44690
114
44970
115
45190
105
45350
32
45570
99
45740
111
45960
109
46070
101
46230
32
46340
100
46450
101
46560
105
46720
32
46940
109
47110
97
47270
105
47440
108
47820
32
48150
97
48480
108
48650
105
48870
110
48980
105
49470
63
49800
32
51560
65
51780
32
52000
109
52160
101
52380
32
52600
110
52820
111
53640
46
53810
32
68750
77
68910
97
69080
32
69240
99
69350
104
69520
101
69630
32
69790
115
69900
105
70400
32
70730
100
70950
101
72150
98
72320
98
72480
97
72590
32
72760
115
72980
101
73140
109
73360
112
73530
114
73640
101
73910
32
74740
115
74960
101
75120
109
75400
32
75720
110
76000
116
76160
105
76330
114
76440
101
76660
32
77040
117
77260
110
77370
32
77540
112
77650
111
77870
99
77980
111
78140
32
78360
108
78470
97
78530
32
78690
109
78750
97
78910
110
79080
99
79190
97
79730
110
79950
122
80060
97
80230
32
80390
100
80500
105
80670
32
80940
112
81050
101
81270
114
81490
115
81660
111
81880
110
81990
101
82100
32
82370
99
82590
104
82810
101
82980
32
83190
111
83410
108
84460
116
84570
114
84680
101
84900
32
85120
97
85280
108
85450
32
85670
108
85780
97
86050
118
86270
111
86440
114
86600
111
86760
32
87310
104
87480
97
87920
110
88080
110
88300
111
88410
32
88630
100
88740
105
88910
118
89070
105
89460
115
89570
111
89730
32
90060
99
90170
111
90440
110
90550
32
90720
116
90770
101
90940
32
91760
98
91930
101
92090
110
92260
32
92590
112
92860
111
94020
99
94290
111
03520
32
03960
113
04070
117
04230
101
04450
115
04840
116
05000
105
05380
32
05550
111
05770
32
06760
101
06920
39
07140
32
07360
117
07580
110
07690
32
07860
109
07970
105
08190
115
08520
116
08570
101
08680
114
08950
111
09120
32
09560
112
09670
101
09890
114
10000
32
10220
109
10440
101
11260
46
11540
32
23180
69
23350
32
23510
112
23620
111
23840
105
24060
32
24170
115
24440
99
24880
117
25050
115
25100
97
27350
44
27630
32
28560
109
28730
97
28840
32
29060
97
29330
108
29720
99
29990
117
30210
110
30380
101
30490
32
30710
112
30870
101
31090
114
31250
115
31470
111
31750
110
31910
101
32080
32
32850
109
33070
105
33730
99
33950
97
34110
32
34330
108
34440
101
34550
32
34710
115
34880
111
35100
112
35260
112
35430
114
35870
32
36090
111
36310
114
36530
116
36800
97
37410
118
37850
105
38560
32
39220
113
39330
117
39600
97
39770
110
39930
100
40150
111
40320
32
40540
108
40700
101
40810
32
40980
99
41090
111
41360
110
41530
111
41690
115
41860
99
41970
101
42350
118
42510
105
42680
32
42840
112
42950
114
43120
105
43340
109
43780
97
45040
46
45260
32
46140
69
46360
32
46470
97
46630
100
46740
101
47070
115
47240
115
47400
111
47620
32
48170
105
48390
110
48720
118
48890
101
49110
99
49220
101
49380
32
49980
103
50090
114
50420
97
50640
110
50750
100
50970
105
51250
32
51520
97
52350
98
52510
98
52730
114
52840
97
53110
99
53280
99
53440
105
53720
44
53880
32
54380
109
54490
97
54600
32
54870
100
54980
97
55150
32
55480
113
55590
117
55700
97
55810
110
56080
116
56300
111
56470
32
56690
116
56790
101
57400
109
57620
112
57730
111
57950
32
58220
110
58330
111
58550
110
58720
32
58830
99
58940
105
59050
32
59160
115
59270
105
59380
32
59650
118
59870
101
60090
100
60200
101
62120
46
62290
32
63720
69
63830
32
64050
99
64150
104
64320
101
64370
32
64920
98
65200
101
65470
108
65640
108
65860
111
66020
32
66350
114
66520
105
66850
118
67070
101
67230
100
67340
101
67510
114
67830
115
68110
105
68930
32
70250
40
70360
41
72230
99
72340
111
72610
110
72830
97
73330
116
73820
105
74040
32
74650
100
74810
105
75090
32
75300
118
75470
111
75740
109
75850
105
76130
116
76290
111
76460
32
76680
105
76900
110
77170
99
77450
111
77890
110
78270
115
78490
117
78710
108
78930
116
79090
105
81460
46
81620
32
83380
67
83430
104
83820
101
83980
32
84310
105
84530
112
84640
111
85080
99
85360
114
85580
105
85740
115
85850
105
86130
97
86290
32
86560
99
87220
39
87390
101
87500
39
87720
32
88270
110
88430
101
88650
108
88820
108
88980
97
89040
32
89260
109
89370
97
89480
108
89640
105
89860
110
90080
99
90240
111
90570
110
90680
105
90850
97
91010
32
91120
100
91180
101
91450
108
91620
32
91780
112
91890
97
92220
115
92390
115
92550
97
92770
116
92990
111
24130
46
24350
32
24790
80
25010
101
25230
114
25340
32
25670
113
25780
117
25950
97
26060
108
26390
99
27810
111
27870
115
27870
97
27870
32
30010
99
30230
104
30400
101
30560
32
30720
110
30890
111
31050
110
32210
32
32700
101
32870
115
33030
105
33200
115
33530
116
33580
101
33860
110
34020
100
34240
111
34400
32
34570
112
34680
105
34950
117
35390
39
35560
32
36820
101
36990
39
37150
32
37430
117
37650
110
37920
32
38080
112
38140
111
39180
32
39460
99
39620
111
39840
109
39950
101
40120
32
40230
115
40450
101
40560
32
40780
110
40940
111
41110
110
41270
32
41540
102
41760
111
42040
115
42200
115
42420
101
42530
32
43080
109
43250
97
43360
105
43520
32
43740
101
43960
115
44130
105
44290
115
44570
116
44730
105
44950
116
45120
111
45660
46
45880
32
47090
83
47310
101
47480
32
47700
110
47860
111
48080
110
48250
32
48520
112
48690
101
48960
114
49070
32
49670
113
50110
117
50280
101
50550
108
50660
108
50830
111
51050
32
51650
99
51760
104
51820
101
51930
32
52150
108
52260
97
52370
115
52590
99
52750
105
52910
97
53020
32
53680
105
53900
110
54070
32
54400
111
54670
103
54780
110
55000
117
55220
110
55440
111
55610
32
55830
100
55990
105
56100
32
56320
110
56480
111
56590
105
58460
46
58900
32
59450
68
59670
101
59840
108
59950
108
60110
101
60270
32
60440
105
60660
109
60880
112
60990
114
61100
101
61370
115
61540
115
61650
105
61700
111
61920
110
62030
105
87080
44
87300
32
87520
100
87570
101
87850
105
88010
32
88290
108
88510
101
88890
98
89110
105
89330
108
89550
105
89710
32
89930
114
90150
105
90430
99
90650
111
90760
114
90980
100
91200
105
91420
32
91750
99
91910
104
92240
101
93500
32
94220
108
94330
97
94550
115
94770
99
94820
105
94990
97
95150
110
95320
111
95430
32
95920
105
96250
110
96420
32
97070
111
97400
103
97570
110
97790
117
98010
110
98280
111
99000
32
99220
99
99380
104
99600
105
99710
32
00260
112
00480
105
00750
117
01190
39
01360
32
01520
99
01690
104
01850
105
01960
32
02180
109
02290
101
02400
110
02620
111
03340
46
03560
32
05090
78
05480
105
05640
101
05810
110
05970
116
06030
101
06250
32
06410
105
06630
110
06960
115
07130
111
07510
109
07680
109
07790
97
07950
32
08060
99
08280
104
08440
101
08660
32
08880
116
09050
105
09210
32
09320
112
09430
111
09710
115
09930
115
10150
97
10370
32
14650
44
17180
44
20200
32
22780
112
22940
111
23160
115
23380
115
23600
97
23770
32
23930
101
24150
115
24320
115
24540
101
24760
114
24810
101
24980
32
25250
99
25420
104
25530
105
25750
97
25910
109
26080
97
26400
116
26730
111
26950
32
28000
99
28220
111
28550
110
29040
99
29260
114
29320
101
29590
116
29810
111
35740
46
36020
32
36790
77
36950
97
37120
32
37390
102
37550
111
37660
114
37990
115
38980
101
39200
32
40300
101
40630
39
41340
32
42110
105
42330
108
42440
32
42660
110
42830
111
43050
110
43210
32
43380
99
43490
111
43710
110
43980
99
44200
114
44310
101
44590
116
44860
111
45020
32
45300
108
45460
97
45570
32
45850
109
45960
97
46290
116
46400
101
46560
114
46780
105
46950
97
47060
32
47170
100
47280
105
47440
32
47500
99
47610
117
47770
105
47940
32
48320
115
48380
105
48540
97
48590
109
48700
111
48870
32
49090
102
49200
97
49420
116
49580
116
49750
105
49860
32
50020
116
50130
105
50410
32
50680
117
50850
116
51010
116
51180
105
51340
32
51560
110
51780
111
51890
105
53370
46
53700
32
