42860
85
43300
108
43580
116
43740
105
43960
109
44180
97
44350
109
44620
101
44780
110
45060
116
45170
101
45330
32
45500
109
45610
105
45770
32
45940
115
46100
111
46100
105
46710
32
47590
110
47810
111
47970
32
48130
100
48240
111
48680
118
48900
117
49120
116
49290
111
49890
32
50110
115
50280
99
50440
111
50770
110
51100
116
51160
114
51490
97
51760
114
51870
101
52090
32
52970
99
53080
111
53350
110
53520
32
54070
112
54180
114
54340
111
54670
98
54950
108
55170
101
55390
109
55550
105
55770
32
55930
100
56260
105
56370
32
56810
103
56870
114
57310
97
58240
102
58460
105
58790
99
58900
97
59070
32
59340
116
59390
114
59560
105
60330
100
60490
105
60710
109
60820
101
60990
110
61480
115
61590
105
61650
111
61870
110
62030
97
64450
108
65160
101
70320
46
70650
32
73460
69
73730
39
73950
32
74330
115
74500
99
74660
111
74880
110
75870
115
75980
111
76200
108
76370
97
76700
110
77030
116
77080
101
77520
32
79880
118
80050
101
80210
100
80270
101
80490
114
80600
101
80760
32
80980
99
81200
111
81420
109
81970
101
82190
32
82410
108
82520
101
82680
32
82900
110
83070
111
83670
122
83780
105
83840
111
84110
110
84390
105
84610
32
85480
101
85650
108
85760
101
85980
109
86090
101
86200
110
86470
116
86690
97
86860
114
87240
105
87460
32
87740
100
88180
105
88400
32
92190
103
92840
101
93060
111
93720
109
93890
101
94220
116
94330
114
94440
105
94710
97
95540
32
95980
118
96140
101
96520
116
96690
116
96800
111
96910
114
97070
105
97180
97
97400
108
06250
101
10590
32
10800
112
11020
111
11460
115
11630
115
11850
97
11960
110
12230
111
12400
32
12560
101
12780
115
13000
115
13220
101
13440
114
13500
101
13830
32
14100
118
14210
97
14430
110
14540
105
14980
102
15140
105
15310
99
15360
97
15640
116
15750
101
17780
32
18110
100
18270
97
18440
32
18770
113
18880
117
18990
97
19590
108
19760
99
19920
104
20140
101
20250
32
20420
97
20690
110
20860
110
21520
111
22830
32
23220
112
23380
97
24040
115
24210
115
24480
97
24870
116
25250
111
26070
32
26240
97
26350
32
26570
112
26730
114
26950
111
27230
103
27280
114
27610
97
27940
109
28110
109
28270
97
28600
114
28710
101
30190
46
30470
32
31620
80
31840
114
32060
111
32500
103
32560
114
32830
97
33050
109
33160
109
33270
97
33600
114
33650
101
33930
32
34040
112
34150
111
34370
105
34640
32
34970
46
35140
46
35360
46
35850
32
40460
101
40570
59
40900
32
41120
39
41340
32
41780
117
42000
110
42170
32
42280
116
42390
114
42500
101
42940
32
43210
101
43270
114
43600
109
43710
105
43870
110
44250
101
44970
32
45900
103
45960
114
46230
111
46620
115
46780
115
46950
111
47110
32
47660
112
48370
101
48650
114
48920
32
50570
100
50630
101
50850
102
51010
105
51230
110
51340
105
51610
114
51670
101
51830
32
52160
108
52490
39
52880
97
53210
116
53370
116
53540
105
53760
118
53920
105
54090
116
55070
39
55180
97
56060
32
57710
97
57820
39
58260
32
59360
100
59520
105
59690
32
59850
117
60070
110
60240
32
60950
115
61230
111
61390
102
61610
116
61940
119
62160
97
62380
114
62430
101
62650
32
63090
101
63260
110
63480
103
63700
105
64190
110
64410
101
64630
101
64910
114
70450
46
72980
32
74190
70
74460
105
74790
103
74960
117
75120
114
75290
97
75450
32
75730
112
75950
114
76220
111
76440
102
76550
101
77210
115
77370
115
77480
105
77540
111
77700
110
77920
97
78140
108
78250
101
78420
32
78640
99
78800
104
78910
101
79020
32
79190
112
79300
111
79570
99
79630
111
79790
32
80120
97
80400
32
81050
97
81600
32
82650
104
82760
97
82870
32
83030
97
83200
32
83360
99
83470
104
83580
101
83750
32
84130
118
84300
101
84510
100
84570
101
84730
114
84840
101
85610
32
85780
99
86000
111
86270
110
86550
32
91160
105
91270
108
94130
32
95120
115
95280
111
95560
102
95770
116
95990
119
96160
97
96490
114
96540
101
07470
32
07690
101
07860
100
07970
32
08080
97
08300
110
08520
99
08790
111
08960
114
09010
97
09180
32
09620
109
09780
101
09950
110
10170
111
10330
32
10880
99
10990
111
11210
110
11370
32
11590
108
11870
39
12140
105
12310
110
12910
103
13130
101
13410
103
13790
110
14060
101
14230
114
14340
105
14610
97
31860
46
32080
32
38510
78
38840
101
39000
108
39220
32
39720
109
39930
105
40100
111
40260
32
40480
108
40650
97
40920
118
41090
111
41250
114
41360
111
41530
32
41800
112
41910
114
42020
101
42300
99
42350
101
42570
100
42680
101
42790
110
42960
116
43070
101
43780
32
44110
105
44330
110
44490
32
44660
101
44880
102
45040
102
45150
101
45370
116
45540
116
45700
105
45870
32
46030
101
46250
114
46470
111
46690
32
46970
112
47290
105
48780
117
48940
39
49490
32
50100
99
50150
104
50260
101
50430
32
50760
97
50920
108
51140
116
51250
114
51520
111
51690
32
52020
117
52290
110
52460
32
52510
97
52790
100
52950
100
53120
101
53390
116
53560
116
53670
111
53830
32
54050
97
54220
108
54380
108
54760
39
55200
117
55480
102
55640
102
55860
105
56030
99
56140
105
56190
111
56520
32
56910
99
57130
111
57400
109
57570
112
57680
108
57900
105
58120
99
58170
97
58440
122
58660
111
58660
105
59160
110
59320
101
59980
32
61080
105
61140
111
61360
110
61580
101
61910
32
62510
99
62620
97
63170
32
63940
111
64050
115
64210
101
64380
32
64490
115
64650
101
64760
109
65370
112
65590
108
65750
105
65970
99
66130
105
69920
44
70090
32
70200
99
70310
97
70470
112
70690
101
70970
103
71130
103
71300
105
71410
97
71680
116
71850
111
72120
32
72290
100
72400
97
72620
32
72840
117
73110
110
73220
32
73330
99
73440
97
73600
112
73770
111
74150
32
74700
99
74810
104
75690
101
77670
32
78050
40
78160
41
79760
99
79920
111
80140
109
80200
101
80360
32
80580
117
80740
110
80910
32
81130
99
81180
97
81460
118
81620
97
81840
108
82010
105
82170
101
82170
119
82940
114
83160
32
84590
101
84860
114
84920
101
90960
32
91130
100
91180
101
91350
105
91510
32
91780
116
91890
101
92110
109
92330
112
92500
105
92660
32
92940
111
93100
100
93210
105
93490
101
93650
114
93930
110
94150
105
98980
32
99250
104
99360
97
99470
32
99750
105
99910
110
00080
32
00300
103
00460
114
00630
97
00850
110
01070
32
01230
99
01400
111
01400
112
02390
32
04750
116
04910
105
05080
101
05300
110
05460
101
05570
32
05790
105
05960
110
06120
32
06340
103
06500
114
06720
97
07000
110
07160
32
07330
99
07490
111
07770
110
07990
116
08320
111
14300
32
14740
108
15020
59
15020
39
16010
32
16780
39
17050
97
17320
108
17600
116
17650
114
17820
117
17930
105
19190
32
20180
112
20460
117
21610
32
22600
117
22760
110
23040
116
23200
111
23370
32
23590
100
23750
105
23920
32
24140
118
24360
105
24520
115
24850
116
24960
97
25340
46
25560
32
27760
69
28200
39
28420
32
28530
116
28640
114
28860
105
29240
115
29520
116
29570
101
29790
32
30010
99
30180
104
30340
101
30560
32
31390
110
31770
101
31990
108
32150
32
32370
109
32540
111
32700
110
32920
100
33030
111
33250
32
33470
100
33530
101
33690
108
33860
32
34020
108
34190
97
34520
118
34680
111
34790
114
35010
111
35290
32
36440
118
36550
97
36880
108
37040
103
37320
97
37540
32
38580
115
38800
101
38910
109
39300
112
39400
114
39510
101
40390
32
40560
112
40830
105
41160
117
41770
39
43850
32
44180
108
44460
101
44620
32
44790
115
45170
116
45340
101
45560
115
45720
115
45940
101
46110
32
46270
108
46440
101
46660
103
46820
103
46930
105
47040
32
47970
99
48030
104
48140
101
48300
32
48630
103
48800
111
49290
118
49460
101
49620
114
49840
110
49900
97
50060
110
50610
111
52090
32
52420
108
52590
101
52700
32
53080
98
53250
101
53470
115
53580
116
53960
105
54070
101
54510
32
57590
46
57800
32
58190
79
58790
32
60170
40
60170
41
61980
111
62250
118
62420
118
62530
105
62800
97
62970
109
63080
101
63190
110
63410
116
63460
101
63570
32
63790
99
63900
111
64120
110
64290
32
65110
114
65220
105
65550
115
65710
117
65930
108
66260
116
66370
97
66480
116
66810
105
66920
32
67090
109
67250
105
67530
103
67640
108
67800
105
67910
111
68240
114
68410
105
68630
32
68790
100
68840
101
69010
105
69120
32
69560
110
69780
111
70000
115
70440
116
70490
114
70710
105
71810
44
72580
32
78570
100
78680
101
79340
116
79390
101
79670
110
79940
116
80160
111
80210
114
80380
105
80600
32
84060
100
84110
101
84440
108
84610
108
84720
97
84830
32
85160
99
85380
105
85600
118
85710
105
86090
108
86260
116
86860
97
87030
39
89500
46
90160
32
92900
67
93180
105
93450
118
93560
105
93780
108
94000
116
94390
97
94550
39
95100
46
95260
46
95430
46
96140
97
96310
108
96530
116
96580
114
96910
97
97020
32
97300
97
97680
32
97900
112
98070
97
98720
114
98830
111
99000
108
99110
97
99220
32
99550
103
99600
114
99710
111
00100
115
00260
115
00430
97
00590
32
00810
117
00980
115
01030
97
01470
116
01690
97
02680
32
02950
97
03060
32
03450
115
03610
112
03940
114
04110
111
04330
112
04380
111
04710
115
04990
105
05150
116
05320
111
05650
32
05970
112
06080
101
06300
114
06470
32
06580
100
06740
105
06910
114
06960
101
07180
32
07400
99
07570
104
08170
101
10640
32
12130
78
12350
79
12510
73
12900
32
13550
102
13720
97
13990
99
14100
99
14210
105
14540
97
14820
109
14980
111
15150
32
15260
108
15420
101
15530
32
15700
99
15810
111
16080
115
16140
101
16300
32
16740
103
16900
105
17120
117
17230
115
17510
116
17620
101
18110
44
18280
32
18720
101
18880
32
20750
116
20860
117
21080
116
21190
116
21350
105
21520
32
21850
103
21960
108
22180
105
22290
32
22670
97
22840
108
23110
116
23170
114
23880
105
24050
32
35090
101
35360
115
35580
101
35850
109
36020
112
36240
108
36400
97
36680
114
36790
105
36950
32
37060
100
37170
101
37340
108
37500
32
37670
99
37890
114
38000
101
38220
97
38440
116
38710
111
39640
32
39860
115
40030
111
40250
110
40470
32
40850
98
41020
101
41240
115
41400
116
41730
105
41840
101
45740
46
45960
32
47170
34
47610
83
47940
111
48160
110
48320
32
48820
98
49090
101
49260
115
49370
116
49700
105
49860
101
50300
34
50460
32
50790
99
50900
104
51010
101
51120
32
51450
99
51560
105
51670
32
52000
118
52110
111
52330
108
52440
101
52720
116
52770
101
52940
32
53210
102
53270
97
53490
114
53540
101
54750
46
55020
32
76880
85
77320
110
78040
39
78370
97
78700
108
79030
116
79080
114
79360
97
79630
32
80450
115
80620
111
80780
108
81110
32
81880
97
82430
32
82980
108
83040
97
83140
32
83420
114
83640
97
83910
122
84080
122
84240
97
84460
32
84570
100
84680
105
84850
32
85180
97
85400
110
85560
105
85730
109
85890
97
86060
108
86220
105
86390
32
87210
102
87760
97
87870
39
88090
32
89190
117
89520
115
89790
111
90010
32
90500
100
90720
105
91660
32
37690
97
37850
108
38180
116
38240
114
38510
105
38670
32
38840
97
39000
110
39110
105
39330
109
39500
97
39610
108
39770
105
39940
32
40380
112
40490
101
40820
114
41040
32
41150
102
41310
97
41480
114
41530
101
41750
32
41860
105
42080
108
42190
32
42410
112
42630
114
42790
111
42960
112
43230
114
43340
105
43400
111
43560
32
43780
108
43950
97
44220
118
44390
111
44550
114
44720
111
45320
44
45600
32
46200
117
46420
110
46580
97
46690
32
47960
112
48070
97
48290
114
48510
116
48670
105
48890
118
49170
32
49330
99
49490
111
49660
108
49710
97
49930
114
50040
101
50150
32
50320
115
50700
112
50870
101
51140
99
51310
105
51530
101
51640
32
51750
100
51910
105
52080
32
52300
102
52520
111
52630
114
52790
109
52900
105
53390
99
53500
104
53610
101
56420
46
56580
32
56910
69
57070
32
57460
98
57570
97
57680
115
57840
116
57950
97
59050
46
59220
32
60370
77
60640
97
60810
105
60920
32
61250
118
61470
105
61630
115
62020
116
62180
111
64270
32
66800
118
66960
105
67130
115
67460
116
67730
111
67950
32
68170
97
68330
110
68550
105
68880
109
68990
97
69270
108
69490
105
69650
32
69930
115
70150
99
70310
104
70480
105
70590
97
70970
118
71140
105
71470
122
71630
122
71850
97
72230
114
72290
101
73390
32
73880
97
74050
108
74210
116
74270
114
74540
105
74710
32
75470
97
75580
110
75750
105
75970
109
76080
97
76240
108
76350
105
76960
44
77120
32
77340
102
77400
97
77840
114
78060
110
78990
32
79810
110
79980
101
80030
32
80580
115
80800
99
80970
104
81080
101
81300
114
81520
110
81740
111
82890
44
83050
32
87340
118
87390
105
87450
111
87670
108
87890
101
88050
110
88550
122
88660
97
90030
32
90250
103
90300
114
90580
97
90910
116
91070
117
91290
105
91620
116
92390
97
93550
46
95030
32
98710
83
98930
101
99090
109
99480
98
99590
114
99810
97
99970
32
00360
113
00410
117
00520
97
00740
115
00910
105
01120
32
01400
99
01510
104
01620
101
01840
32
03600
108
03710
97
03820
32
04040
99
04260
105
04420
118
04530
105
04970
108
05630
116
06120
97
06230
39
06450
32
06560
115
06730
105
06840
97
06950
32
07280
117
07500
110
07610
97
07770
32
09690
112
09800
97
10020
114
10520
116
10570
105
10630
99
10790
111
11010
108
11230
97
11560
114
11620
101
12110
32
16940
112
17220
101
17380
114
18100
118
18260
101
18430
114
18760
115
18920
105
18980
111
19200
110
19360
101
19580
32
19850
100
19960
101
20130
108
20290
32
20620
112
20790
114
21010
105
21560
110
21940
99
22110
105
22550
112
22770
105
23590
111
23750
32
23970
100
24190
105
24360
32
34960
115
35510
111
35730
112
36500
114
36770
97
37760
118
37980
118
38420
105
39130
118
39240
101
39740
110
40340
122
40400
97
56600
46
56870
32
59240
83
59510
111
59730
116
59900
116
60000
111
60170
32
60550
113
60660
117
60830
101
60990
115
61320
116
61760
111
61980
32
62310
112
62590
117
62810
110
63030
116
63190
111
63410
32
63630
100
63680
105
63850
32
64010
118
64180
105
64560
115
65000
116
65550
97
65720
32
66820
110
67040
111
67150
105
67310
32
67580
116
67750
117
67910
116
68020
116
68190
105
68300
32
68460
115
68570
97
68790
114
68850
101
69070
109
69230
109
69400
111
69560
32
69730
117
69950
110
70060
32
70220
97
70500
98
70720
111
70990
109
71150
105
71430
110
71700
105
71810
111
74290
32
74450
100
74620
101
74670
108
74830
108
74940
97
75050
32
75550
110
75660
97
75990
116
76210
117
76480
114
76590
97
81040
46
81210
32
81590
69
81760
115
82090
116
82140
114
82410
97
82580
110
82690
101
83240
105
83460
32
84120
97
84230
100
84390
32
84500
101
84780
115
84940
115
85160
97
85490
32
86200
113
86310
117
86480
97
86590
110
87030
116
87360
111
09880
32
10210
117
10370
110
10540
32
10700
109
10870
97
11140
108
11310
97
11580
116
11740
111
11850
32
12070
109
12290
101
12400
110
12620
116
12840
97
13230
108
13390
101
13560
32
13780
108
13940
111
14110
32
14710
101
14820
39
15100
32
37230
97
37500
108
37670
108
38880
101
39040
32
39980
115
40090
117
40420
98
40580
108
40750
105
41460
109
41570
105
41730
32
42060
118
42230
101
42500
116
42670
116
42830
101
43330
32
43550
100
43600
101
43880
108
43990
108
44100
97
44260
32
44370
115
44590
99
44700
105
44860
101
45030
110
45360
122
45470
97
46070
46
46290
32
47940
77
48160
105
48330
32
48540
115
48650
111
49040
118
49260
118
49310
105
49530
110
49810
32
50030
101
50190
110
50300
101
51290
32
51790
99
52010
104
52170
101
52990
32
54420
111
54530
114
54700
97
54920
32
55030
99
55250
104
55360
101
55470
32
55740
110
56010
32
56290
109
56450
111
56780
116
57220
32
57500
108
57720
116
57990
105
59690
32
59910
115
60130
99
60240
105
60410
101
60570
110
61010
122
61120
105
61230
97
61670
116
62110
105
62390
32
64860
115
64970
111
65190
110
65350
111
65460
32
65740
115
65900
116
65960
97
66070
116
66510
105
66670
32
66890
97
67000
110
67220
99
67380
104
67490
101
67600
32
67770
100
67880
101
68210
105
68430
32
68650
100
68760
105
69690
115
69910
99
70130
114
70350
101
70790
116
70950
105
71060
32
71280
109
71450
97
71610
108
71720
97
72050
116
72220
105
72380
32
72550
109
72660
101
72770
110
73040
116
73210
97
73370
108
73590
105
74250
46
74470
46
74690
46
74910
46
