41940
32
42160
65
42430
76
42600
76
42760
79
42980
82
43200
65
43530
188
44250
32
44580
65
44740
78
44910
67
45130
79
45290
82
45510
65
45670
32
45840
85
46000
78
46110
65
46220
32
46550
86
46660
79
46830
76
47050
84
47320
65
47540
32
48200
81
48310
85
48370
73
48810
222
49190
32
50230
65
50400
32
50670
67
50840
79
51060
77
51220
80
51390
79
51660
82
51830
82
52050
69
52210
32
52380
85
52600
78
52700
32
52920
80
53140
69
53310
83
53640
32
53910
78
54350
83
54460
73
54570
69
54790
82
55230
73
55450
78
55670
79
62920
190
63140
32
66110
73
66270
69
66490
82
66600
73
66770
32
66990
83
67100
79
67320
78
68470
79
68850
32
69400
82
69510
73
69730
77
69900
65
70120
83
70340
84
70720
79
70890
32
71000
65
71100
32
71270
67
71380
65
71760
83
71870
65
76870
188
77040
32
77420
69
77590
222
77750
32
78140
66
78300
69
78520
76
78680
76
78900
79
79010
32
79230
80
79290
79
79670
84
79780
69
80060
82
80390
83
80660
69
80880
78
80990
69
81270
32
82690
83
82800
84
82860
65
83080
82
83190
69
83300
32
83410
65
83520
32
83740
67
83850
65
84070
83
84290
65
84560
32
85060
68
85220
73
85390
32
85770
84
85990
65
86100
78
86320
84
86540
79
86700
32
86870
73
87090
78
87200
32
87470
84
87690
65
87800
78
88020
84
88570
79
92690
188
92860
32
93570
71
93680
73
93840
85
94060
83
94390
84
94610
79
94720
32
94940
80
95220
69
95490
82
95820
32
97190
68
97410
73
97630
77
97910
79
98290
83
98460
84
98680
82
98730
65
98900
82
99060
69
99170
32
99340
65
99450
32
99560
83
99830
69
99940
32
00110
83
00330
69
00710
32
00980
84
01090
69
01370
83
01530
83
02030
73
02360
32
03400
67
03790
72
03950
69
04060
32
04280
78
04550
79
05540
32
06370
78
06590
79
06810
78
07030
32
07250
83
07300
73
07470
65
07580
77
07690
79
07850
32
08340
79
08620
66
08780
66
09000
76
09170
73
09830
71
09990
65
10100
84
10430
73
10600
32
10710
65
10820
32
11040
70
11260
65
11530
82
11590
69
11750
32
11910
78
12020
85
12300
76
12460
76
12960
65
13890
188
14500
32
14880
77
15050
65
15160
32
16250
81
16360
85
16580
69
16750
76
16910
76
17080
79
17240
32
17520
67
17740
72
17850
69
18070
32
18230
83
18340
73
18510
32
18730
70
19050
65
19380
222
19550
32
19820
76
20040
79
20210
32
20370
83
20480
73
20650
32
20810
70
21530
65
21800
222
22080
32
26410
37
26690
37
26740
37
26800
37
26850
37
26960
37
27180
37
27570
37
27840
37
28280
32
29330
35
30750
80
31190
32
31960
80
32180
69
32400
82
32680
67
32840
72
33010
69
33340
222
33560
32
33720
80
33940
73
34100
65
34430
67
34540
69
34710
32
34870
73
35090
77
35260
77
35420
69
35530
78
35750
83
35810
65
36030
77
36140
69
36250
78
36520
84
36630
69
36960
190
37240
32
40310
73
40480
69
40640
82
40750
73
40920
32
41080
73
41300
78
41460
32
41790
66
42010
73
42180
66
42510
76
42730
73
42780
79
43110
84
43280
69
43550
67
43880
65
44600
32
45030
72
45200
79
45360
32
45530
76
45690
69
46020
84
46130
84
46460
79
46630
32
46790
85
46960
78
47180
32
47400
65
47950
82
48060
84
48490
73
48710
67
48880
79
49040
76
49210
79
49370
32
49810
83
50090
85
50310
76
50470
32
50750
84
50970
69
51190
76
51350
69
51680
76
51850
65
52170
66
52170
86
52340
79
53330
32
54980
86
55200
79
55310
82
55470
79
56840
190
57060
32
58050
67
58380
72
58550
69
58710
32
59040
66
59210
69
59480
76
59590
76
59810
79
59970
32
60080
83
60140
65
60910
82
60960
69
61350
66
61510
66
61620
69
61730
32
61950
80
62060
79
62340
84
62450
69
62610
82
63050
83
63270
69
63380
78
63540
69
63820
32
64040
83
64200
84
64200
65
64420
82
64640
69
65740
32
66020
65
66130
32
66570
67
66900
65
67170
83
67280
65
67500
32
67660
65
67770
32
68050
76
68210
65
68540
86
68710
79
68930
82
69090
65
70030
82
70140
69
72110
32
73100
69
73210
32
73650
70
73870
65
74200
82
74470
83
74690
73
74800
32
75350
76
75460
69
75740
32
76010
80
76560
65
76780
85
76890
83
77110
69
77280
32
77880
67
78040
65
78370
70
78540
70
78700
69
79030
222
79250
32
80080
78
80300
69
80520
76
80680
76
80850
65
80960
32
81180
80
81340
82
81560
79
81720
80
82000
82
82110
73
82330
65
82490
32
82880
67
83040
85
83210
67
83370
73
83590
78
84250
65
85350
32
85680
80
85790
65
86010
82
86120
76
86230
65
86560
78
86830
68
87000
79
87160
32
87270
67
87440
79
87710
78
87880
32
87990
73
88150
32
88320
80
88590
82
88760
79
88920
80
89140
82
89300
73
89470
32
89960
71
90180
69
90350
78
90570
73
90900
84
91060
79
91230
82
91390
73
91890
32
92110
79
92270
32
92550
67
92760
79
92980
78
93150
32
93370
76
93530
65
93640
32
93860
80
94080
82
94300
79
94470
80
94690
82
94800
73
95130
65
95240
32
95460
67
95620
79
95840
77
96660
80
96830
65
97100
71
97490
78
97710
65
99030
190
99250
32
16990
77
17260
73
17480
32
18310
82
18520
73
18740
67
18910
79
19130
82
19350
68
19510
79
19620
32
19840
68
19900
73
20010
32
20170
65
20500
86
20670
69
20830
82
21000
32
21330
76
21550
69
21880
84
22040
84
22150
79
22370
32
22970
85
23190
78
23360
32
23690
76
23910
73
24350
66
24570
82
24790
79
25170
32
25500
85
25720
78
25890
65
26100
32
26270
86
26490
79
26650
76
26820
84
27530
65
29670
32
29950
73
30170
78
30330
32
30550
67
30770
85
30990
73
31160
32
31490
78
31760
69
32040
76
32200
32
32480
70
32700
85
32860
84
33030
85
33190
82
33350
79
33520
32
34450
73
34670
76
34780
32
34950
67
35110
79
35330
78
35610
67
35880
69
36160
84
36320
84
36490
79
36930
222
37140
32
37360
68
37530
73
37640
32
37800
67
37910
73
38190
84
38350
84
38790
65
39010
222
39290
32
40330
86
40610
69
40820
78
41100
73
42310
32
43790
68
43960
73
44290
86
44450
69
44610
78
44890
84
45050
65
45330
86
45490
65
45550
32
45930
79
46210
66
46590
83
46760
79
46920
76
47090
69
47360
84
47640
79
47750
32
47970
69
48130
68
48240
32
48400
79
48680
71
48900
78
49390
85
49450
78
49670
79
49830
32
50220
86
50380
73
50600
86
51040
69
51430
86
52140
65
54010
32
54340
73
54560
76
54720
32
54940
67
55050
65
55650
77
56040
80
56310
65
56810
71
56920
78
57360
65
87900
35
89540
84
89930
32
90640
188
90750
32
91030
84
91300
65
91470
78
91690
84
91910
79
92020
32
93610
67
93660
72
93660
69
93720
32
96130
76
96300
65
96410
32
96630
71
96850
69
96960
78
97180
84
97340
69
97450
32
97840
68
98000
73
98330
86
98500
69
98720
78
99540
32
01350
69
01520
82
01680
65
01790
32
02450
68
02620
73
02950
86
03110
69
03280
78
03550
84
03660
65
03770
84
03930
65
04150
32
04540
65
04760
71
05140
79
05420
82
05580
65
05800
70
07890
79
08490
66
08770
73
09100
67
09650
65
42710
35
44520
190
45680
32
46720
67
47490
72
47710
69
47870
32
48200
84
48420
82
48810
73
49250
83
49360
84
49470
69
50130
90
50350
90
50730
65
51720
190
