92020
70
92240
105
92460
110
92680
108
92960
97
93120
109
93230
101
93400
110
93620
116
93670
101
93890
32
94060
115
94170
111
94440
110
94610
111
94770
32
94880
97
95210
114
95320
114
95540
105
95760
118
95810
97
96090
116
96250
111
96360
32
96470
97
96690
108
96800
108
96970
97
97130
32
97240
109
97410
101
97630
116
97850
97
00040
46
00210
32
01200
72
01420
111
01640
32
02080
118
02300
105
02520
110
02680
116
02840
111
03060
32
03390
113
03500
117
03720
97
03830
108
04160
99
04330
104
04490
101
04660
32
04820
99
04990
111
05150
115
05260
97
05590
63
05870
32
06140
78
06250
105
06470
101
06580
110
06740
116
06850
101
07400
63
07620
32
08170
80
08390
97
09000
122
09160
105
09330
101
09490
110
09990
122
10040
97
12510
46
12790
32
18110
77
18720
97
18830
32
19050
97
19160
108
19380
109
19490
101
19650
110
19980
111
20200
32
20530
109
20700
105
21740
32
22620
100
22730
105
23110
114
23110
101
23170
116
23330
101
23660
32
23990
113
24100
117
24270
97
24380
108
24760
99
24920
104
25030
101
25200
32
25360
99
25470
111
26020
115
26080
97
26960
32
27780
114
27950
105
28330
103
28440
117
28550
97
28770
114
29040
100
29260
111
29430
32
29540
97
29870
105
30140
32
30310
114
30470
105
30800
115
30970
117
31190
108
31410
121
31790
32
31960
116
32230
97
32450
116
32780
105
33110
44
33330
32
33600
118
33820
101
33930
114
34100
111
34590
63
34760
32
38000
67
38270
111
38490
109
38660
117
38880
110
39210
113
39370
117
39480
101
39640
32
39860
105
39920
111
40360
44
40580
32
40910
110
41070
101
41240
108
41400
32
41570
102
41680
114
42010
97
42230
116
42340
116
42560
101
42780
109
43000
112
43270
111
44590
44
44750
32
45300
113
45410
117
45520
105
45690
32
45850
99
46020
111
46290
109
46510
98
46730
105
46900
110
47060
111
47220
32
47990
112
48100
105
48320
117
48760
39
48930
32
49090
99
49200
97
49480
115
49590
105
49860
110
49970
105
50140
32
50300
99
50410
104
50520
101
50680
32
50960
109
51070
97
51180
105
51560
46
51780
32
52940
79
53160
103
53270
103
53430
105
53650
32
53820
112
54040
101
54260
114
54310
32
54470
101
54750
115
54910
101
55080
109
55300
112
55740
105
55790
111
59580
44
60740
44
61010
32
61940
104
62160
111
62270
32
62600
99
62660
97
62930
109
63210
98
63370
105
63480
97
63870
116
64030
111
64200
32
64530
105
64690
32
66120
115
66340
101
66610
116
66780
116
67110
97
67660
103
67710
103
67820
105
68040
32
68320
100
68430
101
68650
108
68810
108
69190
97
69470
32
70510
114
70570
101
70840
116
70950
101
72270
32
75950
84
76550
67
76550
80
78810
32
78970
100
79080
101
79300
108
79470
108
79580
97
79850
32
79960
109
80290
105
80290
97
80340
32
80620
109
80620
97
80840
99
81000
99
81110
104
81220
105
81440
97
82100
32
82760
110
82930
97
83150
32
83310
101
83370
32
83590
112
83700
111
83910
105
85950
32
86220
110
86440
111
86660
110
86830
32
87430
114
87700
105
87920
117
88090
115
88310
99
88530
117
88530
105
89410
32
90510
105
91170
118
91330
111
91440
32
91660
112
91880
105
92590
117
93200
39
93530
32
94190
97
94300
32
94520
108
94740
111
95060
103
95230
103
95390
97
95670
114
96160
109
96160
105
97370
46
97650
32
98960
80
99180
111
99460
114
99840
99
00010
97
00280
99
00450
99
00610
105
00720
97
00830
32
01000
109
01110
105
02210
115
02480
114
02480
101
02970
32
03850
101
04020
114
04180
105
04350
97
04680
99
04840
99
04950
105
05060
97
05670
46
07420
32
09460
69
09730
32
10060
118
10170
97
10330
73
10500
32
10550
65
11540
32
12860
105
13030
32
13190
97
13350
32
14070
99
14230
104
14340
105
14510
97
14670
109
14780
97
15000
114
15060
101
15220
32
15390
105
15500
32
15830
116
15880
101
16380
99
16490
110
16650
105
16930
99
17030
105
17640
44
17860
32
18300
115
18460
112
18630
105
18850
101
19120
103
19340
97
19560
32
19730
116
19890
117
20110
116
20280
116
20550
111
22640
44
22970
32
24830
102
24890
97
25220
108
25380
108
25600
105
25770
32
25930
108
26100
97
26320
118
26430
111
26650
114
26760
97
26980
114
27030
101
27470
46
27690
32
28570
83
28790
111
29010
110
29170
111
29340
32
29500
115
29610
116
29780
97
29830
116
30220
105
30490
32
30770
103
30990
101
31150
110
31370
116
31480
105
31760
108
31920
105
32190
115
32360
115
32470
105
32630
109
32740
105
33290
44
33400
32
33620
105
33680
111
33840
32
34010
97
34120
108
34340
32
34500
108
34720
111
34890
114
34940
111
35110
32
35330
112
35440
111
35650
115
35980
116
36150
111
36310
32
36530
109
36640
105
36810
32
36970
115
37030
97
37300
114
37410
101
37740
98
38240
32
38510
105
39220
32
45490
100
45540
97
45870
116
46150
111
46260
32
46910
100
46970
101
47460
108
47740
32
49220
108
49550
39
49940
105
50160
100
50260
105
50320
111
50700
116
50920
97
51910
46
52130
32
53620
81
53620
117
53730
101
54000
115
54330
116
54440
111
54600
32
55760
115
56200
112
56420
105
56860
101
57080
103
57240
97
57350
32
58230
98
58340
101
58500
110
58610
101
58720
32
58890
105
59110
108
59220
32
59440
112
59550
101
59770
114
59990
99
60150
104
60430
101
60700
39
60870
32
61140
105
61250
111
61410
32
61580
110
61800
111
62070
110
62180
32
62350
97
62510
98
62680
98
62840
105
62950
97
63060
32
63170
109
63230
111
63780
32
64000
97
64160
105
64330
32
64550
108
64710
97
64980
118
65150
111
65370
114
65480
97
65750
116
65920
111
66140
32
66740
97
66850
32
67020
99
67130
111
67400
110
67620
116
67730
97
67840
116
68060
116
68560
111
68720
32
69430
99
69650
111
69870
110
70040
32
70200
105
70370
32
70810
99
71580
108
71740
105
71960
101
72130
110
72290
116
72730
105
73280
46
73500
32
75590
46
75750
46
75970
46
76300
32
76680
68
76900
105
77400
112
77560
108
77780
111
78000
109
78220
97
78550
122
78660
105
79540
97
79810
32
80310
105
80530
110
80750
115
81020
111
81240
109
81460
109
81630
97
82890
46
83110
32
84980
66
85140
101
85250
104
85690
44
85860
32
85970
105
86020
111
86190
32
86410
110
87120
101
87230
32
87500
104
87720
111
87830
32
88000
112
88110
111
88490
99
88550
97
89040
44
89150
32
89430
115
89700
101
89870
109
90140
112
90250
114
90360
101
90530
32
90640
97
90960
118
91130
117
91350
116
91510
97
91620
32
91900
112
91950
111
92390
99
92450
101
92670
32
92890
101
93050
32
93490
109
93710
97
93820
105
93990
32
94260
102
94370
97
94700
116
94860
116
95030
111
95140
32
95410
110
95470
105
95690
101
96130
110
96240
116
96290
101
96570
32
97450
112
97830
101
98050
114
98320
32
01460
97
01620
118
01730
101
01950
114
02280
110
02390
101
02550
32
02720
100
02830
105
03100
32
03270
112
03490
105
03760
117
04260
39
05190
46
05410
32
07000
83
07330
101
07500
109
07720
112
07880
108
08100
105
08540
99
08650
101
08820
109
08930
101
09040
110
09200
116
09310
101
09470
32
09970
110
10190
111
10410
110
10570
32
10740
110
10740
101
10900
32
11290
104
11450
111
11560
32
12280
98
12500
105
12830
115
12990
111
13260
103
13430
110
13700
111
14030
44
14250
32
14420
115
14640
101
14750
32
14910
118
15080
111
15350
103
15460
108
15630
105
15680
111
15900
32
16070
114
16230
117
16940
102
17160
102
17220
105
17380
97
17550
110
17660
97
17880
114
17990
101
18150
32
18480
113
18590
117
18760
97
18920
108
19310
99
19580
117
19910
110
20400
111
20570
32
20730
108
20900
111
21120
32
21780
102
21830
97
23100
99
23210
99
23320
105
23370
111
23540
32
23700
101
23760
32
24080
98
24190
97
24410
115
24580
116
24850
97
25290
46
