47940
32
48100
82
48380
73
48980
69
49260
67
49420
67
49640
79
49860
77
50030
73
50250
32
50690
81
50900
85
51180
73
51620
222
51840
32
52060
80
52220
69
52440
82
52550
32
52720
70
52830
65
53050
82
53160
69
53380
32
53820
85
54040
78
54200
32
54420
70
54580
65
54860
86
55080
79
55190
82
55300
69
55410
32
55570
65
55790
76
55960
76
56120
65
56290
32
56450
83
56670
67
56780
73
56950
69
57220
78
57550
90
57610
65
59200
188
60630
32
61400
80
61560
82
61730
79
62050
78
62270
84
62490
79
62660
32
62820
65
62990
32
63100
83
63370
67
63650
82
63870
73
64140
86
64360
69
64470
82
64580
69
64750
32
65350
67
65520
79
65680
83
65900
69
66060
32
66280
73
66450
78
66780
83
67000
69
67220
78
67440
83
67490
65
67820
84
67990
69
68370
32
68980
80
69090
69
69200
82
69360
32
70180
67
70400
73
70680
78
71120
81
71230
85
71390
69
71610
32
71780
77
71830
73
72050
78
72220
85
72440
84
72600
73
77160
32
77320
83
77540
69
77820
78
78040
90
78090
65
78260
32
78640
78
78750
69
78970
65
79190
78
79740
67
79850
72
79960
69
80130
32
80450
67
80560
65
80950
80
81170
73
81390
82
81440
69
81720
32
82760
81
82930
85
83090
69
83310
76
83480
76
83640
79
83810
32
83970
67
84130
72
84240
69
84410
32
84570
83
84850
84
85070
79
85450
222
85670
32
86110
70
86170
65
86390
67
86500
69
86770
78
86940
68
87100
79
87600
190
87760
32
88310
78
88530
79
88750
78
88910
32
89130
83
89240
65
89520
82
89900
65
90120
222
90400
32
90620
77
90730
73
91060
67
91170
65
91390
32
91660
85
91880
78
92100
32
92320
69
92540
83
92810
80
93030
82
93090
69
93860
32
94900
69
95120
82
95280
73
95500
77
95610
69
95720
78
95890
84
96270
79
00120
32
00610
80
00940
83
01160
73
01380
67
01600
79
01770
76
01990
79
02860
32
04730
68
04900
73
05060
32
05280
80
05560
82
05890
32
06110
83
06320
73
06540
67
06710
79
06820
76
07040
79
07480
71
07590
73
08140
65
09130
32
09350
191
10720
32
12590
71
13630
73
13850
85
14180
83
14290
84
14730
79
14840
32
15060
80
15280
69
15440
82
15720
32
18300
82
18680
65
19120
67
19290
67
19510
79
19670
71
19780
76
20060
73
20500
69
20770
82
20880
69
21700
32
24070
85
24290
78
24450
32
24670
84
24780
79
24940
84
25160
32
26210
68
26480
73
26760
32
28620
83
28790
67
29060
82
29340
73
29610
84
29780
84
30380
73
30660
32
32800
73
33020
78
33180
83
33400
69
33570
78
34010
83
34230
65
34390
84
34780
73
35000
32
35820
83
35930
85
36090
32
36260
67
36370
85
36480
73
36640
32
36860
73
37080
78
37300
68
37410
65
37740
71
37960
65
38240
82
38290
69
38620
32
39880
85
40210
78
40540
65
41150
32
41480
83
41920
67
42140
72
42360
73
43070
90
43400
79
43670
70
43730
82
44000
69
44280
78
44390
73
44660
65
44830
32
45270
71
45490
65
45650
76
45870
79
46090
80
46260
80
46420
65
46590
78
46750
84
46860
69
48510
32
48730
191
49220
32
50480
80
50700
79
51200
83
51360
83
51530
73
51860
66
52080
73
52240
76
52520
73
52900
188
53070
32
53400
80
53560
82
53840
79
54270
66
54440
65
54550
66
54770
73
54990
76
55260
69
56140
32
57190
65
57460
78
58170
90
58340
73
60150
32
61630
188
61850
32
62290
65
62510
78
62840
90
63010
73
63280
188
63450
32
63830
81
64000
85
64160
65
64330
83
64490
73
64660
32
64990
67
65150
69
65310
82
65590
84
65810
79
68450
190
68610
32
69600
73
70310
78
70530
32
70920
81
71030
85
71250
69
71470
83
71800
84
71960
79
72130
32
72400
67
72460
65
72620
83
72780
79
73000
32
73110
83
73280
79
73500
78
73720
79
73830
32
74100
70
74160
82
74380
69
74600
71
74710
65
74870
84
75310
79
75480
32
75640
65
75810
76
75970
76
76140
65
76240
32
76460
71
76570
82
76900
65
77120
78
77340
68
77400
69
79210
188
79380
32
79600
73
79820
78
79980
83
80140
79
80420
77
80580
77
80750
65
80910
188
81130
32
81460
70
81680
73
81900
78
82120
73
82340
82
82450
69
82670
32
82890
67
83060
79
83170
83
83280
73
83990
222
84210
32
84480
73
84700
78
85090
71
85200
76
85420
79
85640
82
85750
73
85970
79
86300
83
86410
65
86630
77
86680
69
86850
78
87070
84
87180
69
87500
32
89540
85
89760
78
89870
65
90030
32
90200
67
90310
65
90580
82
90750
82
90860
73
90910
69
91130
82
91570
65
92340
32
93820
65
94040
71
94320
76
94480
73
94640
32
94810
69
94970
83
95360
79
95520
82
95690
68
95910
73
96460
188
96680
32
97340
77
97560
69
97830
71
98000
76
98220
73
98320
79
98490
32
98820
83
99040
69
99090
32
99260
77
99370
69
99530
32
99700
78
99860
69
99970
32
00190
70
00300
79
00630
83
00800
83
00910
73
01070
32
01180
82
01290
69
01460
83
01730
84
01900
65
02110
84
02280
79
02440
32
02550
73
02830
78
02940
32
03100
65
03210
77
03600
69
03820
82
04370
73
04530
67
04750
65
05190
32
05410
37
05690
46
06180
32
06340
65
07060
35
07500
32
07720
65
07880
68
08050
32
08270
85
08600
32
08760
73
09580
78
09910
71
10080
82
10240
65
10570
83
10740
83
11010
65
11290
82
11340
69
11670
188
11840
32
12000
65
12110
76
12330
77
12390
69
12500
78
12720
79
12880
32
12990
83
13100
65
13320
82
13370
69
13540
73
13700
32
13980
83
14200
84
14310
65
14580
84
15080
79
15240
32
15630
85
16120
84
16230
73
16450
76
16780
69
17220
32
18100
65
18260
76
18430
76
18590
69
18760
32
18870
68
18980
73
19250
84
19420
84
19800
69
19970
32
20240
70
20350
65
20570
82
20730
77
20950
65
21340
67
21390
69
21830
85
22000
84
22220
73
22550
67
22710
72
23150
69
25570
32
31120
83
31280
84
31450
65
31610
84
32050
85
32600
78
32760
73
33150
84
33420
69
33640
78
33810
83
33970
73
34140
32
34360
69
34580
68
34690
32
34850
65
35070
76
35180
76
35340
69
35450
32
35620
67
35730
76
35950
73
36550
78
36770
73
37160
67
37270
72
37430
69
37540
32
37710
68
37930
73
38090
77
38310
65
38480
71
38700
82
38860
65
39130
78
39300
84
39460
73
39900
190
40450
32
41220
85
41440
78
41660
65
41830
32
42210
85
42430
84
42590
73
42810
76
42980
73
43250
84
43580
65
43910
222
44130
32
44410
83
44630
79
44790
67
44960
73
45180
65
45400
76
46170
69
46550
32
46880
83
47100
69
47430
78
47650
90
47700
65
47870
32
48030
68
48250
85
48640
66
48800
66
48910
73
48970
79
49520
190
49950
32
52980
84
53090
82
53850
32
54620
82
54790
73
55170
83
55280
84
55390
69
55780
90
55940
90
56110
65
56930
32
57100
49
