89390
32
89720
66
89990
85
90210
82
90430
79
90980
67
91150
82
91480
65
91810
90
92030
73
92520
65
94000
190
94280
32
94610
77
94770
69
94940
32
95050
76
95210
79
95430
32
95760
80
95980
79
96310
84
96420
69
97130
86
97300
65
97520
78
97740
79
97850
32
98010
68
98230
73
98340
82
98400
69
98560
32
98780
67
99000
72
99170
69
99280
32
99440
76
99550
65
99660
32
00370
66
00590
85
00810
82
00980
79
01420
67
01640
82
01910
65
02190
90
02350
73
02790
65
04110
32
04490
69
04660
222
04880
32
05590
85
06030
71
06310
85
06530
65
06860
76
06970
69
07130
32
07400
68
08890
65
09770
32
10040
84
10210
85
10480
84
10650
84
10810
69
10970
32
11140
76
11300
69
11360
32
11630
80
11740
65
12020
82
12240
84
12510
73
14600
190
14760
32
15700
85
15920
78
16080
73
16300
83
16520
67
16630
69
16800
32
17020
70
17290
79
17350
82
17620
83
17840
69
18110
32
18390
80
18610
73
18770
85
19380
222
19600
32
19710
68
19760
69
19980
76
20150
76
20420
222
20590
65
21080
77
21250
79
21520
82
21790
69
22010
32
22230
85
22400
78
22560
73
23000
86
23170
69
23280
82
23610
83
23720
65
24160
76
24490
69
29150
188
29320
32
29870
76
31130
65
31240
32
31460
77
31630
65
31740
76
31900
69
32120
68
32230
73
32560
90
32620
73
32670
79
32940
78
33110
69
33220
32
33380
68
33490
73
33660
32
33820
65
34210
86
34320
69
34540
82
34590
69
34760
32
34980
68
35090
69
35310
76
35470
76
35580
69
35750
32
35910
83
36130
67
36300
65
36520
82
36730
84
37010
79
37230
70
37390
70
37450
73
37610
69
37780
32
37890
68
38050
65
38270
32
38550
82
38710
73
38820
69
39260
77
39760
80
40030
73
40250
82
40300
69
45080
190
45960
32
47880
78
48100
79
48320
78
48490
32
48710
188
48760
77
48870
73
50190
32
51180
77
51340
73
51510
32
51730
76
51840
65
52000
77
52170
69
52330
78
52550
84
52770
69
52880
82
53270
79
53650
222
53930
32
55350
80
55790
73
56010
85
57830
222
61120
32
61230
68
61290
69
61510
76
61670
76
62990
32
64090
73
64250
32
64420
77
64640
79
64970
68
65080
85
65300
76
65570
73
65790
32
66890
67
67000
72
67110
69
67270
32
67380
68
67600
79
67990
86
68260
69
68480
86
68760
79
68980
32
69200
82
69310
73
69530
69
69800
77
70020
80
70240
73
70400
82
70510
69
70620
32
70840
73
71010
78
71170
32
71500
77
71720
79
71940
82
72110
79
72550
32
72990
84
73150
79
74690
82
74850
79
75020
76
75350
65
75620
188
75840
32
76230
71
76390
85
76780
32
77000
73
77160
85
77380
82
77710
79
78640
190
79190
32
79740
65
79960
76
80180
77
80290
69
80400
78
80620
79
80780
32
80950
76
81110
73
81550
222
81830
32
82210
80
82430
69
82650
82
82820
32
83590
65
83700
78
84190
68
84360
65
84570
82
84630
69
84850
32
85070
73
85230
78
85400
32
85510
77
85620
73
85890
83
86060
83
86110
73
86170
79
86390
78
86550
69
86660
32
86830
68
86990
79
87270
86
87490
51
88640
32
89240
69
89680
86
89900
73
90070
32
90230
82
90340
73
90450
69
90620
77
90840
80
91060
73
91280
82
91390
69
91550
32
91880
85
92150
78
92320
32
92480
77
92700
79
93030
68
93200
85
93420
76
94080
79
95070
32
95230
69
95340
32
95830
66
95940
65
96270
83
96380
84
96550
65
97320
188
97480
32
00010
190
00230
32
00780
86
01000
65
01220
66
01330
66
01490
69
01820
222
02260
188
02430
32
03410
81
03520
85
03630
65
03800
78
04020
68
04180
79
04350
32
04680
84
04840
79
04950
82
05120
78
05230
65
05780
86
06000
73
06220
32
08190
67
08300
69
08470
32
08630
78
08740
69
08850
32
09070
69
09180
82
09460
65
09620
78
09840
79
10010
32
10230
65
10390
76
10610
84
10660
82
11050
73
11270
32
13740
81
13910
85
14120
65
14510
84
14670
84
14840
82
14950
79
15110
32
15500
79
15610
32
16100
67
16270
73
16490
78
16980
81
17200
85
18410
69
18960
188
19180
32
19450
73
19620
78
19780
32
19950
84
20060
82
20440
73
20720
80
20830
76
21050
73
21370
67
21480
69
21650
32
21760
67
21920
79
22090
80
22250
73
22910
65
24070
188
24400
32
25050
67
25160
79
25380
78
25550
32
25710
73
26100
76
26260
32
26810
82
26980
73
27640
83
27910
67
28080
72
28300
73
28350
79
28680
32
28900
68
29060
73
29170
32
29780
78
30270
79
30930
32
32360
67
32520
72
32630
69
32740
32
32960
78
33180
79
33350
78
33460
32
33620
84
33790
73
33950
32
34120
86
34390
69
34670
78
34890
73
35110
83
35270
83
35490
69
35660
32
35820
82
35930
73
36090
77
36970
66
37190
79
37410
82
37740
83
37850
65
38240
84
38570
79
38730
32
41090
73
41310
76
41480
32
41750
80
41860
65
42140
78
42300
73
42580
78
42800
79
43560
32
45100
73
45320
78
45490
32
45650
80
45870
73
46040
85
46640
222
47630
190
47900
32
51860
38
52130
38
54440
40
55210
40
57740
32
58230
80
58390
69
58610
82
58720
79
59160
222
59270
32
59550
78
59710
79
59930
78
60100
32
60210
68
60370
79
60540
86
60760
51
61850
32
62070
69
62900
86
63060
73
63170
32
63720
67
63780
72
64000
73
64110
69
64330
68
64440
69
64550
82
64710
69
64990
32
65860
80
65970
69
66190
82
66470
77
66630
69
66910
83
67070
83
67240
79
67510
32
67840
65
70200
32
71850
77
71960
73
72240
76
72400
76
72570
69
72680
32
72900
80
73000
69
73170
82
73440
83
73610
79
73830
78
73990
69
74430
190
74820
32
78220
76
78500
222
78830
73
79160
84
79650
65
79820
76
80040
73
80200
65
81240
37
81460
37
81570
37
81630
37
81680
37
81900
37
82230
39
82510
32
83170
73
83830
35
84370
32
84700
85
84920
78
85030
65
85200
32
85360
82
85530
69
85970
80
86300
85
86680
66
86850
66
87010
76
87180
73
87450
67
87620
65
87720
32
88000
70
88220
79
88490
78
88660
68
88770
65
89040
84
89260
65
89430
32
89590
83
89760
85
90030
76
90200
76
90310
65
90420
32
91570
67
91680
65
91900
82
92120
84
92280
65
93440
190
93820
32
94370
83
94590
69
94760
32
94920
76
95080
79
95250
32
95360
83
95410
65
95690
80
95850
69
96070
83
96240
83
96460
69
96570
32
96840
77
97010
65
97340
90
97500
90
97610
73
97830
78
98000
73
98160
32
98330
83
98490
73
98600
32
98820
82
99090
73
99480
86
99590
79
99750
76
99970
84
00080
69
00190
82
00360
69
00690
66
00800
66
00910
69
01070
32
01510
78
01620
69
01840
76
02010
76
02120
65
02280
32
02550
84
02770
79
02990
77
03380
66
03710
65
13050
190
13870
32
14970
76
15240
65
15460
32
19860
83
20300
84
20460
79
20570
82
20740
73
20950
65
21060
32
21280
67
21450
73
22600
32
22820
83
22990
73
23100
32
23260
77
23430
69
23760
84
23920
84
24140
69
24360
32
24470
68
24630
73
24800
32
24960
73
25290
73
25570
77
26340
32
27270
77
27550
80
27770
69
28100
71
28260
78
28640
79
29140
32
31670
65
31780
32
31940
82
32050
69
32270
78
32380
68
32430
69
32600
82
32710
69
32930
32
33480
82
33640
73
33750
68
33920
73
34080
67
34300
79
34470
76
34690
73
35290
32
36220
71
36390
76
36610
73
36770
32
36940
85
37160
79
37380
77
37490
73
37710
78
37870
73
38970
190
39250
32
40890
83
40950
65
40950
73
41000
32
41770
67
41830
72
42050
69
42210
32
42930
83
43140
70
43360
79
43470
82
44020
90
44190
79
44410
32
44680
190
44850
190
45010
190
