86020
32
86190
65
86410
76
86570
76
86790
79
86950
82
87120
65
88110
188
88600
32
88930
69
89210
67
89370
67
89480
79
89700
77
89870
73
89980
32
90140
68
90250
73
90420
32
90580
78
90690
85
91180
79
91350
86
91510
79
91790
32
92500
81
92610
85
92670
73
93160
222
94310
190
94530
32
94860
78
95080
69
95300
65
95470
78
95800
67
95960
72
96070
69
96180
32
96290
73
96400
79
96570
32
96680
65
96840
86
97010
69
97230
83
97390
83
97500
73
97670
32
97830
80
97940
79
98490
73
99480
32
00080
67
00250
79
00300
83
00470
73
00850
222
01070
32
01350
84
01570
65
01730
78
01890
84
02000
69
02110
32
02330
67
02550
79
02880
83
03050
69
03210
32
03430
68
03540
65
03710
32
04260
68
04420
73
04640
82
04750
69
08930
190
10520
32
11290
65
11950
32
12170
68
12390
73
12550
82
12610
69
12710
32
13040
73
13260
76
13430
32
13920
86
14030
69
14250
82
14360
79
14530
32
14860
73
15130
76
15300
32
15460
70
15570
65
15850
84
16010
84
16230
79
16390
32
16670
68
16780
73
16940
32
17770
83
17990
67
18210
82
18430
73
18700
86
18810
69
19140
82
19200
69
19420
32
20240
65
20570
68
20730
32
21120
85
21340
78
21500
32
21830
77
22050
79
22330
68
22440
85
22710
76
22880
79
23100
32
23370
67
23540
71
23750
73
23970
32
24910
77
25130
73
25290
32
25620
71
25900
32
26230
70
26450
65
26560
32
26830
86
27000
69
27270
82
27430
65
27600
77
27980
69
28150
78
28370
84
28420
69
28590
32
28920
84
28970
82
29140
73
29470
83
29520
84
29690
69
30400
90
30510
90
30790
65
31550
188
31770
32
33090
77
33260
73
33420
32
33700
70
33920
65
34030
32
34690
86
34850
69
35180
78
35340
73
35510
82
35670
32
36390
86
36610
79
36830
71
36940
76
37160
73
37320
65
37490
32
38040
68
38310
73
38530
32
41330
67
41440
72
41610
73
41720
69
41940
68
41990
69
42150
82
42260
69
42480
32
42590
65
42760
32
42870
70
43090
79
43200
82
43910
90
44130
65
44680
32
48970
73
49130
76
49410
32
53300
76
53470
65
53630
32
54020
86
54130
73
54180
79
54400
76
54510
65
55170
90
55230
73
55280
79
55560
78
55670
69
56380
32
56490
68
56550
69
56710
76
56820
76
56980
65
57090
32
57530
80
57750
82
57970
73
58250
86
58580
65
58850
90
59180
32
59570
67
60390
89
60660
32
61600
83
61710
85
61760
73
61980
32
62090
68
62200
65
62480
84
62640
73
63030
32
63190
70
63360
79
63470
82
63740
78
63910
73
64180
84
64340
73
64560
32
65940
59
66320
32
66930
222
67090
222
67590
37
68740
86
68850
73
69010
32
69180
80
69290
82
69400
69
69620
71
69840
79
70220
188
70390
32
70550
76
70720
69
70990
71
71100
71
71270
69
71380
84
71490
69
71650
32
72250
67
72360
73
72860
79
73300
222
73520
32
73740
67
73790
72
73960
69
74070
32
74450
83
74670
67
74890
82
75110
73
75380
86
75550
79
75930
188
76100
32
76320
78
76480
79
76650
78
76760
32
76920
77
77030
73
77140
32
77360
70
77420
82
78240
69
79120
71
79340
65
79720
32
80050
78
80220
85
80490
76
80660
76
80880
65
81540
32
81700
68
81760
69
81980
76
82140
76
82640
65
82800
32
83180
80
83350
82
83620
73
83900
86
84170
65
84720
67
84940
89
85770
39
86530
190
86750
32
89060
78
89280
69
89500
65
89830
78
89940
67
90100
72
90210
69
90380
32
91200
83
91420
67
91590
82
91750
73
92030
86
92140
69
92410
83
92630
83
92800
73
93020
32
95160
81
95320
85
95540
69
95760
76
95930
32
96310
71
96420
82
96700
65
96860
78
97460
67
97570
72
97740
69
98180
222
98400
32
98560
68
98670
73
98890
32
99060
73
99280
78
99500
70
99770
79
99880
82
00050
77
00320
65
00650
90
00710
73
00820
79
00980
78
01140
73
01310
32
01470
80
01640
82
01800
73
02460
86
02680
65
02850
84
03120
69
03620
190
03890
32
04330
65
04550
76
04720
32
04880
77
05040
65
05260
83
05430
83
05540
73
05760
77
05980
79
07190
32
07410
67
07570
72
07790
73
08010
32
08120
83
08340
73
08450
32
09770
84
09880
82
10870
79
11140
86
11310
65
11530
83
11690
83
11910
69
12080
32
12240
65
12350
32
12570
76
12730
69
13060
71
13230
71
13340
69
13450
82
13560
69
13720
32
13940
73
14220
32
14440
77
14550
73
14770
69
14930
73
15100
32
15320
80
15480
69
15700
78
15970
83
16080
73
16250
69
16470
82
16630
73
16850
78
17070
73
20150
32
21300
36
21630
32
21740
39
21960
39
22620
37
23330
77
24160
32
24540
188
25640
35
26520
188
27180
32
28220
188
28500
32
29210
80
29380
79
29710
84
29930
82
30040
69
30370
66
30480
66
30640
69
30750
32
30970
80
31130
69
31300
78
31570
83
31630
65
31960
82
32010
69
33220
32
33440
59
33720
32
33940
222
34100
222
34590
37
35690
66
36680
69
39920
76
40250
32
40750
83
40800
65
41300
76
41460
84
41630
79
41790
32
41950
68
42060
73
42280
32
42610
81
42720
85
42830
65
43000
76
43160
73
43440
84
43490
82
44370
32
44760
65
45690
222
45960
32
46240
68
46290
65
46510
76
46620
76
46790
69
46900
32
47060
69
47230
76
47340
69
47500
77
47610
69
47720
78
47940
84
48050
65
48220
82
48600
73
48820
32
48930
65
49150
32
50740
81
50800
85
50850
73
52230
39
53430
190
54040
32
54750
69
55030
70
55250
70
55360
69
55580
84
55690
84
55960
73
56350
86
56560
65
56730
77
57390
32
58650
77
58760
69
58870
78
59370
84
59480
69
59810
32
60680
78
60850
79
61070
78
61180
32
61510
80
61780
79
62170
83
62500
83
62770
79
63100
32
71450
68
71610
73
71720
82
71780
69
72110
32
72490
78
72660
85
72930
76
73040
76
73260
65
73980
190
74530
32
74910
77
75070
65
75180
73
75350
32
75840
83
75950
84
76060
65
76170
84
76610
79
76830
32
77050
66
77220
82
77490
65
77820
86
77990
79
78210
32
78700
65
78810
32
78970
83
79190
67
79410
82
79630
73
79850
86
79960
69
80180
82
80290
69
80460
32
80680
80
80840
69
81060
78
81390
83
81450
73
81780
69
82000
82
82160
73
82380
78
82600
73
83920
188
84080
32
84300
78
84520
69
84690
65
84960
78
85180
67
85290
72
85400
69
85510
32
85900
73
86060
32
86220
84
86330
69
86610
77
86720
73
89030
188
89300
32
90180
80
90340
69
90510
82
90670
32
90840
76
90950
65
91110
32
91330
84
91440
69
91610
83
91830
73
91990
32
92160
80
92270
79
92490
73
94790
32
94960
69
95070
32
95230
83
95450
69
95560
32
95780
80
96060
69
96280
78
96440
83
96610
79
96770
32
97100
65
97540
32
98030
70
98200
85
98360
84
98530
85
98640
82
98800
73
99020
32
99240
65
99520
82
99740
84
99900
73
00290
67
00450
79
00620
76
00830
73
01000
32
01160
77
01270
73
01440
32
02100
86
02210
73
02760
69
02870
78
03030
69
03200
32
03310
68
03470
65
03690
32
03970
80
04080
73
04240
65
04840
78
05060
71
05170
69
05280
82
05390
69
07810
190
08030
32
08520
73
08690
78
09020
83
09180
79
09400
77
09570
77
09730
65
10610
188
10780
32
10940
83
11160
69
11330
32
11490
85
11710
78
11820
65
11930
32
12150
73
12370
78
12640
84
13630
32
14840
70
14950
65
15170
78
15440
84
15610
65
15830
83
15880
73
15990
65
16160
32
16380
73
16490
79
16650
32
17480
76
17810
222
18300
72
18470
79
18800
188
18960
32
19290
68
19450
73
19620
32
19780
83
19890
73
20060
67
20220
85
20440
82
20610
79
20770
32
21050
78
21270
79
21430
78
21600
32
21930
69
22090
222
22310
32
22640
80
22800
69
22970
82
24730
32
24950
76
25170
79
25610
32
25720
83
26050
67
26270
82
26480
73
26760
84
26870
84
27030
79
27470
190
