30191
108
30381
97
30481
32
30662
98
30782
101
30912
108
31042
108
31122
97
31253
32
31413
108
31513
97
31723
118
31904
97
32064
110
32334
100
32544
101
32785
114
76408
105
76598
110
76728
97
76798
32
76938
99
76998
104
77169
101
77199
32
77409
108
77469
97
77709
118
77890
97
78010
32
78210
105
78440
32
78771
102
78951
97
79192
122
79332
122
79412
111
79572
108
79682
101
79893
116
80033
116
80213
105
80433
44
80614
32
80824
112
81004
101
81244
114
81375
32
81585
105
81805
32
82006
112
82186
111
82456
118
82647
101
82767
114
82877
101
83057
116
83187
116
83297
105
83528
32
83798
100
83988
101
84129
108
84289
108
84389
97
84609
32
85160
99
85370
105
85491
116
85631
116
86152
97
86592
32
86823
224
89236
46
89396
46
89536
46
89747
32
90267
109
90428
105
90648
32
90698
115
90868
101
90958
109
91149
98
91229
114
91479
97
91509
32
91679
100
91760
105
92010
32
92561
101
92791
115
92911
115
93222
101
93422
114
93582
101
93652
32
93853
105
94023
108
94203
32
94393
99
94433
111
94614
109
94784
112
95014
117
95165
116
95365
101
95866
114
96116
32
96577
72
96797
97
96937
108
97167
32
97708
110
97828
101
97989
108
98239
32
98920
102
99090
105
99310
108
99651
32
00252
109
00442
32
01654
50
01914
48
02064
48
02225
49
02906
32
03336
79
03617
100
03787
105
03947
115
04097
115
04298
101
04498
97
04668
32
04919
110
05059
101
05229
108
05369
108
05529
111
05750
32
05870
115
05980
112
06070
97
06451
122
06561
105
06721
111
06941
44
07152
32
07452
101
07592
32
07783
112
07933
111
08093
105
08333
32
08474
99
08524
111
08694
110
08864
32
09155
69
09375
120
09515
112
09705
108
09856
111
09966
114
10106
101
10236
114
10697
32
10957
101
11428
32
13150
78
13321
97
13531
118
13701
105
14102
103
14272
97
14592
116
14883
114
14943
111
15394
32
15764
111
15994
114
16145
32
16756
39
17036
32
17256
232
17467
32
17667
117
17887
110
18288
97
18448
32
18768
114
18909
111
19099
116
19219
116
19339
117
19560
114
19960
97
20120
32
20221
100
20361
105
20591
32
20982
115
21152
99
21312
97
21512
116
21653
105
21833
108
22404
32
22784
111
23035
108
23415
32
23976
111
24206
108
24417
101
24557
32
25128
112
25238
101
25438
114
25638
99
25748
104
26319
232
26540
32
26790
98
26980
105
27571
115
27731
111
27902
103
28042
110
28282
32
29414
97
29584
32
29864
114
30015
105
30185
99
30315
111
30445
114
30656
100
30816
97
30986
114
31196
115
31357
105
31577
32
31787
100
31927
105
32128
32
32208
97
32378
110
32458
100
32789
97
32969
114
33109
101
33229
32
33369
97
33510
32
33670
99
33920
97
34221
112
34441
111
34661
32
34812
97
35312
100
35513
32
35743
111
36083
103
36224
110
36414
105
36624
32
36724
114
36814
105
37005
103
37275
97
37445
32
37726
97
37876
108
38136
116
38307
114
38377
105
38607
109
38717
101
38857
110
39528
116
39839
32
41161
105
41411
32
41751
108
42533
101
42883
32
43404
115
43544
105
43774
32
43875
115
44045
99
44235
114
44355
105
44505
118
44656
101
44806
32
44966
116
45196
117
45367
116
45507
116
46168
111
46388
32
46538
115
46629
117
46839
32
47049
117
47229
110
47350
97
47430
32
47610
114
47710
105
47890
103
48091
97
48201
32
48351
115
48441
111
48601
108
48732
97
48932
44
49122
32
49292
108
49523
117
49853
117
50354
103
50564
110
50724
97
51696
32
52457
110
52687
97
52938
103
53578
32
54350
103
54590
97
54840
44
55011
32
55281
108
55561
117
55702
117
55912
110
56042
103
56312
97
56543
32
57504
44
57674
32
57875
108
58055
117
58486
103
59136
32
59377
110
59487
103
59587
104
59777
105
59868
115
60008
115
60108
105
60288
109
60398
97
60759
46
61229
32
62551
67
62742
104
62952
105
63072
115
63202
115
63433
97
64124
32
64454
224
64674
32
64915
112
64975
101
65165
114
65365
99
65476
104
65616
101
65916
32
66137
232
66347
32
66567
105
66767
32
66898
102
67148
97
67328
98
67458
98
67519
114
67669
105
67809
99
67949
97
68139
110
68330
116
68450
105
68650
32
68951
100
69111
105
69291
32
69622
110
70052
32
70162
98
70693
114
70903
111
71134
101
71504
32
72125
119
72345
115
72526
101
72726
114
72856
32
73057
110
73257
111
73457
110
73607
32
73717
115
73828
105
74028
32
74449
101
74899
32
75180
109
75350
101
75560
116
75680
116
75901
111
76642
110
76912
111
77603
32
77883
100
78064
39
78254
97
78454
99
78574
99
78735
111
79225
114
79456
100
79596
111
79856
32
80227
97
80337
110
80477
99
80567
104
80708
101
80788
32
80928
115
81058
117
81248
32
81469
113
81549
117
81759
101
81999
115
82210
116
82430
101
82640
32
82981
112
83231
105
83351
99
83471
99
83702
111
83922
108
84162
101
84623
122
84783
122
84984
101
85154
46
85354
32
85725
67
85875
111
86075
109
86245
117
86396
110
86506
113
86566
117
86746
101
86896
32
87047
115
87267
101
87487
99
87587
111
87818
110
87998
115
88108
111
88569
32
89180
100
89430
111
89650
32
89921
109
90271
101
90572
32
90822
232
91042
32
91233
109
91403
111
91563
108
91653
116
91753
111
91994
32
92284
112
92575
105
94037
249
94527
32
94738
99
94948
111
95138
109
95329
111
95449
100
95639
111
95899
32
96030
115
96240
101
96330
32
96530
105
96711
108
96891
32
97241
98
97452
114
97582
111
98263
32
99334
111
99655
32
99765
114
99945
111
00406
119
00616
115
00836
101
01097
114
01337
32
01808
118
01998
97
02118
32
02258
97
02419
32
02819
99
03010
97
03070
112
03230
111
03420
32
03560
100
03701
97
03811
32
04011
115
04081
111
04231
108
04382
111
04562
44
04722
32
04822
100
04932
105
05133
99
05133
32
05293
101
05423
114
05663
116
05974
111
06204
32
07756
99
07957
101
08077
114
08287
116
08347
111
08558
32
08748
110
08918
111
09098
110
09259
32
09449
112
09699
117
09920
111
10260
32
10821
242
11312
32
12473
110
12734
111
13014
32
13545
110
13745
112
13755
111
13945
110
14136
32
15197
111
15397
110
15588
32
15798
97
16189
118
16369
101
16479
114
16599
101
16789
32
17190
117
17390
110
17571
32
17711
101
17931
102
18071
102
18302
102
18652
32
18822
101
19033
116
19153
116
19303
111
19513
32
19563
97
19714
110
19774
99
19894
104
19974
101
20084
32
20204
115
20324
117
20515
108
20635
108
20725
97
20825
32
21005
98
21086
97
21296
116
21406
116
21546
105
21666
116
21757
117
21887
116
22077
114
22287
97
22407
44
22568
32
22668
115
22858
101
22978
32
23058
100
23199
101
23379
118
23469
105
23639
32
23749
97
23860
108
24210
122
24390
97
24571
114
24691
101
24771
32
25061
103
25171
108
25372
105
25552
32
25732
111
25913
99
26063
99
26213
104
26443
105
26734
32
27054
112
27184
101
27365
114
27475
32
27605
99
27695
111
27875
110
27925
116
28056
114
28126
111
28276
108
28376
97
28406
108
28576
114
28686
101
28747
32
29007
115
29187
101
29327
32
29438
115
29608
101
29718
105
29898
32
29968
97
30099
110
30239
100
30539
119
30780
97
31000
116
31511
32
32021
97
32282
116
32472
111
32772
32
33043
97
33774
32
34154
97
34305
32
34515
99
34765
97
34895
112
35066
111
35246
32
35456
111
35667
112
35807
112
36057
117
36187
114
36348
101
36438
32
36638
110
36838
111
37059
110
37249
32
37479
112
37599
101
37780
114
38050
99
38420
32
38641
114
38841
100
38991
105
39272
32
39953
100
40093
105
40293
32
40483
117
40654
110
40834
32
41014
97
41315
116
41455
116
41575
105
41755
109
41926
111
42146
32
42627
100
42747
105
42977
32
43007
116
43147
101
43247
109
43448
112
43588
111
43798
32
43918
101
44039
32
44199
116
44319
105
44509
32
44700
100
44850
105
45030
114
45381
32
45481
115
45681
116
45851
114
46071
97
46232
105
46572
46
47073
32
48034
77
48225
97
48325
32
48515
100
48755
97
48976
32
49757
97
50077
100
50278
101
50518
115
50638
115
50788
111
51009
32
51329
100
51489
97
51589
32
51740
113
51840
117
51970
97
52110
110
52280
116
52371
111
52561
32
52621
97
52851
110
52991
100
53122
97
53322
116
53462
101
53612
32
53722
97
53953
118
54133
97
54293
110
54424
116
54524
105
54734
32
54874
99
54934
111
55135
110
55305
32
55435
113
55585
117
55775
101
56176
115
56476
116
56687
111
56947
32
57328
101
57528
115
57648
112
57758
101
57909
114
57999
105
58179
109
58229
97
58379
110
58509
116
58620
111
58970
32
59611
101
59761
110
59941
116
60082
111
60612
63
60843
32
60933
100
61123
97
61223
32
61414
117
61634
110
61804
32
62165
98
62285
101
62445
108
62645
32
62826
112
62996
111
63196
39
63507
32
63787
100
63897
105
64077
32
64338
103
64558
105
64708
111
64828
114
64919
110
65109
105
65299
32
65459
109
65650
105
65860
32
66881
112
67032
97
67312
114
67492
101
67783
46
68053
32
68424
67
68544
105
68704
97
68844
111
