84887
32
85147
80
85338
73
85528
79
85618
86
85818
69
85858
32
86069
80
86239
73
86399
79
86489
86
86680
65
86780
32
86960
76
87070
65
87160
32
87401
71
87621
65
87901
84
88002
84
88222
65
88272
32
88472
78
88663
79
88853
78
89003
32
89113
83
89193
73
89384
32
89534
77
89734
85
90025
86
90235
69
90295
188
90455
32
90595
83
90686
73
90886
32
90976
83
91106
80
91206
69
91387
71
91557
78
91667
65
92058
32
92198
69
92398
32
92879
76
92989
65
93139
32
93249
67
93430
65
93550
78
93680
68
93830
69
94000
76
94201
65
94571
188
94802
32
94892
83
95292
73
95503
32
95593
68
95733
73
95913
67
96104
69
96204
32
96404
66
96614
85
96805
79
96985
78
97075
65
97315
83
97506
69
97676
82
97896
65
98046
190
98197
190
98337
190
98577
32
98918
83
99008
73
99388
188
99559
32
99819
70
99919
79
00059
82
00280
83
00460
69
00520
32
00700
76
00831
79
01031
32
01141
65
01231
77
01391
77
01492
69
01692
84
01812
84
01882
79
02062
32
02243
76
02433
219
02854
73
03004
68
03144
69
03344
65
03484
32
03615
68
03745
73
04155
32
04546
68
04716
73
04867
82
04977
69
05107
32
05247
67
05317
72
05497
69
05578
32
05898
80
06088
79
06269
73
06499
32
06629
83
06739
73
06930
32
07120
76
07220
69
07420
71
07540
71
07621
79
07821
78
08001
79
08171
32
08352
76
08442
69
08562
32
08732
77
08862
65
08923
73
09103
76
09303
32
09523
78
09774
79
10014
78
10345
32
12007
73
12187
32
12378
77
12498
69
12858
83
13019
83
13159
65
13399
71
13519
71
13639
73
13810
32
13980
78
14200
79
14361
78
14521
32
14681
69
14801
219
15042
32
16594
77
16784
79
16934
76
17045
84
17145
79
17325
32
17535
66
17756
85
17936
79
18126
78
18306
65
18487
188
18657
32
18857
73
19037
77
19158
77
19218
65
19448
71
19508
73
19688
78
19869
79
20079
32
20259
67
20389
72
20510
69
20580
32
20810
80
20910
65
21100
82
21301
65
21481
78
21671
79
21852
73
21952
65
22062
78
22092
32
22222
68
22673
32
22923
83
23164
73
23464
32
24636
65
24896
32
25187
80
25407
79
25607
84
25827
82
25968
69
26158
66
26308
66
26408
69
26539
32
26679
69
26909
83
27069
83
27310
69
27520
82
27690
69
27800
32
28041
76
28161
69
28361
71
28491
71
28662
69
28762
82
28972
83
29102
73
29303
32
29523
85
29713
78
29843
65
29904
32
30114
86
30274
69
30364
78
30534
84
30665
73
30885
78
31005
65
31105
32
31306
68
31416
73
31606
32
31776
77
31856
69
32097
83
32227
83
32387
65
32678
71
32808
71
32898
73
33078
32
33168
68
33329
69
33399
76
33579
32
33659
84
33789
69
33869
78
34070
79
34190
82
34320
69
34430
32
34560
68
34661
73
34841
32
35131
81
35291
85
35382
69
35572
83
35812
84
35932
79
36183
190
36343
190
36483
190
36714
32
38326
85
38516
78
38686
32
38847
77
39037
79
39107
68
39237
79
39428
32
39588
67
39678
79
40028
77
40309
32
40319
69
40589
85
40870
32
41380
69
41561
32
41821
85
42172
32
42302
65
42432
76
42582
84
42702
82
42763
79
42943
32
43133
80
43223
69
43403
82
43474
32
43634
73
43784
78
43964
73
44135
90
44235
73
44375
65
44946
82
45156
69
45246
32
45467
76
45607
65
45707
32
45967
71
46077
73
46238
79
46338
82
46478
78
46608
65
46849
84
47079
65
47189
190
47409
32
47610
80
47770
79
47950
73
48181
32
48361
78
48561
79
48741
78
48902
32
49052
69
49112
219
49332
32
49382
68
49563
69
49733
84
49853
84
49923
79
50113
32
50123
67
50294
72
50344
69
50464
32
50604
81
50704
85
50824
65
50975
76
51095
67
51235
85
51405
78
51576
79
51746
32
51906
78
52106
79
52277
78
52427
32
52507
67
52617
79
52777
77
53078
78
53278
73
53408
67
53609
32
53899
65
54199
32
55321
73
55441
67
55541
78
56423
32
57344
78
57584
67
57875
73
58075
32
58245
65
58346
32
58566
76
58976
32
59167
68
59327
73
59507
76
59708
85
60168
78
60328
71
60539
65
60729
82
60959
83
61080
73
61250
32
61450
83
61570
85
61721
73
61931
32
62081
83
62251
85
62452
79
62602
73
62802
32
62982
80
63133
82
63243
79
63573
66
63754
76
63904
69
64024
77
64214
73
64495
32
64935
80
65106
69
65306
82
65516
83
65576
79
65827
78
65957
65
66117
76
66397
73
66778
188
67008
32
68120
82
68350
65
68611
67
68731
67
68831
79
69071
78
69141
84
69432
65
69682
82
69823
69
70213
32
70754
68
70964
69
71074
76
71295
32
71475
66
71705
85
71866
67
72026
65
72296
84
72376
79
72567
188
72737
32
72837
68
73017
69
73127
76
73298
76
73668
32
74259
76
74419
65
74670
86
74790
79
74930
82
75040
79
75251
188
75431
32
75571
68
75751
69
76162
76
76522
32
76953
71
77193
65
77444
84
77554
84
77714
79
77874
32
78085
79
78275
32
78325
65
78495
76
78626
84
78756
82
78826
79
79036
32
79096
65
79226
78
79407
73
79597
77
79697
65
79847
76
80028
69
80118
32
80258
68
80368
79
80558
77
80669
69
80859
83
81069
84
81159
73
81420
67
81590
79
81810
188
82000
32
83503
69
83673
32
83803
67
83903
72
84104
73
84474
83
84624
83
84775
65
85045
219
85265
32
85386
67
85516
72
85626
69
85716
32
85846
65
85976
76
86097
84
86217
82
86287
79
86457
188
86637
32
87028
77
87168
65
87419
71
87599
65
87799
82
87959
73
88180
32
88690
71
88760
76
88941
73
89141
32
89221
83
89381
73
89562
32
89712
69
90012
219
90293
32
90623
82
90773
79
90904
84
91044
84
91284
65
91364
32
91585
76
91795
65
91975
32
92236
76
92496
65
92796
86
93017
65
93187
80
93407
73
93518
65
93758
84
93888
84
93998
73
94379
190
94569
32
95040
84
95220
82
95400
65
95490
32
95921
76
96222
219
96432
65
96452
76
96682
84
96802
82
96933
79
97183
32
97453
67
97594
73
98345
32
98755
219
98885
69
98986
219
99216
32
99336
65
99436
78
99586
67
99667
72
99857
69
99907
32
00197
85
00388
78
00558
32
00698
70
00818
73
00999
76
01169
79
01399
78
01509
69
01630
32
01750
68
01940
69
02010
76
02190
76
02280
65
02391
32
02571
76
02721
73
02911
78
03012
71
03112
85
03322
73
03552
83
03783
84
04023
73
04163
67
04323
65
04394
32
04584
67
04714
72
04864
69
05385
32
05525
83
05756
84
05936
85
06176
68
06336
73
06497
65
06597
32
07719
76
08450
32
08980
73
09191
76
09381
32
09571
76
09772
73
10112
78
10382
71
11114
85
11224
65
11444
71
11574
71
11714
73
11875
79
12055
32
12125
83
12325
67
12546
82
12696
73
12796
84
12916
84
13016
79
13237
32
14048
68
14278
69
14478
76
14619
76
14719
65
14859
32
15059
80
15220
79
15360
83
15510
84
15650
65
15790
32
16051
69
16211
76
16311
69
16562
84
16702
84
16772
82
16932
79
17152
78
17343
73
17503
67
17663
65
17763
32
17954
69
18134
32
18334
76
18524
65
19105
32
19366
65
19536
76
19937
84
20207
82
20397
65
20527
32
20748
77
20868
69
21138
83
21248
83
21679
65
22270
71
22410
71
22550
73
22671
83
22891
84
23041
73
23141
67
23312
65
23422
188
23602
32
23862
80
23973
65
24193
82
24323
69
24433
32
24533
67
24613
72
24744
69
24824
32
25024
83
25204
67
25385
82
25465
73
25635
86
25785
73
25915
65
26006
77
26196
79
26366
32
26416
67
26556
79
26737
77
26847
69
26947
32
27358
80
27478
65
27678
82
27788
76
27948
65
27978
73
28169
77
28349
79
28519
188
28689
32
28790
65
28950
78
29270
88
29591
32
29781
90
29921
73
30332
32
31003
68
31313
32
31414
70
31694
82
32125
32
32375
79
32986
82
33246
83
33416
69
33517
32
33637
67
33757
79
33947
77
34097
69
34258
32
35039
37
35289
37
35349
37
35419
37
35490
37
35560
37
35630
37
35700
37
35770
37
35830
37
35900
37
35970
37
36040
37
36110
37
36171
37
36241
37
36311
37
36381
37
36451
37
36521
37
36581
37
36651
37
37212
39
37503
32
37833
39
38264
65
38534
39
38784
39
38855
39
38925
39
38995
39
39055
39
39125
39
39195
39
39265
39
39335
39
39405
39
39465
39
39536
39
39606
39
39676
39
39746
39
39816
39
39876
39
40046
39
40317
32
40567
77
40707
65
40867
78
41068
71
41178
73
41318
65
41418
77
41599
79
41949
190
42230
190
42390
190
42620
32
42890
67
43041
73
43171
65
43441
85
43872
32
44313
49
44483
49
44623
49
