69416
77
69546
97
69676
32
69776
115
69957
101
70047
32
70247
117
70427
110
70618
111
70788
32
70948
109
71038
101
71149
110
71289
116
71499
114
71659
101
71769
32
71870
115
72060
116
72270
97
72350
32
72531
102
72681
97
72831
99
72991
101
73051
110
73252
100
73302
111
73492
32
73652
105
73802
108
73963
116
73973
32
74113
101
74273
115
74463
116
74604
32
76667
116
77007
101
77187
115
77368
116
77528
32
77798
114
77979
105
78169
99
78329
101
78509
118
78680
101
78760
32
78940
117
79090
110
79180
97
79271
32
79421
116
79561
101
79721
108
79831
101
80092
102
80172
111
80372
110
80472
97
80663
116
80893
97
81023
32
81153
101
81344
32
82225
114
82405
105
82515
115
82625
112
82796
111
83166
110
83347
100
83567
101
83717
32
83857
97
83987
108
84238
32
84699
116
84879
101
85029
108
85109
101
85289
102
85360
111
85550
110
85720
111
85890
32
86071
112
86151
101
86311
114
86411
32
86611
117
86802
110
86922
97
87092
32
87342
109
87603
101
87883
122
88023
122
88164
111
88534
32
88785
39
89365
116
89676
32
89956
111
90066
114
90297
97
91088
32
91188
99
91298
111
91418
115
91589
97
91639
32
91819
115
91879
117
92099
99
92250
99
92400
101
92530
100
92680
101
93492
63
93742
32
93932
73
94102
108
94273
116
94283
32
94453
101
94653
115
94823
116
94984
32
95184
110
95374
111
95575
110
95755
32
96075
232
96286
32
96526
118
96696
97
96786
108
96957
105
97107
100
97207
111
97638
63
97888
32
98749
101
98859
108
99020
105
99200
109
99340
105
99500
110
99611
97
99811
116
99971
101
00141
32
09545
105
10126
32
10987
105
11158
32
11248
99
11418
109
11448
97
11608
112
11779
105
11919
111
12109
110
12500
32
14082
103
14152
108
14312
105
14513
32
14683
105
14833
110
14853
116
15033
101
15154
114
15404
118
15594
97
15694
108
15825
108
15975
105
16155
32
16235
115
16365
117
16556
112
16676
101
16816
114
16916
105
17106
111
17217
114
17357
105
17587
32
17858
97
18398
105
18599
32
19009
53
19149
32
19360
109
19510
105
19680
110
19830
117
19981
116
20101
105
20301
44
20612
32
21122
115
21233
117
21443
112
21583
112
21733
111
21944
110
22084
101
22214
110
22294
100
22514
111
22775
32
23045
99
23175
104
23326
101
23426
32
23576
101
23646
110
23836
115
23987
115
24097
117
24277
110
24467
111
24688
32
26600
110
26761
101
27001
115
27141
115
27191
117
27362
110
27542
111
27722
32
27842
115
27962
105
28163
97
28373
32
28623
99
29755
32
30386
99
30516
111
31347
115
31628
105
32259
39
32609
32
32820
236
33280
32
34532
236
34742
32
34963
105
35143
109
35313
112
35373
101
35564
100
35684
105
35834
116
35944
111
36104
32
36245
100
36395
97
36485
32
36605
114
36735
101
36946
115
37186
116
37456
97
37877
114
38127
115
38308
101
38508
110
38648
101
39379
32
39690
109
39890
101
40160
120
40571
32
41182
122
41362
122
41633
32
42304
101
42534
122
42684
122
42885
39
43125
111
43255
114
43425
97
43495
32
43656
99
43696
111
43906
110
44056
32
44227
105
44397
108
44567
32
44587
100
44737
105
44867
116
44958
111
45148
32
45328
112
45388
101
45568
114
45629
32
45779
97
45969
114
46099
105
46239
97
46340
44
46510
32
46560
97
46740
115
46890
112
46981
101
47171
116
47331
116
47561
97
47702
110
47812
100
47992
111
48333
32
48723
99
48903
104
49044
101
49194
32
50416
103
50506
108
50676
105
50896
32
51017
118
51227
101
51317
110
51918
103
52148
97
52248
32
52429
108
52609
39
52839
105
53180
115
53310
112
53510
111
54021
32
54341
105
54522
114
54802
97
55032
122
55133
105
56374
111
56595
110
56795
101
56915
32
57526
116
57716
114
57947
97
57957
32
58137
117
58327
110
58508
32
58608
116
58888
97
59108
115
59339
116
59459
111
59699
32
59870
101
60060
32
60460
108
60701
39
60841
97
60951
108
61111
116
61302
114
61422
111
61652
44
61843
32
63195
63
63425
32
63565
101
63655
32
63835
112
64036
111
64216
105
64416
44
64577
32
64717
115
64807
111
65017
112
65197
114
65408
97
65618
116
65868
117
66269
32
66399
116
66539
116
66710
117
67140
32
67741
117
67922
116
68062
116
68162
111
68402
44
68603
32
68763
115
68993
101
69183
32
70946
117
71186
112
71327
112
71487
111
71687
110
71847
105
72008
97
72078
109
72248
111
72438
32
72538
99
72638
104
72819
101
73069
32
73880
108
74191
39
74431
105
74591
110
74712
116
75513
101
75703
114
75913
118
76114
97
76204
108
76344
108
76484
111
76684
32
76765
115
76875
111
77005
115
77466
115
77796
112
78137
32
78778
112
78948
101
79168
116
79288
116
79419
111
79639
32
79729
115
79859
105
80009
97
80150
32
80340
110
80490
101
80610
108
80811
32
80981
109
81151
101
81391
122
81552
122
81642
111
81852
32
81952
100
82112
105
82333
32
82573
117
82743
110
82834
97
82954
32
83134
112
83214
97
83374
114
83454
111
83625
108
83725
97
83915
44
84135
32
84646
99
84796
104
84957
101
85117
32
85718
102
85938
97
86389
116
86639
101
87210
63
87450
32
88091
86
88332
105
88532
32
88742
105
88933
109
89083
109
89223
97
89453
103
89523
105
89744
110
89824
97
90024
116
90234
101
90365
32
90565
108
90675
97
90785
32
90976
112
91066
101
91246
114
91426
115
91516
111
91727
110
91837
97
92007
32
92378
105
92578
110
92668
116
92838
101
92979
114
93169
101
93389
115
93870
115
94120
97
94381
116
94621
97
94721
32
94881
99
94982
104
95132
101
95272
32
95652
115
95743
105
95943
32
95993
97
96173
108
96484
122
96684
97
97175
44
97355
32
97565
112
97726
114
97866
101
98046
110
98176
100
98356
101
98417
32
98587
108
98747
111
98947
32
99398
88
99458
105
99658
110
99789
103
00029
97
00219
114
00379
101
00450
108
00590
108
00760
105
01081
32
03083
90
03224
105
03414
110
03584
103
03594
102
04035
32
04295
103
04576
32
05557
110
05928
103
06158
97
06318
114
06458
101
06549
108
06699
108
06839
105
07039
44
07210
32
07360
108
07520
111
07700
32
07800
99
07881
111
08061
110
08271
115
08271
117
08952
108
09213
116
09473
97
09613
32
09803
101
10074
32
11075
111
11236
101
11696
32
12648
112
12748
101
12938
114
13018
32
13309
99
13579
32
14460
99
14661
104
15602
233
15822
32
16023
110
16213
111
16403
110
16553
32
16694
115
16744
105
16924
32
17114
114
17224
105
17375
99
17475
111
17635
114
17825
100
17986
97
18066
32
18276
112
18476
105
18636
117
19408
32
19748
249
19948
32
20669
99
20840
111
21030
109
21140
101
21511
32
21721
115
21811
105
22031
32
22482
115
22652
99
22823
114
22953
105
23043
118
23213
101
23303
32
23644
108
23774
97
23914
32
24125
112
24205
97
24365
114
24435
111
24605
108
24685
97
24816
32
25006
105
25176
110
25356
32
26007
113
26188
117
26288
101
26468
115
26668
116
26758
105
26909
111
27089
110
27179
101
27309
44
27480
32
27560
99
27690
104
27900
105
28080
117
28301
100
28491
101
28541
32
28771
105
28952
108
29142
32
29472
100
29603
105
29803
122
29863
105
30023
111
30204
110
30314
97
31025
114
31205
105
31395
111
31746
44
32016
32
33218
115
33368
105
33569
32
34580
116
34690
111
34820
114
35031
110
35541
97
35692
32
36042
108
36222
97
36303
32
36463
115
36673
99
37034
32
37685
97
37845
108
37995
108
38145
97
38225
32
38426
115
38586
99
38756
114
38876
105
38977
118
39157
97
39247
110
39427
105
39607
97
39748
32
40369
101
40569
32
40939
115
41050
105
41250
32
41340
114
41470
105
41650
109
41721
101
41921
116
42041
116
42221
101
42321
32
42782
116
42972
114
43233
117
43463
108
43573
108
43724
111
43914
32
43984
116
44094
114
44224
117
44435
108
44555
108
44685
111
44865
32
44945
97
45035
108
45206
32
45376
97
45386
108
45566
118
45666
111
45797
114
45967
111
46628
32
47549
108
47739
97
47940
118
48010
111
48150
114
48300
111
48751
63
49051
32
49482
77
49732
97
50083
104
50614
44
50794
32
50974
112
51064
101
51245
114
51365
32
51826
102
51916
111
52056
114
52236
116
52416
117
52987
110
53167
97
53338
32
53638
111
53949
103
54269
103
54580
105
54910
32
56382
233
56623
32
56823
108
57043
39
57294
117
57524
108
57674
116
57774
105
57975
109
58145
111
58375
44
58575
32
58776
112
58916
101
59106
114
59857
32
60018
99
60108
117
60268
105
60468
32
60649
97
60899
98
61059
98
61259
105
61380
97
61480
109
61640
111
61850
32
62131
102
62191
105
62381
110
62561
105
62662
116
62772
111
62952
32
63032
99
63132
111
63333
110
63513
32
63653
105
63843
32
63883
100
64034
101
64084
108
64244
105
64344
101
64534
105
65366
32
65996
114
66567
105
66728
105
67218
46
67348
46
67489
46
67809
33
68981
32
69462
82
69842
111
70243
32
