76626
32
76987
77
77177
73
77397
32
77527
83
77708
65
77988
67
78108
72
78449
32
79150
67
79260
72
79460
69
79560
32
79771
79
80131
71
80271
71
80432
73
80622
32
80812
83
80932
73
81143
32
81343
80
81493
82
81724
69
81974
65
82164
78
82314
78
82515
85
82705
78
82945
67
83096
73
83256
65
83336
32
83546
85
83707
78
83807
65
83887
32
84037
71
84117
73
84277
79
84337
82
84498
78
84618
65
84748
84
84868
65
84988
32
85229
79
85409
82
85529
82
85649
69
85790
78
85940
68
86130
69
86441
190
86901
32
86901
84
86981
65
87122
78
87292
84
87382
79
87582
32
87672
86
87863
65
87943
32
88203
76
88333
65
88464
32
88924
71
89125
65
89275
84
89415
84
89505
65
89635
32
89765
65
89886
76
90066
32
90246
76
90286
65
90577
82
90847
68
90987
79
91228
188
91408
32
91478
67
91588
72
91708
69
91819
32
91999
67
92129
73
92720
32
93060
76
93221
65
93391
83
93561
73
93591
67
93872
32
93902
65
94392
32
94923
83
95204
73
95574
32
96145
67
96345
73
96465
65
96586
32
96776
76
96916
79
97176
32
97367
90
97567
65
97687
77
97877
80
98068
73
98278
78
98498
79
99540
190
99760
32
00221
68
00601
32
00972
83
01172
79
01383
80
01673
82
01893
65
01953
32
02124
76
02224
65
02344
32
02534
80
02634
65
02805
78
02945
67
03115
65
03235
188
03376
32
03556
76
03626
65
03766
32
03916
67
04057
65
04357
80
04487
82
04688
65
04798
32
04928
67
05098
65
05228
77
05419
80
05559
65
05839
190
06090
32
08283
67
08383
72
08583
73
08784
32
08944
72
09064
65
09174
32
09425
67
09735
32
09835
65
10045
86
10186
85
10346
84
10476
79
10967
32
11187
72
11307
65
11468
32
12108
65
12359
86
12529
85
12749
84
12920
79
13190
188
13390
32
13521
67
13591
72
13781
73
13991
32
14322
72
14462
65
14562
32
14722
68
14903
65
15113
84
15183
79
15383
32
15554
72
15624
65
15774
32
15924
68
16054
65
16295
84
16435
79
16685
32
16996
56
17226
79
17426
32
17657
79
17777
70
18538
79
18848
82
19109
83
19339
69
19660
32
21282
70
21452
79
21993
82
22163
83
22344
69
22424
32
22554
69
22784
82
22975
65
23055
32
23245
73
23405
76
23565
32
23646
67
23756
79
23946
78
23966
84
24286
65
24627
32
24757
82
25018
65
25879
82
26019
73
26179
79
26550
32
26920
57
28823
190
29264
32
32198
77
32479
79
32709
71
32809
76
32959
73
33160
32
33280
69
33360
32
33560
66
33730
85
33921
79
34041
73
34221
32
34341
68
34512
69
34622
73
34792
32
35002
80
35143
65
35383
69
35573
83
35713
73
35904
32
36094
84
36284
85
36505
79
36885
73
37426
190
37837
32
39199
68
39349
73
39519
70
39669
70
39759
73
39880
67
40010
73
40210
76
40380
69
40611
32
41051
67
41101
79
41322
78
41462
84
41572
73
41752
78
41933
85
42043
65
42233
82
42403
69
42574
32
42714
65
42854
32
43104
80
43515
69
43775
78
44206
83
44426
65
44607
82
44747
69
44877
32
45027
65
45127
73
45358
32
45578
80
45708
82
45828
79
46009
86
46189
69
46379
82
46890
66
47060
73
47481
190
47741
190
48052
190
48352
32
48582
78
48803
79
49013
78
49173
32
49344
77
49474
69
49584
32
49764
78
49894
69
49974
32
50185
86
50335
73
50475
69
50575
78
50716
69
50806
32
50986
73
51146
78
51316
32
51477
77
51537
69
51667
78
51757
84
51917
69
52027
32
52218
78
52338
69
52468
77
52618
77
52739
69
52839
78
53019
79
53249
32
53500
80
53850
73
54040
85
54281
219
54501
32
54721
85
54912
78
55122
79
55533
190
55683
190
55813
190
56043
32
56564
84
56905
82
57816
79
58337
80
58497
80
59048
73
59248
32
59549
67
59699
85
59919
79
60029
67
60149
72
60340
73
60540
32
60660
82
60780
79
60911
86
61071
73
61291
78
61421
65
61562
78
61762
79
61972
32
62172
73
62343
76
62523
32
62663
66
62874
79
62994
82
63364
68
63585
79
63865
190
64256
32
65598
82
65798
79
66188
68
66329
79
66599
188
66599
190
67070
32
67651
190
67861
32
68071
85
68251
78
68432
32
68712
65
68963
32
69213
65
69563
32
70034
65
70254
32
70425
82
70575
79
70795
78
70955
68
71066
73
71546
78
71636
69
71787
32
72027
78
72237
79
72428
78
72598
32
72818
68
73199
32
73309
70
73519
65
73659
32
73920
80
74040
82
74190
73
74360
77
74451
65
74681
86
74851
69
75011
82
75272
65
75602
190
75923
32
76864
65
79768
32
80760
65
81331
76
81541
32
81842
78
81982
69
82102
77
82272
73
82513
78
82963
67
83164
79
83434
32
84526
67
84686
79
84966
32
85717
67
85867
79
86078
32
86198
67
86298
72
86478
69
86589
32
87079
70
87320
85
87530
71
87670
71
87850
69
87951
188
88121
32
88311
80
88481
79
88672
78
88912
73
89333
32
90144
78
90384
73
90855
32
91025
84
91175
73
91576
188
92127
32
92427
68
92617
219
93298
32
94430
68
94711
80
95191
32
95712
219
95912
82
96343
32
96864
79
97054
82
97274
79
97715
190
98226
32
01290
67
01451
72
01581
69
01721
32
01811
68
01941
73
02061
82
02212
69
02402
32
02622
219
02923
32
05587
67
06248
32
09092
76
09272
65
09352
32
09633
66
09733
65
10133
84
10544
69
10744
82
11175
32
11646
69
12076
32
12236
84
12417
69
12547
82
12767
73
12948
65
13088
32
13268
68
13458
69
13568
76
13779
32
13979
80
14590
79
14790
82
15001
84
15341
65
15732
84
16052
73
16242
76
16363
69
16473
32
16663
78
16873
79
17064
78
17244
32
17404
83
17474
73
17685
32
17725
67
17905
65
18065
82
18225
73
18366
67
18526
65
18646
32
18896
80
19167
73
19327
85
19607
219
20138
188
20328
32
20519
65
20589
76
21360
219
21821
32
22291
49
22512
49
22672
49
22842
49
23583
32
25035
67
25436
73
25636
79
26107
69
26498
219
26988
188
27169
32
27329
65
27469
76
27799
69
28050
219
28450
32
28821
49
29001
49
29141
49
29502
32
30283
80
30834
32
31154
77
31355
73
31555
32
31775
82
31865
73
32036
67
32106
79
33578
82
33808
68
33959
65
34199
32
34589
85
34970
32
36182
78
36342
32
36532
80
36673
79
36833
219
37023
32
37193
76
37273
69
37384
32
37564
65
37574
80
37754
82
37834
79
38005
76
38075
69
38215
32
38375
73
38535
78
38676
32
38856
76
39026
73
39136
66
39316
69
39447
82
39887
84
40178
65
40999
219
41269
188
41460
32
41670
73
41860
32
42041
70
42171
85
42351
82
42541
85
42912
32
43573
84
43733
85
43863
82
44114
73
44264
83
44474
84
44604
73
44845
188
45005
32
45135
81
45235
85
45375
69
45476
76
45596
76
45696
69
45816
32
45936
67
46026
79
46177
83
46377
69
46547
32
46687
67
46868
76
47268
32
48079
76
48450
73
48720
219
49271
190
49542
32
50333
80
50513
69
50663
82
50813
32
50884
70
51014
79
51114
82
51294
84
51424
85
51585
78
51645
65
51785
32
51955
72
52135
79
52316
32
52506
81
52696
85
52826
65
52997
83
53157
73
53437
32
54148
82
54319
73
54469
69
54619
77
54809
80
55010
73
55190
84
55330
79
55540
32
55951
76
56071
65
56231
32
56432
80
56562
65
56912
71
57043
73
57243
78
57393
65
57724
32
58475
190
58625
190
58785
190
59036
32
65175
68
65365
73
65806
84
66036
69
66216
77
66447
73
66697
32
67278
67
67408
79
67558
83
67728
65
67839
32
68299
83
68500
67
68660
82
68800
73
68910
86
69070
69
69191
82
69301
69
69431
32
69721
80
69862
69
70032
82
70162
32
70392
80
70573
73
70683
65
70913
67
71093
69
71204
82
71334
69
71825
32
72375
190
72536
190
72806
32
73437
66
73587
66
73868
65
74278
65
74468
65
74629
65
74839
65
75029
65
75340
32
75800
66
76101
73
76251
73
76391
73
76712
32
78605
72
78835
79
79055
32
79486
69
80077
83
80257
65
80427
85
80567
82
80928
73
81088
84
81218
79
81449
32
81809
76
81949
65
82070
32
82200
70
82370
65
82510
78
82610
84
82811
65
83021
83
83131
73
83231
65
83372
188
83552
32
83722
69
83872
32
84163
65
84313
78
84383
67
84503
72
84603
69
84684
32
84874
76
84984
69
85184
32
85495
82
85645
73
85785
71
85975
72
86086
69
86206
32
86416
80
86496
69
86666
82
86827
32
87097
70
87217
79
87357
82
87558
84
87678
85
87848
78
87928
65
88309
32
88639
49
88800
49
88930
49
