63421
32
65464
100
65634
97
65865
118
66035
97
66486
32
67367
97
67547
110
67627
99
67727
104
67858
101
67908
32
68118
105
68308
101
68508
114
68619
105
68819
44
68999
32
69149
109
69350
105
69580
32
69860
100
70281
32
70361
115
70501
97
70672
32
71423
44
71583
32
71773
104
71933
105
72134
32
73055
111
73265
32
73345
115
73496
97
73506
108
73756
116
74006
97
74247
116
74427
111
74938
46
75068
46
75178
46
75388
32
75448
97
75679
100
75859
101
76049
115
76179
115
76290
111
76500
32
76570
99
76700
111
76890
109
77051
105
77221
110
77762
99
77912
105
78072
111
78272
32
78333
97
78503
32
78793
100
78994
105
79114
118
79284
101
79404
114
79825
32
80045
110
80165
116
80365
97
80556
114
80676
101
80806
32
81026
117
81217
110
81527
32
81958
112
82138
111
82308
39
82489
32
82679
105
82819
110
82939
99
82999
111
83290
115
83510
116
83600
97
83760
110
83891
116
84011
101
84141
44
84321
32
84471
109
84712
105
84902
32
85913
110
86114
111
86294
110
86444
32
86524
101
86645
39
86835
32
86885
99
87015
104
87115
101
87205
32
87376
109
87536
105
87726
32
87846
114
87956
105
88107
102
88197
105
88397
108
88577
97
88848
116
89018
101
89108
32
89288
117
89459
110
89499
97
89639
32
89799
116
89879
105
90019
114
90200
97
90470
116
90650
105
90921
110
91021
97
91171
32
91421
100
92162
39
92403
111
92603
114
92733
101
92934
99
93074
99
93104
104
93304
105
93595
32
94856
63
95097
32
95377
101
95527
32
95738
109
96138
236
96348
110
96539
111
96749
110
97059
32
97871
110
98051
111
98221
110
98391
32
98492
101
98612
39
98822
32
98912
99
99002
104
99122
101
99203
32
99353
109
99493
105
99833
97
99864
108
00034
115
00204
99
00354
105
00434
97
00745
32
01726
108
02107
32
02387
108
02818
32
03108
108
03278
97
03599
115
03809
99
03959
105
04009
97
04220
116
04390
101
04550
32
06113
108
06253
101
06473
103
06603
103
06753
101
06864
114
06954
101
07044
32
07234
113
07394
117
07565
101
07685
108
07795
108
07975
111
08125
99
08165
32
08346
101
08356
104
08556
32
09648
99
09768
104
09888
101
10018
32
10178
115
10379
99
10529
114
10659
105
10759
118
10849
111
11040
110
11230
111
11440
32
11891
103
11961
108
12161
105
12311
97
12372
32
12562
108
12602
116
12772
114
12842
105
13293
32
14264
97
14424
108
14615
116
14755
114
14875
105
15336
63
15566
32
16367
115
16527
97
16748
114
16938
101
17269
105
17519
32
17739
112
17869
114
17980
111
18160
112
18290
114
18390
105
18741
32
19342
111
19552
32
19712
99
19812
117
20012
114
20143
105
20313
111
20693
97
21004
32
21094
115
21234
97
21635
44
21935
32
22416
65
22636
32
22797
118
22897
111
23057
108
23147
116
23397
97
23918
32
24058
101
24229
32
24459
113
24609
117
24869
97
25160
116
25801
32
26412
101
26592
115
26802
116
26922
111
27153
32
27293
116
27493
101
27914
120
28294
116
28405
97
28635
114
28765
101
28975
97
29136
32
29396
109
29606
105
29817
32
29907
115
30097
101
30257
109
30458
98
30548
114
30738
97
30778
32
30958
105
31149
108
31329
32
31429
99
31529
111
31729
110
31799
102
32000
101
32210
115
32330
115
32691
32
34133
99
34223
111
34443
110
34553
102
34684
101
34884
115
35004
115
35064
105
35214
111
35385
110
35465
97
35615
108
35745
101
35905
32
36246
100
36426
101
36516
108
36717
32
36927
103
37107
114
37287
97
37418
110
37508
100
37698
101
37848
32
38289
102
38489
114
38679
97
38900
116
39060
101
39200
108
39360
108
39581
111
39851
44
40061
32
40181
97
40392
110
40562
99
40722
105
40943
32
42244
122
42475
105
42655
32
43266
117
43426
110
43566
97
43596
32
43777
118
43947
101
44127
114
44337
115
44438
105
44598
111
44778
110
44858
101
44968
32
45159
111
45389
110
45830
108
45990
105
46170
110
46340
101
46831
32
47081
100
47282
101
47532
32
47782
111
48093
32
48614
108
48814
32
48914
99
49004
111
49194
110
49255
102
49395
101
49635
115
49765
115
49815
105
49956
111
50136
97
50146
110
50366
108
50506
101
50687
32
51838
110
51968
97
52129
108
52279
101
52399
32
52589
100
52790
101
52890
108
53120
32
53380
102
53771
32
53871
103
54041
114
54282
97
54482
110
54813
100
55013
101
55153
32
55323
102
55534
114
55774
97
55994
116
56185
101
56385
108
56525
108
56705
111
56966
46
57206
46
57386
46
58157
33
58358
33
58508
33
59009
32
61983
79
62163
112
62273
112
62474
117
62584
114
62704
101
62734
32
62954
112
63114
111
63235
116
63385
101
63896
116
64056
101
64216
32
64436
109
64647
101
64907
116
65027
116
65187
101
65298
114
65418
101
65688
32
66139
117
66349
110
66559
32
66820
116
66970
105
67100
116
67210
111
67371
108
67531
111
67741
32
68142
116
68352
105
68522
112
68682
111
68873
32
69243
34
69654
100
69784
111
69904
99
70225
116
70735
32
72188
68
72418
111
72528
99
72828
116
72989
111
73139
114
73339
32
73539
105
74311
115
74461
32
74661
105
75172
110
76634
34
76874
32
77024
99
77095
111
77305
109
77465
101
77545
32
77766
112
78176
32
78296
113
78497
101
79067
32
79468
117
79618
101
79728
108
79859
108
80339
105
80680
32
80810
101
80960
32
81241
97
81371
112
81521
112
81711
108
81891
99
81901
105
82062
97
82282
122
82302
105
82502
111
82693
110
82903
105
83424
32
84866
105
85036
99
85206
97
85447
122
85447
105
85627
111
85817
110
86017
105
86438
32
86648
105
86839
110
86999
32
87179
99
87299
117
87459
105
87680
32
88060
99
88221
39
88411
101
88741
32
89532
39
89763
32
89963
108
90093
111
90314
32
90484
112
90714
105
90754
115
90944
99
91435
32
91866
115
92106
99
92296
105
92537
111
92987
32
93608
105
93799
99
93929
111
94069
108
94219
111
94570
103
94700
111
94970
32
95161
111
95351
110
95511
32
95681
108
95852
105
96062
110
96172
101
96382
44
96603
32
96783
101
96983
32
97244
100
97374
97
97494
108
97614
108
97794
39
97884
97
98035
108
98195
116
98365
114
98575
97
98676
32
99317
112
99447
97
99717
114
99887
116
00068
101
00198
32
00408
109
00548
101
00809
116
00939
116
01059
105
01189
97
01349
109
01760
32
02401
101
02621
116
02842
101
02992
32
03192
117
03392
110
03603
32
03783
99
03973
104
04053
97
04344
116
04484
116
04664
101
04814
114
05155
32
05796
98
06086
111
06337
116
06527
44
06757
32
07148
117
07338
110
07598
111
07829
32
08249
100
08460
105
08640
32
08730
113
08860
117
08980
101
09551
105
09832
32
12385
117
12566
101
12716
108
12846
108
13026
101
13186
32
16051
105
16241
32
16351
113
16451
117
16621
101
16862
103
17002
108
17172
105
17403
32
17483
97
17853
103
17983
103
18174
101
18404
103
18524
103
18704
105
18915
110
19115
105
19325
32
19395
99
19496
104
19626
101
19696
32
19876
99
20247
105
20417
97
20637
99
20807
104
20827
99
21028
104
21619
32
22330
104
22730
32
22830
99
23021
104
23141
101
23311
114
23561
97
24853
110
25054
111
25384
32
27948
104
29500
32
30241
101
30431
32
30622
116
30792
105
31022
32
31172
100
31323
97
31423
110
31573
110
31803
111
31984
32
32164
108
32354
39
32544
105
32725
109
33325
112
33456
114
33576
101
33816
115
33956
115
34036
105
34177
111
34407
110
34507
101
34697
32
35138
100
35368
105
35579
32
35969
112
36109
97
36310
114
36500
108
36720
97
36881
114
37011
101
37061
32
37231
99
37271
111
37471
110
37632
32
37822
117
38022
110
38062
97
38202
32
38323
116
38893
32
39875
112
39965
101
40125
114
40305
115
40386
111
40566
110
40646
97
40796
32
41117
118
41297
101
41427
114
41647
97
41838
44
41998
32
42298
116
42479
105
42689
112
42859
111
43079
32
43360
116
43560
101
43750
115
43951
116
44071
32
44251
102
44672
32
44792
100
44962
105
45182
32
45773
84
45984
105
46214
114
46645
32
47165
117
47286
114
47386
105
47586
110
47816
103
48317
46
48507
46
49389
32
51492
65
51642
110
51742
99
52703
32
53264
122
53454
105
53685
44
53875
32
54526
118
54616
105
54836
32
55477
102
55658
97
55798
116
55928
101
56048
32
56158
97
56308
110
56409
99
56519
104
56669
101
56749
32
56989
112
57110
97
57570
103
57811
97
58001
114
58121
101
58241
32
58422
100
58842
97
59052
105
59263
32
59493
112
59543
97
59783
122
59924
105
60074
101
60174
110
60334
116
60484
105
60735
44
60905
32
61075
109
61196
97
61326
32
61466
110
61666
111
61897
110
62397
32
62708
44
62878
32
63068
115
63168
105
63319
97
63399
109
63589
111
63779
32
63899
97
64010
108
64130
108
64270
97
64410
32
64891
115
64971
112
65141
101
65331
99
65492
117
65702
108
65782
97
66032
122
66113
105
66273
111
66453
110
66543
101
66683
32
67585
112
67805
105
67985
117
68186
48
68396
32
68676
98
68887
105
69037
101
69257
99
69447
97
70188
33
70359
33
70819
32
71260
98
71440
117
71631
111
71891
110
72101
32
72602
119
72912
101
73053
101
73333
45
73714
32
73964
107
74184
45
74294
101
74495
110
74625
100
74785
46
74975
32
75536
82
75817
111
76007
115
76167
115
76357
115
76457
97
76638
98
76788
97
77058
32
77759
97
77920
110
78020
97
