78628
66
78988
72
79199
69
79339
219
79900
32
80100
79
80230
71
80360
71
80450
73
80631
32
80821
72
81011
79
81202
32
81372
85
81552
78
81722
32
81983
73
82093
68
82323
65
82493
76
82854
32
83795
68
84136
73
84306
65
84687
86
84767
79
84937
76
85057
79
85227
32
85408
80
85438
69
85628
82
85748
32
85878
67
86059
65
86219
80
86389
69
86569
76
86710
76
86870
79
87050
188
87200
32
87451
78
87621
79
87801
78
87972
32
88022
67
88182
219
88322
69
88412
219
88713
32
89003
67
89113
72
89243
69
89354
32
89494
68
89594
73
89744
82
89864
69
89985
32
90175
67
90265
72
91046
219
91166
69
91347
219
91807
32
92859
190
92999
190
93109
190
93329
32
93500
67
93720
219
93880
69
93980
219
94211
32
94391
85
94551
78
94711
65
94732
32
94932
80
95292
69
95473
82
95653
83
95753
79
95943
78
96013
65
96134
32
96204
67
96304
72
96424
69
96524
32
96694
77
96835
73
97035
32
97155
70
97355
65
97446
32
97666
76
97766
69
97976
84
98107
84
98277
69
98387
82
98677
65
98898
76
99238
77
99358
69
99469
78
99589
84
99779
69
99919
32
00230
86
00410
69
00530
78
00720
73
00831
82
00981
69
01031
32
01592
73
01852
32
02954
73
03224
32
03384
78
03535
69
03715
82
03905
67
04216
32
04326
86
04456
73
04636
188
04796
32
04957
78
05167
79
05357
78
05507
32
05598
69
05728
219
05918
32
06098
80
06269
79
06369
83
06489
83
06669
73
06819
66
06889
73
07080
76
07160
69
07330
32
07571
69
07861
83
08001
83
08191
69
08372
82
08522
69
08612
32
08732
67
08842
79
08943
83
09083
73
09654
48
10104
32
10555
219
10785
32
10996
73
11156
80
11326
79
11526
67
11787
82
12037
73
12187
84
12368
73
12898
32
13029
49
13199
49
13319
49
13770
32
14320
65
14571
67
14811
73
14951
67
15172
68
15332
69
15592
32
17105
78
17355
79
17555
78
17736
32
17906
70
18086
65
18286
67
18407
67
18527
73
18697
79
18887
32
19098
78
19298
79
19448
77
19598
73
19819
32
20470
78
20640
69
20780
219
21000
32
21090
67
21201
79
21421
78
21601
71
22543
32
22853
71
23394
78
23574
79
23774
77
23925
73
24105
188
24265
32
24455
65
24676
32
25126
65
25587
32
26198
80
26408
65
26959
82
27129
84
27310
69
27430
32
27560
67
27680
72
27810
69
27941
32
28131
78
29012
79
29202
78
29353
32
29483
69
29603
219
29833
32
29934
68
30054
73
30224
32
30304
81
30434
85
30605
73
30845
188
31015
32
31245
85
31386
81
31716
32
32017
81
32237
85
32407
73
32738
78
32948
68
33529
73
33789
32
34000
80
34170
79
34520
84
35111
82
35281
69
35562
73
35782
32
36093
68
36403
32
36523
70
36704
65
37094
82
37254
76
37545
73
37765
32
38015
76
38186
79
38386
32
38476
83
38656
84
38807
69
39057
83
39177
83
39337
79
40339
188
40569
32
41030
188
41190
65
41471
32
42632
77
42783
65
42873
32
43223
86
43373
79
43584
76
43584
71
43784
73
43964
79
44215
32
46188
79
46368
71
46458
76
46628
73
46768
79
46939
32
46999
82
47119
73
47309
84
47459
82
47550
79
47700
86
47880
65
48090
82
48211
69
48301
32
48531
73
48741
76
48952
32
49162
77
49342
73
49512
79
49853
32
51325
76
51465
65
51556
32
51706
67
51876
65
52287
76
52467
77
52617
65
53118
188
53338
32
53448
67
53558
79
53729
77
53829
69
53929
32
54179
68
54330
73
54460
82
54640
69
54770
32
55171
219
55431
49
55591
49
55972
32
57414
73
57614
78
57785
32
58055
80
58326
73
58516
85
58746
219
59037
188
59197
32
59327
67
59407
79
59587
78
59667
84
59808
73
59978
78
60148
85
60248
65
60348
32
60739
65
60899
32
61060
70
61280
65
61610
82
61911
32
62351
70
62572
82
62722
69
62922
68
63073
68
63213
79
63493
32
64445
190
64615
190
64755
190
65146
65
65366
67
65526
67
65646
73
65756
68
65897
69
65957
78
66137
84
66207
73
66407
188
66568
32
66688
86
66798
79
66918
82
67199
82
67449
69
67659
73
67850
32
68070
80
68190
82
68300
79
68471
80
68591
82
68681
73
68831
79
69001
32
69131
83
69252
65
69472
80
69652
69
69792
82
69913
69
70033
32
70163
67
70253
79
70403
83
70544
65
70664
32
70804
83
70994
67
71154
82
71285
73
71395
86
71495
79
71695
78
71866
79
72066
32
72276
71
72386
76
72547
73
72737
32
72767
65
72957
76
73027
84
73167
82
73248
73
73458
188
73638
32
73798
77
73878
65
74099
71
74279
65
74439
82
74519
73
74690
32
74850
76
74930
69
75040
32
75230
80
75611
79
75801
69
76062
83
76212
73
76342
69
76462
32
76663
65
76803
32
76973
77
77113
69
77253
77
77464
79
77604
82
77834
65
78275
32
78505
219
78766
32
79086
70
79327
79
79397
82
79627
83
79777
69
79867
32
80038
78
80228
79
80408
78
80568
32
80749
71
81099
32
81209
72
81470
79
81670
32
81850
83
82031
84
82201
85
82381
68
82541
73
82752
65
82992
84
83232
79
83523
32
83923
65
84204
66
84344
66
84404
65
84654
83
84855
84
84985
65
85145
78
85305
90
85626
65
85766
32
86127
66
86227
69
86397
78
86527
69
86647
32
86868
76
87058
69
87218
32
87439
80
87619
79
87789
69
88190
73
88330
83
88981
32
89792
83
89952
73
90133
69
90333
32
90693
65
90824
32
91014
77
91114
69
91244
78
91815
32
92085
77
92296
79
92426
82
92666
73
93127
65
93317
32
93508
65
93668
76
93818
76
93948
69
94108
32
94399
83
94619
67
94759
85
94970
79
95130
76
95240
69
95360
32
95470
69
95641
76
95751
69
96031
77
96161
69
96302
78
96412
84
96712
65
97213
82
97403
73
97714
32
97944
219
98255
32
98936
80
99126
79
99296
84
99506
82
99677
69
99807
73
00017
32
00227
80
00408
82
00638
79
01089
86
01339
65
01519
82
01730
67
01880
73
02110
32
02711
65
03022
78
03152
67
03252
72
03432
69
03572
32
03843
73
04033
79
04273
32
04424
67
04524
79
04724
78
04874
32
04994
81
05125
85
05265
65
05385
76
05535
67
05675
72
05806
69
05876
32
06076
86
06236
69
06397
82
06617
83
06777
79
07007
32
07829
82
08029
73
08209
77
08379
65
08760
83
08960
84
09131
79
09331
32
09511
73
09681
77
09862
80
09992
69
10172
71
10493
76
11104
32
11724
73
11955
71
12105
76
12305
73
12445
65
12656
84
12796
79
13016
32
13207
78
13347
69
13497
76
13637
76
13747
65
13848
32
14028
77
14208
73
14368
65
14529
32
15230
84
15440
69
15640
83
15841
84
16091
65
16281
32
16562
188
16842
32
18234
190
18424
32
18555
83
18725
73
18905
76
19115
86
19276
79
19286
73
19456
65
19686
32
20688
73
20868
65
20988
32
21399
82
21549
73
21739
77
21809
69
21940
78
22671
32
23001
77
23452
66
23832
82
24393
73
24603
32
24904
65
25094
78
25204
67
25365
79
25515
82
25725
65
25845
32
26737
81
26947
85
27087
69
27237
76
27468
32
27698
84
27868
69
27998
77
28229
80
28389
79
28599
32
29050
68
29180
73
29391
32
30182
84
30322
85
30492
65
30602
32
30953
86
31123
73
31383
89
31834
32
32756
84
32966
65
33066
32
33256
77
33426
79
33547
84
33957
82
34218
65
34608
32
35500
82
35670
84
35880
65
36020
76
36181
69
36461
32
38033
81
38244
85
38344
65
38484
78
38704
68
38845
79
39045
32
39636
66
39756
69
39916
76
40056
84
40307
65
40527
219
40767
32
40968
83
41098
80
41268
69
41378
76
41639
78
41839
68
42019
65
42590
32
43602
76
43712
69
43932
78
44252
68
44443
69
44683
86
44883
65
45034
32
48929
78
49040
69
49250
71
49320
76
49500
73
49741
32
49951
79
50422
86
50542
86
50702
72
50922
73
51293
32
52264
67
52395
67
52485
72
52655
73
52845
32
52995
84
53306
85
53506
79
53666
73
53837
32
53937
82
54047
73
54237
68
54387
69
54508
78
54638
84
54738
73
54918
32
55048
69
55119
32
55419
70
55599
85
55910
71
56020
71
56170
73
56320
83
56911
32
57742
84
57903
73
58063
86
58173
73
58393
32
72494
190
72644
190
72905
32
75449
69
75599
32
75739
84
75869
85
76039
32
76220
76
76380
73
76460
69
76650
84
76831
65
76941
32
77071
69
77171
32
77351
80
78012
78
78673
32
78844
69
79034
78
79485
83
79645
79
80055
83
80216
65
80366
188
80546
32
80807
73
80987
76
81167
32
81327
76
81518
73
81678
77
81848
73
81948
84
82148
65
82319
82
82499
69
82579
32
82870
68
82970
73
83150
32
83531
71
83651
73
83831
79
83931
86
84091
69
84272
78
84422
84
84592
85
84923
219
85163
32
85403
68
85844
32
86064
83
86184
65
86325
76
86715
32
87356
76
87546
73
87677
84
88167
32
88758
86
89039
73
89369
190
89519
190
89690
190
