24737
32
25528
79
25809
72
26199
32
26580
79
26810
72
27181
32
28182
73
28283
69
28493
82
28623
73
28853
32
29454
72
29665
79
29875
32
30015
68
30105
73
30296
77
30416
69
30506
78
30676
84
30786
73
30956
67
31167
65
31397
84
31477
79
31678
32
31758
68
31878
73
32098
32
32108
70
32329
65
32519
82
32639
69
32739
32
32969
76
33210
219
33360
69
33550
83
33691
80
33781
69
33941
82
34091
73
34271
77
34311
69
34482
78
34562
84
34732
79
35022
190
35223
190
35413
190
35704
32
37196
69
37666
219
37917
32
38217
83
38357
84
38508
65
38588
84
38778
65
38858
32
39068
85
39269
78
39499
65
39669
32
40461
68
40621
73
40821
32
40921
81
41041
85
41182
69
41302
76
41442
76
41873
69
42063
32
42313
70
42674
32
42784
71
42924
73
43104
79
43735
82
43956
78
44617
65
44977
84
45157
69
45318
32
45438
67
45568
72
45688
69
45808
32
45989
78
46199
79
46409
78
46590
32
46660
70
46770
73
46980
78
47160
73
47381
86
47651
65
47761
78
47972
79
48172
32
48422
80
48623
73
48813
85
49103
219
49494
190
49694
190
49884
190
50165
32
50405
68
50575
65
50746
76
50896
76
51046
69
51256
32
51937
57
52228
32
52438
65
52598
76
52739
76
52899
69
53059
32
53610
56
53981
188
54481
51
54682
48
54972
188
55162
32
55603
79
55793
82
56124
65
56374
82
56434
73
56624
79
56805
32
56935
67
57005
79
57215
78
57376
84
57696
73
57906
78
58067
85
58287
65
58617
84
58898
79
59258
32
59879
80
59989
69
60210
82
60300
32
60510
76
60710
69
60861
32
61031
86
61101
73
61291
83
61472
73
61602
84
61802
69
62052
32
62333
49
62543
49
62703
49
63094
32
63825
65
64015
78
64105
67
64226
72
64386
69
64456
32
64686
79
64907
71
65047
71
65137
73
65317
32
65488
77
65578
65
65708
78
65808
67
65918
79
66138
32
66269
65
66329
32
66449
68
66569
73
66709
82
66850
76
67010
79
67220
188
67370
32
67571
77
67791
73
67991
32
68182
77
68312
65
68422
78
68552
67
68732
65
68812
32
68983
76
69103
65
69193
32
69343
70
69523
65
69984
78
70215
89
70545
84
72067
32
72828
84
72989
65
73189
83
73429
73
73600
65
74020
190
74260
32
74441
77
74621
73
74821
32
75422
80
75562
65
75763
82
75893
69
75933
32
76354
81
76444
85
76644
65
76744
78
77035
68
77155
79
77405
32
78487
83
78827
32
79018
65
79218
78
79358
68
79558
65
79749
86
79889
79
80109
32
80209
65
80299
32
80410
83
80630
67
80760
85
80950
79
81121
76
81181
65
81331
32
81421
68
81792
219
82062
73
82423
78
82653
71
82813
76
82973
69
83284
83
83504
69
83734
188
83965
32
84345
69
84456
32
84926
75
85207
73
85577
32
86328
77
86539
73
86749
32
87039
84
87170
79
87520
67
87660
67
87901
65
88121
86
88341
65
88471
32
88552
83
88752
67
88972
82
89112
73
89263
86
89463
69
89573
82
89703
69
89964
32
90785
84
91035
69
91216
78
91406
73
91606
32
91736
69
91826
32
92027
80
92588
32
92998
50
93178
50
93579
37
94070
80
94200
69
94420
78
94560
83
94681
73
94821
69
95021
82
95181
73
95382
78
95572
73
95772
32
95993
83
96113
85
96343
32
97976
39
98306
32
98707
83
98837
85
99067
32
99267
69
99458
77
99648
79
00069
90
00219
73
00409
79
00609
78
00740
65
00890
78
01110
84
01190
73
01401
32
01541
84
01721
69
01831
77
01991
73
02202
32
02292
81
02462
85
02582
65
02703
76
02883
73
03143
32
03744
76
03944
65
04055
32
04195
81
04335
85
04485
65
04565
76
04766
73
04846
84
05106
65
05226
219
05447
32
05737
68
05897
69
06007
76
06168
76
06248
65
06388
32
06478
86
06648
73
06839
84
07109
65
07259
32
07710
78
07830
69
07970
76
08111
76
08241
69
08351
32
08521
67
08631
73
08782
84
08952
84
09212
65
09963
219
10194
32
10414
79
10644
71
10774
71
10905
73
11125
188
11315
32
11746
76
12247
65
12477
32
12707
83
13158
67
13338
85
13619
79
13839
76
14109
65
14290
188
14580
32
15762
67
15872
79
16052
83
16212
65
16313
32
16523
70
16693
65
16843
73
17064
32
17194
81
17304
85
17444
65
17574
78
17705
68
17835
79
18065
32
18185
69
18396
83
18596
67
18746
73
18997
188
19237
32
19918
69
20178
67
20319
67
20689
32
20990
69
21250
67
21410
67
21651
32
21821
69
21991
32
22291
78
22472
69
22592
73
22822
32
23623
71
23794
82
23984
85
24254
80
24415
80
24705
73
24905
32
25096
68
25196
73
25396
32
25606
76
25727
65
25947
86
26047
79
26157
82
26518
79
26728
188
26898
32
27048
68
27149
73
27289
83
27469
67
27569
85
27730
84
27880
69
28010
82
28130
69
28280
32
28461
68
28601
73
28831
32
28911
84
29092
69
29292
77
29472
73
29662
32
29873
85
30043
78
30233
73
30273
86
30474
69
30674
82
30924
83
31084
65
31175
76
31335
73
31555
32
31976
67
32126
79
32366
78
32567
32
33728
85
34029
78
34169
78
34710
32
35711
65
35922
32
36232
71
36843
32
38055
73
38255
78
38405
83
38445
73
38896
69
39467
77
39607
69
39707
32
39837
68
39938
73
40148
32
40368
80
40408
69
40609
82
40809
83
40879
79
41089
78
41259
69
41440
32
42832
80
43072
73
43212
85
43473
219
43713
32
43803
83
44004
67
44104
79
44244
67
44374
67
44474
73
44624
65
44855
84
45035
69
45175
32
45245
68
45376
73
45596
32
45786
77
45936
69
46607
190
46868
32
47168
77
47348
73
47569
32
47619
82
47789
73
47899
67
48009
79
48170
82
48590
83
49061
32
49181
68
49321
79
49522
32
49742
73
49902
76
50083
32
50303
84
50483
69
50623
77
50814
69
50944
32
51114
68
51284
69
51384
76
51525
76
51715
219
51795
69
52045
83
52055
68
52316
65
52777
32
53157
65
53357
77
53508
69
53668
32
53918
68
54149
69
54299
76
54529
32
54759
80
54870
82
55060
79
55611
70
55741
73
55921
67
56131
69
56312
73
56792
32
57203
73
57433
69
57904
78
58104
67
58305
89
58625
32
58815
190
59046
32
59526
50
59697
50
60207
37
60558
32
60949
67
61139
65
61339
82
61580
32
61810
73
61930
83
62070
32
62401
84
62561
72
62671
69
62801
32
62932
67
63092
85
63282
82
63542
83
63753
69
63863
32
64103
79
64284
70
64444
32
64554
84
64684
72
64804
69
64924
32
65265
84
65575
87
65926
69
66206
78
66357
84
66517
73
66727
69
67048
72
67288
32
68870
67
69051
69
69181
78
69331
84
69521
85
69681
82
71334
89
72055
39
72345
188
72536
32
72736
70
72896
82
73107
65
73247
83
73617
69
73808
32
74008
65
74318
84
74579
84
74739
82
74899
73
75039
66
75160
85
75340
73
75450
84
75690
65
75791
32
75941
65
76031
32
76922
73
77523
78
77924
32
78434
87
78625
73
78785
78
78995
83
79226
84
79326
79
79526
78
79686
32
80157
67
80237
72
80427
85
80528
82
80738
67
80868
72
81098
73
81339
76
81489
76
82020
190
82190
190
82420
190
82621
32
82821
73
83001
78
83031
84
83191
69
83302
82
83422
69
83602
83
83702
83
83802
65
83953
78
84023
84
84163
69
84223
32
84594
78
85204
79
85605
32
85966
219
86767
49
86947
49
87328
32
89711
77
89891
65
89992
32
90182
76
90312
65
90432
32
90703
86
90893
69
91023
82
91333
65
91524
32
92025
68
92155
79
92365
77
92425
65
92575
78
92726
68
92916
65
93326
32
93527
69
93757
219
94498
32
94658
190
94879
32
95029
67
95149
79
95329
83
95480
65
95560
32
95750
67
95940
65
96141
86
96221
79
96401
76
96571
79
96772
32
96862
65
97062
86
97242
82
97433
79
97663
219
97993
32
98134
83
98284
67
98494
82
98614
73
98724
84
98855
84
98915
79
99115
32
99305
83
99415
85
99626
32
99816
85
99986
78
00167
32
00237
65
00447
82
00617
71
00777
79
00978
77
01078
69
01208
78
01308
84
01729
69
01949
32
02760
79
02961
32
03031
68
03211
69
03221
76
03461
32
03471
71
03672
69
03792
78
03862
82
03982
69
04112
82
04233
69
04573
32
05164
69
05394
82
05534
69
06055
32
06336
219
06676
49
06846
49
07147
32
07798
83
07998
32
08509
65
08889
32
09200
76
09440
85
09611
78
09691
69
09901
68
10021
73
10292
219
10592
190
10762
190
10922
190
11363
32
11533
82
11864
79
11964
83
12084
83
12204
65
12525
65
12655
78
12825
65
13346
32
13997
65
14598
32
14838
78
14948
65
