29751
67
29941
79
30041
78
30162
32
30342
68
30492
69
30682
68
30802
73
31463
90
31604
73
31734
79
32255
78
32375
69
32525
32
32935
77
33056
73
33186
32
33346
65
33636
67
34117
67
34348
73
34458
78
34868
71
35018
79
35239
32
35619
65
35740
78
36140
67
37482
79
37612
82
37732
219
38343
79
38514
71
38734
71
38814
73
38974
32
40016
65
40176
32
40817
67
40917
79
41157
77
41628
80
41738
73
42079
76
42459
65
42730
82
42850
69
42980
32
43200
73
43340
76
43481
32
43741
77
43861
79
44051
68
44512
85
44923
76
45163
79
47577
190
48939
13
49499
16
49660
69
49800
32
50060
65
50180
32
50491
81
50671
85
50791
69
51072
83
51152
84
51342
79
51482
32
51652
80
51833
85
52083
78
52243
84
52444
32
52834
8
53315
79
53495
32
53635
83
53725
73
53866
32
54016
80
54096
79
54386
78
54917
69
55047
32
55478
65
55678
78
55909
67
56049
219
56539
79
56820
82
57481
8
57661
8
57821
8
58612
79
59844
82
60014
219
60335
79
60545
71
60695
71
60836
73
61006
32
61577
73
61717
76
61897
32
62027
80
62158
82
62788
66
63389
8
64050
79
64251
66
64371
76
64631
69
64851
77
65052
65
65172
32
65653
68
65793
73
65953
32
66213
67
66313
79
66454
77
66584
69
66714
32
67305
67
67415
79
67535
77
67816
80
67906
76
68016
69
68126
84
68266
65
68427
82
68877
76
69108
79
70039
190
71391
32
72532
16
72923
85
73404
78
73784
219
74095
73
74225
68
74375
69
74505
65
74676
32
74846
80
75126
79
75597
84
75747
82
75957
69
76168
66
76428
66
76488
69
76648
32
76899
69
77179
83
77379
83
77500
69
77650
82
77800
69
77950
32
78621
76
78751
69
78892
32
79242
67
79372
79
79663
83
79773
69
79963
32
80143
68
80234
65
80344
32
80504
70
80544
65
80814
82
80894
69
81255
32
81425
79
81575
71
81756
71
81896
73
82587
190
82967
13
83989
16
84369
73
84790
78
84900
84
85060
65
85511
78
88245
84
88525
79
89517
32
91029
68
91339
69
91710
86
91830
79
91990
32
92201
65
92341
83
92591
80
92701
69
92912
84
93132
84
93242
65
93473
82
93553
69
93723
32
94184
65
94604
8
95305
85
95455
78
95716
79
95886
32
95986
83
96156
84
96357
85
96527
68
96677
69
96887
78
97008
84
97138
69
97298
32
97759
67
97859
72
97969
69
98109
32
98690
86
98800
73
98980
69
99161
78
99321
69
99461
32
99701
65
99792
32
00062
80
00232
65
00332
82
00703
76
00963
65
01134
82
01244
69
01394
32
02285
67
02385
79
02546
78
02696
32
02846
77
02966
69
03096
32
03507
69
03697
32
03998
86
04228
73
04458
84
04568
65
05019
190
05159
32
05300
16
05600
16
05880
73
06191
78
06311
32
06461
69
06702
70
06912
70
07042
69
07803
84
07953
84
08114
73
08214
32
08364
83
08504
73
08654
65
08795
77
08935
79
09115
32
09305
73
09446
78
09616
32
09826
82
10086
73
10217
84
10387
65
10838
82
11188
68
11318
79
11478
32
11659
68
11769
73
11919
32
12460
51
12680
48
12830
32
13071
77
13191
73
13972
8
14152
8
14313
8
14483
8
14633
8
14983
50
15194
48
15404
32
15624
77
15725
73
15955
78
16075
85
16195
84
16345
73
16796
188
16886
32
17016
77
17157
65
17327
83
17467
32
17687
80
18038
8
18228
8
18378
8
18519
32
18809
83
18939
80
18999
69
19119
82
19290
79
19470
32
19911
78
20041
79
20131
78
20251
32
20381
83
20481
73
20602
65
20762
32
20992
65
21112
78
21343
67
21423
79
21643
82
21753
65
21903
32
22074
65
22254
82
22424
82
22544
73
22885
86
22995
65
23245
84
23536
79
25909
190
26079
32
27231
16
27481
79
27882
32
28273
65
28423
76
29014
77
29124
69
29254
78
29544
79
29725
32
30045
67
30125
72
30306
69
30396
32
30616
78
30676
79
30836
78
30956
32
31097
83
31247
73
31347
65
31487
32
31677
83
32198
8
32399
65
32619
82
32799
82
32919
73
33120
86
33250
65
33390
84
33530
79
33620
32
33831
80
33911
82
34181
73
34321
77
34482
65
34632
32
34862
68
35002
73
35132
32
35293
78
35403
79
35653
73
36184
190
36434
13
36935
16
37125
80
37346
79
37566
73
37706
32
37886
68
38047
79
38497
66
38668
66
38788
73
38968
65
39098
77
39248
79
39409
32
39869
71
39969
73
40080
79
40340
67
40440
65
40690
82
40771
69
40881
32
41191
67
41251
79
41411
78
41512
32
41752
73
41852
76
41982
32
42233
78
42323
79
42453
83
42623
84
42753
82
42974
79
43104
32
43755
16
43875
88
44095
77
44216
76
44436
32
44576
80
44696
69
44816
82
44947
32
45197
82
45387
69
45858
84
46359
73
46549
32
46609
68
46809
73
46929
32
47230
16
47450
80
47590
69
48331
84
48462
82
49133
73
49623
190
49894
32
50034
16
50254
80
50444
79
50685
73
50905
32
51436
68
51606
79
51786
66
52017
66
52157
73
52247
65
52467
77
52628
79
52848
32
53008
65
53168
78
53248
68
53469
65
53699
82
53839
69
53990
32
54440
65
54881
76
55171
32
55762
86
55942
73
56113
82
56393
84
56924
85
57404
65
57515
76
57665
32
58095
82
58186
69
58316
65
58606
76
59247
73
59528
84
59628
89
59778
32
60018
65
60158
78
60349
68
60449
32
60689
77
60960
85
61300
76
61460
84
61601
73
61801
77
61901
69
62161
68
62241
73
62502
65
62742
32
63383
80
63503
65
63704
82
64044
75
66247
190
66407
32
66798
69
66908
32
67329
16
68050
80
68160
79
68380
73
68520
32
68851
84
68941
79
69081
82
69272
78
69422
65
69612
82
69742
69
69852
32
71685
65
71855
32
72136
71
72246
73
72326
79
73037
67
73187
65
73478
82
73588
69
73748
32
74249
67
74429
79
74569
78
74840
32
75080
73
75160
76
75320
32
75631
78
75741
79
75841
83
75981
84
76121
82
76342
79
76682
32
77323
69
77634
88
78024
84
78164
69
78535
78
78845
83
78985
73
79226
66
79346
76
79616
69
79777
32
80548
77
80688
65
80818
82
81129
75
81950
85
82100
80
82320
32
82891
76
83041
65
83272
78
83522
71
83682
85
83923
65
84273
71
84393
69
85204
190
85465
32
85885
16
86016
65
86126
32
86446
81
86606
85
86737
65
86867
78
86997
84
87398
79
87608
32
87868
80
87978
65
88119
82
88429
69
89841
32
90252
83
90402
69
90572
32
91373
83
91674
86
91814
79
92034
76
92505
71
92635
79
92765
32
93006
65
93226
78
93416
67
93556
79
93727
82
94017
32
94458
8
94648
65
94758
32
95279
85
95429
78
95659
32
96090
65
96381
67
96601
82
96771
79
97061
78
97722
73
98103
77
98203
79
00897
32
01268
67
01408
79
01558
77
01838
80
01969
76
02159
69
02509
84
02690
79
02840
32
03120
73
03250
76
03501
32
03781
77
03961
79
04622
68
05063
85
05403
76
05674
79
06345
190
06605
32
07236
16
07456
80
07667
69
07797
82
07877
32
08137
69
08328
83
08498
69
09019
77
09289
80
09680
73
09790
79
10090
32
10541
79
10701
72
11132
8
11302
8
11763
80
11903
72
12043
80
12474
32
15618
186
15909
32
16149
65
16459
67
16800
82
16940
79
17271
78
17681
73
18012
77
18142
79
18532
32
18863
68
18983
73
19163
32
19424
80
19524
69
19664
82
20415
83
20545
79
20705
78
20926
65
21647
76
22328
32
22668
72
22778
79
23049
77
23199
69
23339
32
24040
80
24211
65
24451
71
24581
69
25032
32
26023
8
26404
188
26524
32
26614
83
26784
69
26874
32
28016
66
28116
69
28367
78
28507
69
28657
32
28967
8
29138
8
29308
32
29688
82
29909
73
30089
67
30259
79
30389
82
30760
68
30900
79
31591
190
32102
32
32392
16
32532
65
32633
32
32923
81
33053
85
33234
69
33554
83
33684
84
33884
79
34075
32
34315
80
34485
85
34756
78
34856
84
35036
79
35397
32
35697
72
35787
79
35937
32
36248
70
36358
73
36588
78
36688
73
36799
83
37369
8
37720
84
37900
79
38080
32
38231
65
38461
78
38661
67
38822
72
38962
69
39132
32
39302
79
39482
71
39683
71
39743
73
39893
32
40424
69
40514
32
40704
84
40854
73
41035
32
41155
83
41335
65
41505
76
41656
85
41836
84
42006
79
44319
188
44550
32
44830
16
44990
65
45441
78
45541
68
45842
82
45952
69
46082
83
46763
9
