14115
67
14235
73
14375
65
14485
79
14756
188
15407
32
15587
77
15707
73
15797
32
15978
68
16038
73
16218
67
16388
69
16508
32
16739
86
16829
73
17139
84
17269
65
17400
32
18982
67
19072
72
19222
69
19342
32
19613
83
19743
84
19893
79
20003
32
20534
8
20724
8
21325
65
21646
8
21956
73
22136
65
22277
77
22387
79
22537
32
22897
80
23058
69
23178
82
23318
32
23528
70
23629
73
23829
78
23909
73
24059
69
24400
82
24640
8
24800
8
24920
82
25041
69
25131
32
25351
73
25451
76
25641
32
25802
78
25882
79
25972
83
26122
84
26252
82
26413
79
26573
32
27144
84
27274
69
27364
83
27464
84
27584
32
27845
69
27975
32
28606
81
28736
85
28836
73
29066
78
29187
68
29277
73
29437
32
29627
78
29737
79
30038
8
30218
8
30589
67
30739
79
30869
78
31019
32
31189
82
31330
73
31580
78
31760
78
31850
79
32291
86
32451
65
32662
84
32812
79
32922
32
33182
69
33322
78
33833
84
33983
85
34264
83
34374
73
34514
65
35395
83
35776
77
35926
79
36567
32
36797
77
36938
73
37098
32
37318
65
37849
67
38019
67
38199
73
38330
78
39461
71
39982
79
40192
32
40423
65
40563
32
40933
67
41114
79
41264
77
41815
80
42125
73
42446
76
42646
65
42866
82
42986
69
43167
32
43417
73
43557
76
43757
32
43908
77
44038
79
44178
68
44899
85
45220
76
45460
79
46181
190
46572
32
47683
77
47943
65
48114
32
48274
77
48344
69
48544
78
48665
84
48805
82
49696
69
49856
32
50067
76
50297
79
50457
32
50858
70
51318
65
51649
67
51849
67
51969
73
52129
79
53091
188
53221
32
53451
86
53552
73
54893
84
55054
65
55815
32
56245
77
56336
73
56496
73
57107
8
57257
32
57387
70
57527
65
57647
32
57808
78
57908
79
58038
84
58118
65
58328
82
58509
69
58659
32
59320
67
59370
72
59530
69
59660
32
61703
69
61773
82
61914
65
62114
32
62274
82
62404
73
63266
70
63376
69
63536
82
64738
73
64958
84
65098
79
65238
32
65499
83
65569
79
65819
76
66200
32
66801
8
67311
79
67431
32
67572
65
67752
32
67982
76
68133
69
68353
73
68954
190
69104
190
69234
190
71217
32
72579
86
72689
65
72799
32
73080
66
73200
69
73560
219
74001
188
74141
32
74402
67
74542
73
74682
32
74862
77
74982
69
75153
84
75353
84
75443
79
75563
32
75874
67
76004
79
76114
77
76404
85
76755
78
76985
81
77075
85
77256
69
77376
32
77636
73
77736
76
77887
32
78037
77
78197
73
78247
79
78547
32
78758
69
78858
78
79008
84
79218
85
79419
83
79539
73
79729
65
80020
83
80270
77
80420
79
81141
8
81331
8
81882
77
81962
79
82553
190
82814
190
83034
190
83555
13
86138
83
86709
79
86899
78
87020
79
87170
32
87360
65
87490
80
87641
80
87751
69
87941
78
88502
65
88602
32
89073
84
89213
79
89353
82
89503
78
89683
65
89894
84
90044
79
90274
32
90575
68
90695
65
91296
32
91486
85
91626
78
91726
65
91887
32
92067
76
92167
69
92498
90
92598
73
92738
79
93038
78
93209
69
93299
32
93479
65
93589
76
93709
32
93849
77
93970
65
94150
83
94310
84
94450
69
94601
82
97334
16
97575
188
98847
32
02171
83
03523
84
03624
82
03764
65
03954
78
04104
65
04305
77
04415
69
04595
78
04675
84
05196
8
05747
69
06267
8
06478
84
06608
69
06818
32
07058
65
07279
76
07559
67
07679
85
07990
78
08090
73
08290
32
08491
68
08591
73
08741
32
08881
76
09081
79
09232
82
09392
79
09532
32
09933
67
10053
65
10233
80
10403
73
10654
86
10754
65
11024
78
11144
79
11315
32
11495
71
11685
76
11825
73
11976
32
12096
65
12426
82
12717
71
12817
79
12967
77
13107
69
13187
78
13327
84
13438
73
17193
190
17483
32
23252
77
23392
73
23522
32
23682
83
23833
73
23913
32
24143
83
24223
84
24313
65
24734
32
24984
83
25235
77
25355
79
25565
82
26026
90
26146
65
26286
78
26526
68
26627
79
27137
32
27348
76
27458
219
27608
69
27768
78
27939
84
28059
82
28650
8
29020
85
29591
83
29721
73
29851
65
30442
83
30632
77
30773
79
31434
190
32034
13
32765
70
32886
65
33266
67
33446
67
33557
73
33917
65
34077
77
34608
79
34808
32
35089
67
35179
72
35319
69
35499
32
35780
68
35870
69
36391
83
36611
67
37162
82
37332
73
37522
86
37662
79
37763
32
38003
67
38103
79
38273
83
38394
65
38584
32
38864
67
38994
219
39205
186
39345
32
39555
78
39655
69
39836
76
39996
76
40106
65
40206
32
40366
77
40457
73
40687
65
40817
32
40977
83
41158
67
41528
82
41648
73
42259
86
42369
65
42590
78
42670
73
42890
65
43471
16
43661
190
44142
32
45243
49
45374
32
45574
77
45714
79
45964
78
46095
73
46285
84
46445
79
47036
82
47306
188
47487
32
47897
49
48017
32
48518
83
48999
8
49249
84
49379
65
49550
83
49690
84
50251
73
50391
69
50821
82
51032
65
51482
188
51683
32
52243
49
52334
32
52544
76
52734
73
52995
66
53185
82
53315
79
53806
188
54016
32
54477
49
54597
32
55037
67
55158
85
55378
83
55528
84
55849
79
56089
68
56199
73
56409
65
57020
188
57151
32
57721
8
57902
8
57982
32
58332
68
58432
69
58623
71
58733
76
58873
73
58943
32
59113
79
59654
67
59854
67
59894
72
60035
73
60065
65
60485
76
60636
73
61136
188
61246
32
61667
49
61787
32
62148
80
62268
79
62508
82
62729
84
62859
65
62979
84
63129
73
63520
76
63730
69
64231
188
64371
32
64721
50
64842
32
65182
66
65312
79
65472
84
65613
84
65723
73
65883
71
66093
76
66234
73
66584
32
67155
8
67345
69
67475
32
67716
68
67826
73
67936
32
68287
65
68667
67
68917
81
69038
85
69178
69
69588
8
69739
65
70490
188
70670
32
70870
85
71020
78
71131
65
71271
32
72643
8
72853
8
73003
32
73784
80
73995
69
75447
90
75877
188
76048
32
76288
85
76398
78
76478
32
76679
67
76789
65
77009
86
77129
79
77350
32
77600
68
77780
69
77980
76
78121
32
78321
80
78441
79
78541
82
78651
84
78822
65
79012
84
79152
73
80204
76
81616
69
83478
188
83639
32
83829
84
83959
65
84059
78
84530
84
85001
73
85351
32
85932
70
86062
79
86252
71
86373
76
86493
73
87254
188
87434
32
87724
85
87855
78
87965
65
88075
32
88275
83
88425
67
88956
65
89116
84
89267
79
89527
76
89657
65
89767
32
90008
68
90128
73
90298
32
92221
84
92341
72
92501
69
93513
8
93983
186
95496
188
95796
32
96607
65
97118
76
97398
77
97529
69
97719
78
99271
79
99421
32
99852
52
99962
32
00363
67
00493
68
00603
32
01044
86
01584
8
01935
86
02165
85
02285
79
03537
84
03848
73
05410
188
05851
32
06151
67
06301
73
06552
82
06892
67
06982
65
07162
32
07723
55
07893
32
08374
70
08655
76
09095
79
09356
80
09516
80
09736
89
13892
188
14293
32
14944
50
15134
32
15955
66
16105
73
16286
82
16456
79
17027
188
17627
32
18278
49
18439
32
18759
67
18909
72
19029
73
19150
65
19751
86
19921
69
20762
32
23516
69
23646
32
24227
49
24367
32
24638
77
24758
79
25048
85
25198
83
25339
69
26540
80
26640
65
27642
68
30997
190
31127
32
31347
16
31507
67
31848
73
31998
32
32208
83
32339
79
32559
78
32659
79
32849
32
32990
65
33100
78
33320
67
33410
72
33560
69
33721
32
34081
68
34221
85
34412
69
34542
32
34672
77
34752
79
34942
78
35073
84
35173
69
35583
8
35754
8
35874
69
36004
84
36134
69
36635
188
36805
32
38157
85
38277
78
38377
65
38528
32
39158
68
39269
65
39399
32
39910
68
40520
73
40831
67
40951
69
41462
8
41662
8
41922
69
42443
67
42583
73
42734
32
42984
69
43094
32
43625
85
43745
78
43795
65
43935
32
44236
68
44356
65
44476
32
44646
85
44777
78
45037
32
45307
67
45427
69
45568
78
45778
84
45938
69
46158
83
46599
73
46950
77
47080
79
47711
190
47861
190
48021
190
48332
32
48662
65
48672
78
49844
67
49954
72
50084
69
50244
32
50415
79
50605
71
50765
71
50935
73
51146
32
51476
72
51616
79
51797
32
51997
70
52077
73
52257
78
52347
73
52488
84
52638
79
52738
32
53058
68
53179
73
53289
32
53589
67
53639
79
53789
77
54190
80
54821
73
55081
76
55222
65
55512
82
55622
69
55913
32
57925
8
58747
190
59017
32
60709
9
