52653
16
52844
67
53044
72
53164
69
53264
32
53915
66
54015
69
54296
76
54396
76
54616
79
55568
188
55748
32
55918
65
56038
32
56259
81
56339
85
56499
65
56619
78
56779
84
56920
79
57070
32
57641
80
57831
65
58041
82
58171
69
58272
32
58502
68
58652
79
58812
86
58892
82
59133
69
59243
73
59363
32
59543
69
59794
83
59964
83
60044
69
60234
82
60335
69
60475
32
60815
86
60925
69
61076
82
61536
83
61706
79
61847
32
62157
76
62297
65
62397
32
62578
70
62678
73
62818
78
62978
69
63078
32
63289
68
63399
69
63489
76
63659
76
63769
219
63890
69
63980
83
64571
80
64641
69
64761
82
64941
73
65051
77
65181
69
65282
78
65342
84
65482
79
66123
32
66343
16
66483
56
66754
79
66874
32
67164
83
67395
66
67505
65
67705
71
67775
76
67895
73
68026
79
68396
16
68717
48
69107
8
69458
57
69718
219
70439
13
70709
16
70850
86
71010
73
71280
84
71410
65
71531
32
72292
72
72422
65
72652
32
73183
71
73303
73
73644
222
73804
32
74014
70
74144
73
74305
78
74385
73
74505
84
74625
79
74725
32
75146
69
75206
32
75416
78
75516
79
75606
78
75717
32
76127
80
76227
69
76398
78
76548
83
76658
79
76858
32
77039
68
77149
73
77249
32
77409
65
77669
86
77750
69
77880
82
78190
76
78390
79
78581
32
78761
67
78801
79
78931
77
79212
80
79362
73
79492
84
79642
65
79803
76
80293
8
80473
8
81164
8
81555
76
81685
65
81805
84
81916
79
82066
32
82236
77
82336
79
82556
76
82647
84
82827
69
83308
32
83608
86
83688
79
83898
76
83999
84
84089
69
84199
32
84409
68
84489
73
84609
32
85070
77
85170
69
85290
78
85381
79
86021
190
86152
32
86302
16
86702
79
86873
71
87053
71
87153
73
87303
32
87804
77
87924
73
88044
32
88165
83
88305
79
88485
78
88585
79
88755
32
88996
65
89176
82
89396
82
89476
73
89707
86
89817
65
89987
84
90117
73
90197
32
90288
71
90428
76
90558
73
90698
32
90959
69
91219
83
91329
65
91509
77
91620
73
91770
32
91900
68
92030
69
92230
71
92321
76
92441
73
92511
32
92671
83
92761
84
92961
85
93112
68
93232
69
93382
78
93492
84
93592
73
94564
32
94784
65
94904
32
95125
67
95235
85
95345
73
95405
32
95505
65
95685
86
95765
69
95976
86
96386
79
96507
32
96747
65
97057
8
97358
70
97458
65
97648
84
97818
84
97939
79
98069
32
98249
85
98349
78
98459
32
98630
76
98700
65
98920
86
98940
66
99371
8
99541
8
99661
86
99801
79
00152
8
00312
8
00522
66
00632
79
01173
84
01183
82
01524
8
01794
8
02014
82
02125
65
02305
84
02385
79
02545
82
02906
73
03016
79
03777
190
03947
32
04889
16
05439
16
05459
76
05740
219
05970
85
06220
78
06271
73
06461
67
06571
79
06681
32
06821
80
06982
82
07062
79
07272
66
07382
76
07562
69
07713
77
07923
65
08063
32
08824
186
08914
32
09165
67
09255
72
09345
69
09415
32
09655
65
09906
86
09986
69
10156
86
10326
79
10457
32
12249
78
12349
79
12550
86
12660
69
12760
32
12960
83
13080
84
13221
85
13781
68
13912
69
14072
78
14172
84
14302
73
14402
32
14573
69
14733
32
14843
77
14953
73
15103
32
15223
83
15344
79
15544
78
15644
79
15784
32
15904
65
16265
82
16415
82
16535
73
16746
86
16876
65
17076
84
17236
73
17316
32
17767
67
17887
73
17987
78
18208
81
18288
85
18438
69
18578
32
19109
69
19359
83
19470
65
19650
77
19710
73
21282
190
21442
32
21663
16
21793
78
22153
79
22294
78
22544
32
22674
186
22824
32
23105
85
23205
78
23345
65
23475
32
23656
71
23806
82
23876
65
24026
78
24156
68
24286
69
24457
32
24647
77
24737
69
24997
68
25108
73
25258
69
25889
8
26039
65
26480
190
26630
190
26760
190
27201
13
41071
16
41221
71
41401
76
41621
73
41722
32
41852
65
41992
76
42052
84
42172
82
42282
73
42423
32
42583
83
42683
73
42933
32
43464
83
43554
65
43925
82
44115
65
44275
78
44435
78
44606
79
44976
32
45607
68
45787
73
45938
83
46098
80
46228
69
46659
82
47169
83
47300
73
47430
32
47630
80
47740
82
47890
69
48181
8
48351
8
48461
69
48541
82
48672
32
48882
83
49002
84
49152
82
49272
65
49743
68
49853
65
50885
190
70843
32
91183
16
91383
68
92384
73
92565
67
92695
73
92915
65
93085
77
93156
79
93326
32
93626
67
93746
72
93867
69
93997
32
94157
65
94277
78
94407
67
94537
79
94688
82
94828
65
94938
32
95228
78
95309
69
95549
71
95709
76
95829
73
95960
32
96150
85
96340
76
96490
84
96600
73
96801
77
97041
73
97241
32
97672
71
97772
73
97892
79
98043
82
98193
78
98273
73
98423
32
98633
78
98734
79
98844
78
98944
32
99094
65
99334
86
99394
69
99565
86
99915
65
00156
78
00226
79
00396
32
00606
85
00726
78
00786
65
00957
32
01137
67
01217
72
01307
73
01377
65
01728
82
01838
65
01978
32
02188
73
02329
68
02499
69
03000
65
03090
32
03400
68
03580
73
03711
32
03911
67
03981
79
04231
83
04342
65
04432
32
04742
70
04892
79
05003
83
05193
83
05273
69
05413
32
05603
85
05744
78
05904
32
06134
70
06244
79
06405
82
06555
77
06735
32
06925
73
07025
78
07176
32
07426
16
07566
72
07666
84
07767
77
07867
76
08047
32
08317
69
08458
32
08888
68
09138
73
09249
32
09379
67
09499
79
09829
83
09980
65
10130
32
10310
83
10460
84
10661
69
10891
83
11101
83
11242
69
11562
8
12543
69
12644
32
12854
83
13014
85
13144
76
13274
32
13435
76
13555
65
13685
84
13805
79
13905
32
14056
83
14146
69
14186
82
14556
86
14596
69
14877
82
14897
32
15468
69
15608
32
15838
67
15958
79
16159
83
16259
65
16379
32
16569
83
16709
85
16870
76
16990
32
17260
76
17450
65
17721
84
17731
82
18161
8
18602
79
18712
32
19013
67
19103
76
19193
73
19313
69
19493
78
19614
84
20845
190
21036
32
21767
16
22097
77
22227
65
22418
32
22648
68
22778
65
23018
84
23239
84
23329
79
23459
32
23780
8
23970
8
24100
8
24541
79
24671
32
24911
67
25041
72
25141
69
25262
32
25432
76
25532
65
25933
32
26143
77
26233
65
26453
71
26624
71
26694
73
26804
79
26974
82
27004
32
27174
80
27245
65
27395
82
27966
84
28096
69
28246
32
28416
68
28556
69
28727
76
28857
76
28927
65
29057
32
29538
71
29708
69
29778
78
29978
84
30099
69
30229
32
30679
67
30760
72
30870
69
30970
32
31150
76
31240
65
31451
86
31531
79
31621
82
31761
65
31911
32
32132
78
32232
69
32432
76
32602
32
33574
83
33684
69
33844
84
34014
84
34144
79
34265
82
34385
69
34515
32
34795
78
35246
79
35506
78
35737
32
36157
186
36257
32
36658
67
36768
72
36868
69
36928
32
37209
65
37579
66
37740
66
37840
73
37970
65
38090
32
39082
8
39272
65
39362
32
41675
8
41836
8
42046
32
42567
76
42667
69
42787
32
43037
73
43137
68
43288
69
43618
69
43788
32
44139
67
44259
79
44419
83
44670
221
44820
32
45070
67
45170
72
45270
73
45310
65
45591
82
45741
69
46422
188
46552
32
46733
78
46853
79
46963
78
47103
32
47283
80
47373
69
47724
78
47864
83
47984
79
48135
32
48415
67
48495
72
48615
69
48715
32
49086
70
49186
65
49416
82
49567
65
51549
8
52090
8
52130
8
52160
8
52190
8
52220
8
52260
8
52291
8
52321
8
52361
8
52391
8
52421
8
52461
8
52491
8
52521
8
52551
8
52591
8
52621
8
52651
8
52992
8
53452
190
53592
190
53713
190
54003
32
54564
70
54634
73
54974
8
55145
8
56216
16
56336
65
56607
78
56727
68
56947
82
57047
69
57198
83
57798
9
