05291
77
05421
73
05511
32
05642
83
05752
69
05882
78
06092
84
06323
79
06573
32
07304
82
07464
69
07675
83
07775
80
07915
79
08165
78
08476
83
08606
65
09087
66
09217
73
09397
76
09497
69
09617
32
10048
69
10208
32
10418
83
10549
84
10669
79
10779
32
11029
67
11140
79
11250
77
11550
80
11670
73
12031
76
12221
65
12662
78
12842
68
12942
79
13142
32
13363
65
13473
78
13653
67
13743
72
13863
69
13954
32
14164
79
14284
71
14424
71
14524
73
14645
32
14905
73
15025
76
15215
32
15346
77
15486
73
15616
79
15846
32
16147
77
16257
79
16627
68
16718
85
17008
76
17158
73
17469
78
17569
79
18160
190
18330
32
18420
83
18540
69
18640
32
18991
70
19151
73
19311
78
19431
73
19451
83
19632
67
19742
69
20012
32
20633
8
21164
8
21204
8
21234
8
21274
8
21314
8
21344
8
21675
8
22025
67
22185
79
22376
78
23047
84
23137
73
23347
78
23447
85
23577
65
23668
32
23968
67
24108
79
24258
83
25400
222
25540
73
25660
32
26431
70
26562
73
26802
78
26902
73
27133
83
27333
67
27463
69
27603
32
27834
67
27904
72
28004
69
28124
32
28284
76
28474
79
28605
32
28805
67
28895
79
29015
77
29296
80
29306
219
29416
73
29666
76
29856
79
30047
32
30297
8
30487
8
30628
8
30768
8
30928
8
31509
73
31729
76
31919
79
32350
32
32991
84
33171
85
33261
84
33442
84
33572
73
33702
32
34032
73
34163
32
34383
71
34503
73
34603
79
35074
82
35324
78
35424
73
36476
190
36646
190
36786
190
40472
32
43887
83
43997
84
44157
79
44247
32
44477
82
44588
73
44748
83
44888
80
45008
79
45329
78
45489
68
45619
69
45769
78
46430
68
46540
79
46701
32
46801
65
46961
76
47131
76
47191
69
47342
32
47982
77
48263
65
48473
73
48603
76
49334
188
49555
32
49695
77
49845
65
49955
32
53470
8
53641
8
53791
8
53931
8
54061
8
54512
32
54832
69
55103
68
55273
32
56224
222
56355
69
56505
32
56855
65
57086
32
57276
66
57606
8
57787
8
57957
66
58137
66
58277
65
58438
83
58608
84
58768
65
59269
78
59419
90
59559
65
59699
32
59920
78
60020
79
60270
73
61031
79
61181
83
61352
79
61993
190
62183
32
62313
16
62493
73
62804
78
62934
32
63064
69
63174
70
63365
70
63515
69
63775
84
63945
84
64046
73
64156
32
64426
73
64576
32
64887
70
65027
73
65297
76
65418
84
65608
82
65808
73
65928
32
66209
68
66319
73
66729
32
67150
76
67771
67
67921
65
68322
8
68522
8
69013
85
69153
67
69243
65
69383
32
69543
67
69734
72
69804
69
70034
32
70635
73
70895
77
71026
77
71136
65
71276
71
71446
73
71767
78
71907
79
72408
32
72988
69
73179
76
73299
73
73589
77
73699
73
74010
78
74130
73
74771
78
74871
79
75142
32
75362
84
75492
85
75622
84
75772
84
75933
69
76013
32
76273
76
76413
69
76554
32
76754
77
76884
65
77345
76
77795
8
77815
220
78206
8
79057
73
79177
76
85797
32
89232
68
89452
69
89692
73
89843
32
90043
68
90444
79
90664
84
90834
84
91094
79
91685
82
91785
65
91936
78
92146
68
92266
73
96122
8
96652
8
96693
8
96723
8
96763
8
96793
8
96833
8
96873
8
96903
8
96943
8
96973
8
97013
8
97554
8
97894
8
01389
67
01560
72
01660
69
01810
32
02311
80
02441
82
02581
69
02841
86
02972
69
03252
68
03392
79
03612
78
03713
79
03903
32
04123
67
04183
72
04303
69
04444
32
04654
76
04914
85
05045
73
05225
32
06046
68
06126
69
06457
66
06627
66
06727
65
06857
32
07158
70
07248
65
07448
82
07558
69
07859
32
08219
81
08349
85
08479
65
08900
76
09211
67
09291
79
09461
83
09561
65
09651
32
09821
80
09932
79
10032
83
10212
83
10272
79
10572
78
10703
79
10913
32
11053
69
11233
83
11444
83
11584
69
11754
82
11874
69
12055
32
12235
85
12335
78
13196
222
13947
32
14358
79
14638
84
14809
84
14899
73
15169
77
15460
65
16050
32
16421
73
16551
68
16661
69
16882
65
18404
190
19295
13
23050
16
23591
16
23621
16
23631
73
24082
78
24192
79
24432
76
25945
8
26245
8
26515
8
26816
8
30391
16
30671
65
34757
8
86341
16
86882
16
86892
65
88094
8
88454
16
88575
72
88815
79
88935
32
89095
76
89196
69
89306
84
89977
84
90227
79
90347
32
90588
78
90768
32
91078
8
91248
8
91689
73
91799
78
91859
32
92060
82
92170
69
92300
80
92530
85
92701
66
92861
76
92951
73
93161
67
93231
65
93341
32
93512
67
93592
72
93722
69
93782
32
94193
65
94303
32
94643
81
94814
85
94924
65
95054
78
95194
84
95344
79
95475
32
95685
80
95825
65
95975
82
96126
69
96226
32
97427
16
97628
222
97818
32
98950
222
99070
69
99220
32
99751
73
99871
78
00011
86
00151
69
01744
8
01904
8
02044
69
02495
86
02705
73
02845
84
02935
65
03256
66
03426
73
03666
69
04037
8
04347
76
04538
69
04658
32
05078
67
05179
72
05259
69
05379
32
05559
65
05749
86
05880
82
06040
69
06500
77
06611
79
07782
32
07993
73
08143
32
08283
75
08393
65
08573
77
08684
73
09895
75
09995
65
10296
90
10476
69
10767
32
11257
65
11448
78
11578
67
11658
72
11738
69
11848
32
11978
78
12068
69
12269
76
12429
76
12539
69
12649
32
12880
78
12970
79
13010
83
13170
84
13270
82
13851
69
14001
32
14212
83
14342
84
14472
82
14612
65
15273
68
15393
69
15724
16
16264
16
16274
222
16605
190
16795
32
17016
16
17146
65
17546
68
17626
32
18207
8
18377
8
18578
32
18908
68
19149
73
19229
82
19349
69
19499
32
19970
73
20090
76
20250
32
20410
86
20591
69
20731
82
20871
79
20971
32
21111
77
21232
73
21632
32
21973
86
22053
73
22293
69
22413
78
22634
69
23054
32
23275
68
23395
65
23475
32
23685
80
23785
69
24006
78
24106
83
24226
65
24456
82
24576
69
24707
32
25197
67
25307
72
25378
69
25508
32
25648
80
25758
79
25868
83
26039
83
26139
65
26299
32
26599
69
26890
83
27100
83
27200
69
27380
82
27521
69
27731
32
27961
65
28252
66
28412
66
28562
65
28823
83
28963
84
29103
65
29544
78
29744
90
29854
65
30014
32
30545
69
30815
86
30956
73
31216
84
31346
65
31757
66
31897
73
32227
76
32338
69
33419
190
33569
190
33710
190
33870
32
34020
77
34120
65
34290
71
34471
65
40680
82
40830
73
40970
32
41150
76
41250
65
41391
83
41611
67
41821
73
42212
65
42322
78
42612
68
42753
79
43103
71
43263
76
43393
73
43584
32
43764
85
43854
78
44024
32
44235
80
44365
79
44465
83
44565
84
44725
79
44806
32
45166
68
45286
79
45416
86
45607
69
45757
32
46358
86
46528
73
46698
86
46838
69
47019
82
47209
69
48050
188
48200
32
48411
81
48551
85
48551
73
49012
8
49272
65
49582
76
49783
67
49883
79
50123
83
50233
65
50353
32
50574
68
50694
65
50844
32
51135
81
51806
220
52457
8
52627
8
53117
78
53117
77
53768
8
54159
8
54519
77
54680
65
54790
78
54980
71
55080
73
55220
65
55421
82
55551
69
56112
32
56372
69
56462
32
57173
68
57334
65
57454
32
57774
66
57884
69
58205
82
58285
69
58415
32
58946
69
59477
68
59607
32
59737
85
59877
78
60037
32
60358
76
60468
65
60568
86
60738
79
60839
82
60989
79
61229
32
61560
68
61790
65
61880
32
62241
70
62341
65
62561
82
62701
69
63432
190
63603
190
63743
190
64374
8
64584
8
64934
32
65135
16
65305
77
65505
65
65595
32
65786
80
66276
65
66527
82
66637
69
66767
32
67148
67
67909
72
68019
69
68149
32
68399
83
68580
73
68660
65
68760
32
69241
80
69381
73
70272
222
70573
85
70673
32
71274
70
71384
65
71704
67
71874
73
72115
76
72265
69
72345
32
73066
65
73236
78
73427
68
73767
65
73997
82
74128
69
74258
32
74538
67
74668
79
74779
78
74939
32
75029
73
75389
32
76231
67
76321
65
76551
84
76691
69
76822
82
77172
80
77282
73
77503
76
77653
76
77753
65
77983
69
78133
82
78524
8
78694
8
78834
82
79005
32
79545
69
79616
32
79876
84
80036
73
80156
82
80277
65
80457
82
80587
69
80667
32
81268
71
81448
73
82370
222
82510
85
82640
32
83321
84
83561
85
83671
84
83822
84
83932
79
85824
190
86415
32
86826
16
87066
70
87407
73
87587
78
87637
69
87807
32
88128
68
88288
69
88448
76
88629
32
88829
77
89009
79
89760
68
89820
85
90131
76
90361
79
90962
190
91112
190
91242
190
91433
32
91613
16
91783
65
92083
78
92204
68
92444
82
92524
69
92614
83
93045
9
