64893
16
65234
79
65374
71
65564
71
65735
73
65865
32
66576
186
66796
32
67117
73
67227
76
67337
32
67507
50
68138
53
68278
32
68779
65
68989
80
69180
82
69330
73
69670
76
69891
69
82198
190
82419
32
82609
16
82749
83
82869
69
83029
32
83540
66
83640
69
83750
32
84101
82
84211
73
84411
67
84572
79
84732
82
85012
68
85173
79
85273
32
85894
186
86054
32
86324
73
86374
76
86524
32
86675
71
86755
73
86845
79
86935
82
87135
78
87256
79
87406
32
87636
68
87716
69
87886
76
88057
76
88167
65
88307
32
88597
76
88738
73
88868
66
88958
69
89058
82
89258
65
89569
90
89739
73
89859
79
90190
78
90410
69
90550
32
90871
69
91061
32
91251
83
91411
73
91962
32
92173
80
92303
85
92793
192
92944
32
93094
83
93204
84
93274
65
93484
82
93605
69
93705
32
94045
65
94165
32
94526
67
94646
65
94856
83
95077
65
95277
32
95618
83
95758
69
96319
78
96469
90
96569
65
96699
32
96859
68
97050
79
97240
86
97370
69
97460
82
97630
32
97861
76
97941
65
98111
86
98582
79
98772
82
98912
65
99173
82
99303
69
99974
32
00254
80
03649
8
03950
8
05311
190
12822
32
14715
16
15216
16
15256
16
15286
16
15316
16
15346
16
15376
16
15406
16
15446
16
15476
16
15506
16
15536
16
15566
16
15606
16
15636
16
15666
16
15696
16
15726
16
15756
16
15797
16
15827
16
15857
16
15887
16
15917
16
15957
16
15987
16
16017
16
16047
16
16077
16
16117
16
16147
16
16177
16
16207
16
16237
16
16257
76
16578
65
16708
32
17159
67
17349
79
17569
83
17649
65
17789
32
18220
186
18350
32
18460
65
18741
66
18901
66
19091
65
19211
83
19462
84
19592
65
19842
78
20073
90
20193
65
20343
32
20724
66
20864
69
21114
76
21675
76
21975
65
22106
32
23768
190
23928
190
24078
190
24539
32
25420
65
25861
78
26041
67
26212
72
26372
69
26502
32
26732
83
26832
69
26963
32
27213
65
27383
32
27704
81
27844
85
28054
65
28204
78
28415
84
28695
79
28905
32
29126
80
29236
65
30408
82
30538
69
30648
32
31319
81
31439
85
31539
69
31810
83
31930
84
32140
79
32250
32
32731
50
32931
53
32981
32
33242
65
33452
80
33602
82
33742
73
34013
76
34143
69
34283
32
35555
8
36066
8
36096
8
36126
8
36156
8
36196
8
36226
8
36256
8
36286
8
36316
8
36346
8
36386
8
36416
8
36446
8
36476
8
36506
8
36917
8
38329
70
38419
82
39100
65
39240
32
39671
85
39771
78
39961
32
40192
80
40312
79
40522
219
40672
32
40883
84
41023
79
41223
71
41323
76
41463
73
41634
69
41714
82
41864
65
42124
78
42325
78
42405
79
42685
32
42865
65
43006
78
43286
67
43366
72
43506
69
43647
32
43817
73
43907
76
44027
32
44298
50
44448
53
44548
32
44768
65
44948
80
45099
82
45860
73
46190
76
46421
69
46521
32
46901
80
47062
69
47242
82
47753
67
47923
72
48363
186
48524
32
48714
69
49044
86
49205
73
49415
68
49535
69
49645
78
49785
84
49926
69
51187
77
51358
69
51478
78
51628
84
51758
69
52109
32
52439
78
52579
79
52690
78
52900
32
53290
186
53441
32
53731
67
53861
72
54001
69
54122
32
54322
83
54442
73
54622
65
54813
32
55163
83
55353
85
55614
67
55844
67
55954
69
56084
83
56235
83
56395
65
56535
32
56866
85
56956
78
57176
65
57276
32
57537
67
57687
79
57927
83
58097
65
58218
32
58598
67
58778
79
59590
8
59840
8
60531
80
60731
82
60861
79
61142
80
61522
82
61652
73
61763
79
61903
32
62023
67
62213
79
62404
83
62714
221
62954
32
63155
71
63255
82
63455
65
63595
68
63745
73
63886
84
63986
65
64106
32
64306
80
64376
69
64477
82
64607
32
64837
84
64977
85
65087
84
65248
84
65358
73
65468
32
65728
73
65869
76
66029
32
66339
50
66489
53
67321
190
67611
13
11274
16
11775
16
11815
16
11845
16
11875
16
11905
16
11935
16
11965
16
12005
16
12035
16
12065
16
12095
16
12125
16
12155
84
13086
82
13207
65
13347
32
14238
50
14368
53
14468
32
14769
65
15019
80
15149
82
15410
73
15720
76
15880
69
15971
32
16642
69
16782
32
16992
80
17132
82
17373
73
17453
77
17633
79
17783
32
17913
77
18064
65
18204
71
18434
71
18594
73
18705
79
19365
32
20427
8
20938
8
20968
8
20998
8
21028
8
21058
8
21088
8
21128
8
21158
8
21188
8
21218
8
21248
8
21288
8
21318
8
21348
8
21378
8
21408
8
21448
8
21479
8
21509
8
21539
8
21569
8
21599
8
21639
8
21669
8
21699
8
21729
8
21919
8
22290
8
24753
16
25234
76
25484
65
25614
32
25785
80
25975
65
26135
82
26396
84
26496
69
26596
32
26786
84
26926
82
27127
73
27247
83
27357
84
27457
69
27637
32
28449
69
28559
32
28869
67
28989
72
29099
69
29220
32
29600
70
31683
82
31773
65
31904
32
32184
79
32184
80
32875
8
33035
8
33406
80
33566
79
33766
67
33997
72
34137
73
34277
32
34467
71
34497
73
34647
79
34778
82
35609
78
35709
73
35829
32
36350
83
36540
73
36590
32
36750
82
36891
73
37091
84
37191
79
37351
82
37492
78
37662
65
37732
32
37992
65
38062
32
38263
76
38363
65
38643
86
38753
79
38864
82
39074
65
39364
82
39494
69
40716
190
40896
190
41057
190
41908
32
52643
32
53194
65
53344
78
53565
67
53655
72
53805
69
53965
32
54196
83
54306
69
54396
32
54626
65
54716
32
55007
81
55197
85
55287
65
55437
78
55588
84
55778
79
55908
32
56058
68
56218
73
56399
67
56519
79
56799
78
57150
79
57500
32
57711
84
57881
79
58021
84
58552
8
59563
67
59794
67
59974
65
60114
32
60555
65
60705
32
61526
84
61766
79
61907
84
62057
84
62207
73
62347
32
62708
8
62878
8
63018
8
63199
8
63349
8
64060
85
64400
84
64550
84
64731
73
64841
32
65251
16
65422
56
65702
79
65852
32
66033
81
66203
85
66323
65
66513
83
66684
73
67164
16
67555
57
67775
32
67975
80
68126
82
68266
73
68496
77
68666
65
68777
32
69397
79
69578
32
69758
80
69878
79
70138
73
70439
188
70569
32
71150
68
71340
79
71500
86
71691
69
71801
82
71951
32
72201
76
72352
65
72782
86
72953
79
73103
82
73293
65
73463
82
73593
69
74314
190
75076
13
23759
17
24110
78
37810
37
39552
16
39712
68
40023
73
40283
67
40353
73
40513
65
40884
77
41405
79
41555
32
41966
67
42046
72
42176
69
42296
32
42506
81
42616
85
42777
65
42947
78
43107
68
43237
79
43358
32
43558
86
43618
69
43948
68
44079
79
44219
32
45020
73
45210
32
45330
77
45481
73
46061
69
46192
73
46312
32
46682
67
46792
79
46873
77
47083
80
47213
65
47343
71
47524
78
47634
73
47804
32
47934
68
48064
73
48154
32
48415
67
48535
79
48815
82
49076
83
49176
79
49336
32
49677
67
49787
72
49917
69
50037
32
50278
65
50468
78
50648
67
50838
79
51049
82
51139
65
51269
32
51850
68
51930
69
52210
86
52350
79
52601
78
52741
79
52891
32
53082
68
53222
73
53622
8
53793
8
54023
70
54173
73
54393
78
54494
73
54634
82
54744
69
54884
32
55255
76
55375
219
55665
85
55926
78
56016
73
56166
86
56236
69
56406
82
56717
83
56817
73
57778
84
58039
222
58269
32
58469
16
58670
56
59250
69
59401
32
59801
65
59991
76
60252
77
60442
69
61123
78
61223
79
61514
32
61704
85
61794
78
62054
79
62295
32
62435
65
62565
78
62705
67
62846
79
63026
82
63126
65
63256
32
63487
70
63617
73
63797
78
63887
73
64157
82
64268
69
64468
32
64618
71
64798
76
64919
73
65069
32
65179
69
65569
83
65650
65
65980
77
66110
77
66631
8
67112
73
67242
32
67352
68
67482
69
67612
76
67763
32
67863
80
68003
82
68143
73
68364
77
68454
79
68584
32
68714
65
68864
78
69044
78
69115
79
69465
16
69966
57
70877
32
71047
80
71188
69
71528
78
71658
83
71859
79
72119
32
72369
67
72469
72
72610
69
72740
32
72860
73
73010
78
73401
32
73551
69
73791
70
73972
70
74102
69
74282
84
74472
84
74963
73
75303
32
76005
65
76075
32
76255
77
76345
69
76806
32
77026
78
77126
79
77246
78
77537
32
77897
186
78047
32
78218
65
78358
78
78658
68
78809
65
79129
84
79219
65
79359
32
79690
80
79820
79
80120
73
80321
32
80531
80
80681
82
80801
79
81422
80
81713
82
81833
73
81943
79
82123
32
82504
67
82774
79
82995
83
83255
221
83445
32
83686
77
83856
65
84687
76
85168
69
85779
32
86039
69
86169
32
86690
65
86860
32
87090
81
87241
85
87331
69
87571
83
87721
84
87902
79
88002
32
88502
80
88733
85
89023
78
89224
84
89444
79
89704
32
90575
72
90726
79
90876
32
91146
81
91347
85
91837
65
92088
83
92228
73
92448
32
92869
70
92999
73
93269
78
93410
73
93580
84
93760
79
93920
32
94221
68
94341
73
95312
32
95593
67
95703
79
95823
77
96484
8
96654
8
96804
8
96945
83
97195
67
97385
82
97576
73
97696
86
97816
69
97896
82
98226
69
99118
190
99448
9
