12369
81
12639
85
13120
69
13410
83
13551
84
13641
65
14021
32
14342
77
14482
65
14882
84
15063
84
15203
73
15463
78
15654
65
15804
32
16294
77
16455
73
16585
32
16785
83
16955
79
17276
78
17516
79
17797
32
18227
83
18407
86
18598
69
18848
71
18998
76
19159
73
19329
65
19539
84
19689
79
19840
32
20230
65
20450
76
20591
76
20731
69
20831
32
22473
54
22764
190
23054
51
23214
48
23545
32
23865
69
23986
32
24126
78
24246
79
24446
32
24907
8
25418
78
25538
32
25948
186
26069
32
26479
67
26569
72
26749
69
26780
32
26970
77
27100
73
27200
32
27521
65
27771
66
27931
66
28081
73
28141
65
28362
32
28632
70
28752
65
28983
84
29173
84
29253
79
29393
32
29584
80
29704
79
29924
73
30064
32
30415
81
30525
85
30645
69
30845
83
31046
84
31236
79
31356
32
31817
71
31937
82
32127
65
32508
78
32678
32
33019
80
33169
73
33229
65
33449
67
33639
69
33890
82
34070
69
34611
190
34731
32
34941
16
35071
72
35282
79
35422
32
35642
76
35702
69
35873
84
36033
84
36153
79
36423
32
36694
83
36904
85
37014
76
37144
32
37365
86
37455
69
37675
78
37835
69
37845
68
38206
82
38877
8
39388
8
40209
82
40489
68
41070
221
41220
32
41601
68
41701
73
41811
32
42102
82
42262
69
42392
80
42572
85
42773
66
42933
66
43063
76
43173
73
43373
67
43484
65
43644
32
43854
67
44175
69
44625
8
44986
72
45136
69
45286
32
45426
78
45516
79
45647
78
45767
32
46027
66
46177
73
46348
83
46778
79
47029
71
47369
78
47780
73
47940
69
48280
8
48431
8
48571
69
48761
82
48991
69
49552
66
49733
66
49843
69
49983
32
50223
68
50383
79
50544
82
50744
77
50884
73
51105
82
51265
69
51415
32
51625
77
51775
65
52697
73
52947
32
53117
77
53268
69
53628
78
53758
79
54059
32
54489
68
55250
73
55481
32
55931
56
56622
16
57183
16
58876
8
59366
55
59457
32
59887
79
60127
82
60288
69
60808
32
61109
65
61359
32
61590
78
61710
79
61910
82
62551
8
62851
84
63132
84
63262
69
65215
32
65435
69
65575
32
65766
80
65876
79
65976
83
66647
84
66817
79
67037
32
67478
67
67578
72
67748
69
67829
32
69140
78
69201
79
69371
78
70032
32
70683
86
70843
65
71143
68
71344
79
71484
32
71694
65
71804
32
72185
68
72485
82
72976
8
73286
79
73537
82
73807
77
74298
73
74638
82
74738
69
74909
32
75099
80
75289
82
75470
73
75650
77
75770
65
75880
32
76090
68
76221
69
76321
76
76501
76
76591
69
76741
32
77492
50
78023
190
78183
190
78344
190
78995
13
81608
73
81799
78
81899
32
82129
69
82329
70
82550
70
82610
69
82900
84
83151
84
83201
73
83651
32
83882
72
84022
79
84212
32
84372
76
84563
69
84583
84
84793
84
84963
79
85143
32
86125
65
86275
78
86505
67
86616
72
86736
69
86896
32
87056
78
87156
79
87677
8
87847
8
88198
67
88288
72
88388
69
88538
32
88719
78
88829
79
88929
78
89039
32
89329
66
89460
73
89810
83
89950
79
90131
71
90261
78
90451
69
90581
82
90772
69
91272
66
91412
66
91523
69
91743
32
92083
83
92194
65
92484
76
92704
84
92855
65
93015
82
93175
69
93345
32
93596
73
93726
32
93896
80
94036
65
94237
83
94377
84
94777
73
96229
188
96420
32
96770
70
96900
65
97161
82
97371
69
97561
32
97752
83
97952
78
98563
65
98913
67
99013
75
99204
32
99454
69
99574
32
99845
67
99955
79
00145
83
00385
69
00516
32
00716
68
00856
73
00996
32
01197
81
01357
85
01437
69
01727
83
01898
84
02088
79
02268
32
02508
84
02659
73
02959
80
03069
79
03680
190
03860
32
04511
16
04812
80
04922
82
05132
79
05533
8
05693
8
05823
82
06044
79
06634
66
06805
65
06965
66
07375
73
07656
76
08197
77
08297
69
08427
78
08537
84
08677
69
09178
32
09759
73
09859
76
10009
32
10600
84
10730
73
10991
80
11141
79
11251
32
11431
68
11551
73
11662
32
11852
65
12122
66
12623
73
12863
84
13064
65
13504
8
14015
85
14656
68
14846
73
15237
78
15417
73
17049
32
17430
16
17570
50
18221
83
18371
65
18762
76
19062
85
19273
84
19413
65
19623
82
19763
73
20114
16
20274
50
20374
32
20695
83
20825
79
21105
78
21315
79
21556
32
21796
73
21866
76
22577
32
23469
8
23659
8
23919
8
25401
76
25622
219
25832
69
26112
83
26253
65
26553
84
26733
84
26853
79
27014
32
27354
79
27615
80
27775
80
27875
79
28185
83
28336
84
28666
79
28796
32
29097
68
29257
69
29417
76
29557
32
29888
67
30018
79
30158
77
30449
80
31029
79
31290
82
31380
84
31520
65
31720
77
31801
69
31981
78
32111
84
32361
79
32542
32
32822
67
32932
72
33082
69
33193
32
33353
76
33483
65
33553
32
33994
77
34084
65
34354
71
34544
71
34615
73
34715
79
35035
82
35035
32
35586
80
35696
65
35856
82
36097
84
36237
69
36417
32
36597
68
36728
73
36858
32
37048
78
37198
79
37529
73
37709
32
38100
72
38250
65
38380
32
39001
84
39161
85
39241
84
39422
84
39682
32
39812
73
40143
8
40323
8
40773
73
40934
32
41224
73
41354
32
41615
71
41725
73
41845
79
42105
82
42596
78
42666
73
43748
190
43938
190
44108
190
44889
13
46752
16
47303
16
47333
16
47373
16
47403
16
47433
16
47473
16
47503
16
47523
83
47623
84
47784
65
48284
78
48545
65
48825
77
48945
69
49085
78
49176
84
49306
69
49506
32
49887
80
50027
69
50227
78
50337
83
50728
79
51048
32
51249
68
51339
73
51519
32
52020
83
52140
84
52310
65
52480
82
52600
84
52911
32
53241
8
53412
8
53622
32
54273
83
54443
67
54623
82
54814
73
54954
86
55014
69
55274
78
55445
68
55585
79
55835
32
56376
85
56506
78
56636
32
56796
80
56907
79
57097
219
57167
32
57417
84
57558
82
57678
79
57868
80
58128
79
58859
8
59340
80
59420
79
59631
32
59971
86
60081
69
60482
76
60702
79
60962
67
60983
79
61413
8
61613
69
61774
32
62064
80
62174
69
62294
82
62665
67
62805
72
63166
186
64087
32
65409
73
65509
76
65669
32
65930
67
66040
79
66180
77
66450
80
66581
85
66701
84
66791
69
66961
82
67201
32
67302
77
67422
73
67572
32
67953
72
68233
65
68383
32
68704
71
68894
73
69505
222
69625
32
70216
66
70396
73
70646
80
70817
80
71127
65
71448
84
71618
79
71778
32
72028
85
72139
78
72269
32
72469
80
72629
65
72880
73
72970
79
73150
32
73320
68
73440
73
73561
32
73761
86
73941
79
74161
76
74282
84
74432
69
74792
188
74923
32
75053
80
75173
69
75293
82
75523
78
75624
83
75784
79
76305
8
76475
8
76855
8
77016
8
77396
78
77566
83
77677
79
77817
32
78077
67
78187
72
78267
69
78438
32
78618
83
78778
73
78898
32
79279
83
79439
84
79569
69
79739
83
79930
83
80110
69
80330
32
81362
67
81442
79
81612
78
81802
70
81983
79
82083
78
83014
68
83224
69
83375
78
83545
84
84006
8
84256
68
84396
79
84727
32
84987
79
85117
32
85438
81
85848
81
86239
8
86740
85
86870
65
87080
76
87280
67
87441
79
88282
83
88422
65
88562
32
88833
68
88943
73
89083
32
89233
83
89363
73
89483
77
89764
73
90144
76
90305
69
90845
190
90966
190
91096
190
91416
32
91847
65
91937
32
92207
81
92358
85
92488
69
92668
83
92838
84
92948
79
93209
32
93469
80
93670
85
93910
78
94020
84
94471
79
94661
32
94841
77
94981
65
95082
78
95422
67
95562
65
95722
32
95913
80
96083
73
97094
191
97255
32
97515
83
97685
79
97896
76
98106
79
98567
32
98757
85
98887
78
99017
65
99147
32
99448
82
99688
73
99898
71
00039
65
00139
32
00459
68
00599
65
00740
32
01260
82
01371
73
01561
69
01751
77
02112
80
02262
73
02532
82
02853
69
03003
32
03223
69
03353
32
03634
81
03744
85
03854
73
04115
78
04295
68
04765
73
04936
32
05106
83
05266
79
05396
78
05517
79
05647
32
05817
65
05957
76
06107
76
06198
65
06338
32
06628
70
06718
73
06899
78
07089
69
07199
32
07610
67
08371
73
08551
65
08721
79
09302
188
09452
32
09663
16
09793
65
10333
78
10434
68
10714
82
10814
69
10894
83
13107
190
13869
9
