16536
69
16826
67
16966
67
17066
79
17267
77
17377
73
17537
32
17757
65
17918
32
18118
67
18238
79
18348
77
18609
80
18699
73
18919
76
19049
65
19240
82
19330
69
19480
32
20091
79
20201
82
20341
77
20471
65
20672
73
20842
32
21212
70
21262
69
21573
68
21703
69
22224
76
22514
77
22584
69
22745
78
22885
84
22945
69
23105
32
23335
81
23496
85
23556
69
23856
83
23986
84
24177
79
24297
32
24447
77
24547
79
24677
68
24858
85
25128
76
25328
79
25719
190
25869
32
26079
16
26220
68
26340
69
26610
86
26690
79
26810
32
26921
65
27031
86
27171
69
27361
82
27822
76
28012
79
28142
32
28363
67
28493
79
28603
77
28833
80
28994
73
29224
76
29354
65
29494
84
29644
79
29725
32
29895
80
29935
69
30085
82
30135
32
30636
66
30736
69
30996
78
31147
32
31707
51
31868
32
32028
71
32188
73
32469
82
33140
8
33430
79
33640
82
33800
78
33901
73
34011
32
34141
68
34291
73
34381
32
34692
70
34792
73
34902
76
35102
65
35483
190
35633
190
35763
190
36064
13
38297
16
38828
16
38868
16
38898
16
38938
16
38968
16
39008
16
39038
85
39388
78
39549
65
39689
32
40039
67
40210
79
40350
83
40470
65
40550
32
40780
67
40851
72
40971
69
41071
32
41201
77
41321
73
41371
32
41562
83
41682
84
41772
65
42052
86
42193
79
42333
32
42833
67
43024
72
43134
73
43274
69
43665
68
43805
69
44936
78
45748
68
45898
79
46008
32
46669
222
46789
69
46949
32
47200
67
47340
79
47400
77
47550
69
47700
32
47931
83
48081
73
48141
32
48341
82
48452
69
48592
78
48742
68
48882
65
48992
32
49193
67
49373
73
49373
79
49994
8
50244
8
50745
79
50955
82
51135
82
51236
69
51596
84
51746
84
51846
65
52427
77
52527
69
52628
78
52758
84
52858
69
52998
32
53228
73
53339
78
53509
32
53649
73
53799
84
53909
65
54100
76
54220
73
54590
65
54751
78
54861
79
55141
32
55462
76
55582
189
55902
73
56012
78
56123
71
56423
69
56453
76
56994
8
57164
8
57324
8
57485
8
57635
8
57785
8
58897
222
59067
32
59728
73
59858
78
59938
71
60088
69
60329
76
60509
83
61280
8
61440
8
61590
8
62141
76
62251
69
62512
83
62612
69
63113
32
63383
84
63533
79
63673
32
64064
83
64204
89
64515
78
64655
68
64765
65
65166
67
65286
65
65656
84
65796
69
94488
190
94898
32
95679
16
96040
73
96360
78
96471
32
96731
69
96851
70
97051
70
97142
69
97582
84
97752
84
98293
73
98413
32
98644
76
98764
65
98894
32
99205
84
99345
82
99475
65
00036
68
00406
85
00697
90
00907
73
00977
79
01257
78
01348
69
01498
32
01868
67
01948
79
02039
78
02159
68
02249
73
02609
86
02780
73
03060
68
03180
69
03441
82
03521
69
05013
32
05253
83
05363
69
05594
77
05714
66
05854
82
05944
65
06054
32
06235
65
06365
86
06525
69
06695
82
06825
69
06946
32
07226
85
07346
78
07516
32
07797
73
07907
77
08157
80
08278
79
08428
86
08508
69
08698
82
08828
73
09039
77
09109
69
09219
78
09339
84
09830
79
10300
32
10391
83
10501
69
10671
77
11422
65
11572
78
12163
84
12373
73
12614
67
12774
79
13445
188
13565
32
13715
77
13816
69
13976
78
14086
84
14186
82
14296
69
14386
32
14567
76
14677
65
14807
32
14967
84
15077
82
15899
65
16209
68
16339
85
16479
90
16630
73
16710
79
16970
78
17080
69
17180
32
17811
83
17982
73
18082
78
18172
68
18332
65
18552
67
18652
65
18993
82
19133
69
19263
32
20876
83
21036
69
22027
8
22568
8
22598
8
22638
8
22678
8
22708
8
22748
8
22778
8
22818
8
22849
8
22889
8
23159
8
23499
67
23680
79
23800
78
23950
32
24050
83
24241
73
24391
78
24561
68
24661
65
25002
67
25082
65
25422
82
25532
69
25663
32
26023
83
26143
69
26364
77
26524
66
26614
82
26694
65
26804
32
27225
70
27335
65
27565
82
27675
32
27886
82
28026
73
28186
70
28336
69
28507
82
28667
73
28827
77
28977
69
29027
78
29198
84
29428
79
29668
32
30980
65
31231
32
34275
85
34405
78
35336
65
35497
32
37009
80
37099
65
37329
82
37419
79
37630
76
37710
65
37840
32
38471
67
38561
72
38771
69
38862
32
39012
73
39102
78
39172
32
39512
65
40133
8
40904
8
41445
8
41475
8
41515
8
41545
8
41585
8
41626
8
41656
8
41696
8
41726
8
41766
8
41796
8
41836
8
41876
8
41906
8
41946
8
41976
8
42016
8
42046
8
42086
8
42126
8
42156
8
42196
8
42226
8
42266
8
42296
8
42337
8
42377
8
42407
8
42447
8
42477
8
42517
8
42747
8
42917
8
43088
8
43889
8
44420
8
44460
8
44490
8
44530
8
44570
8
44600
8
44640
8
45731
70
45812
65
45922
32
46072
82
46202
73
46342
70
46442
69
46573
82
46693
73
46783
77
46883
69
46953
78
47113
84
47404
32
47824
8
48365
79
48455
32
48676
65
48816
32
49006
85
49096
78
49136
65
49287
32
49457
80
49527
65
49637
82
49797
79
50008
76
50128
65
50268
32
50558
67
50628
72
50719
69
50829
32
50979
73
51119
78
51269
32
51440
73
51600
84
51750
65
51880
76
51970
73
52040
65
52241
78
52341
79
52501
32
53042
72
53102
65
53212
32
53473
67
53553
79
53643
77
53863
85
54063
78
54704
69
54985
77
55095
69
55195
78
55345
84
55485
69
55596
32
55886
85
55986
78
56176
32
56317
65
56467
77
56737
66
56887
73
57098
84
57208
79
57338
32
57629
83
57759
69
57929
77
58079
65
58189
78
58330
84
58450
73
58730
67
58840
79
59000
32
59141
68
59291
73
59912
86
59952
69
60182
82
60392
83
60633
79
61434
190
61634
32
61815
16
61935
68
62165
79
62325
86
62425
82
63247
79
64298
222
64488
32
64709
32
66051
8
66251
8
66381
8
67833
222
67903
79
68054
32
68674
73
68805
78
68925
84
69025
69
69205
82
69365
82
69476
79
69626
71
69716
65
69906
82
70026
69
70147
32
70777
81
71068
85
71138
65
71348
76
71498
67
71739
69
71929
32
72240
8
72430
8
72941
72
73031
69
73141
32
73391
69
73611
83
73812
80
73942
69
74162
82
74853
84
74943
79
75124
32
75494
68
75604
73
75745
32
76135
76
76235
73
76486
78
76676
71
76786
85
76896
73
77056
83
77177
84
77717
73
78318
67
78448
65
79440
190
79610
190
79760
190
86400
13
95533
16
96074
16
96104
16
96144
16
96174
16
96214
16
96254
16
96284
16
96324
16
96354
16
96394
16
96424
16
96464
16
96504
16
96534
16
96575
16
96605
16
96645
16
96675
16
96715
16
96755
16
96785
16
96825
16
96855
16
96895
16
96925
16
96965
73
97666
78
97856
32
98037
69
98467
70
98627
70
98778
69
99278
84
99459
84
99629
73
99849
32
00730
16
01111
222
01341
32
01912
83
02112
89
02293
78
02503
68
03054
73
03204
67
03274
65
03514
84
03675
69
03935
68
04035
32
04236
67
04376
79
04476
78
04716
84
04796
69
05027
78
05668
84
05838
83
06369
16
06569
222
06829
32
07080
32
08041
70
08151
65
08271
32
08532
85
08642
78
08992
65
09623
83
09743
85
09974
65
10264
8
10485
8
10635
8
10945
8
11406
65
11546
32
11756
83
11877
85
11987
65
12147
32
12347
70
12537
73
12728
71
12988
85
13138
82
13238
65
14040
188
14170
32
14350
77
14460
69
14590
78
14741
84
14871
82
15011
69
15422
32
15692
67
15852
79
15962
78
16353
84
16513
69
16673
78
16784
85
16914
84
17114
73
17324
32
17555
83
17705
73
17855
78
18927
68
19057
65
19337
84
19477
73
19608
32
19868
83
20028
69
20639
77
20809
66
20910
82
21020
65
21190
32
21751
81
21881
85
22151
65
22382
76
22732
67
22882
79
23153
83
23353
65
23523
32
23734
68
23894
73
24074
32
24244
65
24485
66
24685
66
24755
65
24895
83
25076
84
25196
65
25486
78
25666
90
25837
65
26017
32
26277
68
26427
73
26678
86
26768
69
26998
82
27249
83
27489
79
28330
190
28480
190
28611
190
29021
13
29542
16
29692
67
30083
72
30173
73
30874
83
31054
83
31244
222
31685
65
31785
32
32426
70
32586
82
32767
65
32867
32
33137
81
33317
85
33417
65
33578
78
33818
84
33938
79
34129
32
34509
70
34639
73
34850
78
34950
73
35080
83
35230
67
35470
79
36101
78
36201
79
36492
32
37113
76
37243
69
37373
32
37864
85
37954
78
38124
68
38214
73
38785
67
38905
73
39566
32
39787
86
39877
79
40097
76
40217
84
40327
69
40438
32
40708
73
40818
78
40988
32
41209
67
41339
85
41459
73
41649
32
42110
66
42300
73
42430
83
42591
79
42901
71
43001
78
43141
65
43232
32
43572
82
43672
73
43883
69
44023
77
44323
80
44453
73
44674
82
44774
69
44944
32
45315
73
45425
76
45585
32
45735
77
45855
79
46066
68
46637
85
46957
76
47187
79
47738
16
48279
16
48309
16
48349
16
48379
16
48419
16
48459
16
48489
16
48529
16
48559
16
48599
16
48629
16
48669
16
48709
16
48740
16
48780
16
48810
16
48850
16
48890
16
48920
16
48960
16
48990
16
49030
16
49060
16
49100
16
49140
16
49170
16
49210
16
49240
16
49280
16
49310
16
49350
16
49390
16
49421
16
49461
16
49491
16
49531
16
49561
16
49601
16
49641
16
49671
16
49711
16
49741
16
49781
16
49811
16
49851
16
49891
16
49921
16
49961
16
49991
16
50031
16
50061
16
50101
16
50142
16
50172
16
50212
16
50242
16
50282
16
50312
16
50352
16
50392
16
50422
16
50462
16
50492
16
50532
16
50562
16
50602
16
50642
16
50672
16
50712
16
50742
16
50782
16
50823
16
50853
16
50893
16
50923
16
50963
16
50993
16
51033
16
51073
16
51103
16
51143
16
51173
16
51213
16
51243
16
51283
16
51323
16
51353
16
51393
16
51423
16
51463
16
51493
16
51534
16
51574
16
51604
16
51644
16
51674
16
51714
16
51744
16
51784
16
51824
16
51854
16
51894
16
51924
16
51964
16
51994
16
52034
16
52054
191
52375
32
52845
16
52976
65
53236
78
53486
67
53617
72
53797
69
53987
32
54468
79
54608
71
54818
71
54989
73
55109
32
55820
72
55970
79
56110
32
56350
70
56481
73
56731
78
56861
73
57142
84
57472
79
57652
32
58353
68
58544
73
58674
32
58774
83
59024
67
59124
82
59295
73
59485
86
59575
69
59725
82
60206
69
60837
188
60997
32
61237
16
61378
65
61698
78
61798
68
62029
82
62129
69
62239
83
62780
190
63040
9
