21029
16
21159
83
21309
84
21450
79
21530
32
21930
80
22040
69
22151
82
22221
32
22511
70
22611
65
22872
82
22952
69
23082
32
23322
76
23412
69
23633
90
23753
73
23863
79
24093
78
24174
69
24264
32
24434
65
24584
76
24714
32
24845
77
24985
69
25375
8
25515
65
25616
83
25886
84
26006
69
26146
82
26377
32
26777
69
26907
32
27138
72
27238
79
27308
32
27649
81
27789
85
27919
65
28019
76
28219
67
28289
72
28450
69
28520
32
28700
77
28820
73
29031
78
29131
85
29261
84
30002
79
30062
32
30212
68
30282
73
30423
83
30543
80
30663
79
30943
78
31013
73
31174
66
31264
73
31484
76
31644
69
31805
188
31915
32
32135
81
32235
85
32305
73
32506
78
32606
68
32696
73
32836
32
33016
65
33146
32
33647
81
33787
85
33888
69
34108
83
34218
84
34338
79
34428
32
34569
80
34679
85
34879
78
35009
84
35129
79
35219
32
35460
78
35570
69
35660
32
35930
65
36081
80
36201
80
36351
82
36471
79
36772
70
37022
73
37122
84
37262
84
37363
79
37473
32
37633
80
37723
69
37813
82
37923
32
38204
67
38284
79
38374
77
38594
80
38875
73
39105
76
39195
65
39606
82
39736
69
39886
32
40177
73
40267
76
40427
32
40537
77
40647
73
40777
79
41008
32
41148
77
41318
79
41519
68
41629
85
41889
76
42149
79
42680
190
42790
32
42971
16
43181
73
43401
77
43561
77
43612
65
43782
71
44383
73
44613
78
44733
79
44873
32
45514
67
45604
72
45705
69
45825
32
46035
83
46155
84
46295
79
46386
32
46536
65
46676
78
46906
67
46976
72
47127
69
47227
32
47367
80
47497
69
47597
82
47717
32
48168
83
48418
85
48609
80
48719
69
48799
82
48969
65
49149
82
49270
69
49440
32
49720
86
49871
73
50071
84
50221
65
51453
188
51533
32
51923
68
52024
69
52234
86
52354
79
52434
32
52554
65
52775
86
52865
69
53335
82
53486
76
53676
79
53836
32
54197
67
54257
79
54367
77
54617
80
54707
73
55048
76
55709
65
56200
84
56390
79
56770
32
56951
80
57091
73
57722
191
57872
32
58092
79
58192
32
58323
77
58453
69
58583
78
58673
79
58833
32
59755
83
59835
69
60055
73
60135
32
60326
86
60416
79
60676
76
60816
84
60936
69
61517
190
61677
32
61808
16
61948
83
62148
80
62238
69
62379
82
62499
79
62609
32
63380
67
63420
72
63580
69
63640
32
64341
66
64492
65
64632
83
64762
84
64912
73
65022
32
65333
85
65463
78
65593
32
65723
83
66004
69
66144
78
66234
83
66424
79
66635
32
67245
16
67396
50
67646
76
67656
192
68067
8
68557
73
68808
77
68938
73
69108
84
69228
65
69809
84
70570
79
70861
16
71021
50
71161
32
71472
68
71572
69
71782
76
72052
69
72133
76
72413
8
72573
8
73034
76
73144
69
73254
32
73655
70
73765
82
73925
65
74636
83
74726
73
74846
32
74987
80
75127
69
75237
82
75367
32
75557
70
75638
65
75828
82
75988
69
76188
32
76479
76
76579
65
76659
32
76899
84
77020
85
77130
65
77300
32
77781
86
77881
69
78121
82
78201
73
78452
70
78552
73
78812
67
78912
65
79123
190
79283
32
79363
16
79653
73
79904
78
80054
32
80334
69
80525
70
80685
70
80775
69
80935
84
81125
84
81236
73
81366
32
81536
80
81656
79
81766
84
81887
82
82107
69
82307
66
82467
66
82558
69
82778
32
83068
69
83359
83
83549
83
83609
69
83769
82
83950
69
84240
32
84390
73
84480
78
84661
84
84731
69
84941
82
85081
69
85392
83
85592
83
85712
65
85902
78
86012
84
86173
69
86293
32
86583
86
86673
69
86924
68
87084
69
87344
82
87465
69
87565
32
87825
83
87965
69
88166
32
89107
76
89247
219
89437
69
89628
83
89798
69
90409
8
90679
80
90829
69
90950
82
91150
73
91350
77
91440
69
91570
78
91651
84
91811
79
91971
32
92201
65
92332
32
92772
8
92932
8
93433
72
93563
65
93684
32
96538
80
96658
79
97159
8
97329
8
98631
85
98731
78
98851
32
99051
83
99252
85
99462
67
99672
67
99842
69
99933
83
00113
83
00243
79
00423
32
00744
68
00854
73
01024
86
01144
69
01365
82
01545
83
01675
79
01855
32
02236
65
02336
32
02546
83
02686
69
03087
67
03247
79
03347
78
04119
68
04219
65
04349
32
04559
68
04679
69
04810
76
04900
32
05190
84
05380
73
05581
80
05661
79
05741
32
05921
68
06071
73
06171
32
06422
84
06552
69
06592
83
06752
84
06983
79
07103
32
07393
79
07503
32
07704
77
07824
69
07984
78
08064
79
08204
32
08585
8
08925
190
09036
32
09156
16
09326
80
09416
69
09546
82
09636
32
09917
8
10077
8
10227
8
10307
69
10388
82
10528
32
10788
69
10928
83
11099
69
11950
77
12170
80
12400
73
12501
79
12621
32
12761
85
12891
78
12931
65
13071
32
13342
80
13452
69
13582
82
13752
83
13812
79
13963
78
14123
65
14203
32
14513
67
14564
72
14734
69
14824
32
15174
83
15355
67
15515
82
15675
73
15905
86
16016
69
16156
82
16586
8
17197
32
17398
85
17488
78
17578
65
17678
32
17908
77
18029
65
18229
73
18309
76
18439
32
18549
80
18659
69
18750
82
18990
83
19130
79
19230
78
19571
65
19691
76
19831
69
19931
32
20122
80
20242
79
20372
84
20462
82
20732
69
20893
66
21103
66
21183
69
21363
32
21864
83
22034
67
22215
82
22415
73
22585
86
22725
69
23076
82
23176
69
23346
32
23947
16
24087
50
24328
77
24568
69
24999
67
25229
67
25329
65
25529
78
25649
73
25810
67
25920
65
26080
77
26190
69
26280
78
27182
84
27302
69
27482
16
27642
50
27793
32
28023
73
28173
78
28303
32
28443
77
28544
79
28654
68
28774
79
28914
32
29215
68
29275
73
29515
86
29605
69
29886
82
30016
83
30156
79
30226
32
30627
68
30747
65
30867
32
31027
85
31117
78
31238
65
31348
32
31478
80
31608
69
31738
82
31989
79
32489
8
32640
83
32820
79
32970
78
33441
65
33541
32
33811
67
33891
72
34022
69
34102
32
34342
83
34422
67
34592
82
34763
73
34933
86
35023
69
35424
32
35624
85
35714
78
35844
65
35934
32
36145
77
36235
65
36445
73
36555
76
36826
32
38658
78
38758
79
38848
78
39049
32
39249
80
39389
69
39569
82
39990
83
40190
79
40491
78
40601
65
40891
76
41062
69
41592
190
41733
32
41853
16
41973
65
42223
78
42323
67
42454
72
42564
69
42664
32
42894
83
43024
69
43125
32
43255
78
43335
79
43455
78
43545
32
43876
78
44066
69
44186
32
58296
83
58397
79
58577
78
58657
79
58747
32
58917
80
59027
79
59238
73
59408
32
59698
80
59869
65
60019
82
60339
84
60690
73
60860
67
60970
79
61181
76
61291
65
61621
82
61982
77
62102
69
62172
78
62322
84
62452
69
62583
32
62813
83
62873
73
63264
18
65407
67
65647
85
65857
82
66028
79
66428
190
66668
32
66829
16
66929
65
67029
32
67249
81
67359
85
67450
69
67690
83
67780
84
67970
79
68131
32
68421
80
68591
85
68862
78
69002
84
69132
79
69763
32
70053
84
70214
73
70284
32
70474
76
70574
65
70694
83
70854
67
71105
73
71225
79
71325
32
71525
69
71646
32
72016
86
72096
65
72277
68
72417
79
72517
32
72968
65
73068
32
73268
70
73398
65
73568
82
73709
69
73869
32
74279
71
74460
76
74630
73
75081
32
75281
69
75331
83
75561
69
75742
82
76162
67
76493
90
76963
73
77404
8
77554
8
78606
73
78726
90
78836
73
78946
32
79807
68
79918
73
80038
32
80288
74
80358
65
80588
86
80669
65
80809
83
80939
67
81199
82
81390
73
81960
80
82091
84
82271
32
83022
80
83152
69
83272
82
83372
32
83533
73
83683
32
83843
77
83943
73
84444
8
84995
8
85025
8
85055
8
85095
8
85125
8
85155
8
85496
8
85726
69
85826
32
86106
65
86287
83
86517
80
86607
32
87018
80
87168
69
87278
82
87418
32
87589
73
87749
32
87909
77
88089
73
88570
69
88690
73
88810
32
89111
83
89401
84
89601
85
89732
68
89862
69
89992
78
90102
84
90282
73
90423
32
90653
68
90763
69
90833
76
90963
32
91134
77
91254
65
91394
83
91504
84
91654
69
91785
82
91965
32
92676
67
92736
72
92876
69
92956
32
93167
83
93247
79
93457
78
93567
79
93787
32
94198
52
94539
8
94669
51
94749
32
95430
83
95530
85
95740
32
96201
83
96561
85
96812
32
97693
57
98264
190
98414
190
98534
190
98684
32
98945
67
99035
73
99125
65
99285
79
99776
188
99916
32
00137
16
00377
65
00878
78
00978
68
01258
82
01348
69
01479
83
