06400
73
06500
69
06751
82
06911
73
07101
32
07351
68
07462
73
07602
83
07882
67
08002
85
08253
84
08393
69
08693
86
08813
79
08944
32
09164
67
09274
79
09344
78
09484
32
09675
65
09805
76
09915
67
10065
85
10306
78
10416
73
10566
32
10716
65
10836
77
10937
73
11447
67
11587
73
11738
32
11988
68
12138
69
12459
86
12799
8
13490
76
13680
76
14191
65
14371
32
16264
16
16414
50
16905
86
17035
65
17145
76
17276
73
17376
68
19048
73
19329
84
19599
222
19889
16
20320
50
20550
32
20951
69
21041
32
21251
68
21352
69
21542
76
21732
76
21862
219
22173
73
22273
77
22523
80
22613
79
22653
82
22744
84
22894
65
23455
78
23635
90
23845
65
23995
32
24226
68
24366
69
24556
76
24706
76
24756
69
24907
32
25127
83
25297
67
25387
73
25538
69
25688
78
25868
90
26018
69
26559
190
26709
32
26869
16
27030
80
27150
69
27300
82
27390
32
27671
81
27851
85
27921
69
28121
83
28261
84
28402
73
28682
77
29053
8
29243
32
29423
77
29513
73
29583
69
29744
73
30124
32
30435
65
30625
77
30745
73
30945
67
31075
73
31676
188
31827
32
31907
83
32107
84
32267
85
32518
68
32648
69
32718
78
32928
84
33048
73
33138
32
33569
68
33709
73
33789
32
33960
73
34130
78
34350
71
34500
69
36644
78
36794
73
36934
69
37084
82
37575
8
37765
8
37935
8
39648
8
41641
78
41741
73
42882
69
42983
82
43403
73
43583
65
44725
32
44985
16
45236
56
45536
79
45747
32
45947
73
46037
78
46167
71
46317
69
46698
71
46828
78
46908
73
47139
69
47349
82
47719
73
47840
65
48280
16
48811
16
48811
219
49081
57
49402
32
50764
76
50914
219
51154
85
51415
78
51525
73
51745
67
51845
65
51966
32
52146
83
52266
67
52476
73
53628
69
53838
78
54049
90
54179
65
54339
32
54599
67
54719
72
54850
69
54960
32
55491
77
55611
69
55951
82
56051
73
56272
84
56402
65
56893
86
57013
65
57123
32
57333
69
57544
83
57734
83
57874
69
58044
82
58184
69
58395
32
58705
67
58855
72
58946
73
59026
65
59506
77
59637
65
60177
84
60308
65
60418
32
60688
67
60798
79
60928
77
61089
69
61199
32
61459
84
61549
65
61760
76
61890
69
61990
32
62220
69
62381
83
62791
8
63402
8
64323
83
64413
65
64744
82
64824
69
65165
66
65395
66
65475
69
65655
32
66116
76
66266
65
66416
32
66647
77
66797
65
67087
84
67217
69
67518
77
68129
65
68479
84
68619
73
69000
67
69100
65
69671
188
69871
32
70092
73
70242
78
70422
32
70552
81
70652
85
70823
65
70943
78
71203
68
71263
79
71454
32
71864
8
72024
8
72515
8
72775
84
72946
79
73136
32
73376
66
73486
65
73747
83
73937
65
74538
84
74688
65
74899
32
75159
83
75389
85
75539
32
75830
67
75970
69
76140
82
76441
84
76691
69
77522
90
77743
90
77743
69
78273
190
78424
32
78574
16
78834
73
79135
78
79295
79
79555
76
79745
84
79876
82
80106
69
81158
188
81298
32
81488
76
81618
69
81718
32
81899
65
82009
76
82139
84
82239
82
82369
69
82820
32
82980
83
83110
67
83271
73
83391
69
83581
78
83721
90
83871
69
85764
188
85974
32
86375
73
86465
78
86575
32
86726
81
86816
85
87016
65
87126
78
87326
84
87467
79
87717
32
88118
73
88348
32
88658
82
88829
73
90000
83
90180
85
91152
76
92434
84
92604
65
92854
84
93035
73
93385
32
93976
78
94096
79
94206
78
94437
32
94737
83
94927
79
95098
78
95218
79
95578
32
97050
16
97201
50
97631
67
97882
79
98092
77
98302
85
98512
78
98693
69
98863
77
98983
69
99073
78
99234
84
99704
69
99804
32
00025
65
00335
67
00505
67
00615
69
01026
84
01196
84
01337
65
01537
84
01677
73
02128
16
02268
50
02959
188
03119
32
03249
83
03379
65
03640
82
03810
69
04171
66
04331
66
04401
69
04701
82
04791
79
05102
32
05312
80
05472
73
06123
191
06504
32
07065
73
07315
78
07535
85
07796
84
07876
73
08236
76
08527
73
09318
190
09729
32
10720
16
11071
80
11361
69
11461
82
11611
32
12072
70
12212
73
12442
78
12563
73
12723
82
12843
69
19202
32
19453
76
19583
69
19723
32
19863
65
19993
76
20114
84
20224
82
20324
69
21716
32
21976
83
22106
67
22307
73
22537
69
22757
78
22857
90
23008
69
23468
32
24760
78
24950
79
25121
78
25321
32
25491
65
25762
86
25832
82
26082
69
26212
66
26363
66
26453
69
26613
82
26843
79
26973
32
27324
78
27434
69
27604
65
27745
78
27875
67
27995
72
28115
69
28295
32
28756
66
28916
73
29066
83
29597
79
29848
71
29998
78
30118
79
30298
32
30569
68
30679
73
30809
32
31079
65
31280
84
31450
84
31530
73
33252
86
33383
73
33693
84
34084
222
34254
32
34544
73
34654
78
34775
84
34915
69
35165
76
35325
76
35766
65
36217
84
36377
84
36607
85
36918
65
37088
76
37278
69
37839
188
37989
32
38169
77
38260
65
38380
32
38560
83
38961
65
39181
82
39311
69
39632
66
39782
66
39872
69
40142
82
40303
79
40553
32
40753
85
40873
78
41184
32
41374
77
41504
69
41624
82
41865
79
42426
32
42766
82
42916
73
43087
67
43247
65
43507
86
43737
65
44068
82
44248
69
44378
32
45049
68
45190
69
45380
76
45540
76
45620
69
45760
32
45911
77
46021
69
46411
67
46632
67
46732
65
46952
78
47102
73
47573
67
47663
72
47793
69
47903
32
48234
67
48434
79
48574
78
48705
83
48815
69
49075
71
49175
85
49506
69
50307
78
50467
90
50597
69
50778
32
51128
68
51228
65
51469
73
51619
32
52750
70
52851
65
53161
84
54122
73
68573
8
69334
84
69464
73
70015
190
73520
13
74221
16
74462
73
74722
78
74812
32
74942
68
75063
69
75263
70
75433
73
75613
78
75744
73
76445
84
76595
73
76825
86
76965
65
77266
32
77606
76
77716
65
77887
32
78167
82
78267
73
78507
67
78588
69
79068
67
79529
8
80160
82
80470
67
80570
65
80751
32
81021
73
81111
78
81221
32
81382
83
81662
84
81722
79
82403
82
82513
73
82653
65
83334
188
83465
32
83625
76
83715
69
83835
84
84025
84
84346
69
84787
82
84907
65
85097
84
85257
85
85508
84
85638
65
86619
8
86799
8
87290
82
87380
65
87691
188
87821
32
87981
77
88101
65
88201
32
88392
65
88572
78
88732
67
88822
72
88973
69
89103
32
89273
73
89393
78
89533
32
89694
77
89804
69
90074
68
90184
73
90725
67
90905
73
91236
78
91436
65
91536
32
92498
79
92668
32
92808
73
92908
78
93038
32
93219
65
93629
8
93970
77
94110
65
94280
84
94841
69
95151
84
95782
8
95973
82
96163
73
96323
69
96503
32
96944
83
98036
73
98316
77
98416
73
98697
76
98817
65
98987
82
99177
73
99578
32
99988
83
00189
65
00449
82
00549
69
01270
66
01450
66
01591
69
01731
32
02081
67
02222
79
02332
77
03533
8
03704
8
03974
8
05326
68
05416
73
05566
32
05857
16
05957
50
06277
83
06478
69
06768
67
06918
79
06978
78
07129
68
07259
79
07579
32
07709
76
07830
73
08000
86
08120
69
08340
76
08471
76
08681
79
09031
16
09202
50
09332
32
09702
82
09893
73
10043
83
10834
80
11044
69
11335
84
11555
84
11916
79
12276
32
12536
65
12797
76
12927
76
13137
79
13338
32
13458
83
14029
84
14149
85
14369
68
14519
73
14820
79
15030
32
15240
68
15350
69
15511
76
15681
76
15741
69
15861
32
16943
69
17203
81
17313
85
17484
65
17794
90
17964
73
18024
79
18465
78
18565
73
19406
190
19677
32
19897
16
20147
77
20588
73
20808
32
21019
76
21089
65
21239
83
21559
67
21670
73
21880
65
22050
32
22471
81
22671
85
22791
65
22961
76
23162
67
23312
72
23442
69
23562
32
23793
68
24003
85
24494
66
24624
66
24744
73
24834
79
25505
190
25675
190
26206
190
27308
9
