83430
83
83590
67
83700
85
83870
83
83980
65
84200
32
84690
76
84860
219
84970
65
85300
83
85520
83
85680
69
85900
78
86400
90
86560
65
87330
190
87490
190
87600
190
87820
32
88260
77
88430
73
88480
32
88650
83
88700
79
88870
78
89030
79
89140
32
89250
68
89310
73
89470
77
89690
69
89750
78
90080
84
90240
73
90680
67
90840
65
91120
84
91280
79
91390
32
91560
73
91670
78
91720
32
91890
81
91940
85
92110
69
92380
83
92490
84
92660
73
92930
32
93210
71
93260
73
93370
79
93540
82
93700
78
93870
73
94030
32
94200
77
94360
65
94470
32
94690
79
94910
82
95070
65
95130
32
95400
84
95510
79
95680
82
95840
78
96010
79
96120
32
96230
65
96390
32
96720
67
96830
79
96940
77
97160
80
97330
73
97600
76
97660
65
97820
82
97930
69
98040
32
98260
73
98370
76
98640
32
99030
77
99140
79
99300
68
99410
85
99690
76
99910
79
00070
32
00570
74
00680
65
00900
86
01060
65
01280
83
01450
67
03260
8
03420
8
03590
8
03700
8
03860
8
04030
8
08310
65
08590
76
08700
76
08860
219
09460
73
09570
78
09740
68
09850
73
10010
82
10180
73
10620
90
10840
90
11280
79
11550
32
11830
87
12050
87
12210
87
12320
190
12600
68
12760
73
13030
190
13470
85
14410
78
14570
73
14740
84
14850
79
15400
190
15730
73
15890
84
16330
16
16550
55
19080
18
19350
18
19410
35
19680
40
19900
34
21990
8
22540
18
22700
35
22980
40
23310
39
24130
32
24950
8
25830
18
26050
35
26330
40
26550
12
27750
8
29680
78
29790
79
29900
78
30390
82
30560
73
30780
69
31050
83
31160
67
31320
79
31430
32
32040
8
32310
65
32810
70
32920
65
33140
82
33250
69
33410
76
33580
65
33910
84
34020
73
34240
76
34460
84
34620
69
35500
16
35720
16
35830
16
35880
16
35880
55
36760
66
36820
69
37480
82
37700
71
37860
65
38360
68
38580
65
38790
78
39450
16
39560
55
40390
75
40550
69
40940
89
41100
83
41870
16
42150
16
42200
55
42530
75
42690
69
43240
89
43960
51
44290
190
44510
72
44620
84
44780
77
44950
76
45660
190
45880
13
46700
16
46870
67
47250
72
47530
73
47750
83
47910
83
48630
222
49290
32
49510
83
49620
69
49780
32
50110
73
50220
76
50380
32
50550
83
51100
79
51260
70
51870
84
52200
87
52310
65
52470
82
52640
69
52800
32
53350
186
53570
32
53790
73
53840
78
53950
32
54120
71
54230
82
54340
65
54560
68
54720
79
54830
32
55000
68
55160
73
55270
32
55600
71
55770
85
55880
78
56210
8
56430
8
56540
8
57030
70
57140
85
57250
78
57410
90
57580
73
57690
79
58020
78
58130
65
58290
82
58460
69
58570
32
58840
83
58950
73
59120
65
59280
32
59560
81
59670
85
60270
65
60380
78
60660
68
60760
79
60930
32
61480
85
61590
78
61920
79
62080
32
62140
83
62410
67
62520
82
62630
73
62850
86
62960
69
63070
32
67080
16
67300
50
67800
68
68120
73
68340
32
68730
71
68840
69
69060
84
69220
84
69330
79
69940
16
70100
50
70320
32
70650
83
70760
73
70820
65
70980
32
71260
81
71370
85
71530
65
71700
78
72410
68
72570
79
72680
32
73070
85
73230
78
73450
79
73730
32
73890
67
74220
79
74440
80
74550
73
74720
65
75540
32
76250
68
76360
65
76420
32
76860
81
76970
85
77130
65
77300
76
77570
67
77680
72
77850
69
78010
32
78560
80
79220
65
79550
82
79770
84
79930
69
80540
190
80700
32
80810
16
81090
16
81140
73
81420
78
81530
32
81750
69
81970
70
82130
70
82240
69
82680
84
82900
84
83010
73
83170
32
84710
80
85100
79
85320
82
85700
8
85870
84
85980
82
86200
69
86690
66
86850
66
86960
69
87460
82
87730
79
87840
32
88120
69
88230
83
88450
83
88560
69
88780
82
89660
67
89770
73
89880
32
90260
68
90370
69
90530
76
90700
76
90810
69
90920
32
91140
68
91250
73
91410
70
91630
70
91690
69
91910
82
92070
69
92240
78
92460
90
92620
69
92730
32
92950
78
93060
69
93280
76
93390
32
93670
77
93780
79
93990
68
94100
79
94760
32
95260
73
95370
78
95530
32
95810
67
95860
85
95970
73
96190
32
96470
83
96800
73
97130
32
97290
83
97510
67
97670
82
97780
73
98000
86
98110
69
98610
190
98720
32
98880
16
98990
65
99210
78
99380
67
99490
72
99650
69
99760
32
99930
83
00040
69
00090
32
00260
80
00480
82
00590
79
01080
66
01250
65
01410
66
01520
73
01740
76
02070
77
02120
69
02230
78
02340
84
02510
69
02620
32
02840
83
03000
79
03220
78
03330
79
03550
32
03660
80
03770
73
04430
191
04600
32
04820
76
04930
69
05030
32
05140
83
05310
79
05530
77
05690
73
06350
71
06520
78
06630
73
07120
8
07290
8
07670
76
07890
73
08110
65
08220
78
08440
90
08610
69
08710
32
09040
67
09150
72
09320
69
09430
32
09590
78
09700
79
09810
78
09920
32
10140
76
10310
69
10420
32
12010
68
12120
73
12340
70
12560
70
12670
69
12780
82
12940
69
13050
78
13270
90
13330
69
13820
190
14040
13
14480
16
14760
16
14810
16
14810
73
15140
78
15310
32
15470
81
15580
85
15690
69
15970
83
16070
84
16350
79
16680
32
16840
77
16950
79
17170
68
17340
79
17450
32
18000
72
18160
79
18380
32
18550
71
18660
73
19040
222
19260
32
19810
83
20030
67
20360
82
20470
73
20630
84
20800
84
21020
79
22390
32
23430
56
23650
32
23870
82
23980
73
24530
71
24700
72
24810
84
24920
32
25580
8
25740
8
25850
69
26020
32
26510
69
26620
32
26790
77
26950
69
27110
32
27280
78
27390
69
27500
32
27660
77
27830
65
27940
78
28160
67
28320
65
28600
78
28760
79
28930
32
29310
67
29370
73
29810
82
30140
67
30410
65
30520
32
31230
52
31620
32
31950
68
32060
65
32170
32
32330
82
32440
73
32610
69
32830
77
33980
80
34150
73
34370
82
34470
69
35020
190
35240
32
35680
16
35900
80
36070
69
36290
32
37060
8
38210
8
38430
8
38870
16
39030
82
39250
73
39420
69
39640
77
40190
80
41070
73
41290
82
41400
69
41510
32
42160
82
42330
73
43100
71
43260
72
43370
82
43870
8
44090
69
44200
32
45020
83
45130
69
45410
78
45570
90
45730
65
45840
32
47490
69
47660
83
48150
80
48370
82
48540
73
48760
77
48870
69
49090
82
49250
69
49360
32
49740
78
49850
73
50020
78
50180
69
50400
84
50570
69
50900
8
51060
8
51230
8
51340
8
51560
69
51720
78
51890
84
52000
69
52160
32
52550
68
52600
73
52770
32
52930
83
53150
73
53370
71
53480
78
53590
73
54140
70
54250
73
54520
67
54630
65
54910
84
55020
73
55570
86
55790
79
56010
32
56170
73
56280
78
56610
32
56830
69
57050
70
57270
70
57320
69
57540
84
57710
84
57870
73
58040
32
58200
78
58310
79
58420
78
58530
32
59080
186
59190
32
59470
67
59580
79
59800
83
60130
221
60290
32
60670
68
60840
73
60890
70
61110
70
61220
73
61500
67
61610
73
62820
76
63040
69
63150
32
63370
83
63530
69
63590
32
63810
83
63920
73
64130
32
66610
186
66770
32
66940
83
67100
84
67210
65
67490
84
67650
73
67810
32
68530
53
68640
32
68860
65
69080
78
69240
78
69350
73
69460
32
69680
65
69850
32
70290
83
70450
67
70560
73
71330
68
71440
69
71770
67
71990
79
72100
77
72320
32
72590
83
73310
8
73470
69
73640
32
73970
81
74190
85
74350
73
74680
78
74900
68
75010
73
75120
32
96710
83
96870
79
97360
78
97530
78
97580
79
97970
32
98350
8
98520
8
98790
8
99450
79
99620
32
99780
71
99890
73
00390
222
00610
32
00770
65
01040
82
01260
82
01480
73
01760
86
01870
65
02200
84
04230
79
04560
32
05550
73
05660
78
05820
32
05930
70
06100
79
06320
78
06430
84
06590
79
06980
8
07140
8
07470
68
07640
79
07750
32
07910
65
08080
76
08240
32
08840
70
08900
79
09060
82
09170
77
14830
190
15220
9
