38745
83
38905
84
39055
79
39221
32
39405
82
39505
69
40271
73
40383
78
40610
84
40638
83
40782
65
40955
76
41094
76
41462
8
41655
8
41819
8
41968
8
42114
8
42511
83
42746
84
42883
65
43121
76
43272
76
43786
65
44056
78
44202
68
44339
79
44731
32
45041
73
45143
76
45311
32
45419
83
45796
73
46148
83
46325
84
46441
69
46724
77
46838
65
46994
32
47135
79
47252
80
47301
69
47407
82
47547
65
47730
84
47857
73
48074
86
48203
79
48324
32
48553
68
48673
69
48824
76
48934
32
49076
80
49147
79
49362
82
49486
84
49705
83
49733
65
62696
8
63019
8
63630
65
63929
84
64134
73
64886
76
65020
69
65136
32
65311
80
65386
69
65504
82
65924
67
66032
72
66744
0
67017
32
67202
65
67526
86
67634
69
67926
86
68065
65
68302
32
24328
65
24506
78
24761
67
24796
88
25343
8
26002
79
26175
82
26279
65
26428
32
27065
77
27194
73
27461
76
27622
76
27774
69
27932
78
28117
85
28755
8
29097
73
29296
85
29527
77
29682
32
29852
69
29989
32
30324
83
30461
73
30611
32
30791
73
30875
78
31115
67
31394
82
31547
65
31702
78
31834
73
32143
65
32666
86
32770
65
32905
32
33065
85
33154
78
33243
32
33409
83
33634
65
33918
67
34104
67
34207
79
34623
188
34776
32
34975
73
35048
76
35149
32
35333
67
35454
72
35513
69
35606
32
35753
78
35853
79
35980
78
36073
32
36250
69
36439
82
36665
65
36792
32
37073
68
37300
73
37498
86
37574
69
37800
82
38021
84
38125
69
38239
78
38384
84
38492
69
40209
190
44150
32
44583
69
44849
70
44997
70
45102
69
45280
84
45453
84
46233
73
46568
86
46701
65
46858
77
47543
69
47666
78
47795
84
47915
69
48087
32
48263
78
48310
69
48559
76
48709
76
49097
69
49197
32
49424
85
49866
76
50089
84
50205
73
50385
77
50560
69
50684
32
51050
83
51142
69
60802
84
60968
84
61088
73
61329
77
61534
65
62462
78
62600
69
63288
188
63482
32
63692
73
63800
78
63971
83
64071
84
64198
65
64389
76
64535
76
64901
65
65099
78
65228
68
65377
79
65554
32
65733
84
65853
85
65956
84
66126
84
66239
73
66382
32
66729
71
66881
76
66996
73
67123
32
67163
65
67391
71
67562
71
67657
73
67770
79
67946
82
68247
78
68424
65
68610
77
68688
69
68820
78
68932
84
69068
69
69591
8
69919
73
70220
188
70339
32
70503
76
70615
69
70723
32
71054
67
71196
79
71361
83
71501
69
71642
32
71807
69
71878
82
72067
65
72520
78
72624
79
72761
32
72999
86
73095
65
73491
71
73583
65
73758
77
73824
69
73969
78
74074
84
74203
69
74363
32
74579
77
74679
73
74924
71
75040
76
75163
73
75323
79
75475
82
75575
65
75935
84
76038
69
76860
190
77172
13
78477
68
78634
73
78786
67
78926
79
79062
32
79645
86
79749
65
80135
71
80255
65
80551
77
80623
69
82004
78
82162
84
82274
69
82386
32
82582
80
82682
69
82758
82
83144
67
83281
72
83724
0
83860
32
84016
67
84168
79
84300
77
84546
85
84767
78
84981
81
85067
85
85268
69
85425
32
85738
83
85937
73
86058
32
86334
86
86450
69
86745
68
86897
65
87848
8
88022
69
88647
86
88751
65
88912
32
89201
76
89304
65
89440
32
89637
68
89918
73
90070
70
90286
70
90398
69
90576
82
91132
69
91337
78
91593
90
91765
65
92510
190
92683
190
92836
190
96242
13
99363
76
99546
65
99649
32
99842
80
99921
65
00123
82
00153
84
00884
84
01016
69
01180
32
01402
8
01605
8
01764
8
01956
69
02068
32
02468
68
02604
73
02773
86
02946
69
03110
82
03463
84
03579
69
03900
78
04016
84
04079
69
04216
32
04707
0
04815
32
05187
67
05291
72
05406
69
05486
32
07248
79
07380
71
07534
71
07666
73
07778
32
07958
78
08073
79
08193
78
08378
32
08635
79
09131
8
09674
72
09769
79
09910
32
10105
78
10218
69
10335
65
10466
78
10684
67
10792
72
10901
69
11005
32
11230
73
11338
76
11494
32
11704
76
11788
69
11948
84
12132
84
12328
79
12492
82
12592
69
12832
32
13291
67
13399
68
13880
190
14029
190
14158
190
14475
32
14693
83
14834
80
14937
69
15037
82
15240
79
15340
32
15905
67
16013
72
16068
69
16308
32
17417
8
17610
8
17764
8
17950
8
18128
8
18288
8
18450
8
18615
8
18771
8
18916
8
19377
83
19546
84
19730
79
19824
32
19965
80
20101
82
20251
79
20545
86
20690
65
20862
78
20973
68
21161
79
21282
32
21431
76
21579
65
21691
32
21864
73
21976
78
22097
83
22189
84
22269
65
22440
76
22616
76
22823
65
23161
90
23254
73
23375
79
23641
78
23824
69
23924
32
24247
68
24338
73
24506
82
24630
69
24864
84
25027
84
25107
65
25264
77
25327
69
25463
78
25551
84
25655
69
25770
32
26050
68
26211
65
26286
32
26506
70
26653
73
26779
76
26882
69
27162
83
27550
73
27748
83
28910
84
29042
69
29298
77
29419
32
29613
69
29729
32
29925
83
30049
69
30284
77
30934
66
31046
82
31177
65
31353
32
31678
78
31805
79
31917
78
32088
32
32373
80
32583
82
32723
79
32980
84
33092
69
33243
83
33349
84
33479
65
33689
82
33805
69
33944
32
34252
80
34393
73
35162
0
35337
32
35577
68
35697
73
35871
32
36286
84
36406
65
36581
78
36722
84
37235
79
37988
188
38097
32
38253
83
38425
69
38789
78
39012
90
39157
65
39280
32
39676
69
39874
83
40072
83
40173
69
40332
82
40456
69
41135
8
41537
78
41648
69
41796
32
42017
78
42150
69
42323
65
42788
67
43189
8
43712
78
43884
67
43984
72
44069
69
44191
32
44412
67
44626
79
44795
83
45099
0
45224
32
45489
67
45574
79
45699
78
45882
86
45986
73
46333
78
46599
84
47289
79
47786
190
48187
13
48552
83
49268
80
49421
69
49554
82
49727
79
49834
32
50587
67
50667
72
50781
69
50927
32
51294
50
51498
48
51655
48
51790
48
51989
32
52488
78
52584
79
52724
78
52856
32
53068
68
53351
69
53805
86
54431
8
54659
67
54879
73
55091
68
55262
65
55501
32
55617
68
55845
73
56131
32
56626
68
56758
73
56969
86
57093
69
57278
82
57687
84
57848
69
58277
8
59209
73
59462
82
60008
83
60216
73
60327
32
60506
65
60634
32
61069
83
61220
80
61405
65
61796
68
61932
82
62283
79
62829
78
62989
69
63528
71
63693
71
63822
73
63880
65
64115
82
64243
69
64366
32
64526
78
64609
69
64827
76
64943
32
65182
67
65274
79
65399
77
65675
80
65844
85
65911
84
66003
69
66188
82
67245
188
67349
32
67492
65
67680
78
67881
67
67993
72
68077
69
68242
32
68444
83
68593
69
68715
32
68901
84
69062
69
69285
77
69987
79
70159
32
70490
67
70624
72
70723
69
70908
32
71339
86
71431
79
71626
71
71710
76
71849
73
72024
65
72173
32
72434
73
72563
78
72708
83
72844
84
73010
65
73174
76
73336
76
73587
65
74281
82
74504
83
74633
73
74773
32
75316
78
75517
69
75701
76
75921
76
76054
222
77069
77
77401
66
77794
82
78283
188
78554
32
78803
69
79105
32
79344
65
79640
78
80164
8
80766
86
80903
69
81072
78
81214
68
81347
79
81456
32
81601
65
81762
78
81935
67
82088
72
82151
69
82292
32
82655
76
82779
73
83049
78
83145
85
83297
88
83425
32
83828
81
83965
85
84073
69
84321
83
84457
84
84692
79
84818
32
85298
77
85438
73
85646
32
85906
73
86027
78
86206
83
86603
8
87069
70
87547
65
87785
83
87946
84
88170
73
88347
68
88488
73
88630
83
88791
67
88963
69
89116
32
89305
65
89617
66
89813
66
89950
65
90151
83
90360
84
90993
65
91345
78
91553
90
91710
65
92323
188
92481
32
92643
77
92768
65
92917
32
93148
84
93256
69
93467
77
93579
79
93798
32
94089
67
94165
72
94335
69
94444
32
94685
68
94813
79
95238
86
95383
82
95574
0
95728
32
96040
82
96141
73
96387
77
96552
69
96862
68
96942
73
97056
65
97300
82
97425
69
97543
32
97769
68
97878
79
98013
80
98122
79
98298
32
98437
76
98549
222
98840
73
98956
78
99071
83
99171
84
99312
65
99460
76
99634
76
99814
65
00296
90
00444
73
00552
79
00890
78
01072
69
03221
190
03577
13
03925
65
04146
68
04221
69
04369
83
04570
83
04674
79
04818
32
05079
83
05200
84
05396
65
06216
70
06340
65
06629
67
06728
69
06851
78
07028
68
07120
79
07341
32
07486
73
07586
76
07699
32
07894
67
08009
79
08138
78
08967
84
09069
82
09241
79
09484
76
09634
76
09877
79
09990
32
10239
68
10420
69
10531
76
10646
32
10844
68
11032
73
11286
83
13156
79
13327
32
13556
69
13639
32
15343
8
15536
8
15769
8
16244
8
17241
67
17585
79
17696
32
17883
69
18052
32
18330
83
18463
69
18773
77
18950
66
19095
82
19210
65
19334
32
19524
78
19694
79
19761
78
20206
32
20482
86
20874
79
21017
71
21188
76
21426
73
21640
65
22012
32
22338
70
22450
73
22640
78
22801
73
23058
82
23166
69
23503
32
24325
80
24501
73
25629
0
28007
190
28476
9
