39158
67
39398
72
39498
69
39629
32
39859
68
39939
73
40179
83
40510
65
40770
83
40971
84
41141
82
41331
79
41511
32
41722
78
41832
79
41952
78
42062
32
45477
67
45607
79
45687
77
46118
80
46208
73
46438
76
46599
79
46729
32
46969
77
47049
65
47200
73
47350
32
47510
81
47590
85
47710
69
48011
83
48181
84
48872
79
49042
32
49353
70
49463
79
49623
82
49733
77
49974
32
50294
69
50414
32
50594
77
50695
73
50785
32
50875
83
50995
69
51105
78
51235
84
51335
79
51476
32
51616
85
51736
78
51826
32
52016
80
52087
79
52237
219
52377
32
52547
73
52657
78
52738
32
52948
67
52958
79
53178
76
53979
80
54200
65
54891
190
55031
190
55151
190
55361
32
56403
65
56653
68
56743
69
56964
83
57034
83
57174
79
57344
32
57615
73
57815
78
57925
73
58366
90
58466
73
58576
79
58876
69
59287
8
59507
32
59978
65
60118
32
60318
83
60519
67
60639
82
60819
73
60989
86
61080
69
61230
82
61320
69
61490
32
61750
69
61861
32
62001
78
62071
79
62211
78
62311
32
62512
77
62592
73
62722
32
62912
70
63102
69
63223
82
63653
77
63753
79
63934
32
64154
70
64254
73
64354
78
64544
67
64615
72
64985
186
65125
32
65336
78
65376
79
65526
78
65626
32
65866
83
65997
79
66157
78
66207
79
66467
32
66668
65
66818
78
66988
68
67158
65
67349
84
67739
79
67949
32
68560
70
68640
73
68871
78
68961
79
69161
32
69462
73
69602
78
69772
32
70002
70
70112
79
70363
78
70653
68
70783
79
70924
32
71144
65
71284
32
71484
82
71625
73
72065
69
72226
77
72466
80
72616
73
72876
82
72987
69
73137
32
73397
73
73507
76
73658
32
73818
77
73908
79
74299
68
74439
85
74729
76
74919
79
75500
190
76031
13
77593
68
77733
79
77914
78
78024
79
78254
32
78525
8
78695
8
78845
8
78985
8
79115
8
79476
83
79626
79
79846
78
79937
79
80087
32
80217
76
80357
69
80527
32
80838
49
80978
48
81228
32
81479
68
81599
73
81709
32
82150
77
82280
65
82560
84
82721
84
82791
73
83041
78
83191
65
84503
188
84673
32
84874
80
84994
73
85645
191
85865
32
86015
79
86136
32
86296
77
86396
69
86546
78
86626
79
87027
188
87237
32
87427
73
87528
76
87668
32
87898
67
87968
72
88158
69
88259
32
88489
83
88649
73
88920
71
89010
78
89110
73
89621
70
89731
73
89961
67
90121
65
90602
32
90962
67
91023
72
91183
69
91303
32
92475
85
92605
78
92725
65
92925
32
93586
8
93746
8
93887
8
94177
8
94648
73
94758
78
94878
32
95058
81
95148
85
95259
69
95419
83
95599
84
95719
65
95860
32
96230
71
96350
73
96450
79
96520
82
96691
78
96791
65
96901
84
97091
65
97372
32
97642
77
97722
65
97953
78
98103
67
98223
65
98904
78
98964
79
99104
32
99234
65
99345
78
99585
67
99765
79
99955
82
00146
65
00256
32
01077
49
01518
52
01718
32
02068
79
02239
82
02379
69
02539
32
03080
65
03290
76
03430
76
03531
65
03671
32
04372
77
04522
69
04852
90
05023
90
05383
65
05774
78
05924
79
06244
84
06455
84
06585
69
07276
190
07626
13
11392
16
11552
86
11762
73
11873
83
12003
84
12193
79
12313
32
12664
67
12724
72
12844
69
12994
32
13585
186
13745
32
13996
77
14086
65
14286
82
14907
84
15087
69
15768
68
16099
221
17090
188
17250
32
17561
67
17631
72
17811
69
17921
32
18512
86
18632
69
18772
78
18883
69
19023
82
19594
68
20104
221
20285
32
20575
83
20705
73
20885
32
21516
70
21627
73
21857
78
21967
73
22187
83
22378
67
22538
72
22928
8
23409
69
23539
32
23790
68
23920
73
24020
32
24200
76
24280
65
24481
86
24581
79
24761
82
24891
65
25222
82
25342
69
25462
32
25702
65
25883
76
26033
76
26183
69
26313
32
28076
53
28967
32
29598
69
29748
32
30009
67
30099
72
30179
69
30349
32
30599
78
30710
79
30840
82
30960
77
31110
65
31861
76
32202
77
32272
69
32402
78
32502
84
32652
69
32793
32
33574
83
33674
73
33834
32
34064
76
34195
65
34655
86
34806
79
34966
82
35096
65
35326
78
35446
79
35787
32
38391
56
38621
32
39132
79
39302
82
39442
69
39552
32
39763
65
39873
32
40243
71
40404
73
40524
79
40644
82
40864
78
40954
79
41475
188
41645
32
41866
80
41956
73
42527
191
42727
32
42927
79
43057
32
43198
77
43308
69
43458
78
43528
79
44159
188
44339
32
44550
73
44670
78
44820
32
45190
81
45301
85
45431
69
45671
83
45811
84
45932
65
46142
32
46382
83
46532
69
46743
84
46933
84
46993
73
47123
77
47314
65
47494
78
47704
65
47854
32
55595
66
55786
73
55976
83
56146
79
56607
71
56697
78
56857
65
57058
32
57248
65
57348
78
57668
67
58199
79
58389
82
58540
65
58790
32
58980
76
59110
65
59561
86
59701
79
59932
82
60042
65
60312
82
60472
69
60693
32
74262
85
74382
78
74443
65
74653
32
75184
50
75354
48
75524
32
75794
68
75895
73
76025
32
76696
79
76846
82
76976
69
79079
32
79269
65
79450
76
79660
69
79800
77
79940
79
80481
8
80651
8
80812
8
81543
77
81843
69
84657
78
84767
79
86810
190
86991
190
87111
190
87261
190
87662
13
88523
65
88653
32
88863
81
88943
85
89044
69
89264
83
89434
84
89745
79
90235
32
90375
80
90546
85
90786
78
90916
84
91036
79
91137
32
91327
80
91407
69
91497
82
92228
192
92318
32
92669
77
92759
65
92899
78
93089
67
93199
65
93420
78
93500
79
93600
32
93720
65
93800
78
93971
67
94271
79
94391
82
94561
65
94752
32
95593
51
95733
32
96004
82
96124
73
96334
71
96404
72
96765
69
96845
32
97105
68
97285
65
97406
32
97656
82
97766
73
97866
69
98056
77
98347
80
98457
73
98637
82
98808
69
99479
188
99659
32
99779
77
99969
65
00089
32
00460
80
00550
85
01321
192
01421
32
01602
69
01722
83
02042
83
02293
83
02363
69
02913
8
03064
8
03214
83
03945
8
04215
69
04315
82
04486
69
04666
32
04876
85
04946
78
05107
65
05247
32
05557
67
05617
79
05828
83
05908
65
06078
32
06268
78
06338
79
06439
78
06649
32
07150
67
07250
79
07540
83
07780
221
07991
32
08161
68
08311
73
08662
70
08862
70
09032
85
09303
67
09653
8
09793
8
10494
73
10755
67
10885
73
11235
76
11546
69
11646
32
12077
69
12247
76
12357
69
12527
78
12728
67
12828
65
12998
78
13238
68
13348
79
13529
32
13699
76
13829
69
13929
32
14090
80
14200
69
14530
82
14700
83
14831
79
15211
78
15482
69
15652
32
15932
67
16032
72
16132
69
16243
32
16433
72
16503
79
16683
32
17014
86
17144
73
17304
83
17404
84
17605
79
17755
32
17945
80
18045
65
18205
83
18376
83
18516
65
18886
82
18987
69
19187
32
19527
78
19738
69
19918
76
20108
76
20258
219
20489
85
20739
76
20899
84
21029
73
21320
77
21420
79
21660
32
21791
77
21931
73
22231
78
22351
85
22582
84
22942
79
23363
16
23573
190
23944
32
24084
16
24264
65
24525
78
24655
68
24885
82
25015
69
25105
65
25246
32
25466
16
25616
86
25736
65
25846
76
25987
69
26127
78
26347
84
26477
69
27629
188
27799
32
29702
16
30393
73
30393
79
30573
76
30954
8
31124
8
31565
76
31715
32
31805
68
32005
79
32186
84
32346
84
32486
79
32626
82
32746
65
33077
78
33227
68
33327
79
33507
32
33808
67
33888
72
34028
69
34098
32
34409
186
34539
32
34779
78
34799
69
35130
76
35300
76
35390
219
36271
65
36572
78
36702
71
36812
79
37033
76
37203
79
37333
32
37503
69
37643
32
38374
16
38515
66
38645
65
39045
83
39226
73
39977
76
40107
73
40307
67
40397
65
40758
84
40968
65
41178
32
41409
69
41509
32
41839
65
41950
32
42180
81
42330
85
42380
69
42591
83
42681
84
42801
79
42941
32
43041
80
43181
85
43412
78
43552
84
43682
79
44073
32
44353
72
45224
79
45375
32
45645
70
45745
73
45895
78
46076
73
46166
84
46426
73
47087
8
47748
79
48850
188
48960
32
49140
67
49230
73
49380
65
49520
79
50131
190
