10657
111
10867
103
10987
103
11087
105
11207
32
12069
112
12239
111
12399
116
12469
114
12639
101
13220
105
13300
32
13501
115
13701
99
14092
114
14262
105
14442
118
14652
101
14883
101
15333
8
15504
114
15584
101
15644
32
15974
117
16144
110
16265
32
16986
98
17336
101
17617
108
19439
108
19740
39
19880
97
20541
114
20631
116
20771
105
20921
99
21092
111
21332
108
21522
111
21923
32
25047
116
25268
105
25838
112
26039
111
26119
32
26940
99
27000
111
28072
109
28222
109
28442
101
29093
110
29283
116
29454
111
29754
44
29884
32
31667
102
31767
111
31967
110
32087
100
32238
111
32358
32
32638
101
32849
116
33109
99
33269
32
33389
101
33469
116
33720
99
33860
13
34421
8
34891
13
35272
112
35693
101
35963
99
36093
99
36303
97
36944
116
37075
111
37165
32
37415
99
37525
104
37665
101
37746
32
37996
108
38136
97
38196
32
38507
99
38607
108
38737
97
38897
115
39027
115
39208
101
39288
32
39498
110
39598
111
39678
110
39748
32
39959
115
40079
105
40149
97
40239
32
40650
113
40780
117
40870
101
41070
108
41211
108
41501
97
41661
32
42883
100
43043
105
43113
32
43784
99
44015
104
44085
105
44195
32
44385
105
45367
8
45587
108
45797
105
45887
32
45987
115
46178
99
46388
114
46548
105
46578
118
47009
101
47149
32
47269
100
47449
97
47670
118
47810
118
48231
101
48441
114
48531
101
49022
8
49272
111
49292
105
49723
8
49973
46
50284
13
50975
73
51175
110
51285
32
51495
114
51545
101
51756
97
51896
108
52196
105
52647
8
52767
116
53018
97
53188
32
53708
8
54099
39
54209
32
54520
118
55661
8
55922
113
56042
117
56142
101
56322
108
56462
108
56643
111
56733
32
57053
100
57113
105
57204
32
57704
99
57824
117
57965
105
58085
32
58375
99
58656
8
58766
118
58916
111
59086
108
59287
101
59517
118
59647
111
59757
32
60008
115
60508
99
60759
114
60929
105
61089
118
62030
114
62131
101
62581
8
62671
8
62842
101
63192
114
63252
101
63473
44
63603
32
63713
115
63823
105
63913
32
64063
102
64244
97
64374
32
64794
112
64945
101
65025
114
65105
32
65275
100
65415
105
65576
114
65636
101
65816
44
65936
32
66307
110
66377
111
66517
110
67659
32
67789
101
67999
39
68289
13
68490
99
68600
104
68740
101
68800
32
69131
99
69251
105
69341
32
69701
116
69812
101
70042
110
70152
101
70372
115
70503
115
70593
105
70683
32
71174
116
71364
97
71454
110
71594
116
71754
111
72055
44
72155
32
72315
109
72445
97
72596
32
73076
99
73176
111
73317
115
73397
105
73487
32
73807
115
73968
117
74058
32
74619
100
74729
117
74819
101
74899
32
75079
112
75360
105
75680
101
75880
100
76031
105
76281
44
76471
32
79626
113
79766
117
79936
101
80076
108
80227
108
80437
111
80527
32
80617
99
80757
104
80878
101
80928
32
81118
118
81208
105
81318
101
81549
110
81749
101
82169
32
82320
118
82430
105
82550
101
82660
110
82780
101
83061
44
83331
13
84162
101
84703
39
85024
32
86285
99
86385
104
86526
101
86606
32
86826
110
86946
111
87066
110
87127
32
87767
110
87938
101
88068
32
88238
112
88418
111
88509
115
88659
115
88819
111
89059
32
89510
112
89770
105
89951
117
90371
39
90471
32
90652
100
90722
105
90792
32
91012
118
91162
101
91333
100
91423
101
91543
114
91633
101
91763
32
92314
86
92534
101
92725
115
92955
112
93195
97
93456
32
99414
8
99685
44
99785
32
99895
115
00035
112
00115
101
00416
99
00556
105
00726
101
01247
8
01387
97
01577
108
01798
109
01948
101
02058
110
02198
116
02338
101
02509
44
02609
32
02859
99
03019
104
03160
101
03260
32
04301
102
04492
97
04642
13
04882
116
04952
114
05193
97
05533
115
06264
109
06484
105
06635
115
06765
115
06865
105
06995
111
07105
110
07235
105
07336
32
07916
115
08057
117
08287
107
08297
108
08738
8
08878
8
09328
108
09639
108
09869
39
10280
111
10680
109
10931
105
11482
99
11562
105
11732
100
11842
105
11992
111
12072
32
12253
99
12543
8
12653
100
12783
105
12844
32
13204
67
13364
111
13985
103
14055
110
14205
101
14356
44
14766
8
15417
46
15768
32
21957
86
22187
101
22297
114
22497
97
22678
109
22808
101
22928
110
24410
116
24620
101
25051
44
25171
32
25382
110
25452
111
25612
32
25962
8
26043
110
26163
32
26363
115
26473
111
26593
32
27204
102
27274
105
27424
110
27525
111
27655
32
27985
97
28556
32
28736
99
28887
104
28987
101
29167
13
29417
111
29548
114
29768
97
29918
32
30168
115
30289
111
30439
110
30519
111
30609
32
30769
97
30910
110
31050
100
31220
97
31420
116
31570
105
31671
32
32181
97
32412
118
32652
97
32852
110
32993
116
33133
105
33253
32
33513
105
33754
101
33944
114
34074
105
34194
32
34385
115
34565
101
34695
114
34885
97
35436
46
35847
32
47814
79
48034
114
48224
97
48415
44
48515
32
48955
110
48985
111
49126
110
49196
32
49817
115
49867
111
50157
32
51089
99
51109
104
51309
101
51419
32
51990
110
52070
101
52210
32
52450
112
52841
117
53081
111
53282
39
53412
32
53752
115
54023
8
54163
101
54393
115
54554
115
54734
101
54754
100
54814
114
54924
101
55244
8
55395
8
55515
8
55855
114
55925
101
56146
13
60792
8
62855
13
63466
100
63506
105
63586
32
63887
113
63977
117
64087
101
64267
108
64408
108
64478
97
64608
32
65349
99
65459
104
65549
101
65599
32
65880
99
65990
111
66901
109
67122
117
67302
110
67482
117
67542
113
68173
101
68303
32
69425
8
69645
8
69795
8
69936
8
70046
113
70236
117
70266
105
70446
101
70667
8
70787
8
70917
101
71217
44
71308
32
71448
99
71628
111
72049
108
72289
118
72800
8
73000
112
73120
101
73651
118
73751
111
73911
108
74142
101
74512
32
74682
111
74763
32
75103
110
75293
111
75474
44
75584
32
75824
101
75964
39
76104
32
76405
117
76575
110
76785
97
76856
32
77026
112
77176
111
77356
118
77587
101
77697
114
78208
101
78438
116
78558
116
78778
97
78878
44
79039
32
79349
99
79429
105
79840
13
80080
109
80190
97
80341
110
80451
100
80581
97
80901
8
81012
8
81062
99
81242
97
81362
32
81592
115
81723
111
82203
8
83615
97
83816
44
83926
32
84096
112
84176
101
84266
114
84406
32
84907
8
85147
13
85298
102
85468
111
85608
114
85808
116
85999
117
86239
110
86359
97
86499
32
86640
99
86740
104
86850
101
86920
32
89514
110
89594
111
89694
110
89774
32
90045
101
90175
39
90315
32
90455
97
90665
110
90856
99
90986
111
91106
114
91276
97
91396
32
91657
97
92138
8
92318
101
92478
115
92738
116
92919
97
93159
116
93479
97
93850
44
94140
8
94311
101
94521
8
94651
8
94761
101
94992
44
95082
32
95372
109
95412
97
95593
32
95793
112
96103
117
96624
114
96834
116
97465
114
98036
111
98336
112
98497
112
98677
111
98787
32
98987
101
99668
39
99779
32
00029
118
00159
105
00319
99
00409
105
00610
110
00720
97
00850
44
01020
32
03714
97
03965
8
04085
101
04215
32
04986
97
05086
108
05246
108
05437
111
05547
114
05737
97
05807
13
06088
99
06188
105
06688
32
07009
116
07109
111
07530
99
07660
99
07720
104
07850
101
08070
114
08271
97
08501
110
08631
110
08872
111
09012
32
09533
108
09763
101
10464
32
10644
102
10784
111
10935
116
11085
111
11205
32
11616
115
11706
117
11856
32
12277
69
12667
118
12937
97
13068
32
13478
116
13538
114
13739
101
13879
109
14089
105
14269
108
14400
97
14640
32
15030
100
15181
101
15341
108
15481
108
15601
97
15711
32
16052
70
16242
114
16402
97
16493
110
16703
122
16853
111
17664
110
17855
105
18015
32
18215
115
18375
111
19477
114
19857
112
20078
114
20128
101
20408
115
20629
97
20659
97
20799
13
21259
8
21400
8
21670
13
22021
105
22972
110
23112
32
23342
116
24043
111
24324
112
24484
108
24624
101
24825
115
24955
115
25335
32
25616
97
25776
108
25986
32
26477
109
26567
97
26847
114
27749
101
28550
46
28730
46
29371
46
29631
32
30242
8
30823
32
31164
118
31374
97
31404
97
31875
236
32055
8
32245
8
32345
8
32836
97
32986
32
33497
118
33888
8
34058
98
34238
101
34408
39
34719
44
34839
32
34969
99
35099
111
35280
109
35400
101
35560
32
35921
115
36261
97
46796
32
48108
108
48489
39
48999
105
49320
8
49490
111
49670
114
50291
103
50562
97
50732
110
50932
105
51112
122
51253
122
51413
97
51643
116
51743
111
52454
114
52504
101
52675
32
53326
100
53806
101
54007
108
54127
108
54297
39
54457
101
54778
8
54918
8
55048
8
55188
8
55288
8
55539
105
55619
32
55779
113
55879
117
55989
101
56130
115
56290
116
56370
111
56600
13
56720
101
56911
115
57041
112
57161
101
57431
114
57602
105
57832
109
57962
101
58082
110
58183
116
58583
111
58823
44
58964
32
60125
112
60245
101
60326
114
60436
32
60756
102
60886
111
61027
114
61247
116
61407
117
61627
110
61708
97
61888
32
62118
105
62419
101
62539
114
62689
105
62779
32
62929
115
63090
101
63480
114
63680
97
63751
32
64031
99
64592
39
64782
101
64872
114
65092
97
65193
32
65493
67
65673
97
65874
114
66314
108
66535
105
66715
116
66885
111
67896
39
68007
115
68307
32
69038
87
69248
97
69699
121
70951
46
71131
32
71392
69
71522
32
71952
112
72143
114
72273
105
72463
109
72924
97
73104
13
73575
111
73805
109
74015
105
74416
99
74476
105
74756
100
74816
105
74997
111
75217
32
75708
105
75958
110
76198
32
76749
100
77160
105
77370
114
77510
101
77741
116
77861
116
78091
97
78271
46
78462
32
79012
79
79113
86
79283
101
79373
114
79583
100
79693
111
79844
115
80024
101
80645
32
80815
100
80885
105
80975
32
81386
66
81586
114
81716
105
81907
97
82127
110
82277
32
82768
68
83028
101
83128
32
83429
80
83569
97
83759
108
84190
44
84590
8
84881
109
85071
97
85392
44
85512
32
86013
105
86213
110
86533
115
86683
111
86914
109
87455
109
87645
97
88106
46
