85198
99
85609
97
85659
114
85779
111
85869
32
86009
100
86079
105
86200
97
86450
114
86660
105
86800
111
87111
44
87371
32
88663
111
88893
103
89014
103
89084
105
89204
32
89584
97
89955
98
90065
98
90165
105
90316
97
90526
109
90726
111
90816
32
91187
102
91327
97
91527
116
91637
116
91718
111
91798
32
92028
105
92298
108
92409
32
92719
67
92859
67
93160
76
93720
46
93911
32
94171
83
94371
101
94562
109
94742
112
94842
114
94892
101
95042
32
95233
109
95343
101
95563
103
95663
108
95843
105
95954
111
97255
33
97446
33
97596
33
99409
32
01041
105
01181
110
01301
32
01532
113
01642
117
01742
97
01932
110
02543
116
02733
111
02984
13
03124
97
03575
32
04266
99
04396
111
04686
115
04856
101
04937
32
05087
112
05207
97
05397
97
06248
8
06579
108
06709
108
06889
111
07010
115
07170
101
07290
32
07400
100
07550
97
07670
32
08121
114
08281
97
08462
99
08582
99
08652
111
08842
110
08962
116
09163
97
09373
114
09443
101
10394
46
10915
32
11546
83
13078
8
13539
67
13879
104
14290
105
14460
115
14590
115
15071
97
15352
39
15442
32
15742
115
15922
101
16022
32
16734
105
17725
108
17875
32
20709
8
20889
8
21040
8
21430
108
21801
39
22011
97
22261
114
22432
103
22532
111
22702
109
22802
101
22892
110
22993
116
23083
111
23173
32
23353
112
23503
111
23633
99
23714
111
23824
32
24054
105
24214
110
24314
116
24415
101
24545
114
24625
101
24855
115
24965
115
25096
97
25176
110
25306
116
25426
101
25556
32
25897
8
26157
13
40418
104
40528
97
40608
32
40788
105
40918
110
41219
102
41549
108
41739
117
41870
101
42000
110
42180
122
42370
97
42721
32
42901
112
43051
101
43141
114
43202
32
58674
108
59245
39
59375
101
59565
102
59675
102
59755
105
59886
99
59996
105
60126
101
60256
110
60607
122
60877
97
61067
32
61227
100
61308
101
62339
108
63070
32
64953
8
66054
32
67517
8
67787
32
68057
114
68177
105
68298
99
68418
111
68598
110
68808
111
69019
115
69099
99
69239
105
69399
109
69459
101
69600
110
69690
116
69820
111
70020
46
70541
32
70941
68
71102
105
71232
114
71292
101
71442
105
71592
32
71773
99
71853
104
71973
101
72313
32
72434
115
72604
101
72774
13
73155
117
73235
110
73405
111
73545
32
73816
101
73996
39
74066
32
74206
97
74457
110
74587
110
74657
111
74837
105
74957
97
75849
116
75989
111
76069
32
76449
111
76539
32
76740
112
76930
111
77020
99
77150
111
77251
32
77551
99
77751
114
77821
101
78082
97
78282
116
78422
105
78633
118
78943
111
79043
32
79604
102
79744
97
79934
32
80055
100
80135
101
80295
108
80415
108
80545
101
80645
32
80886
112
80996
97
81296
117
81457
115
81637
101
81737
32
81887
105
82128
110
82328
32
82849
8
83229
32
83399
112
83590
105
83750
117
84060
39
84150
32
84401
101
84521
32
84751
104
84861
97
84922
32
85152
117
85262
110
85462
13
85883
114
86013
105
86203
116
86714
111
87275
8
87645
109
87776
111
87966
32
91391
109
91561
101
91781
100
91892
105
91962
97
92132
109
92282
101
92392
110
92522
116
92663
101
92753
32
92953
112
93434
105
93484
117
93684
39
93754
32
94235
98
94415
97
94615
115
94746
115
95176
111
96158
46
96378
32
97339
67
97610
104
97770
101
97910
32
98241
99
98441
97
98621
122
98741
122
98892
97
99182
116
99923
101
02427
63
03008
32
03859
66
04019
111
04199
104
04329
44
04490
32
05030
99
05131
111
05301
109
05591
110
05701
117
05892
113
06042
117
07133
101
07254
32
08345
108
08515
97
08616
32
09086
98
09267
97
09437
114
09657
122
09867
101
10068
108
10198
108
10368
101
10889
116
10989
116
11199
97
11299
13
11540
99
11690
104
11800
101
11860
32
12141
109
12331
105
12391
32
12541
101
12712
39
12842
32
12942
97
13132
114
13232
114
13322
105
13413
118
13553
97
13723
116
13873
97
13923
32
14144
111
14564
103
14704
103
14774
105
14895
32
15225
110
15315
111
15435
110
15536
32
17038
108
17198
97
17308
32
17779
112
17969
111
18259
115
18410
115
18550
111
18740
32
20182
105
20393
110
20733
99
20953
111
21144
108
21244
108
21354
97
21574
114
21634
101
21744
32
22035
101
22145
32
22415
101
22726
8
22826
110
23006
101
23197
109
23317
109
23457
101
23757
110
23968
111
24098
32
24549
99
24729
111
25049
112
25230
105
25340
97
25560
116
26011
8
26191
114
26431
101
26702
13
28885
99
29045
97
29245
114
29396
97
29576
116
29696
116
29876
101
29996
114
30086
101
30287
32
30527
112
30647
101
30727
114
30777
32
31248
99
31408
97
31549
114
31699
97
31889
116
32009
116
32210
101
32290
114
32410
101
32580
32
33161
112
33271
101
33341
114
33551
99
33752
104
33922
101
34122
39
34232
32
34533
110
34984
8
35474
110
35574
111
35644
110
35775
32
37026
101
37557
39
37687
32
38298
114
38499
105
38659
112
38769
101
39049
116
39220
105
39460
98
39590
105
39760
108
39851
101
39961
32
40121
97
40401
32
40692
117
40792
110
40842
32
40992
112
41212
117
41713
99
41853
99
41924
108
42114
105
42414
8
42534
8
42645
8
42755
8
43095
98
43215
98
43406
108
43586
105
43676
99
43836
111
44107
13
44307
115
44517
99
44677
111
44848
110
44938
111
45459
115
45549
99
45799
105
45969
117
46100
116
46270
111
46570
46
46901
32
49154
8
49615
8
50626
32
50776
97
50896
108
51087
109
51207
101
51317
110
51517
111
51597
32
52228
112
52419
111
52589
116
52709
101
52909
110
53160
122
53280
105
53360
97
53510
108
53891
109
54091
101
54251
110
54361
116
54542
101
55353
46
55523
32
55854
68
56014
105
56154
114
56224
101
56344
105
56434
32
56705
105
56825
32
57276
110
57576
8
57736
109
58007
105
58227
101
58417
105
58507
32
59419
118
59569
101
59639
110
59799
116
59909
105
60140
99
60300
105
60520
110
60691
113
60821
117
60921
101
61041
32
61251
108
61422
101
61452
101
61642
116
61762
116
61992
8
62113
8
62223
8
62353
116
62563
116
62743
111
62884
114
63064
105
63374
13
66439
115
66609
101
66699
32
67200
113
67320
117
67430
101
67560
115
67731
116
67801
111
67901
32
68031
110
68131
111
68191
110
68261
32
68802
114
68962
105
69073
99
69223
104
69393
105
69513
97
69623
109
69723
97
70144
115
70254
115
70424
101
70505
32
71907
8
72257
44
72357
32
72487
97
72778
104
72868
105
73018
109
73158
101
73178
101
73459
39
73749
44
73839
32
74030
108
74470
39
74601
97
75201
117
75382
116
75602
111
76123
8
76303
8
76433
8
76633
8
76774
8
76914
8
77324
117
77334
105
77505
108
78075
8
78186
8
78296
8
78596
105
78777
108
78857
32
79047
114
79147
111
79327
109
79618
97
79738
110
80018
111
80319
8
80429
122
80589
111
80699
32
80890
105
81140
108
81240
32
81460
99
81691
117
82171
105
82292
32
82442
105
82542
110
82983
99
83123
105
83283
112
83483
105
83633
116
83894
13
84365
101
84665
114
84875
97
85015
32
85356
115
85526
116
85706
97
85887
116
85997
111
86067
32
86498
117
86598
115
87098
97
87359
116
87599
111
87709
32
88200
112
88300
101
88380
114
88470
32
88711
108
88951
236
88961
39
89081
97
89332
108
89602
8
89772
8
89892
8
89993
8
90073
8
90724
108
90924
39
91054
97
91234
108
91254
107
91665
8
92426
116
92556
114
92616
111
92727
32
93628
34
93958
101
94149
115
94289
112
94389
101
94489
114
94840
114
95010
105
95310
8
95430
8
95531
116
95751
105
96031
8
96141
8
96422
105
96592
109
96732
101
96802
110
96903
116
97033
111
97123
32
97584
115
97764
99
97884
105
97984
101
98094
110
98194
116
98335
105
98465
102
98545
105
98645
99
98825
111
99416
34
99596
32
00368
8
00638
44
00808
32
01018
115
01159
105
01239
32
01559
102
01719
97
01830
32
02000
112
02080
101
02180
114
02310
13
02701
100
02811
105
02931
114
02981
101
03212
46
03522
32
05565
83
05825
105
05896
32
06136
112
06436
117
06556
111
06767
39
06867
32
07047
112
07147
114
07277
111
07358
118
07568
97
07738
114
07818
101
07858
32
08039
97
08119
32
08559
99
08830
8
08870
115
08950
99
09150
114
09300
105
09370
118
09571
101
09681
114
09771
101
09891
32
10041
97
10212
110
10302
99
10412
104
10482
101
10602
32
10773
105
10863
110
10993
32
11193
105
11303
110
11904
103
12004
108
12084
101
12265
115
12435
101
13036
63
13336
32
13787
105
13917
110
14067
32
14298
113
14448
117
14578
101
14708
115
14868
116
14959
111
15179
13
15209
99
15409
97
15509
115
15700
111
16110
32
16501
76
16751
117
16841
99
17022
97
17122
32
17492
115
17642
97
17903
114
18023
101
18273
98
18383
98
18544
101
18684
32
19054
102
19315
97
19515
99
20036
105
20296
108
20476
109
20607
101
20687
110
20787
116
20877
111
21218
8
21408
101
21558
32
21969
114
22079
105
22189
99
22279
111
22790
110
22870
111
23010
115
23120
99
23291
105
23471
110
23741
8
23861
98
23982
105
24162
108
24302
101
24402
32
24632
112
24783
101
24863
114
25203
32
25514
118
25604
105
25704
97
25774
32
26175
100
26235
101
26335
108
26445
32
27607
39
27927
116
28268
101
28448
104
28628
39
29670
46
