51429
110
51630
101
51810
32
52441
8
52751
108
52831
32
53002
109
53132
101
53522
122
53672
122
53743
111
53823
32
53943
100
54053
101
54163
108
54243
32
54373
99
54534
97
54644
109
54754
109
55004
105
55165
110
55675
32
55866
100
55956
105
55996
32
56446
110
56527
111
56647
115
56837
116
56877
114
57067
97
57147
32
57298
118
57408
105
57919
116
58109
97
58249
32
58499
109
58640
105
58740
32
59180
114
59271
105
60062
116
60132
114
60262
111
60352
118
60552
97
60913
105
61313
32
61464
112
61584
101
61664
114
61684
32
61914
117
62215
110
62385
97
62495
32
62635
115
62786
101
63016
108
63346
118
63537
97
64158
13
64388
111
64628
115
64859
99
64999
117
65119
114
65299
97
65449
44
65580
32
65740
99
65840
104
65940
101
66030
32
66231
108
66331
97
66401
32
66962
100
67112
105
67232
114
67412
105
67532
116
67653
116
67843
97
67913
32
68113
118
68173
105
68314
97
68444
32
68704
97
68995
8
69055
101
69165
114
69355
97
69465
32
69696
97
70126
8
70366
115
70507
109
70647
97
71188
114
71318
114
71448
105
71638
116
71839
97
72159
44
73641
32
74302
110
74352
111
74452
110
75073
8
75304
44
75444
32
75684
110
75774
111
75874
110
75934
32
76215
108
76435
111
76545
32
76696
115
76826
99
76836
115
77016
114
77156
105
77206
118
77357
101
77457
114
77667
111
79049
39
79309
13
79820
100
79990
105
80070
101
80251
99
80701
105
80801
32
81152
118
81222
111
81382
108
81462
116
81623
101
81713
32
81843
100
81923
105
82023
32
82334
115
82514
101
82734
103
83005
117
83125
105
83275
116
83405
111
83636
44
83756
32
85899
97
86430
104
86530
105
86620
32
86910
113
87020
117
87101
97
87311
110
87461
116
87651
111
87761
32
88252
97
88332
32
88613
100
88733
105
88803
114
88983
32
89244
113
89414
117
89554
97
89714
108
89855
32
90235
101
90345
114
90525
97
90686
32
90886
101
91056
39
91116
32
91277
99
91397
111
91557
115
91657
97
91747
32
91978
101
92228
8
92328
100
92458
117
92628
114
92849
101
93209
8
93319
97
94071
13
94201
101
94411
115
94621
116
94762
97
94902
32
94972
115
95142
101
95392
108
95603
118
95763
97
95853
32
96013
115
96154
101
96464
108
96564
118
96734
97
96915
103
97025
103
97105
105
97245
97
97345
32
97536
101
97626
116
98166
32
98166
97
98337
115
98487
112
98617
101
98958
8
99048
114
99278
97
99629
32
99809
101
99979
116
00099
32
00310
102
00430
111
00650
114
00830
116
00981
101
01762
44
01882
32
02152
113
02282
117
02433
105
02713
32
03304
99
03374
105
03464
32
03614
115
03765
111
03905
110
03975
111
04065
32
04596
100
04716
105
04816
118
04996
101
05547
114
05797
115
05968
101
06418
32
06639
108
06769
101
07069
116
07229
105
07330
111
07490
110
07690
101
07860
115
08201
13
08652
8
08812
8
08932
8
09052
8
09172
8
09292
8
09443
8
09853
99
10114
116
10224
105
10394
110
10805
8
11185
111
11546
110
11726
101
11926
115
12297
13
12848
40
13248
115
13529
97
13769
114
13949
97
14109
39
14190
32
14330
99
14470
111
14670
115
14770
105
15211
39
15291
32
15622
105
15782
108
15822
32
15982
112
16152
114
16923
117
17294
8
17434
8
17644
108
17875
117
18295
114
18456
97
18576
108
18686
101
18816
32
18996
100
19077
105
19447
32
19667
108
19828
101
20048
99
20268
116
20398
105
20519
111
21320
63
22301
32
22491
111
22712
100
22842
100
22942
105
23052
111
23202
32
24865
99
24895
104
25035
101
25145
32
25275
97
25566
110
25866
108
26277
8
26437
97
26587
108
27088
102
27258
97
27629
98
27809
101
28120
116
28250
105
28340
115
28510
109
28700
111
28780
32
28941
100
29001
105
29081
32
29241
114
29381
105
29612
8
29752
8
29842
8
30122
13
30343
114
30483
105
30613
116
30753
111
30853
114
31124
110
31234
111
31424
44
31544
32
31815
8
31975
8
33467
44
33527
32
33778
113
33908
117
34018
97
34128
110
34318
100
34419
111
34499
32
34799
117
34979
110
35170
111
35270
32
36011
102
36181
97
36271
32
36441
108
36542
101
36592
32
36892
99
37032
105
37143
116
37343
97
37523
122
37603
105
37723
111
37813
110
37924
105
38004
32
38274
108
38394
97
38795
116
38905
105
39085
110
39226
101
39246
101
39576
32
39896
8
40047
8
40277
32
41268
115
41359
105
41439
32
42420
105
42600
110
43051
8
43201
8
43442
102
43612
105
43792
110
43862
105
44573
115
44673
99
44834
101
44944
32
45885
97
46306
8
47678
114
47808
105
47918
99
48048
104
48329
8
48769
115
48909
8
49060
8
49170
115
49420
99
49741
105
50111
8
50161
104
50372
105
50552
97
50682
32
50872
100
50922
105
51002
32
51253
102
51413
97
51593
114
51663
101
51774
32
52054
8
52294
13
52575
102
52735
105
53045
103
53216
117
53336
114
53496
101
53636
32
53907
112
54347
101
54758
103
54878
103
54978
105
55138
111
55229
32
57031
100
57121
101
57352
105
57412
32
58423
112
58623
111
59635
108
59855
111
60085
105
60386
8
60496
8
60957
105
61217
116
61357
105
61528
99
61618
105
61728
32
62259
102
62529
8
62669
118
62679
102
63500
8
63841
97
64522
114
64632
105
65503
41
65744
32
66705
112
68468
8
68858
99
68958
104
69038
101
69149
32
69399
110
69529
101
69960
108
70100
32
70250
112
70741
101
70991
110
71121
115
71312
105
71432
101
71612
114
71772
32
72003
114
72123
105
72543
110
72674
110
72724
111
72844
32
73144
8
73214
118
73405
97
73625
32
73815
108
73895
97
73985
32
74166
112
74286
97
74707
117
74847
114
75037
97
75548
13
78332
99
78462
105
79483
111
79774
101
80194
39
80335
32
80845
113
80956
117
81076
97
81196
110
81416
100
81596
111
81697
32
82037
117
82137
110
82307
111
82438
32
82768
118
83059
8
83189
99
83289
105
83389
32
84230
114
84290
105
84721
112
84871
101
85051
110
85152
115
85342
97
86463
46
86614
46
86954
32
87204
8
87455
46
87755
32
89608
60
89618
99
89728
104
89838
101
90009
32
90469
115
90690
8
90810
8
90930
8
91050
8
91170
8
91290
8
91461
99
91701
104
91881
101
92021
32
92112
115
92572
99
92883
104
93474
105
93684
102
93854
111
94024
32
94185
113
94285
117
94415
101
94795
115
95006
116
95136
111
95226
32
95546
115
95747
116
95927
105
96247
108
96438
101
96808
32
97039
99
97169
111
97359
109
97479
109
97680
105
97860
115
98090
116
98260
111
98551
13
98841
99
98961
105
99212
116
99402
97
99562
122
99612
105
99733
111
99883
110
00263
101
00984
45
01175
99
01355
111
01495
109
01625
109
01836
101
01946
110
02046
116
02236
111
02456
32
02777
110
02887
111
02937
110
03067
32
03328
115
03568
111
03668
32
03848
99
03959
104
04139
105
04239
32
04479
101
04579
39
04730
32
04880
99
05020
104
05160
101
05260
32
05451
108
05671
39
06242
104
06372
97
06542
32
06763
105
06903
110
07143
118
07293
101
07404
110
07594
116
07774
97
07994
116
08155
111
08806
44
08996
32
09406
108
09677
111
09807
32
10117
115
10368
116
10438
114
10818
101
10999
97
11179
109
11429
13
11750
111
11930
102
12120
32
12391
99
12501
111
12701
110
13022
115
13112
99
14033
105
15145
111
15365
117
15535
115
16056
110
16266
101
16627
115
16777
115
17007
44
17178
32
17438
8
17578
8
18189
32
18189
110
18199
111
18339
44
18870
32
19371
101
19451
32
19591
100
19701
101
19891
118
20022
111
20092
32
20272
97
20282
115
21093
8
21334
118
21494
101
22005
114
22135
108
22315
111
22405
32
22786
103
22916
105
23056
97
23266
39
23336
32
23677
99
23777
105
23897
116
24047
97
24228
116
24258
111
24438
32
24708
117
24799
110
25019
97
25149
32
25470
118
25560
111
25710
108
25790
116
25990
97
26321
44
26471
32
40832
112
40962
101
41052
114
41142
111
41362
39
41643
13
41893
13
42454
8
42925
115
43015
111
43185
110
43255
111
43365
32
43686
115
43846
105
44016
99
44186
117
44357
114
44527
111
44667
32
44877
100
45008
105
45068
32
45378
115
45398
97
45709
8
45799
97
46019
118
46179
8
46319
8
46430
8
46560
97
46770
118
46860
118
46970
101
47461
8
47631
101
47792
8
47942
8
48042
101
48272
114
48633
32
48763
108
48883
101
49053
116
49174
116
49234
111
49324
32
49474
97
49624
110
49704
99
49825
104
49925
101
50005
32
50335
100
50435
105
50495
32
50716
114
50816
101
51006
99
51116
101
51317
110
51397
116
51497
101
51617
32
51948
113
51958
97
52078
117
52148
97
52308
108
52448
99
52599
117
52719
110
53099
32
53360
8
53490
8
53630
8
53740
8
53860
8
53981
8
54091
8
54221
8
54511
117
54621
97
54782
108
55022
99
55172
117
55262
110
55373
111
55463
32
55623
99
55713
104
55833
101
56003
32
56815
102
56965
97
57265
99
57335
101
57506
118
57666
97
57686
97
58136
8
58657
8
59899
97
60139
13
60490
113
60630
117
60710
101
60830
115
60991
116
61111
111
61221
32
61642
103
61822
105
61962
111
62112
99
62272
111
66178
32
66368
109
66488
97
66589
32
66809
110
66839
111
66939
110
67049
32
67620
109
67810
105
68031
32
68351
114
68481
105
68602
99
68742
111
68812
114
68992
100
69052
111
69202
32
69453
112
69793
105
69984
117
70144
39
70214
32
70464
99
70705
104
70815
105
70935
32
71075
101
71175
114
71426
97
72507
44
72637
32
73529
102
73629
111
73709
114
73839
115
74009
101
74099
32
74490
109
74600
101
74830
103
74951
108
75141
105
75251
111
75411
32
75511
99
75622
111
75772
115
75872
105
76393
13
