16262
111
16662
103
16662
103
17243
105
17343
32
17604
115
17774
97
17974
114
18194
111
18465
39
18535
32
18845
109
18915
111
19056
108
19176
116
19296
111
19416
32
19646
112
19827
111
19917
99
20037
111
20157
32
20337
99
20498
99
20818
8
20988
114
21099
101
21499
97
21749
116
21900
105
22060
118
22280
111
22711
46
23041
32
24644
8
24794
8
25265
44
25365
32
25535
99
25765
97
25986
114
26096
111
26196
32
26456
105
26606
108
26697
32
27077
109
27287
105
27428
111
27548
32
27668
100
27768
105
27888
97
28139
114
28399
105
28519
111
28720
44
28840
32
29300
115
29481
101
29571
109
29771
112
29861
114
29931
101
30081
32
30512
115
30592
105
30672
32
30853
102
31063
97
31293
13
31754
112
31874
101
31944
114
32074
32
32174
100
32285
105
32495
114
32565
101
32926
46
33156
32
34368
97
34598
118
34798
114
34848
101
36861
105
37482
8
37642
8
37783
8
37913
8
38023
8
38393
100
38443
105
38574
32
38714
115
38824
111
38994
108
39205
105
39435
116
39555
111
39665
32
39856
105
39996
110
40116
32
40266
113
40376
117
40486
101
40627
115
40827
116
40927
105
41087
32
41227
99
41378
97
41488
115
41638
105
41728
32
41949
109
42139
105
42239
32
42489
118
42640
101
43000
114
43130
114
43210
101
43781
118
43921
118
44222
8
44342
8
44392
98
44562
98
44733
101
44923
32
45093
97
45313
8
45403
100
45504
97
45554
32
46115
114
46185
105
46345
112
46465
101
46545
114
46755
116
46856
101
47236
101
47446
8
47597
8
47737
8
48208
8
48318
116
48468
101
48558
114
48648
101
48939
32
49489
112
49690
101
49740
114
50281
13
52384
100
52474
105
52554
101
52724
99
52884
105
52964
32
53375
118
53425
111
53575
108
53685
116
53906
101
54126
32
54707
34
55097
110
55188
101
55338
108
55448
32
55638
109
55768
101
55979
115
56119
115
56389
8
56519
8
56610
122
56800
122
57000
111
57100
32
57261
100
57361
101
57411
108
57551
32
57691
118
57701
99
57871
97
58182
8
58292
8
58402
8
58472
99
58633
97
58773
109
58903
109
59173
105
59324
110
60315
32
60405
100
60515
105
61336
32
61437
110
61607
111
61657
115
61877
116
61947
114
62158
97
62278
32
62448
118
62528
105
62688
116
62899
97
63259
34
63540
32
63760
109
63890
97
63920
97
64040
32
64481
8
64641
8
64841
32
65052
110
65162
111
65262
110
65332
32
65713
115
65853
105
65943
32
66103
112
66354
117
66424
111
66614
39
66914
13
67365
101
67485
32
67605
113
67726
117
67856
105
68046
110
68186
100
68276
105
68407
32
68687
100
68957
8
69088
116
69188
105
69278
32
69809
115
69899
99
70109
114
70189
105
70289
118
70419
101
70510
114
70980
111
71291
39
71471
32
71621
100
71681
101
71831
108
71932
32
72142
112
72212
114
72362
111
72683
98
72763
108
72883
101
73003
109
73143
97
73294
32
73434
100
73514
105
73594
32
73904
99
74155
117
74285
105
74435
32
74786
109
74976
105
75046
32
75226
115
75337
111
75497
110
75557
111
75667
32
75817
97
75967
112
76088
112
76198
101
76348
110
76488
97
76698
32
76919
99
77019
111
77359
8
77480
8
77740
111
77900
99
78020
99
78111
117
78641
112
78932
116
79172
97
79472
8
79583
8
79663
97
79863
116
80184
111
80784
44
81005
13
81135
99
81295
105
81425
111
81686
101
81856
39
81946
32
82156
105
82357
108
82427
32
82837
102
82988
97
83188
116
83288
116
83348
111
83438
32
83518
99
83648
104
83739
101
84189
32
84950
97
85291
98
85401
98
85511
105
86252
97
86412
109
86623
111
86733
32
86893
105
87083
108
87154
32
87614
102
87704
105
87875
110
87995
97
88035
110
88235
122
88415
105
89116
97
89287
109
89417
101
89497
110
89677
116
89757
111
89907
32
89988
100
90088
101
90158
108
90278
108
90428
97
90548
32
90979
82
91149
101
91310
103
91410
105
91530
111
91750
110
91860
101
92051
32
92221
112
92451
101
92521
114
92601
32
92772
105
93112
13
93262
99
93392
111
93493
114
93693
115
93903
105
94043
32
94514
112
94684
114
94774
111
95065
102
95175
101
95405
115
95516
115
95566
105
95666
111
95776
110
95966
97
96076
108
96267
105
96517
122
96647
122
96807
97
97028
110
97208
116
97398
105
97629
44
97769
32
98610
101
98710
32
98991
97
99181
118
99411
114
99501
101
99702
98
00232
8
00403
110
00413
109
00543
109
00863
8
00993
8
01124
8
01264
109
01404
109
01594
111
01755
32
02566
100
02726
97
02816
32
03016
102
03167
97
03327
114
03387
101
03477
32
04929
100
05039
101
05189
105
05270
32
05410
99
05600
111
05800
114
06001
115
06081
105
06181
32
06381
100
06461
105
06551
32
07012
114
07122
105
07212
97
07343
108
07473
108
07663
105
07843
110
07953
101
08775
97
10437
109
10547
101
10657
110
10757
116
10878
111
11218
13
11929
112
12700
8
12991
99
13111
105
13271
111
13431
101
13612
39
13622
48
13842
32
14092
8
14222
8
14403
32
16436
100
16566
111
16716
112
16876
111
17067
115
17207
99
17407
117
17597
108
17798
111
18108
8
18248
8
18499
111
18659
108
18869
97
19119
44
19290
32
19740
114
19841
105
20001
112
20091
101
20592
116
20732
105
20862
122
20992
105
21102
111
21182
110
21403
101
21853
44
21994
32
22164
111
22294
32
22665
99
22735
111
22915
109
23035
101
23135
32
23275
108
23396
97
23476
32
23696
99
23966
8
24077
118
24177
111
24367
108
24748
8
24908
103
24988
108
25188
105
25248
97
25389
109
25579
111
25679
32
25829
99
25969
104
26190
105
26370
97
26590
109
27101
97
27381
114
27461
101
27602
44
27812
32
27962
112
28052
101
28132
114
28233
111
28483
48
28924
8
29274
39
29524
13
36655
101
36765
39
36875
32
37105
100
37216
105
37386
102
37516
102
37556
105
37786
99
37876
105
38047
101
38127
108
38547
8
38668
8
38878
108
39028
101
39128
32
39619
116
39669
114
39889
118
40200
8
40420
111
40570
118
40731
97
40901
114
40971
101
41081
32
41291
100
41602
8
41702
99
41912
104
42012
105
42123
32
42313
105
42513
108
42663
32
42854
8
42994
8
43114
8
43364
108
43565
105
43645
32
44115
102
44296
97
44756
44
45467
32
45718
105
45888
108
45938
32
46068
99
46248
97
46359
110
46559
100
46649
105
46759
100
46889
97
47190
116
47320
111
47440
32
47711
101
47851
114
48041
97
48191
32
48532
8
50184
44
50254
32
50414
112
50485
101
50575
114
50725
99
50915
104
51065
101
51186
39
51306
32
51736
99
51977
104
52057
105
52127
32
52427
104
52538
97
52638
32
53699
8
53849
8
54000
8
54110
8
54220
8
54350
8
54460
8
54611
110
54761
111
54801
110
54941
110
55061
32
55302
8
55472
8
55672
32
55712
115
55922
105
56103
32
56313
112
56463
111
56553
115
56714
115
56894
111
57054
110
57154
111
57264
32
57555
102
57715
97
57915
114
57975
101
58146
32
58827
112
59087
105
59277
117
59488
39
59818
13
59978
99
60078
111
60259
110
60359
116
60429
114
60619
97
60809
116
60940
116
61130
105
61370
32
61490
97
61651
108
61771
108
61901
97
62021
32
62262
115
62492
116
62592
101
62802
115
62922
115
63093
97
63273
32
63553
112
63684
101
63784
114
63964
115
64044
111
64214
110
64314
97
64485
44
64645
32
64845
105
64965
110
65266
32
65446
112
65556
97
65747
114
65917
116
65987
105
66137
99
66217
111
66387
108
66458
97
66668
114
66738
101
66878
32
67319
97
67409
32
67719
117
68200
110
68330
32
68460
100
68541
111
68641
99
68731
101
68841
110
68971
116
69071
101
69402
32
69492
100
69572
101
69672
108
69792
108
69923
101
70073
13
70373
115
70523
117
70704
112
70804
101
70914
114
71084
105
71204
111
71315
114
71435
105
71535
32
72006
99
72106
104
72256
101
72396
32
77674
102
77844
97
78134
32
78475
103
78635
105
78755
97
78966
48
79386
8
79837
39
79947
32
81079
99
81559
8
81800
117
81890
110
82130
97
82210
32
82390
99
82481
111
82651
108
82761
108
82881
97
83282
98
83382
111
83532
114
83692
97
83863
122
84003
105
84153
111
84253
110
84443
101
84594
32
84774
100
84864
105
84974
100
85124
97
85325
116
85445
116
85585
105
85735
99
85966
97
88990
32
89180
97
89401
32
89541
99
89671
111
89891
110
90051
116
90132
114
90402
97
90732
116
90863
116
90953
111
91333
44
92725
13
94027
101
94157
32
94308
97
94568
108
94838
116
94918
114
95159
97
95299
32
95549
103
95670
101
95780
110
95940
116
96391
101
96701
32
96841
99
97172
104
98834
8
99004
8
00056
8
00386
44
00466
32
01878
8
02720
8
02880
8
03160
8
03371
112
03521
101
03601
114
03691
32
03941
113
04032
117
04122
97
04332
110
04512
116
04913
111
05033
32
05484
114
05584
105
05734
99
06014
8
06135
103
06295
117
06435
97
06946
114
07116
100
07236
97
07376
32
07507
97
07607
108
07877
116
07937
114
08158
97
08288
32
08588
103
08718
101
08818
110
08939
116
09029
101
09269
44
09419
32
09960
99
10150
104
10241
105
10321
32
10491
97
11072
8
11182
104
11392
97
11472
32
11743
118
11823
111
11983
108
12283
103
13215
8
13365
8
13465
103
13655
108
13866
105
14036
97
14166
32
14326
100
14457
105
14587
32
14857
112
14937
101
15037
114
15218
116
15368
101
15638
8
15758
8
15829
100
15929
101
16059
114
16159
101
16319
32
16700
116
16780
101
16890
109
17110
112
17321
111
17932
13
18262
97
18402
32
18803
118
18943
101
19844
8
21947
101
22047
32
22468
99
22538
104
22668
101
22819
32
23309
110
23369
111
23470
110
23780
32
23970
104
24060
97
24201
32
24481
97
24571
108
24741
116
24811
114
24872
105
25142
32
25402
109
25603
111
25763
116
25913
105
25993
118
26103
105
26434
32
26804
40
28357
99
28627
105
28787
111
28947
101
29358
39
29668
13
29849
99
29959
111
30159
110
30279
116
30339
114
30540
97
30730
116
31050
116
31651
105
31922
46
32062
46
32202
46
33214
41
33945
32
37740
108
37850
97
38010
32
38341
99
38441
111
38601
115
38721
97
38852
32
39282
110
39412
111
39453
110
39583
32
39743
101
40154
39
40254
32
40504
110
40604
111
40804
108
41065
8
41185
8
41305
8
41495
109
41906
111
42076
108
42237
116
42407
111
42517
32
42627
97
42777
112
42907
112
42988
101
43238
116
43368
105
43538
118
43619
105
43859
8
44239
98
44440
8
44560
8
44680
98
44820
105
44980
108
45141
101
45251
44
45401
32
45481
99
45691
114
45762
101
45962
100
46042
111
46372
44
46553
32
48425
98
48536
111
48666
104
48856
44
48956
32
49086
99
49497
104
49627
105
49777
115
49898
115
50048
97
50889
39
