87342
111
87572
103
87693
103
87793
105
87913
32
88233
97
88634
98
88744
98
88934
97
89055
105
89285
109
89716
8
89836
8
89946
8
90156
105
90447
97
90587
109
90777
111
90867
32
91098
97
91338
118
91598
117
91768
116
91879
111
91969
32
92329
108
92459
101
92540
32
92760
108
92910
97
92940
97
93160
117
93361
114
93581
101
93701
101
95233
46
95534
32
97757
108
97987
111
98098
32
98298
115
98398
111
98648
44
98769
32
98889
110
98999
111
99049
110
99209
32
99700
101
99900
39
00010
32
00191
117
00281
110
00381
32
00771
97
01292
114
01533
103
01633
111
01813
109
01923
101
01993
110
02093
116
02213
111
02334
32
02524
97
02814
8
02874
116
03065
97
03175
110
03295
116
03425
111
03786
13
04146
105
04256
110
04507
116
04607
101
04737
114
04817
101
05028
115
05158
115
05308
97
05508
110
05628
116
05789
101
05869
44
06069
32
06249
109
06369
97
06510
32
07181
100
07351
105
07441
32
07691
99
07792
104
07902
101
08012
32
08262
100
08332
105
08422
97
08783
118
08883
111
09043
108
09204
111
09304
32
09774
100
09945
111
10145
118
10586
114
10656
101
11196
105
11307
32
11517
112
11647
97
11847
114
11957
108
12028
97
12208
114
12278
101
14251
63
14481
32
15693
115
16103
111
16304
32
16624
100
16714
101
16915
108
17055
108
17195
101
17305
32
17716
99
17816
111
17936
115
18156
101
18857
13
19488
116
19729
117
19919
114
20149
112
20360
105
20490
32
20830
115
21011
117
21091
32
21471
71
21621
117
21792
110
21902
101
22092
116
22202
116
22262
105
22473
44
22643
32
22823
109
22943
97
23063
32
23554
109
23744
105
23985
99
24145
97
24225
32
24375
108
24475
101
24536
32
24696
112
24896
111
24966
115
25106
115
25227
111
25347
32
25727
115
25908
99
26068
114
26178
105
26248
118
26398
101
26498
114
26589
101
26889
46
27400
32
28982
76
29172
101
29292
32
29473
108
29713
97
29913
117
30224
114
30464
101
30604
101
31035
44
31235
32
31546
117
32377
110
33068
111
33158
32
33809
98
33999
114
34189
97
34360
118
34490
105
34620
110
34730
111
35041
13
37344
99
37414
104
37514
101
37735
32
37905
115
37995
105
38085
32
38856
101
39267
39
39347
32
39547
108
39707
97
39858
117
40028
114
40128
101
40388
97
40549
110
40669
116
41180
8
41290
8
41380
116
41500
111
41590
32
41850
99
41951
111
42111
110
42211
32
42672
77
42852
105
42962
110
43383
111
44314
32
44474
101
44584
32
44935
102
45055
111
45115
114
45305
115
45466
101
45616
32
46077
40
46267
99
46467
104
46567
105
46788
115
46948
115
47118
97
47439
39
47749
61
48160
8
48640
41
48720
32
49211
102
49371
97
49942
114
50122
97
50333
39
51034
32
51344
105
51494
108
51564
32
51695
100
51815
111
51915
116
52035
116
52135
111
52205
114
52356
97
52536
116
52626
111
54429
44
54649
13
55610
104
55831
97
55971
32
56151
102
56301
97
56522
116
56632
116
56732
111
56822
32
57263
117
57373
110
57463
32
57673
108
57763
97
58004
118
58104
111
58254
114
58334
111
58454
32
58655
115
58775
117
58915
32
59676
103
59786
114
60007
100
60317
105
60567
8
60668
8
60848
105
60948
100
61088
32
61369
99
61429
111
61619
109
61809
112
62009
117
62150
116
62340
105
62600
110
62881
103
63261
32
65715
8
67427
117
67507
32
68449
97
68609
108
68729
108
69140
111
69360
99
69560
97
70151
122
70301
105
70422
111
70522
110
70732
101
70872
32
71733
100
72024
105
72134
32
72354
114
72485
105
72705
115
72735
115
73085
111
73286
114
73486
115
73656
101
73836
32
74708
117
74868
115
75058
97
75299
110
75539
100
75649
111
75759
32
76210
117
76310
110
76811
32
77001
109
77171
111
77241
100
77321
101
77402
108
77532
108
77712
111
77972
13
78363
101
78734
99
78844
111
79384
110
79485
111
79785
109
79995
105
80216
99
80376
111
81177
46
81497
32
82509
85
82729
110
82930
32
83380
108
83931
8
84061
97
84201
108
84422
116
84462
114
84632
111
84792
32
86084
104
86314
97
86485
32
86965
102
87136
97
87336
116
87446
116
87516
111
87616
32
90060
117
90611
110
90831
32
91171
115
91272
105
91372
115
91802
116
91882
101
92003
109
92924
8
93104
8
93234
8
93355
8
93455
8
93575
8
94005
109
94196
111
94416
100
94606
117
94777
108
94947
111
95037
32
95297
100
95387
105
95498
32
95938
117
96068
110
96229
32
96449
115
96579
105
96659
115
97340
116
97561
101
97701
109
97861
97
98282
32
98412
100
98492
105
98572
32
07325
115
07435
117
07635
112
07755
112
07915
111
08086
114
08156
116
08276
111
08556
13
08927
100
08987
105
09077
32
09227
108
09438
105
09598
110
09768
101
09908
101
10079
32
10679
103
10770
117
10890
105
10990
100
11140
97
11180
32
11320
105
11441
110
11541
32
12011
99
12162
97
12242
109
12432
112
12592
111
12702
32
12803
100
12863
101
13203
8
13333
8
13534
109
13744
101
13924
100
14034
105
14154
99
14625
111
14946
44
15076
32
15747
112
15907
101
15997
114
16157
32
16568
116
16678
114
16918
97
17159
116
17269
116
17459
97
18941
8
19092
8
19232
8
19362
8
20183
111
20373
118
20564
97
20774
114
20814
101
20984
32
22406
116
22506
117
22617
116
22737
116
23037
101
23157
32
23898
8
24289
8
24830
105
24970
32
25431
105
25541
32
25771
112
25881
101
25971
114
26152
115
26572
8
27203
99
27844
111
28094
114
28245
115
28335
105
28555
32
28715
105
28856
110
29346
32
30077
8
31309
13
31650
117
31790
110
32070
32
35044
102
35265
108
35425
111
35645
119
36126
99
36226
104
36346
97
36527
114
36837
116
38079
32
38469
99
38660
104
38840
101
38980
32
39180
100
39281
101
39581
115
39801
99
40012
114
40182
105
40312
118
40973
101
41133
32
41324
108
41434
97
41504
32
41694
108
41894
105
42075
110
42245
101
42455
97
42695
44
42866
32
44558
99
44748
97
44879
108
45019
99
45149
111
45449
97
46351
8
46571
108
46731
97
46952
110
47182
100
47282
111
47392
32
47983
105
48083
32
48944
118
49075
105
49295
110
50046
110
50206
99
50367
111
50507
108
50667
105
50677
111
50747
32
50917
116
51108
8
51228
8
51328
8
51438
8
51939
105
52039
32
52209
116
52309
101
52399
109
52590
112
52740
111
52900
114
53070
97
53251
108
53651
8
54913
8
55053
8
55163
8
55404
8
55654
112
55794
114
55894
111
56135
112
56265
97
56495
103
56656
97
56686
97
56756
110
56906
100
57006
111
57096
32
57317
105
57687
110
58128
8
58248
32
58789
118
58899
105
59069
110
59249
103
59520
8
59600
99
59750
111
60040
108
60221
105
60321
32
60802
116
60862
101
61142
109
61332
112
61493
111
61743
114
61913
97
61993
108
62173
105
62324
32
65078
8
65929
13
52177
72
52487
97
53028
33
53408
32
53599
118
53749
101
53909
100
54069
105
54160
97
54270
109
54460
111
54550
32
55111
100
55331
8
55421
115
55572
101
55672
32
56373
101
56483
39
56583
32
56773
114
56914
111
57334
98
57474
117
57615
115
57805
116
57875
111
57945
32
58175
112
58235
101
58316
114
58406
32
58636
108
58756
101
58866
32
59137
112
59217
97
59738
117
59858
115
60038
101
60168
44
60328
32
62702
111
62792
32
62942
115
63092
101
63193
32
63333
100
63433
101
63663
118
63733
105
63823
32
64254
98
64394
117
64524
116
64645
116
64825
97
64995
114
65075
101
65165
32
65386
118
65486
105
65626
97
66047
32
66788
116
66898
117
67028
116
67148
116
67268
111
67639
13
69241
111
70683
8
71074
73
71354
108
71535
32
72095
116
72175
101
72506
114
72706
122
72836
111
72987
32
74058
104
74168
97
74278
32
74499
102
74639
97
74829
116
74949
116
75010
111
75070
32
75370
117
75450
110
75650
97
75741
32
75931
116
76001
101
76251
115
76311
105
76371
32
76512
99
76622
111
76822
109
77163
112
77333
105
77473
108
77593
97
77794
116
77884
105
78004
118
78164
97
78234
32
78454
99
78575
111
78785
110
79005
32
79296
117
79506
110
79706
97
79766
32
79897
112
79977
114
80017
101
80237
115
80367
101
80457
110
80568
116
80728
97
80888
122
80958
105
81068
111
81168
110
81359
101
82020
32
82851
117
82941
110
83031
32
83161
112
83291
111
83522
39
83772
13
85455
116
85505
114
85655
111
85865
112
86015
112
86196
111
86286
32
86746
100
86867
97
87017
32
87888
97
88128
114
88289
116
88519
105
88729
99
88829
111
88980
108
89140
111
89230
32
89440
100
89500
105
89580
32
89821
103
89991
105
90101
111
90221
114
90352
110
90442
97
90572
108
90702
101
90842
32
91814
101
91934
32
92204
109
92314
101
92415
110
92665
97
92865
110
93246
100
93346
111
93416
32
93616
117
93746
110
93817
32
93947
112
94107
111
94327
39
94427
32
94718
116
94768
114
95138
111
95619
112
95759
112
95890
111
95980
32
96110
105
96260
108
96330
32
96470
99
96691
97
96901
110
97252
32
97402
112
97492
101
97572
114
97722
13
98023
108
98263
39
98413
97
98644
105
98714
97
98844
32
99204
99
99284
111
99465
109
99555
101
99645
32
99945
115
00136
116
00236
111
00586
32
00706
102
00867
97
01047
99
01137
101
01307
110
01448
100
01568
111
01638
32
01888
105
02008
111
02109
32
02679
111
02910
114
03070
97
03170
32
03340
112
03450
101
03531
114
03591
32
03851
97
04041
114
04151
114
04262
105
04322
118
04472
97
04662
114
04722
101
04792
32
04943
97
05073
108
05203
108
05493
97
05614
32
06024
102
06134
105
06325
110
06645
101
07326
44
07446
32
08688
99
08948
101
09058
32
09459
108
09760
39
09930
104
10080
111
10130
32
10551
102
10711
97
10901
116
11011
116
11242
97
12193
13
