17152
113
17283
117
17423
101
17603
115
17793
116
17934
97
17994
32
18194
110
18304
111
18354
110
18464
32
18815
8
18965
8
19356
116
19486
116
19796
32
20067
8
20147
101
20257
32
21449
104
21509
111
21609
32
22039
102
22190
97
22380
116
22490
116
22620
111
22690
32
23672
117
23812
110
23892
32
24052
115
24163
111
24463
103
24543
110
24633
111
24723
32
26175
112
26416
105
26556
117
26796
116
26926
116
27037
111
27147
115
27337
116
27467
111
27557
32
27968
114
28068
105
28939
100
29080
105
29961
99
30081
111
30251
108
30762
111
31743
46
31924
32
32865
105
33025
110
33115
32
33326
111
33706
115
33846
115
34037
101
34147
114
34327
118
34477
97
34608
110
34678
122
34838
97
35439
13
35799
97
36280
108
36500
32
36660
114
36751
101
37662
8
37942
8
38093
8
38233
8
38743
105
38844
32
39845
99
39935
111
40146
110
40596
115
40726
105
40867
103
41017
108
41227
105
41337
32
41878
100
41928
97
42138
116
42218
105
42289
32
42919
115
42950
115
43070
111
43580
114
43811
118
43971
111
44121
108
44251
101
44532
114
44722
111
45083
39
45163
32
45353
115
45513
117
45754
103
45844
108
46044
105
46124
32
46234
97
46595
115
46625
115
46675
112
46815
101
47116
8
47256
8
47356
8
47897
101
48257
8
48498
112
48618
101
48828
116
48958
116
49048
105
49138
32
49329
115
49569
114
49649
101
49960
8
50110
8
50270
116
50350
114
50581
101
50951
116
51091
116
51302
97
51452
109
51562
101
51702
110
51782
116
51892
101
52013
32
52263
112
52393
101
52493
114
52633
115
52714
111
52914
110
53044
97
53234
108
53475
105
53715
46
54015
13
54787
80
55017
111
55257
8
55367
114
55548
111
55738
109
55868
97
56088
8
56349
98
56829
8
56960
8
57020
110
57290
97
57500
8
57641
8
57841
98
58031
97
58842
98
58953
105
59123
108
59313
101
59333
109
59573
110
60014
8
60144
8
60375
8
60665
109
60855
101
60995
110
61166
116
61326
101
61456
32
61857
108
62147
39
62468
104
62878
8
63048
8
63309
8
63449
99
64100
39
64460
101
64681
110
65222
116
65332
114
65572
97
65712
32
66483
105
66664
108
66764
32
66864
102
66994
97
67204
116
67375
116
67435
111
67495
32
67745
99
67855
104
67966
101
68036
32
68346
105
68616
101
68737
114
68857
105
68947
32
69117
115
69177
111
69358
110
69438
111
69528
32
69938
97
70339
110
70449
100
70579
97
70770
116
70860
111
70940
32
71260
97
71370
32
71561
112
71691
114
71771
101
72041
110
72212
100
72272
101
72462
114
72522
101
72983
13
73203
108
73273
97
73403
32
73794
99
73884
111
74074
110
74164
115
74285
111
74585
114
74795
116
75036
101
75386
44
75506
32
76007
110
76047
111
76147
110
76237
32
76708
8
76848
99
77149
101
77489
8
77659
104
77840
101
77990
39
78100
32
78270
99
78370
111
78581
108
78691
108
79122
101
79672
103
79863
97
80043
32
80423
40
80674
113
80794
117
80904
101
81054
115
81325
116
81475
111
81615
32
82296
101
82627
39
82737
32
82917
117
83047
110
83097
32
83508
102
83658
97
83848
116
83989
116
84059
111
84159
32
84369
112
84710
101
84810
114
84990
115
85040
111
85220
110
85320
97
85451
108
85571
101
85671
32
85821
109
85941
97
86152
13
87083
99
87293
114
87353
101
87844
100
87934
111
88275
32
88675
97
88815
109
89006
112
89196
105
89326
97
89356
97
89476
109
89557
101
89687
110
89757
116
89867
101
90007
32
91229
110
91329
111
91499
116
91569
111
91640
32
91940
97
92010
32
92431
116
92581
117
92691
116
92811
116
92921
105
93022
32
93943
105
94223
32
95505
99
95615
111
95796
108
95936
108
96096
101
96266
103
96416
104
96517
105
96587
32
97027
100
97117
101
97198
108
97318
32
97468
100
97598
105
97768
112
97869
97
98069
114
98229
116
98339
105
98549
109
98660
101
98790
110
98900
116
99130
111
99341
32
99551
99
99651
104
99791
101
99921
13
00182
112
00492
111
00622
115
00773
115
00943
111
01213
111
01524
8
01614
110
01744
111
01844
32
02125
97
02355
118
02675
101
02886
114
02986
101
03256
32
04408
97
04658
99
04798
99
04939
101
05149
115
05279
115
05429
111
05530
32
05770
97
06972
32
07112
113
07262
117
07392
101
07552
115
07713
116
07813
105
07913
32
08053
100
08173
97
08354
116
08504
105
08934
41
09025
32
09145
97
09285
108
09405
108
09926
39
10236
97
10647
101
11168
114
11348
111
11538
112
11708
111
11909
114
11989
116
12129
111
12339
46
12510
32
12920
66
13100
101
13150
110
13301
101
13541
44
13671
32
14112
113
14212
117
14322
101
14352
101
14442
108
14573
108
14753
111
15033
8
15173
8
15314
8
15424
8
15744
108
15884
108
16115
111
16345
13
16595
99
16696
104
16816
101
16856
32
17467
104
17537
111
17617
32
17937
115
18048
111
18198
103
18348
110
18458
97
18638
116
18708
111
18799
32
19119
99
19249
39
19369
101
19480
114
19830
8
20211
110
20321
116
20421
114
20661
97
20751
32
20932
105
21292
110
21583
32
21823
112
22083
97
22294
114
22394
116
22554
101
24086
44
24156
32
28633
8
28833
8
29033
32
29254
99
29354
111
29484
110
29534
32
29935
118
30025
105
30115
97
30315
103
30435
103
30525
105
30746
32
31046
105
31267
110
31387
32
31557
97
31897
101
32108
114
32368
101
32538
111
32659
32
33019
101
33099
32
33340
99
33410
111
33640
110
34010
102
34161
101
34271
114
34381
101
34501
110
34681
122
35282
101
35523
44
35973
13
36985
101
37105
114
37255
97
37606
109
37936
8
38106
118
38277
97
38577
109
38807
111
38918
32
39338
99
39428
111
39578
110
39659
32
40119
100
40219
101
40310
105
40380
32
40510
99
40620
111
40790
108
40950
101
41712
8
41962
108
42112
101
42322
103
42503
104
42633
105
42703
32
42933
101
43043
32
43334
97
43494
108
43634
116
43694
114
43845
105
43915
32
44466
105
44746
116
44956
97
45427
108
45637
105
45737
97
46178
110
46418
105
46538
32
47019
116
47079
114
47229
111
47720
118
47900
97
48071
116
48181
105
48642
32
49142
108
49703
105
49973
39
50334
44
50464
32
50684
97
51105
117
51476
8
51606
32
51966
117
52066
110
53028
32
53539
99
53659
111
53899
110
53999
118
54139
101
54360
103
54570
110
54680
111
55031
13
56092
110
56192
111
56262
110
56403
32
56823
116
56893
114
57024
111
57234
112
57374
112
57554
111
57624
32
57885
103
58045
114
58776
111
58936
115
59097
115
59347
111
59457
32
59778
105
59888
110
59998
32
60388
117
60529
110
60629
32
61310
108
61560
117
61710
111
61891
103
61921
111
62021
32
62201
115
62311
112
62411
101
62441
101
63022
8
63723
114
64134
100
64284
117
64464
116
64604
111
70783
44
71354
32
71815
99
72055
104
72215
101
72286
32
72476
112
72616
111
72716
116
72866
101
73107
118
73267
97
73357
32
73547
101
73748
115
73888
115
74078
101
74188
114
74288
101
74369
32
76351
110
76562
101
76722
108
76872
108
77132
39
77373
111
77773
118
77964
101
78314
115
78504
116
78915
13
79286
100
79366
101
79586
103
79666
108
79856
105
79947
32
80057
115
80207
116
80367
97
80878
116
81028
105
81108
32
81469
117
81669
110
81829
105
81979
116
82140
105
82410
44
82530
32
82660
101
82861
32
83201
105
83371
108
83442
32
83682
103
84002
105
84133
111
84243
114
84433
110
84483
111
84573
32
84783
100
84884
111
85074
112
85274
111
85354
32
85975
100
86075
111
86196
118
86386
101
86666
118
86846
97
87157
109
87347
111
87457
32
88168
97
88339
110
88459
100
88579
97
88849
101
89170
32
89390
8
89530
8
89660
8
90281
97
90482
114
90552
101
90632
32
90832
105
90962
110
91073
32
91323
99
91453
105
91603
116
91713
116
91924
97
92394
236
93396
8
93656
39
94057
13
94297
112
94397
101
94497
114
94558
32
94778
112
94898
114
94968
101
95279
110
95409
100
95469
101
95629
114
95679
101
95899
32
96070
108
96260
97
96400
48
96661
8
96801
8
97091
39
97191
97
97822
101
98033
114
98203
101
98343
111
98463
32
98703
112
98804
101
98914
114
98944
32
99234
117
99374
110
99485
32
99695
108
00025
117
00236
110
00536
111
00867
8
00987
103
01147
111
01227
32
01668
118
01748
105
01838
97
02018
103
02138
103
02209
105
02369
111
02509
32
02649
100
02759
105
02839
32
03120
114
03240
105
03390
116
03581
111
03731
114
04532
110
04722
111
16890
44
17060
32
17240
105
17661
8
17811
8
17951
8
18242
46
18302
32
18652
73
18852
110
18903
32
19594
114
19674
101
19854
108
19904
97
20104
116
20335
97
20765
8
20915
8
21046
8
21146
8
21316
97
21496
108
21646
116
21867
97
21987
39
22247
13
22528
112
22718
101
22788
114
23259
111
23529
39
23679
32
25011
105
25232
108
25312
32
25622
112
25762
97
26103
110
26303
111
27074
114
27214
97
27315
109
27415
101
27855
8
27936
97
28306
32
28737
101
28937
114
29097
97
29798
8
29958
8
30329
32
30559
105
30740
108
30800
32
31030
116
31190
105
31411
112
31611
111
31721
32
32071
100
32142
105
32232
32
32432
115
32632
116
32702
114
32903
97
33053
100
33143
101
33353
32
34054
40
34395
112
34605
105
34815
99
34956
99
35156
111
35336
108
35567
101
36348
41
36568
32
36768
101
36888
114
37119
97
37680
110
37830
111
37900
32
38721
109
38911
111
39052
108
39182
116
39592
32
39652
111
39963
8
40113
8
40363
111
40434
32
40884
112
41325
105
41395
117
41465
39
41685
13
42116
115
42206
105
42376
109
42567
105
42717
108
43027
105
43147
32
43458
97
43548
32
43788
113
43878
117
43999
101
44119
108
44249
108
44479
105
44549
32
44870
100
44970
101
45060
108
45190
108
45301
101
45471
32
46152
110
46222
111
46402
115
46622
116
46682
114
46883
101
47023
32
47163
97
47323
108
47684
112
48054
105
48445
46
48956
32
49236
83
49426
101
49677
103
49837
117
49917
101
50027
32
50979
40
51229
102
51329
111
51409
114
51610
115
51750
101
52190
41
52461
46
