15820
109
15941
97
16081
32
16411
115
16571
101
16972
99
17092
111
17252
110
17443
116
17533
111
17613
32
17823
116
17943
101
18384
8
18534
8
18654
8
18765
8
18895
8
19045
100
19155
111
19245
32
19546
116
19656
101
20187
44
20287
32
20657
117
20888
110
21118
111
21318
32
21699
102
22009
8
22119
99
22240
104
22350
101
22470
32
23271
102
23431
97
23571
32
23742
117
23872
110
24222
39
24513
105
24713
110
25294
116
25344
114
25574
117
25715
115
25835
105
25975
111
26015
110
26235
101
26386
32
27287
115
27377
99
27597
114
27727
105
27848
118
27978
101
28208
32
28759
108
28859
101
28989
32
29220
112
29350
114
29450
105
29630
109
29740
101
29830
32
30041
99
30281
97
30612
122
30752
122
30912
97
31092
116
31222
101
31363
13
31663
99
31793
104
31873
101
32034
32
32334
103
32404
108
32594
105
32665
32
32835
112
32965
97
33125
97
33255
115
33416
97
33936
8
34077
8
34197
8
34327
115
34427
97
34918
8
34938
115
35018
97
35288
110
35408
111
35529
32
35719
112
35789
101
35869
114
35889
32
36049
108
36160
97
36210
32
36450
116
36520
101
36750
115
36931
116
37121
111
37502
8
37632
97
37862
44
37972
32
38182
111
38203
112
38313
32
38623
8
38763
8
38934
32
42539
100
42619
101
42739
105
42809
32
42959
99
43019
111
43220
109
43340
97
43430
110
43570
100
43680
105
43951
32
50090
97
50350
112
50490
112
50670
111
51842
8
52052
8
52203
8
52353
8
52904
100
52994
105
53094
118
53214
101
53314
114
53464
115
53525
105
53625
32
53785
100
53935
97
54005
108
54125
32
54436
115
54546
111
54776
108
55017
105
55187
116
55417
111
56008
63
56299
13
60074
105
60224
110
60304
32
60475
101
60675
102
60815
102
60865
101
61075
116
61226
116
61536
105
62237
32
63339
101
63609
39
63729
32
63980
102
64150
97
64350
99
64440
105
64651
108
64731
101
64871
32
65382
114
65522
105
65712
99
65802
111
66033
110
66223
111
66333
115
66423
99
66453
99
66804
101
66914
114
67014
101
67114
32
67354
8
67515
8
67645
8
67735
8
68146
8
68246
101
68356
114
68456
101
68596
32
69267
117
69367
110
69488
111
69588
32
69758
99
69928
104
69988
101
70108
32
70239
115
70429
99
70669
114
71210
8
71420
8
71811
8
73233
110
73333
111
73393
110
73463
32
73724
101
73934
39
74004
32
74264
105
74435
108
74485
32
74635
115
74775
111
74935
108
75116
105
75296
116
75396
111
75506
32
76027
115
76187
101
76257
13
76788
115
76908
105
77008
32
77179
109
77279
101
77459
116
77599
116
77719
101
77960
32
78270
115
78531
8
78641
97
78741
32
78991
115
79131
99
79292
114
79462
105
79592
118
79732
101
79832
114
79923
101
80033
32
80974
99
81054
111
81365
97
81815
8
81965
115
82046
97
82256
32
82707
104
82827
97
82847
97
82907
32
83077
109
83187
97
83297
110
83718
103
83778
105
83918
97
84088
116
84259
111
84739
32
85210
97
85300
32
85480
112
85701
114
85891
97
86011
110
86101
122
86292
111
87333
46
88064
8
88505
92
89016
8
89747
46
90107
32
91199
66
91379
111
91509
104
91629
44
91719
32
91980
118
92140
97
92330
32
93913
98
94153
101
94233
44
95425
13
97087
111
97277
103
97548
103
97738
105
97828
32
98720
111
99050
8
99130
110
99300
111
99380
110
99671
8
99821
8
99961
8
99991
115
00192
111
00252
110
00372
111
00462
32
00843
112
01003
111
01173
99
01273
111
01373
32
01694
112
01964
8
02034
99
02235
114
02285
101
02735
97
02936
116
03086
105
03226
118
03406
111
03717
46
03977
32
16926
82
17767
97
18067
99
18218
99
18708
111
18949
110
19059
116
19269
101
19419
114
19620
111
19890
39
19900
48
20271
8
20521
32
22073
110
22133
111
22243
110
22303
32
22844
113
22954
117
23055
101
23215
115
23796
8
24006
8
24166
8
24817
8
24967
8
25097
8
25288
8
25658
113
25798
117
25949
101
26099
108
26219
108
26379
111
26429
32
26540
99
26640
104
26740
101
26810
32
27231
104
27311
111
27391
32
27581
109
27671
97
27791
110
27962
103
28042
105
28142
97
28302
116
28412
111
28512
32
28623
97
28793
32
29384
8
29624
13
29824
112
29974
114
30135
97
30245
110
30345
122
30505
111
30736
46
31026
32
31346
67
31567
101
31697
108
31777
101
31957
110
32138
116
32328
97
32518
116
32668
105
32929
32
33169
8
33299
8
33419
8
33530
110
33780
105
33900
32
34321
100
34411
101
34611
102
34751
105
34811
110
34952
105
35052
116
35162
105
35272
32
35472
97
35863
8
36404
34
36614
97
36774
108
36904
108
36975
97
37295
32
37555
110
37706
111
37856
114
37966
109
38056
97
38387
34
38677
32
45537
111
45837
8
45977
99
46118
111
46318
110
46458
100
46578
105
46719
116
46849
105
46999
32
47249
99
47319
111
47490
110
47610
32
47830
109
47950
101
48191
108
48611
97
48792
110
48912
122
49122
97
49653
110
49783
116
50334
8
50464
101
51205
44
51596
13
52557
111
52907
108
53108
105
53308
116
53518
8
54249
118
54380
101
54500
32
54730
99
55051
8
55281
8
55571
44
55681
32
55932
99
56102
97
56242
112
56372
112
56473
101
56593
114
56773
105
56893
32
57033
101
57124
32
57574
112
57754
111
57975
109
58155
111
58716
100
58886
111
59026
114
59227
111
59467
44
59767
32
60178
8
60308
8
60558
46
60659
32
61029
80
61039
79
61520
8
61820
8
62221
79
62381
114
62611
97
62722
32
62902
97
63272
32
63483
113
63583
117
63683
97
63843
110
64063
116
64114
111
64224
32
64454
109
64644
105
64714
32
65195
114
65686
105
65886
115
66006
117
66167
108
66277
116
66467
97
66938
32
67388
108
67699
101
67809
32
68069
8
68219
97
68560
8
68680
8
68810
97
68890
32
69371
78
69551
111
69682
114
69802
109
69892
97
70383
13
70883
40
71234
104
71835
8
72145
98
72345
97
72566
116
72696
116
72796
117
73517
116
73717
111
73988
110
74198
97
74809
46
74999
46
75139
46
75730
41
75840
32
77893
112
78124
114
78154
101
78344
118
78444
101
78624
100
78775
101
80938
8
81098
8
81218
8
81338
8
81448
8
81569
8
81779
8
82059
110
82160
111
82320
110
82590
32
82750
112
82921
114
82991
101
83301
118
83421
101
83652
100
83752
101
83912
32
84052
97
84393
112
84523
112
84763
8
84893
8
85034
102
85204
97
86015
8
86265
100
86516
8
86636
102
86766
97
87107
116
87117
114
87447
8
87607
8
87848
116
88088
111
88589
8
88739
116
88879
111
89009
32
89200
99
89370
97
89530
112
89670
112
89801
101
89931
114
90031
105
90141
32
90321
101
90421
32
90712
111
90932
108
91132
105
91343
118
91513
101
91623
32
99404
8
99945
44
00055
32
00266
109
00977
101
01357
110
01507
116
01547
114
01748
101
01908
32
02048
101
02228
39
02499
13
02799
97
03050
115
03180
115
03420
111
03590
108
03791
117
03941
116
04161
97
04301
109
04381
101
04502
110
04562
116
04652
101
04802
32
05143
105
05363
110
05643
100
05763
105
05974
115
06084
112
06194
101
06384
110
06705
115
06785
97
07206
98
07296
105
07466
108
07576
101
07686
32
07927
108
08047
97
08117
32
08517
114
08648
105
08748
99
08858
111
09228
116
09379
116
09569
97
09669
32
09819
115
09899
97
10080
108
10270
97
10520
116
10691
97
10921
44
11061
32
11432
99
11532
104
11652
101
11762
32
11952
105
12103
110
12804
101
13134
8
13244
118
13384
101
13555
99
13635
101
14386
13
14626
109
14957
110
15087
99
15227
97
15868
8
16018
8
16218
8
16409
97
16589
110
16729
99
17180
97
17440
118
17610
97
17951
44
18111
32
18782
8
18952
8
19203
46
19403
32
19573
83
19794
116
19884
114
20044
97
20124
110
20334
111
20435
32
20595
112
20665
101
20765
114
20945
99
21035
104
21176
101
21366
39
21536
32
21807
113
21887
117
21977
97
22107
108
22207
99
22337
104
22447
101
22548
32
22668
115
22828
101
23008
116
23128
116
23229
105
23469
109
23559
97
23719
110
23799
97
24170
32
24280
102
24450
97
24571
32
27034
105
27184
110
27485
118
27695
101
28126
99
28356
101
28726
32
28887
99
29207
39
29337
101
29417
114
29588
97
30088
32
30519
113
30669
117
30809
105
30980
110
31110
100
31210
105
31440
13
32492
110
32592
111
32672
110
32772
32
33143
101
33393
39
33513
32
33704
99
33824
104
33924
101
34054
32
34355
108
34525
111
34575
32
34805
99
35006
104
35126
101
35406
102
35797
32
35967
110
36047
111
36157
110
36237
32
37038
115
37119
97
37329
112
37459
112
38150
112
38420
8
38661
105
38811
97
38941
32
39422
99
39512
111
39732
109
39903
101
39983
32
40253
118
40473
97
40604
32
40914
102
41064
97
41244
116
41375
116
41575
97
41645
32
41825
109
41935
97
42046
32
49036
101
49256
118
49426
105
49546
100
49637
100
49667
101
49807
110
49907
116
49987
101
50167
109
50287
101
50368
110
50448
116
50568
101
50738
32
50968
111
51229
103
51359
103
51469
105
51720
13
51960
110
52120
111
52210
110
52320
32
52731
99
53142
101
53262
32
53482
108
53712
39
53793
97
53993
118
54123
101
54263
118
54574
97
54684
32
55425
101
55545
32
55785
104
55876
97
55996
32
56436
109
56607
101
56827
115
57007
115
57147
111
57338
32
58069
113
58189
117
58289
101
58429
108
58559
108
58730
111
58810
32
59050
99
59140
104
59230
101
59320
32
59771
103
59831
108
60021
105
60072
32
60272
112
60372
97
60592
114
60682
101
60883
118
61063
97
61213
44
61694
8
61934
46
62135
32
62805
79
63006
107
63216
44
63326
32
63506
109
63647
97
63787
32
64268
8
64408
8
64508
8
64929
98
65099
97
65459
115
65690
116
65850
97
65940
13
66240
110
66321
111
66401
110
66501
32
66941
99
67112
104
67292
105
67432
97
67632
109
67713
97
67733
97
68323
8
69485
114
69635
108
69826
105
70056
32
70236
97
70406
108
70527
108
70697
97
70807
32
71198
78
71358
111
71488
114
71598
109
71688
97
72039
46
72379
13
