56195
98
56355
101
56505
110
56625
101
56986
44
57126
32
57286
111
57637
103
57737
103
57797
105
57897
32
58027
112
58137
97
58668
114
58718
108
58989
105
59129
97
59389
109
59690
111
59800
32
60200
100
60260
105
60341
32
61292
117
61392
110
61492
32
61632
105
61793
110
62033
116
62173
101
62343
114
62554
101
62794
115
63065
97
63325
8
63435
115
63515
97
63705
110
63816
116
63966
101
64256
32
64416
97
64446
97
64707
114
64897
103
64987
111
65158
109
65268
101
65368
110
65488
116
65578
111
66079
8
66219
8
66349
8
66469
8
66580
8
66700
8
66830
8
66940
8
67070
8
67571
114
67751
103
67821
111
67992
109
68082
101
68182
110
68272
116
68392
111
68623
44
68753
32
73109
115
73289
101
73299
109
73560
112
73830
114
73880
101
73970
32
74401
99
74501
111
74932
8
75152
8
76013
115
77215
117
77465
108
77585
108
77816
39
78597
105
78757
110
79017
116
79118
101
79358
114
79398
101
79628
115
79738
115
79859
97
79999
110
80089
116
80159
101
80309
13
80870
102
80990
105
81241
108
81831
111
82002
110
82162
101
82342
32
82793
100
82983
101
83374
103
83474
108
83674
105
83774
32
83864
97
84636
115
84736
112
84826
101
85006
116
85136
116
85196
105
85347
32
85627
108
85797
111
85987
103
86078
105
86228
115
86428
116
86528
105
86628
99
86729
105
86829
32
89773
100
89933
101
91415
105
91535
32
91666
110
91756
111
92607
115
93749
116
93809
114
93949
105
94069
32
94470
117
94780
102
94910
102
95010
105
95141
99
95201
105
95331
32
96252
97
96412
100
96503
32
96803
65
96903
108
97023
101
97204
115
97314
115
97444
97
97614
110
98095
100
98275
114
98435
105
98646
97
98986
44
99577
8
99988
46
00208
13
00578
67
01129
8
02852
81
03152
117
03292
105
03443
32
04254
108
04434
101
04534
32
04634
115
04805
101
05345
114
05465
114
05656
97
05806
110
06016
100
06287
101
06527
32
06787
115
06988
111
07078
110
07178
111
07278
32
07889
8
08029
8
08149
8
08270
8
08460
8
08650
110
08760
111
08880
110
09011
32
09882
104
10022
97
10322
110
10463
110
10893
8
11875
8
12756
8
12906
8
13056
8
13467
99
13587
105
13657
32
13787
115
13918
111
14058
110
14108
111
14208
32
14398
108
14518
101
14589
32
14969
102
15049
105
15209
110
15290
101
15510
115
15670
116
15730
114
15900
101
16051
44
16241
32
17012
109
17122
97
17242
32
17413
108
17533
101
17603
32
18204
115
18374
101
18554
114
18674
114
18835
97
18975
110
19085
100
19185
101
19385
32
20026
110
20137
111
20177
110
20267
32
20808
104
20898
97
21028
110
21148
110
21348
111
21458
32
21719
108
21839
101
21949
32
22159
99
22270
111
22380
114
22580
100
22680
101
22850
44
23281
32
23441
112
23562
101
23652
114
23802
99
23882
104
24002
101
24192
236
24643
8
24984
39
25404
13
25955
113
26105
117
26315
97
26496
32
26956
97
27377
98
27527
105
27788
116
27988
97
28499
97
28999
8
29200
118
29370
97
29470
110
29710
111
29851
32
30081
105
30181
32
30782
100
30852
101
31102
103
31233
101
31383
110
31513
116
31613
105
31743
32
32204
99
32775
114
33366
8
33526
8
36791
100
36901
105
36981
32
37131
112
37702
115
37872
105
38183
99
38293
104
38473
105
38583
97
38864
114
39484
8
40256
116
40806
114
40926
105
41037
97
41067
97
41617
8
45523
44
45663
32
45864
99
45964
104
46104
101
46144
32
47256
112
47476
111
47866
116
47997
101
48237
118
48367
97
48537
110
48728
111
48818
32
49148
102
49299
97
49459
114
49639
99
49779
105
49899
115
49929
115
50010
105
50670
8
50911
8
51522
105
52083
32
52363
109
52523
97
52663
108
52804
101
53535
8
53685
8
53825
8
53935
8
55427
8
56559
44
56729
32
58652
101
58832
104
59063
109
59293
44
59553
13
60044
109
60174
97
60334
108
60425
101
60655
44
60935
32
66063
8
66233
8
66483
46
66744
32
67545
83
67785
111
67915
110
67985
111
68346
32
69057
109
69247
111
69457
115
69588
115
69748
101
69858
32
70619
100
70699
97
70860
32
71450
117
71851
110
72181
97
72522
32
72922
108
73654
8
78020
109
78150
97
78280
110
78500
111
78791
118
78951
101
79161
108
79262
108
79372
97
79522
32
83257
8
83598
44
83668
32
83768
100
83888
105
83968
32
84449
99
84549
117
84689
105
84770
32
84970
112
85110
101
85240
114
85551
97
85741
108
85921
116
85971
114
86071
111
86192
32
86482
110
86592
101
86712
32
87113
101
87303
115
87423
105
87564
115
87764
116
87814
101
87984
109
88305
8
88435
8
88475
110
89006
8
89196
111
89316
110
89496
111
89717
13
90057
115
90187
105
90568
8
90748
111
90908
108
91059
111
91179
32
91459
117
91569
110
91639
32
91750
112
91910
97
92050
105
92180
111
92290
32
92481
112
92571
101
92681
114
92701
32
93372
117
93502
110
94083
97
94263
32
95775
113
95936
117
96066
105
96286
110
96506
100
96637
105
96917
99
96987
105
97247
110
97358
97
97388
97
97478
32
97928
8
98069
8
98169
32
98329
102
98750
8
98930
100
99000
105
99080
32
99200
102
99250
105
99431
110
99521
101
99791
115
99961
116
00041
114
00192
101
00332
44
00602
32
00813
8
00943
8
01173
46
01343
32
02685
73
03156
8
04197
67
04368
111
04838
109
05049
117
05209
110
05359
113
05469
117
05930
101
06060
109
06451
8
06731
44
06881
32
07803
108
07983
101
08063
32
08183
97
08373
118
08484
101
08594
118
08774
111
09094
13
09245
97
09515
98
09635
98
09816
97
09996
115
10106
115
10216
97
10446
116
10567
101
10747
32
11348
99
11428
111
11558
110
11628
32
11798
108
12029
39
12469
105
12670
110
13200
105
13391
122
13551
105
13691
111
14062
32
14372
100
14452
101
14893
108
15163
32
20962
8
21943
8
22083
8
22464
117
22574
110
22654
32
22794
112
22954
111
22974
112
23085
39
23525
8
23675
8
23816
8
24477
111
24637
39
24767
32
25278
113
25338
117
25458
97
25548
110
25819
100
25909
111
25989
32
26389
99
27070
39
27191
101
27281
114
27441
97
27711
32
27902
116
27952
101
28152
109
28552
112
28713
111
28783
32
29133
110
29504
8
29894
115
30025
111
30195
108
30315
101
30515
103
30635
103
30736
105
30866
97
31066
116
31186
111
31427
44
31617
32
31847
112
31917
101
32027
114
32238
99
32358
104
32458
101
32628
39
33019
32
33920
99
34481
39
34581
101
34681
114
34862
97
35012
13
35422
116
35492
114
35603
111
35803
112
35953
112
36163
97
36294
32
36634
108
36834
117
36965
99
37065
101
37165
32
37295
112
37425
101
37495
114
37565
32
39388
118
39508
101
39688
100
39749
101
39889
114
40229
101
40359
32
41020
98
41111
101
41231
110
41321
101
41481
32
41601
108
41792
111
41882
32
41982
115
42132
99
42262
104
42332
101
42523
114
42653
109
42853
111
43394
44
43644
32
44285
112
44515
111
44676
105
44766
32
45537
113
45647
117
45797
97
45917
110
46078
100
46258
111
46428
32
46909
104
47039
97
47179
32
47600
102
47760
97
47940
116
48071
116
48141
111
48271
32
48731
105
48942
108
49202
13
49653
109
49783
101
49983
122
50134
122
50254
111
50374
32
50504
100
50614
105
50824
108
51305
117
51716
118
51796
105
51946
111
52066
32
52667
101
53068
8
54580
104
54890
8
56893
118
56993
111
57164
108
57264
101
57524
118
57644
111
57795
32
59006
114
59166
105
59377
116
59477
105
59637
114
59807
97
60188
114
60298
108
60548
97
60959
32
61119
115
61209
117
61490
44
61620
32
62131
101
62241
32
64104
104
64214
111
64414
32
64935
111
65135
116
65275
116
65425
101
65766
110
65946
117
66086
116
66197
111
66287
32
66938
108
67198
39
67338
101
67539
102
67659
102
67769
101
67969
116
68099
116
68199
111
68310
32
69141
8
70423
115
70583
105
70733
99
70853
99
70943
111
71274
109
71384
101
71534
32
72055
101
72345
39
72466
32
73257
114
73347
111
73767
98
73938
97
74088
32
74559
118
74699
101
74899
99
75009
99
75109
104
75300
105
75420
97
75600
44
75901
13
76822
105
77012
108
77092
32
77252
109
77403
101
78855
99
78995
99
79185
97
79626
110
79816
105
79956
115
80137
109
80317
111
80407
32
80768
115
80828
105
80928
32
81108
101
81278
39
81408
32
81629
115
81839
103
81979
97
82119
110
82340
99
82450
105
82520
97
82780
116
82851
111
82961
32
83091
97
83331
8
83421
100
83712
97
83832
32
84202
113
84273
117
84383
97
84503
108
84583
99
84703
104
84793
101
84914
32
85104
112
85254
97
85484
114
85655
116
85735
101
85865
32
86326
99
86426
111
86546
110
86606
32
87007
105
87357
108
87537
32
88308
114
88419
105
88569
115
88599
115
88659
117
88809
108
88889
116
89059
97
89210
116
89280
111
89390
32
89730
8
89881
8
89991
8
90101
8
90391
8
90562
8
90692
8
90812
8
91233
117
91423
108
91563
116
91713
97
91874
116
91974
111
92344
13
92555
99
92765
104
92935
101
93185
32
93906
111
94047
114
94227
97
94307
32
95539
8
95679
8
95809
8
96150
8
96260
100
96380
97
96520
32
96771
113
96871
117
96941
97
97081
108
97191
99
97361
104
97442
101
97562
32
97932
103
98082
105
98203
111
98343
114
98503
110
98573
111
98643
32
98803
108
98914
97
99004
32
99404
115
99565
101
99755
114
99885
114
00045
97
00115
110
00236
100
00336
97
00476
32
00977
101
01187
39
01678
32
04562
116
04642
117
04722
116
05513
116
05693
97
05784
32
05984
103
06174
105
06364
117
06675
39
06975
44
07176
32
08507
112
08948
101
09028
114
09148
32
09299
108
09419
97
09539
32
10000
108
11051
8
12473
108
12734
117
13435
8
13575
8
13695
8
14236
8
14376
8
14516
8
14646
8
14756
8
14907
8
15838
101
15968
32
16859
113
16990
117
17070
105
17260
110
17400
100
17480
105
18051
32
18342
111
18502
108
18632
116
18752
114
18932
101
19043
13
19263
97
19413
32
20274
110
20324
111
20415
110
20465
32
20725
97
20925
118
21025
101
21316
114
21396
101
21546
32
21937
108
22147
117
22287
99
22417
101
22698
32
22878
110
22988
111
23008
112
23058
110
23138
32
23369
8
23509
8
23619
8
23870
111
24350
8
24470
110
24540
32
24851
99
24971
105
25091
114
25272
99
25402
111
25542
97
25722
32
26023
8
26153
8
26423
108
26533
97
26634
32
26874
108
27395
39
27515
97
27785
114
27875
105
27965
97
28176
44
28296
32
28456
101
28556
32
28827
99
28907
111
29097
109
29317
105
29498
110
30229
99
30289
105
30399
97
30489
32
30619
97
30729
32
31070
102
31210
97
31370
114
31430
101
31511
32
31651
99
31771
108
31881
97
31901
97
32222
8
32332
8
32432
8
32572
97
33003
108
33323
100
33483
111
33774
46
