58707
109
58868
105
58978
32
59328
118
59478
101
59679
114
59789
114
59879
101
60270
98
60400
98
60580
101
60710
32
61161
100
61251
97
61391
32
61551
115
61632
99
61822
114
62002
105
62112
118
62343
101
62433
114
63144
101
63284
32
63404
99
63484
104
63594
101
63684
32
64155
111
64426
103
64546
103
64666
105
64976
44
65187
32
65848
8
66018
8
66238
32
66478
110
66569
111
66829
44
66979
32
67360
110
67490
111
67840
110
68131
32
68692
104
68752
111
68852
32
69022
112
69102
114
69202
111
69433
112
69573
114
69703
105
69853
111
69953
32
70414
118
70644
111
70895
103
70985
108
71185
105
71255
97
71436
32
71566
100
71676
105
71756
32
72006
102
72177
97
72337
114
72417
101
72527
13
73128
108
73459
39
73659
101
73849
115
73999
112
74079
101
74340
114
74470
105
74660
109
74770
101
74891
110
74971
116
75111
111
75602
44
76843
32
80378
109
80509
97
80659
32
82441
115
82552
97
82692
105
82762
32
83002
99
83172
111
83383
109
83863
39
84064
101
84174
39
84755
44
84945
32
85416
117
85596
110
85706
111
85786
32
85977
115
86087
105
86187
115
86567
8
86678
32
86868
115
87078
116
87138
101
87248
110
87379
116
87449
101
88070
8
88210
8
88340
8
88470
8
89011
8
89181
8
89331
8
89702
8
91374
105
91675
32
91795
115
91965
101
92055
110
92165
116
92246
101
92586
32
92766
116
92906
101
93417
110
93557
117
93758
116
93918
111
94228
46
94409
46
94589
46
94929
32
96662
99
96982
97
97213
118
97343
111
97513
108
97653
111
97864
109
98334
8
98595
44
98675
32
99015
101
99145
112
99396
8
99516
8
99696
112
99836
101
99927
114
99957
111
00407
39
00778
13
01198
8
01499
44
01789
13
02330
100
02380
101
02620
118
02811
111
02971
32
03442
112
03922
114
04703
111
04914
112
05074
114
05224
105
05434
111
05635
32
05965
102
06115
97
06276
114
06366
109
06586
105
06796
32
07087
115
07207
112
07437
105
07618
101
07648
101
07848
103
07998
97
08158
114
08229
101
08309
32
08459
99
08759
8
08859
97
08940
32
09540
8
09701
8
09851
99
09971
111
10181
109
10332
101
10452
32
10872
8
11023
8
11143
8
11243
8
11363
8
11463
113
11724
117
12014
97
12154
108
12344
32
12555
101
12725
39
12905
32
13236
108
13466
39
13716
117
13927
116
14007
105
14167
108
14327
105
14417
122
14558
122
14678
111
14798
32
15078
112
15229
114
15289
101
15869
118
15990
105
16110
115
16310
116
16400
111
16560
32
18744
34
18954
97
19154
32
19264
114
19334
101
19495
103
19605
105
19905
109
20035
101
20336
34
20706
13
20977
100
21057
101
21257
108
21377
108
21508
97
21638
32
21748
99
21868
111
22008
115
22078
97
22259
44
22439
32
22669
112
22779
101
22840
114
23070
99
23280
104
23450
101
23561
39
23661
32
23811
115
23961
101
24071
32
24302
117
24382
110
24502
32
25253
8
25433
111
25503
32
25634
100
25714
101
25864
118
26174
101
26315
32
26485
115
26605
99
26815
114
26935
105
27056
118
27216
101
27326
114
27406
101
27556
32
28357
99
28448
111
29018
115
29109
105
29279
32
29840
97
30140
108
30260
108
30491
97
30801
32
31111
99
31272
46
32193
46
32333
46
32433
46
32724
32
34406
105
34827
108
35047
32
35508
111
36179
8
36369
109
36790
111
37000
100
37090
111
37380
13
37611
105
37751
110
37861
32
38001
99
38121
117
38262
105
38332
32
38542
115
38672
99
38883
114
39023
105
39123
118
39343
101
39483
32
39674
101
39834
39
39964
32
40305
116
40455
101
40625
114
40745
114
40885
105
41256
98
41336
105
41536
108
41727
109
41877
101
41977
110
42077
116
42197
101
42318
32
42878
114
42958
105
43099
118
43539
8
43679
8
43790
8
43890
100
44050
105
44180
118
44340
101
44521
114
44691
115
44791
111
44921
32
45302
100
45452
97
45582
32
46784
99
46854
111
47034
109
47144
101
47245
32
47365
115
47525
99
47745
114
47896
105
47976
118
48146
101
48276
32
48486
105
48587
110
48737
32
48927
97
49097
108
49258
116
49268
114
49408
105
49518
32
50009
8
50239
13
50660
109
51491
111
51741
109
52202
101
52322
110
52472
116
52883
105
53243
46
53444
32
53914
80
54054
65
54325
114
54695
8
54815
8
55066
97
55396
114
55667
108
55797
101
56448
114
56618
111
56758
32
57179
8
57750
39
57830
32
57920
97
58230
108
58411
108
58651
111
58851
114
59052
97
59442
32
62216
100
62346
105
62436
32
62637
113
62727
117
62827
101
62977
108
63097
108
63298
111
63388
32
63698
99
63788
104
63929
101
64039
32
64660
104
64760
111
64840
32
65391
102
65531
97
65731
116
65851
116
65911
111
65962
32
66142
115
66362
116
66532
97
66673
109
66763
97
66983
116
67113
116
67233
105
67444
110
67544
97
67724
44
67904
32
75866
99
76076
104
76256
101
76937
13
77268
101
77618
39
77728
32
77989
117
78079
110
78309
97
78429
32
78570
99
78670
111
78880
115
78940
97
79100
32
79571
99
79661
104
79771
101
79811
32
80022
109
80232
105
80312
32
80512
101
80693
115
80873
97
81023
108
81143
116
81354
97
81414
32
81614
109
81804
111
81945
108
82065
116
82265
105
82435
115
82565
115
82646
105
83467
111
83757
8
83867
109
84017
111
85450
58
85660
32
86711
101
87282
8
89245
100
89395
105
89866
115
90427
99
90647
117
90867
116
91058
101
91128
114
91228
101
91388
32
91638
108
92109
8
92199
99
92309
111
92510
110
92690
32
92860
108
92990
97
93091
32
93741
100
94102
105
94272
114
94422
105
94803
103
94963
101
95053
110
95153
116
95264
101
95384
13
95634
100
95704
101
95844
108
96015
108
96596
39
96916
65
97036
83
97116
76
97357
32
97887
99
98398
8
98568
8
98889
44
99019
32
99299
99
99380
104
99490
101
99570
32
99940
99
00031
105
00091
32
00982
111
01142
115
01453
112
01713
105
01873
116
02083
97
02384
32
02574
105
02674
110
02835
32
03215
99
03295
111
03485
109
03676
111
03846
100
04006
97
04207
116
04327
111
05348
44
05558
32
06119
100
06179
105
06269
32
06390
97
07351
108
07591
99
07752
117
07982
110
08192
101
08282
32
08783
102
08933
97
09144
99
09254
99
09354
101
09524
110
09694
100
09985
117
10335
111
10486
108
10906
101
11046
32
12048
100
12128
105
12368
13
12659
105
13069
8
13400
114
13520
105
13730
108
13840
101
14081
118
14561
97
14692
110
14852
116
15052
101
15262
32
15463
105
15573
110
15823
114
15943
101
16294
8
16414
8
16494
116
16735
101
16945
114
17045
101
17315
115
17436
115
17716
101
17846
32
18046
97
18327
8
18527
110
18657
97
18687
97
18908
122
19198
8
19318
8
19408
122
19619
105
19789
111
19829
110
20390
97
20530
108
20640
101
20891
101
21021
32
21211
8
21381
32
21451
8
21862
8
22032
32
22212
101
22443
32
22643
105
22763
110
23054
116
23304
101
23484
114
23885
110
24015
97
24035
97
24345
122
24566
8
24696
8
24796
122
24996
105
25117
111
25247
110
25497
97
25677
108
25818
101
25988
32
26629
99
26809
111
27360
109
27540
101
27840
32
28041
105
28231
110
28401
115
28672
116
28882
97
28992
108
29112
108
29222
97
29483
114
29633
101
29813
13
30104
117
30114
105
30204
110
30574
8
30735
8
30905
110
31095
32
31966
8
32117
8
32427
8
32557
100
32627
101
32888
108
32988
108
33128
101
33489
32
33649
116
34600
97
34790
114
35291
103
35471
104
35622
101
35712
32
35852
101
35952
32
36333
117
36433
110
36523
32
36773
99
36894
105
37074
116
37214
111
37815
102
37895
111
38025
110
38095
111
38276
32
38806
102
38977
117
39137
111
39277
114
39347
105
39427
32
39597
100
39668
101
39778
108
39898
108
39998
97
40148
32
41029
112
41210
111
41630
114
41730
116
41981
97
42131
44
42922
8
43213
46
43383
32
43763
73
43984
110
44074
111
44224
108
44324
116
44424
114
44625
101
44715
32
51805
112
51895
114
51965
101
52826
8
53007
8
53137
8
53958
112
54048
114
54108
101
54399
112
54479
97
54779
114
54919
97
55100
114
55170
101
55280
13
55550
108
55751
39
55891
101
56161
108
56281
101
56502
110
56602
99
56792
111
57393
32
57703
100
58485
101
58735
108
58985
8
60067
8
60247
8
60688
114
60778
105
60978
118
61118
101
61389
100
61459
101
61589
114
61669
101
61839
32
62210
8
62450
13
62691
108
62951
39
63071
101
63261
108
63412
101
63562
110
63692
99
63812
111
64002
32
64133
100
64203
101
64343
108
64473
108
64603
101
64814
32
65084
102
65174
111
65334
114
65955
110
66176
105
66526
116
66636
117
66766
114
66837
101
66937
32
67077
100
67127
105
67207
32
67337
99
67498
97
67838
110
68028
99
68189
101
68869
108
68990
108
69100
101
69300
114
69500
105
69601
97
70261
32
70512
112
70662
101
70812
32
71844
8
71864
249
72004
114
72204
32
72405
8
72555
8
72665
8
72795
114
72935
32
77862
8
78013
8
78143
8
78263
8
78373
100
78523
97
78854
32
79144
8
79274
8
80076
8
80306
112
80456
101
80536
114
80636
32
80947
117
81027
110
81157
32
82910
112
83090
105
83290
99
83420
99
83460
111
83631
108
83791
111
83891
32
84262
109
84402
97
84632
103
84802
97
84993
122
85163
122
85373
105
85884
110
86134
111
86445
13
89940
100
90020
97
90190
32
90410
102
90581
97
90781
114
91031
32
91742
103
91863
101
92053
115
92233
116
92373
105
92503
114
92614
101
92714
32
92814
97
92974
108
93104
108
93215
101
93365
32
93956
117
94036
115
94216
99
94376
105
94496
101
94667
114
94757
101
96239
46
96389
46
96780
46
97180
32
97811
105
98001
110
98252
115
98342
111
98552
109
98692
109
98923
97
99453
44
99694
32
02137
113
02348
117
02478
101
02508
101
03239
8
03650
108
03790
108
04130
111
04290
32
04631
112
04721
101
04801
114
04881
32
05042
99
05382
117
05843
105
06303
32
06494
105
06624
32
06954
8
07175
108
07275
32
07785
77
08116
73
09258
8
09538
8
11160
8
11741
32
12462
8
12642
8
12973
8
13574
108
13704
97
13904
32
14095
110
14205
97
14425
122
14615
105
14755
111
14816
110
15026
101
15146
13
15997
104
16087
97
16198
32
16528
98
16628
105
16738
115
16858
111
17089
103
17149
110
17219
111
17369
32
17479
100
17580
105
17650
32
17870
109
18040
101
18421
46
18431
44
18851
8
18992
8
19933
46
