70786
99
70926
97
71106
114
71226
111
71366
32
71527
100
71627
105
71747
97
71767
97
72298
8
72508
114
72668
105
72789
111
72999
44
73169
32
73530
111
73710
103
73810
103
73880
105
73970
32
74862
104
74932
111
75022
32
75302
103
75412
105
75542
111
75673
99
75823
97
76033
116
76143
111
76294
32
76554
97
76774
32
77035
113
77175
117
77295
97
77545
107
77676
101
77776
32
78126
99
78226
111
78367
110
78457
32
78677
105
78907
108
79098
32
79248
116
79368
117
79538
111
79668
32
80049
101
80279
100
80530
105
80770
116
80870
111
80980
114
81291
101
81521
44
81701
32
81862
99
81982
104
82082
101
82152
32
82402
109
82593
105
82663
32
82903
104
83013
97
83103
32
84505
13
85106
8
85287
8
85627
13
86979
8
87590
13
88241
97
88461
109
88591
109
88751
97
89122
122
89242
122
89392
97
89583
116
89633
111
89723
32
89833
100
89953
105
90023
32
90514
98
90614
111
90764
116
90885
116
91185
101
92076
46
92236
32
92497
105
92697
110
92837
32
92988
112
93108
97
93518
114
93608
116
94620
105
94800
99
94890
111
95041
108
95141
97
95321
114
95401
101
95471
32
95651
105
95862
110
96012
32
96382
113
96443
117
96563
97
96683
108
97003
99
97524
104
97634
101
97855
32
98075
109
98195
97
99287
112
99417
112
99607
97
00989
59
01149
32
01400
105
01580
110
01700
32
02041
117
02141
110
02371
97
02431
32
02792
110
02872
111
02942
110
03032
32
03983
8
04264
13
04604
114
04734
105
04945
117
05315
115
05506
99
05636
105
05966
118
06036
111
06136
32
06467
109
06607
97
06727
105
06848
32
07188
112
07458
8
07569
97
07689
32
07839
112
08099
114
08109
101
08710
110
08840
100
08930
101
09061
114
09151
101
09281
32
09511
105
09722
108
09842
32
10312
113
10493
117
10623
97
10983
100
11334
44
11484
32
13137
109
13287
101
13627
110
13848
116
13928
114
14118
101
14198
32
14729
8
14889
8
15019
8
15149
8
15240
8
15360
8
15560
8
15680
101
15911
32
16261
108
16491
39
17052
117
17222
110
17333
105
17473
99
17633
97
17733
32
17974
99
18104
111
18274
108
18554
8
18675
8
19225
8
19225
118
19235
111
19366
8
20006
111
20177
108
20267
116
20457
97
20577
32
20758
99
20948
104
21078
101
21178
32
21338
108
21919
39
22560
104
22640
111
22810
32
22991
112
23091
114
23151
101
23361
115
23471
111
23722
13
24383
105
24723
8
24883
109
25034
105
25224
32
26165
104
26295
97
26406
32
26736
102
26916
97
27117
116
27247
116
27357
111
27487
32
27768
115
27948
101
28138
99
28278
99
28398
111
28579
32
29049
97
29230
108
29390
32
29530
112
29690
114
29790
105
29951
109
30121
111
30211
32
30702
8
30862
8
31012
8
31132
8
31243
8
31373
8
31503
8
31603
8
31733
8
31884
99
32044
111
32174
110
32244
32
32444
117
32554
110
32665
32
32825
115
32905
111
33085
108
33245
111
33396
32
33676
99
33766
111
34377
112
34607
108
34858
8
34988
8
35188
108
35649
112
35819
111
35909
32
36110
112
36230
101
36300
114
36490
99
36590
104
36740
101
37181
39
37552
32
38783
110
38924
111
38994
110
39114
32
39264
97
39464
118
39575
101
39715
118
39905
111
39995
32
40396
108
40736
39
40856
97
41047
114
41147
109
41227
97
41417
116
41668
117
41858
114
42038
97
43370
46
43670
13
47406
73
47967
108
48187
32
48618
98
48758
101
49289
108
49439
108
49949
111
50110
32
50540
101
50771
39
50871
32
51201
99
51291
104
51432
101
51522
32
52173
110
52193
98
52283
101
52513
108
52653
108
52914
8
53064
8
53174
8
53304
8
53424
8
53535
8
54556
44
54676
32
54847
111
54957
32
55117
102
55217
111
55307
114
55467
115
55618
101
55698
32
55838
105
55988
108
56088
32
56259
112
56539
8
56729
98
56889
114
57050
117
57160
116
57290
116
57390
111
57580
44
57731
32
57921
101
58392
39
58522
32
58742
99
58842
104
58922
101
59053
32
60024
108
60184
101
60304
32
60455
109
60565
97
60695
112
60805
112
61015
101
62047
32
62377
99
62477
104
62588
101
62678
32
63108
109
63299
105
63369
32
63549
112
63749
105
63829
97
64050
99
64160
99
64230
105
64360
111
64500
32
64861
8
64961
110
65101
111
65592
13
65762
100
65872
105
65963
32
66113
112
66443
105
66493
117
66613
39
66734
32
67034
115
67124
111
67274
110
67344
111
67455
32
67975
113
68066
117
68186
101
68326
108
68446
108
68636
111
69077
8
69137
101
69367
32
72262
100
72452
111
73583
8
73734
8
73874
8
75226
111
75326
32
75616
100
75686
105
75887
115
75977
111
76738
8
76878
8
77139
32
77259
115
77369
111
77529
108
77679
105
77810
116
77870
111
77980
32
78180
97
78250
110
78380
99
78460
104
78581
101
78641
32
78921
113
79011
117
79141
101
79262
108
79362
108
79492
101
79592
32
79852
100
79983
111
80083
118
80223
101
80363
32
80744
112
80864
101
80954
114
81595
8
81745
8
82196
101
82396
114
82576
100
82737
111
83518
46
83708
32
84259
81
84479
117
84599
105
84800
110
84940
100
85080
105
85210
32
86302
99
86392
111
87904
110
89046
116
89296
105
89877
110
89937
117
90097
111
90518
13
90698
97
90848
32
91119
103
91209
105
91349
114
91529
97
91720
114
91790
101
91860
32
92000
112
92060
101
92130
114
92210
32
92641
101
92911
115
93061
112
93282
108
93462
111
93692
114
93873
97
94053
114
94133
108
94263
101
94874
32
97057
99
97197
111
97328
110
97618
116
97818
105
98019
110
98109
117
98249
97
98389
110
98529
100
98629
111
98720
32
98810
97
98910
32
99160
112
99280
114
99671
101
00292
110
00432
100
00542
101
00682
114
00753
101
00893
32
01163
109
01303
97
01634
122
01794
122
01964
97
02175
116
02415
101
03396
46
04137
32
05189
86
05349
97
05569
32
05690
98
05850
101
06000
39
06581
13
07743
8
07993
44
08263
13
09705
102
10116
97
10256
32
11127
108
11318
111
11528
32
11628
115
11859
116
11949
101
12129
115
12279
115
12369
111
12570
44
12680
32
13030
105
13391
8
13621
108
14132
39
14362
105
14552
109
14622
112
14803
111
14973
114
15023
116
15203
97
15303
110
15424
116
15564
101
15664
32
15864
101
16075
39
16505
32
16695
112
16836
97
17026
114
17156
116
17226
101
17527
99
17677
105
17857
112
17937
97
18148
114
18218
101
18688
46
25258
32
25678
67
25859
101
25929
114
26099
116
26179
111
27982
32
28232
99
28352
104
28462
101
28653
32
29113
112
29854
101
29955
114
30145
32
30515
115
30786
99
30946
114
31066
105
31156
118
31306
101
31377
114
31487
101
31637
13
32088
113
32188
117
32358
101
32568
115
32769
116
32869
111
33019
32
33379
100
33470
105
33740
97
33920
114
34040
105
34181
111
34291
32
34541
111
34882
103
34952
110
35052
105
35172
32
35472
103
35543
105
35683
111
35823
114
36003
110
36083
111
36224
32
37065
110
37265
101
37465
32
38016
100
38216
111
38367
118
38567
114
39228
111
39949
39
40059
32
40279
115
40369
99
40560
114
40640
105
40750
118
40880
101
40980
114
41071
101
41161
32
41541
100
41611
105
41701
32
42292
98
42422
111
42603
105
43003
97
43214
116
43484
101
43684
46
43955
32
53278
67
53959
101
54089
32
54259
110
54530
39
54620
101
54760
114
55061
97
55311
8
55471
8
55611
8
55732
8
55862
8
55982
8
56102
8
56222
8
56693
86
56873
97
56973
32
57084
98
57224
101
57454
110
57604
101
57875
13
58035
97
58445
97
58586
110
58686
99
58826
104
59056
8
59747
104
59928
101
60078
32
60398
99
60759
8
60979
108
61089
97
61169
32
61450
115
61850
99
62041
114
62171
105
62301
116
62431
116
62491
117
62642
114
62832
97
62942
32
63182
115
63353
99
63683
8
63843
116
63973
105
64154
108
64264
101
64374
32
64564
115
64785
116
64845
114
65055
97
65265
109
65706
8
65876
101
65966
8
66117
8
66197
101
66527
97
66697
109
66878
32
67118
111
67378
102
67679
99
67799
32
68009
8
68200
8
68400
32
68520
99
68620
111
68830
110
69031
115
69251
99
69962
105
70082
111
70262
117
70353
115
70623
99
70763
110
71014
8
71835
8
72275
110
72576
101
72866
115
73207
115
73838
63
74078
32
74659
69
74819
32
74949
100
75099
101
75270
118
75380
101
75550
32
75760
101
75971
115
76111
115
76311
101
76331
114
76832
101
77022
13
77373
115
77553
101
77673
109
77873
112
77974
114
78024
101
78484
32
78835
108
79656
97
79766
32
79906
115
80127
116
80207
101
80427
115
80547
115
80687
97
80798
32
80998
97
81208
8
81288
115
81479
116
81649
8
81809
8
81859
116
82069
97
82250
115
82460
116
82600
105
82710
101
82871
110
83341
8
83421
114
83642
97
84653
63
85124
63
85304
63
85995
32
87567
66
87768
111
87898
104
88108
44
88338
32
88769
116
88969
97
89029
110
89190
116
89300
111
89420
32
89891
108
90141
39
90441
101
90662
100
90822
105
90952
116
91203
111
91413
110
91834
8
91924
114
92134
101
92254
32
92545
110
92615
111
92715
110
92805
32
93035
109
93236
105
93316
32
93556
114
93796
105
93906
115
94057
112
94237
111
94487
110
94718
101
95048
8
95108
100
95339
101
95969
44
96190
13
96771
103
96831
108
97031
105
97171
32
97361
115
97672
101
98223
114
98413
118
98473
111
98623
110
98703
111
99034
32
99264
115
99404
111
99565
108
99735
111
99825
32
00015
105
00135
32
00436
100
00626
97
00846
116
01007
105
03400
46
03981
32
07115
69
09559
32
10300
110
10410
111
10520
110
10651
32
11432
115
11602
101
11762
114
11942
118
12063
101
12173
32
12393
109
12503
101
13595
116
13735
116
13865
101
14005
114
14106
101
14466
32
14666
109
14797
101
15007
115
15127
115
15277
97
15437
103
15698
105
16018
8
16118
103
16249
105
16489
32
16679
115
16769
97
17010
116
17200
97
17510
110
17651
105
17801
99
17931
105
18111
32
18292
115
18752
99
18872
8
19033
8
19183
99
19313
105
19694
102
19844
114
19974
97
20164
116
20254
105
21466
46
21777
13
