67003
97
67284
32
67444
112
67604
114
67684
111
67845
112
67995
111
68135
115
68405
105
68576
116
68776
111
68886
32
69046
100
69186
105
69267
32
69497
101
69677
115
69787
112
69898
101
70108
114
70268
105
70458
109
70558
101
70679
110
70739
116
70919
111
71039
32
71290
115
71460
99
71610
105
71760
101
71900
110
72061
116
72221
105
72772
102
72922
105
73342
99
73513
111
73743
44
73893
32
74013
97
74454
32
74664
118
74765
111
74935
108
75225
116
75455
101
75696
32
80032
109
80272
105
80593
32
81985
118
82115
105
82315
101
82546
110
82666
101
82846
32
82996
100
83177
97
83327
32
83537
115
83868
8
84418
112
84569
101
84859
110
85049
115
85230
97
85470
114
85530
101
85710
13
86391
99
86461
104
86581
101
86682
32
89115
105
89245
32
89896
110
89976
111
90177
115
90577
116
90958
114
91138
105
91278
32
91659
115
91789
111
91939
110
91999
111
92079
32
92410
117
92650
32
92961
8
93081
110
93221
32
93441
112
93592
111
93832
39
93842
48
94273
8
94453
32
95034
114
95124
105
95264
100
95384
105
95755
99
96035
111
96215
108
96436
105
96696
44
96856
32
99590
105
99780
110
99971
32
00111
113
00231
117
00321
101
00441
115
00622
116
00822
105
00902
32
01583
103
01653
105
01773
111
01863
114
02064
110
02114
105
02234
32
02414
101
02615
39
02755
32
03065
99
03245
97
03356
112
03566
105
03736
116
04317
97
04557
116
04878
111
05198
13
05449
112
05569
101
05649
114
05889
99
06029
104
06170
101
06991
39
07231
32
08763
99
08924
39
09014
101
09114
114
09314
97
09414
32
09665
115
09775
117
10005
108
10125
108
10256
101
10366
32
10486
112
10576
97
11167
103
11287
105
11477
110
11547
101
11658
32
11788
100
11848
105
12228
32
12499
116
12619
111
12729
114
12869
105
12999
110
13160
111
13280
32
13690
100
13751
101
13931
108
14061
108
14141
97
14241
32
14422
115
14722
116
14952
97
15103
109
15333
112
15483
97
15643
32
16394
117
16585
110
16765
32
16875
97
17175
114
17266
116
17456
105
17586
99
17716
111
17907
108
18107
111
18237
32
18798
115
19068
117
19409
13
19839
117
20020
110
20130
97
20280
32
20610
115
20711
99
20851
111
21011
112
21141
101
21241
114
21392
116
21592
97
21722
32
22223
102
22373
97
22613
116
22774
116
22984
97
23194
32
23705
100
23825
97
23945
32
24326
114
24436
105
24536
99
24626
101
24796
114
24957
99
25107
97
25307
116
25517
111
25668
114
25788
105
26178
32
26309
100
26369
101
26539
108
26649
108
27230
39
27580
117
27721
110
27901
105
28051
118
28271
101
28402
114
28542
115
28742
105
28882
116
29083
97
29403
39
29543
32
29693
100
29804
105
29874
32
30214
84
30405
111
30535
114
30675
105
30855
110
31045
111
33389
32
33529
115
33719
117
34030
13
34510
117
34711
110
35292
97
35782
32
35912
112
36073
114
36183
111
36563
116
36724
101
37064
105
37234
110
37415
97
37655
32
38446
99
38536
104
38666
101
39598
8
40529
8
40850
32
41070
101
41240
110
41871
122
42031
105
42211
109
42372
97
42482
32
42832
99
42933
104
43023
101
43113
32
43273
101
43463
39
43614
32
43864
115
44114
8
44234
101
44405
115
44565
115
45056
101
45256
110
45697
122
45917
105
46067
97
46217
108
46648
101
46828
32
47089
110
47189
101
47519
108
47709
32
47980
109
48130
101
48410
99
48551
99
48741
97
49121
110
49332
105
49482
115
49702
99
49963
109
50393
8
50614
8
50884
109
51134
111
51234
32
52717
100
53007
101
53277
108
53418
108
53658
101
53848
32
53988
97
54139
108
54269
108
54419
101
54950
114
55170
103
55350
105
55511
111
56071
8
56242
101
56752
44
56873
32
57043
101
57193
32
57554
8
58054
32
59136
103
59306
117
59396
97
59617
114
59777
100
59867
97
60027
13
60458
117
60588
110
60688
32
60828
112
60999
111
61539
39
61940
32
62391
99
62481
104
62691
105
62831
32
63051
101
63172
114
63372
97
63572
32
64463
105
64634
108
64714
32
64944
116
65205
105
66076
112
66246
111
66366
32
66577
105
66767
110
66897
116
67057
101
67167
114
67518
118
67628
105
67808
115
67999
116
68159
97
68379
116
68559
111
68650
32
69270
101
69411
32
69861
105
70072
110
70182
32
70322
102
70482
111
70793
111
70973
116
71283
8
71393
8
71514
116
71674
111
72355
63
72525
32
73116
117
73376
110
73757
111
74117
32
77272
99
77422
104
77492
101
77612
32
77843
99
77943
111
78273
98
78283
110
78724
8
78854
8
78964
110
79155
111
79335
115
79465
99
79725
111
79966
13
80106
97
80527
98
80647
98
80847
97
81017
115
81268
116
81438
97
81538
110
82039
122
82369
97
82509
32
83030
98
83190
110
83220
101
83431
101
83711
8
83841
8
83952
8
84062
101
84272
110
84342
101
84512
32
85954
8
86175
44
86275
32
86505
112
86595
101
86675
114
87937
8
88097
8
88248
8
89199
97
89990
110
91452
100
91562
97
91843
118
92103
97
92394
109
92594
111
92724
32
93185
97
93425
108
93545
32
93796
99
93926
105
94136
110
94256
101
94457
109
94557
97
94697
32
96700
97
96960
115
97100
115
97201
105
97341
101
97431
109
97561
101
98212
44
98392
32
99774
112
99904
101
00005
114
00906
8
01026
8
01156
8
01487
108
01747
117
01857
105
01957
32
02218
101
02328
114
02488
97
02598
32
02718
99
02809
111
02989
109
03159
112
03269
97
03900
103
03970
110
04060
111
04401
32
04561
100
04701
105
13304
13
13494
99
13714
111
13824
114
14005
115
14105
111
14215
32
16578
100
16669
105
16729
32
16949
117
17039
110
17179
32
18531
8
18681
8
18802
8
18922
8
19022
8
19132
8
19252
97
19392
32
19793
98
19953
105
20204
111
20424
108
20594
111
20875
102
21235
8
21385
103
21696
105
21836
97
21946
32
22277
100
22367
105
22427
32
22687
117
22787
110
22928
32
23168
109
23398
105
23538
111
23619
32
23859
99
23919
111
24119
109
24279
112
24380
97
24620
103
24800
110
24860
111
24940
32
25131
100
25231
105
25311
32
25511
108
25702
105
25822
101
26623
8
26793
99
26883
101
27244
111
27554
46
28285
32
28886
73
29116
101
29227
114
29267
105
29337
32
29607
113
29958
8
32021
8
33222
8
33393
8
33523
8
33873
8
36647
70
36858
97
37138
99
37198
101
37519
118
38149
97
38340
8
38510
8
38640
8
38770
8
38880
8
39001
8
39551
73
39722
101
39862
114
39942
105
40012
32
40573
103
40693
117
40943
114
41224
8
41314
97
41795
114
41975
100
42095
111
42175
32
42416
108
42506
97
42756
13
43077
115
43237
117
43377
97
43537
32
44008
112
44108
97
44519
103
44629
105
44809
110
44999
97
45129
32
45490
119
45690
101
46001
98
46131
32
46281
101
46632
32
46842
115
47052
99
47202
111
47363
112
47513
114
47633
111
47723
32
48214
99
48294
104
48434
101
48514
32
48695
115
48735
105
48825
32
49225
100
49326
105
49556
108
49676
101
49866
116
49986
116
50197
97
50327
32
50908
97
51629
8
53782
97
53942
110
54082
99
54193
111
54283
114
54423
97
54663
44
54783
32
54964
99
55104
111
55274
109
55404
101
55534
32
55665
97
55775
32
56215
113
56336
117
56636
101
56946
105
57057
32
57407
116
57527
101
57637
109
58328
112
58529
105
59330
44
59560
13
59730
100
59851
105
59911
32
60111
105
60301
110
60802
102
60872
111
60992
114
61072
109
61203
97
61413
116
61543
105
61613
99
61773
97
61934
46
62104
46
62264
46
65308
44
65459
32
65589
101
65789
99
66660
99
67081
111
67402
44
67522
32
67722
97
67862
32
68082
109
68173
101
68603
32
68894
112
69104
105
69575
97
69965
99
70045
101
70346
114
70436
101
70746
98
70877
98
71047
101
71147
32
71517
112
71638
101
71738
114
71848
32
72289
104
72559
111
72879
98
73000
98
73250
121
73380
32
73901
102
74051
97
74221
114
74301
101
74362
32
74542
117
74692
110
74832
32
75343
112
75533
111
75713
48
76114
8
76615
39
76685
32
76875
100
76965
105
77216
13
77346
101
77526
115
77676
112
77826
101
78157
114
78307
105
78497
109
78608
101
78728
110
78818
116
79128
105
79259
32
83775
99
83875
111
84085
109
84206
101
84336
32
84526
105
84676
32
85087
115
85548
111
85948
8
86509
117
86709
111
86890
105
87170
44
87180
109
87631
8
94771
32
04495
102
04675
114
04855
32
05146
8
05246
97
05356
32
05556
108
05807
39
05957
97
06167
108
06327
116
06388
114
06508
111
06608
32
07219
108
07449
97
08260
32
08601
118
08711
101
08851
114
09031
105
09152
102
09222
105
09502
97
09833
8
09913
99
10073
97
10203
32
10544
101
10764
39
10874
32
11134
115
11255
112
11555
8
11655
116
11875
97
12146
116
12346
97
12496
32
13398
102
13618
97
13848
116
13958
116
14169
97
14559
32
14790
99
14920
111
15100
110
15260
13
16803
108
17443
39
18014
105
18215
110
18285
103
18435
101
18705
103
18815
110
18916
101
19096
114
19226
105
19356
97
19476
32
19917
103
20087
101
20167
110
20348
101
20738
116
20888
105
21039
99
21219
97
25225
32
25525
112
25665
114
26096
111
26316
100
26476
117
26547
99
26647
101
26777
110
27067
100
27157
111
27248
32
28449
100
28630
101
28740
105
28850
32
29290
116
29901
111
30082
112
30422
105
30592
32
30933
115
31273
8
32445
99
32525
104
32625
101
32705
32
32956
110
33036
111
33126
110
33226
32
33707
102
33917
112
34178
8
34328
8
34548
112
34678
114
34788
111
35339
100
35459
117
35570
99
35720
111
35940
110
36140
111
36501
32
36701
108
37252
39
37422
101
37552
110
37883
122
38003
105
38213
109
38384
97
38994
13
