43858
110
43958
111
44088
110
44389
8
44669
44
44819
32
45160
110
45260
111
45310
110
45390
32
45991
104
46061
111
46161
32
47093
114
47203
105
47283
99
47623
101
47824
118
48094
117
48254
116
48374
111
48465
32
51228
112
51389
101
51539
114
51679
32
51839
115
52260
98
52430
97
52460
97
52630
103
52721
108
52921
105
53021
111
53171
32
53372
108
53672
8
54183
108
54303
97
54433
32
54744
109
54904
97
55034
105
55224
108
55344
32
55805
100
55975
97
56105
108
56206
32
56867
8
56997
8
57127
8
57237
8
57327
99
57487
111
57528
110
57678
32
58299
115
58519
117
59070
98
59300
106
59420
101
59621
99
59801
116
60191
32
60742
34
61093
118
61303
117
61443
111
61653
105
62344
32
62475
112
62585
97
62765
114
62915
116
63005
101
63206
99
63316
105
63476
112
63606
97
63797
116
64207
8
64317
114
64417
101
64748
13
64988
97
65289
100
65409
32
65549
117
65669
110
65839
32
66160
101
66320
115
66470
112
66490
101
67332
114
67452
105
67612
109
67712
101
67802
110
67852
116
67993
111
68133
32
68313
115
68453
99
68573
105
68684
101
68794
110
68904
116
69064
105
69615
102
69755
105
69955
99
70096
111
70827
34
71157
46
71418
32
71838
79
71998
114
72149
105
72769
103
72870
105
73060
110
73170
97
73340
108
73501
101
73681
44
73761
32
73951
105
74141
108
74242
32
74512
116
74662
105
75443
116
75594
111
75764
108
75924
111
76104
44
77166
32
77296
100
77416
105
77536
114
77636
101
77807
105
78087
44
78428
13
78828
109
78928
97
79169
105
79269
32
79419
115
79599
101
79679
110
79790
116
79920
105
80050
116
80190
111
81432
33
81612
33
81752
33
82213
13
82624
8
82864
32
83435
86
83625
111
83765
108
83905
101
84036
110
84156
100
84276
111
84396
32
85017
8
85217
8
85338
8
85458
8
85598
8
85708
8
85828
8
85948
8
86659
83
86880
111
87170
114
87290
114
88051
121
88212
32
88432
99
88542
104
88953
8
89313
8
89674
100
90074
8
90335
112
90465
101
90535
114
90785
32
90996
110
91056
111
91136
110
91206
32
91687
97
91877
118
91977
101
92428
114
92678
32
92858
112
93079
111
93369
8
93449
114
93609
111
93730
118
93930
97
94200
116
94361
111
94501
32
95763
108
96874
39
97014
101
97195
115
97315
112
97405
101
97585
114
97785
105
97956
109
98066
101
98176
110
98236
116
98476
111
98597
32
99107
100
99288
97
99658
32
99888
114
99999
101
00209
109
00409
111
00589
116
00730
111
01451
45
01651
13
01731
114
01791
101
01961
109
02162
111
02302
116
02472
111
03083
58
03213
32
03373
109
03504
97
03994
32
04806
110
04896
111
05016
110
05116
32
05346
99
05657
39
05797
101
05877
114
06468
97
06658
32
06889
117
07009
110
07319
39
07469
97
07549
108
07740
116
07830
114
08000
111
08170
97
08501
8
08661
8
08791
97
08911
32
09092
99
09272
104
09382
101
09522
32
09723
112
09903
111
10283
116
10514
101
10764
118
10954
97
11065
32
11525
102
11665
97
11836
114
11936
108
12086
111
12416
32
12627
100
12807
100
13228
8
13418
97
13598
108
13758
108
13939
111
14019
32
14189
115
14359
112
14690
8
14780
116
14920
101
15130
115
15271
115
15351
111
15441
32
15681
108
16062
117
16222
111
16362
103
16452
111
16883
63
17964
13
18726
13
19226
8
20728
86
20939
111
21069
108
21189
101
21309
110
21439
100
21520
111
21610
32
22130
112
22291
111
22421
115
22561
115
22691
111
22781
32
23222
112
23492
114
23623
111
23763
118
23933
97
24093
114
24173
101
24253
32
25225
100
25425
97
25666
32
25786
99
25936
97
26016
115
26116
97
27648
32
27849
118
27939
105
28019
97
28099
32
28279
109
28460
111
28550
100
28670
101
28840
109
29842
46
30052
32
31674
77
31894
97
32035
32
32656
102
32796
111
32926
114
33096
115
33256
101
33397
32
33737
100
33857
105
33967
118
34268
8
34358
99
34809
101
35119
118
35269
105
35430
32
35570
99
35670
104
35830
101
36091
32
36842
13
42059
113
42229
117
42289
101
42450
115
42590
116
42700
111
43020
13
44102
101
44252
39
44372
32
44623
108
44933
39
45204
117
45444
108
45704
116
45845
105
45995
109
46175
111
46255
32
46425
99
46586
97
46706
109
46896
112
47196
105
47317
111
47547
110
47767
101
48158
44
48288
32
49890
98
49990
111
50321
104
50441
44
50561
32
50722
118
50882
101
51072
100
51232
114
51282
101
51443
109
51643
111
53746
44
54036
32
55368
105
55478
110
55579
32
55729
111
55979
110
56300
103
56720
8
56850
8
57281
110
57662
8
57802
103
58262
105
58643
8
58783
110
59324
105
59444
32
59765
99
59995
97
60205
115
60436
111
60596
32
60896
115
61006
111
61157
110
61207
111
61327
32
62158
100
62268
105
62388
115
62498
112
62709
111
63149
115
63380
116
63530
111
63780
13
63880
97
64081
32
65172
98
65363
97
65563
114
65743
97
67115
114
67426
101
68828
44
68918
32
69258
114
69438
105
69659
109
69899
117
70089
111
70470
118
70580
105
70951
32
71972
105
72162
108
72232
32
73324
116
73414
101
73594
115
74065
116
76348
8
76519
8
76639
8
76759
8
76889
8
76999
8
77120
8
77360
108
77490
97
77570
32
77841
112
78011
114
78131
111
78281
118
78471
97
78552
32
78912
115
79032
117
79122
32
79283
99
79423
105
79643
111
79994
8
80134
8
80484
117
80625
105
80725
32
81946
104
82057
97
82197
105
82277
32
82447
105
82577
32
83519
114
83659
105
83779
115
83889
117
84049
108
84130
116
84310
97
84480
116
84560
105
84650
32
84861
112
84991
101
85271
103
85401
103
85522
105
85642
111
85782
114
86052
105
86223
32
86894
58
87104
95
87795
41
88155
8
88286
8
89387
8
90178
104
90409
97
90709
8
90999
8
91220
8
91540
46
91700
46
91821
46
92081
13
92381
104
92532
97
92592
32
92842
104
92852
106
92982
97
93133
32
93473
8
93613
8
93713
8
93834
97
93934
32
94194
104
94324
97
94565
46
96618
32
09015
67
09236
111
09416
109
09566
101
09776
32
10217
108
10427
105
10558
32
11329
117
11469
115
11579
105
11659
32
11980
103
12070
108
12250
105
12340
32
12460
115
12651
116
12751
117
12931
100
13001
101
13141
110
13261
116
13452
105
14133
63
14243
32
14523
99
14593
111
14794
109
14944
101
15114
32
16676
116
17317
101
17518
115
17728
116
18008
32
20983
100
21243
105
21373
32
21563
112
21734
111
21904
115
22064
115
22184
105
22625
110
22965
8
23066
98
23196
105
23396
108
23566
105
23907
32
24157
105
24297
110
24758
116
24828
114
25098
117
25219
115
25359
111
25499
114
25639
105
25990
13
26380
100
26541
105
26721
101
26831
114
27021
105
27492
8
27622
8
27712
8
28263
114
28323
101
28493
105
28724
46
37576
32
41682
65
42043
32
42263
112
42494
114
42604
111
42774
112
42914
111
43345
115
43585
105
43755
116
43926
111
44066
32
45288
115
45648
117
45888
108
46179
32
46599
102
46750
97
46960
116
47100
116
47150
111
47250
32
47751
100
47841
101
48031
108
48152
108
48532
101
48672
32
49003
105
49353
110
49624
116
49684
114
49844
117
49984
115
50104
105
50215
111
50325
110
50435
105
50525
32
51056
8
51196
110
51396
101
51797
8
51917
8
52087
32
52328
110
52448
101
52648
115
52778
115
52848
117
53219
110
53329
111
53429
32
53579
102
53780
97
54461
32
54651
114
54771
105
55132
102
55322
101
55412
114
55552
105
55723
109
55823
101
56253
110
56474
116
56614
111
56844
13
57145
97
57745
32
59618
8
59868
108
59949
32
60479
102
60770
105
60960
108
61180
109
61661
32
62042
84
62282
112
62452
111
62552
32
63103
8
63233
8
63734
8
64115
111
64285
112
64395
32
64665
83
64866
101
65487
99
66268
114
66508
101
66728
116
66969
32
67459
100
67540
101
67620
105
67730
32
67910
102
68210
114
68371
97
68551
116
68671
101
69082
108
69202
108
69402
105
69502
32
70764
65
71315
98
71555
114
71746
97
72066
104
72186
97
73077
109
73288
44
73448
32
74049
113
74169
117
74259
101
74449
108
74620
108
75020
105
75140
32
75251
100
75371
105
75441
32
76623
108
77524
8
77834
76
78045
39
78055
112
78065
48
78165
97
78395
101
78605
114
78736
101
79166
8
79296
8
79417
8
79527
8
79657
8
79937
8
80528
97
80899
101
81119
114
81309
101
81480
111
81720
32
81950
112
82181
105
82371
117
82391
105
82601
39
83122
8
83302
8
84784
39
85005
13
85185
112
85325
97
85535
122
85656
122
85786
111
85866
32
85956
100
86076
101
86146
108
86256
32
86557
109
86737
111
86967
110
87158
100
87278
111
87478
46
87729
32
88089
8
88239
8
88860
63
89070
32
90372
78
90643
111
90743
110
90873
32
91224
115
91544
8
91744
112
91925
111
92065
115
92205
115
92385
111
92555
32
93467
102
93657
97
93847
114
93917
101
94008
32
94258
108
94418
97
94508
32
94919
99
95049
105
95209
116
95420
97
95590
122
95770
105
96051
110
96351
8
96551
111
96681
110
96912
101
97052
32
97823
115
97933
117
98053
32
98244
113
98364
117
98444
101
98594
115
98694
116
98885
111
99025
32
04262
108
04543
117
04733
111
04943
103
05043
111
05434
13
05935
110
06015
111
06105
110
06215
32
06696
114
06816
105
06946
115
07096
101
07207
114
07407
118
07567
97
07777
116
07928
111
08548
44
09390
32
09840
98
09951
111
10131
104
10261
44
10371
32
10692
112
10812
101
10902
114
11172
32
11353
102
11513
111
11643
114
11813
116
11963
117
12134
110
12214
97
12374
32
12614
97
12724
110
12835
99
12945
104
13065
101
13185
32
13476
111
13746
103
13876
103
13936
105
14046
32
14437
115
14557
111
14667
110
14677
98
14737
111
14828
32
15128
8
15248
8
15378
8
15579
111
15799
97
15909
32
16570
8
16700
8
16820
32
16981
97
17201
114
17331
114
17391
105
17531
118
17682
97
17822
116
17912
111
18072
32
18343
97
18443
108
18583
108
18653
97
18743
32
18903
102
19034
105
19214
110
19334
101
19725
13
