00964
73
01194
108
01324
32
01485
116
01555
101
01795
115
02105
116
02216
111
02306
32
02456
100
02546
105
02656
32
03077
115
03257
101
03337
110
03457
115
03588
111
03748
32
03888
99
04018
111
04208
109
04579
112
05100
105
05290
117
05460
116
06051
111
06151
32
06352
105
06552
109
06682
109
06912
97
07163
103
07283
105
07433
110
07593
111
07683
32
08224
116
08344
105
08425
32
08555
115
08745
101
08845
114
09045
118
09516
8
10357
118
10568
97
10708
32
11489
112
13101
101
13211
114
13462
99
13782
104
14904
101
14994
39
15164
32
15435
105
15585
32
17157
100
17337
105
17548
116
17678
116
17758
111
17968
110
18269
103
18449
104
18589
105
19971
13
20382
100
20462
101
20692
118
20882
111
20963
110
21223
111
21583
32
23696
8
25579
32
25759
111
25880
32
26280
113
26400
117
26531
101
26841
8
26981
8
27111
8
27242
8
27362
8
28203
105
28553
8
28754
111
28994
13
29415
113
29535
117
29695
101
29815
108
29955
108
30656
8
30877
32
31017
99
31127
104
31267
101
31327
32
31528
101
31658
39
31858
32
34602
8
34883
44
34953
32
35163
105
35253
110
35493
116
35574
101
35714
110
35834
100
35944
111
36094
32
36445
108
36575
101
36665
32
36815
115
36996
101
37306
113
37436
117
37586
101
37687
110
38287
122
38548
101
38668
32
38918
100
39009
105
39099
32
41762
100
41873
117
41973
101
42063
32
42233
99
42413
97
42584
114
42724
97
42924
116
43044
116
43144
101
43255
114
43325
105
43405
32
43485
99
43595
111
43795
110
44116
115
44336
101
44917
99
45027
117
45217
116
45398
105
45578
118
45688
105
46179
44
47160
13
47851
100
47941
101
48142
118
48242
111
48372
110
48412
111
48532
32
48833
101
49013
115
49143
115
49363
101
49474
114
49594
101
49754
32
50155
114
50195
101
50455
97
50625
108
50856
105
50966
115
51146
116
51286
105
51436
99
51547
105
52718
46
52908
32
53950
68
54240
118
54391
111
54731
8
55192
8
55392
111
55552
118
55823
114
55993
111
56764
39
56884
32
57074
112
57185
101
57245
114
57625
111
57846
39
58036
32
58386
102
58547
97
58707
114
58757
109
58947
105
59037
32
59218
113
59838
8
59979
115
60099
112
60319
105
60539
101
60800
102
60980
97
61281
8
61401
8
61441
103
61661
97
61861
114
61931
101
62092
32
62272
99
62402
111
62612
109
62783
101
62953
32
64595
105
64806
110
65046
116
65136
101
65326
110
65487
100
65677
105
65937
13
66348
117
66498
115
67289
97
67509
114
67590
101
67720
32
67900
108
68120
39
68291
101
68461
115
68621
112
68731
101
68942
114
69092
105
69282
109
69402
101
69522
110
69633
116
69783
111
72096
44
72316
32
74860
112
75060
101
75140
114
75341
99
75571
104
75761
101
75912
39
76052
32
76262
115
76452
101
76563
32
76843
117
76963
110
77103
111
77203
32
77614
115
77744
105
77874
32
79006
102
79206
101
79296
114
79387
109
79497
97
79657
32
79957
111
80168
103
80228
110
80298
105
80438
32
80658
116
80839
97
80929
110
81039
116
81139
111
81229
32
81339
97
81480
32
81700
112
81800
101
81960
110
82040
115
82211
97
82391
114
82471
101
82701
13
85966
113
86076
117
86186
101
86327
115
86447
116
86597
111
86707
32
87348
112
87558
117
87689
111
87859
39
88009
32
88630
99
88850
114
88940
101
89541
97
89792
114
89902
101
90302
32
91474
100
91574
101
91804
108
91965
108
92175
101
92786
32
93988
97
94268
110
94388
111
94649
109
94789
97
95019
108
95319
105
95920
101
96331
32
98234
114
98314
105
98454
115
98544
112
98664
101
98835
116
98975
116
99055
111
99295
97
99606
8
99716
32
99886
97
00146
32
00397
115
00507
99
00737
114
00867
105
00978
118
01148
101
01228
114
01348
101
01528
32
03561
117
03772
110
04413
97
04533
32
04763
99
04943
111
05114
115
05324
97
11282
13
11813
113
11983
117
12134
97
12224
110
12374
100
12504
111
12594
32
13035
115
13205
97
13345
105
13466
32
13676
99
13796
104
13896
101
14026
32
14247
113
14367
117
14487
101
14657
108
14797
108
15498
111
15679
32
16400
116
16460
105
16550
32
16660
115
16840
101
17061
114
17261
118
17381
101
17541
32
18112
112
18122
101
18122
114
18583
32
18923
97
19685
115
20065
8
20536
118
20666
101
20916
114
20996
101
21217
32
21447
108
21627
39
21818
97
22168
117
22318
116
22479
101
22599
110
22749
116
22889
105
23430
99
23590
97
23750
122
23840
105
23981
111
24071
110
24411
101
24682
46
26304
32
28517
67
28738
104
28818
105
28978
115
29098
115
29729
8
29849
8
29979
8
30099
8
30560
111
30750
109
30911
101
30941
101
31061
13
31572
8
31702
8
31992
13
32273
110
32433
101
32573
108
32703
108
32914
97
33074
32
34566
115
34766
116
35287
114
36158
105
36479
115
36719
99
36869
105
37150
97
37270
32
37440
100
37560
105
37841
32
38201
67
38441
97
38582
108
38772
118
38962
105
39233
110
40064
32
40264
99
40374
104
40504
101
40645
32
40965
99
41386
39
41516
101
41596
114
41806
97
41926
32
42077
97
42387
112
42527
112
42607
101
42848
115
43018
97
43198
44
43349
32
43509
115
43689
101
43779
32
44220
110
44290
111
44380
110
44480
32
44801
115
44931
112
45031
97
45422
8
45532
8
45712
110
46072
8
46173
98
46413
97
46974
103
47014
108
47234
105
47725
111
48065
44
48185
32
48336
115
48436
117
48646
108
48776
108
48897
97
49087
13
49327
112
49547
111
49658
114
49748
116
49978
97
50549
32
50799
100
50939
105
51040
32
54915
71
55406
117
55576
110
55796
101
56477
116
56618
116
56988
105
60463
44
60543
32
60834
118
61164
101
61545
99
61685
99
61795
104
61985
105
62216
111
62426
32
63167
117
63437
102
63588
102
63718
105
64118
8
65591
8
65771
8
66462
105
66662
110
66973
32
67423
117
67724
102
67854
102
67944
105
68054
99
68154
105
68274
111
68565
13
68775
100
68905
105
68985
32
69606
71
69867
117
70037
110
70137
101
70337
116
70478
116
70558
105
70698
32
70868
101
70988
32
71429
66
71629
97
71900
114
72060
111
72210
103
72350
108
72530
105
72681
111
72921
32
73402
40
73582
99
73782
114
73862
101
74053
100
74173
111
74293
32
74553
108
74804
39
74974
97
75515
118
75675
101
75885
115
75995
115
76176
101
76396
32
76556
97
76787
116
76907
116
77077
97
77367
99
77508
99
77648
97
77928
116
78078
97
78269
32
78419
108
78549
101
78699
105
78950
41
79160
32
80642
100
80732
111
80842
118
80973
101
81674
32
84748
72
84918
111
85038
98
85169
98
85369
101
85709
115
85880
13
86551
103
86731
108
86931
105
86991
32
87282
99
87522
104
87622
105
87732
101
87903
100
88043
101
88213
32
88804
115
88994
101
89194
32
90526
104
90637
97
90757
32
90957
102
91127
97
91338
116
91558
116
91908
111
92019
32
92209
105
92419
108
92519
32
92760
99
92910
111
93100
109
93300
112
93551
117
93701
116
94051
8
94162
8
94502
105
94662
116
94793
111
95023
44
95163
32
95473
108
95684
105
96154
8
96405
117
96605
105
96725
32
97256
100
97366
105
97486
99
97597
101
97717
32
97917
99
98057
104
98157
101
98318
32
98928
110
99529
111
99790
44
99880
32
00280
110
00351
111
00511
110
00611
32
01021
101
01112
114
01282
97
01382
32
01833
110
02063
101
03034
108
04106
108
05488
111
05818
13
05949
115
06159
116
06349
97
06690
116
06870
111
07000
32
07250
109
07351
101
07551
110
07741
116
07951
97
07991
108
08162
101
08262
32
08883
103
09013
105
09203
117
09353
115
09564
116
09674
111
09914
44
09994
32
10255
101
10395
32
11046
72
11196
111
11346
98
11476
98
11637
101
11737
114
12067
8
12137
115
12248
32
13209
103
13269
108
13499
105
13559
32
13710
99
13840
104
14030
105
14391
101
14651
100
14841
101
14982
32
15162
113
15252
117
15412
97
15542
108
15663
32
16243
101
16634
39
16884
44
17105
32
18096
114
18236
105
18346
115
18467
112
18667
111
18837
115
19047
116
19338
97
19508
44
19979
8
21671
58
21891
32
22062
105
22262
108
22592
13
22973
97
23314
8
23524
112
23694
97
23804
110
24045
105
24205
99
24335
111
24455
32
24685
102
24696
100
24846
97
24976
32
25166
8
25296
8
25407
8
25827
8
26188
100
26388
97
26418
97
26498
32
26738
117
27019
8
27149
8
27279
8
27449
32
28070
117
28281
108
28421
116
28561
105
28731
109
28932
111
29032
32
29262
109
29472
105
29713
110
30223
117
30454
116
30814
111
31075
46
31285
32
32016
86
32377
101
32677
8
32777
97
32887
32
33448
98
33879
101
35471
39
35811
44
35902
32
36132
110
36543
8
37214
110
37244
111
37364
110
37454
32
37684
99
37975
39
38075
101
38195
114
38395
110
38726
8
38856
8
39106
110
39186
116
39286
114
39507
97
39557
32
39857
116
40218
97
40338
110
40518
116
40909
105
41109
115
41269
115
41349
105
41590
109
41830
111
42091
44
42191
32
42351
109
42521
97
42671
32
42962
97
43102
108
43302
109
43442
101
43553
110
43683
116
43813
111
44113
13
44494
8
44634
8
45085
8
45375
111
45636
13
47468
104
47578
111
47689
32
47929
114
48039
105
48159
101
48249
112
48910
8
49151
109
49371
232
49381
112
49571
105
49742
116
50152
8
50312
8
50583
8
50873
8
51113
112
51364
105
51534
116
51664
111
51784
32
53587
108
53727
97
54008
32
55229
8
55390
8
55740
111
55820
32
55920
115
56031
112
56141
97
56371
122
56491
105
56601
111
56762
32
57342
115
57523
101
57613
110
57763
122
57933
97
58043
32
58194
112
58314
97
59105
114
59245
108
59355
97
59586
114
59646
101
59796
32
59946
100
60046
101
60177
105
60257
32
60547
114
60697
105
60908
103
61068
111
61248
114
61378
105
61478
32
61629
100
61729
101
62009
108
62159
108
62280
97
62420
32
62840
82
63051
111
63271
109
63672
97
64523
44
64893
32
65514
115
65714
97
65845
108
66085
117
66205
116
66546
105
68348
46
