80585
111
80755
104
80865
32
81006
99
81116
104
81226
101
81246
32
81697
98
81927
101
82187
108
82328
108
82478
111
82538
32
82678
99
82788
111
82968
109
83099
101
83169
32
83349
115
83489
111
83760
110
83840
111
83950
32
84230
97
84551
103
84691
102
84791
105
85051
8
85172
8
85282
8
85502
102
85692
102
85803
105
86073
100
86233
97
86824
98
86964
105
87175
108
87355
105
87435
32
88086
108
88246
101
88306
32
88667
65
88847
108
89057
102
89308
97
89428
32
89708
82
89908
111
90109
109
90449
101
90670
111
90980
44
91270
32
92082
105
92312
101
92412
114
92532
105
92622
32
93804
108
93944
97
94004
32
94205
112
94365
111
94485
114
94565
116
94795
111
95146
32
95496
8
96228
13
96378
97
96528
108
96658
108
96969
39
97089
97
97269
115
97399
115
97509
105
97660
115
97870
116
97950
101
98070
110
98210
122
98411
97
98501
32
98711
112
98771
101
98861
114
99112
99
99202
104
99342
101
99973
39
00103
32
01175
108
01335
97
01425
32
01675
99
01856
104
01996
105
02176
117
02266
115
02497
117
02667
114
02947
97
03127
32
03498
99
03658
101
03919
110
04159
116
04209
114
04419
97
04590
108
04790
105
04940
122
05301
122
05511
97
05721
116
05911
97
06012
32
06903
104
06993
97
07123
32
07364
117
07484
110
07544
32
07704
112
07824
114
07914
111
08175
98
08235
108
08355
101
08475
109
08565
97
09927
46
10398
13
12241
71
12441
105
12591
97
12982
39
13052
32
13402
113
13492
117
13613
97
13743
108
13843
99
13973
104
14063
101
14143
32
14344
118
14444
111
14584
108
14684
116
14864
97
14934
32
15615
97
15806
118
15906
101
16036
118
16206
97
16417
32
20863
102
21013
97
21223
116
21374
116
21474
111
21564
32
21945
117
22015
110
22305
97
22425
32
22696
99
22906
111
23086
115
23206
117
23437
99
23637
105
23727
97
23837
32
24638
8
24779
8
24889
8
25039
99
25209
105
25329
97
25359
97
25520
32
25750
115
25920
8
26060
8
26271
8
26571
32
26751
115
26952
116
27012
114
27192
97
27262
110
27382
97
27523
44
27713
32
28594
97
28824
112
29015
114
29075
101
29295
110
29475
100
29706
111
30216
32
33902
111
34002
115
34112
99
34252
105
34412
108
34533
108
34593
97
34813
118
34973
97
35214
13
35985
114
36255
8
37357
97
37567
112
37677
101
37787
114
37928
116
38208
111
38879
45
39079
99
39330
104
39480
105
39660
117
39770
115
39880
111
40161
45
40371
97
40802
112
40922
101
41002
114
41182
116
41252
111
41382
32
41713
8
42053
45
42294
99
42504
104
42694
105
42915
117
43115
115
43265
111
43425
32
43866
101
43966
32
44527
98
44647
105
45198
115
45288
111
45448
103
45538
110
45669
97
45889
118
46039
97
46139
32
46269
99
46600
111
47061
103
47151
108
47371
105
47421
117
47461
101
47762
8
47922
8
48062
8
48643
105
48973
101
49154
114
49254
101
49434
32
49644
105
49835
108
49955
32
50395
109
50606
111
50796
110
50986
101
51217
8
51467
109
51848
8
51978
8
52198
109
52358
101
52448
110
52599
116
52699
111
53450
13
54061
39
54201
97
54351
112
54461
101
54551
114
54712
116
54812
111
55062
39
55072
48
55443
8
55783
32
56003
112
56124
101
56194
114
56264
32
56875
97
57045
112
57305
114
57506
105
57636
114
57726
101
57856
32
58026
108
58187
101
58387
32
58597
112
58798
111
58958
114
59038
116
59298
101
59478
46
59749
32
60240
68
62994
111
63234
109
63424
97
63624
110
63965
8
64085
8
64305
101
64826
110
65016
105
65207
99
65367
97
66358
8
67069
8
67250
8
67440
8
67881
69
68101
118
68221
105
68471
100
68562
101
68722
110
68832
116
68922
101
69092
109
69243
101
69373
110
69403
116
69563
101
69733
32
70174
99
70464
39
70584
101
70675
114
71005
8
71686
110
71876
116
71986
114
72217
97
72447
118
72627
97
72738
32
72978
105
73188
108
73278
32
73729
99
73979
108
74160
97
74340
100
74460
111
75001
8
75141
8
75251
8
75471
8
75602
97
75772
108
75982
100
76152
111
76413
13
76633
112
76663
112
77184
8
77324
101
77765
114
78546
99
79487
104
79708
101
79888
39
80008
32
80168
100
80268
97
80328
32
80549
117
80689
110
80699
32
80839
112
80999
111
81220
39
81390
32
81751
110
81821
111
81921
110
81941
32
82271
107
82832
8
83153
108
83333
39
83443
97
83613
118
83703
101
83834
118
83854
32
83984
97
84094
32
84364
8
84484
8
84615
8
84815
97
84935
32
85155
112
85957
105
86107
117
86658
39
86748
32
86968
102
87118
97
87288
116
87419
116
87499
111
87589
32
90433
8
90733
44
90834
32
91675
109
91815
97
91925
32
92055
100
92155
111
92326
109
92606
101
92776
110
93017
105
93247
99
93517
97
93978
32
95590
108
95821
39
95951
97
96291
8
96462
104
96662
97
96792
32
97143
102
97283
97
97463
116
97573
116
97633
111
97864
13
98144
100
98264
105
98334
32
98705
110
98805
117
98955
111
99156
118
99216
111
99276
32
02681
101
02891
100
03001
32
03091
101
03221
114
03392
97
03512
32
03762
112
04163
97
04453
114
04673
99
04764
104
04874
101
05134
103
05234
103
05364
105
05475
97
05645
116
05805
97
05905
32
06025
97
06186
108
06306
32
06566
115
06686
111
06837
108
07037
101
07207
44
07227
46
07608
8
07908
8
08189
92
08489
32
08759
8
08890
8
09140
46
09330
32
09921
83
10081
111
10231
108
10392
111
10502
32
11053
99
11133
104
11243
101
11383
32
11844
100
12014
111
12164
112
12334
111
12435
32
12655
101
12845
115
12965
115
13176
101
13276
114
13396
101
13516
32
13757
97
14027
114
14167
114
14267
105
14407
118
14608
97
15018
116
15179
105
15469
13
15639
97
15840
32
16450
100
16571
101
16761
115
16911
116
17031
105
17222
110
17322
97
17512
122
17632
105
17762
111
17812
110
18053
101
18193
44
18383
32
22119
110
22219
111
22349
110
22439
32
22790
99
23000
104
23120
105
23290
117
23410
100
23531
101
23741
118
23901
97
24011
32
24172
112
24522
105
24702
117
25173
39
25493
46
25674
32
28968
65
29389
108
30431
39
30741
8
31122
108
31332
39
31492
97
31702
115
31833
115
31913
105
32023
115
32233
116
32303
101
32413
110
32634
122
32814
97
32904
32
34496
109
34797
32
35418
8
35638
105
35738
32
36129
104
36219
97
36479
110
36559
110
36830
110
37140
111
37401
8
37541
8
37741
111
37811
32
38092
99
38202
111
38372
110
38502
115
38612
105
38752
103
38883
108
39053
105
39103
97
39283
116
39363
111
39584
13
40825
100
40876
105
40986
32
42578
115
42778
116
42938
97
43149
99
43279
99
43409
97
43579
114
43640
101
43750
32
43920
105
44791
108
44981
32
45332
114
45472
105
45612
99
45622
60
45723
101
45963
118
46213
105
46413
116
46514
111
46644
114
47024
8
47175
8
47305
8
47425
8
47545
8
47665
8
47805
8
47936
101
48456
118
48567
105
48717
116
48837
111
49408
114
49538
101
49678
32
49818
100
49878
101
50019
108
50099
32
50509
116
50620
101
50740
108
50850
101
51230
99
51361
111
51561
109
51701
97
51791
110
52192
100
52342
111
52452
32
52652
112
52723
101
52813
114
52873
32
53303
118
53474
101
53694
100
53794
101
53934
114
53984
101
54155
32
54335
115
54525
101
54685
32
55947
101
56147
115
56258
99
56368
108
56578
117
57239
100
57379
101
57499
110
57760
100
57900
111
58160
13
58811
113
58891
117
59022
101
59142
108
59272
108
59442
111
59542
32
60394
110
60474
111
60554
110
60624
32
60874
115
60954
111
61135
108
61305
111
61685
8
61806
8
61946
8
62106
8
62346
108
62517
32
62917
8
63108
111
63208
32
63548
102
63718
97
63819
32
64059
112
64309
105
64520
117
64810
39
65110
46
65321
32
65691
79
65902
118
66032
118
66092
105
66222
97
66362
109
66452
101
66562
110
66643
116
66733
101
66893
32
68105
110
68155
111
68255
110
68305
32
68816
99
68896
105
68966
32
69066
115
69487
8
69927
8
70108
8
70238
8
70698
105
70849
101
70969
114
71219
8
71369
8
71480
8
71600
8
71720
8
71850
8
72221
8
72541
105
72681
101
72841
114
72942
105
73042
32
73322
110
73402
111
73482
110
73532
32
73803
99
74193
39
74324
101
74414
114
74584
97
74664
32
74834
105
75035
108
75085
32
75325
115
75445
111
75605
108
75756
111
75826
32
76417
8
76537
8
76667
101
76787
32
77088
113
77248
117
77408
105
77598
110
77719
100
77829
105
78119
13
78680
105
78950
108
78960
107
79080
32
79371
116
79471
101
79701
115
80012
8
80172
8
80282
8
80412
8
80533
8
82225
32
82485
116
82596
101
82806
115
83246
116
83367
32
83727
110
83797
111
83877
110
83957
32
84358
101
84518
114
84759
118
85169
8
85319
8
85460
8
85530
99
85720
111
85930
110
86261
116
86461
97
86641
118
86832
97
87092
44
87713
32
88374
99
88514
111
88865
109
89115
117
89185
110
89475
113
89536
117
89676
101
89756
32
89986
115
90617
116
90817
97
90877
109
90998
97
91208
116
91338
116
91438
105
91929
110
92139
97
92229
32
92580
109
92790
105
92800
111
92880
32
93191
8
93311
8
93461
32
93581
115
93732
111
93872
110
93972
111
94042
32
94563
114
94723
105
94863
114
94963
112
95404
8
95544
8
95764
112
95925
114
96015
101
96265
115
96415
101
96556
110
96636
116
96836
97
97016
116
97086
111
97207
32
97417
108
97577
111
97777
13
97867
115
98458
116
98619
101
98829
115
98959
115
99400
111
00071
44
00251
32
00411
112
00531
101
00631
114
00822
99
01022
104
01162
101
01252
39
01423
32
01823
101
02043
39
02184
32
02484
112
02574
97
02734
114
02865
116
02995
105
03155
116
03345
97
03456
32
03766
108
03896
97
04016
32
04457
102
04617
114
04767
105
04948
122
05088
105
05218
111
05298
110
05539
101
05629
44
05799
32
08563
110
08653
111
08723
110
08823
32
09014
101
09204
114
09364
111
09464
32
09775
109
09965
111
10105
108
10235
116
10375
111
10506
32
10846
108
11026
105
11207
110
11447
116
11617
97
12198
8
12338
8
12499
8
12759
111
13079
8
13200
8
13410
111
13610
110
13780
116
13991
97
14672
110
14802
111
15052
13
15323
101
15453
32
15843
115
15943
111
16134
110
16224
111
16354
32
16544
97
16895
114
17015
114
17155
105
17596
118
17786
97
18026
116
18167
111
18267
32
18517
97
18758
110
18858
100
19008
97
19799
110
19939
100
20049
111
20150
32
20300
112
20520
105
20720
97
20971
110
21331
105
21532
110
21722
111
21872
32
22072
112
22283
105
22473
97
22583
110
22833
105
23024
110
23234
111
23354
32
23655
105
24145
110
24326
32
24486
115
24686
101
25067
99
25217
111
25427
110
25607
100
25968
97
