21857
111
22077
103
22197
103
22267
105
22468
32
22648
115
22758
111
22938
110
23019
111
23159
32
24471
112
24681
105
25302
103
25372
114
25522
111
25843
44
26013
32
26223
113
26403
117
26413
121
26544
105
26754
110
26884
100
26984
105
27094
32
27515
8
27665
8
27785
8
27906
8
28036
8
28466
8
28737
105
29338
110
29558
100
29678
105
29818
32
30189
100
30279
101
30489
115
30569
99
30740
114
30850
105
30940
118
31100
101
31220
114
31601
111
32062
39
32182
32
32372
108
32492
97
32502
32
32682
112
32853
97
33353
117
34094
115
34285
97
34405
32
34575
99
34785
97
35306
102
35426
102
35527
101
36378
39
36628
32
37089
100
37159
101
37850
8
38150
105
38280
32
38431
113
38551
117
38651
97
38821
108
38941
99
39102
104
39242
101
39422
32
39733
8
39993
13
40293
103
40534
105
40654
111
40784
114
40984
110
41085
111
41195
32
41755
102
41926
97
42166
32
42366
99
42457
111
42637
110
42787
32
43057
108
43188
101
43348
32
44009
110
44099
117
44269
111
44439
118
44650
101
44900
32
45761
8
45931
8
46062
8
46212
8
46793
8
46943
8
47073
8
47183
97
47414
32
47634
108
47924
8
48165
110
48455
117
48595
111
48756
118
48926
97
48976
32
49166
109
49276
97
49667
99
49777
99
49947
104
50097
105
50278
110
50348
101
50568
116
50678
116
50899
97
51049
32
53452
99
53853
111
54033
110
54354
32
54544
108
54744
101
54944
32
55095
99
55285
97
55575
112
56857
115
56977
117
57208
108
57388
101
57618
32
61053
100
61153
101
61334
108
61444
108
61594
97
61794
32
62185
76
62285
97
62595
118
62776
97
62956
122
63086
122
63347
97
63747
13
64248
40
64508
112
64739
117
64919
98
65069
98
65179
108
66010
105
66271
99
66421
105
66791
116
67022
97
67152
39
67332
32
67553
111
67823
99
67943
99
68143
117
68414
108
68554
116
68814
97
69495
41
69796
46
70066
32
72450
67
72730
104
73091
105
73291
32
75053
108
75604
8
75774
8
75915
8
76055
8
76165
8
77647
81
77998
117
78148
97
78268
110
78378
100
78558
111
78699
32
84547
105
84737
108
84827
32
84948
99
85108
97
85318
115
85448
115
85609
101
85839
116
85969
116
86089
105
86330
110
86500
111
86610
32
86910
99
87021
111
87141
110
87471
32
87742
108
87882
101
87982
32
88242
99
88433
97
88903
112
89094
115
89234
117
89424
108
89534
101
89704
32
92128
101
92498
32
93800
105
94101
108
97265
13
05277
8
05447
8
05607
8
06749
105
06939
108
07260
13
08862
112
09012
97
09833
115
09964
115
10134
97
10675
103
10805
103
10925
105
11045
111
11225
32
11376
118
11546
101
11656
114
12377
116
12457
105
12708
118
13028
8
13118
99
13328
97
13579
108
13749
101
13919
32
14250
97
14500
116
14630
116
14710
114
14931
97
15121
99
15221
101
15542
8
15682
8
15772
118
16363
101
16583
114
16813
115
16964
111
17074
32
17304
99
17514
117
17675
105
17785
32
18506
108
18666
101
18756
32
19087
99
19267
97
20469
112
20859
115
21009
117
21200
108
21330
101
21460
32
21941
117
22081
115
22221
97
22442
116
22522
101
22662
32
23283
99
23443
97
23623
100
23733
111
23994
110
24104
111
24765
32
25676
110
25937
101
26157
108
26658
13
26888
115
27078
117
27288
100
27439
100
27519
101
27729
116
27829
116
28020
111
28110
32
28350
99
28530
97
28701
115
28831
115
29011
101
29221
116
29331
116
29502
116
29912
8
30113
111
30203
32
30373
115
30733
105
30824
32
31224
114
31314
105
31414
101
31655
109
31885
112
32105
105
32296
101
32456
44
32656
32
33918
117
34178
110
34679
32
35030
8
35170
97
35300
32
36221
110
36402
117
36582
111
36912
118
37143
97
37283
32
38334
99
38515
97
38795
112
39246
115
39406
117
39586
108
39736
97
39877
32
41018
115
41068
105
41219
32
41689
98
41889
108
42100
111
42350
99
42470
99
42711
97
44583
32
44874
100
44974
101
45144
110
45284
116
45344
114
45465
111
52324
44
52725
13
53476
113
53616
117
53737
105
53937
110
54067
100
54187
105
54307
32
55199
98
55329
105
55429
115
55569
111
55799
103
55870
110
56090
97
56230
32
56450
112
56591
114
56701
111
56901
99
57001
101
57191
100
57282
101
57422
114
57502
101
57572
32
57762
97
57903
108
58103
108
58934
111
59024
32
59465
115
59715
118
60406
117
60606
111
60907
116
61127
97
61207
109
61327
101
61438
110
61538
116
61738
111
63971
46
65003
32
66014
76
66675
39
66815
97
66986
108
67116
116
67757
114
67877
111
68137
32
68508
103
68668
105
68808
111
68928
114
69129
110
69239
111
69379
32
70771
101
71152
114
71442
97
71602
32
71883
115
72063
117
72263
99
72383
99
72463
101
72714
115
72854
115
72954
111
73235
13
74146
110
74186
111
74296
110
74406
32
74566
115
74657
111
74817
108
74997
111
75117
32
75288
113
75438
117
75588
101
75728
115
75908
116
76019
111
76259
44
76629
32
76890
112
76980
101
77080
114
77270
99
77411
104
77561
101
78522
39
78682
32
79474
117
79644
110
79914
97
80124
32
80635
99
80785
97
81016
112
81416
115
81557
117
81757
108
81887
97
82037
32
82828
105
83189
8
83299
115
83439
105
83549
32
83810
101
83980
114
84160
97
84290
32
84541
105
84951
110
85132
99
85352
97
85662
115
85943
116
86263
114
86504
97
86944
116
87155
97
87295
32
87405
105
87505
110
87635
32
87876
109
88096
111
88216
100
88326
111
88446
32
88877
8
89388
13
90980
97
91080
97
91641
8
92152
116
92622
105
92873
112
93073
105
93293
99
93384
111
93564
32
94605
118
94745
101
94896
114
95046
115
95106
111
95236
32
95487
108
95687
39
95907
97
96067
108
96188
116
96248
114
96388
111
96738
8
96869
8
97099
111
97329
44
97429
32
97600
105
97730
110
98000
118
98271
101
98601
99
98701
101
98881
32
99142
105
99282
32
99532
8
99703
8
99853
100
00003
105
00103
32
00223
115
00394
99
00504
101
00694
110
00824
100
00924
101
01085
114
01155
101
01255
32
01395
105
01535
110
01665
32
02076
98
02296
97
02507
115
02647
115
02767
111
03178
46
03568
32
06162
65
06432
108
06753
108
07594
111
07734
114
07985
97
08175
32
08305
97
08696
98
08866
98
09046
105
09477
97
09647
109
10268
111
10548
13
10678
100
10839
111
10959
118
11239
117
11439
116
11620
111
11780
32
13613
100
13793
105
13933
115
14464
105
15305
110
15495
99
15696
97
16347
115
16617
116
16677
114
16887
97
17078
114
17268
108
17388
97
17558
32
17959
99
18089
111
18279
110
18420
32
18590
108
18780
101
18970
32
19291
102
19401
111
19491
114
19802
98
19942
105
20332
99
20472
105
32229
32
32620
99
32750
104
32860
101
33021
32
33341
112
33501
101
33571
114
34092
32
34403
113
34483
117
34583
97
34733
108
34843
99
35013
104
35093
101
35304
32
35744
109
35955
111
36115
116
36225
105
36355
118
36465
111
36786
32
37046
115
37267
116
37807
97
38088
110
38238
110
38368
111
38629
13
38739
97
39370
112
39530
112
39660
101
39870
115
40051
101
40321
32
40621
115
40752
117
40962
108
41062
32
41292
109
41493
111
41993
98
42114
105
42284
108
42404
101
42494
32
42664
118
43496
105
43636
99
44267
105
44427
110
44587
111
44968
46
45569
32
47672
78
47952
111
48302
8
48623
8
48923
73
49164
110
49244
111
49414
108
49614
114
50075
8
50245
116
50255
103
50295
114
50666
8
50846
8
51397
114
51467
101
51567
32
51848
101
52058
114
52248
97
52368
32
52999
102
53139
105
53260
110
53390
105
53520
116
53720
97
53830
32
54041
108
54261
39
54471
97
55232
99
55413
117
55493
113
56234
8
56324
8
56785
113
56985
117
57125
97
57406
46
58978
32
60650
80
61121
111
61471
105
61722
32
62313
97
62563
112
62693
112
62833
101
63024
110
63204
97
63584
13
64346
109
64506
101
64726
115
64846
115
65017
97
66298
44
66449
32
66569
115
66689
105
66779
32
66969
100
67079
111
67200
118
67350
101
67640
118
67841
97
67941
32
68211
115
68391
99
68552
97
68712
108
68982
100
69092
97
69333
114
69413
101
69623
44
69863
32
70174
8
70294
8
70565
46
70765
32
71105
81
71406
117
71566
97
71706
110
71836
100
72027
111
72177
32
72698
97
73058
108
73208
108
73389
97
73539
32
73929
102
74029
105
74240
110
74360
101
74971
32
75171
117
75271
110
75381
32
75562
112
75752
111
75862
101
76092
115
76323
8
76483
8
76613
8
76723
8
77174
8
77514
111
77625
32
77705
100
77825
105
77905
32
78306
99
78506
117
78676
105
78816
32
79127
110
79137
111
79307
110
79467
32
79898
102
80068
97
80238
99
80359
99
80439
105
80849
111
81160
13
81530
105
81731
108
81811
32
82141
110
82341
111
82562
109
82712
101
83203
32
84625
102
84875
97
87679
58
88180
32
89241
111
89562
104
90113
44
90303
32
90814
102
90934
105
91124
110
91254
97
91435
108
91645
109
91785
101
91875
110
92015
116
92176
101
92376
32
92756
114
92887
105
92987
101
93177
115
93287
99
93618
111
93728
32
94219
97
94349
32
94599
98
94769
101
94869
114
95070
109
95290
105
95430
32
95691
105
95951
108
96041
32
96342
99
96532
97
96762
102
96892
102
97133
101
98264
39
98905
44
99146
32
99496
102
99656
97
99807
110
99987
116
00077
111
00337
122
00478
122
00598
105
00668
97
00878
110
01609
97
02160
109
02280
101
02380
110
02470
116
02601
101
02711
13
03081
108
03262
111
03372
32
03662
114
03822
111
04053
99
04423
8
04523
118
04694
101
05475
115
05655
99
05765
105
05875
97
06516
46
