2792
0
2899
66
3178
117
3301
111
3548
110
3663
103
3809
105
3964
111
4112
114
4283
110
4399
111
6757
44
6993
32
7816
113
7928
117
8085
101
8336
115
8485
116
8634
97
8915
109
9431
8
0231
8
0392
8
0526
8
0705
8
0862
8
1023
8
3150
115
3290
105
3460
109
3594
97
3762
111
4153
8
4287
8
4444
8
4694
97
5601
109
5776
111
6004
32
8784
103
8945
105
9301
97
0177
39
0413
32
0702
97
0838
32
1245
109
1413
101
1615
116
1776
97
2076
39
2319
32
2604
97
2994
112
3325
114
3504
105
3710
108
3870
101
0116
46
0273
46
0407
46
1182
105
1327
108
1506
32
1750
116
1888
101
2022
109
2149
112
2297
111
2959
32
3331
112
3503
97
3769
115
3922
115
4105
97
4435
32
4678
105
4858
110
5030
101
5721
115
6074
111
6630
8
6768
8
6936
8
7085
8
7231
8
7576
116
7767
114
7961
111
8242
112
8395
112
8556
111
8905
32
9088
118
9301
101
9552
108
9750
111
0077
99
0618
101
3401
0
3831
33
4457
13
5372
0
5899
81
6069
117
6233
101
6439
115
6585
116
6674
111
6842
32
8102
102
8217
105
8415
110
8598
101
8782
32
9002
115
9235
101
9870
116
0670
116
0838
105
1011
109
1205
97
1520
110
1695
97
1875
32
2374
115
2507
111
2828
110
2977
111
3164
32
7212
116
7632
111
7876
114
8315
110
8479
97
9031
116
9181
97
9311
32
9505
97
9582
32
9902
99
0078
97
0291
115
0561
97
2212
32
2443
0
2501
40
2946
100
3106
97
3203
108
3367
32
3558
109
3779
111
4256
109
4398
101
4521
110
4662
116
4755
111
5424
32
5645
99
5756
104
5887
101
5976
32
6732
108
6877
97
6976
32
7387
115
7736
99
7938
111
8125
114
8458
115
8679
97
8961
13
9400
115
9632
101
0274
116
0420
116
0633
105
1054
8
1222
8
1375
8
1540
8
1926
8
2497
8
2718
8
3247
8
3419
8
3568
8
3729
8
3864
8
4024
8
4185
8
4338
8
5589
108
5720
97
5819
32
6014
115
6330
99
6521
111
6734
114
7004
115
7195
97
7378
32
7697
100
8121
101
8873
8
9154
8
9980
8
0433
8
0467
8
0502
8
0536
8
0572
8
0606
8
0641
8
0675
8
1330
8
1881
100
1997
111
2285
109
2446
101
2656
110
2960
105
3139
99
3288
97
3516
13
4633
115
5705
99
5873
111
6053
114
6427
115
6633
97
6873
32
7274
108
7917
39
8379
104
8547
111
8723
32
8857
112
9029
97
0010
115
0152
115
0342
97
0627
116
0799
97
1066
32
1441
115
1562
117
1671
105
1900
32
2140
108
2315
105
2660
98
2953
114
3117
105
5543
32
6122
0
7487
8
1791
32
4684
97
4805
32
5118
115
5392
116
5530
117
5766
100
5888
105
6049
97
6319
114
6562
101
8292
0
8700
41
3777
8
4714
0
5126
0
5779
0
6356
0
6894
0
7192
58
7764
0
7979
0
8178
0
9651
0
0326
8
1868
8
2322
8
2355
8
2390
8
2425
8
2460
8
2494
8
2529
8
2564
8
2599
8
2633
8
2668
8
2703
8
2738
8
2772
8
2807
8
2842
8
2877
8
2911
8
2946
8
2981
8
3016
8
3050
8
3085
8
3119
8
3155
8
3189
8
3223
8
3258
8
3293
8
3327
8
3362
8
3396
8
3432
8
3548
8
3554
8
3557
8
3571
8
3605
8
3640
8
3675
8
4205
8
4504
8
8815
0
9369
0
9822
0
9858
0
9893
0
9929
0
9999
0
0005
0
0035
0
0073
0
0648
0
0839
0
1759
8
2212
8
2246
8
2281
8
2316
8
2351
8
2385
8
2420
8
2660
8
2840
8
2993
8
3146
8
3731
0
3920
80
4079
111
4307
105
5326
0
5494
0
6396
0
7047
39
7905
0
8092
0
8654
0
8823
0
8996
0
9174
0
9332
0
9532
0
0362
8
0639
32
1021
0
1475
0
1510
0
1546
0
1582
0
1617
0
1652
0
1688
0
1724
0
1759
0
1795
0
1830
0
1866
0
1901
0
1937
0
1972
0
2008
0
2043
0
2079
0
2115
0
2151
0
2186
0
2221
0
2257
0
2293
0
2328
0
2364
0
2399
0
2435
0
2470
0
2505
0
2541
0
2577
0
2612
0
2648
0
2683
0
2721
0
3042
0
3235
0
4061
0
4934
44
5095
32
5278
113
5390
117
5539
101
5753
115
5902
116
5944
111
6344
32
6670
13
7000
102
7085
105
7325
110
7463
101
7642
32
7848
115
8084
101
8351
116
8489
116
8608
105
8761
109
8884
97
9319
110
9480
97
9667
32
0091
115
0222
111
0386
110
0505
111
0718
32
0977
116
1115
111
1238
114
1553
110
1743
97
2205
116
2358
97
2474
32
2650
97
2768
32
3073
99
3233
97
3834
115
4029
97
4219
32
4956
100
5147
97
5323
105
5524
32
5689
109
5864
105
6289
101
6622
105
8725
46
4350
8
4755
32
5146
112
5287
101
5395
114
5472
32
5965
102
6220
101
6441
115
6620
116
6852
101
7186
103
7339
103
7447
105
7608
97
7772
114
7948
101
8158
32
8646
109
8806
105
8967
97
9184
13
9604
115
9772
111
0197
114
0575
101
0744
108
0878
108
1032
97
1168
32
1488
99
1618
104
1742
101
1840
32
2063
115
2109
105
2294
32
2804
101
3665
39
3863
32
4280
108
4411
97
4677
117
4920
114
5103
101
5347
97
5582
116
5901
97
6051
32
6354
112
6451
101
6551
114
6673
32
6839
108
6970
97
7106
32
7407
115
7628
101
7985
99
8103
111
8238
110
8478
100
8665
97
8939
32
9371
118
9573
111
9801
108
9995
116
0171
97
2164
32
2573
0
3126
8
3689
46
5317
13
5907
0
6055
73
6225
108
6347
32
6648
116
6794
101
6894
109
7032
112
7178
111
7346
32
7555
110
7716
111
7884
110
8173
32
8514
101
8693
39
8907
32
9794
8
0247
8
0281
8
0316
8
0350
8
0386
8
0420
8
0454
8
0489
8
0525
8
0559
8
0594
8
0629
8
0869
8
1037
8
1197
8
9188
0
9322
78
9511
111
9676
110
9847
32
0281
118
0469
101
0749
100
0801
111
0984
32
1388
108
1783
13
2999
8
4145
39
4486
111
4636
114
4793
97
4899
32
5058
100
5130
105
5296
32
5585
97
5706
110
5876
99
6523
8
6668
100
6832
97
7125
114
7263
101
7510
32
7964
105
8125
110
8300
32
8462
118
8648
97
8960
99
9135
97
9258
110
9682
122
0012
97
0775
32
1184
100
1382
97
1584
32
2355
113
2534
117
2929
8
3381
8
3415
8
3450
8
3485
8
3521
8
3555
8
3590
8
3624
8
3660
8
3694
8
3728
8
3763
8
3798
8
3833
8
3867
8
3902
8
3937
8
3972
8
4006
8
4041
8
4076
8
4111
8
4145
8
4180
8
4215
8
4249
8
4284
8
4319
8
4353
8
4388
8
4422
8
4457
8
4493
8
4527
8
4562
8
4596
8
4632
8
4666
8
4701
8
5027
8
1787
0
1962
73
2292
108
2536
32
3168
98
3336
114
3527
117
3857
116
3995
116
4103
111
4286
32
4962
116
5115
101
5246
109
5414
112
5601
111
5863
32
6340
109
6486
105
6631
32
6803
97
6985
110
7174
99
7700
8
7837
103
7998
111
8539
115
8734
99
8917
105
9145
97
9490
32
0121
115
0286
112
0424
101
0622
114
0817
105
1015
97
1424
109
1630
111
1813
32
2087
99
2206
104
2318
101
2416
32
4904
112
5611
8
6064
8
6098
8
6133
8
6168
8
6203
8
6237
8
6272
8
6307
8
6342
8
6376
8
6411
8
6445
8
6479
8
7071
8
7930
0
8063
58
8237
32
8473
110
8611
111
8745
110
8891
32
9138
118
9322
101
9546
100
9633
111
9792
32
0035
108
0441
39
0801
111
1059
114
1212
97
1384
32
1560
100
1698
105
1945
32
2234
97
2340
110
2728
100
2900
97
3535
8
3685
8
3831
8
3939
8
4340
112
4489
97
4648
114
4916
116
5046
105
5414
114
5552
101
5743
32
6814
112
6952
101
7071
114
7174
32
7366
108
7550
101
7688
32
7976
13
8592
118
8757
97
9215
99
9375
97
9627
110
1187
122
1687
101
3451
32
3973
101
5014
32
5216
97
5353
110
6245
97
6519
114
6713
101
7341
8
7490
8
7899
8
8181
100
8345
97
8509
114
8670
101
9922
32
4749
100
4940
97
5073
32
5469
113
5644
117
5824
97
6252
108
6563
99
6682
104
6816
101
6966
32
7461
112
7596
97
7790
114
8102
116
8281
101
8720
8
9173
8
9207
8
9242
8
9276
8
9313
8
9346
8
9381
8
9415
8
9451
8
9485
8
9520
8
9555
8
9590
8
9624
8
9658
8
9693
8
9728
8
9763
8
9797
8
9833
8
9868
8
9902
8
9937
8
9971
8
0007
8
0041
8
0076
8
0110
8
0146
8
0180
8
0214
8
0249
8
0285
8
0319
8
0353
8
0388
8
0423
8
0457
8
0492
8
0526
8
0562
8
0596
8
0631
8
0666
8
0701
8
0735
8
0770
8
0805
8
0840
8
0874
8
0909
8
0944
8
0979
8
1013
8
1048
8
1083
8
1118
8
1152
8
1187
8
1221
8
1257
8
1291
8
1515
8
1691
8
1844
8
2028
8
3279
110
3639
111
3868
110
4074
32
4415
118
4613
101
4928
100
5104
111
5257
32
5779
108
6455
13
7154
13
7748
8
7932
8
9059
39
9389
111
9527
114
9665
97
9776
32
0055
100
0168
105
0342
32
0514
112
0674
97
0846
114
1075
116
1333
105
1708
114
1860
101
1992
32
2326
112
2479
101
2617
114
2717
32
2916
108
3077
101
3275
13
3722
118
3886
97
4239
99
4399
97
4711
110
5635
122
5879
101
6883
46
7104
13
7452
0
7905
80
8369
101
8521
114
9029
32
9242
105
9394
108
9543
32
9773
109
9960
111
0426
109
0616
101
0720
110
0907
116
1046
111
1326
32
4370
114
4523
101
4759
115
4912
116
5043
111
5234
32
6354
113
6560
117
6670
105
7942
32
8765
99
8856
111
9053
110
9718
115
9901
111
0212
108
0388
97
0677
110
0864
100
1003
111
1550
109
1729
105
2906
32
3293
99
3762
8
4215
8
4250
8
4285
8
4319
8
4354
8
4388
8
4423
8
4458
8
4493
8
4527
8
4562
8
4597
8
4879
8
5099
8
6660
8
7112
8
7147
8
7182
8
7217
8
7252
8
7286
8
7321
8
7355
8
7390
8
7424
8
7459
8
7494
8
7530
8
7564
8
7598
8
7633
8
7668
8
7703
8
7736
8
7932
8
8108
8
8287
8
8689
8
6891
0
7009
78
7209
111
7339
110
7526
32
7672
109
7832
105
8004
32
8357
118
8487
105
8671
101
8794
110
8917
101
9055
32
9561
105
9729
110
0236
32
0646
109
0829
101
0958
110
1139
116
1363
101
1509
32
1918
115
2297
8
2571
110
2784
117
3009
108
3162
108
3312
97
3425
32
3644
100
3815
97
3938
32
4608
115
4768
99
5004
114
5138
105
5390
118
5588
101
5725
114
5894
101
6107
32
6407
111
6771
103
6924
103
7123
105
4359
44
4659
32
5918
113
6063
117
6951
8
7096
8
7546
118
7711
105
7879
32
8555
8
8697
8
8843
8
9135
99
9212
105
9419
116
9549
111
9717
32
9998
117
0223
110
1043
97
1195
32
1484
112
1682
111
1960
101
2294
115
2627
105
2856
97
3009
32
3429
100
3635
101
3871
108
4160
13
5043
0
5134
77
5349
97
5574
103
5780
110
5948
105
6477
102
6562
105
6791
99
6948
111
7658
32
8824
99
8943
111
9243
115
9359
105
0272
39
0474
32
0801
116
0939
101
1084
114
1305
109
1435
105
1792
110
1934
111
2279
32
2620
108
2743
101
2862
32
4416
114
4550
105
4782
103
5142
104
5318
101
5599
32
6249
99
6349
104
6481
101
6731
32
7129
109
7260
105
7465
32
7709
114
7824
101
8061
115
8251
116
8374
97
8610
109
9125
8
9424
110
9584
111
9968
0
0375
58
1009
32
1357
0
1539
34
2206
113
2728
117
3957
97
4099
110
4290
116
4793
39
4939
101
5137
39
5508
32
5929
98
6052
101
6224
108
6373
108
6477
97
6777
13
7228
103
7347
105
7884
111
8094
118
8228
105
8592
110
8741
101
9414
122
9601
122
9848
97
0551
32
0949
99
1083
104
1180
101
1322
32
2686
115
2774
105
3030
32
3707
8
3860
8
4002
8
4456
102
4579
117
5869
8
6018
8
6201
115
6304
105
6492
32
6623
118
6847
111
7166
8
7331
8
7581
102
7701
117
8152
103
8305
103
8484
101
8780
32
8986
116
9135
117
9330
116
9479
116
9745
97
9867
32
0074
118
0193
105
0331
97
0884
44
1097
32
1231
99
1335
104
1470
101
1607
105
1791
32
2107
8
2260
8
2634
8
3232
105
3377
32
3508
118
3684
117
3859
111
4088
108
4267
32
4503
101
4709
115
4843
115
5041
101
5195
114
5438
32
6807
108
6984
105
7162
101
7458
116
7615
111
7772
32
7955
115
8016
105
8325
97
8614
32
8868
100
8983
105
9243
13
9938
100
0030
111
0327
109
0537
105
1124
8
1377
97
1787
110
2203
32
2812
118
3289
8
3528
110
3696
111
3827
110
3991
32
6079
118
6198
105
6306
32
6437
101
6559
39
6766
32
8123
8
8273
8
8418
8
8571
8
8966
8
9800
39
0126
101
0275
39
0707
32
2407
99
2586
101
2725
114
2934
116
3102
101
3481
122
3642
122
3863
97
4249
0
4484
34
4962
46
5281
13
6631
0
7670
65
7878
108
8008
108
8116
97
8254
32
8701
112
8846
114
8953
111
9303
115
9419
115
9544
105
9771
109
9950
97
9973
111
0388
8
0526
8
0675
97
1762
46
