49052
0
49198
78
49406
111
49552
110
49683
111
50283
115
50452
116
50583
97
50722
110
50902
116
51132
101
51301
32
51598
0
51675
85
52203
77
52671
76
52898
32
53211
115
53329
105
53549
97
54323
32
54602
100
54685
105
56210
118
56424
101
56532
110
56732
116
56973
97
57244
116
57481
111
57907
32
58239
108
58408
97
58534
32
59037
110
59172
111
59325
116
59479
97
59746
116
60224
8
60353
122
60529
105
60638
111
60958
110
61154
101
61264
32
61514
115
61706
116
61886
97
62112
110
62307
100
62484
97
62793
114
63173
100
64250
32
64494
110
64735
101
64953
108
65081
108
66036
39
66281
105
66484
110
66683
100
66867
117
67059
115
67269
116
67431
114
67547
105
67738
97
70524
44
70759
13
71724
112
71893
111
72028
105
72250
99
72350
104
73541
101
73664
39
73909
32
74210
97
74462
103
74658
101
74762
110
75371
8
75516
118
75712
111
75983
108
76148
97
77686
32
77923
108
78289
111
78457
32
78653
115
78867
99
79052
97
79833
109
80762
98
80942
105
81061
111
81258
32
81434
100
81511
105
81681
32
81869
105
82053
110
82366
102
82800
111
83063
109
83090
114
83371
97
83639
8
83785
8
84192
8
84451
114
85267
109
85402
97
85767
122
85882
105
85994
111
86148
110
86296
105
92465
32
92668
116
92879
114
93032
97
93164
32
93397
105
93604
108
93650
32
94229
114
94501
8
94651
8
94797
8
95256
32
95406
114
95552
101
95832
115
95935
112
96185
111
96429
110
96685
115
96869
97
97031
98
97290
105
97527
108
97670
105
97929
32
98076
100
98183
105
98338
32
98987
13
99580
112
99817
114
99978
111
00306
103
00509
101
00826
116
00964
116
01084
111
03031
44
03230
32
03943
101
04210
39
04447
32
04654
100
04724
105
04890
32
05052
102
05190
97
05344
99
05498
105
05708
108
05870
101
05969
32
06223
117
06414
116
06576
105
06839
108
06989
105
07287
122
07437
122
07681
97
07952
122
08090
105
08187
111
08372
110
08511
101
11713
8
11890
8
12051
8
12375
8
12559
8
12970
8
13449
111
13663
32
13927
100
14126
97
14210
32
14573
112
14720
97
14857
114
15069
116
15215
101
16598
32
16899
100
17129
101
17389
103
17576
108
17742
105
18051
32
18477
115
18793
118
18977
105
19278
108
19485
117
19813
112
19952
112
20147
97
20437
116
20565
111
20718
114
20880
105
22588
32
22828
100
22875
105
23068
32
23275
115
23471
105
23593
115
23800
116
23954
101
24153
109
24481
105
25301
44
26086
13
27109
101
27335
115
27443
105
27578
115
27838
116
28287
109
28675
111
28951
8
29089
8
29420
111
29635
110
29781
111
29980
32
30236
115
30363
116
30560
114
30663
117
30991
109
31138
101
31269
110
31407
116
31560
105
32532
32
33071
115
33664
111
34113
119
34486
116
34723
102
35361
8
35515
8
35673
8
36548
102
36759
116
37113
119
37339
97
37493
114
37634
101
37782
32
39361
99
39492
111
39680
109
39811
109
39991
101
40716
114
40961
99
41107
105
41287
97
41441
108
41621
105
41802
32
41971
99
42089
104
42222
101
42317
32
42488
115
42641
117
42856
112
42991
112
43159
111
43427
114
43633
116
43791
97
43968
110
44109
111
45463
32
45889
108
46028
97
46112
32
46335
109
46534
111
46658
100
46835
101
46935
108
47074
108
47228
97
47563
122
47670
105
47760
111
47945
110
48084
101
48291
13
49783
0
50145
99
50260
111
50419
110
50554
32
50707
0
50799
85
51044
77
51205
76
52771
32
53049
0
54618
8
55078
44
55239
32
55662
101
55891
115
56041
115
56157
111
56307
32
56597
110
56739
111
56908
110
57323
32
57670
112
57816
111
58087
115
58237
115
58376
105
58545
101
58835
100
59008
101
60723
32
61179
117
61394
110
61593
97
61699
32
62071
115
62285
101
62416
109
62570
97
62688
110
62866
116
62982
105
63189
99
63343
97
63419
32
63726
102
63857
111
64011
114
64187
109
64398
97
64642
108
64827
101
68202
32
68382
101
68489
32
68720
113
68836
117
68967
105
69227
110
69422
100
69530
105
69681
32
69827
105
70053
32
70286
109
70447
101
70756
116
70917
111
71128
100
71399
105
71694
13
74463
109
74640
97
74854
116
74974
105
75593
8
75905
101
76271
109
76432
97
76752
116
76884
105
77068
99
77206
105
78011
44
78176
32
78337
116
78491
114
78637
97
78844
100
78947
105
79390
122
79482
105
79590
111
79775
110
79911
97
80037
108
80348
109
80622
101
80799
110
80934
116
81163
101
81325
32
81577
117
81783
116
82176
8
82299
115
82495
97
82694
116
82793
105
87653
8
87806
8
87960
8
88356
8
88653
116
88773
105
89048
108
89205
105
89492
122
89626
122
89894
97
90335
116
90474
105
90642
32
90819
112
90943
101
91034
114
91128
32
91313
108
91432
97
91525
32
91748
118
92167
97
92313
108
92520
105
92715
100
92877
97
93167
122
93243
105
93352
111
93503
110
93610
101
96269
32
96453
101
96552
32
96738
112
96861
101
96983
114
97169
13
97466
108
97613
97
97773
39
98296
8
98502
32
98663
118
98949
101
99133
114
99264
105
99415
102
99514
105
99726
99
99891
97
01508
32
01700
100
02028
101
02162
105
02354
32
02849
115
02963
105
03081
115
03310
116
03638
101
03898
109
04074
105
04436
44
04768
32
05217
110
05404
111
05611
110
06136
32
06747
115
06882
111
07024
115
07587
8
07843
110
08015
111
08218
32
08879
97
09142
112
09281
112
09503
108
09755
105
09932
99
10082
97
10478
98
10756
105
10978
108
11105
105
12345
32
12642
100
12807
105
12988
114
13183
101
13465
116
13612
116
13796
97
13976
109
14092
101
14230
110
14384
116
14576
101
15910
32
16158
97
16311
105
16473
32
16642
115
16795
105
16939
115
17161
116
17315
101
17555
109
17717
105
17999
13
18796
100
18972
101
19149
115
19348
99
19619
114
19890
116
20377
8
20735
105
20915
116
21129
116
21541
105
21845
32
22052
99
22144
111
22288
110
22457
32
22610
0
22684
85
22913
77
23124
76
23377
46
23648
13
26116
0
26269
78
26471
101
26665
108
26815
108
27022
97
27187
32
28165
108
28319
101
28560
116
28691
116
28867
101
29021
114
29190
97
29533
116
29698
117
29852
114
30225
97
30379
32
30597
115
30712
111
30852
110
30968
111
31129
32
31324
115
31502
116
31651
97
31773
116
31898
105
32128
32
32357
112
32496
114
32623
111
32822
112
32991
111
33338
115
33549
116
33665
105
33985
32
34184
100
34284
105
34537
118
34736
101
34851
114
35082
115
35189
105
37239
32
37483
109
37614
101
37991
116
38277
105
38689
8
38952
111
39117
100
39224
105
39406
32
39624
112
39744
101
39863
114
39925
32
40084
108
40192
97
40284
32
40542
115
40604
99
40861
111
41216
8
41351
8
41482
8
41703
99
41819
111
41985
115
42150
116
42334
114
42442
117
43799
122
43941
105
44041
111
44188
110
44343
101
44523
13
44767
100
44959
101
45362
105
45558
32
45859
109
46028
111
46137
100
46321
101
46429
108
46579
108
46790
105
48146
8
48285
8
48446
8
48619
8
48758
8
48908
8
49077
8
49458
8
49664
8
49818
8
50418
105
50579
32
50725
109
50906
111
51071
100
51225
101
51341
108
51468
108
51962
105
52142
32
52463
102
52737
111
53130
114
53397
109
53585
97
53726
108
53889
105
57457
32
57770
100
57950
101
58395
114
58568
105
58877
118
59057
97
59309
116
59436
105
60211
44
60349
32
60514
105
60661
110
60803
32
60938
109
61069
97
61268
110
61411
105
61546
101
61911
114
62118
97
63493
32
63779
97
63971
117
64151
116
64273
111
64440
109
64571
97
64926
116
65038
105
65252
99
65402
97
65501
32
65744
111
65898
32
66218
115
66417
101
66605
109
66759
105
67457
45
67618
97
67802
117
67975
116
68095
111
68306
109
68410
97
68617
116
68724
105
68993
99
69192
97
70567
44
71515
13
71945
100
72137
97
72294
108
72444
108
72708
101
72888
32
73155
115
73404
112
73550
101
73855
99
73970
105
74117
102
74222
105
74459
99
74885
104
75031
101
75196
32
75327
0
75397
85
75607
77
75810
76
78318
59
78528
32
78773
116
78908
97
78984
108
79147
105
79301
32
79471
109
79593
101
79849
116
80067
111
80308
100
80424
105
82015
32
82301
115
82425
110
82544
111
82660
110
83477
8
83645
8
83795
8
83942
8
84526
115
84637
111
84807
110
84905
111
85051
32
85330
102
85464
105
85974
110
86154
97
86284
108
86462
105
86767
122
86891
122
87340
97
87618
116
87742
105
91194
32
91888
111
92041
32
92248
97
92481
108
93146
108
93428
39
94010
97
94163
110
94359
111
95133
8
95343
97
95550
108
95719
105
96005
122
96538
8
96729
115
96832
105
97006
32
97126
100
97234
105
97491
13
97924
99
98024
111
98236
114
98367
114
98532
101
98799
116
98945
116
99122
101
99450
122
99604
122
99837
97
01620
32
01786
100
01962
101
02047
108
02168
32
02897
115
03035
105
03182
115
03415
116
03629
101
03809
109
04100
97
04858
44
05020
32
05204
111
05395
112
05519
112
05737
117
05876
114
06090
101
06205
32
06420
97
06543
108
06683
108
06939
97
07096
32
07394
118
07669
97
07875
108
08033
105
08244
100
08405
97
08665
122
08741
105
08880
111
08981
110
09106
101
10663
32
10870
100
10954
105
11128
32
11607
112
11837
114
11998
111
12606
112
13126
114
13295
105
13684
101
13940
116
14196
97
14380
39
14564
32
14952
113
15106
117
15521
97
15674
108
15851
105
16156
116
16332
97
16600
116
16697
105
17403
118
17610
101
18221
13
18825
100
18964
105
19174
32
19782
116
19883
105
20150
112
20364
111
21577
32
21757
97
22244
8
22557
112
22688
114
22804
101
23026
115
23179
116
23314
97
23574
122
23658
105
23736
111
23906
110
24114
97
24313
108
24490
101
24609
32
24915
111
25413
8
28705
111
28904
112
29013
112
29371
117
29581
114
29707
101
29819
32
30005
100
30109
105
30218
32
30398
97
30749
102
30899
102
31049
105
31490
100
31659
97
32222
98
32421
105
32786
108
32985
105
33200
116
33361
97
33530
39
36293
46
36560
32
36729
0
36919
69
37721
32
37856
99
37968
111
38186
109
38401
117
38600
110
38765
113
38869
117
39013
101
39344
44
39468
32
39614
105
39783
110
39918
32
40155
116
40346
117
40916
116
41055
116
41186
105
41355
32
41585
105
41799
32
42093
99
42277
97
42453
115
42577
105
43419
44
45403
13
46381
108
46679
39
46931
97
47164
116
47284
116
47407
105
47539
118
47651
105
48334
116
48503
97
48710
39
49015
32
49180
100
49276
105
49412
32
49884
99
50033
111
50285
115
50454
116
50631
114
50747
117
51139
122
51208
105
51328
111
51490
110
51626
101
51742
32
51937
100
52363
101
52540
105
52720
32
52874
109
53054
111
53178
100
53343
101
53428
108
53560
108
53729
105
55924
32
56131
97
56255
110
56408
97
56547
108
56780
105
57112
122
57273
122
57525
97
57959
98
58158
105
58342
108
58481
105
59660
32
59965
114
60096
105
60273
101
60473
110
60758
116
60919
114
61084
97
61214
32
61449
110
61565
101
61685
108
61850
32
62174
100
62312
111
62580
109
62790
105
63182
110
63374
105
63519
111
64442
13
64811
100
64984
101
65096
108
65212
108
65389
97
65474
32
65882
115
65989
111
66492
108
66669
117
67061
122
67122
105
67230
111
67370
110
67551
101
67947
44
68124
32
68334
111
68696
115
68816
115
68939
105
69229
32
69580
8
69738
97
69875
32
70166
105
70366
32
70572
109
70779
111
71005
100
71193
101
71301
108
71428
108
71643
105
73064
32
73247
100
73409
101
73646
114
73788
105
74328
118
74516
97
74866
110
74997
111
75159
32
75324
100
75485
97
75616
108
75744
108
75909
101
76001
32
76402
115
76594
112
76747
101
77030
99
77123
105
77262
102
77359
105
77740
99
77977
104
78078
101
78212
32
78374
100
78405
105
78545
32
78934
112
79046
114
79147
111
79679
103
79863
101
80149
116
80288
116
80408
111
81791
13
82292
101
82495
108
82653
97
83412
98
83596
111
83825
114
84004
97
84360
116
84514
101
84671
32
84889
100
85058
117
85280
114
85457
97
85602
110
85901
116
86066
101
86186
32
86355
108
86516
97
86570
32
86903
115
87299
8
87426
102
87592
97
87787
115
87967
101
89297
32
89504
100
89603
105
89774
32
90226
100
90391
101
91075
115
91194
105
91484
103
91930
110
92136
32
92411
100
92595
101
92700
108
92873
32
93204
112
93305
114
93402
111
93707
99
93891
101
94143
115
94286
115
94398
111
94559
32
95606
100
95703
105
95857
32
96165
115
96452
118
96764
105
96982
108
97095
117
97581
112
97712
112
97897
111
98062
32
98189
100
98358
101
98472
108
98616
32
99292
115
99431
111
00054
102
00215
116
00490
119
00697
97
01028
114
01273
101
02909
13
03910
112
04120
105
04304
117
04530
116
04661
116
04781
111
04961
115
05130
116
05239
111
05419
32
05694
99
05782
104
05922
101
05983
32
06396
100
06595
97
06987
105
07198
32
07393
114
07543
101
07848
113
07949
117
08031
105
08367
115
08462
105
08890
116
08972
105
10128
32
10388
105
10685
100
10918
101
11057
110
11237
116
11353
105
11602
102
11699
105
11909
99
12086
97
12228
104
12678
8
12831
116
12936
105
13195
32
13497
100
13681
101
13891
117
14190
8
14324
8
14618
117
14828
114
14959
97
15136
110
15255
116
15882
101
16036
32
16201
108
16347
97
16431
32
16765
102
17009
115
17538
8
17684
97
17860
115
18188
101
19128
32
19441
100
19568
105
19790
32
19989
97
20097
110
20770
97
20939
108
21161
105
21398
115
21590
105
21864
32
22056
100
22240
101
22326
108
22487
32
22800
100
22915
111
23138
109
23367
105
24210
110
24463
117
24473
105
25322
8
25460
8
26004
105
26126
111
26387
13
26647
100
26831
101
26959
108
27124
32
27505
112
27670
114
27761
111
28072
98
28298
108
28478
101
28662
109
29088
97
29764
46
