20722
0
20876
78
21100
101
21234
108
21393
108
21491
97
21673
32
21881
116
22055
101
22261
115
22353
105
22517
32
22875
118
23015
101
23214
114
23366
114
23573
97
23789
39
23997
32
24240
115
24426
99
24969
8
25091
118
25193
105
25390
108
25547
117
25823
112
25974
112
26110
97
26506
116
26678
97
27907
32
28084
117
28284
110
28426
97
28553
32
28851
109
28983
101
29194
116
29317
111
29503
100
29623
111
29878
108
30063
111
30293
103
30389
105
30548
97
30699
32
30855
100
30948
105
31115
32
31400
99
31513
111
31699
110
31832
115
32185
114
32334
117
33016
8
33151
8
33394
116
33587
114
33730
117
34268
122
34404
105
34505
111
34645
110
34763
101
34891
32
35856
100
35953
105
36127
32
36337
109
36503
111
36721
100
37062
101
37459
108
37600
108
37988
32
38465
8
39318
105
39504
13
39835
105
40036
110
40202
32
40850
114
40998
101
41187
116
41293
105
41445
32
41588
100
41681
105
41819
32
41942
0
42021
80
42223
101
42412
116
42602
114
42753
105
43867
32
44132
98
44329
97
44574
115
44739
97
45081
116
45217
105
45399
32
45897
115
46034
117
46143
108
46275
108
46400
97
46516
32
46970
100
47182
101
47346
115
47489
99
47740
114
47895
105
48360
122
48469
105
48575
111
48696
110
48893
101
50162
32
50412
0
50475
85
50692
77
50893
76
51109
32
51482
100
51521
105
51663
32
51944
115
52130
105
52284
115
52467
116
52651
101
52727
109
52891
105
53046
32
53446
115
53583
111
54035
102
54289
116
54819
101
55150
97
55392
8
55566
8
56195
119
56358
97
56519
114
56637
101
57000
13
57285
100
57387
105
57553
115
58074
116
58256
114
58426
105
58910
110
59175
117
59514
8
59643
8
60115
98
60270
117
60449
105
60452
111
60621
116
60761
105
61161
8
61323
8
61479
8
62191
116
62285
105
64066
32
64221
101
64328
32
64532
116
64659
111
64857
108
64997
108
65147
101
65292
114
65481
97
65590
110
65884
116
65982
105
66501
32
66910
97
67034
105
67183
32
67460
103
67569
117
67746
97
68270
115
68485
116
68613
105
68763
32
69012
97
69129
112
69269
112
69898
108
70083
105
70351
99
70533
97
70679
116
71097
8
71343
98
71496
105
71784
108
71962
101
72812
32
73152
97
73254
32
73503
112
73658
97
73848
114
74067
116
74185
105
74584
114
74727
101
74864
32
75034
100
75221
97
75407
108
75523
108
75686
101
77234
8
77996
97
78136
13
78818
102
78980
97
79258
115
79443
101
79606
32
80048
105
80208
110
80304
105
80629
122
80745
105
80949
97
81105
108
81297
101
81987
32
82254
100
82339
105
82923
8
83116
101
83263
108
83540
32
83719
112
83909
114
84185
111
84394
99
84649
101
84889
115
85036
115
85138
111
85323
32
85455
100
85517
105
86628
32
86877
115
87064
118
87223
105
87413
108
87690
117
88105
112
88275
112
88598
111
88758
32
88929
100
89091
101
89201
108
89364
32
89598
115
89810
111
90611
102
91644
116
91933
119
92115
97
92217
114
92351
101
94897
46
95418
13
95683
0
95898
86
96109
101
96382
114
96518
114
96697
97
96905
39
97098
32
97278
105
97444
110
97613
111
97830
108
98000
116
98347
114
98524
101
98686
32
98945
112
99272
114
99400
111
99609
112
99792
111
00045
115
00242
116
00355
111
01640
32
01857
117
02050
110
02190
32
02643
109
02808
101
03010
116
03158
111
03340
100
03445
111
03669
32
03756
100
03829
105
03998
32
04240
116
04418
114
04582
97
04805
100
04926
117
05209
122
05355
105
05442
111
05584
110
05725
101
07132
32
07352
97
07543
117
08200
111
08798
8
09280
116
09362
111
09600
109
09691
97
09967
116
10050
105
10179
99
10360
97
12053
32
12308
100
12623
101
13095
8
13318
105
13465
32
13672
113
13794
117
13910
105
14133
101
14468
8
14596
8
14813
101
14937
105
15306
13
15894
100
15989
105
16430
103
16885
8
16995
97
17161
103
17378
114
17544
97
17898
109
18038
109
18193
105
18356
32
18747
0
18847
85
19022
77
19215
76
20400
32
20607
99
20728
104
20834
101
20958
32
21148
100
21364
101
21596
115
21766
99
22051
114
22283
105
22679
118
22788
111
23161
108
23535
8
23761
110
23901
111
25186
32
25409
108
25528
101
25628
32
25799
99
25970
97
26156
114
26325
114
26756
8
26876
97
27116
116
27271
116
27430
101
27577
114
27721
105
27930
115
28116
116
28231
105
28599
99
28776
104
28909
101
29866
32
30348
99
30452
111
30578
109
30764
112
30925
111
31281
114
31497
116
31660
97
31792
109
31955
101
32063
110
32189
116
32535
97
32740
108
32932
105
34111
13
34377
100
34591
101
34675
108
34857
32
35051
115
35144
105
35304
115
35501
116
35676
101
35793
109
35974
97
37317
44
37502
32
37685
101
37786
32
38319
99
38452
104
38569
101
38677
32
38967
113
39052
117
39155
105
39394
110
39597
103
40090
8
40256
100
40356
105
41300
32
41623
115
41755
111
41895
110
42019
111
42186
32
42395
117
42688
116
42949
105
43322
108
43485
105
43732
122
43889
122
44123
97
44331
116
44461
105
45080
32
46311
110
46447
111
46595
114
47013
109
47158
97
47456
108
47930
109
48062
101
48201
110
48315
116
48760
101
48946
32
49208
110
49367
101
49820
108
49963
108
50165
97
50292
32
50448
115
50549
117
50835
99
50986
99
51195
101
51496
115
51643
115
51795
105
51988
118
52196
97
52344
13
52732
102
52940
97
53378
115
53564
101
53765
32
55133
100
55255
105
55431
32
55611
100
55796
101
56032
115
56774
105
56945
103
57073
98
57660
8
58748
110
58882
32
59185
113
59295
117
59492
97
59625
110
59765
100
59882
111
61037
32
61326
118
61503
101
61735
110
62272
103
62400
111
62602
110
62726
111
62963
32
63376
100
63558
101
63725
114
64212
8
64352
116
64499
101
64616
114
64802
109
65016
105
65216
110
65482
97
65761
116
65916
101
66030
32
66473
108
66892
101
67080
32
67308
115
67479
112
67611
101
67894
99
68003
105
68172
102
68288
105
68559
99
68825
104
68907
101
69055
32
69188
100
69251
105
69410
32
69760
112
69877
114
69980
111
70435
103
70632
101
70898
116
71080
116
71159
111
71360
46
72713
13
73007
0
73316
76
73519
97
73880
32
74272
115
74427
99
74819
101
75096
108
76263
116
76437
97
76558
32
76729
100
76897
101
77060
108
77209
32
77440
102
77603
111
77701
114
77841
109
78050
97
78490
108
78644
105
78867
115
79190
109
79360
111
79584
32
79754
100
79921
101
80043
108
80170
108
80357
101
80493
32
80823
114
81039
101
81278
116
81419
105
81619
32
81797
100
81902
105
82062
32
82259
0
82279
65
82353
80
82847
8
82983
8
83199
0
83349
79
83884
8
84150
0
84441
80
84727
101
84894
116
85052
114
85136
105
86447
32
86923
101
87030
39
87174
32
87360
109
87599
111
87867
100
88312
8
88456
116
88572
105
88781
118
88952
97
89443
116
89598
97
89998
32
90423
100
90640
97
90765
108
90916
32
91194
102
91375
97
92034
116
92174
116
92314
111
92721
13
92952
99
93088
104
93194
101
93424
32
94287
8
94472
0
94592
58
94749
32
94969
49
95280
0
95366
41
00212
32
00389
112
00556
101
00696
114
00916
109
01076
101
01245
116
01370
116
01563
101
01684
32
01847
100
01939
105
02077
32
02287
114
02408
97
02604
112
02736
112
02963
114
03127
101
03335
115
03502
101
03688
110
03805
116
03964
97
04283
114
04453
101
04883
32
05058
105
05266
110
05482
32
05981
8
06144
8
07627
32
07966
8
08270
8
08635
115
08753
105
09014
116
09131
117
09301
97
09754
122
09814
105
09948
111
10070
110
10232
105
10404
32
10552
100
10633
105
10801
32
11041
99
11157
111
11290
110
11567
99
11690
111
11927
114
12079
114
12242
101
12393
110
12548
116
12979
8
13114
122
13337
97
14772
44
15125
32
15643
115
15740
105
16601
32
16765
100
16863
105
17335
8
17475
8
17608
8
17767
8
18479
105
18653
110
18852
99
19052
114
19199
111
19377
110
19488
105
19836
122
20003
122
20222
97
21033
122
21231
105
21374
111
21499
110
21644
101
21886
13
25966
0
26249
0
26701
0
26738
0
26773
0
26813
0
26845
0
26881
0
26918
0
26969
0
26989
0
27028
0
27069
0
27098
0
27133
0
27169
0
27206
0
27248
0
27278
0
27314
0
27350
0
27391
0
27435
0
27458
0
27495
0
27531
0
27566
0
27604
0
27639
0
27675
0
27718
0
27746
0
27782
0
27820
0
27859
0
27905
0
27926
0
27963
0
27999
0
28046
0
28070
0
28107
0
28150
0
28179
0
28215
0
28251
0
28293
0
28325
0
28359
0
28396
0
28434
0
28481
0
28503
0
28540
0
28575
0
28617
0
28647
0
28684
0
28719
0
28768
0
28792
0
28828
0
28864
0
28900
0
28936
0
28972
0
29018
0
29045
0
29081
0
29122
0
29153
0
29189
0
29225
0
29266
0
29297
0
29333
0
29369
0
29406
0
29441
0
29476
0
29523
0
29549
0
29588
0
31150
99
31288
97
31350
117
31640
115
31803
108
32424
8
32827
97
32982
108
33151
105
33502
116
33643
97
33806
39
34793
32
35616
8
36576
8
36725
8
36871
8
37038
8
37182
8
37322
8
37484
8
37636
8
37821
8
37984
8
38574
101
38695
32
38893
99
39048
97
39268
117
39458
115
39644
97
40045
108
40185
105
40380
116
40592
97
40766
39
41971
32
42126
99
42235
104
42377
101
42472
32
42739
99
42891
97
43092
114
43289
114
43689
8
43801
97
44049
116
44182
116
44340
101
44472
114
44604
105
44941
122
45102
122
45342
97
45752
110
45884
111
46036
32
46159
105
46334
32
46633
115
46733
105
46866
115
47040
116
47179
101
47258
109
47369
105
47553
32
47978
100
48085
105
48252
115
48529
116
48719
114
48896
105
49159
98
49562
117
49759
105
50044
116
50154
105
51901
59
52055
32
52233
0
52736
50
52962
0
53056
41
53647
13
54996
101
55219
115
55326
105
55446
115
55706
116
56129
109
56279
111
56985
8
57247
8
57533
111
57718
110
57846
111
57999
32
58256
116
58407
101
58738
99
59118
110
59298
105
59471
99
59576
104
59702
101
61429
32
61595
99
61689
111
61829
110
62084
115
62196
105
62849
8
63164
111
63452
108
63692
105
64010
100
64170
97
64547
116
64698
101
64846
32
65039
115
65160
105
65334
97
65470
32
65702
112
65834
101
65950
114
66063
32
66186
108
66310
97
66403
32
66618
118
66814
101
66962
114
67132
105
67294
102
67427
105
67663
99
68051
97
69099
32
69479
100
69572
105
69740
32
70063
112
70200
114
70297
111
70632
112
70928
114
71073
105
71281
101
71547
116
71718
97
71848
39
72859
32
73030
100
73134
105
73252
32
73456
99
73574
111
73791
114
73950
114
74117
101
74485
116
74625
116
74842
101
75215
122
75391
122
75655
97
77489
32
77711
100
77898
101
78020
108
78174
32
78435
115
78533
105
78648
115
78841
116
79003
101
79109
109
79253
105
79715
8
79892
97
80127
13
82408
109
82537
111
82668
100
82850
101
82952
108
83077
108
83253
97
83461
116
83554
111
84648
32
84852
0
85006
40
85339
116
85471
101
85713
99
85884
110
86005
105
86153
99
86261
104
86379
101
86500
32
86820
98
86963
97
87191
115
87369
97
87586
114
87968
8
88110
116
88238
101
88882
32
89423
115
89523
117
89725
108
89880
108
90056
111
90444
32
90980
100
91441
8
91591
115
91741
116
91975
117
92250
100
92335
105
92477
111
92721
32
92894
100
93063
101
93172
108
93344
32
93608
103
93806
114
93953
97
94236
102
94366
111
94541
32
94722
100
94903
101
95041
108
95173
108
95405
97
95522
32
95707
114
96032
101
96277
116
96627
101
98198
44
98406
32
98608
99
99098
8
99227
116
99373
101
99610
99
00312
110
00432
105
00578
99
00669
104
00779
101
00900
32
01132
97
01280
108
01450
103
01620
101
01840
98
01976
114
02093
105
02289
99
02411
104
02532
101
05144
44
05355
13
05944
116
06076
101
06254
99
06434
110
06560
105
06738
99
06851
104
06980
101
07116
32
07302
100
07953
39
08303
105
08474
110
08839
100
08990
97
09325
103
09507
105
09766
110
09884
101
11695
32
12062
110
12221
101
12338
108
12489
108
12832
111
13032
32
13407
115
13625
112
14023
97
14268
99
14423
105
14546
111
14847
8
14961
8
15322
8
15497
122
15786
105
16456
111
16695
110
17213
8
17410
32
17511
100
17690
101
18090
103
18259
108
18404
105
18636
32
18861
115
19030
116
19151
97
19299
116
19423
105
21523
0
21819
41
22222
44
22416
32
22606
99
22724
104
22825
101
22919
32
23085
112
23207
101
23301
114
23404
32
23543
108
23675
97
23795
32
23978
118
25091
97
25245
108
25428
105
26232
100
26357
97
26608
122
26741
105
26822
111
26985
110
27101
101
28712
32
28905
100
29026
105
29207
32
29458
112
29667
114
29916
111
30237
112
30537
114
30692
105
30940
101
31204
116
31424
97
31654
39
31877
32
32246
13
32811
113
33007
117
33431
97
33557
108
33732
105
34017
116
34156
97
34322
116
34455
105
35220
118
35461
101
35955
32
36141
0
36241
40
36551
109
36689
101
36880
116
36992
111
38114
100
38189
105
40069
32
40347
97
40442
110
40580
97
40720
108
41002
105
41287
115
41423
105
41762
8
41905
8
42148
116
42257
105
42466
99
42614
105
44151
32
44328
101
44443
32
45016
116
45168
101
45380
99
45731
110
45889
105
46098
99
46206
104
46309
101
46413
32
46562
100
46631
105
46781
32
47087
115
47158
105
47342
109
47688
117
48042
108
48254
97
48562
122
48651
105
48798
111
48947
110
49116
101
50429
32
50650
112
50763
101
50868
114
50969
32
51325
105
51502
108
51715
32
52287
99
52449
97
52757
108
53675
99
53792
111
54012
108
54591
111
54914
32
55646
100
55824
101
56077
103
56123
108
56278
105
56464
32
56642
105
56804
110
57022
100
57088
105
57328
99
57467
105
58372
13
58644
100
58761
105
58894
32
59351
112
59612
101
59940
114
60251
8
60376
8
60962
114
61083
101
61272
115
61443
116
61541
97
61772
122
61911
105
61994
111
62632
110
62763
101
63899
32
64146
101
64243
32
64567
100
64684
105
64832
32
65049
97
65219
102
65377
102
65526
105
65887
100
66061
97
66285
98
66451
105
66679
108
66834
105
67075
116
67259
97
67426
39
68329
32
68576
100
68956
8
69478
105
69618
110
69769
32
69905
99
69982
111
70155
110
70302
100
70388
105
70781
122
70865
105
71034
111
71142
110
71283
105
71435
32
71651
100
71760
105
71919
32
72105
101
72451
113
72574
117
72663
105
73295
108
73443
105
73739
98
73955
114
74220
105
74414
111
75566
32
75793
101
75899
32
76080
110
76228
101
76318
108
76488
32
76851
116
77029
114
77183
97
77275
110
77494
115
77832
105
78209
116
78387
111
78542
114
78652
105
78788
111
80462
44
80666
13
81099
116
81233
101
81499
99
82028
110
82162
105
82327
99
82421
104
82557
101
83029
32
83635
98
83801
97
84044
115
84222
97
84416
116
84556
101
85024
32
85221
115
85318
117
85474
108
85660
32
85873
99
86040
97
86370
108
86701
99
86809
111
87000
108
87445
111
87871
32
88126
100
88331
101
88944
105
89074
32
89293
98
89539
111
89738
117
90580
110
91001
100
91344
0
91480
41
91780
46
