58991
0
59476
69
59899
118
60642
97
61295
8
61428
8
61966
32
62618
118
62775
97
62872
32
63116
98
63224
101
63581
110
63802
101
64982
0
65187
58
65406
32
65586
118
65774
105
65874
115
66051
116
66150
111
66365
32
66805
99
66905
104
67037
101
67143
32
67721
104
67871
111
68032
32
68272
112
68448
114
68574
111
69483
109
69591
101
69892
115
70023
115
70120
111
70269
32
70378
100
70474
105
70606
32
71069
115
71248
99
71651
114
71819
105
72256
118
72474
101
72722
114
72932
101
73149
32
73553
113
73702
117
73825
101
74088
115
74294
116
74613
101
74778
32
75091
98
75233
101
75529
110
75649
101
76222
100
76435
101
76725
116
76871
116
77005
105
77627
8
77761
101
77967
32
78540
100
78666
105
79850
101
80083
99
80297
105
80943
13
83769
97
84142
110
84348
99
84985
8
85587
122
85827
105
86011
32
86432
117
86662
108
86868
116
87659
8
88216
8
88807
110
88995
116
89107
105
89396
99
89481
105
89639
32
90253
8
90399
8
90552
8
90698
8
90890
8
91526
100
91629
105
92176
99
92277
105
92442
32
93165
109
93273
97
93397
105
93611
108
95854
32
96577
0
96865
40
97228
115
97396
99
97592
105
98711
8
98879
114
99417
105
99767
116
00276
8
00421
118
00616
111
00849
32
01070
105
01733
32
02528
110
02720
117
02915
109
03008
101
03131
114
03231
105
03385
32
03519
105
03673
110
03819
32
04229
108
04345
101
04570
116
04720
116
04881
101
05011
114
05255
101
05688
32
05838
99
05954
111
06194
115
06348
105
07142
39
07333
32
07744
114
07852
105
08020
101
08325
109
08599
112
08734
111
09276
32
09818
112
10009
114
10132
105
10437
109
10541
97
10721
32
10973
105
11145
108
11397
32
12950
102
13118
111
14513
103
14598
108
14790
105
14954
111
15683
8
15851
8
15997
8
16211
8
16432
8
56177
8
56301
8
56616
108
56807
111
57044
32
57657
13
64393
0
64530
0
65276
8
65452
8
65613
8
66709
13
71281
115
71827
112
72019
97
72323
122
72469
105
72691
111
72931
32
73152
97
73698
8
73882
99
74024
104
74158
101
74266
32
74602
104
74740
111
74920
32
75545
97
75668
32
75837
109
75982
105
76170
97
76414
32
76990
100
77177
105
77391
115
77643
112
77834
111
78116
115
78211
105
78665
122
79022
105
79219
111
79420
110
79547
101
79776
32
80151
0
80379
58
80640
45
80793
0
80900
41
81345
0
81497
41
81834
32
89845
105
90044
110
90164
105
90672
122
90733
105
90879
111
91140
32
91795
99
91915
111
92230
110
92418
32
92549
108
92679
97
92752
32
93006
112
93174
114
93799
101
94081
115
94249
101
94448
110
94730
116
94921
101
95833
46
04297
13
05311
0
05433
77
05611
105
05764
32
05978
99
06094
104
06209
105
06585
100
06754
101
07043
118
07257
111
07603
8
07757
8
07903
8
08356
8
08391
8
08426
8
08461
8
08496
8
08530
8
08565
8
09190
8
09389
8
10033
32
10277
112
10408
101
10530
114
10968
13
12532
100
12723
97
12907
114
13034
101
13149
32
13726
97
13834
110
14033
99
14205
104
14902
39
15251
105
15390
111
15558
32
16104
117
16311
110
16479
32
16686
99
16801
111
17068
109
17596
8
17839
110
17955
116
18146
114
18296
105
18657
98
18905
117
19315
116
19408
111
19584
32
19745
97
19845
108
20014
108
20285
97
20438
32
20780
114
20888
105
21023
99
21247
101
21383
114
21695
99
21924
97
23805
46
26478
13
26662
0
26814
77
26988
105
27142
32
27265
99
27373
104
27477
105
27865
100
28014
101
28225
118
29111
8
29242
8
29391
8
29706
101
30908
118
31062
111
31733
8
31886
8
32394
100
32676
101
33048
118
33224
111
33404
32
33814
99
33930
104
34046
101
34165
32
38114
110
38776
111
38960
105
39178
32
39429
99
39529
104
39676
101
39792
32
42721
102
42875
97
43051
99
43197
99
43369
105
43523
97
43707
109
43867
111
44070
32
44472
112
44588
97
44721
114
44956
116
45109
101
45255
32
45541
100
45705
101
45832
108
45978
32
46426
116
46530
117
46763
111
46984
32
47659
99
47876
97
47984
109
48161
112
48457
111
48838
8
49225
105
49423
111
49694
110
49825
101
50748
32
51463
118
51711
101
52223
110
52384
105
52579
97
53050
109
53316
111
53772
13
54306
112
54445
101
54567
114
54910
32
55192
99
55368
97
55582
115
55758
111
55957
32
57159
0
57385
0
57840
0
57876
0
57912
0
57948
0
57983
0
58018
0
58054
0
58090
0
58126
0
58162
0
59028
0
60105
13
60500
0
60803
80
61030
101
61515
114
61646
111
62252
39
62481
32
62842
117
63045
110
63198
97
63305
32
63721
100
63840
111
63990
109
64135
97
64277
110
64537
100
64732
97
64878
32
65287
109
65456
105
65662
32
65884
115
66034
111
66195
114
66782
103
66984
101
67145
32
67435
115
67667
112
67904
111
68110
110
68415
116
68583
97
68835
110
68943
101
69179
114
69658
8
69804
97
70251
0
70584
58
72107
0
72331
0
72786
0
72822
0
72858
0
72894
0
72929
0
72965
0
73000
0
73036
0
73071
0
73108
0
73143
0
73179
0
73214
0
73249
0
73285
0
73321
0
73356
0
73392
0
73428
0
73464
0
73499
0
73534
0
73570
0
73606
0
73642
0
73677
0
73713
0
73749
0
73784
0
73820
0
73855
0
73892
0
73926
0
73962
0
75192
0
76721
8
77461
8
78771
32
78958
109
79806
0
79953
0
80093
0
80549
0
80584
0
80619
0
80656
0
80691
0
80726
0
80762
0
80798
0
81288
0
82727
8
82858
8
83207
8
83859
111
84024
32
90341
8
90510
8
90633
8
90888
8
91049
8
91184
8
91322
8
91476
8
91644
8
91824
8
92588
0
92720
0
92857
0
93068
0
94145
8
94306
8
94441
8
94598
8
94993
8
95689
0
96144
0
96181
0
96215
0
96251
0
96286
0
96322
0
96358
0
96394
0
96429
0
96465
0
96500
0
96536
0
96571
0
96607
0
96643
0
96679
0
96714
0
96750
0
96785
0
96821
0
96856
0
96892
0
96928
0
96964
0
97742
0
97967
0
03036
13
04254
0
05337
8
06049
0
06504
0
06539
0
06575
0
06611
0
06646
0
06681
0
06717
0
06753
0
06788
0
07653
0
07830
0
08711
0
09914
0
10062
34
10327
114
10473
97
10653
112
10783
112
10914
114
11018
101
11244
115
11390
101
11551
110
11674
116
11820
97
11936
116
12074
105
12265
118
12339
111
12606
0
12833
34
13460
32
14511
0
14915
0
15371
0
15406
0
16274
0
16481
0
16636
0
17226
0
17993
0
18699
0
19156
8
19581
32
20315
118
20499
101
20818
114
21236
114
21541
101
21691
110
22116
8
22397
109
22744
105
22752
111
23307
8
23461
8
24029
111
24190
32
26430
0
26603
0
26751
0
26921
0
27121
0
27287
0
27443
0
27995
0
28882
32
29349
114
29524
105
30252
99
30427
111
30917
109
31180
112
31356
101
31517
114
32222
8
32515
110
32713
115
32931
97
33326
116
33985
105
34553
13
35167
111
35502
112
35644
112
35865
117
36026
114
36165
101
36311
32
36713
110
36867
111
37051
32
37241
0
37742
63
62760
8
62929
8
63087
8
63658
8
64415
13
65127
0
65841
8
66508
0
66962
0
66998
0
67034
0
67069
0
67105
0
67141
0
67176
0
67212
0
67247
0
67283
0
67318
0
67354
0
67389
0
67425
0
67461
0
67497
0
67532
0
67568
0
67603
0
67639
0
67675
0
67710
0
67746
0
67782
0
68612
0
69631
32
69875
45
70040
32
71031
112
71226
105
71417
117
71820
39
72000
32
72183
111
72333
32
72490
109
72617
101
72876
110
73041
111
73561
32
74359
45
75637
0
76092
0
76127
0
76163
0
77018
0
77212
0
77367
0
77582
0
77854
0
79131
8
79296
8
79419
8
79572
8
79720
8
79855
8
79993
8
80371
8
81022
0
81477
0
81513
0
81549
0
81585
0
81620
0
81656
0
81691
0
81727
0
81762
0
81798
0
81833
0
81870
0
82261
0
82717
0
82752
0
82788
0
82824
0
83707
0
84280
13
84890
0
85408
8
85950
32
87458
100
87638
97
87768
32
88416
113
88543
117
88682
101
88895
115
89019
116
89119
111
89254
32
89509
110
89655
111
90065
115
90241
116
90599
114
90737
105
91468
8
91742
111
91956
32
92513
103
92768
101
92922
110
93328
8
93482
115
93669
116
93985
111
94180
32
94442
100
94516
105
94671
32
97065
8
97260
8
97394
8
99671
110
99817
111
00344
98
00755
101
01331
8
01839
105
02057
108
02172
101
02280
32
24249
32
24976
100
25103
105
25226
32
25999
8
26152
8
26795
8
29542
8
31124
46
32957
8
34571
46
34713
46
44932
13
53406
13
73586
0
73836
67
74086
111
74303
109
74510
117
74720
110
75156
113
75310
117
75467
101
78374
44
78841
32
85264
116
85448
101
85582
110
85702
101
86097
110
86250
100
86373
111
86512
32
86862
99
86981
111
87210
110
87583
8
87751
8
87905
8
88062
8
88212
8
88376
8
88756
8
88902
8
89045
8
89202
8
89393
8
14432
8
14744
8
15237
32
16537
97
16724
117
17180
8
17345
8
17509
8
17678
8
17794
8
17993
8
18191
8
18329
8
18581
8
19037
8
19378
8
47154
0
47367
67
47530
111
47751
109
47961
117
48156
110
48302
113
48414
117
48548
101
48668
32
49124
115
49238
105
49385
97
49554
32
50035
97
50317
117
50614
103
50749
111
51212
8
51471
117
52149
114
52751
111
53478
32
57321
97
63382
103
63482
108
63670
105
63812
32
64267
0
64457
34
64880
101
65053
108
65199
97
65378
110
66060
98
66674
8
66862
8
67015
8
67176
8
67322
8
67468
8
68972
115
69269
116
69399
117
69564
100
69657
105
69791
111
70504
115
70619
105
73071
32
83149
8
83336
8
83448
8
83594
8
83778
8
83931
8
84070
8
84216
8
84365
8
90181
8
90398
8
90563
8
90720
8
92511
105
92762
32
92968
114
93064
105
93612
99
93825
101
94024
114
94313
99
94482
97
94718
116
95185
111
95368
114
95563
105
95766
32
96002
115
96126
117
96419
100
96542
100
96858
101
97494
116
97629
116
97759
105
99811
32
99975
100
00067
105
00218
32
00696
116
00887
114
01063
111
01315
118
01491
97
01697
114
01858
101
02079
32
03512
114
03620
105
03868
115
04172
117
04386
108
04683
116
04844
97
05058
116
05181
105
07005
13
07363
105
07531
110
07685
116
07838
101
07972
114
08126
101
08370
115
08509
115
08707
97
09103
110
09309
116
09534
105
09982
32
10256
99
10394
104
10510
101
10605
32
10911
109
11065
97
11599
103
11790
97
12103
114
13109
8
13289
8
13427
8
13577
8
13730
8
13865
8
14018
8
14156
8
14302
8
14856
8
19464
0
19693
0
20149
0
20184
0
20220
0
20256
0
20291
0
20327
0
20362
0
20399
0
20434
0
20491
0
20504
0
20544
0
20576
0
20612
0
20647
0
20684
0
20736
0
20754
0
20790
0
20826
0
20861
0
20897
0
20933
0
21039
0
21052
0
21075
0
21580
0
21735
0
21905
0
22174
0
22359
0
23287
0
23473
0
23964
0
24788
8
25243
8
25277
8
25312
8
25346
8
25382
8
25580
8
25748
8
26151
99
26976
104
27103
101
27218
32
27915
97
28083
110
28244
97
28647
108
28823
105
29105
122
29556
122
29899
101
30229
114
30398
97
31065
110
31218
110
31458
111
32245
32
33263
113
33824
117
34057
101
34252
115
34450
116
35185
105
35949
13
39017
8
39555
8
40522
105
40849
32
41885
116
42261
101
42611
115
42832
116
43484
13
44162
111
44372
32
45050
99
45181
111
45428
109
46103
101
48275
8
48522
8
48691
8
48890
8
49175
8
49540
8
49933
8
50206
8
50401
8
50570
8
50708
8
52925
8
53094
8
54785
101
55006
32
55424
112
55702
114
55919
111
56133
118
56377
101
56900
13
57484
100
57660
97
57896
116
58046
116
58200
105
59874
8
60065
8
60226
8
60361
8
60755
8
62589
8
62787
8
62941
8
63098
8
63380
8
63518
8
63736
8
65834
32
66052
112
66243
114
66339
111
66512
118
66700
101
66951
13
68364
0
68830
8
69465
0
69886
8
70227
32
70749
0
71205
0
71240
0
71276
0
71312
0
71347
0
71383
0
71418
0
71454
0
71754
0
71922
0
72194
0
74402
46
74763
13
75437
0
75857
86
76095
97
76770
8
76931
8
84206
0
84388
67
84675
101
85365
114
85635
116
85800
111
85950
32
86179
99
86358
104
86519
101
86652
32
87049
112
87164
101
87295
114
87449
111
87844
39
88047
32
88445
108
88633
111
88805
32
88939
115
89146
116
89843
8
90166
112
90304
97
90763
122
90904
105
91058
111
91601
32
93622
100
93821
97
93967
32
94448
114
94579
105
94748
101
95102
109
95307
112
95623
105
95833
114
95987
101
96148
32
96844
101
96979
39
97136
32
97433
117
97639
110
97774
32
97988
112
98217
111
98559
39
98931
32
99515
116
99698
114
99878
111
00164
112
00332
112
00539
111
00866
32
01079
110
01225
111
01356
110
01559
32
01912
115
02137
111
02359
110
02508
111
03548
13
03883
97
04074
98
04337
105
04997
8
05934
105
07197
116
07335
117
07847
97
08110
116
08264
97
08393
32
08582
97
08658
32
09048
115
09231
99
09709
114
09878
105
10148
118
10354
101
10461
114
10620
101
10784
32
11164
116
11363
101
11773
115
11995
116
12110
105
12260
32
12481
99
12672
111
12943
115
13560
105
13948
39
14113
32
14583
108
14797
117
15041
110
15296
103
15589
104
15811
105
16581
32
16917
0
17217
58
17447
45
17607
0
18217
35
18870
32
20072
0
20254
40
20553
61
20785
32
21294
114
21440
105
21774
115
21999
97
22281
116
22434
97
23516
32
23688
97
23780
32
24237
8
24691
8
24725
8
24760
8
24795
8
24831
8
24865
8
24900
8
24934
8
24970
8
25004
8
25039
8
28850
0
29306
0
29341
0
29377
0
29413
0
29448
0
29484
0
29519
0
29556
0
29591
0
29626
0
29662
0
29698
0
29733
0
29769
0
29804
0
29841
0
29875
0
30626
0
31081
0
31941
0
32396
0
32432
0
32468
0
32504
0
32539
0
32574
0
32610
0
32646
0
32681
0
32717
0
32753
0
32789
0
32825
0
32860
0
33214
0
33410
0
33878
0
40424
0
41360
0
41553
0
44519
13
47011
0
47736
81
47952
117
48128
101
48383
115
48593
116
48732
97
48926
32
49231
117
49422
108
49606
116
49706
105
49913
109
50047
97
50487
32
50735
114
50828
105
51159
103
51320
97
51457
32
51918
101
52090
32
52394
112
52563
101
52677
114
52945
32
54955
100
55085
105
55262
114
55524
101
55693
32
56201
99
56343
104
56459
101
56575
32
56758
105
56927
108
57114
32
57381
115
57565
101
57854
103
58015
117
58312
105
58650
116
58834
111
64510
32
65301
115
65484
97
65656
114
65856
97
66156
39
66325
32
66618
110
66756
101
66944
108
67067
108
67277
97
67403
32
68644
0
69099
0
69135
0
69170
0
69206
0
69242
0
69277
0
69313
0
69349
0
69384
0
69420
0
69455
0
69492
0
69913
0
71223
116
71494
101
71685
115
71812
116
71954
111
72658
32
73351
0
73806
0
73842
0
74720
0
74897
0
75929
32
76430
115
76938
99
77276
114
77437
105
77749
116
77914
116
78007
111
78251
32
78631
110
78777
101
79847
108
79981
108
80195
97
80352
32
80680
109
80890
105
81179
97
81615
32
82022
112
82156
114
82276
111
91170
8
91910
32
92289
0
92745
0
92780
0
92816
0
92852
0
92887
0
92923
0
92958
0
92995
0
93029
0
93065
0
93102
0
93137
0
93172
0
93208
0
93243
0
93279
0
93315
0
93350
0
93386
0
93422
0
93457
0
93493
0
93528
0
93565
0
93600
0
93635
0
93671
0
94025
0
94946
0
95393
13
95938
0
96596
8
97115
32
97490
0
97946
0
98002
0
98019
0
98053
0
98088
0
98124
0
98159
0
98196
0
98361
0
98371
0
98727
0
99183
0
99219
0
99254
0
99291
0
99326
0
99361
0
99397
0
99433
0
99468
0
99504
0
99539
0
99576
0
99611
0
99646
0
99682
0
99718
0
99753
0
99789
0
99825
0
99861
0
99896
0
00940
0
01322
32
01690
0
02238
33
02387
33
02870
0
03089
0
03910
8
04240
0
05371
78
05673
0
06128
0
06164
0
06199
0
06235
0
06270
0
06306
0
06342
0
06378
0
06413
0
06449
0
06484
0
06521
0
06556
0
06591
0
06627
0
06663
0
06698
0
06734
0
06769
0
06806
0
06841
0
06876
0
06912
0
06948
0
06983
0
07019
0
07055
0
08243
13
09286
0
10173
0
10690
0
11215
0
11510
0
11966
0
12001
0
12037
0
12073
0
12108
0
12144
0
12179
0
12216
0
12251
0
12286
0
12481
0
12937
0
12973
0
13644
0
14723
0
15179
0
15214
0
15587
0
15753
0
15897
0
17044
8
17297
101
18126
32
18340
100
18678
117
18847
101
18955
32
19689
0
20144
0
20180
0
20215
0
21331
0
21738
8
22414
104
22568
101
23343
0
24328
0
25232
8
26652
115
26757
111
26906
110
27037
111
27243
32
28139
0
28711
8
29602
0
30057
0
30093
0
30129
0
30165
0
30200
0
30235
0
30271
0
30307
0
30343
0
30378
0
30414
0
30450
0
30485
0
30521
0
30556
0
30593
0
30627
0
30663
0
30699
0
30735
0
30770
0
30806
0
30841
0
30877
0
30913
0
30948
0
30984
0
31020
0
31055
0
31091
0
31716
0
31916
0
32072
0
32204
0
32388
0
32709
0
33068
0
33515
0
34421
0
34792
13
35345
0
35800
0
35836
0
35872
0
35908
0
35943
0
35978
0
36014
0
36050
0
36085
0
36121
0
36157
0
36193
0
36228
0
36263
0
36299
0
36335
0
36370
0
36406
0
36443
0
36765
0
37676
115
37822
115
37907
105
38046
109
38207
97
39288
0
39457
0
39597
0
39730
0
39862
0
40742
0
41231
8
41403
8
41553
8
41615
8
41780
8
42888
109
43034
97
43183
105
43348
108
43849
46
44089
32
44283
0
44655
67
44855
105
45076
97
45207
111
46036
32
46245
0
46530
33
88900
8
89203
101
94134
32
94325
100
94482
101
94613
108
