76324
0
77324
0
79557
0
79781
67
80348
111
80528
98
81120
8
81236
8
82092
111
82283
110
82410
116
82579
114
82699
97
82909
115
83078
116
83171
111
84869
13
85891
0
86111
80
86357
114
86469
105
86649
109
86727
97
86983
32
87136
100
87235
105
87353
32
87627
115
87849
118
87987
117
88447
111
89556
116
89717
97
89856
114
90017
101
91191
44
91348
32
91558
98
91670
105
91869
115
92006
111
92358
103
92470
110
92597
111
93099
8
93278
97
93423
32
93839
114
93951
105
94293
101
94870
109
95035
112
95532
105
95848
114
95987
101
96541
46
96996
13
97380
0
97570
80
98020
105
98597
8
98728
114
98881
105
99126
109
99306
97
99576
32
99787
100
99855
105
99977
32
00519
114
00665
105
00879
110
01294
8
01791
109
01967
112
02623
105
02921
99
03067
99
03171
105
03308
111
03562
108
03708
105
03944
114
04079
101
04308
32
05897
8
06496
44
06665
32
07272
98
07542
105
07753
115
07867
111
08094
103
08208
110
08375
32
08436
97
08655
32
08817
105
08948
110
09434
8
09603
8
09749
8
09918
8
10071
8
10360
97
10509
32
10721
105
10878
110
11266
103
11472
114
11664
97
11775
110
11967
100
12071
105
12388
114
12546
101
14342
46
14526
13
14758
0
15016
80
15236
114
15358
105
15570
109
15663
97
15804
32
15936
100
16005
105
16130
32
16495
99
16634
97
16923
100
17130
101
17351
114
17463
101
18271
44
18409
32
18786
98
18962
105
19157
115
19255
111
19547
103
19662
110
19779
97
19905
32
20808
115
20980
97
21329
108
21495
105
21702
114
21844
101
22145
46
23080
13
23528
0
23707
80
24127
101
24276
114
24483
32
24984
100
25099
105
25314
115
25710
99
26083
8
26244
116
26416
114
26566
117
26912
103
27066
103
27250
101
27426
114
27561
101
27744
32
28182
113
28354
117
28504
97
28691
108
29049
99
29168
111
29375
115
29589
97
32511
44
32710
32
32878
112
33100
111
33272
114
33464
116
33603
101
34746
8
34865
97
35306
108
35656
101
36349
108
36541
111
36691
32
36867
97
37017
108
37144
108
37611
39
37999
116
38697
8
38880
101
39132
115
39327
116
39518
114
39763
101
40026
109
40217
111
40575
46
41537
13
41916
0
42054
80
42394
101
42657
116
43246
8
43384
114
43567
32
43948
99
44093
111
44259
110
44462
115
44868
101
45044
114
45354
118
45507
97
45740
114
45901
101
46088
32
46382
113
46543
117
46693
97
46875
108
47251
118
47256
99
47829
8
47983
8
48140
99
48308
111
48700
108
49096
8
49234
115
49414
97
52430
44
52614
32
52869
116
53031
101
53134
110
53266
101
54288
116
54449
101
56083
108
56294
111
56466
32
56650
110
56745
101
57320
108
57485
32
57638
109
57762
101
58146
122
58356
122
58653
97
59170
8
59704
111
60096
46
60318
13
61709
0
61983
69
62402
39
62730
32
62967
105
63113
109
63296
112
63479
111
63638
114
63859
116
64021
97
64197
110
64339
116
64621
101
64982
32
65287
99
65652
97
66040
112
66383
105
66721
105
67299
8
67421
114
67598
101
67921
32
68282
99
68451
104
68567
101
68651
32
68908
103
69012
108
69185
105
69369
32
69870
111
70111
112
70253
112
70467
111
70798
115
70974
116
71105
105
71255
32
71465
110
71626
111
71731
110
71884
32
72065
115
72236
111
72512
110
72695
111
72887
32
73278
103
73366
108
73555
105
73837
32
74055
101
74190
108
74328
101
74607
109
74794
101
75023
110
75283
116
75399
105
76383
13
76718
116
76928
114
77135
97
77386
32
77647
108
77837
111
78369
114
78602
111
78770
32
79060
99
79206
111
79371
110
79532
116
79723
114
79884
97
80318
114
80425
105
80920
44
81633
8
93570
0
93921
0
94390
0
94413
0
94448
0
94485
0
94519
0
94555
0
94591
0
94627
0
94662
0
94698
0
94734
0
94770
0
94805
0
94841
0
94876
0
94913
0
94948
0
94983
0
95019
0
95055
0
95090
0
95126
0
95162
0
95198
0
95234
0
95269
0
95304
0
96154
0
96388
0
96517
0
96782
0
96960
0
97449
8
97641
8
97787
8
97913
8
98667
0
01406
44
01586
32
01860
109
01984
97
02090
32
02291
99
02425
111
02594
109
02752
112
03022
111
03489
110
04263
103
04393
111
04925
110
05094
111
06045
32
06227
108
06752
8
07007
117
07308
110
07514
97
07591
32
07950
115
08134
116
08314
101
08630
115
08776
115
08986
97
09147
32
13172
32
13397
117
13603
110
13768
105
13929
116
14102
97
14388
39
15328
44
16025
8
16707
46
17540
13
17916
0
18114
67
18911
101
19095
111
19324
109
19611
8
19756
8
19929
8
20214
111
20432
109
20556
101
20717
32
21543
108
21696
97
21826
32
22064
116
22297
101
22564
115
22759
116
22917
97
23061
32
23432
101
23608
32
23834
108
23949
97
24071
32
24631
99
24852
111
25003
100
25163
97
25331
32
25519
100
25707
101
25846
108
25981
108
27044
39
27500
97
27665
110
27826
105
28025
109
28194
97
28370
108
28593
101
28783
32
29258
8
29721
44
29860
32
30032
103
30159
108
30320
105
30429
105
30479
32
30710
111
30946
112
31058
112
31232
111
31490
115
31697
116
31811
105
32805
32
33026
114
33221
97
33534
112
33702
112
34037
114
34202
101
34450
115
34638
101
34833
110
34909
116
35106
97
35698
98
40309
8
40779
110
40940
111
42639
13
43223
100
43935
117
44100
101
44265
32
44532
112
44663
97
44858
114
45080
116
45181
105
45464
32
46213
99
46340
104
46487
101
46548
32
46839
97
47019
112
47169
112
47330
97
47586
114
47815
116
47991
101
48175
110
48593
103
48716
111
48927
110
49050
111
49929
32
50505
97
50810
100
51262
32
51461
117
51667
110
52320
39
52636
117
52865
110
53011
105
53153
99
53292
97
55156
32
55464
101
55645
110
55836
116
55962
105
56434
116
56663
97
56960
39
57914
44
58322
8
58664
46
60279
32
60579
0
60804
76
61151
39
61558
117
61772
110
61911
111
62170
32
62497
100
62726
101
62997
116
63174
101
63296
114
63534
109
64114
105
64339
110
64523
97
64809
13
65167
108
65622
39
65965
97
66285
108
66465
116
66671
114
66797
111
69962
44
70179
32
70333
112
70532
114
70698
111
70915
112
71076
114
71286
105
71402
111
71612
32
71804
99
71980
111
72201
109
72370
101
72512
32
72733
105
72894
108
73066
32
73221
99
73398
97
73666
108
73864
100
73998
111
75190
32
75465
100
75762
101
76120
116
76303
101
76440
114
77003
109
77244
105
77488
110
77627
97
77772
32
78010
101
78190
108
78639
8
78773
8
79066
105
79288
108
79463
32
79746
102
79994
114
80442
101
80758
100
80920
100
81058
111
83334
44
83541
32
83656
101
83821
32
83952
115
84051
105
84256
32
84538
115
84669
117
84920
99
85051
99
85239
101
85483
100
85629
111
85817
110
86748
111
87594
13
87902
99
88073
111
88243
110
88695
116
88826
105
89282
110
89515
117
89702
97
90011
109
90138
101
90303
110
90434
116
90587
101
92761
44
92945
32
93068
99
93171
111
93595
115
93686
105
94076
39
94237
32
94428
99
94558
111
95038
109
95165
101
95296
32
95506
105
95713
108
95895
32
96458
103
96619
105
96786
111
97089
114
97318
110
97683
111
98490
32
99709
115
99866
117
00061
99
00211
99
00433
101
00658
100
00868
101
01671
32
02003
97
02168
108
02317
108
02452
97
02593
32
02922
110
03143
111
03312
116
03485
116
03669
101
05589
46
05773
32
05949
0
06614
81
06841
117
06990
97
07136
110
07264
100
07386
111
07866
32
08102
113
08267
117
08421
97
08575
108
09038
99
09168
111
09410
115
09590
97
10385
13
10856
100
10971
105
11428
118
11665
101
11840
114
12362
8
12628
110
12755
116
12981
97
14037
32
14372
101
14601
115
14776
116
14961
114
15342
101
15518
109
15717
111
16286
44
17448
32
17734
117
18107
8
18388
109
18871
117
19228
116
19389
97
19566
32
20392
116
20583
114
20721
97
20920
110
21377
8
21541
115
21812
102
22083
111
22357
114
22571
109
22709
97
22865
110
23075
100
23188
111
23736
115
23950
105
24187
32
24971
110
25125
101
25271
108
25417
32
25699
112
25811
114
25964
111
26658
114
26804
112
27120
105
27531
8
27662
8
27804
8
28479
112
28640
114
28861
105
28983
111
29233
32
29449
111
29816
112
29977
112
30161
111
30458
115
30827
116
30977
111
43625
0
43939
0
44811
0
46224
0
47006
0
47463
0
47498
0
47534
0
47570
0
47605
0
47641
0
47676
0
47713
0
47748
0
47784
0
47819
0
47855
0
47890
0
47926
0
49143
8
49953
0
52736
0
55482
0
56615
0
57934
0
58164
0
58620
0
58656
0
58691
0
58728
0
58763
0
58798
0
60444
0
60900
0
60936
0
60972
0
61008
0
61043
0
61079
0
61115
0
61151
0
61186
0
61221
0
67901
0
68265
58
68451
32
68703
99
68848
111
69063
115
69181
105
69548
39
71261
44
71428
32
71583
97
71694
110
71816
100
72044
99
72179
104
72421
101
72475
13
77434
0
77884
0
77920
0
77956
0
77991
0
78027
0
78063
0
78100
0
78130
0
78165
0
78201
0
78238
0
78273
0
79057
0
79401
0
79857
0
79893
0
79928
0
79965
0
80003
0
80036
0
80071
0
80107
0
80143
0
80178
0
80214
0
80250
0
80285
0
80321
0
80356
0
80393
0
80428
0
80464
0
80524
0
80535
0
80571
0
80606
0
80642
0
80678
0
80715
0
80749
0
80785
0
80821
0
80856
0
80892
0
80927
0
80964
0
80999
0
81041
0
81070
0
81106
0
81141
0
81177
0
81213
0
81249
0
81284
0
81320
0
81355
0
81392
0
81427
0
81462
0
81498
0
81548
0
81569
0
81605
0
81641
0
81683
0
81712
0
81748
0
81783
0
81820
0
82211
0
83274
13
83876
0
84061
0
84517
0
84553
0
84590
0
84625
0
84660
0
84696
0
85549
0
86127
0
87085
8
87879
0
88235
0
90149
0
90801
32
90999
100
91780
111
91949
112
92129
111
92289
32
92444
117
92639
110
92777
97
92869
32
93591
103
93771
117
93992
97
94475
8
94598
101
94891
114
95045
114
95720
97
96055
32
96744
99
96977
114
97343
117
97610
100
97876
97
98415
32
98728
115
98858
105
99023
32
99464
116
99656
111
99847
114
00057
109
00260
97
00603
8
00764
8
01076
110
01226
97
01451
32
01658
97
01928
108
02429
108
02700
97
02861
32
03181
112
03308
97
03704
99
03956
101
04970
32
05165
101
05904
32
06447
97
06990
100
07393
32
07694
117
07885
110
08058
32
08385
105
08595
110
08885
118
09065
101
09172
114
09712
110
09851
111
10333
13
10766
114
10857
105
11185
103
11321
105
12136
100
12365
111
12772
32
13752
115
13921
117
14231
98
14436
101
14745
110
15019
116
15226
114
15421
97
16435
32
16808
97
17060
100
17233
32
17469
117
17683
110
17894
97
18031
32
18465
116
18626
111
18852
114
18998
114
19129
105
19498
100
19663
97
19843
32
20068
101
20294
115
20462
116
20639
97
21019
116
21233
101
23139
46
23386
13
23585
0
23859
81
24014
117
24126
105
24378
110
24539
100
24632
105
25824
44
26014
32
26154
115
26353
101
26484
32
27057
118
27203
111
27531
103
27642
108
27812
105
27958
97
28119
109
28295
111
28445
32
28564
101
28699
108
28929
105
29154
109
29315
105
29544
110
29902
97
30154
114
31803
101
31972
32
32299
113
32434
117
32595
97
32736
108
33057
99
33192
111
33429
115
33764
97
34567
44
34754
32
34869
100
35009
111
35314
98
35471
98
35666
105
35846
97
35998
110
36305
111
37150
8
37292
8
38031
109
38222
111
38414
32
38590
115
38678
111
38886
108
39055
111
45476
32
45796
112
45933
111
46183
114
46374
116
46542
97
46764
114
47148
108
47328
111
48215
8
48368
8
48473
8
48672
8
48841
8
48987
8
49216
8
49399
8
51408
8
52041
0
55192
32
55526
112
55703
111
55902
114
57158
116
57308
97
57586
114
57967
108
58147
111
58342
32
58762
97
58897
108
59022
108
59704
39
60206
101
60397
115
60562
116
60738
114
60986
101
61257
109
61422
111
68727
44
68981
13
69322
111
69544
112
69675
112
70014
117
70186
114
70309
101
70516
32
70677
100
70997
105
71188
115
71485
116
71695
114
71925
117
72222
103
72383
103
72593
101
72765
114
73127
108
73341
111
74661
32
74898
115
75028
117
75170
108
75374
32
75721
110
75874
97
76315
115
76487
99
76739
101
76983
114
77114
101
79198
46
79404
13
79588
0
79756
83
79877
111
80076
109
80192
111
80553
8
80832
8
81262
110
81451
111
81703
32
82001
100
82100
117
82304
101
82620
32
82917
109
83418
8
83678
105
83855
32
84000
109
84169
111
84398
109
84544
101
84690
110
84833
116
84964
105
86609
32
86959
109
87203
105
87568
103
87676
108
87872
105
88059
111
88304
114
88427
105
88608
32
88845
112
88980
101
89117
114
89217
32
89467
97
89798
98
89948
98
90079
97
90474
116
90612
116
90830
101
91086
114
91266
101
92617
32
92861
117
93064
110
93172
32
93397
97
93585
108
93909
98
94115
101
94416
114
94717
111
95142
0
95412
58
96107
32
96457
111
96655
32
96969
113
97106
117
97317
97
97569
110
97749
100
97856
111
98351
32
98765
101
98938
39
99133
32
99494
116
99659
97
99813
110
00005
116
00200
111
00625
13
01036
97
01173
108
01630
116
01746
111
02938
32
03099
99
03203
104
03327
101
03406
32
03631
114
03796
105
04052
115
04394
99
04827
104
05113
105
05433
97
05602
32
05755
100
05858
105
06013
32
06397
99
06558
97
06769
100
07021
101
07295
114
07432
101
07599
32
07809
100
07963
97
08109
32
08307
115
08458
111
08698
108
08920
111
12283
44
12482
32
12658
111
12837
32
13166
113
13288
117
13492
97
13599
110
13792
100
13883
111
14046
32
14600
101
15003
39
15202
32
15454
116
15615
97
15764
110
15930
116
16045
111
16219
32
16765
112
17062
105
17393
99
17562
99
17705
111
17900
108
18088
111
20423
32
20619
100
20799
97
20913
32
21378
112
21581
111
21856
116
22005
101
22166
114
22660
13
23112
115
23583
8
23729
101
24004
115
24112
115
24416
101
24706
114
24876
101
25097
32
25503
115
26155
114
26581
97
26973
100
27160
105
27601
99
27796
97
28173
116
28303
111
29666
32
29959
115
30135
101
30315
110
30707
122
31012
97
31192
32
31357
102
31537
97
32019
116
32135
105
32338
99
32491
97
32819
46
34203
32
34425
0
34471
80
34752
111
35185
116
35387
114
35601
101
35872
110
36048
110
36277
111
36506
32
36864
105
37267
8
37409
8
37585
8
37724
8
37897
8
38677
109
38815
109
39011
111
39161
32
39344
105
39509
110
39701
118
39889
101
40050
114
40468
8
40666
99
40858
101
43587
32
43763
101
44004
115
44256
112
44734
114
44884
105
45162
109
45391
101
45677
114
45823
101
46026
32
47286
108
47451
97
47554
32
47751
115
47965
97
48270
103
48438
103
48649
101
49105
122
49258
122
49499
97
50566
13
50871
105
51244
110
51605
115
51751
105
52033
116
52202
97
53050
32
53530
110
53664
101
53817
108
53964
108
54140
97
54243
32
54643
118
54835
105
54981
97
55161
32
55311
100
55437
105
55607
32
55859
109
55971
101
56351
122
56527
122
56771
111
57922
32
58279
116
58467
97
58878
99
59039
108
59374
105
59688
8
59821
8
60005
8
60181
103
60349
108
60511
105
60638
97
60822
110
61021
100
61097
111
62370
32
62592
117
62798
110
62948
32
63132
114
63319
97
63530
109
63721
111
63966
115
64104
99
64326
101
64517
108
64667
108
64855
111
65802
32
66181
100
66596
8
67040
100
67194
97
67339
32
67532
117
67731
110
67896
32
68045
118
68240
101
68598
99
68767
99
68902
104
69002
105
69345
111
70699
13
70925
97
71048
108
71440
98
71616
101
71949
114
72097
111
72273
32
72578
101
72807
100
72938
32
73099
105
73264
110
73811
110
74115
101
74371
115
74532
116
74731
97
75048
114
75329
108
75521
111
76649
32
77110
105
77281
110
77415
32
77631
117
77847
110
78088
111
78253
32
78618
112
79251
105
79429
117
79702
39
79905
32
80119
103
80306
105
80445
111
80644
118
80828
97
80947
110
81090
101
82406
46
82612
32
82766
0
82919
69
83146
100
83267
32
83479
101
83807
39
84006
32
84416
112
84562
114
84716
105
85368
8
86428
111
86657
112
87294
105
87622
111
87984
8
88107
8
88464
114
88651
105
88915
111
90469
32
90832
113
91007
117
91153
101
91453
115
91668
116
91794
111
91972
32
92243
99
92388
105
93433
111
93666
39
93929
13
95269
99
95377
104
95516
101
95575
32
95812
102
95970
97
96508
110
96662
110
96846
111
97030
32
97508
105
97681
32
97887
115
98056
101
98315
103
98601
117
98732
97
99195
99
99341
105
99552
32
99683
100
99882
101
00002
108
00170
32
00327
0
00506
84
00755
97
01038
111
01448
0
01842
58
02201
32
02925
113
03086
117
03231
97
03371
110
03502
100
03621
111
03805
32
04019
117
04256
110
04375
97
04502
32
04724
99
04871
105
05024
114
05473
99
05607
111
05942
115
06103
116
06249
97
06620
110
07153
122
07405
97
10046
32
10658
114
10797
101
11147
8
11315
97
11563
103
11698
103
11836
105
11968
117
12182
110
12804
103
13013
101
13167
32
13408
105
13573
108
13699
32
13930
115
14095
117
14229
111
14628
13
14960
99
15128
117
15286
108
15738
109
16194
105
16419
110
16584
101
18739
44
18915
32
19054
108
19196
97
19326
32
19439
109
19618
111
19735
100
19881
105
20080
102
20196
105
20338
99
20499
97
20778
110
20958
111
22879
59
23116
32
23341
100
23521
101
24113
100
24235
105
24552
99
24743
97
24870
110
25055
100
25185
111
25665
115
26091
105
26312
32
26632
97
26933
115
27419
8
27829
100
27957
32
28269
117
28486
110
29256
97
29405
32
29941
110
30189
117
30395
111
30692
118
30880
97
31075
32
31327
115
31465
105
31687
116
31864
117
32078
97
32454
122
32527
105
32661
111
32816
110
32922
101
34518
44
34713
32
34897
112
35556
114
35758
111
36098
110
36363
116
36507
97
36752
13
37162
97
37299
32
37613
99
37865
114
38083
101
38251
97
38673
114
39110
115
39207
105
40086
44
40840
32
41579
101
43402
115
43548
115
43812
105
44286
32
44575
114
44763
97
45216
103
45373
103
45713
105
45869
117
46120
110
46403
99
46821
8
46978
103
47143
111
47399
110
47533
111
47702
32
47856
108
48206
39
48473
101
48815
116
49003
101
49179
114
49427
110
49611
105
49897
116
50077
97
50348
39
50951
44
51668
8
51980
46
52413
13
68263
0
68597
68
69085
97
69465
32
84582
8
84732
8
84867
8
85307
0
85501
65
85645
108
85772
108
85933
97
86049
32
86546
111
86662
114
87088
8
87231
8
87678
112
87832
114
87908
111
88139
115
88296
115
88377
105
88555
109
88636
97
88753
32
89114
112
89237
101
89344
114
89541
108
89660
97
89790
32
89915
100
89957
105
90109
32
90481
115
90703
97
90963
103
91112
103
91307
101
91737
122
91860
122
92086
97
92243
32
92687
0
92864
84
93059
97
93337
111
93721
44
94219
8
94697
46
95259
13
