37030
16
37250
16
37300
16
37360
16
37360
69
37800
68
38020
32
38240
69
38570
67
38730
67
38840
79
39060
77
39230
73
39450
32
39780
81
39890
85
40110
65
40440
32
40930
16
41150
16
41200
16
41200
16
41260
16
41260
16
41260
49
41590
32
42250
16
42470
16
42520
16
42520
16
42580
16
42580
16
42630
16
42630
16
42690
68
42850
79
43070
80
43240
79
43460
32
43790
84
43950
65
44120
78
44330
84
44440
79
44660
32
45050
84
45210
69
45430
77
45600
80
45760
79
46860
8
47140
8
47140
8
47190
8
47190
8
47250
8
47300
8
47300
8
47360
8
47520
8
47690
8
47800
8
48010
8
48180
8
48340
8
48450
8
51040
16
51150
73
51310
78
51420
32
51590
82
51750
69
51910
65
52080
76
52350
84
52790
222
52900
65
53180
32
53670
83
53730
79
53890
78
54000
79
54170
32
54330
73
54660
78
54830
32
55050
86
55160
65
55480
67
55700
65
55980
78
56360
90
56640
65
58340
17
60040
189
60590
83
60760
84
60870
85
61030
68
61140
73
61250
79
62130
16
62410
16
62410
16
62460
16
62520
16
62520
16
62570
190
62790
32
63280
72
63450
79
63610
32
63830
65
64000
80
64160
80
64270
69
64440
78
65150
67
65370
65
65650
8
65810
8
65980
65
66200
32
66850
84
67020
69
67240
82
67620
77
67790
73
68060
78
68170
65
68720
84
68830
79
69160
32
69330
68
69880
73
70310
32
70640
83
70810
79
71360
83
71470
80
71470
83
71800
8
72020
8
72180
84
72400
69
72790
78
72900
69
73170
82
73340
69
73500
32
73670
76
73830
65
73880
32
74270
80
74430
82
74540
79
74820
66
75090
69
75420
8
75530
8
76520
86
76690
65
76850
32
77240
79
77350
82
77510
69
77730
65
78110
8
78220
8
78440
65
78720
76
78830
69
78990
32
79820
80
79980
69
80090
82
80370
32
80920
79
81140
84
81240
84
81410
69
81570
78
81740
69
81960
82
82070
69
82230
32
82560
73
82780
76
83000
32
83280
16
83500
16
83550
16
83550
16
83610
16
83610
16
83660
68
83830
69
83990
76
84100
69
84540
32
84820
16
85030
16
85090
16
85090
16
85140
16
85140
16
85200
16
85250
16
85250
16
85310
16
85310
16
85360
16
85420
16
85420
16
85470
16
85470
56
86190
16
86460
16
86460
68
86630
73
86900
80
87070
76
87290
79
87450
77
87560
65
87780
32
88110
68
88440
69
88600
32
88880
16
89100
16
89100
87
89480
8
89590
16
89760
69
90030
83
90580
80
90750
65
92120
192
92390
79
92560
76
92780
32
93220
67
93330
79
93490
78
94040
8
94370
77
94540
79
94700
32
95030
76
95140
69
95360
78
95690
71
95800
85
95910
65
96130
32
97170
69
98160
84
98330
82
98490
65
98990
8
99150
8
99320
8
00850
83
01020
84
01290
82
01950
65
03050
78
03220
74
03490
69
03600
82
04260
65
04920
16
05140
57
07550
190
07880
32
10520
16
10740
66
10960
85
11120
79
11400
78
12330
8
12500
8
12610
8
12880
69
13050
78
13270
69
13380
32
14150
8
14420
188
14580
32
14970
66
15130
69
15240
78
15350
69
15900
16
16120
16
16180
16
16180
16
16230
16
16290
16
16290
16
16340
190
16510
32
16670
67
17060
72
17170
69
17330
32
17500
86
17610
73
17830
32
18210
68
18370
79
19310
8
19530
8
20350
68
20520
69
20790
86
20900
79
21180
32
21450
68
21620
73
21780
82
22000
69
22600
16
22820
190
23040
32
23480
81
23590
85
23760
73
23920
32
24250
68
24860
8
25130
65
25300
32
25510
16
25730
16
25790
16
25790
16
25840
16
25840
71
26060
82
26170
65
26340
78
26450
65
26670
68
26830
65
27000
32
27380
68
27490
79
27880
86
28040
69
28210
32
28430
77
28590
73
28760
32
29300
84
29470
82
29580
79
30020
86
30180
79
30350
32
31340
79
31450
82
31720
65
34800
188
34960
32
36990
69
38370
8
38640
222
38810
69
38970
32
39360
84
39470
85
39690
84
39800
84
39960
79
40180
32
40510
70
40670
65
40840
78
41280
84
41440
65
41830
83
42160
84
42320
73
42650
67
42760
79
43040
32
43370
65
43590
32
43860
80
43970
65
44190
82
44460
84
44630
69
44740
32
44960
73
45070
76
45290
32
45510
84
45730
69
45840
77
46000
80
46280
79
46390
32
46770
67
46990
72
47380
69
47650
32
48690
8
48860
8
49020
8
49130
8
49630
16
49850
56
50230
83
50400
84
51000
222
51110
65
51220
32
51880
80
52150
73
52700
79
52980
86
53140
65
53690
8
53800
69
53910
78
54130
84
54570
8
54680
68
54850
79
55060
32
55610
68
55780
65
55890
32
56270
76
56440
85
56710
78
56820
69
57260
68
58090
222
58360
73
58580
32
61380
8
61660
188
61770
32
62210
80
62370
69
62480
82
62640
79
62860
32
63360
65
64020
8
64460
65
64730
68
64950
69
65280
83
65390
83
65560
79
65720
32
66210
83
66270
73
66430
32
66600
83
66760
84
67260
222
67420
65
67590
32
68030
82
68190
65
68470
83
68580
83
68740
69
69290
82
69460
69
70500
78
70660
65
70990
78
71270
68
71870
79
74620
16
74890
16
74890
16
74950
16
75000
16
75000
16
75060
16
75060
16
75110
57
75440
16
75550
190
75830
32
76160
83
76320
67
77090
8
77250
8
87470
8
87640
8
88570
190
88840
13
89560
16
89830
16
89830
16
89890
16
89890
77
90050
73
90220
32
90490
84
90600
82
90770
79
90930
86
91100
79
91260
32
91650
78
91750
69
91920
76
92030
76
92190
65
92360
32
92850
67
92960
73
93180
84
93290
84
93510
222
93730
65
93900
32
94450
86
94670
69
94890
67
95050
67
95160
72
95270
73
95600
65
95980
32
96420
16
96640
16
96700
16
96700
56
97910
81
98020
85
98180
65
98510
82
98730
84
98950
73
99170
69
99990
82
00160
69
00320
32
00430
68
00600
69
00710
76
00870
76
01530
222
01750
32
01920
32
02080
16
02250
65
02410
76
02960
66
03180
72
03340
65
03780
73
04440
8
04610
8
04830
8
05270
65
06420
72
06800
73
07680
90
07850
73
08070
78
09170
16
09390
16
09390
57
09610
32
10430
69
10540
32
10870
68
11030
65
11310
76
11420
76
11580
65
11690
32
12130
84
12300
69
12570
82
12680
82
12900
65
13510
90
13670
90
13890
65
14050
32
14160
68
14330
69
14490
76
14600
76
14770
65
14880
32
15150
83
15320
67
15480
85
15920
79
16200
76
16420
65
17190
32
17410
86
17520
69
17950
68
18060
79
18280
32
18780
76
19490
222
19770
32
19930
32
20100
16
20260
65
20540
76
20980
72
21140
65
21580
77
21800
66
22070
82
22290
65
25200
32
25480
68
25530
73
25700
32
25920
70
26080
82
26250
79
26470
77
26740
84
27070
8
27180
8
27460
78
27620
84
27790
69
27950
32
28990
8
29160
8
29320
8
29490
8
29930
8
30090
8
30310
8
30530
8
30700
8
30810
8
31580
8
33660
16
33830
57
34820
190
43660
13
44320
16
44480
77
44650
73
44810
32
46680
83
46960
84
47450
222
47720
79
47890
32
48050
80
48270
69
48440
78
48600
68
49540
8
49810
84
49980
69
50250
78
50470
68
50740
79
50910
32
51070
68
51180
73
51350
32
51900
78
52120
79
52230
78
52450
32
53270
65
53550
86
53710
69
53930
82
54100
69
54590
32
55300
70
55410
73
55630
83
55740
83
55960
65
56180
84
56350
79
56510
32
56790
76
56900
65
57010
32
57230
68
57390
65
57560
84
57720
65
57830
32
58650
68
58820
69
58980
76
59090
32
59530
86
59700
79
59860
76
60030
79
60190
32
60410
68
60470
73
60690
32
61020
82
61180
73
61510
84
61680
79
61840
82
62280
78
62440
79
62660
32
62940
85
63100
78
63270
65
63380
32
63710
83
63930
69
64150
84
64310
84
64370
73
64530
77
64700
65
64860
78
65140
65
65300
32
65680
80
65960
73
66730
222
67110
85
67280
32
67500
84
67660
65
67770
82
68210
68
68380
73
69640
190
94690
13
99850
16
00070
16
00120
83
00400
65
00510
66
00670
65
01000
84
01110
79
01280
32
01830
80
01990
65
02210
82
02700
84
02920
79
03140
32
03970
69
04130
32
04350
77
04460
73
04900
32
05120
83
05230
84
05400
79
05840
219
06110
8
06270
8
06440
8
07210
80
07320
79
07540
83
07700
84
08030
79
08250
32
08690
85
08860
78
09020
32
09630
8
09790
8
09900
8
10170
8
10170
8
10230
8
10280
8
10280
8
10340
8
10340
8
10560
8
10720
8
10890
8
11490
8
11660
8
13140
68
13310
65
13410
32
13630
16
13850
16
13910
16
13960
16
13960
16
14020
16
14020
16
14070
16
14070
71
14290
82
14460
65
14570
78
14730
65
15060
68
15340
65
15500
32
15830
69
16000
32
16380
86
16550
65
16820
68
16930
79
17090
32
17640
65
17750
76
17920
32
18140
77
18300
65
18520
82
18800
69
19350
8
19620
8
19620
8
19680
8
19680
8
19730
8
19730
8
19790
8
19840
8
20060
8
20170
8
20340
8
20770
83
20880
80
21430
79
22150
83
22640
84
22750
79
22920
32
23190
83
23300
85
23580
76
23690
76
23850
65
23960
32
24240
67
24350
79
24510
83
24730
84
24840
65
25660
16
25830
190
26050
32
26320
85
26540
78
26650
32
27150
80
27260
79
27700
8
27920
222
28080
79
28300
32
28680
68
28790
73
28960
32
29180
77
29340
65
29620
82
29730
82
30280
8
30440
69
30660
190
30990
190
31160
190
31540
84
31810
69
32530
77
32690
80
32860
79
32970
32
33190
80
33350
69
33460
82
33740
77
33850
69
34070
84
34180
84
34340
69
34450
78
34730
68
34840
79
35770
190
35930
32
36040
16
36210
67
36370
73
36480
65
36590
79
37310
188
37530
32
37690
65
37800
76
37910
76
38080
65
38190
32
38350
80
38520
82
38630
79
38850
83
39010
83
39070
73
39230
77
39390
65
39610
190
59990
77
60210
73
60600
32
