3844
0
4601
0
4878
100
5037
97
5187
108
5382
32
5648
109
5828
111
6344
109
6494
101
6653
110
6751
116
6977
111
7214
32
7662
99
7789
104
7897
101
8006
32
8227
115
8380
111
8560
110
8667
111
8841
32
9489
115
9639
116
9788
97
9910
116
0156
97
0468
32
0765
115
0871
111
1053
108
1206
108
1341
101
1838
99
1952
105
2659
116
2808
97
3003
116
3146
97
3322
32
3483
97
3574
32
4250
116
4389
101
4523
114
4892
109
5019
105
5392
110
5575
97
5842
114
5987
101
6274
32
7854
113
8030
117
8622
101
8862
115
9042
116
9172
111
9402
32
1110
116
1286
101
1545
115
1797
116
2281
13
2882
105
3058
108
3253
32
3525
112
4220
105
4699
117
5211
39
5387
32
5555
112
5777
114
5896
101
6118
115
6256
116
6368
111
6544
32
7011
112
7217
111
7427
115
7581
115
7836
105
8164
98
8377
105
8671
108
8850
101
9280
32
0875
8
2678
44
2823
32
3170
101
3663
99
3809
99
3921
111
6399
32
7058
8
8212
32
8788
97
8983
32
9124
118
9316
111
9632
105
0277
32
0996
117
1225
110
1401
32
1865
8
3282
97
3389
32
3665
98
3894
97
4123
114
4556
122
4864
101
5142
108
5288
108
5596
101
5924
116
6107
116
6449
97
7987
0
8257
58
8676
13
7524
115
7666
117
7925
32
8581
100
8696
105
8896
32
9208
117
9459
110
9631
32
9879
97
0403
101
0602
114
0883
101
1384
111
1579
32
1733
105
1931
110
2077
32
2593
118
2830
111
3176
108
3669
111
4328
32
4573
99
4649
105
4819
32
5162
115
5314
111
5491
110
5614
111
6055
32
7627
117
7879
110
8803
8
9257
8
9291
8
9326
8
0510
8
0679
8
0844
8
1125
8
1324
8
2866
39
2982
101
3075
39
3304
32
3899
117
4124
110
4300
32
4695
103
4891
114
5119
117
5424
112
5559
112
5784
111
5975
32
6170
100
6243
105
6413
32
6702
117
7467
111
7738
109
8024
105
8264
110
8432
105
8729
32
9653
100
0021
39
0307
97
0831
102
0984
102
1311
97
1570
114
1867
105
3474
32
6224
112
6392
105
6606
117
6956
39
7173
32
7425
117
7669
110
8005
97
8188
32
9398
100
9499
111
9682
110
9813
110
9952
97
0490
13
2432
0
2505
40
3038
100
3274
39
3451
97
3876
102
3995
102
4179
97
4389
114
4811
105
5017
32
5272
97
5345
110
5746
99
5888
104
6007
101
6110
32
6394
108
6521
101
6727
105
7159
0
7470
41
9784
46
1047
13
1434
0
1760
65
2021
100
2155
32
2343
117
2561
110
2933
32
3102
99
3338
101
3449
114
3845
116
3956
111
4141
32
4774
112
4943
117
5194
110
5355
116
5477
111
5701
32
6571
108
6876
39
7180
97
7481
114
7895
8
8030
101
8167
114
8442
101
8822
111
9010
32
2111
8
2565
8
2599
8
2634
8
2669
8
2704
8
2738
8
2773
8
5119
115
5242
105
5381
32
5625
118
5809
101
5930
114
6108
105
6367
102
6475
105
6765
99
6926
97
7033
32
7275
117
7458
110
7710
32
8437
103
8572
117
8963
97
9204
115
0746
116
0854
111
1045
32
1611
115
1741
117
1887
108
2048
108
2504
39
2718
97
2988
114
3342
101
4956
8
5091
8
5285
101
5567
114
5751
101
6101
111
6322
32
1852
0
2082
0
3207
0
3675
0
3880
0
4258
0
4515
0
5828
0
6101
0
6950
0
7241
0
7880
0
8336
0
8371
0
8406
0
8443
0
8478
0
8514
0
9479
0
0150
8
0345
8
0476
8
0629
8
0775
8
0936
8
1044
8
1221
8
1306
8
1456
8
1613
8
2774
117
2969
110
3122
32
3344
101
3531
108
3654
101
4473
8
4784
105
5195
99
5341
111
5705
116
5878
116
6073
101
6225
114
6735
111
9091
0
9819
0
0344
0
0800
0
0836
0
0871
0
0907
0
0943
0
0978
0
1014
0
1051
0
1085
0
1121
0
1156
0
1193
0
1228
0
1263
0
1299
0
1335
0
1370
0
1406
0
1442
0
1478
0
1513
0
1548
0
1584
0
1620
0
2238
0
2431
0
2609
0
2757
0
2927
0
3105
0
3294
0
3774
0
3967
0
5139
8
5593
8
5627
8
5662
8
5697
8
5733
8
5767
8
5802
8
5836
8
5872
8
5906
8
5941
8
5975
8
6011
8
6045
8
6080
8
6115
8
6150
8
6184
8
6219
8
6528
8
6982
8
7016
8
7052
8
7086
8
7121
8
7155
8
7190
8
7225
8
7398
8
7559
8
7693
8
0379
109
0528
97
0657
110
0835
99
1045
97
1796
8
1957
8
2280
8
2558
8
2753
8
3450
105
3645
108
3874
32
4224
108
4419
105
5772
118
5982
101
6151
108
6293
108
6484
111
6687
32
7305
100
7500
101
7597
108
7781
32
8006
99
8257
97
8441
114
8791
98
9039
117
9328
114
9504
97
9960
110
0344
116
0539
101
0854
32
2902
115
3943
99
4168
101
4318
110
4467
100
4659
101
4805
32
5060
105
5825
109
6043
112
6298
111
6909
8
7054
114
7532
112
8162
8
8587
111
8842
118
8977
118
9183
105
9465
115
9785
97
0206
109
0617
110
0766
101
0949
116
1361
8
1511
8
1853
8
2052
101
2188
110
2490
116
3071
101
4481
13
6155
101
7501
32
3085
112
3669
101
4140
114
5765
32
6069
112
6261
111
6588
116
6760
101
7016
114
7252
32
1470
97
2031
116
2245
116
2663
101
2945
114
3336
114
4721
8
4889
8
5145
8
6271
101
6576
114
6741
114
6985
97
7259
114
7465
101
8400
32
8909
99
9039
111
9227
110
9592
32
4660
8
4832
8
5001
8
5169
8
5470
8
5924
8
5958
8
5993
8
6028
8
6063
8
6097
8
6132
8
6167
8
6203
8
6237
8
6271
8
6306
8
6342
8
6376
8
6620
8
7094
101
7357
118
7488
105
8053
116
8210
97
8435
114
8612
101
9033
32
9262
99
9480
104
9660
101
9840
32
1096
8
1550
8
1584
8
1619
8
1654
8
1689
8
1723
8
1758
8
1793
8
1828
8
1863
8
1897
8
1932
8
1968
8
2002
8
2386
8
4169
113
4293
117
4469
97
4592
108
5123
99
5261
117
5528
110
5720
111
5903
32
8382
100
8633
101
0168
105
0337
32
0615
118
0702
105
0876
97
1173
103
1308
103
1628
105
1789
97
2105
116
2266
111
2570
114
2686
105
4489
32
4733
100
4916
101
5138
118
5371
101
5577
32
5897
115
6224
97
6928
99
7210
114
7371
105
7623
102
7714
105
8070
99
8231
97
8475
114
8915
115
9067
105
9268
32
9640
101
9790
32
0451
110
0456
98
1025
8
1189
8
1535
98
1753
117
2643
8
2773
8
3803
8
4077
100
4218
32
4527
97
5028
98
5170
98
5335
97
5575
110
6034
100
6203
111
7179
110
7642
97
7913
114
8039
101
8281
32
8461
108
8791
39
9239
101
9687
102
0208
8
0485
108
0997
101
2051
8
2327
105
2549
99
2770
111
3083
116
3217
116
3412
101
3557
114
3757
111
4129
13
4521
115
4731
97
5443
99
5702
114
5901
105
6809
102
6944
105
7150
99
7334
97
7593
110
7898
100
8004
111
8477
115
8623
105
8806
32
9258
112
9419
101
9541
114
9700
32
0133
116
0245
117
0523
116
0669
116
0784
105
1017
32
2122
103
2245
108
2421
105
2730
32
3434
97
3545
108
3843
116
4042
114
4290
105
3962
8
4415
8
4450
8
4485
8
4519
8
4555
8
4589
8
4624
8
4658
8
4694
8
4728
8
4763
8
4798
8
4833
8
4867
8
4902
8
4937
8
4973
8
5007
8
5042
8
5076
8
5112
8
5146
8
5181
8
5215
8
5251
8
5285
8
5320
8
5355
8
5390
8
5634
8
5799
8
5937
8
6087
8
9621
97
9843
102
9985
102
0074
105
0364
99
0827
8
1094
110
1289
99
1510
104
1989
101
2119
39
2439
32
3521
108
3871
39
4096
101
4770
108
4920
105
5225
99
5363
111
5743
116
5881
116
6080
101
6172
114
6561
111
6782
32
7475
112
7663
111
7884
115
8038
115
8286
97
8628
32
8849
97
9079
116
9217
116
9631
101
9992
114
0146
114
0526
97
1000
114
1146
101
5219
0
5899
0
6355
0
6390
0
6426
0
6462
0
6497
0
6533
0
6568
0
6605
0
6640
0
6675
0
6711
0
6747
0
6782
0
6818
0
6853
0
6890
0
6925
0
6961
0
6996
0
7032
0
7067
0
7103
0
7139
0
7175
0
7210
0
7245
0
7281
0
7317
0
7352
0
7388
0
7424
0
7460
0
7495
0
7531
0
7568
0
6183
112
6359
101
6481
114
6613
32
6903
97
7071
108
7191
108
7386
101
8604
103
8723
103
8922
101
9025
114
9176
105
9477
114
9638
101
9773
32
0225
105
0386
108
0557
32
0867
99
1009
97
1161
114
1335
105
1794
99
1897
111
3230
32
1099
8
1553
8
1588
8
1623
8
1657
8
1693
8
1727
8
1762
8
1976
8
2137
8
2253
8
2406
8
4864
0
5320
0
5355
0
5391
0
5427
0
5462
0
5498
0
5533
0
5570
0
5605
0
5640
0
5676
0
5712
0
5747
0
6185
0
6372
0
7459
32
8156
99
8202
111
8357
110
8549
32
8785
105
8954
108
9106
32
9386
114
9539
101
9757
115
9895
116
0015
111
0176
32
1816
0
2359
0
2815
0
2851
0
2886
0
2922
0
2957
0
2993
0
3030
0
3065
0
3100
0
4311
0
5738
0
8582
8
9036
8
9071
8
9105
8
9140
8
9176
8
9210
8
9245
8
9279
8
9315
8
9349
8
9384
8
9419
8
9844
8
0298
8
0338
8
0367
8
0402
8
0437
8
0472
8
0506
8
0541
8
0577
8
0611
8
0646
8
0681
8
0716
8
0750
8
0785
8
0820
8
0855
8
0889
8
0924
8
0959
8
0994
8
1029
8
1064
8
1098
8
1134
8
1168
8
1205
8
1238
8
3116
111
3378
46
9741
13
0750
0
1375
8
2840
0
3009
0
3154
0
3437
0
3600
0
3925
0
5413
0
6625
0
9003
0
1230
0
2698
0
4099
0
5825
0
7374
13
3969
0
4148
73
4397
110
4502
105
5908
122
6031
105
6234
97
6425
32
6677
117
6876
110
7044
97
7181
32
7835
100
7934
105
8153
115
8352
99
8683
117
8968
115
9118
115
9256
105
9344
111
9575
110
9774
101
9957
32
2941
116
3140
114
3320
97
3538
32
3752
105
3920
32
4097
112
4367
114
4543
101
4780
115
4945
101
5091
110
5622
116
5713
105
5868
32
6029
112
6191
101
6293
114
6422
32
7677
100
7835
101
8060
99
8372
105
8914
100
9094
101
9414
114
9590
101
0023
32
0505
99
0628
104
0948
105
1679
32
2516
115
4052
97
5076
99
5589
8
5742
8
5933
8
6381
100
6587
101
6797
118
7004
101
7157
32
7549
98
7800
117
8007
116
8149
116
8450
97
8645
114
9289
115
9396
105
9702
13
0380
103
0515
105
0902
39
1585
8
1915
117
2303
39
2577
32
3946
101
4175
32
6446
103
6539
108
6692
105
6846
32
7003
117
7429
111
7907
109
8109
105
8384
110
8515
105
8789
32
9177
110
9334
111
9449
110
9599
32
9904
115
0008
105
0215
32
0440
109
0586
101
1215
116
1342
116
1443
111
1634
32
2132
8
2368
110
2676
111
2973
32
3659
100
3989
39
4245
97
4591
99
4756
99
4955
111
5154
114
5749
100
5932
111
3087
44
3263
32
3499
110
3683
101
4010
108
4284
32
4642
102
4825
114
5005
97
5234
109
5706
8
5995
116
6171
116
6400
101
6833
109
7028
112
7249
111
7844
32
8247
108
9276
39
9513
101
9689
108
9854
101
0729
8
0980
105
1371
99
1491
111
1848
116
1994
116
2204
101
2354
114
2568
111
2733
32
3234
115
4070
116
4556
97
4717
39
5105
32
5628
112
5819
114
5996
101
6459
99
6654
105
7219
112
7448
105
8281
116
8412
97
8522
110
8813
100
8917
111
9389
46
9716
13
0193
0
0553
65
1022
108
1156
108
1423
97
1603
32
1855
102
1939
105
2113
110
2289
101
2480
32
4381
118
4481
105
4621
115
4743
111
5253
8
5429
116
5684
111
5913
32
6225
99
6325
104
6442
101
6514
32
6700
110
6846
111
6965
110
7130
32
7340
115
7447
105
7640
32
7801
97
8090
114
8240
114
8356
105
8660
118
8829
97
8966
32
9174
97
9315
108
9451
108
9638
97
9777
32
0081
99
0303
111
0460
110
1104
99
1262
108
1370
117
2064
8
2518
8
2552
8
2587
8
2622
8
2657
8
2691
8
2726
8
2761
8
3235
8
3517
100
3632
32
3862
117
4042
110
4176
97
4290
32
4597
99
4765
111
4938
110
5152
108
5532
8
5681
99
6321
108
6502
117
6784
115
6913
105
7021
111
7175
110
7708
101
9559
32
1095
8
2342
32
3545
108
3691
97
3752
32
3968
100
4114
111
4781
110
4934
110
5058
97
5202
32
7181
8
7635
8
7669
8
7704
8
7739
8
7774
8
8455
117
8646
110
8777
105
8938
99
9084
97
9176
32
9380
100
9526
111
9770
110
9890
110
0009
97
0124
32
0434
112
0625
114
0824
101
1091
115
1267
101
1424
110
1766
116
1920
101
2654
32
2989
112
3203
114
3459
101
3741
110
3886
100
4252
101
4669
13
5378
108
5520
97
5730
32
6253
112
6414
97
6761
114
6937
111
7264
108
7425
97
7936
0
8225
58
8856
32
1659
8
1782
8
2207
32
2372
101
2582
100
2698
32
2942
105
3133
110
3298
105
3855
122
3973
105
4151
97
4286
32
6172
97
6271
32
6505
102
6727
97
6986
114
7136
101
7267
32
7477
117
7645
110
7833
32
8371
100
8649
105
9049
115
9247
99
9548
111
9762
114
0036
115
0151
111
0283
32
0550
99
0672
111
0831
109
0965
109
1409
111
2212
118
2422
101
2893
110
3401
116
3536
101
3893
0
4317
58
4589
13
4799
0
4917
34
8804
0
9676
68
9907
39
0099
97
0350
99
0500
99
0623
111
1162
114
1417
100
1501
111
1818
32
2252
109
2397
105
2638
32
3151
8
3836
32
4118
115
4313
97
4538
99
4759
114
4894
105
5221
102
5317
105
5740
99
5875
111
6058
32
6604
105
6737
111
0138
0
0290
58
0502
32
1418
8
1553
8
1865
32
2078
100
2277
97
2395
108
2577
32
2783
109
2975
111
3170
109
3523
110
3677
101
3891
116
4044
111
4515
8
4650
8
4792
8
4938
8
5639
8
6441
109
6591
101
6699
110
6849
116
7017
111
7481
32
8012
99
8543
104
8719
101
9084
32
0007
110
0149
111
0371
105
0585
32
0863
100
0985
111
1223
110
1399
110
1579
101
1770
32
2932
115
3046
105
3284
97
4125
109
4320
111
4488
32
5031
112
5207
114
5353
101
5789
112
5943
97
6274
114
6439
97
6826
116
6980
101
7133
32
7317
97
7450
32
7892
13
9073
115
9241
97
9459
99
9684
114
9785
105
9961
102
0065
105
0189
99
1207
8
2047
99
2197
97
2368
114
2632
100
3149
8
3253
99
3444
105
3628
32
3902
112
4165
101
4314
114
4503
32
5030
103
5111
108
5261
105
6842
8
6988
8
7134
8
8551
105
8739
32
8938
109
9129
97
9335
114
9519
105
9960
116
0302
105
3894
44
4142
32
4521
105
4682
32
4964
102
5110
105
5622
103
5703
108
5873
105
6476
32
6882
101
7149
116
7378
99
7686
46
0410
0
1867
0
3163
46
3301
46
3443
46
3559
46
4535
0
4789
34
8377
0
8733
8
8906
8
9089
8
9839
105
0015
32
0297
115
0366
111
0502
110
0622
111
0582
13
1165
0
1331
0
1479
0
1656
0
1797
0
2467
8
2632
8
2766
8
2920
8
3353
8
4155
101
4712
0
4957
0
5576
8
6030
32
6760
0
6971
99
7110
111
7271
110
7421
115
7797
114
7973
101
8202
116
8352
97
8966
8
9097
8
9247
8
9510
8
9682
8
0319
99
0563
114
0667
101
0866
116
1001
97
1807
13
3617
0
4988
0
6275
0
6528
0
6984
0
7020
0
7060
0
7092
0
7127
0
7163
0
7198
0
7234
0
7269
0
7305
0
7341
0
7377
0
7412
0
7448
0
7483
0
7520
0
7555
0
7590
0
7626
0
7662
0
7697
0
7733
0
7769
0
7805
0
7840
0
7876
0
7911
0
7947
0
7983
0
8018
0
8055
0
8090
0
8125
0
8161
0
8196
0
8233
0
8268
0
8303
0
8339
0
8375
0
8410
0
8446
0
8482
0
8518
0
8553
0
8588
0
9463
0
9652
0
0432
32
0868
100
1165
101
1322
108
1480
32
1731
116
1836
105
2042
112
2216
111
5532
8
5986
8
6021
8
6055
8
6090
8
6126
8
6213
8
6224
8
6235
8
6265
8
6299
8
6334
8
6369
8
6404
8
6438
8
6473
8
6508
8
6544
8
6578
8
6613
8
6647
8
6682
8
6953
8
7114
8
7260
8
7398
8
8748
112
8898
97
9334
100
9593
114
9713
105
1082
44
1235
32
1419
105
1611
32
2315
0
2770
0
2806
0
2841
0
2878
0
2913
0
2948
0
2984
0
3020
0
3056
0
3091
0
3127
0
3163
0
3198
0
3234
0
3269
0
3305
0
3746
0
3946
0
4101
0
4275
0
4423
0
4571
0
4718
0
6022
97
6206
99
6359
99
6535
101
6764
116
7416
116
7551
111
7708
32
7933
100
8041
105
8456
13
9455
115
9635
97
9841
99
0067
114
0201
105
0680
102
0783
105
1085
99
1238
97
1441
114
1855
109
2069
105
2240
32
2675
116
3263
8
3518
112
3698
101
3829
114
3941
32
4177
116
4323
117
4567
116
4706
116
4802
105
5024
32
5582
118
5762
111
6164
105
6903
32
7124
101
7246
32
8077
109
8238
105
8376
32
8590
98
8808
117
9090
116
9236
116
9325
111
0392
0
1929
46
2195
13
2998
0
3241
84
3358
117
4169
116
4314
116
4434
105
4625
32
4877
105
5031
32
5230
112
5477
114
5691
101
5928
115
6097
101
6397
110
6607
116
6742
105
9503
0
9959
0
9995
0
0030
0
0067
0
0101
0
0137
0
0173
0
0210
0
1177
0
1636
8
1786
8
1917
8
2153
8
2303
8
2426
8
3073
0
3977
69
5442
32
5724
116
5862
117
6250
116
6395
116
7100
0
7555
0
7591
0
7627
0
7663
0
7698
0
7734
0
7769
0
8300
0
9158
0
9759
0
9923
58
0165
32
0341
0
0478
34
1417
0
1555
66
1785
114
1924
97
2164
118
2544
97
4193
32
4330
0
4679
33
4855
33
5028
33
5177
33
5308
33
1042
32
1840
0
2083
83
2295
101
2403
105
2557
32
2831
102
2936
111
3070
114
3956
116
4317
101
5444
0
6189
33
6644
33
7096
0
7884
33
8404
34
9106
0
9272
0
9427
0
9578
0
9764
0
0323
0
0493
0
1283
0
2419
0
2616
0
4349
0
6825
0
8550
0
9521
0
0941
0
1160
0
1342
0
1795
0
1973
0
2736
0
2902
0
3043
0
3330
0
3727
0
8196
0
8653
0
9095
0
9733
0
0406
0
1252
0
2571
32
4566
97
4757
112
5228
112
5514
101
5724
114
6074
115
6454
8
6592
8
6889
115
7003
105
7524
8
7692
8
7835
8
8011
8
8145
8
8661
8
9173
115
9249
111
9582
115
9673
112
9961
101
0462
115
0565
105
0667
32
0847
110
0978
101
1150
108
1334
32
1722
118
1883
117
2146
111
3130
116
3206
111
7473
8
7709
0
7906
68
1529
97
1789
103
1919
103
2103
114
2257
97
2508
112
2639
112
2759
97
3162
116
3274
105
3650
32
4022
97
0200
103
0346
108
0484
105
0671
32
1248
101
1458
115
1534
112
1735
111
2059
8
2197
8
2332
8
2474
8
3265
115
3349
112
3557
111
3869
114
4045
116
4169
101
4337
108
4476
108
4675
111
4964
98
5253
105
5913
8
6044
8
6813
110
6955
105
7127
32
7674
100
8473
101
8822
108
8980
108
0186
39
0510
101
0686
108
0892
105
1072
99
1207
111
1749
116
1873
116
2034
101
2183
114
2394
111
2638
32
2825
101
3024
32
3487
13
3989
32
4961
101
5077
32
5412
97
5546
112
5677
112
5944
108
6686
97
6984
117
7284
116
7944
8
8097
100
8247
111
8514
98
9143
8
9674
110
9843
111
0007
32
0508
97
1040
108
1170
108
1607
39
2263
117
2582
110
2728
97
2897
109
3104
105
4526
8
4691
8
7094
8
7277
8
7420
8
7558
8
7719
8
7808
8
7981
8
8523
8
9167
32
9434
97
9629
108
9775
108
0231
39
0562
117
0851
110
1451
8
1596
8
1742
8
1866
8
2072
8
2225
8
2643
8
0036
32
0185
46
0348
46
0471
46
0594
46
0714
46
0837
46
1164
13
1325
13
1577
13
2719
0
2857
77
3076
111
3528
114
3681
97
3793
108
4018
101
4779
0
4917
58
5072
32
5538
0
5713
77
5921
97
6013
105
6161
32
6476
115
6568
111
6965
116
7103
116
7242
111
7765
118
7911
97
8046
108
8237
117
8504
116
8793
97
9030
114
9169
101
9296
32
9475
117
9652
110
0005
97
0135
32
0547
100
0654
111
0884
110
1015
110
1165
97
2141
32
2279
0
2379
58
2639
45
2785
0
2888
41
8971
13
7613
8
7777
8
