87282
0
87494
79
87693
76
88066
84
88181
82
88395
69
88645
32
89545
13
90253
0
90534
86
90696
111
90884
108
91045
111
91232
110
91401
116
91596
97
91878
39
92073
32
92215
101
92340
32
93405
115
93630
97
93904
99
94171
114
94355
105
94648
102
94770
105
94985
99
95248
105
95415
111
96457
46
96678
32
96974
0
97062
73
97255
108
97443
32
97713
103
97863
117
97979
105
98570
101
98903
8
99032
8
99219
101
99456
114
99609
114
99759
105
00022
101
00364
114
00552
111
00712
32
01470
115
01612
105
01807
32
02156
115
02293
117
02539
112
02867
101
03122
114
03362
97
05236
46
05510
13
06033
0
06141
80
06567
101
07034
8
07187
114
07386
101
07683
110
07904
100
08027
105
08211
97
08380
109
08646
111
08853
32
09036
112
09280
111
09517
115
09654
105
10088
122
10272
105
10356
111
10541
110
10714
101
12535
46
12756
32
12909
0
13073
79
13326
114
13548
97
13818
46
14028
32
14245
0
14481
83
14643
111
15080
98
15241
98
15440
105
15775
8
15943
8
16096
8
16231
8
16430
8
16843
0
17131
68
17339
105
17731
8
18974
111
19332
98
19477
98
19687
105
19811
97
19974
109
20182
97
20834
8
21267
111
21503
32
21759
112
22384
101
22552
114
23068
99
23244
111
23421
114
23604
114
23822
101
24058
114
24249
101
24486
32
24685
108
24883
97
25074
32
25658
110
25823
111
26005
115
26179
116
26393
114
26581
97
26794
32
27008
115
27184
116
27451
114
27665
97
27984
100
28172
97
28997
13
29286
101
29443
32
29642
100
29913
111
30247
98
30461
98
30784
105
31096
97
31344
109
31596
111
32432
32
32706
102
32932
97
33134
114
33480
108
33686
111
33810
32
33963
105
34140
110
34293
32
34575
109
34796
97
35066
110
35266
105
35461
101
35720
114
35892
97
36067
32
36388
115
36813
8
36989
114
37124
105
37375
115
37665
111
37901
108
38096
117
38442
116
38648
97
39764
46
40046
13
40305
0
40487
67
40634
105
40984
32
41259
116
41715
8
41905
97
42066
116
42235
116
42475
101
42595
110
42828
100
43052
101
44149
32
44408
117
44641
110
44787
32
44944
108
45151
117
45402
110
45918
103
46102
111
46293
32
46567
99
46875
97
47115
109
47284
109
47468
105
47644
110
47865
111
49407
0
49752
58
49967
32
50204
100
50341
111
50715
98
50873
98
51052
105
51258
97
51391
109
51637
111
51971
32
52963
98
53108
97
53262
110
53415
100
53569
105
53775
114
53985
101
54467
32
54772
105
55012
108
55081
32
55481
116
55673
105
56441
109
56644
111
56854
114
57000
101
57180
32
57367
101
57498
32
57708
108
57862
97
57983
32
58308
112
58650
105
58970
103
59214
114
59518
105
59910
122
60116
105
60207
111
60690
8
60782
97
61062
13
63657
8
65259
46
65586
13
66577
0
66820
76
67080
111
67838
8
68334
39
68726
111
68921
115
69089
116
69254
97
69510
99
69658
111
69871
108
70095
111
70905
32
71243
115
71408
105
71592
32
72066
115
72250
117
72486
112
72670
101
72873
114
73086
97
73292
32
73472
99
73622
111
73858
110
74053
32
74494
100
74700
101
74944
99
75113
105
75553
115
75725
105
75862
111
76071
110
76209
101
77445
32
77594
101
77718
32
77932
112
78089
114
78303
111
78585
110
78798
116
78986
101
79271
122
79455
122
79695
97
80735
46
80983
32
81186
0
81632
81
81855
117
82039
97
82249
108
82738
39
82907
101
83036
39
83278
32
84103
105
84317
108
84485
32
84715
109
85509
105
85776
103
86081
108
86317
105
86458
111
86885
114
87453
13
87977
109
88141
111
88631
109
88784
101
88907
110
89061
116
89335
111
89587
32
89808
112
89954
101
90108
114
90231
32
90777
97
91866
103
92102
105
92369
114
92564
101
92873
46
93679
32
93934
0
94244
73
94728
101
94923
114
95106
105
96981
44
97685
8
98865
46
00188
32
00503
0
00897
81
01064
117
01240
97
01393
108
02000
39
02176
101
02280
39
02505
32
02953
105
03178
108
03528
32
05040
115
05265
101
05535
99
05693
111
05854
110
06034
100
06179
111
06386
32
06611
109
06803
105
07054
103
07139
108
07312
105
07476
111
07676
114
07860
101
07966
32
08178
109
08482
111
08753
109
08997
101
09101
110
09308
116
09431
111
09882
32
11938
0
13228
0
14135
0
14589
0
14625
0
14660
0
14696
0
14731
0
14767
0
14803
0
14839
0
14874
0
14910
0
14946
0
14983
0
15016
0
15052
0
15088
0
15124
0
15159
0
15195
0
15230
0
15266
0
15302
0
15337
0
15373
0
15409
0
15444
0
15480
0
15515
0
15552
0
15587
0
15622
0
15658
0
15694
0
15729
0
15765
0
15801
0
15837
0
15872
0
15908
0
15943
0
15980
0
16027
0
16050
0
16086
0
16122
0
16157
0
16193
0
16229
0
16265
0
16299
0
16335
0
17512
0
17720
0
18175
0
19010
0
19465
0
19501
0
19535
0
19572
0
19607
0
19643
0
20672
0
21152
0
22448
8
22793
32
23222
0
23404
63
24039
0
24493
0
24529
0
24564
0
24600
0
24635
0
24671
0
24707
0
24743
0
24778
0
24814
0
24849
0
24886
0
24921
0
24956
0
24992
0
25028
0
25063
0
25099
0
25134
0
25171
0
25206
0
25241
0
25277
0
25313
0
25348
0
25384
0
25419
0
25456
0
25491
0
25526
0
25562
0
25598
0
25633
0
25669
0
25705
0
25741
0
25776
0
25812
0
25847
0
25884
0
25919
0
25955
0
25990
0
27231
0
27587
63
29214
13
29680
0
29787
79
30093
103
30243
103
30359
105
31105
46
31341
32
31706
0
31994
83
32129
79
32718
8
32857
8
33832
0
34211
68
34399
111
34696
98
34861
98
35086
105
35266
97
35442
109
37018
111
37274
32
37658
114
37788
105
38002
97
38277
102
38434
102
38663
101
38739
114
39000
109
39161
97
39375
114
39543
101
39697
32
39862
108
39980
97
40103
32
40579
99
40762
111
41324
8
41575
117
41759
114
42456
8
42873
108
43159
116
43251
117
43439
114
43623
97
43741
32
43930
100
44129
101
44252
108
44421
32
44646
115
44872
97
45221
99
45476
114
45637
105
46010
102
46133
105
46532
99
46662
105
46807
111
49143
0
49431
58
49631
32
49826
115
49937
111
50122
108
50393
116
50523
97
50661
110
50827
116
50952
111
51111
32
51272
99
51380
111
51594
110
51755
32
51920
108
52160
111
52642
13
53716
115
53979
102
54223
111
54403
114
54885
122
55242
111
57712
32
58137
112
58366
111
58577
116
58768
114
58948
101
59169
109
59345
111
60461
32
60799
114
61036
97
61476
103
61649
103
61976
105
62163
117
62403
110
62776
103
63009
101
63200
114
63372
101
63548
32
63845
103
63984
108
64163
105
64366
32
65183
111
65435
98
65770
105
65908
101
66168
116
66329
116
66452
105
66643
118
66751
105
67380
46
67632
32
67804
0
68016
69
68300
115
68468
115
68705
101
68919
114
69095
101
69305
32
69496
109
69612
97
69841
114
70379
122
70691
105
70886
97
71043
108
71612
105
72725
32
73013
114
73310
105
74049
99
74183
104
74314
105
74762
101
75086
100
75277
101
75498
13
76327
100
76446
105
76857
115
77042
99
77420
105
77778
112
78048
108
78239
105
78612
110
78807
97
81326
44
81491
32
81667
99
81786
111
81985
114
82207
97
82677
103
82816
103
83011
105
83102
111
83333
32
83394
101
83572
32
83748
112
83912
101
84058
114
84314
115
84535
101
84851
118
85057
101
85249
114
85595
97
85786
110
86030
122
86251
97
90525
46
90746
32
90930
0
91138
83
91316
117
91579
108
91729
108
91977
97
92068
32
92280
110
92445
111
92704
115
92925
116
93203
114
93379
97
93552
32
94713
115
95285
116
95499
114
95664
97
95931
100
96114
97
96287
32
96478
105
96635
110
96770
99
96877
111
97462
110
97789
116
98006
114
98349
101
98653
109
99146
8
99315
114
99513
101
99713
109
99873
111
01234
13
01697
116
01881
97
02087
110
02271
116
02385
105
02608
32
02875
97
03164
118
03344
118
03618
101
03844
114
04204
115
04403
97
04628
114
05031
105
07622
0
07842
58
08042
32
08248
115
08436
99
08574
111
08788
110
08975
102
09098
105
09430
103
09598
103
09824
101
10015
110
10202
100
10328
111
10521
32
10720
108
10816
97
10997
32
11131
112
11285
97
11498
117
11739
114
12024
97
14408
44
14633
32
14779
108
14940
97
15069
32
15179
112
15355
105
15592
103
15858
114
16015
105
16335
122
16500
105
16646
97
16792
32
16941
101
17061
32
17293
108
18066
39
18348
105
18649
103
18780
110
18971
111
19112
114
19274
97
19399
110
19637
122
20379
97
21284
44
21490
32
21606
118
21733
105
21917
110
22130
99
22311
101
22472
114
22655
101
22766
109
23083
111
23580
46
24918
13
27067
0
27340
77
27571
97
27830
32
28044
105
28706
32
29321
8
29610
108
29839
32
30460
112
30617
114
31081
105
31339
109
31599
111
31767
32
31947
97
32199
118
32341
118
32574
101
32711
114
33016
115
33215
97
33382
114
33507
105
33607
111
34811
32
35123
115
35329
99
35584
111
36108
110
37080
102
37252
105
37501
116
37658
116
37804
111
38032
32
38420
115
38619
97
38832
114
38997
97
39234
39
39455
32
39809
112
40053
114
40629
111
40990
112
41279
114
41493
105
41794
111
42023
32
42225
105
42332
108
42554
32
42943
110
43096
111
43295
115
43501
116
43681
114
43838
111
44014
32
44183
108
44305
97
44573
116
44723
111
45057
32
45328
112
45482
101
45907
103
46068
103
46233
105
46324
111
46615
114
46814
101
48152
0
48406
58
48659
13
49065
108
49230
97
49406
32
49624
118
49861
101
49994
114
50201
97
58645
32
59407
110
59575
97
59804
116
59893
117
60039
114
60201
97
60315
32
60527
100
60722
101
60838
108
61006
108
61208
97
61334
32
61701
118
61892
105
62060
116
62236
116
62402
111
62536
114
62671
105
63273
97
64959
32
65089
115
65264
116
65404
97
65607
32
65855
110
65974
101
66686
108
66862
32
67129
115
67388
117
67583
112
67797
101
67980
114
68164
97
68363
114
68894
101
69082
32
69299
105
69724
32
70029
112
70197
114
70668
111
70893
112
71111
114
71294
105
71742
32
71956
100
72109
105
72331
102
72541
101
72974
116
73165
116
73405
105
76747
46
76961
13
77208
0
77308
73
77546
110
77737
32
77833
102
77953
111
78160
110
78650
100
79044
111
80300
32
80566
97
80728
108
80885
108
81072
97
81175
32
81368
110
81533
111
81754
115
81904
116
82106
114
82282
97
82442
32
82646
115
82837
116
83047
114
83235
97
83475
100
83644
97
85978
44
86218
32
86413
105
86601
108
86747
32
87059
98
87363
117
87515
105
87734
111
89197
46
89403
32
89685
0
89803
73
89992
110
90161
32
90356
102
90536
111
90708
110
90941
100
91124
111
91323
32
91435
97
91557
108
91735
32
92201
98
92487
117
93467
105
93654
111
96396
44
96576
32
96752
117
96958
110
97134
111
97325
32
97498
115
97652
112
97820
101
98106
99
98236
99
98371
104
98479
105
98643
111
01307
46
01528
13
01764
0
01867
73
02094
110
02255
32
02379
102
02532
111
02761
110
02918
100
03041
111
03222
32
03413
97
03536
108
03671
108
03922
111
04083
32
04232
115
04458
112
04658
101
04977
99
05134
99
05273
104
05381
105
05580
111
08461
44
08679
32
08855
117
09065
110
09230
32
09530
118
09654
111
09875
108
10070
116
10231
111
11833
46
12085
32
12280
0
12485
83
12670
117
12960
108
13675
32
13980
118
14103
111
14290
108
14792
116
14952
111
16898
44
17142
32
17337
105
17517
108
17708
32
17877
110
18057
111
18618
115
18768
116
18959
114
19089
111
19284
32
19480
103
19931
104
20202
105
20495
103
20882
110
21180
111
22442
32
22917
97
23085
109
23292
111
23506
97
24074
8
24333
8
24558
97
24897
114
25081
111
25381
13
25852
101
26058
100
26219
32
26316
105
26500
110
26751
115
26858
111
27338
100
27499
100
27660
105
27855
115
28125
103
28652
8
28832
102
28993
97
29264
116
29406
116
29511
111
32781
46
33244
32
33495
0
33587
73
33772
108
33956
32
34211
103
34319
117
34560
101
34868
114
35052
114
35201
105
35362
101
35622
114
35730
111
36728
32
36973
115
37034
105
37231
32
37362
97
37602
102
37755
102
38018
101
38213
114
38646
109
38811
97
38921
32
39106
115
39245
117
39674
103
39778
108
39984
105
40557
32
40895
97
41057
108
41357
116
41541
114
41664
105
42825
32
43216
112
43355
101
43485
114
44514
99
44629
104
44837
101
45111
39
45332
32
46410
100
46529
111
47114
109
47312
105
47723
110
47899
97
48098
13
48462
115
49024
101
49260
39
49621
32
49835
115
50011
116
50210
101
50635
115
50800
115
50926
111
53194
46
53388
32
53557
0
53664
76
54079
39
54274
97
54537
102
54676
102
54905
101
55050
114
55219
109
55292
97
55572
122
55659
105
55813
111
55991
110
56235
101
56596
32
56953
114
57114
105
57305
115
57455
105
57635
101
57886
100
58115
101
58646
32
58985
110
59153
101
59287
108
59479
32
59965
115
60096
117
60253
112
60399
101
60544
114
60774
97
60984
109
61145
101
61306
110
61445
116
61727
111
61936
32
62060
100
62151
105
62314
32
63113
110
63236
111
63461
105
63724
32
63896
115
64125
116
64309
101
64591
115
64764
115
64872
105
65153
46
66401
13
66716
0
66862
77
67096
97
67355
114
67969
122
68106
105
68435
97
68709
108
68904
105
69091
32
69233
101
69340
32
69571
115
69704
112
70364
105
70706
114
70825
105
71455
116
71555
117
71781
97
72052
108
72228
105
73057
32
73542
97
73718
108
73868
108
74286
111
74470
32
74634
115
74830
116
75036
101
75272
115
75456
115
75587
111
76352
32
76762
116
76945
101
77129
109
77336
111
77348
112
78273
8
78396
8
78651
112
78876
111
79475
46
80561
32
80785
0
80877
76
81953
39
82193
117
82449
108
82625
116
82686
105
82872
109
83017
111
83193
32
83317
99
83423
111
83631
109
84762
110
85014
97
85454
8
85585
8
86150
98
86299
97
86513
116
86674
116
86779
105
86955
109
87048
101
87194
110
87359
116
87477
111
90228
32
90781
101
90873
39
91051
32
91253
105
91422
108
91734
13
92234
112
93120
105
93277
117
93729
39
93890
32
94070
105
94276
109
94482
112
94696
111
95069
114
95309
116
95549
97
95717
110
96056
116
96247
101
98672
46
98920
32
99088
0
99222
83
99430
105
99814
97
00182
109
00422
111
00602
32
01997
110
02407
111
02591
105
02820
32
03049
108
03406
39
03692
97
03943
118
04093
118
04330
101
04471
114
04697
115
04881
97
05061
114
05161
105
05298
111
06834
32
07003
102
07087
105
07250
110
07403
97
07609
108
07797
101
08063
46
