7997
0
8342
76
8845
97
9006
32
9175
109
9348
111
9509
100
9678
101
9779
108
9898
108
0075
97
0364
122
0422
105
0542
111
0688
110
0828
101
0982
32
1188
115
1452
118
1594
111
1801
108
1988
103
2229
101
2383
32
2567
117
2758
110
2923
32
3258
114
3408
117
3592
105
4100
8
4387
111
4632
108
4815
111
5056
32
5228
105
5454
109
5612
112
5836
111
6108
114
6307
116
6480
97
6656
110
6840
116
7024
101
7140
32
7339
110
7492
101
7657
108
7800
108
7946
97
8049
32
8295
118
8471
97
8731
108
8892
105
9080
115
9472
8
9999
100
0161
97
0560
122
0663
105
0794
111
0917
110
1058
101
1650
32
2446
100
2565
105
2693
32
2898
13
3401
117
3638
110
3844
32
4089
115
4188
105
4385
115
4607
116
4775
101
4918
109
5053
97
5194
32
5485
115
5639
111
5872
112
6056
114
6243
97
6662
116
6808
116
6950
117
7126
116
7295
116
7506
111
7720
32
7964
110
8212
101
8412
108
8565
108
8749
101
8872
32
9200
112
9323
114
9457
111
0043
8
0374
105
0588
109
0765
101
1081
32
1322
102
1800
97
2165
100
2284
105
2749
8
2895
8
2988
115
3159
105
4165
32
4364
100
4425
105
4581
32
4761
115
5273
118
5435
105
5664
108
5794
117
5998
116
6504
8
6778
112
6939
112
7146
111
7356
32
7540
100
7754
101
7838
108
8017
32
8336
115
8505
111
9233
102
9459
116
9877
101
0390
8
0661
119
0901
97
1134
114
1484
101
8772
44
9009
13
9280
105
9566
46
9716
101
9847
46
0144
44
0359
32
0830
110
0976
101
1065
108
1208
108
1354
97
1453
32
1896
102
2061
97
2331
115
2602
101
2862
32
4705
100
4777
105
4948
32
5143
102
5273
111
5485
114
5933
109
6163
117
6354
108
6591
97
7013
122
7074
105
7175
111
7326
110
7507
101
7781
32
8230
100
8482
101
8643
108
8801
32
9015
112
9150
114
9287
111
9563
98
9807
108
9976
101
0368
109
0529
97
0682
32
1422
101
1529
32
1684
100
1746
105
1892
32
2222
114
2428
97
2669
99
2815
99
2918
111
3183
108
3450
116
3603
97
3726
32
3888
100
4065
101
4168
105
4520
13
4832
114
5023
101
5601
113
5716
117
5816
105
6198
115
6321
105
6974
116
7105
105
8218
32
8399
101
8498
32
8687
110
8860
101
8964
108
9107
108
9328
97
9397
32
9662
102
9842
97
0091
115
0312
101
0602
32
0816
100
0932
105
1139
32
1489
112
1639
114
1761
111
2589
103
2811
101
3320
116
3454
116
3548
111
3955
44
4104
32
4334
100
4502
97
4606
108
4738
32
4934
109
5223
111
5853
109
6147
101
6223
110
6435
116
6816
111
7000
32
7320
99
7423
104
7657
101
7943
32
8324
8
9071
44
9221
32
9352
112
9498
114
9704
105
9915
109
0049
97
0175
32
0349
100
0526
101
0645
108
0780
108
1229
39
1741
13
2284
105
2483
109
2675
112
2840
108
2980
101
3125
109
3237
101
3436
110
3520
116
3758
97
4286
122
4363
105
4467
111
4613
110
4754
101
6804
44
6958
32
7191
109
7352
105
7529
115
7620
117
7836
114
7997
97
8306
122
8397
105
8506
111
8649
110
8837
101
8941
105
9489
8
9908
8
0178
105
0373
32
0708
115
0834
117
0978
108
1200
32
1512
115
1634
105
1752
115
1943
116
2074
101
2266
109
2643
97
2806
32
3154
102
3258
105
3515
110
3687
97
3814
108
4010
101
4870
32
5429
8
5828
44
6132
32
6509
111
6689
32
7417
115
7548
117
8042
32
8551
100
8627
105
8832
32
9012
117
9211
110
9471
32
9851
115
9988
117
0162
111
0460
13
0916
112
1115
114
1374
111
1702
116
1825
111
2538
116
2631
105
2997
112
3264
111
5088
44
5271
32
5425
110
5556
111
5698
110
5852
32
6013
115
6136
111
6302
109
6781
61
7124
110
7292
111
7556
32
8518
8
8657
8
8792
8
9051
8
9262
8
9789
110
9901
111
0074
110
0167
32
0339
97
0516
110
0893
8
1069
8
1215
8
1369
8
1885
32
2417
97
2563
110
2770
99
2878
111
3198
114
3404
97
3534
32
3776
100
3822
105
4035
115
4126
112
4349
111
4605
110
4819
101
4950
110
5362
8
5542
8
5839
105
6136
110
6513
8
6855
98
6967
105
7223
108
7362
105
8268
46
8508
13
8850
0
9116
69
9415
115
9572
115
9779
97
9990
32
0151
112
0346
101
0506
114
0926
109
1072
101
1328
116
1474
116
1684
101
2480
32
2751
100
2828
105
2983
32
3122
114
3286
105
3629
108
3813
101
4099
118
4306
97
4584
114
4719
101
4869
32
5060
101
5331
114
5462
114
5586
111
5788
114
6297
105
6697
32
7183
110
7352
101
7490
108
7633
108
7858
101
7989
32
8256
115
8459
112
8601
101
8853
99
8953
105
9157
102
9257
105
9491
99
9860
104
0006
101
0459
32
0990
101
1136
32
1994
8
2430
47
2758
111
2964
32
3262
110
3986
8
4291
108
4543
101
4719
32
5183
97
5274
109
5494
112
6113
8
6493
98
6654
105
6993
103
7084
117
7221
105
7466
116
7801
97
8079
39
8346
13
0162
112
0463
114
0629
101
0869
115
1045
101
1441
110
1595
116
1998
105
7012
110
7559
8
7795
32
8018
110
8352
101
8566
108
8731
108
8938
97
9492
32
0122
100
0306
101
0486
115
0681
99
1243
114
1404
105
1936
122
2028
105
2170
111
2267
110
2464
101
2625
32
2760
100
2955
101
3048
105
3229
32
3443
114
3638
101
3924
113
4101
117
4220
105
4555
115
4659
105
5018
116
5117
105
6535
32
6649
99
6758
104
6905
101
6982
32
7523
8
8043
44
8189
32
8354
115
8530
101
8661
32
8815
110
8953
111
9119
110
9302
32
9528
115
9795
111
0210
8
0344
99
0513
111
0969
112
1161
101
1306
114
1604
116
1726
105
1912
32
2953
101
3118
13
3438
99
3603
111
3901
114
4039
114
4227
101
4486
116
4640
116
4739
105
5643
32
7100
97
7496
108
7649
108
8770
39
8999
105
9199
110
9311
105
9563
122
9677
105
9778
111
0319
44
1236
32
1457
112
1668
114
1803
111
2146
8
2356
8
2834
111
3064
116
3255
114
3424
101
3616
98
3762
98
3915
101
4160
114
4381
111
4686
32
5373
100
5545
97
5714
114
6065
8
6215
8
6398
114
6597
97
6880
115
7075
116
7182
105
7564
99
7755
97
7988
109
8104
101
8273
110
8345
116
8713
101
9467
32
9912
97
0126
117
0431
109
0585
101
0738
110
0873
116
1095
97
1328
114
1565
101
1756
32
1993
105
2154
108
2299
32
2454
115
2569
111
3129
8
3260
8
3859
99
4013
111
4144
115
4335
116
4450
111
5213
13
5715
100
5891
101
5992
108
6195
32
6443
112
6631
114
6747
111
7089
100
7356
111
7616
116
7766
116
7908
111
8251
32
8465
102
8553
105
8841
110
8987
97
9113
108
9324
101
0321
46
7337
13
8423
0
8674
70
8811
108
9211
8
9412
0
9554
8
9901
0
0111
71
0241
108
0586
105
0758
32
0984
97
1113
112
1242
112
1434
114
1542
111
1862
99
2023
99
2146
105
2485
32
2832
98
3114
97
3408
115
3811
8
4203
115
4364
97
4616
116
4823
105
4991
32
5504
115
5695
117
5861
108
5992
108
6112
97
6218
32
6392
109
6603
111
6874
100
7035
101
7158
108
7297
108
7443
97
7718
122
7805
105
7899
111
8053
110
8242
101
9461
32
9653
110
9776
111
9911
110
0080
32
0214
102
0349
111
0526
114
0978
109
1116
105
1622
8
1764
8
1997
110
2147
105
2460
115
2636
99
2767
111
3053
110
3222
111
3424
32
3926
115
4041
111
4203
108
4353
117
4685
122
4784
105
4862
111
5004
110
5167
105
5653
13
6128
117
6728
110
6878
105
7054
99
7177
104
7347
101
0281
32
0442
112
0864
111
1162
105
1425
99
1532
104
1816
101
2147
39
2323
32
2507
115
2627
112
2743
101
3161
115
3300
115
3684
111
4045
32
4347
115
4727
111
4919
110
5038
111
5245
32
5474
110
5609
101
6031
99
6223
101
6535
115
6670
115
6873
97
7083
114
7233
105
8482
32
8802
100
9115
105
9465
118
9702
101
9793
114
0058
115
0188
105
0373
32
0565
109
0700
111
0861
100
1048
101
1164
108
1295
108
1449
105
1682
32
2142
112
2568
8
2740
100
2940
101
3074
108
3296
32
3484
115
3598
105
3761
115
3956
116
4125
101
4256
109
4395
97
4647
13
6112
112
6250
101
6372
114
6520
32
7308
118
7488
97
7597
108
7758
105
8005
100
8167
97
8400
114
8573
101
0839
32
1064
100
1168
105
1852
118
2058
101
2172
114
2430
115
2545
105
2753
32
2993
116
3139
105
3346
112
4199
105
4394
32
4570
100
4685
105
5044
32
5315
112
5495
114
5607
111
6615
112
6776
114
6926
105
7072
101
7294
116
7500
97
7688
39
7879
32
8022
100
8194
101
8318
108
8464
108
8837
111
9021
32
9167
115
9358
116
9538
101
9806
115
9940
115
0045
111
2016
46
2204
13
2411
0
2774
65
2922
117
3117
101
3320
115
3425
116
3547
111
3695
32
3818
101
4281
39
4458
32
4767
118
4981
101
5084
114
1279
8
1734
8
1768
8
1803
8
1838
8
1873
8
1907
8
1942
8
1977
8
2013
8
2047
8
2374
8
2566
8
3142
0
3355
81
3495
117
3686
101
3863
115
4009
116
4114
111
4248
32
4387
101
4775
39
4966
32
5162
118
5357
101
5464
114
5778
111
7141
44
7302
32
7414
105
7605
110
7782
32
8325
112
8569
97
8730
114
8960
116
9087
105
9335
99
9450
111
9631
108
9823
97
9999
114
0217
32
0469
109
0630
111
0792
100
0942
111
1466
44
2572
32
2869
110
2989
101
3108
108
3284
32
3586
99
3754
97
3969
115
4145
111
4302
32
4494
100
5199
101
5909
8
6179
105
6371
32
6574
113
6715
117
6938
101
7447
105
7631
32
7834
115
7975
105
8122
115
8325
116
8490
101
9177
109
9318
105
9530
32
9721
110
9875
101
0089
108
0753
8
1073
105
1261
13
1815
113
1842
9
2187
117
2798
8
2944
8
3090
8
4570
13
5468
8
5984
113
6157
117
6341
97
6506
108
6671
105
8619
32
8826
108
8942
97
9033
32
9215
109
9350
97
9561
110
9737
99
9921
97
0173
110
0648
122
1421
97
1726
32
1895
100
1986
105
2142
32
2288
117
2502
110
2648
97
2793
32
3224
99
3312
111
3471
109
3632
112
4190
108
4412
101
4781
116
4961
97
5349
32
5628
102
5762
117
5969
110
6198
122
6290
105
6425
111
6561
110
7010
97
7179
108
7389
105
7701
116
7999
97
8155
39
9712
32
9880
112
0333
117
0558
111
0905
39
1096
32
1424
99
1600
97
1795
117
2916
115
3093
97
3254
114
3434
101
4445
32
4637
105
4802
110
5024
103
5261
101
5445
110
5636
116
5752
105
6068
13
6645
100
6825
97
7198
110
7341
110
7895
105
8056
32
8248
101
8465
99
8634
111
8894
110
9074
111
9485
109
9680
105
9993
99
0471
105
1740
32
1893
115
2058
101
2165
32
2320
110
2440
111
2559
110
2742
32
3234
8
3554
44
3927
32
4152
97
4419
100
4569
100
4662
105
4967
114
5132
105
5377
116
5530
116
5657
117
5849
114
6086
97
7812
44
7972
32
8168
109
8303
101
8483
116
8617
116
8813
101
8898
114
9041
32
9573
8
9726
101
9929
32
0060
105
0236
110
0405
32
0570
112
0724
101
0889
114
1080
105
1786
99
1943
111
2328
108
2508
111
2737
32
3087
118
3206
105
3444
116
3624
101
3819
13
4241
117
4886
109
5082
97
5341
110
5491
101
7228
32
7419
0
7541
40
7866
99
7958
111
8121
109
8248
101
8470
46
8934
8
9182
44
9301
32
9591
97
9938
8
0136
97
0434
100
0557
32
0715
101
0929
115
1305
46
1769
32
2558
8
2949
44
3080
32
3257
105
3456
32
3651
115
3739
105
3981
115
4180
116
4341
101
4472
109
4653
105
5086
32
5270
100
5331
105
5513
32
5788
97
5968
117
6144
116
6328
111
6576
109
6734
97
7069
122
7115
105
7293
111
7487
110
7763
101
7924
32
8214
117
8402
116
8537
105
8974
108
9135
105
9387
122
9541
122
9759
97
0135
116
0285
105
0446
32
0596
112
0735
101
0865
114
0988
32
1189
105
1239
108
1621
13
1903
99
2064
111
2290
110
2466
116
2692
114
2860
111
3082
108
3228
108
3412
111
0144
32
0759
100
0912
101
1013
105
1144
32
1282
112
1432
114
1598
111
2545
99
2710
101
2965
115
3100
115
3262
105
3589
32
3728
105
3919
110
4194
100
4865
117
5261
115
5483
116
5818
114
6100
105
6397
97
6562
108
6780
105
8638
44
8795
32
8929
100
9092
101
9211
108
9372
32
9946
116
0129
114
0294
97
0630
102
0791
102
0903
105
1064
99
1301
111
1504
32
1718
97
2083
101
2294
114
2538
101
2862
111
4047
32
4193
101
4315
32
4486
102
4712
101
4967
114
5109
114
5217
111
5625
118
5748
105
5909
97
6157
114
6518
105
6618
111
7154
0
7349
41
9287
46
