68264
0
68417
73
68614
110
69015
8
69785
110
69984
32
70252
98
70428
97
70612
115
70804
101
71526
32
72546
97
72817
100
72990
32
73159
101
73396
115
73535
112
73659
101
74082
114
74231
105
74389
101
74645
110
75654
122
75861
101
75992
32
76154
100
76235
105
76355
32
76540
109
76720
111
76949
100
77141
101
77288
108
77430
108
77584
97
77942
122
78068
105
78154
111
78316
110
79353
101
79522
32
79694
100
79794
105
79946
32
80175
115
80734
105
80937
115
81133
116
81283
101
81406
109
81833
105
82017
32
82273
116
82412
111
82656
108
82772
108
82987
101
83247
114
83393
97
83555
110
83867
116
83976
105
84659
32
84874
97
84973
105
85144
32
85411
103
85503
117
85655
97
85960
115
86163
116
86324
105
87901
44
88137
13
88387
108
88533
97
88651
32
88780
115
88961
99
89251
101
89488
108
89733
116
89928
97
90089
32
90327
100
90518
101
90634
108
90769
32
91052
100
91171
111
91644
109
91797
105
92092
110
92257
105
92440
111
92678
32
92840
97
93020
112
93159
112
93366
108
93512
105
93681
99
93839
97
93998
116
94124
105
94399
118
94506
111
95259
32
95769
101
95879
39
96035
32
96261
111
96430
114
96533
105
96749
101
96948
110
97079
116
97229
97
97374
116
97556
97
99557
32
99862
97
00038
32
00612
116
00804
97
00942
108
01116
105
01283
32
01602
115
01728
105
01853
115
02083
116
02252
101
02440
109
02578
105
03746
32
03957
112
04183
111
04545
105
04884
99
05007
104
05162
101
05459
13
11281
39
13130
13
13662
101
13918
115
14061
115
14211
105
14497
32
16308
99
16447
111
16643
115
16808
116
16931
105
17229
116
17425
117
17613
105
17948
115
18132
99
18271
111
18505
110
18647
111
18762
32
18944
117
19162
110
19299
32
19546
101
19749
115
19887
101
20155
109
20653
112
21681
105
21814
111
23022
32
23539
105
23723
110
23860
32
24568
99
24691
117
24793
105
24999
32
25282
108
25659
39
25843
97
26066
116
26204
116
26350
105
26519
118
26612
105
26823
116
26989
97
27122
39
27308
32
27454
100
27523
105
27664
32
28639
109
28846
111
29014
100
29210
101
29337
108
29457
108
29672
97
30049
122
30137
105
30253
111
30415
110
30527
101
31950
32
32191
104
32314
97
32442
32
32618
105
32752
108
32917
32
33137
100
33298
117
33679
112
33936
108
34160
105
34539
99
34764
101
34948
13
35575
111
35972
118
36618
8
36873
98
37012
98
37147
105
37661
101
37894
116
38040
116
38142
105
38393
118
38509
111
39757
32
39972
100
40033
105
40134
32
40426
118
40629
101
40758
114
40933
105
41170
102
41278
105
41500
99
41662
97
41807
32
41966
100
42160
101
42368
108
42515
108
42668
101
42800
32
43222
112
43380
114
44189
111
44717
114
44856
105
45388
101
45678
116
46055
97
46270
39
47460
32
47792
113
47972
117
48153
108
48310
97
48406
105
49028
8
49166
8
49305
8
49531
97
49675
108
49842
105
50034
116
50808
97
51042
116
51183
105
51595
118
51806
101
52490
32
53188
101
53331
32
53530
100
53645
105
53770
32
54416
99
55180
8
55371
118
55512
97
55652
108
55875
105
56970
100
57128
97
57581
122
57695
105
57811
111
58016
110
58113
101
59092
13
59840
100
60028
101
60163
105
60309
32
60535
114
60761
101
61096
113
61273
117
61384
105
61573
115
61693
105
61934
116
62069
105
62450
32
63012
112
63204
114
63351
101
63588
115
63783
116
63922
97
64485
122
64645
105
64761
111
64942
110
65218
97
65519
108
65699
105
65933
32
66049
101
66157
32
66402
100
66494
105
66645
32
67159
97
67396
102
67546
102
67651
105
68104
100
68318
97
68654
98
68864
105
69071
108
69225
105
69398
116
69593
97
70606
39
71059
46
72374
13
74094
0
74243
76
74459
97
74585
32
75006
116
75228
101
75487
115
75649
105
75799
32
76066
115
76258
97
76518
116
76664
97
76845
39
77044
32
77365
8
77515
8
77650
8
78004
8
78196
114
78349
97
78609
59
79229
8
79875
39
80165
32
81783
115
81933
116
82106
114
82222
117
82444
116
82579
116
82710
117
82977
114
83135
97
83391
114
83912
8
84036
116
84152
97
85040
32
85391
105
85575
110
85698
32
85954
100
86077
117
86300
101
86446
32
86718
112
86864
97
87025
114
87236
116
87337
105
87559
32
87758
112
87942
114
88119
111
88516
8
88907
105
89046
110
89257
99
89333
105
89572
112
89863
108
90001
97
90348
108
90661
8
90785
8
90920
8
91096
97
91218
108
91385
105
91777
0
92032
58
92206
13
94127
49
94443
0
94543
41
96015
32
97050
0
97195
78
97457
101
97595
108
97730
108
97937
97
98734
32
99176
112
99371
114
99517
105
00394
109
00597
97
00899
32
01321
112
01528
97
01746
114
01953
116
02103
101
03236
32
03664
118
03878
101
04316
114
04496
114
04748
97
04910
39
05139
32
05649
101
05792
108
05923
97
06077
98
06420
111
06676
114
06830
97
07088
116
07418
97
08184
32
08615
108
08768
97
08860
32
09137
109
09291
101
09619
116
09757
111
09949
100
10053
111
10719
108
10907
111
11280
103
11388
105
11535
97
13005
32
13383
99
13517
104
13652
101
13721
32
14021
104
14167
97
14328
32
14573
99
14703
111
14862
109
14993
101
15117
32
15717
112
15970
121
16457
8
16970
117
17192
110
17223
32
17303
116
18063
8
18198
8
18556
116
18662
111
19132
13
20614
100
20675
105
20801
32
20949
112
21097
97
21270
114
21499
116
21661
101
22019
122
22476
8
22724
110
22927
122
23134
97
27847
32
28341
108
28495
97
28606
32
32632
100
32827
101
33030
115
33245
99
33474
114
33632
105
34247
0
35646
122
35777
105
35888
111
36036
110
36160
101
36329
32
38238
0
38375
85
38707
77
39028
76
39232
32
39893
100
40134
101
40337
105
40491
32
40971
114
41143
101
41430
113
41545
117
41665
105
42447
115
42558
105
42748
116
42883
105
43127
32
43384
100
43545
101
43669
108
43841
32
44184
115
44369
105
44534
115
44801
116
44948
101
45113
109
45293
97
47078
44
47273
32
47435
100
47641
101
48117
105
48366
32
48803
102
48995
97
49535
117
49715
108
49922
116
52603
13
52943
99
53081
104
53217
101
53285
32
53903
112
54110
111
54370
115
54504
115
54851
111
55054
110
55171
111
55321
32
55467
105
55662
110
55930
102
56148
101
56408
116
56577
116
56825
97
57063
114
57209
101
57363
32
58572
105
58741
108
58898
32
59098
115
59396
105
59682
115
59912
116
60036
101
60171
109
60336
97
60486
32
60765
111
61002
32
61216
112
61408
97
61585
114
61776
116
61934
101
62236
32
62484
100
62587
105
62728
32
63048
101
63281
115
63409
115
63547
111
64806
32
65021
101
65148
32
65374
100
65626
101
66041
103
66165
108
66319
105
66488
32
66661
101
66856
114
66995
114
67141
111
67272
114
67487
105
68564
32
68790
99
69153
8
69298
100
69448
97
69555
32
69817
101
70058
115
70234
115
70695
105
71068
32
71298
99
71459
97
71802
117
72104
115
72276
97
72483
116
72645
105
74717
13
75609
110
75808
111
75954
110
76138
99
76253
104
76511
39
76983
8
77182
101
77389
59
77917
8
78412
39
78618
32
78856
100
79032
101
79171
108
79291
108
79437
101
79533
32
79923
112
80422
8
80598
116
80725
101
80958
99
81290
98
81834
8
82147
110
82263
105
82454
99
82546
104
82732
101
83979
32
84466
115
84570
111
85724
102
85953
119
86278
116
86530
97
87070
8
87213
8
87340
8
87471
8
88211
102
88736
116
88992
119
89184
97
89311
114
89435
101
89540
32
89678
100
89755
105
89884
32
90299
116
90430
111
90728
108
90859
108
91036
101
91197
114
91313
97
91490
110
91795
122
92051
97
92190
32
92370
97
92554
105
92716
32
93013
103
93147
117
93287
97
93558
115
93754
116
93870
105
96907
32
97261
97
97372
32
97633
100
97756
105
97983
115
98135
112
98332
111
98713
115
98820
105
99245
122
99329
105
99448
111
99600
110
99715
101
01724
46
02325
13
02592
0
02802
69
03123
115
03258
115
03473
97
03610
32
03982
112
04203
101
04346
114
04765
109
04896
101
05107
116
05242
116
05498
101
05761
114
06074
97
06807
39
09238
32
09483
100
09567
105
09711
32
10119
99
10299
111
10552
115
10736
116
10905
114
11059
117
11432
105
12040
114
12194
101
14482
44
14632
32
14778
105
14947
110
15082
32
15232
109
15375
97
15528
105
15724
110
16090
8
16403
110
17038
8
17290
8
17811
110
17919
105
18126
101
18374
114
18528
97
18713
32
18965
115
19183
101
19379
109
19563
105
20284
45
20457
97
20649
117
20787
116
20956
111
21186
109
21298
97
21516
116
21593
105
21855
99
22046
97
24319
44
24492
32
24657
117
24864
110
25010
97
25147
32
25477
108
25653
105
25951
98
26162
114
26308
101
26727
114
26820
105
27031
97
28525
13
29397
100
29516
105
29633
32
29931
109
30134
111
30371
100
30563
101
30709
108
30852
108
31021
105
31148
32
31291
105
31452
110
31608
32
31912
114
32060
101
32329
116
32513
105
32720
32
33022
100
33094
105
33242
32
33604
0
33723
80
33962
101
34161
116
34322
114
34430
105
35939
32
36093
101
36219
32
41323
102
41658
111
41869
114
42821
110
42945
105
43174
114
43370
97
45082
39
45282
32
45526
100
45741
101
45880
108
45988
108
46195
101
46310
32
46533
114
46679
101
47170
103
47313
111
47633
108
47798
101
47894
32
48231
99
48354
104
48471
101
48601
32
49059
99
49178
111
49370
110
50447
115
50669
101
50797
110
51000
116
51297
97
51781
109
52359
8
52648
110
52855
111
53403
13
54140
97
54380
0
54495
41
54783
32
56896
100
56973
105
57147
32
57347
105
57603
100
57787
101
57918
110
58208
116
58313
105
58629
102
58733
105
58983
99
59129
97
59461
114
59622
101
60374
32
60876
113
61022
117
61263
97
61444
108
61613
105
61797
32
62106
100
62624
8
62907
109
62914
110
63369
8
63871
111
64101
100
64269
101
64393
108
64539
108
64678
105
64809
32
65236
100
65416
101
65581
108
65720
108
65931
97
66072
32
66515
108
66684
105
66948
98
67132
114
67271
101
67667
114
67778
105
68058
97
68234
32
68449
100
68644
101
68829
98
68971
98
69148
97
69374
110
69679
111
72205
32
72442
101
72657
115
72807
115
73029
101
73194
114
73708
8
73884
8
74496
101
74740
114
75205
101
75351
32
75633
117
75814
116
75949
105
76413
108
76586
105
76861
122
77007
122
77244
97
77527
116
77635
105
77933
13
80611
97
80726
108
80858
32
81049
102
81141
105
81389
110
81396
98
81529
101
81880
8
82003
8
82229
101
82352
32
82529
100
82606
105
82773
32
83051
118
83205
97
83343
108
83513
105
83784
100
83953
97
84145
114
84283
101
85951
32
86158
117
86369
110
86576
97
86683
32
86955
100
87147
101
87479
116
87644
101
87797
114
88577
109
88711
105
88900
110
89016
97
89283
116
89425
97
89563
32
89809
115
90012
116
90204
114
90350
97
90557
116
90768
101
91126
103
91265
105
91585
97
92905
32
93145
100
93268
105
93431
32
93705
116
93829
111
94025
108
94156
108
94313
101
94581
114
94992
97
95133
110
95516
122
95730
97
95899
32
96061
97
96252
105
96421
32
96742
103
96850
117
97057
97
97510
115
97732
116
97822
105
98971
59
99151
13
00217
98
00563
0
00671
41
02241
32
02471
100
02565
105
02680
32
02909
100
03098
101
03516
102
03632
105
03953
110
04099
105
04583
114
04708
101
06014
32
06270
108
06401
101
06501
32
06656
105
06814
110
06975
116
07129
101
07271
114
07437
97
07720
122
07824
105
07931
111
08082
110
08221
105
10029
32
10259
116
10439
114
10585
97
10730
32
10908
105
11089
32
11372
109
11571
111
11721
100
11909
101
12010
108
12137
108
12283
105
13414
32
13764
105
13979
100
14155
101
14237
110
14433
116
14525
105
15165
102
15265
105
15518
99
15668
97
15909
116
16010
105
17227
59
17411
32
18079
99
18316
0
18484
41
19056
13
23152
100
23260
105
23403
32
23572
105
23749
110
23944
115
24110
116
24248
97
24520
110
24859
122
25100
105
25292
97
25862
114
25997
101
28273
32
28491
105
28641
32
29371
109
29566
111
29973
100
30146
101
30243
108
30374
108
30525
105
30694
32
30823
112
30983
97
31155
114
31332
97
31652
109
31802
101
31968
110
32091
116
32412
8
32547
8
32727
116
32907
114
33023
105
33200
99
33292
105
35150
32
35470
105
35662
110
35793
32
36095
98
36313
97
36550
115
36742
101
36881
32
37087
97
37210
108
37323
108
37477
101
37577
32
37853
115
38015
112
38214
101
38928
99
39093
105
39224
102
39348
105
39642
99
39856
104
39957
101
41167
32
41393
100
41462
105
41589
32
41976
112
42111
114
42203
111
42774
103
42959
101
43233
116
43372
116
43449
111
43612
32
43766
100
43952
101
44100
108
44269
32
44582
115
44697
105
44811
115
45021
116
45145
101
45222
109
45718
97
46538
59
46741
13
47531
98
47897
8
48247
100
48487
0
48621
41
48879
32
51428
100
51528
105
51652
32
51904
100
52089
101
52394
102
52510
105
52868
110
53022
105
53384
114
53516
101
54880
32
55110
108
55248
101
55340
32
55768
112
55933
114
56059
105
56832
8
56993
111
57219
112
57556
114
57606
105
57813
101
58092
116
58182
97
58492
39
58518
32
58571
100
58736
101
58887
108
59114
32
59486
115
59609
105
59719
115
59927
116
60024
101
60118
109
60300
97
62133
32
62317
100
62471
97
62623
32
63577
118
63769
101
63907
114
64061
105
64230
102
64331
105
64470
99
64817
97
65058
114
65178
101
65363
32
65603
111
65938
112
66062
112
66261
117
66468
114
66588
101
67779
32
68069
103
68371
108
68539
105
68754
32
69071
105
69247
110
69416
100
69516
105
69762
99
69972
105
70599
32
70840
100
70902
105
71141
13
71544
112
71721
114
71829
101
72089
115
72296
116
72420
97
72763
122
72847
105
72967
111
73118
110
73250
101
75617
47
75911
97
76118
102
76272
102
76373
105
76644
100
76798
97
77043
98
77193
105
77392
108
77538
105
77692
116
77918
97
78061
39
79471
32
79727
100
79892
97
79965
32
80203
99
80373
97
80640
108
80930
99
81049
111
81287
109
81722
8
82021
107
82031
108
82161
97
82493
8
82624
8
82721
8
83238
108
83392
97
83531
114
83650
101
83978
46
88850
13
89964
0
90064
76
90277
97
90377
32
90751
115
90905
101
91138
99
91281
111
91435
110
91755
100
91928
97
92363
32
92531
112
92688
97
92839
114
93061
116
93188
101
93338
32
96723
108
96896
97
96957
32
98180
100
98341
101
98730
115
98891
99
99117
114
99194
105
99357
118
99496
111
99668
32
99894
110
00014
101
00183
108
00322
108
00495
97
00606
32
00981
112
01100
114
01254
111
01703
115
01861
115
01973
105
02165
109
02281
97
02795
46
03085
13
