10013
0
10361
65
10516
32
10734
103
10914
101
11037
110
11233
116
11325
105
11524
108
11629
101
11759
32
12136
114
12229
105
12530
99
12645
104
12730
105
12930
101
13152
115
13259
116
13443
97
15601
46
15788
46
15972
46
16118
46
16256
46
22777
13
25519
0
25683
73
25827
79
26093
32
26243
0
26418
83
26517
79
26702
78
26806
79
36093
13
38050
0
38346
67
38516
105
38673
111
38868
32
39248
99
39379
104
39503
101
39564
32
40180
100
40462
97
40728
118
40904
118
41141
101
41316
114
41509
111
41707
32
42367
118
42521
111
42825
103
42917
108
43068
105
43523
111
44809
44
45008
32
45388
116
46474
8
46794
111
47038
116
47168
116
47360
101
47471
110
47686
103
47778
111
49336
46
49584
13
49971
0
50237
67
50423
105
50545
111
51039
39
52255
0
52822
0
53753
39
54343
0
55149
32
56163
99
56293
104
56413
101
56531
32
57023
101
57172
39
57393
32
58283
114
58463
97
58960
103
59113
105
59235
111
59416
110
59570
97
60189
8
60349
101
60741
118
60924
111
61119
108
61299
101
61498
32
61716
112
61907
101
62052
114
62478
115
62677
101
63027
103
63249
117
63325
105
63608
114
63819
101
64655
44
64873
32
65098
112
65282
101
65466
114
65733
115
65913
101
66183
103
66322
117
66445
105
66886
8
67250
111
67623
46
68150
13
68571
0
68765
76
68969
105
69315
98
69465
101
69636
114
69927
111
70148
32
70623
100
70836
97
70998
105
71204
32
71893
100
72130
101
72359
115
72558
105
72893
100
73125
101
73305
114
73493
105
73657
32
73883
118
74244
97
74726
99
74906
104
75509
8
75900
117
76057
105
94956
44
95193
32
95429
100
95598
97
95733
108
95882
108
96047
101
96178
32
96837
105
97066
108
97216
108
97415
117
97823
122
97827
120
98386
8
98524
8
98738
122
98890
105
99036
111
99513
8
99651
8
99793
8
01082
115
01228
105
01319
111
01534
110
01674
105
03163
44
03400
32
03598
100
03748
97
03962
103
04047
108
04221
105
04382
32
04641
111
04953
98
05159
98
05430
105
06357
101
06688
116
06887
116
07131
105
07511
118
07725
105
13216
32
13501
99
13635
104
13911
101
14351
13
15437
110
15602
111
15793
110
15932
32
16149
109
16333
105
16614
32
16900
97
17076
112
17193
112
17357
97
17767
114
18064
116
18240
101
18394
110
18714
103
18848
111
19066
110
19212
111
21245
46
21496
13
21793
0
21983
67
22130
105
22432
32
22687
115
22779
111
22922
110
23038
111
23275
32
23919
99
24129
97
24415
117
24999
8
26058
117
26219
115
26395
101
27398
32
27804
99
27951
104
28089
101
28161
32
28388
110
28564
111
28714
110
28886
32
29402
100
29669
101
30272
118
30410
111
30579
32
30774
100
30851
105
31164
102
31348
101
31524
110
31768
116
32296
8
32422
100
32655
100
33183
8
33328
101
33500
114
33651
101
36899
44
37116
32
37277
99
37393
105
37554
32
37791
115
37879
111
38075
110
38206
111
38386
32
38631
98
38806
97
39032
116
39208
116
39392
97
39643
103
39727
108
39939
105
40115
101
40329
32
40709
99
40862
104
41012
101
41188
32
41436
110
41586
111
41736
110
42022
13
42281
99
42434
111
42667
109
43394
98
43646
97
43924
116
44074
116
44303
101
44417
114
44587
111
44944
39
47143
44
47354
32
47518
105
47725
100
47920
101
48579
101
48865
32
49245
105
49406
110
49539
32
49736
99
50622
117
50732
105
50936
32
51143
110
51307
111
51491
110
51671
32
64014
109
64179
105
64415
32
64686
101
64858
39
65073
32
66218
99
66545
117
66884
110
68563
8
68716
8
69364
111
69604
110
69765
99
69938
101
70242
115
70411
115
70523
111
70662
32
70815
99
71074
114
71261
101
71505
100
71674
101
71861
114
72026
101
72422
46
00336
13
00942
0
01196
83
01487
111
01814
110
01952
111
02117
32
02339
99
02545
111
02982
115
03294
99
03583
105
03805
101
04117
110
04327
116
04541
101
06261
46
06512
32
06681
0
06814
83
06949
111
07153
110
07242
111
07411
32
07648
99
07736
111
07943
110
08211
115
08451
97
09125
112
09328
101
09534
108
09892
8
10056
118
10225
111
10416
108
10536
101
13957
46
14232
13
14615
0
15225
83
15625
99
15892
105
16571
8
17414
111
17652
110
17812
102
17885
105
18146
99
18549
8
18725
103
18859
103
18979
111
19147
32
19312
108
19408
97
19486
32
20102
100
20240
105
20405
115
20690
116
20901
114
21039
97
21732
122
21895
105
22023
111
22211
110
22381
101
24855
44
25081
32
25351
115
25549
99
25649
111
25834
110
26003
102
26103
105
26691
103
26837
103
26945
111
27099
32
27248
105
27401
108
27546
32
27822
100
28017
117
28292
98
28453
98
28652
105
28834
111
29182
46
30116
13
30443
0
30625
76
30867
97
31214
32
32099
115
32260
99
32762
8
32911
116
33102
114
33233
97
33477
100
33646
97
33822
32
33998
99
34129
104
34233
101
34352
32
34525
111
35261
8
35610
104
35745
111
35928
32
36146
100
36284
97
36562
118
36742
97
37002
110
37193
116
37277
105
37447
32
39605
111
39818
114
39964
97
40072
32
40506
101
40704
39
40929
32
41362
114
41508
101
41783
116
41936
116
42142
97
44119
44
44473
8
44796
46
45082
13
45419
0
45549
76
45772
97
45941
32
46283
115
46659
116
46888
114
47057
97
47422
100
47594
97
48692
32
48856
99
49013
104
49174
101
49228
32
50368
104
50499
111
50694
32
51248
100
51496
97
51766
118
52067
97
52323
110
52525
116
52656
105
52968
32
53786
111
54015
114
54206
101
54783
8
54898
97
55082
32
55756
101
55882
39
56120
32
56489
100
56603
105
56830
114
56906
105
57303
116
57468
116
57636
97
57781
39
58707
8
59573
46
60462
13
60876
0
61051
76
61278
97
61407
32
61736
99
61893
111
62421
8
62537
8
62751
118
62888
111
63140
108
63339
111
63583
110
63797
116
63988
97
64444
39
65413
32
65631
99
65707
111
65896
110
66419
116
66542
105
66960
110
67197
117
67551
97
67733
32
67986
108
68101
97
68224
32
68500
116
68699
114
68866
97
69055
109
69254
97
70691
32
71025
100
71239
101
71449
105
71599
32
72956
109
73125
105
73603
101
73794
105
74092
32
74513
103
74643
105
75032
111
75223
114
75588
110
76043
105
77654
44
77849
32
78017
115
78094
111
78275
110
78406
111
78560
32
78717
99
78808
111
78972
110
79260
99
79459
101
79700
110
79868
116
80059
114
80224
97
80465
116
80629
111
81285
13
81707
115
81844
111
82025
110
82647
8
83004
108
83324
111
83553
32
83944
115
84082
117
84421
32
84722
99
84906
117
85237
105
85610
8
85782
8
86524
105
86761
111
87103
39
87324
32
87440
99
87566
104
87691
101
87805
32
88361
102
88541
97
89116
103
89659
8
89801
99
89977
99
90285
105
90439
111
92238
44
99747
32
99920
115
00557
117
00710
32
00844
99
00928
105
01831
111
03275
39
03470
32
03658
99
03807
104
03950
101
04011
32
04710
101
04852
39
05047
32
05744
103
06090
105
06366
117
06692
115
06958
116
07663
111
07885
32
08129
99
08244
104
08402
101
12911
32
13223
105
13374
111
13570
32
13838
102
14045
97
14342
99
14495
99
14618
105
14825
97
17964
46
18245
13
18731
0
19121
69
19336
39
19513
32
19742
103
19910
105
20086
117
20497
115
20673
116
20781
111
20912
32
21439
112
21650
101
21829
114
22066
99
22359
104
22565
101
22802
39
23016
32
23294
108
24372
39
24703
104
24917
111
25301
32
26613
100
26804
101
27102
99
27281
105
27537
115
27640
111
27908
32
28329
105
28504
111
29588
32
29866
100
29942
105
30132
32
30293
99
30407
111
30630
109
30927
117
32027
110
32298
101
32435
32
32658
97
32876
99
33007
99
33183
111
33329
114
33607
100
33748
111
33910
32
35272
99
35395
111
35647
110
35815
32
36142
116
36311
117
36487
116
36661
116
36821
111
37061
32
37214
99
37397
105
37620
111
38800
39
39093
13
39394
99
39649
104
39750
101
39881
32
40257
118
40381
105
40896
118
41117
101
41255
32
41459
105
41616
110
41781
32
41942
109
42156
101
42498
46
43482
13
43794
0
43897
76
44165
97
44222
32
44736
109
44901
105
45285
97
45437
32
45781
118
45938
105
46209
116
46377
97
47557
32
47839
101
47997
39
48173
32
48444
101
48699
116
48894
101
49361
114
49522
110
49739
97
51387
46
51590
32
51770
0
51884
76
52073
101
52173
32
52354
109
52500
105
52646
101
52792
32
52976
101
53250
115
53456
105
53640
115
53839
116
53958
101
54127
110
54681
122
55506
101
55893
32
56251
100
56653
101
56996
118
57195
111
57390
110
57509
111
57723
32
58054
105
58253
109
58769
8
59039
110
59234
115
59441
101
59741
103
59880
110
60045
97
60202
114
60597
109
60751
105
61942
32
62318
113
62480
117
62633
97
62967
108
63257
99
63360
111
63663
115
63906
97
66565
46
67232
13
68642
0
69650
81
69926
117
70026
97
70196
108
70451
99
70559
111
70736
115
70915
97
71045
32
71264
97
71390
112
71553
112
72371
114
72509
101
72685
110
73020
100
73162
111
73399
32
73488
32
74724
111
75018
103
75125
110
75257
105
75426
32
75738
103
75837
105
75977
111
76138
114
76262
110
76385
111
77995
46
78186
32
78377
0
78462
73
78688
108
78842
32
79048
100
79179
105
79344
118
79479
105
79896
110
80204
111
80392
32
80549
101
80641
46
80943
32
81319
8
81465
8
82306
39
82606
32
82813
99
82928
111
83094
110
83247
32
83393
109
83521
101
84628
46
84884
13
86834
0
86986
73
87205
108
87370
32
87735
100
87842
105
88050
118
88203
105
88489
110
88665
111
88845
32
89104
101
89462
39
89661
32
90116
100
90296
101
90438
110
90671
116
90862
114
91001
111
91162
32
91349
100
91422
105
91607
32
91919
109
92205
101
92992
46
93814
13
94001
13
07322
0
07823
77
08062
105
08257
115
08641
111
08972
8
09121
8
09373
115
09537
111
10035
8
10389
8
10965
97
11556
111
12162
32
12448
0
12894
89
13095
105
13275
110
13715
32
14216
0
14413
40
14795
99
14899
104
15019
101
15123
32
15315
110
15434
111
15595
110
15745
32
15902
101
16082
39
16247
32
16454
117
16649
110
16798
32
17012
103
17151
97
17346
116
17477
116
17581
111
18044
32
18363
0
18606
58
18905
45
19145
0
19233
41
20505
0
20763
41
72063
8
