17480
0
17610
78
17818
101
17923
108
18038
108
18169
97
18276
32
18632
115
18793
101
19027
99
19157
111
19303
110
19529
100
19679
97
19840
32
20164
112
20340
101
20630
114
20968
8
21089
8
21322
97
21471
114
21939
116
22077
101
22177
32
22370
100
22531
101
22658
108
22789
108
22928
97
22989
32
23405
116
23570
101
23784
115
23891
105
27088
32
27310
118
27482
101
27647
114
27782
114
28004
97
28150
39
28326
32
28699
99
28814
111
28939
110
29115
102
29492
114
29645
111
30060
110
30206
116
30397
97
30566
116
30731
111
30889
32
31023
105
31177
108
31331
32
31538
114
31672
117
31913
111
32290
108
32542
111
33413
32
33722
100
33872
101
33995
108
34115
108
34299
97
34425
32
34588
116
34764
114
34895
97
35514
100
35932
117
36327
122
36419
105
36520
111
36667
110
36791
101
37079
13
37491
97
37668
117
37836
116
37947
111
38133
109
38290
97
38478
116
38571
105
38766
99
38889
111
39279
8
39424
97
40757
32
41073
100
41177
105
41301
32
42822
109
42987
111
43096
100
43249
101
43339
108
43466
108
43865
105
44027
32
44191
0
44299
85
44694
76
45143
8
45323
0
45476
77
45705
76
46511
32
46725
105
46894
110
47021
32
47564
109
47721
111
47856
100
48021
101
48148
108
48268
108
48437
105
48602
32
49375
105
49555
110
49698
32
49881
0
50168
114
50310
101
50611
116
50731
105
50933
32
51125
100
51171
105
51325
32
51472
0
51557
80
51826
101
51994
116
52209
114
52313
105
53937
46
54121
32
54270
0
54339
73
54487
110
54720
32
54889
112
55039
97
55165
114
55358
116
55466
105
55646
99
55826
111
56010
108
56168
97
56283
114
56445
101
56761
13
58192
118
58372
101
58646
114
58793
114
58977
97
59221
110
59386
110
59589
111
59739
32
59968
99
60102
111
60276
110
60460
115
60570
105
60809
100
60970
101
61127
114
61273
97
61450
114
61899
8
62029
116
62145
105
63092
32
63352
105
63502
32
63693
100
63847
105
64077
97
64306
103
64497
114
64666
97
64918
109
65056
109
65263
105
65443
32
65740
0
65809
85
66050
77
66264
76
67349
32
67797
99
67932
104
68056
101
68162
32
68457
112
68607
101
68700
114
69006
109
69152
101
69373
116
69504
116
69628
111
69948
110
70113
111
70818
32
71633
100
71722
105
71869
32
72098
114
72309
97
72446
112
72616
112
72868
114
73040
101
73266
115
73435
101
73600
110
73727
116
73862
97
74220
114
74362
101
74701
13
75935
103
76012
108
76178
105
76328
32
76478
97
76692
115
76776
112
76909
101
77471
116
77640
116
77767
105
77962
32
78146
99
78254
111
78412
110
78638
112
79019
8
79142
8
79669
109
79830
112
79973
111
80153
114
80333
116
80479
97
80618
109
80764
101
80871
110
81026
116
81190
97
81288
108
81453
105
83537
32
83729
100
83894
101
83982
108
84133
32
84363
115
84473
105
84606
115
84901
116
84966
101
85105
109
85304
97
86190
32
87432
0
87554
40
88325
0
88477
67
88765
111
88987
108
89110
108
89264
97
89459
98
89654
111
89891
114
90056
97
90716
116
90817
105
90924
111
91393
110
91562
32
91987
0
92208
68
92343
105
92634
97
93177
103
93402
114
93564
97
93959
109
94128
32
95019
101
95259
13
95544
0
96375
0
96611
83
96871
116
97033
97
97181
116
97397
101
97913
0
98066
67
98204
104
98435
97
98634
114
98856
116
99100
115
99401
0
99848
41
02036
8
02235
8
02728
0
03032
41
03928
32
05457
112
05996
105
06218
117
06447
116
06601
116
06978
111
07196
115
07459
116
07639
111
07834
32
08003
99
08111
104
08216
101
08288
32
08996
113
09126
117
09292
101
09461
108
09580
108
09760
105
09906
32
10052
115
10229
116
10352
97
10478
116
10581
105
10829
99
10944
105
12750
44
12918
32
13049
101
13146
32
13281
99
13397
104
13483
101
13578
32
13760
118
13936
101
14048
110
14429
103
14520
111
14683
110
14818
111
15531
32
15775
117
16065
116
16181
105
16425
108
16572
105
16861
122
17000
122
17229
97
17428
116
17536
105
17962
13
19068
112
19267
114
19368
105
19597
110
19989
99
20109
105
20459
112
20786
97
20948
108
21313
109
21467
101
21583
110
21736
116
22007
101
22112
32
23354
110
23503
101
23584
108
23720
108
23882
97
23989
32
24148
100
24201
105
24682
8
24817
8
25019
102
25155
97
25490
115
25553
101
25680
32
25879
100
26079
105
26143
32
26762
100
27121
101
27149
115
27534
105
27790
103
27912
110
28908
32
29168
100
29349
101
29494
32
29731
117
29933
110
30101
32
30341
8
30495
8
30633
8
30771
8
30925
8
31366
105
31561
32
31771
117
31973
110
32134
32
32338
115
32475
105
32596
115
32772
116
32918
101
33010
109
33131
97
33285
32
33761
115
33902
111
34705
102
34871
116
35156
119
35336
97
35532
114
35622
101
35917
44
35923
46
36374
8
36569
8
37267
46
38274
13
38609
0
38792
76
39044
97
39116
32
39675
116
39858
114
40003
97
40407
100
40538
117
40892
122
40991
105
41107
111
41235
110
41340
101
42492
32
42940
97
43079
117
43213
116
43314
111
43479
109
43633
97
43907
116
44008
105
44188
99
44349
97
44491
32
44816
112
44954
101
45089
114
45394
109
45548
101
45792
116
45916
116
46183
101
47262
32
47533
100
47641
105
47795
32
48043
100
48170
105
48403
109
48765
105
49365
110
49628
117
49755
105
50060
114
50467
101
50655
32
50892
105
51045
32
51237
116
51394
101
51514
109
51656
112
52086
105
53346
32
53576
114
53676
105
54114
99
54264
104
54417
105
54662
101
54899
115
55105
116
55228
105
55378
32
55528
100
55992
97
56119
108
56250
108
56430
101
56607
13
56927
97
57137
116
57276
116
57380
105
57625
118
57786
105
58004
116
58278
97
58474
39
60301
32
60496
100
60569
105
60717
32
60942
118
61149
101
61257
114
61449
105
61618
102
61737
105
61944
99
62097
97
62251
32
62405
101
62528
32
62690
100
62777
105
62909
32
63529
118
63777
97
63942
108
64167
105
64597
100
64747
97
65075
122
65204
105
65286
111
65414
110
65526
101
66716
32
66912
100
67092
101
67200
108
67327
108
67526
97
67573
32
68079
102
68214
97
68459
115
68654
101
68804
32
68942
100
69050
105
69181
32
69355
100
69591
101
69813
115
70239
105
70517
103
70633
110
71686
32
71863
101
71978
32
72155
100
72243
105
72527
13
73277
109
73450
105
73656
110
73784
105
74243
109
74427
105
74952
122
75090
122
75319
97
75537
114
75714
101
75867
32
76089
103
76174
108
76336
105
76490
32
76670
101
76873
114
77007
114
77086
111
77262
114
77382
105
78752
32
79352
101
79471
32
79678
108
80184
8
80333
8
80461
8
80611
8
81467
47
81764
111
82020
109
82177
105
82407
115
82556
115
82665
105
82783
111
82911
110
83081
105
84255
32
84669
100
84792
117
85082
114
87832
114
87982
97
88092
110
88576
116
88919
8
89058
8
89204
8
89501
8
89779
97
90009
110
90151
116
90395
101
91429
32
91697
108
92092
39
92276
97
92604
116
92742
116
92858
105
93057
118
93131
105
93875
116
94036
97
94159
39
94407
32
94561
100
94645
105
94792
32
94973
109
95157
111
95318
100
95491
101
95569
108
96233
108
96436
105
96824
122
97518
122
97845
97
98245
122
98489
105
98596
111
98728
110
98851
101
99085
13
00218
8
01962
8
02162
8
02616
8
02650
8
02685
8
02720
8
02755
8
02789
8
02824
8
02858
8
03362
97
03847
8
04484
108
04664
97
04992
122
05076
105
05233
111
05328
110
05444
101
05693
46
05945
13
08236
0
08661
68
08843
117
09246
114
09392
97
09514
110
09692
116
09899
101
10028
32
10248
108
10383
97
10467
32
10732
102
10866
111
10997
114
11098
109
11252
97
11659
108
11824
105
12072
122
12218
122
12742
122
13573
8
13699
97
13951
122
14419
105
14541
111
14710
110
14835
101
17527
32
17723
100
17899
101
18000
108
18115
108
18731
8
18975
97
19119
32
19498
8
19648
8
19832
8
20673
108
20812
108
21022
97
21159
32
21382
116
21589
114
21739
97
21979
100
22087
117
22408
122
22800
105
22918
111
23050
110
23178
101
24571
32
24751
100
24931
101
25043
105
25200
32
25517
100
25620
105
25741
97
26171
103
26396
114
26535
97
26658
110
26971
109
27284
8
27430
8
27878
109
28024
109
28162
105
28297
32
28512
0
28518
85
28753
77
28948
76
31695
13
32242
110
32418
101
32523
108
32662
108
32910
101
33033
32
33285
114
33431
101
33679
116
33784
105
33937
32
34137
100
34221
105
34395
32
34586
0
35525
0
35610
80
36151
101
36380
116
36534
114
36634
105
37892
32
38091
112
38267
111
38526
116
38725
114
38887
97
39150
110
39300
110
39491
111
41047
32
41208
105
41351
110
41568
115
41667
111
41902
114
42241
103
42686
101
42892
114
43020
101
45939
32
46244
115
46320
105
46540
97
46724
32
47172
112
47326
114
47434
111
47807
98
48044
108
48273
101
48529
109
48705
105
51194
32
51401
100
51492
105
51617
32
51794
115
52171
8
52332
99
52561
111
52760
110
52989
115
53096
105
53240
115
53458
116
53589
101
53689
109
54226
8
54481
110
54680
122
54924
97
56132
13
56637
116
56802
114
56941
97
57216
32
57373
105
57538
32
57729
100
57917
105
58109
97
58353
103
58545
114
58691
97
58837
109
58983
109
59246
105
59400
32
59712
99
59819
111
59993
110
60400
115
60507
105
60866
100
61043
101
61510
97
61989
8
62111
114
62232
97
62473
116
62577
105
64681
44
64808
32
64950
99
65066
104
65155
101
65251
32
65410
100
65441
105
65585
32
65811
115
65987
99
66178
101
66298
108
66463
116
66609
97
67991
32
68175
100
68247
105
68373
32
68522
105
68672
110
68845
116
69018
114
69369
8
69552
101
69755
114
70211
112
70447
114
70609
101
71023
116
71181
97
71433
122
71524
105
71625
111
71738
110
71824
101
73044
32
73425
110
73548
101
73661
108
74087
8
74357
105
74583
13
74869
99
75053
97
75282
115
75385
105
75555
32
75717
100
75774
105
75903
32
76302
97
76464
109
76753
98
76933
105
77435
103
77721
117
77852
105
78134
116
78288
97
78691
39
80107
32
80332
100
80516
101
80711
108
80876
108
81045
97
81118
32
81530
100
81703
101
81909
115
82101
99
82478
114
82665
105
83201
122
83377
105
83511
111
83612
110
83744
101
83886
32
84058
0
84158
85
84368
77
84567
76
85505
46
85700
13
87304
0
87412
76
87638
97
87701
32
88418
116
88579
114
88733
97
88974
100
89097
117
89376
122
89517
105
89617
111
89730
110
89877
101
89986
32
90223
97
90459
117
90579
116
90699
111
90878
109
91032
97
91284
116
91376
105
91562
99
91753
97
92594
32
93598
112
93896
111
94499
116
94706
114
95071
97
95300
39
95484
32
95649
105
95909
110
96112
111
96299
108
96502
116
96720
114
96942
101
97111
32
97412
103
97615
101
97738
110
97862
101
98079
114
98214
97
98364
114
98684
101
99968
32
00295
109
00490
111
00636
100
00820
101
00936
108
01075
108
01244
105
01386
32
01540
105
01678
110
01828
32
02016
114
02143
101
02365
116
02458
105
02619
32
02796
100
02896
105
03171
13
03540
0
03647
80
03893
101
04088
116
04261
114
04338
105
05476
32
05901
109
06078
111
06262
100
06862
8
07125
108
07437
116
07545
111
07744
32
07951
100
08108
101
08364
116
08510
116
08675
97
08957
103
09066
108
09231
105
09415
97
09750
116
09866
105
12392
44
12546
32
12662
99
12754
111
12882
110
13047
32
13178
115
13297
112
13437
97
13795
122
13898
105
14076
32
14218
100
14410
101
14918
103
15034
108
15196
105
15357
32
15692
115
15891
116
16011
97
16163
116
16246
105
17466
32
17891
100
18000
105
18123
32
18330
103
18518
114
18660
97
19509
110
19659
100
19744
105
19891
32
20105
109
20527
8
20790
100
20882
105
21162
109
21334
101
21488
110
21804
115
21962
105
22114
111
22545
110
22914
105
24183
13
24518
110
24702
111
24840
110
24978
32
25341
102
25502
97
25833
99
25964
105
26368
108
26657
109
26811
101
26930
110
27077
116
27265
101
27400
32
27674
97
27870
110
28020
97
28157
108
28607
105
28972
122
29111
122
29371
97
29747
98
29942
105
30172
108
30333
105
32572
46
32786
32
32921
0
33104
83
33223
105
33356
32
33502
112
33701
114
33802
111
34209
99
34393
101
34652
100
34806
101
35092
114
35246
97
35494
39
36789
32
37090
113
37315
105
37813
110
38027
100
38142
105
38316
32
38673
61
38869
8
39035
8
39180
8
39330
8
39446
8
39626
8
40392
117
40504
105
40669
110
40804
100
40904
105
42158
32
42326
97
42476
108
42626
108
42973
111
43126
32
43356
115
43744
116
43935
117
44221
100
44579
105
44701
111
45193
8
45647
8
45682
8
45717
8
45751
8
45787
8
45821
8
45856
8
46158
8
46311
8
46457
8
46720
99
47531
111
47738
110
47854
32
47992
108
48195
111
48326
32
48510
115
48823
116
48961
117
49213
100
49316
105
49447
111
49746
32
49883
100
49965
105
50219
13
50516
109
50692
101
50967
116
51121
111
51282
100
51451
105
52526
32
52824
98
52992
97
53248
115
53417
97
53688
116
53834
105
53976
32
54364
115
54526
117
54676
108
54814
108
54975
97
55063
32
55245
110
55421
111
55859
122
55988
105
56127
111
56228
110
56523
101
57776
32
57986
100
58094
105
58230
32
58459
101
58730
113
58899
117
59013
105
59407
118
59591
97
59892
108
60064
101
60173
110
60595
122
60922
97
61647
32
61921
100
62082
101
62202
108
62341
108
62483
101
62582
32
62817
114
62982
101
63213
116
63312
105
64667
32
64821
97
64905
108
65053
32
65301
102
65405
105
65601
110
65708
101
66558
13
67033
100
67152
105
67299
32
67525
102
67709
111
67828
114
67967
109
68412
117
68581
108
68768
97
68945
116
69469
8
69573
114
69693
101
70634
32
70843
114
70974
101
71536
103
71637
111
72138
108
72299
101
72421
32
72826
112
72907
101
72995
114
73081
32
73380
111
73968
116
74092
116
74287
101
74464
114
74595
110
74760
101
75004
8
75143
8
75278
8
75597
110
75751
101
75920
114
76085
101
77146
32
78346
109
79154
111
79606
100
79767
101
79905
108
80048
108
80209
105
80385
32
81257
113
81445
117
81913
8
82036
8
82733
101
82955
113
83075
117
83175
105
83443
118
83592
97
83688
108
83912
101
84058
110
84389
116
84482
105
84621
32
84801
116
84977
114
85172
97
85451
98
85926
8
86151
116
86275
116
86440
97
86866
98
87053
105
87445
108
87621
105
88198
46
