31074
0
35001
83
35318
97
35538
98
37809
97
38168
116
38507
111
38635
32
38932
115
39183
99
39446
111
39778
114
40188
115
40409
111
40874
44
41017
32
41331
105
41565
110
41701
32
42346
111
42595
99
42747
99
43105
97
43320
115
43497
105
43656
111
43876
110
44021
101
44174
32
45242
100
45628
101
46115
108
46268
108
46413
97
46558
32
47061
115
47275
101
47596
116
47730
116
48174
105
48344
109
48534
97
48631
110
48749
97
49838
32
50009
100
50265
101
50406
108
50550
108
50732
97
50791
32
51114
99
51490
117
51716
108
51983
116
52361
117
52626
114
52946
97
53793
44
53964
32
56376
104
56555
111
56674
32
57246
118
57541
105
57856
115
58239
105
58484
116
58823
97
59201
116
59418
111
59536
32
61691
8
62628
8
62708
8
62788
8
63299
8
63498
8
63855
8
64325
8
64525
8
65189
13
65911
118
66196
105
66483
115
66689
105
67158
116
67319
97
67445
116
68054
111
68238
32
68541
100
68767
117
69042
101
69168
32
69414
109
69772
117
70173
115
70574
101
70699
105
70880
32
74303
8
75261
0
75424
58
75621
32
75934
105
76112
108
76239
32
76438
109
76684
117
76964
115
77187
101
77347
111
77503
32
77898
101
78453
103
78654
105
79188
122
79428
105
79596
111
79790
32
79999
101
80478
100
80623
32
80823
105
81067
108
81213
32
81601
44
82175
8
82708
109
83011
117
83308
115
83532
101
83972
111
84118
32
84299
100
84508
101
84640
108
84731
32
85144
114
85448
105
87247
115
87478
111
87903
114
88131
103
88388
105
88614
109
88871
101
89014
101
89549
110
89740
116
90414
111
91278
0
91452
0
91607
0
91790
0
92855
8
93432
0
93634
0
93807
0
93981
0
94155
0
94329
0
95765
46
96351
13
97049
0
97523
73
97843
108
98018
32
98169
109
98425
117
98807
115
99040
101
99218
111
99384
32
99975
101
00559
105
01093
122
01360
105
01519
111
02331
8
02510
8
02710
8
02872
8
03063
8
03877
101
04216
103
04464
105
04858
122
05088
105
05257
111
05413
32
06611
101
09115
39
09401
32
10141
109
10499
111
10689
108
10881
116
11089
111
11226
32
11798
98
12092
101
12383
108
12535
108
12754
111
13311
32
13519
109
13653
97
14929
44
15035
32
15402
102
15591
111
15848
114
16305
115
16519
101
16654
32
17135
105
17407
110
17571
32
17844
102
18081
117
20026
122
20472
8
21136
110
21307
122
21519
105
21697
111
21907
110
22089
101
22224
32
22349
100
22530
101
22718
108
22861
108
23025
101
24384
32
25701
97
25953
115
26623
112
26816
101
27240
116
27394
116
27507
97
27801
116
28348
105
28798
118
28924
101
29293
13
30939
99
31240
104
31328
101
31483
32
31691
109
31892
105
32017
32
32188
101
32397
114
32652
111
33581
0
33754
0
34172
0
34558
0
34845
0
35465
0
35535
0
35595
0
35723
0
35728
0
35785
0
35845
0
35905
0
35965
0
36036
0
36937
13
37450
0
37984
8
38369
32
39294
0
40236
32
40781
99
41111
114
41312
101
41594
97
41860
116
42516
111
42653
32
43020
109
43549
8
43739
8
44602
44
44829
32
45122
109
45333
105
45513
32
45852
104
45995
97
46074
32
46806
117
47018
110
47161
32
47497
112
47670
111
48551
39
48772
32
49597
100
49825
101
50227
108
50783
117
51025
115
51293
111
52389
46
53039
32
53514
0
53894
84
54106
114
54417
97
54543
110
54686
110
54803
101
54984
32
55761
113
56102
117
56245
97
56538
108
56833
99
57125
104
57192
101
57404
32
58434
13
59712
115
59990
97
60601
108
60726
97
60835
32
61269
105
61765
110
62228
105
64414
122
64617
105
64692
97
64829
108
64956
101
67976
44
68129
32
69403
105
69528
32
69802
114
69983
101
70293
112
71035
0
71635
0
71705
0
71765
0
71825
0
71885
0
71945
0
72039
0
72095
0
72155
0
72225
0
72285
0
72345
0
72405
0
72465
0
72525
0
72585
0
72645
0
72735
0
72795
0
72862
0
72935
0
72995
0
73055
0
73115
0
73175
0
73245
0
73305
0
73365
0
73616
0
74017
0
74996
99
75242
104
75309
101
75530
32
76215
13
77424
105
77631
110
77767
32
78327
0
78557
0
79246
0
79464
0
80176
8
80979
0
82435
101
82643
114
82898
116
83231
105
83346
32
83647
109
83877
105
84254
32
84523
115
84727
101
84973
109
85771
98
85980
114
86262
97
86491
110
86838
111
87050
32
87566
117
87794
110
87948
32
88640
112
88850
111
89385
39
89569
32
89748
97
89967
109
90102
109
90245
97
90572
115
90697
115
90873
97
91223
116
91508
105
92818
13
95905
8
97253
44
97704
13
98645
115
98869
101
99114
110
99631
122
99905
122
00845
8
01686
97
02420
32
02683
117
02902
110
03083
97
03161
32
05015
99
05222
111
05349
114
06090
110
06366
105
06892
99
07315
101
08242
0
08416
0
08580
0
08735
0
08919
0
09102
0
09640
0
10324
0
10515
34
11071
0
11254
0
11428
0
11584
0
11757
0
11922
0
12105
0
13277
0
13608
34
14364
32
14861
97
15137
100
15410
97
15778
116
15922
116
16093
97
17052
44
17204
32
17526
105
17761
110
17915
32
18904
115
19164
116
19353
97
19610
110
20024
122
20292
101
20585
32
20857
97
22356
32
23136
8
23326
8
23488
8
24405
32
24708
99
24963
101
25191
114
25465
116
25673
97
26004
109
26456
101
26618
110
27724
116
28046
101
29303
8
30286
8
30356
8
30416
8
31704
101
32075
110
32374
116
32631
101
32821
32
33765
112
33987
105
34382
99
34553
99
34685
111
34885
108
35114
101
36442
0
36607
0
36772
0
36936
0
37091
0
37237
0
37402
0
38361
116
38588
114
38852
111
39034
112
39176
112
39331
111
39449
32
40036
0
40238
0
40395
0
40558
0
40695
0
40869
0
41052
0
41553
0
42812
46
43444
13
44964
0
45476
73
45675
108
45868
32
46195
112
46594
101
47381
122
47542
122
47807
111
47963
32
48423
102
48686
111
48973
114
49162
116
49447
101
49592
32
50850
115
51229
111
51514
110
51732
111
51906
32
52078
99
52285
104
52562
105
52703
97
52969
114
53270
97
53480
109
53876
101
54019
110
54378
116
54634
101
54798
32
54958
108
55064
101
55229
32
55614
109
55973
117
56322
109
56474
109
56797
105
57379
101
58058
0
58315
58
58483
32
58710
109
58928
97
59064
32
59357
101
59723
39
59878
32
60329
118
60511
101
61578
114
62804
97
63256
109
63438
101
63553
110
63912
116
64019
101
64164
32
64619
0
65233
40
65762
110
65944
101
66272
108
67548
32
67878
13
68707
115
68931
101
69167
110
69521
115
69723
111
69888
32
70228
100
70466
105
70554
32
70856
101
71130
116
71406
105
71773
99
71981
97
72321
109
72942
101
73084
110
73378
116
73691
101
74576
0
75189
41
75386
32
75744
103
76018
117
76603
8
76915
105
77155
117
77896
115
78213
116
78467
111
78595
32
78814
101
79175
115
79360
112
79551
111
80042
114
80204
114
80395
101
80549
32
81014
115
81548
8
81765
100
81936
101
82641
105
82766
32
83013
99
83314
97
83599
100
83816
97
84166
118
84311
101
84538
114
84898
105
88066
32
88424
100
88613
111
88793
112
88947
111
89103
32
89384
97
89641
118
89833
101
90041
114
90398
108
90592
105
92135
32
93940
13
94326
100
94917
101
95134
112
95334
111
95592
114
95801
116
96157
97
96339
116
96933
105
97114
32
97295
100
97521
97
97677
105
97821
32
98167
108
98415
117
98641
111
00113
103
00293
104
00625
105
00778
32
00996
100
01150
105
01275
32
01572
115
01804
101
02124
112
02296
111
02495
108
02958
116
03252
117
03517
114
03884
97
04416
0
05143
63
05339
32
07018
0
07358
76
07618
101
07809
32
08131
99
08610
114
08829
101
09056
100
09256
101
10314
110
10868
122
11153
101
11297
32
12028
114
12229
101
12454
108
12666
105
13257
103
13533
105
13720
111
14738
115
14952
101
15171
32
16164
100
16412
105
16517
32
16714
112
16926
101
17135
114
19297
8
19525
8
19715
8
22435
8
22662
8
23402
101
23733
103
24015
108
24217
105
24809
13
25643
101
25983
103
26203
105
26736
122
26967
105
27138
32
33244
112
33419
101
33627
114
34006
99
34288
104
34535
101
34985
39
35271
32
35741
110
36088
111
36382
110
36565
32
36829
118
37215
97
37395
108
37802
103
37963
111
38239
110
38456
111
40732
8
41366
8
41436
8
41496
8
41556
8
41616
8
41676
8
43353
0
43925
0
44005
0
44065
0
44125
0
44185
0
44245
0
44305
0
44365
0
44425
0
44515
0
44575
0
44635
0
44695
0
44755
0
45232
0
45414
0
45579
0
46434
97
46625
110
46929
116
47186
105
47515
99
47779
104
47972
105
48143
32
48938
0
50102
104
50441
97
50604
110
50739
110
53859
111
54006
32
54128
108
54309
111
54437
32
54623
115
54939
116
55261
101
56342
115
56868
115
57547
111
57684
32
58275
118
58642
97
58832
108
59498
111
59784
114
59956
101
60119
32
60263
100
60462
101
60594
108
60738
108
60865
101
60942
32
61424
110
61790
111
62024
115
62350
116
62577
114
62787
101
62969
32
63645
13
64301
114
64520
101
64727
108
64985
105
65408
103
65609
105
65768
111
66213
110
66597
111
67212
8
67616
105
67997
0
68638
63
69171
32
72372
0
72630
67
72869
101
73087
114
73352
116
73560
97
73882
109
74306
101
74430
110
74658
116
75092
101
75610
32
76001
115
76197
105
76310
97
76464
109
76775
111
76931
32
78295
112
78507
105
80105
117
80733
39
80944
32
81228
99
81382
105
82290
118
82426
105
82641
108
82843
105
83005
32
83289
100
83488
101
84277
105
84384
32
84694
110
85042
111
85425
115
85723
116
85932
114
86086
105
86221
32
86633
97
87198
110
87361
116
87729
101
88609
110
88743
97
89533
116
90238
105
90437
32
91524
100
91825
97
94847
8
95037
8
96431
100
96666
97
96793
32
97664
117
97901
110
98382
13
99549
112
00162
117
00398
110
00767
116
01181
111
01383
32
02199
100
02399
105
02534
32
02872
118
03027
105
03435
115
03724
116
03875
97
04058
32
04617
0
05126
34
05481
116
05868
101
06208
99
06537
110
06876
111
07051
108
07218
111
07588
103
07808
105
08539
99
08774
111
09409
0
10864
34
11425
44
11606
32
12073
109
12135
97
12338
32
13024
99
13270
101
13479
114
13809
116
13942
97
14264
109
14633
101
14736
110
15032
116
15100
101
15491
32
16576
110
16895
111
17180
110
17344
32
18062
115
18220
105
18371
97
18525
109
18752
111
28046
32
28393
112
28614
105
28821
117
29972
39
30295
32
30486
101
30835
118
31108
111
31270
108
31508
117
31839
116
32032
105
32707
32
35005
0
35655
0
35725
0
35785
0
35845
0
35905
0
35965
0
36025
0
36085
0
36145
0
36235
0
36295
0
36355
0
36415
0
36475
0
36535
0
36595
0
36655
0
36745
0
36805
0
36865
0
36925
0
36985
0
37045
0
37125
0
37185
0
37255
0
37315
0
37375
0
37626
0
37800
0
37983
0
38176
0
39432
0
40255
0
40325
0
40385
0
40445
0
40645
0
40829
0
41003
0
41167
0
41341
0
47574
0
48087
0
48772
8
49450
8
49526
8
49586
8
49646
8
49706
8
49945
8
50126
8
50298
8
50469
8
50622
8
51619
0
52525
0
52605
0
52665
0
52725
0
52785
0
52845
0
52905
0
52965
0
53025
0
53105
0
53165
0
53225
0
53285
0
53345
0
53405
0
53465
0
53525
0
53615
0
53675
0
55036
0
55219
0
56261
0
57405
0
58056
34
60277
109
60532
111
60761
114
61025
97
61159
108
61369
109
61560
101
61673
110
62017
116
62094
101
62504
0
63088
34
63488
46
