14530
72
16230
79
16382
32
16610
76
16890
69
17110
84
17230
84
17771
79
17910
32
18360
76
18970
222
19540
85
19750
76
20010
84
20210
73
20412
77
20595
79
20720
32
21030
76
21490
73
21960
66
22190
82
22520
79
22690
32
22930
85
23220
83
23460
67
23690
73
23940
84
24300
79
24440
32
24690
78
24871
69
25150
76
25270
76
25449
65
25532
32
25726
83
25892
69
26150
82
26350
73
27550
69
27710
32
32810
8
33770
8
37340
78
37420
69
37820
76
37980
76
38070
65
38190
32
38393
67
38602
79
38800
76
38930
76
39100
65
39370
78
39500
65
39630
32
39898
68
40100
73
40230
32
40450
82
40650
69
41700
80
41980
85
42460
66
42841
76
43030
73
43410
67
43550
65
43690
32
45740
222
46010
73
46370
32
46860
67
47430
75
47780
8
48080
76
48390
65
48620
83
48750
83
49010
73
49330
67
49540
73
49650
32
51400
68
51670
69
52340
76
52510
32
53000
78
53330
79
53740
86
53890
69
54730
67
54970
69
55430
78
55650
84
56131
79
56760
222
57150
59
57390
32
61720
76
62010
65
62920
8
63100
8
64010
8
74340
8
75250
32
75400
73
75636
78
75980
84
76200
73
76470
84
76690
79
76850
76
77100
65
77370
84
77800
79
77940
32
78383
76
78500
65
78670
32
80540
37
80730
37
80890
37
81620
222
81910
39
82120
39
82620
32
82960
70
83200
65
83383
84
83510
84
83915
79
84111
82
84318
73
84480
65
84710
32
85030
68
85220
69
85781
71
86130
76
86361
73
86500
32
86660
65
86950
78
87310
73
87550
77
87720
65
88131
76
88390
73
89080
222
90130
190
90240
32
90740
68
90920
69
91830
86
92170
79
92340
32
93320
67
93630
79
93940
78
94210
70
94320
69
94510
82
95020
8
95220
83
95710
65
95871
65
97771
8
97920
8
98771
83
98980
65
99140
82
99270
69
99458
32
00570
67
00760
72
00842
69
00990
32
02871
69
03570
222
03730
32
03940
85
04150
78
04410
79
04700
32
04871
68
05030
69
05236
73
05372
32
05754
80
06600
8
06760
8
06932
8
07500
76
07640
76
07851
69
07956
32
08560
80
08790
73
08972
85
09560
222
09771
32
10180
66
10330
69
10690
76
10830
76
10940
69
11070
32
11273
67
11464
79
11812
83
12000
69
12100
32
12407
67
12565
72
12682
69
12788
32
13761
72
14180
79
14310
32
14490
77
14685
65
14878
73
15253
32
15410
76
15620
69
16160
84
16320
84
16490
79
18230
190
18383
32
20940
49
22470
57
22830
56
23341
52
23350
53
23940
8
24960
188
25050
32
25570
76
27470
222
27900
65
29190
76
29390
84
29681
82
29888
79
30910
32
31940
76
32130
73
32440
66
32821
82
33020
79
33170
32
33503
70
33643
65
33990
77
34210
79
34440
83
34620
79
34771
32
35330
68
35590
73
35700
32
36101
71
36390
69
36870
79
36990
82
37216
71
37318
82
37471
32
38170
79
38670
82
39160
87
39350
69
39610
76
39750
76
39930
32
40871
87
42010
8
44040
37
44783
37
44960
37
45250
39
45850
8
45930
69
46390
39
47760
188
47930
32
49340
69
50140
222
50270
32
50709
80
50930
85
51207
82
51410
69
51540
32
52320
77
52530
79
52751
76
53180
84
53400
79
53580
32
55760
8
56949
32
57190
83
57420
67
57871
82
58090
73
58249
84
58455
84
58654
79
58789
32
59065
77
59270
79
59450
76
60230
84
60450
79
60585
32
60860
66
61010
69
61160
78
61290
69
61941
32
62540
8
62841
188
63020
32
63220
77
63401
65
63620
32
64210
77
64530
65
64730
78
65450
67
65760
65
65910
32
67060
68
67370
73
67520
32
67811
81
68230
85
68510
69
68771
76
68920
76
69088
65
69207
32
70470
86
70590
69
72010
78
72170
65
72310
32
73160
73
73350
82
73620
79
74070
78
74300
73
74690
67
74850
65
75010
32
75163
69
75292
32
78830
77
79090
73
79290
83
79520
69
79751
82
79980
73
80320
67
80490
79
80771
82
81020
68
81210
73
81383
79
81718
83
82231
79
83190
8
83291
65
87390
32
87780
67
87990
72
88080
69
88230
32
88750
80
88831
69
89000
82
89319
86
89460
65
89680
83
90420
8
90520
68
90720
69
90949
32
96370
8
98841
32
99710
76
99821
69
00490
32
01120
83
01670
84
01850
79
02120
82
02287
73
02531
69
02710
32
03670
8
04871
65
04990
32
05288
83
05624
84
05890
79
06180
82
06370
73
06542
65
06688
32
06883
68
07050
69
07280
76
07430
76
07520
65
07660
32
08890
82
09180
73
09600
86
10000
79
10170
76
10390
85
10666
90
10970
73
11130
79
11382
78
11498
69
12140
32
12389
65
12750
78
13450
73
13680
77
13780
65
13950
76
14060
69
15010
190
15060
32
18320
69
18520
222
18750
32
19620
85
19841
78
20020
32
20320
76
20549
73
20990
66
21270
82
21540
79
22611
32
23320
80
23510
79
23680
76
23909
73
24170
84
24520
73
24872
67
25050
79
25237
32
25560
67
25710
69
25956
82
26250
8
26460
8
26670
8
26871
8
27550
190
27890
8
28170
188
28334
32
28753
67
28839
69
29030
82
29220
84
29550
65
29900
77
30160
69
30284
78
30522
84
30670
69
32060
188
32180
32
32540
77
32631
65
32850
32
33841
80
33960
69
34510
78
34780
83
35050
79
36382
32
36670
67
36860
72
36960
69
37100
32
39040
37
39650
37
40460
39
41240
39
41420
39
42390
83
42580
73
42700
32
42897
80
43086
79
43314
83
43480
83
43620
65
43780
32
43946
68
44104
69
44319
70
44518
73
44715
78
44898
73
45087
82
45268
69
45382
32
45593
85
45776
78
45860
32
46410
76
46600
73
47460
66
47620
82
47883
79
48010
32
48740
68
48990
73
49110
32
49431
83
49710
73
50970
78
51240
73
51871
83
52080
84
52290
82
52480
65
53420
37
54500
37
56020
222
56970
35
57750
37
57920
37
58530
222
60620
59
62220
8
63080
38
63330
39
64050
37
65050
39
66500
32
67410
80
67690
73
68220
8
69190
79
69370
73
69762
67
69922
72
70240
69
70900
222
71080
32
71280
76
71420
65
71560
32
72370
78
72810
79
73030
83
73237
84
73410
82
73490
65
73640
32
75130
37
76640
79
77090
71
77350
78
77580
73
77710
32
80320
67
80470
79
80740
83
80920
65
81010
32
81200
68
81364
69
81540
76
81690
76
81829
65
81947
32
83410
32
84200
78
84550
79
84780
83
85430
84
85630
82
85740
65
85930
32
86410
86
86771
73
86990
84
87114
65
87276
32
87780
69
88882
8
90054
8
90908
8
91460
76
91550
65
91660
32
91906
82
92120
73
92440
86
92690
79
92850
76
93090
85
93551
90
93780
73
93947
79
94150
78
94260
69
94383
32
94760
69
94970
222
95160
32
95500
85
95698
78
95782
65
95910
32
96170
67
96611
8
97090
222
97590
67
98970
8
00290
67
00510
79
00728
83
00909
65
01860
222
02130
32
02310
80
02480
79
02680
76
02890
73
03183
84
03620
73
03920
67
04040
65
05480
46
06390
46
07302
46
08883
46
10594
46
11464
46
11630
46
11820
46
13040
188
13240
32
13410
77
13542
65
13649
32
13900
67
14050
69
14248
82
14550
84
14730
65
15730
78
16301
8
17072
8
17920
77
18760
8
22810
77
23020
65
23174
32
24390
73
25270
8
26131
86
26430
8
26775
78
27010
79
27259
78
27371
32
27841
85
28230
78
28370
32
29131
76
29330
73
29620
66
29883
82
30250
79
30420
32
30556
68
30804
73
30987
32
32060
37
32864
39
33030
39
34190
37
34350
37
35320
80
35580
73
35761
85
37520
222
37600
32
38170
72
38221
67
38800
8
38960
8
39346
67
39640
72
39771
69
39920
32
41910
35
42400
32
43110
67
43290
79
43640
78
43841
68
44040
65
44228
78
44372
78
44486
65
44588
32
48000
80
48130
69
48335
82
48540
32
48700
76
48841
65
48986
32
49421
82
49680
73
50049
86
50430
79
50900
76
51130
85
51600
90
51830
73
52010
79
52220
78
52337
69
52586
32
53101
57
54210
222
54640
32
55310
8
55480
8
56080
79
56239
32
56510
77
56883
69
57210
72
57610
8
57790
71
57980
76
58184
73
58342
79
58480
32
59390
80
60230
69
60410
82
60510
32
60660
76
60813
65
60939
32
61340
82
61594
73
61890
86
62190
79
62383
76
62753
85
63100
90
63340
73
63490
79
63690
78
63810
69
63935
32
64090
68
64810
73
64940
32
65120
79
65507
84
65630
84
66120
79
66500
66
66740
82
66850
69
67320
48
72510
38
72890
38
73080
39
75680
39
75883
39
76180
37
76970
8
77150
8
77300
8
77458
8
78090
40
78440
40
78640
40
79070
32
79400
69
79530
32
80150
85
80360
78
80470
32
81080
76
81250
73
81771
66
81940
82
82210
79
82350
32
82550
67
82709
72
82821
69
82964
32
83260
67
83400
69
83716
76
83897
69
84800
66
85020
82
85140
65
85275
32
86010
85
86360
8
86620
73
86780
76
86961
32
87205
86
87370
65
87660
76
87830
79
88110
82
88160
69
88300
32
88980
68
89110
69
89350
76
89490
76
89630
65
89767
32
90170
77
90390
69
90670
77
90920
79
91210
82
91400
73
91570
65
91750
32
93050
69
93210
32
93920
8
94550
222
95061
32
95600
76
95661
65
95830
32
96040
83
96280
85
96420
65
96567
32
97740
73
98020
77
98248
80
98470
79
99530
82
00190
84
00340
65
00680
78
01080
90
01190
65
01330
32
07790
38
08030
37
09320
222
09460
32
09810
67
09920
69
10119
82
10340
84
10470
65
10700
77
10895
69
11045
78
11283
84
11361
69
11460
32
12930
40
16150
39
18720
78
18830
69
19166
76
19310
76
19440
69
19500
32
22180
8
22410
8
24640
69
24750
32
24970
82
25170
69
25340
76
25668
65
26140
90
26443
73
26609
79
26871
78
27050
73
27190
32
30350
65
31710
8
33530
37
34334
37
34501
37
34871
37
35350
39
35550
37
36290
39
36882
8
37050
65
37320
76
37440
76
37871
222
38250
73
38450
78
38710
84
38800
69
39011
82
39370
78
39561
79
39574
73
40500
8
40710
32
41790
68
43050
35
43920
85
44090
77
44200
65
44340
78
44682
69
45570
190
46289
32
50440
38
50620
39
51480
37
52500
8
53900
35
60760
38
60921
38
61090
38
61240
38
61390
38
61680
37
63561
39
64530
85
64750
78
64890
32
65360
80
65575
79
65773
222
78070
40
80740
83
80900
79
81120
76
81288
79
81463
32
82160
76
82350
65
82480
32
82860
68
83090
73
85240
77
85510
69
85628
78
85883
84
86230
73
86520
67
86700
65
86970
78
87270
90
87490
65
87630
32
87833
68
87839
83
88280
8
88610
69
89210
76
89360
76
89590
69
89782
32
90440
37
91530
8
93030
80
93180
79
93480
67
93780
65
93920
32
94070
68
94830
8
95530
77
95620
69
95804
77
96027
79
96311
82
96530
73
96740
65
98010
35
00710
67
00910
76
01400
65
01640
83
01771
83
01958
73
02109
32
02680
80
02883
73
04100
85
04570
222
04750
32
05520
83
05800
84
06139
85
06830
80
07031
73
07212
68
07370
69
07490
32
08280
80
08420
69
08620
82
09360
77
09510
69
10028
84
10160
84
10241
69
10340
32
10860
65
11310
8
12140
76
12260
65
12370
32
12556
80
12968
82
13150
69
13460
83
13930
65
14170
32
14810
68
14970
69
15187
76
15346
32
16290
80
16440
79
16754
84
16831
69
17010
82
17190
69
17290
32
18140
68
18382
65
18530
32
18940
80
19090
65
19374
82
19590
84
19710
69
19821
32
20500
68
20659
69
20899
76
21041
76
21173
69
21280
32
21660
67
21910
76
22570
65
22920
83
23060
83
23240
73
23384
32
23970
83
24180
69
27530
8
28560
8
29221
8
29411
8
30230
65
30360
32
30658
67
30890
76
31140
65
31420
83
31554
83
31744
69
32049
32
32300
83
32480
69
32750
78
33170
90
33400
65
33860
32
34010
83
34294
67
34301
68
35040
8
35320
82
35540
85
35980
80
36160
79
36365
76
36570
73
37700
190
37800
32
42080
69
42360
222
42500
32
42949
80
43170
69
43350
82
43440
32
44100
81
44290
85
44502
69
44730
83
44890
84
45270
79
45431
32
45620
67
45835
72
45920
69
46057
32
46254
76
46441
65
46610
32
47400
67
47690
85
47880
76
48120
84
48811
85
48824
82
49120
65
50131
188
50310
32
50680
73
50890
78
51130
84
51222
69
51600
83
51780
65
51923
32
52910
67
53140
79
53383
77
53540
69
53817
32
54130
83
54420
84
54640
79
54920
82
55100
73
55290
65
56780
32
56920
69
57062
32
57460
81
57780
85
58990
8
59970
85
60120
73
60330
78
60590
68
60740
73
60890
32
61052
65
61390
78
61620
67
62000
72
62090
69
62200
32
63010
67
63220
79
63460
77
63570
69
63836
32
64200
83
64430
67
64612
73
64785
69
64968
78
65410
90
65690
65
66610
188
66790
32
67250
69
67420
222
67610
32
67830
76
69070
222
69580
85
69850
78
70064
73
70740
67
70950
79
71110
32
71262
83
71517
84
71643
82
71990
85
72190
77
72356
69
72467
78
72665
84
73160
79
73320
32
74410
67
74600
72
74700
69
74860
32
75883
76
76120
85
76550
8
76790
222
77200
85
77530
79
77830
77
78060
79
78240
32
78633
72
78780
65
78873
32
79471
80
79570
69
79750
82
79873
32
80274
68
80720
73
81231
70
81340
69
81667
78
82080
68
82230
69
82420
82
82610
69
82746
32
83230
76
83330
65
83450
32
83618
80
84050
82
84510
79
84720
80
85280
82
85450
73
85658
65
85844
32
86130
76
86390
73
86740
66
86931
69
87120
82
87374
84
88540
65
88680
222
89610
190
