36567
38
37017
73
37237
76
37457
32
38247
8
38397
8
38547
8
39247
73
39447
76
39687
32
41367
67
41547
65
41947
77
42417
80
42637
73
42787
79
43043
78
43227
65
43646
84
44097
79
44257
32
44427
68
44621
69
44758
76
44887
32
45047
77
45257
79
46017
78
46177
68
46449
79
46597
32
46867
68
47075
73
47210
32
47533
67
47747
65
48107
76
48397
67
48751
73
48901
79
49068
32
49407
69
50117
0
51046
8
52267
222
52427
32
53657
79
53877
82
54090
77
54246
65
54382
73
54518
32
54737
68
54957
73
55417
86
55669
69
55954
78
56157
84
56267
65
56411
84
56757
79
56898
32
57077
83
57227
79
57387
76
57552
79
57696
32
58084
85
58327
78
58477
32
58837
71
59187
73
59497
71
59647
65
59787
78
60011
84
60187
69
60446
83
60733
67
60924
79
61083
32
61238
69
61597
66
62007
8
62307
86
62447
69
62587
78
62923
84
63122
79
63265
32
64197
67
64377
79
64617
77
64767
77
64937
69
65107
82
65457
67
65669
73
65827
65
65957
76
66152
69
66737
190
67757
32
69747
8
70467
32
70997
79
71387
32
71677
8
71907
8
72527
73
72677
79
72837
32
73407
78
73627
73
74497
8
75117
79
75327
78
75487
32
75737
83
75918
79
76147
78
76342
79
76493
32
76769
70
76937
65
77169
78
77425
65
77553
84
78017
73
78247
67
78437
79
78603
32
83727
37
84587
39
85747
85
85937
78
86393
32
87377
35
88357
68
88557
69
88647
76
88838
32
89098
86
89527
8
89677
67
89938
65
90157
76
90847
67
91047
73
91205
79
91468
32
92857
8
93727
190
94366
8
94687
188
94927
32
95206
77
95330
65
95492
32
96157
8
96317
8
96486
8
96660
8
96866
8
97637
32
97887
77
98048
65
98467
188
98657
32
99137
76
99339
79
99514
32
99827
67
99987
79
00217
78
00487
70
00687
69
00997
83
01144
83
01304
79
02597
188
02797
32
03127
65
03297
77
03557
79
03717
32
04037
86
04157
69
04347
68
04497
69
04669
82
04837
69
04927
32
05907
76
06037
69
06177
32
06617
80
06777
65
07027
82
07187
84
07657
79
07997
8
08287
73
08467
82
08857
8
08997
84
09208
69
09329
32
09977
68
10127
69
10330
76
10472
76
10611
65
10741
32
10985
78
11141
65
11669
90
11907
73
12057
79
12367
78
12527
65
12764
76
13197
69
14467
59
14717
32
15557
84
15817
73
16207
70
16397
79
16586
32
17097
77
17197
69
17401
68
17585
73
17780
65
17933
77
18201
69
18360
78
18622
84
18967
69
19076
32
19787
80
19907
69
20108
82
20340
32
20477
85
20686
78
20858
65
20996
32
21197
83
21437
67
22247
8
22536
81
22767
85
22867
65
23297
68
23497
82
23757
65
23907
32
24107
68
24337
73
24477
32
24709
67
24925
76
25217
85
25687
66
26126
188
26297
32
26497
77
26677
65
26807
32
27067
82
27247
73
27557
69
27837
83
28407
67
28547
79
28746
32
28891
65
29038
32
29184
83
29697
79
29857
80
30267
82
30367
65
30567
86
30725
86
31237
73
31617
86
31777
69
31957
82
32154
69
32243
32
32777
84
32957
82
33065
65
33417
78
34117
81
34397
85
34547
73
34777
76
34927
76
35097
65
35411
77
35616
69
35903
78
36677
84
36797
69
36877
32
37101
83
37867
8
39657
76
39887
65
40027
32
41447
8
42377
8
42627
8
43077
83
43287
69
43367
32
43674
76
43788
65
43935
32
44074
68
44226
79
44487
77
44643
69
44738
78
45177
73
45357
67
45597
65
45677
32
46098
80
46247
79
46487
77
46633
69
46816
82
47127
73
47497
71
47647
71
47867
73
48023
79
48190
32
48538
78
48847
79
49062
78
49230
32
49609
83
49757
79
49967
78
50157
79
50324
32
50526
65
50677
32
50957
67
51171
79
51384
78
51567
79
51817
83
52017
67
52175
69
52447
78
52757
90
52898
65
52967
32
53173
68
53323
69
53467
76
53626
32
54016
8
54277
73
54437
32
55087
82
56487
8
56669
8
56817
8
56967
8
58086
73
58237
32
58457
82
58677
73
58980
83
59227
85
59427
76
59719
84
59811
65
59947
84
60467
73
60627
32
60847
68
61257
69
61477
76
61648
76
63177
8
63567
32
63957
67
64077
65
64417
77
64737
80
64937
73
65104
79
65307
78
65377
65
65577
84
65967
79
66157
32
66266
68
66426
73
66585
32
66812
67
66929
65
67186
76
67627
67
67837
73
68007
79
69177
190
69377
32
71247
82
71837
73
72547
67
72777
79
73007
82
73247
68
73439
79
73606
32
74047
67
74247
79
74478
78
74574
32
75207
85
75397
78
75492
65
75595
32
79577
8
79757
8
79944
8
99037
8
02487
68
02637
79
02814
76
03197
67
03297
69
03727
90
03866
90
04037
65
04130
32
04303
73
04454
32
04817
67
05057
65
05182
77
05417
80
05617
73
05769
79
05974
78
06098
65
06887
84
07177
73
07357
32
07587
68
07867
73
08017
32
08269
67
08434
65
08715
76
09177
67
09406
73
09549
79
09716
32
09887
68
10029
69
10367
76
10588
32
10782
49
11187
57
11807
56
12787
50
13097
188
13297
32
14817
8
14877
8
15082
8
16157
51
16567
8
16717
50
17697
59
17887
32
18737
73
18867
32
19053
77
19717
8
19877
8
20047
8
29977
83
30146
84
30336
82
30391
65
30675
83
31437
8
32377
68
32557
69
32637
32
33437
85
33627
78
33767
32
34034
65
34457
84
34587
84
35067
73
35287
77
35484
79
35669
32
35847
80
36036
82
36275
73
36504
77
36652
65
36774
32
37177
68
37367
69
37669
83
38097
82
38627
8
38767
69
38987
82
39707
84
39977
69
40137
32
40287
69
40407
32
40877
85
41077
78
41248
32
41394
65
41957
84
42097
84
42350
73
43067
77
43237
79
43467
32
45987
68
46197
79
46379
80
46520
79
46743
32
47387
83
47577
84
47687
65
47787
82
48417
78
48771
8
48927
66
49067
66
49444
79
50877
67
51057
67
51417
65
51607
78
52147
84
54027
37
55117
39
55767
8
56417
39
57497
73
57669
32
57825
68
58017
73
58177
32
58447
71
58577
69
58736
78
58982
84
59075
69
59157
32
62247
68
62447
69
62937
67
63147
73
63495
83
63677
65
63757
32
65147
65
65337
32
65587
70
65867
65
66057
82
66226
32
66726
85
66918
83
67177
67
67447
73
67669
82
67877
69
67957
32
73107
68
73387
65
73556
76
73787
32
75677
8
76377
76
76507
76
76647
65
76757
32
77101
71
77517
79
77697
76
77861
65
78047
32
79707
84
79967
85
80287
84
80436
84
80569
65
80644
32
81072
76
81187
65
81309
32
82237
71
82697
73
82867
79
83467
73
83547
65
83697
32
85367
67
85507
72
85587
69
85712
32
90257
65
90427
86
90567
69
90727
86
90994
65
91477
78
91737
79
91936
32
93127
65
93417
67
93559
67
93937
85
94277
77
94466
85
94697
76
94877
65
95067
84
95208
65
95827
8
96517
79
97127
190
97356
32
04247
76
04477
69
04577
32
05457
8
05627
8
05773
8
06397
73
06997
32
07357
57
07507
48
07647
32
08147
8
08337
8
08483
8
09567
78
09857
79
10306
86
10437
65
10599
78
10844
84
10969
65
11020
32
11727
77
11885
73
12059
78
12241
85
12486
84
12877
73
13027
32
13177
68
13358
69
13518
76
13644
76
13815
65
13941
32
14190
80
14368
65
14597
82
14747
84
15125
73
15347
84
15487
65
15613
32
16747
82
16937
73
17227
67
17455
79
17687
82
18057
68
18287
65
19427
86
19546
65
19730
78
20057
79
20217
32
22347
76
22467
65
22587
32
23547
67
23810
65
24237
82
24387
73
24767
67
24887
65
24987
32
26507
68
26687
73
26830
32
27527
8
28161
8
28328
8
28494
8
28643
8
29347
73
29607
76
29877
32
30337
84
30686
69
30997
77
31197
80
31386
79
31513
32
31684
68
31852
73
32011
32
32627
82
32807
73
33162
67
33307
65
33447
82
33854
73
34127
67
34247
65
34349
32
34588
68
34812
73
35017
32
35169
85
35365
78
35521
65
35643
32
35872
80
36077
73
36236
76
36359
65
36847
59
37007
32
37169
65
37297
76
37471
32
37747
84
37867
69
38078
82
38341
77
38531
73
38681
78
38863
73
39317
8
39587
87
39736
69
40057
8
40215
8
40767
69
40877
32
41037
68
41254
79
41977
86
42087
69
42566
86
42918
73
43067
32
43210
80
43437
69
43620
82
43732
32
43952
70
44119
79
44444
82
45097
90
45267
65
45367
32
48337
83
48467
70
48887
79
49407
71
49537
65
49682
82
49847
69
49937
32
50332
84
50637
85
51137
84
51277
84
51907
69
51987
32
52177
76
52277
69
52398
32
52657
69
53072
78
53387
69
53567
82
53785
71
54007
73
54247
82
54638
8
54797
69
55357
32
56207
67
57147
72
57627
69
57787
32
58116
83
58307
73
58476
32
58727
69
58925
82
59287
65
59567
78
59816
79
60077
32
60217
65
60597
67
60747
67
60918
85
61137
77
61327
85
61800
76
61907
65
62107
84
62496
69
62597
32
62777
68
63041
65
64807
86
64957
65
65507
78
65697
84
65929
73
66065
32
66195
65
66372
76
66547
32
66782
84
66996
69
67127
76
67288
69
67766
86
68197
73
68657
83
68857
79
69168
82
69340
69
69596
190
70007
32
71127
79
71689
71
72161
73
72687
8
73467
71
73857
73
74027
32
74587
8
76967
8
77147
8
77317
8
77480
8
91407
79
91777
82
92067
65
92197
32
94217
8
94397
8
94567
8
94757
8
95547
80
95727
69
96099
78
96327
83
96536
79
96719
32
96922
67
97057
72
97174
69
97300
32
97586
68
97794
79
97952
80
98094
79
98253
32
98597
81
98927
85
99116
69
99297
83
99464
84
00067
222
00187
65
00607
78
00747
78
01039
79
01214
32
01440
81
01707
85
01837
65
02029
76
02417
67
02561
79
02861
83
03026
65
03156
32
03287
83
03439
73
03554
65
03660
32
04087
67
04396
65
04556
77
05467
66
05787
73
05887
65
07047
84
07267
79
08367
59
08587
32
09066
73
09234
32
10347
83
10507
73
10837
8
11097
79
11263
76
11527
68
11727
73
11922
32
13497
83
13707
79
13918
78
14107
79
14263
32
14402
69
14762
78
14987
84
15237
82
15601
65
15865
84
16297
73
16447
32
16635
84
16696
65
17104
76
17487
77
17687
69
17767
78
17991
84
18046
69
18141
32
19057
71
19247
82
19443
65
21307
8
21507
8
21669
8
22527
8
22707
8
22837
8
23425
8
23607
8
24427
84
24537
82
24984
79
25127
79
25316
80
25490
79
25657
32
25901
73
26083
77
26274
80
26647
79
27147
82
27287
84
27671
65
29227
78
29457
84
29857
73
30027
32
30392
80
30567
69
31977
82
32087
32
32215
73
32397
76
32588
32
32862
65
33597
8
33967
67
34107
65
34385
76
34653
67
34844
73
34987
79
35267
188
35437
32
35869
80
36057
73
36227
85
36717
222
36898
32
37697
68
37877
69
38047
76
38181
76
38273
69
38394
32
39247
69
39548
77
39737
79
41307
90
41517
73
41657
79
41890
78
42077
73
42557
190
