41074
0
41371
73
43063
110
43199
32
43471
113
43784
117
44021
101
44224
115
44364
116
45086
101
45726
8
46072
111
46199
32
46725
98
46990
114
47106
101
47473
118
47599
101
47671
32
47971
116
48096
101
48673
115
49530
116
49794
111
49950
32
50131
100
50321
101
50642
100
51019
8
51157
115
51372
99
51645
114
51922
105
52306
118
52487
101
52677
114
53118
111
53514
39
53688
32
53867
108
54021
97
54135
32
54486
116
54667
114
54932
97
55158
109
55274
97
55428
32
55833
100
55996
105
56121
32
56423
117
56659
110
56805
32
57096
102
57325
105
57550
108
57778
109
58291
0
58519
58
60488
32
60963
0
61051
34
62100
0
62199
67
62531
97
63692
114
63909
108
64195
105
64459
116
64723
111
65994
39
66425
115
66911
13
67926
119
68129
97
68638
121
69374
0
69602
34
70169
46
70661
32
72227
0
72579
73
72805
108
72999
32
73253
102
73492
105
73688
108
74001
109
74173
32
74799
112
74971
97
75293
114
75500
108
75701
97
75865
32
76046
100
76293
105
76408
32
76607
117
77264
110
77427
32
82226
101
82551
120
84385
45
85040
115
85205
112
86152
97
86307
99
86824
105
86977
105
87921
97
88476
116
88740
111
89015
114
89206
101
89388
32
89560
100
89676
105
89811
32
90523
100
90664
111
91212
8
91391
114
91562
111
93013
103
93212
97
94987
0
95616
0
95685
0
95745
0
95805
0
95865
0
95925
0
95985
0
96045
0
96104
0
96174
0
96235
0
96404
0
96652
0
97441
0
98354
8
99962
99
01028
0
01782
32
02178
99
02433
104
02586
101
02701
32
02899
115
03224
99
03452
101
03708
32
04738
8
04937
8
05099
8
05272
8
05444
8
05549
8
05758
8
05902
8
06100
8
07541
44
07749
32
08393
112
09893
8
10846
99
11277
111
11581
110
11781
100
12054
97
12310
110
12454
110
12597
97
12816
116
13331
111
13524
32
13759
97
13942
32
14392
116
14545
114
14839
101
15046
110
15837
8
16002
8
16170
8
16574
8
17136
13
17586
116
17712
114
17940
101
18147
110
18413
116
18621
97
18842
32
19103
97
19546
110
19895
110
20236
105
20361
32
20570
100
20752
105
20877
32
21122
99
21311
97
21465
114
21742
99
21913
101
22111
114
22339
101
22456
32
23467
8
23779
44
23932
32
24168
99
24376
104
24484
101
24602
32
24847
101
25402
115
25702
99
26313
101
26475
32
26740
100
26984
111
27155
112
27318
111
27484
32
27808
115
28010
111
28201
108
28437
111
28621
32
29548
99
29823
105
30095
110
30667
113
30887
117
31086
101
31259
32
31513
97
31797
110
31931
110
32254
105
32425
32
40012
97
40175
32
40412
99
40863
97
41212
117
41463
115
41695
97
42754
13
43169
100
43378
105
43522
32
43683
117
44070
32
44400
118
44648
105
45022
122
45309
105
45496
111
46743
32
48302
0
48822
0
48885
0
48945
0
49005
0
49075
0
49165
0
49235
0
49304
0
49953
0
50247
0
51907
110
52094
0
52511
0
52703
0
52886
0
53097
0
53280
0
53491
0
54628
112
54933
114
55205
111
55603
99
55769
101
55974
100
56182
117
56400
114
56720
97
56901
108
57064
101
58531
46
65617
32
69808
0
70023
76
70273
97
70567
32
70827
115
71180
116
71388
111
71618
114
71791
105
71960
97
72143
32
73746
115
73952
105
76389
32
76901
115
77348
118
77605
105
77811
108
78048
117
78461
112
78613
112
78740
97
78904
32
79069
115
79320
117
79466
32
79917
99
80804
111
81024
109
81205
101
81387
32
81540
100
81970
111
82309
112
82500
111
82750
32
84007
115
84209
111
84400
108
84935
111
86955
13
87799
99
88074
105
88346
110
88751
113
89044
117
89272
101
89445
32
89605
97
89983
110
90126
110
90458
105
93951
8
94505
8
94575
8
94675
8
94746
8
94806
8
94866
8
94926
8
94986
8
95085
8
95155
8
95418
8
96047
8
96115
8
96185
8
96255
8
96327
8
96387
8
96447
8
96507
8
96558
8
96617
8
96707
8
96767
8
96827
8
97132
8
97303
8
99012
108
00004
108
01594
39
01965
105
02190
110
02530
116
02786
101
02976
110
03399
122
03735
105
03854
111
04100
110
04217
101
04791
32
04953
100
05133
101
06556
8
06738
8
08429
13
09328
100
09518
101
09697
108
09881
32
10049
112
10269
114
10495
111
11005
116
11296
97
11740
103
12059
111
12651
110
13095
105
14030
0
15248
0
16348
8
16936
8
17020
8
17085
8
17155
8
17226
8
17286
8
17346
8
17406
8
17506
8
17566
8
17780
8
17942
8
18271
32
18757
112
19294
114
19521
111
19702
112
19884
111
20135
115
20341
105
21035
8
21188
8
22025
8
22096
8
22156
8
22215
8
22403
8
23114
100
23294
101
23619
115
23853
105
24098
100
24288
101
24497
114
24754
105
24923
111
25479
32
26396
100
26578
101
27427
108
28044
0
28424
0
28747
0
29829
0
30013
0
30724
8
30904
8
31066
8
31424
8
32058
0
32336
0
33366
0
34454
115
34639
116
34763
97
34955
32
35556
8
36512
44
36711
32
37372
0
37555
67
37896
97
38180
114
38425
108
38606
111
39265
32
39675
0
40138
66
40613
114
40945
105
41217
103
41368
97
41682
110
41994
116
42175
101
44437
32
44893
0
45289
40
45933
105
46148
110
46451
116
46605
101
46954
114
47365
112
47669
114
47860
101
48181
116
48333
97
48514
116
49011
111
49241
32
49413
100
49714
97
49869
32
50250
0
50451
65
50607
108
50764
32
51014
0
51186
80
51341
65
51629
99
51858
105
52120
110
52346
111
53703
0
53895
0
54078
0
54262
0
55324
8
56426
97
56577
0
56788
0
56990
0
57564
0
59324
0
59655
41
64432
44
67448
32
69408
0
70225
0
71060
0
71826
32
72241
100
72516
105
72669
32
73152
97
74457
8
75272
99
75554
97
75820
109
76731
8
76902
8
77073
8
78065
13
78749
99
79005
97
79297
109
80058
118
80492
8
80615
98
81441
105
81564
97
81830
114
81956
101
82156
32
82503
118
82705
105
83015
116
83167
97
84110
0
84403
58
84657
32
85969
118
86454
117
86858
111
87057
108
87221
101
87449
32
87665
97
88072
99
88504
99
88713
117
90071
8
90648
8
90716
8
90767
8
90826
8
90886
8
90946
8
91006
8
91059
8
91415
8
91734
97
92267
112
92411
112
92585
101
92831
110
92946
97
93072
32
93764
97
94889
99
95061
99
95296
117
95505
109
95732
117
95959
108
96140
97
96378
116
96776
105
96947
32
97243
115
97445
111
97617
108
97931
100
98177
105
98358
32
98715
97
98889
32
99091
115
99435
117
99869
102
00039
102
00222
105
00598
99
00789
105
01044
101
01307
110
02013
122
02200
97
03698
32
04475
118
04852
117
05143
111
05324
108
05451
101
05596
32
05988
112
06132
97
07022
114
07260
116
07695
105
07893
114
08084
101
08816
13
10582
0
11318
0
12496
112
12689
101
12889
114
13061
32
13399
117
13655
110
14347
39
14746
105
14995
115
15285
111
15482
108
15589
97
15762
32
16072
116
16327
114
16713
111
16884
112
17134
105
17454
99
17727
97
17917
108
18109
101
18253
32
18761
101
19949
32
20193
108
20478
97
21338
39
21597
32
21887
97
24897
8
28604
102
28914
97
29086
114
29258
101
29413
32
29592
117
29802
110
29956
32
30098
109
30335
101
30558
115
31051
116
31598
105
31946
101
32210
114
32521
111
32704
32
32883
111
33121
110
33414
101
33684
115
33879
116
34450
111
34994
46
35635
32
36856
0
37141
80
37336
101
37507
114
37633
32
38138
97
38647
99
38791
99
39035
117
39253
109
39472
117
39707
108
39917
97
41554
114
41652
101
42114
13
43346
113
43585
117
43971
101
44408
115
44762
116
45196
105
45349
32
45562
115
45839
111
46019
108
46249
100
46468
105
50382
32
50506
100
50687
101
50970
118
51095
101
51343
32
51645
99
51880
111
52173
109
52382
117
52628
110
52977
113
53373
117
53657
101
53848
32
54178
99
54414
111
54594
108
54728
108
54864
97
55296
98
59442
98
59939
111
60159
114
60525
97
60792
114
61131
101
62720
0
63844
0
64083
0
64472
0
64693
0
65717
8
66362
0
67216
0
67506
0
67745
0
67984
0
68204
0
70417
8
71040
8
71115
8
71186
8
71246
8
71346
8
71406
8
71506
8
71566
8
71626
8
71858
8
72023
8
72246
8
72894
32
73268
108
73449
97
73958
118
74184
111
74451
114
74855
97
75129
114
75348
101
75783
32
76317
99
76552
111
76818
110
76973
32
77060
32
77363
100
77543
101
78396
105
79097
0
79262
0
79435
0
80013
8
80590
0
80736
0
80929
0
81742
32
82179
115
82354
117
82693
111
82858
105
83029
32
83207
97
84414
109
84598
105
84863
99
85053
105
85215
32
86552
99
86695
104
86784
101
87021
32
88105
110
88463
111
88719
110
89358
32
89894
13
90806
115
90953
111
91183
32
92316
8
92934
110
93282
111
93428
32
93662
112
93873
114
94453
111
94708
112
95684
114
95923
105
96147
111
96667
32
96802
100
97017
101
97218
103
97613
108
97862
105
98024
32
98240
97
98599
110
98949
103
99234
105
99403
111
99593
108
99785
101
00086
116
00220
116
00730
105
01476
46
02221
32
02984
0
03355
73
03676
110
04988
8
05159
8
05894
0
09069
68
09271
101
09489
99
09698
105
09990
100
10161
101
10388
114
11902
97
13224
8
14075
8
14145
8
14216
8
14276
8
14336
8
14542
8
14723
8
15504
0
15743
68
15917
101
16200
99
16409
105
16795
100
16966
101
17073
32
17280
97
17918
108
18070
108
18223
111
18397
114
18661
97
18815
32
18968
100
19093
105
19228
32
19874
97
27622
0
28529
0
28786
0
29016
0
29190
0
29467
0
30145
0
35166
8
35750
8
35826
8
35886
8
35946
8
36006
8
36085
8
36156
8
36236
8
36296
8
36356
8
36416
8
36476
8
36528
8
36586
8
36667
8
36726
8
36786
8
37912
0
38162
73
38503
110
38521
98
40164
8
40326
8
40489
8
41914
0
42201
73
42513
110
42705
105
43462
122
43693
105
43796
97
44474
32
44671
97
44826
32
45626
0
46194
100
46330
105
46641
114
46861
105
47273
103
47389
101
47571
114
47771
101
47915
32
48244
117
48453
110
48598
32
48956
110
49296
105
49953
103
50133
104
50483
116
51632
45
52014
99
52331
108
52596
117
52946
98
56003
44
56714
13
58127
101
58309
32
58637
97
60145
8
61458
115
61664
105
61817
32
62322
97
62673
99
62844
99
63181
111
63374
114
63602
103
63727
101
63871
32
68923
100
69150
105
69294
32
69513
99
69728
111
69938
109
70129
101
70215
32
70874
108
70989
97
71144
32
72594
8
72765
8
72928
8
73473
105
73642
108
73807
32
74042
109
74268
111
74529
109
74998
8
75317
110
75583
100
75771
111
75954
32
77189
100
77361
101
77653
108
77767
108
77912
97
78008
32
79030
99
79249
114
79571
105
79815
109
80007
105
80233
110
80414
97
80799
108
80993
105
81294
116
81473
97
82044
39
82294
32
82743
111
82992
114
83236
103
83407
97
83608
110
83958
105
84286
122
84402
122
84582
97
84802
116
84972
97
85107
32
85312
115
85648
105
85911
97
87022
13
88252
99
88534
97
88725
109
89019
98
89323
105
89502
97
89684
116
89919
97
90129
32
90776
110
90986
101
91494
105
92151
32
92597
115
93575
117
93848
111
94013
105
98775
8
99545
8
99763
8
99944
8
00796
99
01117
105
01362
110
01897
113
02078
117
02316
101
02461
32
02631
97
02896
110
03030
110
03222
105
03403
32
04013
100
04166
105
04338
32
04666
97
04937
115
05089
115
05247
101
05484
110
05823
122
05994
97
06918
0
07927
58
08198
32
08975
110
09341
111
09570
110
09734
32
10033
112
10245
105
10472
117
10959
39
11170
32
11369
114
11598
105
11904
115
12255
112
12402
101
12732
116
12922
116
13064
111
13276
32
14332
111
14459
32
14629
108
14765
101
16904
97
17196
59
17530
8
17848
108
18245
116
18901
97
20116
39
21055
13
22989
116
23124
114
23463
97
23570
32
24819
0
25075
34
25448
99
25804
111
25985
108
26118
108
26348
101
26651
103
26840
104
27097
105
28047
0
28810
34
30163
44
30354
32
30534
109
30630
97
30747
32
32039
115
32255
111
32435
108
32616
111
32791
32
33782
117
34564
110
36152
32
64656
0
69194
108
69319
97
69707
118
70082
111
70284
114
70418
111
76512
0
87518
0
87766
0
87987
0
89196
0
90592
0
09484
117
09702
110
10146
105
10335
99
12859
8
13660
8
13736
8
13796
8
13848
8
13906
8
13967
8
14902
108
15493
39
16012
117
16229
110
16422
105
16638
99
16836
111
17029
32
17219
100
17391
101
17650
115
17958
105
18521
100
18701
101
18882
114
19093
105
19242
111
19426
32
20204
100
20433
105
20566
32
20802
102
20898
97
21042
114
21177
101
21322
32
21530
116
21625
97
22039
110
22315
116
22489
105
22622
32
23321
115
23570
111
23751
108
24074
100
24479
105
26859
46
27610
0
28119
0
28195
0
28255
0
28315
0
28375
0
28435
0
28495
0
28585
0
28666
0
28725
0
28785
0
28845
0
28905
0
28995
0
29055
0
29115
0
29195
0
29255
0
30889
0
31685
0
31766
0
31825
0
31886
0
31945
0
32036
0
32095
0
32155
0
32215
0
41607
8
41887
111
