57073
76
57343
65
57423
32
58362
67
58583
82
58873
73
59133
84
59283
84
59442
79
59793
71
60003
82
60113
65
60392
70
60723
73
60851
65
60974
32
61295
81
61487
85
61603
65
61795
78
62073
84
62283
73
62563
83
62803
84
63089
73
63493
67
63833
65
63975
32
64153
69
65195
222
65333
32
65533
85
65713
78
65863
32
66793
85
68123
8
68423
78
68622
85
68793
79
69133
86
69433
79
69583
32
69813
75
69818
77
70047
69
70313
84
70493
79
70843
68
70943
79
71083
32
71913
67
72123
82
72353
73
72558
84
72713
84
72823
79
73153
71
73373
82
73503
65
74024
70
74303
79
74663
8
74933
73
75363
67
75463
79
75603
32
76053
67
76273
72
76373
69
76483
32
77433
83
77562
73
77673
32
78073
66
78173
65
78423
83
78573
65
78713
32
78946
83
79263
85
79513
76
79643
76
79773
65
79893
32
80056
77
80277
69
80623
67
80763
67
80933
65
81182
78
81363
73
81723
67
81863
65
81933
32
82330
81
82553
85
82673
65
82862
78
83203
84
83434
73
83793
83
83954
84
84333
73
84833
67
84963
65
86422
190
90053
32
95483
8
96343
40
97063
37
97493
39
98432
76
98823
0
99353
73
00503
68
00633
69
00922
65
01024
32
01400
70
01633
73
02013
8
02333
79
02623
78
02974
68
03146
65
03553
77
03703
69
03773
78
04004
84
04133
65
04433
76
04583
69
04663
32
05121
69
05353
222
05543
32
05923
67
06073
72
06183
69
06280
32
08603
37
09814
37
10403
8
10943
222
11553
40
11743
39
15363
83
15543
69
15593
32
15863
81
16039
85
16203
65
16403
76
16883
67
17093
85
17373
78
17954
79
18453
32
19153
73
19363
78
19603
84
19753
69
19975
82
20303
67
20423
69
20623
84
20782
84
20963
65
21069
32
21433
76
21633
65
21743
32
21883
77
22225
73
22453
65
22723
32
23353
67
23513
79
23733
77
23923
85
24123
78
24303
73
24643
67
24763
65
25103
90
25503
73
25663
79
25883
78
26043
69
26143
32
26383
81
26513
85
26954
69
28003
83
28103
84
28283
65
28903
32
29373
83
29563
65
29763
82
29913
65
30362
222
30513
32
31233
73
31433
78
31653
69
33483
66
33983
8
34203
86
34383
73
34653
84
35024
65
35833
66
36153
73
36343
76
36556
77
36761
69
36856
78
37083
84
37213
69
37293
32
39643
37
40823
37
41083
39
42223
39
44803
8
45633
8
45813
8
45987
8
46153
8
46303
8
47553
73
47703
32
48293
86
48463
65
48695
76
48863
79
49102
82
49253
73
49413
32
50593
67
50783
72
50883
69
51043
32
52493
32
53293
86
53403
69
53573
32
54482
8
54863
78
55363
71
59563
8
60903
37
62703
8
62923
8
63083
8
63723
85
63903
78
64018
65
64148
32
65893
8
66513
39
66963
39
67803
39
67963
39
68733
68
69053
73
69353
82
69533
65
70073
8
70243
69
70465
84
70607
84
70699
65
70829
32
71071
65
71233
32
71974
77
72054
69
73753
188
73943
32
75543
37
75873
39
76183
37
76573
37
77024
39
78513
39
80043
8
81173
73
82443
37
82843
37
83203
39
83623
32
83733
39
84362
32
85103
86
85313
65
85463
76
85633
79
85843
82
86053
73
86173
32
87143
67
87523
72
87603
69
87713
32
87954
73
88123
79
88273
32
91273
8
92533
8
98153
8
00613
8
00793
8
00954
8
01407
8
01597
8
02013
8
02173
8
02343
8
03233
78
03463
69
03673
76
03839
32
04011
77
04553
79
04783
77
04972
69
05074
78
05312
84
05473
79
05647
32
05924
73
08523
78
08663
32
08943
67
09173
85
09343
73
09503
32
09773
83
09963
73
10093
32
10358
70
10974
65
13113
32
13483
85
13702
78
13826
65
13924
32
14083
77
14273
73
14555
83
14793
85
14983
82
15303
65
15383
32
15583
83
15783
85
15993
76
16123
76
16303
65
16383
32
51085
8
51758
8
51923
8
53545
83
53702
73
53833
32
54000
65
55014
76
55373
84
55513
69
55703
82
56036
65
56153
32
56340
76
56514
79
56653
32
56963
83
57099
84
57255
65
58053
84
59663
8
60357
8
61564
73
61743
76
61935
32
62402
86
62583
65
62803
76
62982
79
63178
82
63376
69
63470
32
65624
68
65833
73
65963
32
66303
70
66513
85
66803
84
67273
85
67593
82
67763
69
74535
8
75653
8
78083
8
78503
8
79234
37
80056
37
81016
73
81253
78
81433
69
81863
86
82313
73
82555
84
82696
65
83063
76
86196
8
86993
66
87423
73
87623
76
87833
77
88015
69
88123
78
88375
84
88476
69
88549
32
89644
39
91873
8
92933
32
94433
68
95723
73
95874
32
97323
65
97803
76
98263
84
98374
82
98573
69
98683
32
98977
77
99183
73
99383
83
99586
85
99913
82
00023
69
00126
32
00369
67
01023
79
01533
76
01695
76
01954
69
02163
71
02273
65
02403
84
02625
69
03083
190
03623
32
06634
38
07753
38
08083
39
09044
39
09223
39
09423
39
09739
39
10173
37
10794
37
11293
8
11463
8
12393
67
12653
73
12783
32
12983
83
13148
79
13363
78
13563
79
13719
32
16002
68
16393
85
17814
69
18303
32
19023
39
19196
39
19353
39
19513
39
20533
8
20803
69
21154
39
22523
8
23535
73
24243
38
26553
59
30243
8
30844
40
31023
40
31361
37
32053
37
32265
37
32405
37
32553
37
34025
59
34994
39
35143
39
35333
39
35507
39
36903
8
39073
8
39263
8
39963
76
40134
65
40273
32
40739
80
40963
82
41153
73
41371
77
41487
65
41586
32
43464
38
43956
39
45574
40
46014
37
51353
37
52963
69
53196
222
53369
32
55103
40
55456
39
57883
39
58964
39
59103
39
59269
39
60135
76
60245
65
60393
32
61103
83
61293
69
61603
67
61843
79
62128
78
62373
68
62563
79
62703
32
63833
82
63958
73
64343
71
64595
85
64773
65
64933
82
66423
68
66583
65
66603
32
67243
76
68203
222
68523
73
68783
78
69083
68
69243
73
69423
83
69671
84
70173
73
70403
78
70603
71
70895
85
71103
73
72583
66
72914
73
73120
76
73474
84
73633
65
75583
8
76113
8
76663
8
76853
8
77019
8
78063
37
79543
8
79713
65
80543
40
82265
76
83213
222
83683
85
83883
78
84243
79
84696
78
84755
69
84893
32
94063
77
94283
73
94753
83
94933
85
95254
82
95353
65
95833
32
96633
8
98013
109
98583
65
99233
79
99733
8
99945
80
00563
80
00903
82
01033
65
01553
84
02033
79
02153
32
02483
77
02675
73
03113
83
03343
85
03635
82
03793
65
03874
84
04393
79
04773
82
04963
69
06985
37
08363
37
09053
39
09245
39
09403
39
09773
37
10593
222
10963
39
11313
39
11473
39
11655
39
12563
222
13124
39
14477
39
15433
190
15663
32
22023
73
22223
76
23503
8
23683
8
25663
73
25853
32
26383
66
26696
73
27004
84
27134
32
27483
68
27643
73
27753
32
27843
73
28097
78
28405
70
28623
79
28843
82
29033
77
29189
65
29563
90
29843
73
30003
79
30203
78
30323
69
30422
32
30713
83
30926
79
31149
78
31340
79
31499
32
31723
67
31943
79
32134
68
32353
73
32773
70
33213
73
33553
67
33703
65
33824
84
34253
73
34373
32
34486
73
34719
78
34863
32
36042
70
36524
79
36643
84
36854
79
37203
78
37374
73
37513
32
37814
80
38004
79
38153
76
38353
65
38603
82
39113
73
39564
90
39703
90
39865
65
40313
82
41143
8
41285
84
41703
73
50443
32
51186
76
51433
85
51763
78
52014
71
52873
79
53073
32
55575
81
55823
85
56523
65
57513
84
57663
84
57893
82
58200
79
58343
32
60903
8
61595
8
62643
68
63023
85
63343
69
63443
32
63863
68
64083
73
64735
82
65003
69
70123
8
70782
8
70964
8
71294
8
72203
81
72423
85
73253
65
73603
84
73743
84
73863
82
74223
79
74374
32
74573
68
74716
73
75033
82
75196
69
75643
90
75874
73
76035
79
76263
78
76465
73
77273
59
77473
32
79902
73
80065
76
80243
32
80833
82
81013
73
81347
67
81513
69
81623
86
81869
69
83503
78
83753
84
83878
69
83983
32
85463
80
85753
85
86744
79
88234
222
88503
32
89283
83
89454
67
89653
69
89922
71
90426
76
90613
73
90820
69
91010
82
91176
69
91226
32
91453
83
91653
79
91834
76
91992
79
92134
32
92513
68
92713
85
92943
69
93043
32
93322
68
93513
73
93862
82
94015
69
94413
90
94683
73
94833
79
95061
78
95251
73
95371
32
95621
83
95788
85
95917
32
96312
67
96504
85
96653
73
96796
32
97083
70
97184
65
97293
82
97457
69
97882
32
98023
76
98094
65
98244
32
98433
77
98664
79
98677
73
99273
8
99442
8
00063
73
00343
83
00573
85
00843
82
00963
65
03293
190
11443
13
12463
68
12704
79
12859
80
13000
79
13473
68
13646
73
13983
67
14333
72
14463
69
14553
32
15123
8
15353
222
15523
32
15774
67
15954
79
16151
77
16333
85
16531
78
16706
73
17063
67
17543
72
17696
69
18272
82
18453
65
19763
222
19973
32
20353
65
20573
76
20711
32
20859
77
21023
65
23233
8
23433
8
23573
8
28774
32
29003
77
29173
65
29330
78
29633
68
29883
65
30393
78
30663
84
30783
69
30906
32
31253
81
31463
85
31683
76
31883
65
32563
8
32723
8
33053
65
33864
76
34073
73
34204
32
34439
68
34582
73
34883
82
35313
69
35843
90
36063
73
36213
79
36454
78
36656
73
37763
32
42413
8
44555
8
44737
8
45563
73
45823
76
45983
32
46136
77
46353
65
46513
78
46870
68
46963
65
47323
78
47592
84
47696
69
47807
32
48196
83
48482
80
48935
69
49123
68
49339
73
49995
83
50103
67
50293
69
50469
32
50753
73
50963
76
51753
8
54092
32
54563
83
55463
8
55624
8
55773
8
57223
78
57374
32
57676
70
57913
79
58206
84
58333
79
58625
78
58835
79
59203
8
59455
73
59613
32
59764
80
59954
79
60113
76
60450
65
60703
82
61175
73
61643
90
61783
90
61903
65
62196
82
62624
8
62793
84
63184
73
64263
32
65143
67
65313
65
65533
83
67343
8
67503
8
70825
8
74415
8
75234
188
75413
32
75696
73
76184
32
77003
82
77153
73
77505
67
77665
69
77793
86
78044
69
78253
78
79933
84
80073
69
80723
32
81653
67
81855
65
82313
77
82696
86
83093
8
83423
66
83625
73
83762
65
83924
32
85053
67
85184
65
85513
83
85802
85
86013
76
86084
65
87644
8
87843
8
88633
8
89833
8
91253
82
91483
73
92196
8
93048
8
93213
8
93375
8
93546
8
94184
59
94403
32
94863
65
95403
68
95533
32
96033
79
96423
71
96823
78
97053
73
97211
32
97423
70
97630
79
97893
84
98042
79
98287
78
98548
69
98635
32
98813
82
99043
73
99396
67
99562
69
99703
86
00153
85
00373
84
00643
79
00803
32
06184
73
06363
76
06483
32
06643
82
06855
73
07256
67
07394
69
07503
86
07623
69
08293
78
08515
84
08633
69
08683
32
09028
67
09305
65
09472
77
09758
66
09975
73
10173
65
10426
32
10663
73
10933
76
11133
32
12023
86
12165
65
13074
76
13245
79
13490
84
13497
82
14034
8
14224
8
14913
82
15083
69
15113
32
15973
68
16153
69
16313
73
16445
32
32913
70
33153
79
33423
84
33533
79
33843
78
34033
79
35263
8
40095
37
40943
37
42033
67
42123
65
42323
83
42603
85
42751
65
43072
76
43313
77
43482
69
43601
78
43831
84
43893
69
43989
32
44603
39
46262
71
46733
76
46903
73
47053
32
47118
65
48033
83
48215
83
48413
73
48537
32
56854
38
57063
38
57633
38
58583
37
59433
37
59613
37
60153
39
60922
37
61093
37
61603
13
61793
13
62493
8
62703
8
63826
32
64696
85
65135
78
65295
65
65433
32
65679
68
65924
73
66023
32
67053
39
67773
39
68083
37
68266
37
68413
37
69573
80
69733
79
69933
83
70096
83
70240
73
70504
66
70893
73
71053
76
71223
73
71359
32
72444
40
72663
40
72954
37
74204
39
74903
8
75243
32
76184
8
77633
37
77982
39
78633
32
79644
40
79823
40
85393
83
85563
85
85703
32
85883
67
86162
85
86313
73
86453
32
86812
77
87016
73
87273
83
87533
85
87820
82
87912
65
89553
190
89893
32
92103
68
92313
79
92483
80
92633
79
92763
32
92905
76
93004
65
93123
32
93363
82
93536
73
93863
67
93983
69
94523
90
94744
73
94895
79
95099
78
95224
69
95314
32
95533
68
96153
73
96263
32
96599
84
96813
85
97033
84
97213
84
97453
73
97605
32
97973
71
98374
76
98545
73
98687
32
98963
78
99171
32
99443
70
99623
79
99883
84
00043
79
00303
78
02003
73
02144
32
02733
8
03245
59
03413
32
03711
73
03895
76
04043
32
04923
82
05103
73
05532
67
05674
69
06234
86
06333
69
06493
78
06738
84
06954
69
07073
32
07340
67
07524
79
07745
77
07943
85
08133
78
08363
73
08743
67
08893
65
08973
32
09184
65
09361
76
09544
32
09732
77
09936
65
10073
78
10350
70
10498
65
11043
8
11223
8
12134
68
12315
65
12703
78
12923
84
13053
69
13150
32
13453
73
13653
76
13840
32
16123
86
16263
65
16683
76
16893
79
17033
82
17224
69
17353
32
20393
8
21153
8
21535
32
21959
86
22108
65
22389
76
22563
79
22793
82
23014
73
23157
32
24903
83
25024
85
25143
32
25386
67
25633
85
25785
73
25923
32
26603
72
26743
65
26773
32
27374
70
27493
65
27673
84
27807
84
28255
79
28423
32
28763
69
28903
76
29843
8
30003
8
30564
76
30663
69
30775
32
31253
77
31453
73
31733
83
32013
85
32265
82
32455
69
32983
37
34273
37
34583
39
35696
68
35783
69
36254
76
36395
76
36463
69
36563
32
38223
68
38411
73
38608
82
38805
69
39273
90
39553
73
39713
79
39913
78
40113
73
40268
32
41603
40
43033
190
44335
32
46025
73
46196
76
46345
32
46490
77
46710
65
46886
78
47196
68
47383
65
47843
78
48083
84
48196
69
48276
32
48596
82
48806
73
49162
83
49443
80
49623
79
49903
78
50235
68
50361
69
50495
82
50660
65
51323
222
51493
32
51735
68
51973
73
52343
67
52473
69
52863
78
53004
68
53234
79
53443
32
53853
81
54113
85
54273
65
54450
76
54656
73
54784
32
55713
86
55803
65
56196
76
56353
79
56547
82
56730
73
56873
32
57343
83
57463
67
57631
65
57893
82
60073
8
60324
8
60833
8
61033
8
61796
82
62043
73
62363
67
62493
69
62573
86
63043
85
63423
84
63633
73
63783
32
64374
83
64783
67
64954
65
66185
82
66353
84
66463
65
66973
82
67083
69
67923
188
68095
32
68256
80
68413
79
68579
73
68975
67
69323
72
69575
69
70054
222
70242
32
70655
70
70823
65
70954
84
71093
84
71553
73
71663
32
71943
76
72272
85
72495
78
72753
71
73446
79
73633
32
74553
68
74733
73
74983
82
75163
69
75553
90
75833
73
75973
79
76168
78
76374
73
76494
32
76712
83
77063
66
77204
65
77453
71
77883
76
78063
73
78220
65
78411
84
78537
69
80223
190
