22001
73
22361
78
22530
32
22875
83
23130
69
24051
8
24231
8
24410
8
24560
8
24963
8
25773
81
26030
85
26160
65
26328
76
26691
67
26931
72
27050
69
27170
32
27492
71
27871
79
28191
82
28481
78
28881
79
29070
32
29811
8
30446
8
30981
73
31130
79
31382
82
31572
78
31841
79
32191
32
32450
70
32610
65
33621
32
34131
83
34240
79
34460
78
34651
79
34811
32
35160
65
35340
78
35505
68
35782
65
37160
8
37790
8
38721
72
39080
79
39241
32
39580
86
39773
73
40110
83
40270
84
40691
79
40860
32
41096
85
41294
78
41421
32
41680
70
41831
73
42020
76
42231
77
43501
32
45121
8
46000
59
46212
32
46531
82
46730
69
46920
83
47050
73
47261
68
47420
69
47610
78
47851
84
48020
32
48260
69
48721
86
48920
73
49140
76
50301
190
50540
32
52381
69
52600
222
52765
32
53080
85
53931
78
54040
32
54773
70
55010
73
55200
76
55413
77
55549
32
56061
80
56272
82
56459
69
56691
83
56830
79
57010
32
57195
68
57448
65
57562
32
57730
85
57920
78
58084
32
58571
86
58710
79
59070
8
59331
73
59540
83
59851
8
59980
68
60145
69
60471
79
60780
71
61100
73
61261
79
61741
67
61880
79
62030
32
62730
77
62970
79
63170
76
63452
84
63579
79
63730
32
66791
70
66900
65
67351
77
67540
79
67780
83
67949
79
71690
188
71891
32
72050
69
72190
32
73681
80
73951
85
74261
82
74861
32
75100
78
75320
79
75580
78
75710
32
76110
65
76431
86
76680
69
77171
78
77360
68
77640
79
77940
67
78090
73
78251
32
78811
77
78960
65
79090
73
79259
32
79607
71
79773
73
79924
79
80551
67
80661
65
80820
84
81204
79
82191
32
82441
69
82691
82
83541
79
83691
32
84031
77
84251
79
84450
76
84841
84
84970
79
85100
32
85530
67
85680
85
85911
82
86214
73
86380
79
86600
83
86791
79
86990
32
87831
68
87950
73
88112
32
88380
86
88530
69
88743
68
88909
69
89084
82
89265
69
89378
32
90001
73
90180
76
90361
32
90591
82
90911
73
91170
83
91420
85
91665
76
93291
84
93400
65
93540
84
94021
79
94200
32
94403
68
94970
73
95121
32
04381
81
04620
85
04901
69
05090
83
05237
84
05401
65
05507
32
05971
84
06090
82
06433
65
06801
83
07020
80
07190
79
07554
83
07720
73
08051
90
08301
73
08460
79
08700
78
08931
69
09651
190
09941
32
13911
68
14123
69
14402
86
14554
79
14704
32
15580
67
15710
79
15976
78
16310
70
16500
69
17001
83
17130
83
17332
65
17564
82
17705
69
17802
32
18261
67
18450
72
18641
69
18649
87
18752
32
19411
8
19580
8
19914
32
20251
73
20420
76
20604
32
20960
70
21110
73
21391
76
21590
77
21750
32
22251
78
22501
79
22730
78
22850
32
23070
77
23273
73
23420
32
23696
72
23844
65
23998
32
24209
68
24391
69
24560
76
25031
85
25280
83
25480
79
26761
188
26940
32
27120
79
27290
32
27490
77
27706
69
28120
71
28511
76
28681
73
28801
79
28979
32
29851
67
30040
73
30221
32
30450
83
30773
73
30950
32
35981
8
37360
83
37550
73
37679
32
37898
82
38211
73
38440
77
40111
8
41351
8
41841
8
42761
32
54501
67
54670
79
54920
77
55069
69
55541
8
64511
8
65161
8
65810
59
66060
32
67891
69
68251
222
68469
32
68720
69
68960
83
69203
65
69370
84
69504
84
69677
65
71571
77
71841
69
71950
78
72230
84
72400
69
72480
32
72999
81
73150
85
73441
69
73650
76
73833
76
74031
79
74251
32
74861
67
75040
72
75285
69
75406
32
75831
83
76281
73
77212
32
77911
80
78080
79
78451
84
78610
69
79090
86
79273
65
79390
32
80631
70
80821
65
81145
82
81341
69
81580
32
82341
8
83161
188
83361
32
83589
84
83715
82
84064
65
84401
83
84620
77
84811
69
85010
84
85159
84
85245
69
85451
82
85625
69
85762
32
86851
83
87090
85
87281
76
87480
32
87911
71
88571
82
88891
65
89481
78
89700
68
89880
69
89971
32
90190
83
90420
67
90660
72
90864
69
91055
82
91357
77
91560
79
92661
32
93821
76
93980
69
94077
32
94280
83
94720
69
95020
78
95378
83
95561
65
96061
90
96212
73
96351
79
96569
78
97091
73
97231
32
97520
67
97745
72
97926
69
98047
32
98580
80
98730
82
98901
79
99308
86
99460
65
99551
32
00015
85
00205
78
00357
32
00768
86
01040
79
01361
8
01635
73
01816
68
01975
79
02531
71
02921
73
03090
79
03451
67
03630
65
03730
84
04200
79
04431
82
04631
69
04732
32
05461
68
05650
69
05965
76
06090
76
06273
65
06380
32
06604
71
06773
69
06901
78
07050
69
07260
82
07408
65
07678
90
07961
79
07975
73
09071
8
09231
8
09801
73
09950
79
10170
78
10359
69
10472
32
10635
68
10899
79
11049
79
11278
77
14181
190
15500
32
16970
83
17261
85
19040
83
19200
80
19404
69
20161
78
20441
83
20650
69
23001
59
23212
32
23981
76
24130
65
24317
32
26101
80
26411
82
26773
73
27000
77
27159
65
27226
32
27871
80
28020
65
28328
82
28490
84
28600
69
28811
32
29321
68
29520
69
30101
76
30291
32
30520
70
30743
73
30933
76
31187
77
31371
32
31881
83
32030
73
32221
32
34610
80
34831
85
35053
79
35451
222
35650
32
35961
84
36170
85
36426
84
36568
84
36900
65
37030
32
37250
82
37542
65
38041
67
38191
67
38390
72
38580
73
38806
85
39130
68
39291
69
39470
82
39650
69
39790
32
40150
73
40360
78
40500
32
40931
81
41130
85
41303
69
41484
83
41643
84
41768
65
41882
32
42351
80
42520
65
42931
82
43120
79
43291
76
43560
65
44531
190
44773
32
56441
67
56811
79
57060
78
57251
32
58161
85
58371
78
58510
32
59191
73
59391
78
59720
84
59915
69
60090
82
60641
86
60841
65
61060
76
61203
76
61353
79
61512
32
61667
68
61813
73
61954
32
62134
77
62258
65
62489
83
62623
83
62799
73
62980
77
63311
79
63641
32
64601
84
64781
82
64900
69
65249
78
65470
84
65650
65
65781
32
66050
83
66262
69
66580
67
66820
79
67070
78
67246
68
67460
73
67640
32
70391
8
71251
188
71440
32
71801
65
72120
80
72251
80
72331
65
72618
82
72792
69
72818
32
74291
83
74530
85
74750
76
74900
76
75060
79
75253
32
75500
83
75750
67
75900
72
76049
69
76264
82
76531
77
76760
79
76924
32
77104
85
77294
78
77458
65
77557
32
77811
83
78060
73
78436
84
78620
85
78760
65
79052
90
79311
73
79460
79
79680
78
79837
69
79942
32
80921
67
81341
72
81460
69
81590
32
82621
84
82801
73
82960
32
83244
70
83410
65
83811
32
84531
66
84670
65
84840
84
84983
84
85117
69
85323
82
85505
69
85547
32
85981
73
86170
76
86444
32
87141
67
87310
85
88961
79
89221
82
89390
69
89539
32
89743
85
89941
78
90061
32
90315
80
90490
79
91031
222
91261
32
92201
80
92400
73
92550
85
93005
222
93160
32
94231
70
94480
79
94891
82
95060
69
95335
84
96151
8
96331
8
97001
84
97160
69
97670
190
99991
32
01251
67
01630
73
01801
32
01960
83
02119
79
02371
78
02550
79
02738
32
02802
68
02971
69
03058
76
03186
76
03317
69
03414
32
03851
80
04150
69
04491
67
04667
67
04871
72
04950
69
11311
188
11490
32
11805
67
12020
72
12178
73
12751
65
13000
82
13266
65
13600
77
13720
69
13846
78
14043
84
14161
69
14841
188
15030
32
15354
83
15610
79
15750
80
16117
82
16273
65
16380
84
16510
84
17030
85
17261
84
20851
84
21212
79
21420
32
22151
78
22341
69
22600
76
22740
76
22880
65
23007
32
23207
70
23398
79
23760
84
24194
79
24511
71
24670
82
24821
65
25192
70
25360
73
25530
65
25701
32
32081
32
32230
69
32720
32
33291
8
33480
8
33640
8
34091
69
34291
32
36231
78
36891
69
37090
73
37260
32
37631
67
38391
79
38590
83
38940
84
39371
85
39600
78
39821
73
42131
8
44671
8
45773
83
45930
84
46341
85
46730
77
46940
73
49191
8
49867
8
50160
8
50321
8
50480
8
52881
71
53200
76
53400
73
53550
32
53691
69
54621
70
54780
70
54946
69
55249
84
55390
84
55757
73
55925
32
56215
83
56630
80
56750
69
57170
67
57311
73
57510
65
57623
76
57787
73
58940
59
59451
32
60090
82
60241
65
60382
82
60570
65
61181
77
61351
69
61454
78
61720
84
61840
69
61931
32
62660
72
63061
79
64360
86
64615
73
64871
68
65300
8
65510
83
65694
84
66131
79
66321
32
66620
85
66811
78
67054
32
69801
222
70150
77
70351
79
70624
83
70841
84
70990
82
71285
79
71460
32
71730
70
71910
73
72124
78
72280
65
72417
76
72637
69
73241
222
73740
32
74180
57
75021
84
75160
69
75365
82
75563
77
75772
73
75975
78
76431
79
76610
76
76773
79
77215
71
77582
73
77760
65
77880
32
78110
68
78371
65
78441
32
78689
86
78976
73
79361
68
79550
69
79961
79
80351
71
80750
73
80880
79
81351
67
81540
65
81685
84
82140
79
82369
82
82550
69
83961
48
84150
32
86150
67
86342
79
86841
83
86960
73
87471
0
89871
8
91051
222
91251
32
91592
80
91740
79
92010
67
92217
79
92376
32
92740
82
93611
8
94251
79
94380
82
94680
73
95146
71
95641
73
95861
78
96040
65
96291
76
96559
69
99121
188
99350
32
00721
79
00960
32
01411
77
01791
69
01990
71
02351
76
02540
73
02669
79
02852
32
03581
67
03791
79
04140
83
04471
73
05371
222
05610
32
06300
73
06490
78
06854
83
07040
85
07251
76
08081
83
08273
79
09641
190
09861
32
10660
85
10980
78
11181
32
11371
65
11691
78
12091
79
12379
84
12560
65
12641
32
12891
77
13180
79
13362
76
13766
84
13950
79
14120
32
14522
80
14670
79
14921
83
15099
73
15336
84
15720
73
15990
86
16209
65
16773
59
17561
32
17980
77
18231
73
18445
76
18571
76
18758
65
18880
32
21601
89
22001
79
22511
89
23001
79
24161
8
24946
8
25136
8
25851
8
26020
8
26370
32
26647
76
26818
65
26948
32
27471
80
27700
82
27850
79
28129
84
28326
65
28493
71
28991
79
29241
78
29416
73
29760
83
29910
84
30056
65
30162
32
30485
70
30650
69
31001
77
31136
77
31318
73
31652
78
31851
73
32090
76
32237
69
32450
32
34351
8
34640
188
34841
32
35042
66
35200
69
36161
76
36301
76
36460
69
36874
8
37020
65
37221
32
38831
38
39112
39
39720
39
40421
8
41031
39
41321
32
41660
40
43921
69
44030
32
44359
66
44600
82
44740
65
45381
86
45720
65
45940
190
