13372
0
13631
73
13876
108
14051
32
14742
108
14935
105
15255
98
15594
114
15842
105
16210
8
16388
111
16590
32
16827
99
17175
104
17375
101
17501
32
17639
115
17825
116
18172
111
18309
32
18423
108
18643
101
18852
103
18995
103
19139
101
19366
110
19622
100
19819
111
19966
32
20092
105
20298
110
20453
32
20865
113
21205
117
22460
101
22654
115
22905
116
23290
111
23417
32
23586
112
23769
101
23950
114
24189
105
24357
111
24643
100
24765
111
24902
32
25124
115
25452
105
25856
32
26438
99
26618
104
26810
105
27018
97
27217
109
27369
97
27534
32
28512
0
28656
34
28863
32
29103
0
29285
76
29477
111
29652
32
30188
8
30359
8
30521
8
30982
8
31436
0
31711
58
32245
8
33431
32
33625
0
33807
76
33999
111
34117
32
34508
0
34877
90
35128
101
36175
110
36302
32
36464
101
36935
13
37447
0
37871
76
38319
8
38814
108
39190
39
39670
97
39964
114
40116
116
40289
101
40471
32
41267
100
41419
101
41617
108
41741
108
41876
97
41994
32
42192
109
42382
97
42751
110
42968
117
43467
116
43853
114
44428
61
45272
8
45583
8
45772
101
46316
110
46702
122
46951
105
47119
111
47319
110
47473
101
47571
32
47784
115
49156
8
49382
101
49686
8
49801
100
49972
101
50729
108
50863
108
50961
97
51076
32
51277
109
51465
111
51965
116
52220
111
52720
99
53703
105
54144
99
54379
108
54580
101
54947
116
55100
116
55233
97
57893
0
58074
34
59547
46
59768
32
60093
0
60623
69
61112
39
61267
32
62436
117
62664
110
62799
32
63390
114
63560
111
63779
109
63978
97
64132
110
64434
122
64726
111
64845
32
65175
101
65752
115
66013
116
66165
114
66279
97
68060
8
68258
8
68477
8
68638
8
68790
8
69651
13
70476
101
71369
115
71527
116
71745
114
71936
101
72209
109
72913
97
73281
109
73966
101
74127
110
74412
116
74565
101
74682
32
74982
97
75107
116
75626
105
78606
8
78815
8
78995
8
81692
97
82098
116
82700
105
82924
112
87735
8
88366
8
88436
8
88496
8
88556
8
88616
8
88676
8
88736
8
88796
8
88856
8
88946
8
89006
8
89066
8
89126
8
89186
8
89448
8
89648
8
90193
8
91529
100
91747
101
92374
108
92958
13
93819
116
93946
105
94245
112
94398
111
94769
32
95504
0
95872
34
96347
111
96640
110
96897
32
97292
116
97510
104
97925
101
98088
32
98827
114
99259
111
99646
97
99922
100
00899
0
01305
34
01792
44
01935
32
02124
109
02286
97
02702
32
04199
8
04398
8
04550
8
05291
105
05479
110
05615
32
05861
99
06059
117
06475
105
06619
32
06815
112
07019
97
07393
114
07610
97
07940
108
08083
108
08190
97
10818
8
10989
101
11727
108
11871
97
12575
109
12710
101
12825
110
13072
116
13188
101
13323
32
13520
97
13775
108
13928
108
14063
97
14218
32
14758
115
15083
116
15543
111
15772
114
15936
105
16105
97
16242
32
17384
100
17593
105
17708
32
17842
117
18060
110
18186
32
18721
118
18875
105
19371
97
19758
103
19901
103
20420
105
20579
111
21880
0
22495
0
22565
0
22625
0
22685
0
22745
0
22805
0
22865
0
23362
0
24147
13
24979
0
25845
32
26138
105
26373
110
26491
32
26652
109
26841
111
27145
116
27268
111
27414
32
28061
118
28290
105
28535
101
28734
110
28859
101
28959
32
29427
114
29569
97
29883
99
30035
99
30214
111
31161
110
32126
116
32203
97
32319
116
32816
111
33280
32
33449
97
35582
99
35752
110
36439
8
36620
8
37722
110
37987
99
38149
104
38302
101
38447
32
38684
105
38890
108
39055
32
39459
118
39632
105
39867
97
40356
103
40490
103
40887
105
41084
111
41239
32
41393
105
41665
110
41977
116
42122
101
42321
114
42541
105
45358
111
45597
114
45806
101
45923
32
46626
99
46918
104
47044
101
47197
32
48208
13
50124
105
50367
108
50644
32
51345
112
51574
114
51754
111
52188
116
52321
97
52624
103
53037
111
53303
110
53831
105
54117
115
54256
116
54389
97
54544
32
54859
115
55073
101
56047
103
56367
117
56549
101
56889
32
58018
112
60526
8
60725
8
63489
32
63968
110
64093
101
64309
108
64443
108
64588
97
64647
32
64834
115
65177
117
65293
97
65783
32
66289
118
66622
105
66932
116
67065
97
68896
46
78007
32
80085
0
80223
69
80583
103
81023
108
81207
105
81322
32
81567
114
81691
97
82018
99
82157
99
82298
111
82573
110
82933
116
83056
97
83220
32
84083
105
84279
108
84434
32
85631
114
88248
8
88419
8
88572
8
88994
32
89377
112
89559
111
89793
115
89973
115
90055
105
90433
98
90812
105
91026
108
91173
105
91326
32
91608
114
92174
8
92596
13
93233
114
93524
97
93853
112
93996
112
94159
111
94445
114
94681
116
94929
105
95035
32
95328
100
95527
101
95808
108
95943
108
96487
39
97509
117
98062
111
98645
109
98843
111
00239
32
00812
99
01065
111
01312
110
01458
32
01925
108
02077
97
02101
32
02395
116
02511
101
03056
99
04634
111
05374
108
06240
8
06420
8
07094
110
07478
111
08984
108
09174
111
09758
103
09912
105
10138
97
10264
32
10426
101
11951
32
12309
99
12516
111
12754
110
12881
32
13208
108
13353
97
13498
32
13664
115
13916
99
14144
105
14408
101
14793
110
15085
122
15275
97
30150
44
30284
32
30825
112
31045
114
31246
101
31565
110
31868
100
32038
101
32266
110
32573
115
32975
8
33071
100
33362
111
33937
13
34528
99
34782
111
35019
109
35294
101
35401
32
35859
112
36339
97
36728
101
36744
114
37270
8
37786
8
37976
8
38147
8
38822
101
39063
115
39276
101
39512
109
39869
112
40110
105
40287
111
40443
32
41166
105
41362
108
41490
32
41800
114
42223
97
42542
91
42895
8
43127
112
43280
112
43452
111
43775
114
44003
116
44313
111
44468
32
46020
99
46247
101
46455
104
46619
32
47573
104
47707
97
47824
32
48023
117
48232
110
48377
32
48519
109
48904
111
49264
116
49490
111
49832
99
50041
105
50629
108
50775
99
51619
8
51809
8
52717
99
52858
108
53051
105
53720
115
54092
116
54225
97
54399
32
55345
99
55709
111
56013
110
56176
32
58156
108
58300
97
58483
32
59257
112
59515
114
60114
111
60351
112
61159
114
61454
105
61623
97
63270
13
63935
109
64320
111
64624
116
64766
111
65301
46
65867
32
66258
0
66760
69
67297
103
67747
108
67959
105
68093
32
68283
100
68502
105
68891
115
69301
116
69511
105
69774
110
70245
103
70687
117
70971
101
71115
32
71434
108
71579
101
71666
32
72547
112
72674
101
73079
114
73927
115
74223
111
74498
110
74689
101
74824
32
76050
99
76313
104
76353
101
76499
32
77081
104
77224
97
77387
110
77521
110
77971
111
78098
32
78285
112
78728
97
78994
117
79306
114
79588
97
80322
32
80670
100
80842
101
81114
108
81257
108
81345
97
81479
32
85867
116
86161
101
86733
99
87082
110
87522
111
87935
108
88154
111
88570
103
88789
105
88931
97
90281
44
90769
13
96359
101
96625
32
96925
97
98414
8
98790
99
99035
104
99115
101
99267
32
99546
115
99733
105
99874
97
99961
32
00460
102
00650
102
01131
8
01312
8
01462
97
02175
102
02356
102
02483
105
02895
100
03103
97
03322
110
06338
110
06546
111
06702
32
07031
109
07229
111
12570
116
12824
111
12971
32
13339
105
13535
112
13896
101
14096
114
14324
32
15224
8
20636
32
20914
115
21101
105
21393
99
22245
117
22435
114
22626
101
25140
44
25320
32
25585
100
25858
97
26965
8
27486
8
27566
8
27626
8
29023
8
29546
8
30399
8
31096
8
31176
8
31236
8
31296
8
31356
8
31416
8
31476
8
31536
8
31596
8
31676
8
31736
8
32021
8
32189
8
32933
115
33238
111
33428
108
33581
111
33736
32
33990
97
34095
32
34788
112
34999
114
35225
111
35763
102
35954
101
36259
115
36431
115
36618
105
36795
111
37056
110
37318
105
37577
115
37903
116
38197
105
38855
8
39746
8
39826
8
39886
8
39946
8
40006
8
40066
8
40126
8
40186
8
40246
8
40326
8
41072
8
41796
8
41866
8
41926
8
41986
8
42046
8
42106
8
42166
8
42226
8
42286
8
42376
8
42436
8
42496
8
42556
8
42616
8
42676
8
42736
8
42796
8
42886
8
42946
8
43006
8
43066
8
43371
8
43561
8
44243
110
44722
111
44959
110
45105
32
45364
115
45529
111
45785
110
45993
111
46168
32
46265
105
46668
110
47717
103
47916
114
48105
97
49303
0
49495
0
49678
0
50279
0
50838
0
51052
32
51377
0
51523
0
51687
0
51880
0
52851
100
53207
111
53353
32
53636
100
53799
105
53943
32
54217
99
54508
97
54662
109
54956
98
55363
105
55560
97
55770
114
55961
101
56142
32
57050
117
57249
110
57429
97
57556
32
57932
103
58139
111
58433
109
58567
109
58673
97
59752
44
59942
32
61205
99
61374
111
61612
110
61757
32
62019
113
62304
117
62570
101
62795
108
62947
108
63094
105
63228
32
63381
99
63626
104
63674
101
63831
32
64309
104
64415
97
64543
110
64722
110
65835
0
66009
0
66164
0
66310
0
66971
13
67709
0
68619
111
68766
32
69088
105
69304
110
69728
118
69928
101
70267
99
70504
101
70667
32
70987
117
71177
110
71322
32
71633
109
71858
111
75681
8
76614
0
83119
0
84333
8
85167
8
85235
8
85460
8
86302
114
86472
97
86903
112
87047
112
87209
111
87514
114
87722
116
87995
111
88169
32
88832
112
89287
105
90109
117
90923
39
94708
32
02379
8
06737
32
08286
112
08414
101
08604
114
08957
115
09309
111
09556
110
09737
97
09955
108
10175
101
10301
32
11107
99
11294
111
11551
110
11724
32
11912
108
12066
97
12221
32
12410
109
12655
111
12958
116
13101
111
13658
44
13838
32
14019
101
14145
32
14335
99
14571
104
14669
101
14813
32
15175
115
15388
101
15625
103
16048
117
16666
111
16933
110
17159
111
17324
32
17449
105
17786
108
18694
0
18868
0
19314
13
20284
0
20476
0
20632
0
21268
32
21615
109
21844
101
22174
116
22409
111
22657
100
22740
111
22880
32
23270
115
23522
99
24524
105
24638
101
25406
110
25727
116
25910
105
26361
102
26581
105
26909
99
27098
111
27346
32
27571
112
27783
101
28011
114
28033
32
30218
109
30455
97
30583
110
30922
116
31197
101
31507
110
31641
110
32655
8
32984
101
33260
116
33282
114
33756
8
34011
8
34153
116
34390
101
34732
8
34903
8
35538
114
35664
101
35760
32
36222
108
36403
97
36567
32
36756
109
36911
32
37361
111
37823
116
37984
111
38130
32
38396
105
39414
0
39606
0
39762
0
39935
0
40650
0
41079
8
41739
0
43764
0
44268
0
44327
0
44388
0
44448
0
44509
0
44569
0
44649
0
44729
0
44781
0
44855
0
44915
0
44975
0
45269
0
45795
0
45865
0
45925
0
45985
0
46045
0
46105
0
46165
0
46225
0
46613
0
46806
0
48158
110
48284
32
48503
101
48842
102
49004
102
49252
105
49655
99
49828
105
49961
101
50318
110
50667
122
50894
97
52530
46
52704
32
53953
0
54330
80
58465
8
59134
0
61261
73
61506
108
61680
32
61774
112
62752
8
63257
13
64080
111
64580
114
64865
8
64989
101
65169
114
65510
99
65688
111
66104
114
66449
115
66669
111
66807
32
67557
99
67829
104
67887
101
68053
32
69183
108
69335
111
69473
32
69876
104
70001
97
70118
32
70473
112
70664
111
70996
114
71606
116
71813
97
71986
116
72589
105
73395
8
73759
111
73962
32
74496
104
74611
97
74757
32
75870
32
76039
97
76643
8
76824
8
77076
97
77344
32
77997
113
78254
117
78472
101
78685
115
78862
116
79032
97
79119
32
81102
99
81290
111
81612
110
81961
99
82133
101
82611
122
82878
105
83037
111
83257
110
83383
101
83555
32
84118
101
84328
32
84973
108
85313
117
85606
110
85872
103
86415
111
86571
32
86761
101
86905
32
89092
100
89252
111
89451
108
89641
111
90123
114
90293
111
90610
115
90757
111
92197
46
