86530
101
86810
99
86920
99
87030
111
87190
109
87300
105
87410
32
87630
113
87680
117
87850
97
88340
32
88400
115
88620
101
88780
100
88890
117
89060
116
89220
97
89330
32
89550
116
89720
101
89830
114
89990
97
90100
112
90210
101
90320
117
90490
116
91140
105
91310
99
91470
97
91580
32
91750
100
91860
105
92020
32
92300
116
92350
117
92460
116
92570
116
92680
111
92850
32
93010
113
93070
117
93180
101
93290
108
93400
108
93560
111
93670
32
93780
99
93890
104
93950
101
94060
32
94390
116
94490
105
94660
118
94770
105
94880
101
95320
110
95430
101
95590
32
95760
105
95870
110
96140
32
96860
109
96970
101
97240
110
97350
116
97520
101
97850
13
99000
101
99270
99
99380
99
99600
111
99710
32
99820
117
00040
110
00210
111
00320
32
00700
100
00760
117
00870
101
01030
32
01140
116
01310
114
01470
101
02510
32
03280
102
03340
105
03500
111
03610
114
03780
105
03830
32
04050
114
04220
111
04380
115
04550
115
04710
105
04820
32
05320
114
05370
117
05530
103
05640
105
05750
97
05920
100
06080
97
06300
32
06470
110
06580
101
06800
114
07020
97
07240
32
07460
109
07620
111
07730
114
07840
116
07950
105
08060
32
08280
100
08450
97
08560
112
08720
112
08780
101
08830
114
09050
116
09210
117
09320
116
09600
116
09930
111
10200
13
10480
101
11250
115
11470
99
11580
101
11740
32
11910
100
12070
97
12510
32
12680
115
12890
111
13000
116
13110
116
13280
111
13550
116
13720
101
13990
114
14100
114
14270
97
14490
32
14760
117
15040
110
15090
32
15310
99
15530
97
15750
100
15920
97
16300
118
16470
101
16570
114
16680
101
16790
32
17010
112
17180
117
17450
122
17620
122
17670
111
17840
108
17950
101
18060
110
18110
116
18280
101
18660
32
18990
99
19100
104
19210
101
19490
32
19870
99
19980
111
20250
110
20250
32
20310
108
20420
101
20470
32
20640
109
20750
97
20860
110
21240
105
21410
32
21630
103
21790
114
21900
111
21960
110
22070
100
22180
97
22290
110
22400
116
22450
105
22670
13
22840
100
23280
105
23440
32
23720
115
23930
97
23990
110
24700
103
24810
117
25140
101
25250
32
25580
109
25800
105
25860
32
26020
105
26080
110
26240
115
26410
101
26570
103
26680
117
26790
101
27010
32
27230
97
27610
104
27780
97
28050
32
28160
104
28330
97
28490
104
28660
97
28770
104
28880
97
29040
104
29100
97
29320
104
29480
32
29700
32
29980
101
30200
100
30310
32
30470
101
30690
99
30800
99
30910
111
30970
109
31190
105
31290
32
31790
100
31900
105
31950
32
32450
110
32720
117
32830
111
32940
118
33050
111
33160
32
34150
97
34430
32
34970
99
35190
97
35360
115
35520
97
35850
32
36900
110
37060
101
37170
108
37340
108
37780
97
38110
32
39090
110
39150
97
39420
118
39530
101
39700
32
40140
13
40470
100
40580
105
40630
32
40910
102
41130
101
41400
114
41510
114
41680
111
41840
32
46510
117
46670
110
46840
111
46890
32
47060
100
47110
117
47280
101
47390
32
47500
116
47660
114
47770
101
47880
32
47990
113
48100
117
48210
97
48430
116
48540
116
48930
114
49150
111
49530
32
51290
111
51340
114
51560
97
51670
32
51890
109
52000
101
52220
32
52390
110
52440
101
52610
32
52720
118
52940
97
53100
100
53210
111
53320
32
53480
97
53650
32
53700
99
53980
97
54140
115
54310
97
54420
32
54580
97
54690
112
54800
112
54910
101
55020
110
55130
97
55300
32
55570
112
55740
111
55790
115
55900
115
56010
111
56400
13
56840
118
57000
101
57160
100
57270
105
57380
97
57440
109
57550
111
57600
32
57820
99
57880
104
57990
101
58100
32
58320
111
58430
114
58590
101
58810
32
58980
115
59090
111
59200
110
59310
111
59420
32
59640
117
59800
110
59970
111
60300
32
60520
32
60950
117
61010
100
61280
101
61670
32
62330
116
62490
114
62660
101
63150
32
63540
99
63650
111
63760
110
63920
115
64030
105
64140
100
64360
101
64470
114
64630
97
64740
110
64910
100
64960
111
65070
32
65240
99
65350
104
65460
101
65620
32
65790
110
65950
101
66010
108
66120
32
66280
112
66340
114
66450
111
66560
99
66780
101
67000
115
67110
115
67220
111
67490
13
67660
100
67770
105
67880
32
68100
114
68480
101
68700
118
68810
105
68920
115
69030
105
69140
111
69190
110
69300
101
69470
32
69580
100
69740
101
69910
105
69960
32
70240
110
70510
111
70680
115
70790
116
70900
114
71010
105
71060
32
71230
97
71450
116
71560
116
71610
105
71780
32
72100
97
72320
116
72430
116
72490
117
72650
97
72820
114
72930
105
72980
97
73150
108
73420
105
73640
32
73920
101
74190
99
74300
99
74410
111
74520
32
74740
110
74850
101
74960
108
75070
32
75350
50
75400
48
75560
48
75730
50
75950
32
76390
110
76550
111
76720
105
76830
32
77160
112
77320
111
77430
115
77600
115
77650
105
77820
97
77930
109
78040
111
78310
13
78530
112
78750
101
78860
110
78970
115
79140
97
79300
114
79410
101
79570
32
79740
100
79900
105
79960
32
80230
111
80450
116
80560
116
80730
101
80840
110
80950
101
81000
114
81170
101
81280
32
81440
117
81660
110
81770
32
81940
112
82270
8
82380
98
82540
117
82710
111
82820
110
82920
32
83030
108
83200
105
83250
118
83420
101
83470
108
83580
108
83750
111
83860
32
83970
100
84080
105
84130
32
84350
114
84570
101
84790
118
85010
101
85180
110
85400
117
85510
101
85670
115
85840
32
85950
97
86280
8
86550
115
86710
101
86880
110
87100
122
87260
97
87370
32
87480
97
87700
115
87870
115
87920
111
88090
108
88250
117
88310
116
88470
97
88580
109
88690
101
88750
110
88800
116
88910
101
89020
13
89350
115
89520
97
89630
112
89740
101
89850
114
89960
101
90070
32
90340
112
90450
101
90560
114
90780
99
90890
104
91490
101
92040
39
92210
32
92480
109
92540
97
92760
32
92810
108
93030
39
93250
105
93420
109
93530
112
93640
111
93690
114
93860
116
93960
97
94070
110
94130
116
94290
101
94400
32
95010
101
95170
39
95500
32
95500
105
95560
108
95610
32
95830
114
95940
105
96110
115
96110
117
96330
108
96440
116
96600
97
96770
116
96880
111
96930
108
96990
32
98030
101
98140
32
98360
112
98520
111
98910
32
99510
105
99680
32
99950
108
00390
39
00610
117
00720
116
00830
105
01000
108
01110
101
01220
13
01760
101
02040
39
02150
32
02310
115
02480
101
02590
109
02750
112
02860
114
02970
101
03030
32
03250
117
03300
116
03410
105
03580
108
03740
101
04180
32
04400
115
04570
101
04680
109
04840
112
04900
114
05000
101
05170
32
05500
109
05550
101
05770
103
05830
108
05940
105
06100
111
06100
32
06270
100
06430
101
06540
108
06710
32
06820
100
06980
101
07150
98
07260
105
07370
116
07530
111
07640
32
07810
118
08030
111
08190
103
08300
108
08410
105
08580
111
08680
32
08850
100
08960
105
09070
114
09120
101
09400
32
09560
117
09730
110
09890
111
10000
32
10440
100
10550
117
10660
101
10880
32
11050
116
11210
114
11320
101
11380
13
11760
99
11820
104
11930
105
12040
101
12260
32
12420
110
12530
111
12640
110
12690
32
12910
102
13020
97
13130
32
13300
117
13410
116
13520
105
13630
108
13740
101
13850
32
14010
110
14120
111
14290
110
14560
32
14780
109
14890
97
15000
110
15220
103
15440
105
15610
97
15770
32
15880
101
16050
32
16210
110
16370
111
16480
110
16540
32
16760
109
16870
97
16980
110
17140
103
17250
105
17360
97
17470
110
17580
111
17690
32
17860
110
17970
101
18190
109
18300
109
18410
101
18520
110
18630
111
18960
105
19070
32
19620
115
19730
117
19830
111
19940
105
20050
32
20600
98
20710
97
20880
109
20990
98
21150
105
21260
110
21430
105
21760
13
22030
97
22250
100
22470
100
22580
100
22580
105
23080
111
23240
32
23570
97
23730
114
23840
114
23950
105
24010
118
24170
101
24390
100
24560
101
24670
114
25000
99
25050
105
25160
32
25330
97
25550
32
25710
109
25820
97
25930
105
26040
32
26320
112
26540
105
27850
117
28070
39
28180
32
28400
114
28510
105
28620
118
28790
101
29010
100
29170
101
29280
114
29390
101
29780
99
30160
105
30270
32
30820
118
30930
105
31090
118
31310
97
31420
32
31640
108
31700
97
31810
32
31970
112
32080
97
32140
117
32360
115
32470
97
32690
32
32850
100
33020
101
33070
108
33180
108
33400
39
33620
111
33790
122
33950
105
34170
111
34390
13
34770
105
34990
111
35100
32
35270
110
35380
111
35490
110
35490
32
35710
102
35870
97
36090
99
36200
99
36310
105
36370
111
36480
32
36640
112
36810
105
37140
117
37470
39
37580
32
37740
117
37960
110
38020
32
38180
116
38290
117
38670
98
38840
111
39000
32
39550
102
39610
105
39720
110
39830
111
39940
32
40100
97
40100
32
40320
110
40650
117
40820
111
40930
118
41040
111
41150
32
41310
111
41370
114
41590
105
42080
8
42190
100
42300
105
42410
110
42520
101
42630
32
42960
99
43010
104
43120
105
43180
97
43340
114
43450
111
43840
33
43890
81
