53870
105
54200
111
54370
44
54480
32
54700
105
54860
108
54920
32
55080
103
55300
114
55410
97
55580
110
55690
100
55850
101
55960
32
56290
114
56400
101
56620
100
56730
32
57220
114
57390
101
57770
8
57880
97
58050
110
58270
103
58490
101
58600
114
59150
32
59420
104
59590
111
59700
32
59920
117
60190
99
60300
99
60410
105
60570
115
60680
111
60850
32
61180
105
61290
101
61400
114
61560
105
62000
32
62110
115
62280
101
62330
114
62610
97
62720
32
62940
97
63050
108
63160
108
63210
101
63380
32
63600
111
63650
114
63870
101
64040
32
64310
50
64470
52
65680
58
66010
48
66120
48
66560
32
67110
40
67280
99
67440
104
67500
101
67720
32
68150
13
68320
99
68480
111
68650
105
68810
110
69310
99
69420
105
69640
100
69800
101
69910
110
70080
122
70240
97
70410
32
70570
97
70680
112
70850
111
71010
99
71120
97
71180
108
71400
105
71510
116
71610
116
71720
105
71830
99
72000
97
72380
33
73150
41
73370
32
74640
105
74800
108
74910
32
75080
99
75290
97
75680
116
75840
116
76010
105
76120
32
76280
99
76450
97
76610
116
76780
116
76890
105
77050
118
77220
105
77380
115
77550
115
77660
105
77820
109
77990
111
78370
32
81280
105
81450
114
81560
101
81890
110
82110
105
82220
99
82270
117
82440
115
83420
44
83530
32
84080
106
84250
111
84470
110
84520
101
84690
116
84800
104
85020
32
85400
13
85680
112
85790
101
85900
114
86060
32
86170
103
86280
108
86330
105
86440
32
86660
97
86720
109
86940
105
86990
99
87160
105
87490
44
87650
32
87980
111
88090
32
88260
109
88370
101
88530
103
88640
108
88810
105
88970
111
89030
32
89190
112
89300
101
89360
114
89410
32
89630
103
89690
108
89800
105
89850
32
90010
101
90230
120
90780
45
90950
97
91110
109
91330
105
91440
99
91500
105
91830
46
91990
32
92760
76
93150
39
94020
104
94240
111
94300
32
94520
105
94680
110
94790
115
94960
101
95180
103
95290
117
95400
105
95560
116
95670
111
96000
44
96000
109
96170
32
96610
8
96720
8
96880
32
97050
103
97160
108
97210
105
97480
13
97760
104
97920
111
98090
32
98310
115
98470
99
98640
97
98750
114
98910
97
99240
118
99410
101
99520
110
99630
116
99790
97
99960
116
00120
111
00180
32
00340
97
00560
100
00670
100
00780
111
00890
115
01050
115
01160
111
01380
32
03530
97
03690
110
03860
105
04080
109
04190
97
04350
108
04460
97
04730
99
04840
99
04950
105
05010
32
05230
100
05340
105
05450
32
05780
111
05940
103
06050
110
06220
105
06330
32
06490
115
06600
112
06710
101
06990
99
07150
105
07370
101
07590
32
08800
101
09730
32
10120
116
10230
105
10450
112
10670
111
11270
44
11440
32
12200
112
12370
111
12590
105
13190
13
13580
99
13740
111
13850
110
14070
32
14290
109
14400
97
14620
115
14730
115
14840
105
15060
109
15280
111
15500
32
16540
97
16760
116
16870
116
17040
101
17200
110
17370
122
17480
105
17590
111
17640
110
17750
101
17920
32
18080
109
18250
105
18360
32
18520
115
18580
111
18690
110
18800
111
18960
32
19240
97
19460
118
19620
118
19670
105
20060
99
20170
105
20330
110
20440
97
20770
114
20770
116
20830
111
21050
44
21320
8
21490
8
21650
8
21760
8
21870
116
22040
111
22150
32
22310
105
22420
110
22480
118
22590
105
22750
97
22860
110
23030
100
23080
111
23190
32
24120
100
24510
97
25390
112
25610
112
25720
114
25770
105
25880
109
25990
97
26100
32
26320
105
26870
13
27140
109
27470
105
27640
97
28080
8
28190
101
28460
105
28630
32
29560
99
29620
111
29730
110
29840
32
30880
115
31040
112
31430
114
31540
101
32360
103
32420
105
32530
111
32580
32
32800
100
32910
101
33020
108
33190
32
33680
112
33740
101
33850
114
34340
105
34560
99
34670
111
34890
108
35000
111
35160
32
35490
101
35600
32
36540
99
36700
111
36810
114
36980
97
37140
103
37310
103
37420
105
37530
111
37690
32
39390
101
39500
110
39610
111
39670
114
39830
109
40000
101
40110
32
40270
100
40380
101
40600
103
40660
108
40770
105
40880
32
41100
97
41210
108
41260
116
41430
114
41540
105
42300
44
42690
13
42910
105
43130
111
43240
32
43400
109
43460
101
43730
32
43900
110
44010
101
44170
32
44340
115
44610
116
44780
97
45000
118
45050
111
45220
32
45320
105
45430
110
45540
32
45710
100
45760
105
45930
115
46040
112
46200
97
46530
116
47080
8
47190
114
47360
116
47520
101
47630
44
47800
32
47960
109
48020
97
48240
32
48400
110
48570
105
48620
101
48790
110
49060
116
49220
101
49330
32
49500
100
49660
97
49720
32
49880
102
50050
97
50160
114
50270
101
50930
44
51370
32
56800
108
57460
117
57630
105
57740
32
57900
99
57960
111
58120
110
58180
116
58340
105
58510
110
58670
117
58780
97
64270
118
64660
97
34250
13
34520
97
34690
32
34800
114
34910
101
35070
115
35240
105
35570
115
35730
116
35840
101
36010
114
36170
101
37220
44
37270
32
37430
97
37490
108
37650
108
37760
111
37870
114
38040
97
38150
32
38370
109
38530
105
38530
32
38700
115
38860
99
38970
111
39080
110
39190
111
39250
32
39520
115
39910
99
40020
111
40130
97
40510
8
40680
99
40840
99
41060
105
41110
97
41330
116
41440
111
41720
44
41770
32
41990
109
42160
105
42210
32
42320
115
42380
111
42490
110
42600
111
42650
32
42870
116
43040
114
43150
97
43370
115
44030
102
44140
111
44250
114
44410
109
44470
97
44630
116
44740
111
45010
32
45180
110
45290
101
45400
108
45670
13
45840
116
46000
101
46170
114
46280
114
46390
105
46500
98
46550
105
46720
108
46770
101
46940
32
47160
115
47270
108
47320
97
47490
121
47650
101
47820
114
47980
44
48090
32
48310
108
48690
97
48800
32
49020
109
49130
105
49190
97
49350
32
49460
114
49570
101
49680
112
49850
117
49900
116
50120
97
50290
122
50340
105
50450
111
50510
110
50560
101
50730
32
51330
232
51440
32
51770
115
51990
99
52210
101
52540
115
52700
97
52810
32
52980
115
53090
111
53200
116
53310
116
53420
111
53530
32
53640
105
53750
32
53800
108
53970
105
54350
118
54520
101
54630
108
54740
108
54960
105
55400
13
55670
105
55840
110
55940
118
56050
105
56550
8
56710
8
57150
102
57260
105
57430
109
57540
105
57650
32
57870
100
57980
111
58090
118
58310
101
58470
32
58640
116
58690
103
58750
105
59300
8
59460
8
59570
8
60060
103
60120
105
60390
224
61110
32
61330
115
61380
105
61550
32
61660
116
61820
114
61930
111
61990
118
62150
97
62430
118
62590
97
62870
44
62980
32
63140
109
63250
97
63470
32
63520
110
63630
111
63740
110
63800
32
63960
112
64020
101
64130
114
64240
32
64460
99
64570
111
64730
108
65010
112
65120
97
65340
32
65610
109
65780
105
65830
97
66220
46
66490
32
67920
80
68080
111
68300
105
68410
32
69900
104
70170
111
70340
32
71600
97
71820
116
71930
116
72040
97
72260
99
72420
99
72590
97
72750
116
72860
111
73080
13
73250
99
73360
111
73520
110
73580
32
73740
116
73850
117
73960
116
74130
116
74240
105
74340
32
74560
97
74780
100
75330
111
75500
115
75660
115
75940
8
76100
8
76270
8
76380
100
76540
111
76760
115
76870
115
76980
111
77090
32
77260
101
77310
32
77480
100
77640
97
77810
103
77860
108
78020
105
78240
32
81050
98
81100
111
81320
116
81430
116
81600
101
81760
32
81870
100
82030
97
82470
32
82690
111
82750
114
82970
98
83080
105
83130
32
83570
102
83680
117
83790
111
83960
99
84010
104
84180
105
84230
32
84400
97
84510
114
84730
116
84780
105
84890
99
85000
105
85710
8
85820
8
85930
102
86100
105
86210
99
86320
105
86430
97
86480
108
86700
105
86920
32
87090
101
87250
32
87420
108
87580
117
87800
105
88020
13
88630
105
88790
108
88960
32
89060
109
89390
97
89670
108
89780
101
89940
100
90220
101
90490
116
90660
116
90770
105
90990
115
91100
115
91210
105
91370
109
91480
111
91590
32
91920
105
92030
114
92200
101
92640
110
92800
105
92960
99
93070
117
93460
115
93730
32
94010
106
94010
104
94450
8
94610
8
94890
106
95110
111
95330
110
95440
101
95600
116
95770
104
96100
32
97190
232
97360
32
98070
115
98240
116
98350
114
98510
97
98620
109
98730
97
98950
122
99120
122
99280
97
99450
116
99560
111
99670
32
00600
109
00820
111
01200
114
01370
116
01420
111
01530
32
01700
97
01750
108
01920
32
02030
115
02140
117
02300
111
02470
108
02630
111
02960
44
03070
32
03180
97
03290
110
03460
99
03570
104
03620
101
03890
13
04500
103
04660
114
04770
97
04940
122
05050
105
05100
101
05270
32
05380
97
05490
108
05600
108
05710
97
05820
32
06040
112
06090
97
06260
116
06480
99
06530
104
06700
32
06860
115
07030
101
07140
110
07190
122
07410
97
07520
32
07680
108
07740
97
07850
32
07960
113
08070
117
08120
97
08230
108
08400
101
08510
32
08730
110
08890
111
08950
110
09000
32
09500
102
09550
117
09770
110
09880
122
09990
105
10050
111
10160
110
10490
97
10490
118
11140
97
11530
46
11640
32
11860
100
12020
101
12190
118
12300
111
12350
32
12570
97
12740
109
12850
109
12960
97
13180
122
13340
122
13510
97
13620
114
13780
101
14000
32
14500
13
14660
113
14830
117
14880
97
15040
108
15320
99
15430
117
15650
110
15700
32
15870
97
15980
108
16090
116
16200
114
16310
111
16420
32
16580
97
16690
32
16860
113
16970
117
17080
101
17190
115
17240
116
17410
111
17460
32
17570
112
17680
114
17790
111
17960
112
18070
111
18180
115
18290
105
18340
116
18450
111
19550
46
