04740
115
05400
105
06170
99
06610
117
06780
114
06890
101
07160
122
07380
122
07650
97
07820
32
07980
100
08150
101
08310
108
08480
108
08590
101
08750
32
08860
114
09030
101
09190
116
09360
105
09630
112
10020
8
10240
32
10350
112
10510
114
10620
105
10730
118
10950
97
11220
116
11390
101
19410
13
27260
49
27540
46
27700
32
27920
116
28030
105
28310
112
28470
111
28690
108
30500
8
30670
8
30830
8
31000
8
31220
97
31490
115
31660
115
31710
111
31880
110
32040
111
32210
109
32370
105
32480
97
32650
32
32810
100
32970
101
33190
103
33250
108
33300
105
33470
32
34130
105
34290
110
34400
99
34510
105
34730
100
34950
101
35120
110
35170
116
35340
105
35450
32
35670
100
35780
105
35890
32
37310
115
37530
105
37590
99
37750
117
37860
114
37970
101
38190
122
38300
122
38580
97
38960
32
39130
105
39240
110
39350
102
39460
111
39570
114
39680
109
39790
97
39950
116
40230
105
40330
99
40610
97
41270
13
42200
50
42750
46
42970
32
50770
115
52690
8
82020
116
82410
97
82680
115
82850
115
82960
111
83120
110
83290
111
83450
109
83620
105
83730
97
83890
32
84110
100
84550
101
85540
108
85760
108
85920
101
86420
32
91910
100
92070
105
92350
102
92730
101
93010
115
93170
101
93560
32
94000
116
94220
101
94490
99
94820
110
95040
111
95320
108
95540
111
95640
103
95860
105
96030
99
96140
104
96250
101
98560
8
02020
103
02130
108
02240
105
02350
32
02620
115
02790
116
03000
101
03550
8
05040
114
05150
117
05750
109
05860
101
05970
110
06140
116
06300
105
06580
32
10090
8
13830
115
14150
116
14370
114
14480
117
14700
109
14870
101
14980
110
15090
116
15200
105
15360
32
15580
100
15750
105
15910
32
16520
105
16680
110
16850
102
16960
111
17010
114
17120
109
17230
97
17400
116
17510
105
17620
111
17670
110
17720
32
18000
115
18160
101
18380
99
18490
117
18600
114
18710
105
18820
116
18930
121
20910
13
22940
51
23220
46
23440
32
32390
115
32610
99
33710
8
33870
8
35410
118
35580
117
36180
108
36450
110
36560
101
36620
114
36890
97
37170
98
37280
105
37440
108
37550
105
37880
116
37990
121
38100
32
38320
97
38540
115
38710
101
38930
115
39040
115
39260
101
39700
8
39860
8
40020
8
40190
8
40350
115
40570
101
40960
115
41120
115
41230
109
41340
101
41450
110
41560
116
41840
13
42770
52
43050
46
43320
32
46560
102
46780
105
46950
114
47060
101
47380
119
47600
97
47820
108
47990
108
55350
44
55460
32
55680
114
55840
111
55900
117
56010
116
56120
101
56230
114
56450
44
56670
32
57110
112
57220
114
57330
111
57660
120
57930
121
59630
13
61010
53
61450
46
61720
32
67050
105
67210
110
67380
116
67540
114
67650
117
67870
115
67930
105
68040
111
68090
110
68370
32
68700
116
69030
8
69080
100
69300
101
69460
116
69570
101
69790
99
69960
116
70070
105
70120
111
70230
110
70400
115
70730
8
70950
32
71770
8
73910
110
74350
32
74460
100
74680
101
74790
116
74960
101
75180
99
75290
116
75450
105
75510
111
75620
110
75730
32
76060
115
76110
121
76280
115
76500
116
76610
101
76820
109
76880
115
78860
13
80070
54
80290
46
80450
32
87210
115
87430
116
87590
114
87700
117
87920
109
88030
101
88140
110
88250
116
88360
105
88470
32
88630
99
88850
114
89130
105
89290
116
89460
116
89730
111
90060
114
90390
8
90450
103
90610
114
90780
97
91000
102
91110
105
91270
99
91330
105
91490
32
91820
117
92090
116
92200
105
92370
108
92420
105
92590
122
92750
122
92920
97
93250
98
93300
105
93470
108
93580
105
94510
105
94730
110
95110
8
95280
8
95390
32
95550
105
95720
110
95830
32
95940
117
96100
110
96210
97
96320
32
96430
114
96540
101
96710
116
96870
101
97310
32
97420
112
97590
114
97640
105
97750
118
97970
97
98140
116
98520
97
99290
8
01710
112
01870
101
01930
114
02040
32
02260
117
02420
110
02530
97
02640
32
02750
114
03020
101
03130
116
03300
101
03410
32
03570
112
03630
114
03740
105
03850
118
04070
97
04230
116
04400
97
07250
58
07580
13
08520
54
08790
46
09010
49
09620
32
11150
114
11260
101
11430
116
11590
101
11700
32
11870
112
11980
114
12090
105
12200
118
12360
97
12530
116
12690
97
13130
32
13510
118
13620
105
13680
114
13900
116
13950
117
14060
97
14170
108
14340
101
14830
13
16210
54
16590
46
16700
50
17200
32
18350
99
18510
105
18620
102
18790
114
18900
97
19010
110
19120
116
19450
105
19450
32
19560
97
20110
32
20330
108
20550
105
20660
118
20820
101
20880
108
21040
108
21200
111
21310
32
25650
52
26370
32
27190
101
27470
32
28070
8
30760
100
30870
105
30980
32
31150
115
31310
101
31530
115
31640
115
31810
105
31920
111
31970
110
32020
101
32190
32
32350
111
32520
32
32680
97
32740
112
32900
112
33070
108
33180
105
33230
99
33400
97
33560
116
33620
105
33780
118
33840
111
48500
13
48890
55
49160
46
49270
32
50530
115
50640
105
50750
115
50860
116
51030
101
51140
109
51300
97
51410
32
51630
97
51740
110
51850
116
51960
105
52180
118
52400
105
52570
114
52790
117
52900
115
93490
58
93870
32
01950
99
02050
108
02160
105
02330
101
02440
110
02600
116
02770
44
03210
8
03320
8
03480
8
03650
8
03810
8
03980
8
04140
8
04360
8
04800
8
05240
32
05680
40
05900
115
05950
117
06340
32
06500
99
06560
108
06720
105
06780
101
06940
110
07000
116
07220
44
07270
32
07600
115
07710
117
07880
32
08150
102
08320
105
08540
114
08650
101
08870
97
09250
8
09310
119
09520
97
09580
108
09740
108
09960
44
10020
32
10180
115
10290
117
10400
32
10570
109
10680
97
10730
105
10900
108
11010
32
11120
115
11280
101
11390
114
11670
118
11890
101
11940
114
12880
41
50830
13
51930
56
52420
46
52530
32
53190
115
53300
105
53360
115
53520
116
53680
101
53850
109
54070
105
54230
32
54890
114
55000
105
55110
100
55280
111
55440
110
55660
100
56210
97
56430
116
56600
105
56710
32
57260
101
57690
32
58740
100
58850
105
58960
32
59120
98
59180
97
59450
99
59560
107
59780
117
60000
112
81260
44
81420
32
81920
114
81970
105
82140
115
82300
112
82740
111
83020
115
83120
116
83290
97
83400
32
83510
97
83780
98
83890
108
84000
105
84390
8
84500
8
84660
8
84830
103
84940
108
85100
105
85210
32
85320
105
85430
110
85980
99
86090
105
86200
100
86370
101
86530
110
86590
116
86700
105
21190
13
22290
57
23390
46
24040
32
65620
116
65900
97
66230
115
66450
115
66670
111
66830
110
66940
111
67110
109
67270
105
67490
97
67660
32
67820
99
68150
8
68260
100
68370
101
68590
103
68700
108
68750
105
68970
32
94400
99
94570
111
94620
110
94790
116
94950
114
95060
111
95280
108
95450
108
95610
111
95670
32
95830
100
95940
105
96050
32
96270
97
96490
99
96660
99
96990
101
97260
115
97420
115
97530
111
98850
32
01160
101
01320
32
01540
97
01760
116
02370
8
02640
117
02750
116
02920
101
03030
110
03190
116
03300
105
03410
99
03630
97
03960
122
04020
105
04070
111
04180
110
04240
101
04510
32
04890
102
05000
111
05060
114
05220
116
05390
101
