19760
80
19980
114
20090
111
20150
103
20310
101
20480
116
20590
116
20750
111
20810
32
21250
68
21360
105
21740
100
21910
97
22070
116
22240
116
22290
105
22620
99
22790
97
22890
32
23000
100
23110
105
23170
32
23500
65
23660
108
23770
116
23990
97
24160
32
24380
113
24490
117
24540
97
24650
108
24760
105
25040
8
25200
8
25370
8
25590
8
25700
8
25860
81
26030
117
26140
97
26250
108
26360
105
26470
116
26630
224
27010
13
27230
13
27730
73
27890
108
28000
32
28110
112
28220
114
28280
111
28390
103
28550
101
28720
116
28830
116
28940
111
28990
32
29210
112
29270
114
29380
101
29540
118
29710
101
29930
100
30150
101
30580
32
30750
108
30860
97
31020
32
31080
114
31190
101
31410
97
31460
108
31570
105
31680
122
31850
122
32010
97
32230
122
32290
105
32400
111
32510
110
32730
101
33060
32
33220
100
33330
105
33440
32
33610
117
33830
110
33930
32
34430
108
34480
97
34700
98
34810
111
34870
114
35030
97
35200
116
35310
111
35420
114
35530
105
35690
111
35800
32
36410
100
36570
105
37010
100
37180
97
37450
116
37560
116
37670
105
37780
99
37940
111
38330
13
38710
97
38930
118
39210
97
39370
110
39540
122
39700
97
40250
116
40530
111
40640
32
41840
105
42230
8
42500
112
42610
101
42670
114
42890
32
44590
103
44700
108
44760
105
44870
32
45030
115
45140
116
45190
117
45300
100
45470
101
45580
110
45690
116
45800
105
45910
32
46680
100
46840
101
47060
32
47610
8
47830
8
48220
101
48380
108
48550
108
48660
97
48760
32
48980
116
49310
8
49530
108
49640
97
49810
117
49920
114
50030
101
50190
97
50410
32
50800
116
51020
114
51460
105
51680
101
51900
110
52060
110
52170
97
52340
108
52440
101
53210
44
53320
32
54480
111
54590
114
55080
105
55190
101
55360
110
55410
116
55580
97
55740
116
55910
111
56290
13
56510
97
56620
108
56730
108
56950
39
57390
117
57550
116
57660
105
57990
108
58380
105
58490
115
58650
115
58930
8
59040
8
59150
122
59310
122
59480
111
59590
32
59750
100
59910
105
59970
32
60300
115
60460
111
60520
102
60740
116
60850
119
61070
97
61180
114
61290
101
61400
32
61560
101
61730
32
61950
104
62000
97
62170
114
62330
100
62500
119
62720
97
62830
114
62940
101
63100
32
63430
112
63480
101
63540
114
63700
32
63760
97
63920
112
64030
112
64200
108
64310
105
64360
99
64580
97
64910
122
65020
105
65080
111
65190
110
65410
105
65570
32
65790
100
65900
105
66010
32
66290
114
66450
101
66560
116
66730
101
66890
32
67380
101
67550
13
69470
8
69580
8
69750
8
70080
44
71120
13
71890
109
72110
111
72600
110
72600
105
72600
116
72660
111
72820
114
72930
105
73370
8
73480
97
73700
116
74030
8
74140
103
74310
103
74580
105
74800
111
74960
32
78040
100
78150
105
78260
32
78420
116
78590
114
78700
97
78920
102
79080
102
79140
105
79250
99
79410
111
79580
32
80680
100
80790
105
80900
32
81060
114
81170
101
81280
116
81450
101
81780
32
83260
8
83590
44
83970
32
86280
115
86390
105
86440
115
86610
116
86720
101
86770
109
86880
105
86990
32
87160
111
87320
112
87380
101
87430
114
87600
97
87760
116
87870
105
87980
118
88090
105
90180
8
92380
105
92540
110
92600
116
92820
101
92820
114
93090
110
93200
97
93470
108
93580
115
93750
32
94130
100
94460
8
94850
100
95010
101
95120
105
95180
32
95340
115
95450
105
95510
115
95620
116
95780
101
95840
109
95950
105
96060
32
96220
111
96390
112
96440
101
96550
114
96660
97
96820
116
96880
105
97150
118
97260
105
97590
13
97920
101
98200
32
98970
115
99130
105
00280
99
00450
117
00560
105
01160
8
01330
114
01440
101
01660
122
01820
122
01930
97
02040
32
02150
100
02260
105
02320
32
02480
114
02590
101
02760
116
02870
105
02980
32
03200
101
03310
32
03420
99
03580
97
03640
108
03800
99
03860
111
04070
108
04130
97
04290
116
04400
111
04510
114
04620
105
04900
46
05010
32
05610
80
05830
101
05940
114
06050
32
06160
113
06330
117
06380
101
06710
115
06880
116
06990
111
07100
32
07370
116
07430
105
07590
112
07750
111
07860
32
08030
100
08080
105
08190
32
08360
97
08410
112
08580
112
08740
108
08740
46
08800
105
08850
99
09070
97
09240
8
09400
8
09570
8
09680
8
09900
105
10010
99
10230
97
10390
122
10450
105
10560
111
10670
110
10780
105
11220
13
11980
232
12090
32
12310
110
12370
101
12590
99
12750
101
12920
115
13030
115
13190
97
13300
114
13410
105
13470
111
13580
32
13740
100
13800
105
13910
115
14020
112
14180
111
14350
115
14790
8
14900
114
15330
114
15500
101
15660
32
15770
100
15830
105
15940
32
16050
117
16210
110
16430
39
16540
97
16650
117
17150
108
17260
97
17420
32
17590
100
17640
105
17810
100
17970
97
18140
116
18300
116
18360
105
18520
99
18690
97
18850
32
19180
115
19340
101
19450
112
19560
97
19730
114
19890
97
20060
116
20220
97
20500
44
20610
32
22370
99
22530
104
22580
101
22750
32
22860
110
23020
111
23080
110
23350
13
23570
112
23900
111
24010
115
24120
115
24290
97
24510
32
24670
105
24780
110
24780
116
24950
101
25060
114
25550
102
25720
101
25830
114
25880
101
25990
105
26590
8
26760
8
27030
105
27090
114
27200
101
27360
32
27530
99
27580
111
27640
110
27750
32
27860
105
27970
108
28020
32
28190
114
28350
101
28460
115
28520
116
28630
111
28680
32
28790
100
28960
101
29070
108
29180
108
29290
97
29400
32
29450
114
29560
101
29730
116
29830
101
29940
32
30050
100
30160
105
30270
100
30440
97
30600
116
30770
116
30820
105
30930
99
31100
97
31210
32
31980
101
32140
32
34390
99
34450
111
34560
110
34610
32
34830
108
34890
97
35110
13
35220
114
35380
101
35550
116
35660
101
35710
32
35880
101
36040
115
36370
116
36540
101
36590
114
36760
110
36920
97
37030
44
37140
32
38130
100
38290
111
38350
118
38510
101
38730
32
39170
103
39280
108
39340
105
39450
32
39940
115
40110
116
40220
117
40270
100
40440
101
40550
110
40600
116
40710
105
41040
32
42140
112
42300
111
42410
115
42520
115
42690
97
42850
110
42960
111
43070
32
44340
108
44500
105
44550
98
44720
101
44830
114
44990
97
45050
109
45210
101
45270
110
45380
116
45490
101
45760
32
46040
115
46150
112
46260
101
46810
114
46920
105
47080
109
47190
101
47300
110
47300
116
47520
97
47690
114
47850
101
48450
44
48670
13
48890
105
49060
110
49110
115
49220
116
49330
97
49440
108
49550
108
50100
97
50270
114
50430
101
50760
32
53840
101
54610
32
61420
116
61580
101
61690
115
61800
116
61970
97
62130
114
62240
101
62410
32
62630
105
62900
108
63120
32
64220
8
64710
32
64930
115
65040
111
65210
102
65430
116
65540
119
65760
97
65920
114
66030
101
66140
32
66580
115
66690
112
66910
101
67130
99
67240
105
67510
102
67620
105
67730
99
67840
111
67950
32
68280
112
68340
101
68450
114
68500
32
68670
108
68780
101
68890
32
68940
97
69050
112
69220
112
69220
242
69380
108
69380
105
69490
99
69770
8
69880
8
70040
8
70210
8
70370
108
70530
105
70700
99
70860
97
71030
122
71080
105
71190
111
71250
110
71410
105
71410
32
71690
99
71800
105
71910
116
72070
97
72840
116
73010
101
73450
46
73670
13
77130
71
77400
108
77570
105
77620
32
77730
115
77890
116
78000
117
78060
101
78110
100
78500
8
78830
8
78990
100
79160
101
79210
110
79320
116
79380
105
79540
32
79650
112
79870
111
79870
116
80040
114
80150
97
80310
110
80420
110
80590
111
80640
32
80750
97
80920
108
80970
116
81140
114
81410
101
82290
115
82450
236
82620
32
86130
108
86300
101
86460
103
86630
103
86790
101
86850
114
86960
101
87120
32
87290
100
87340
105
87450
114
87560
101
87730
116
87840
116
88000
97
88060
109
88220
101
88280
110
88330
116
88440
101
88610
32
88770
105
88930
108
89260
32
89320
116
89320
114
89480
97
89920
102
90030
102
90140
105
90250
99
90360
111
90530
32
90640
115
90750
117
90970
13
91240
114
91350
101
91520
116
91630
101
92890
32
93110
108
93330
105
93440
109
93550
105
93600
116
93820
97
94040
116
94320
97
94480
109
94650
101
94700
110
94810
116
94980
101
95090
32
95200
97
95310
108
95360
32
95530
108
95640
97
95800
103
95860
118
95860
98
95970
111
96240
8
96400
8
96510
8
96680
8
96840
98
96950
111
97060
114
97170
97
97450
116
97560
111
97670
114
97780
105
97940
111
98050
32
98380
114
98490
101
98600
97
98710
108
98820
105
98930
122
99040
122
99210
97
99590
116
99970
111
00360
44
00470
32
03650
101
04480
32
04640
115
04750
112
04860
101
05080
114
05190
105
05300
109
05410
101
05520
110
05520
116
05690
97
05800
114
05910
101
06070
13
06570
116
06730
101
06950
99
06950
110
07060
105
07170
99
07330
104
07390
101
07610
32
07880
100
08050
105
08100
32
08760
109
08820
97
08980
115
09150
104
09200
101
09420
114
09590
97
09700
109
09810
101
09920
110
09970
116
10080
111
10360
32
10630
101
10800
32
11290
109
11450
111
11510
100
11670
105
11890
102
12000
105
12060
99
12220
97
12390
32
12500
100
12720
101
12880
103
12940
108
13540
105
13540
32
13540
105
14090
110
14260
100
14310
105
14480
114
14580
105
14750
122
14910
122
14970
105
15300
46
