94510
101
94840
99
94890
99
95000
111
95170
109
95330
105
95390
32
95550
111
95610
114
95770
97
95880
32
96100
116
96160
105
96270
32
96430
115
96600
99
96820
114
96870
105
96980
118
97140
111
97200
32
97470
115
97580
117
97750
99
97910
105
98300
8
98460
8
98960
98
99070
105
99180
116
99290
111
99340
32
99510
108
99560
101
99730
32
99840
116
00000
117
00110
101
00220
32
00440
99
00660
97
00880
122
00990
122
01150
97
01370
116
01480
105
01590
110
01760
101
02030
32
02200
101
02420
99
02530
99
02640
111
02970
32
03740
232
03850
32
04120
109
04340
111
04500
108
04560
116
04670
111
05660
13
06150
117
06260
114
06430
103
06590
101
06700
110
06760
116
06920
101
06980
32
07140
108
07310
111
07360
32
07580
102
07690
97
07910
99
08070
99
08130
105
08240
111
08350
32
08460
115
08620
117
08840
98
08950
105
09120
116
09230
105
09390
110
09500
111
09670
32
10160
115
10270
117
10490
98
10600
105
10770
116
10880
105
11100
110
11320
111
69150
32
69260
32
69980
101
70140
32
70250
97
70470
100
70580
101
70800
115
70910
115
71020
111
71070
32
71240
99
71350
104
71460
101
71570
32
71620
116
71730
105
71840
32
71950
104
72060
111
72170
32
72340
100
72450
97
72610
116
72720
111
72780
32
73000
113
73110
117
73220
101
73330
115
73440
116
73550
97
73660
13
74260
98
74530
114
74640
105
74810
108
74970
108
75080
97
75140
110
75250
116
75360
101
75410
32
75520
100
75630
105
75740
109
75850
111
75960
115
76020
116
76180
114
76290
97
76460
122
76570
105
76620
111
76730
110
76840
101
77060
32
77830
112
77830
232
78050
111
78160
116
78320
114
78430
101
78650
105
78820
32
79040
97
79310
110
79480
99
79700
104
79750
101
79860
32
80030
105
80140
110
80190
116
80360
101
80470
114
80690
114
80800
114
80910
111
81180
109
81400
112
81680
114
81780
101
82500
101
82610
114
82770
101
82940
32
83210
105
83380
108
83490
32
83600
109
83760
105
83870
111
83980
32
84200
108
84530
97
84530
32
84530
118
84750
111
84860
114
84970
111
85250
13
85570
101
85740
32
85960
105
86070
110
86180
99
86560
118
86780
101
86950
99
87110
101
87220
32
87390
110
87500
111
87610
32
88100
100
88210
105
88380
109
88490
111
88540
115
88650
116
88760
114
88930
111
89040
32
89140
117
89310
110
89420
97
89580
32
90130
99
90240
111
90300
115
90410
116
90570
97
90680
110
90790
115
90790
122
91010
97
91120
32
91780
101
91950
115
92060
116
92170
114
92280
101
92440
109
92550
97
93260
32
93920
109
94030
97
94140
32
94310
112
94420
114
94530
105
95460
111
95680
112
95790
114
95900
105
96120
111
96290
32
96560
105
96670
110
96780
99
96890
111
96940
110
97000
110
97110
116
97270
101
97990
110
98210
105
98370
98
98480
105
98650
108
98760
101
98920
13
99360
101
99580
99
99690
99
99860
111
00080
32
00460
105
00620
108
00730
32
01010
112
01170
105
02000
249
02110
32
02440
100
02660
105
02880
100
02990
105
03370
116
03430
103
03480
111
03590
32
03810
105
03970
108
04140
32
04690
112
04850
105
05460
249
05570
32
05840
115
06060
101
06120
114
06280
105
06390
111
06500
115
06670
111
06780
32
07000
100
07110
105
07220
32
07440
116
07540
117
07600
116
07760
116
07870
105
07930
32
08420
103
08530
108
08590
105
08700
32
08920
115
09030
116
09190
97
09410
99
09520
99
09740
97
09800
110
09960
111
10070
118
10240
105
10290
115
10460
116
10570
105
10840
13
11120
99
11220
104
11280
101
11390
32
11610
110
11660
101
12380
97
12600
110
12710
99
12820
104
12930
101
13040
32
13200
117
13420
110
13530
32
13810
114
13920
117
14030
115
14140
115
14300
111
14410
32
14630
117
14900
98
15010
114
15120
105
15230
97
15400
99
15510
111
15620
32
15840
112
16000
111
16110
116
16280
114
16390
101
16940
98
17210
98
17210
101
17380
32
17540
102
17710
97
17820
114
18090
32
18260
109
18370
101
18530
103
18580
108
18800
105
18970
111
19020
32
19570
101
19740
32
19960
109
20070
101
20230
103
20290
108
20450
105
20560
32
20780
102
20890
117
21280
109
21390
97
21500
114
21610
101
21720
43
21720
13
21880
99
21990
111
22160
109
22320
101
22480
32
22650
117
22870
110
22920
32
23090
116
23200
117
23310
114
23530
99
23800
111
23910
32
24080
99
24190
104
24300
101
24350
32
24850
98
24960
114
25070
117
25230
99
25340
105
25450
97
25620
114
25730
101
25890
32
26000
99
26110
111
26220
109
26380
101
26550
32
26770
117
26930
110
27040
32
27650
98
27700
97
27920
115
28030
116
28140
111
28250
110
28360
100
28750
8
28910
99
29080
105
29240
110
29350
111
29460
32
29620
100
29730
105
29840
32
29950
108
30060
101
30230
103
30340
110
30500
111
30610
32
30780
97
30890
112
31000
112
31160
117
31330
110
31440
116
31550
105
31880
116
31990
111
32210
13
32480
112
32540
101
32650
114
32870
32
33630
102
33800
97
33910
114
34020
101
34070
32
34240
108
34350
97
34460
32
34620
112
34790
117
35060
110
35170
116
35340
97
35450
32
35610
97
35670
108
35830
108
35940
101
36000
32
36220
109
36380
97
36490
116
36600
105
36660
110
36820
101
37150
8
37480
8
37640
116
37810
101
37920
32
38190
110
38250
101
38520
114
38690
101
38800
32
38960
97
39130
114
39240
97
39350
110
39460
99
39570
105
39680
111
40010
110
40120
105
40230
32
40340
103
40500
105
40610
97
40770
108
40880
108
41380
101
41540
32
41930
101
42420
32
42590
97
42700
110
42810
99
42860
104
42970
101
43300
13
43740
98
43910
108
44070
117
44240
32
44400
100
44450
105
44620
114
44730
105
45000
109
45170
112
45390
101
45610
116
45770
116
45880
111
45990
32
46210
97
46380
108
46490
108
46600
97
46760
32
47040
100
47150
105
47200
114
47370
105
47590
109
47750
112
47920
101
48130
116
48240
116
48410
97
48520
105
48630
97
48850
32
49120
108
49340
117
49510
105
49620
32
49950
115
50550
105
50660
32
50880
103
50990
117
51100
97
51270
114
51490
100
51650
97
51920
118
51980
97
52090
32
52250
108
52420
97
52470
32
52640
106
52860
117
52970
118
53190
101
53410
32
53630
99
53680
104
53790
101
53960
13
54180
118
54670
8
54840
102
54950
97
55170
99
55390
101
55550
118
55710
97
55820
32
55990
109
56150
111
56320
108
56430
116
56590
105
56650
32
56870
109
56980
111
57140
108
57250
116
57360
105
57420
32
57970
103
58130
111
58300
97
58410
108
58520
32
59070
111
59120
32
59390
99
59720
111
60160
8
60440
8
60770
103
60930
111
61260
108
61590
32
61920
101
62530
8
62800
111
62850
32
63350
114
63510
101
63680
116
63840
101
64010
32
64450
114
64560
101
64720
116
64890
101
65050
32
65550
98
65770
97
65930
116
66040
116
66150
105
66260
32
66480
102
66590
111
67080
8
67250
8
67360
103
67580
111
67800
108
67910
101
68240
32
68840
8
69010
8
69170
32
69450
101
69610
32
69890
118
70000
105
70160
118
70380
97
70490
13
70650
116
70820
101
70930
114
71590
101
72250
122
72470
101
72690
103
72850
117
72910
101
73070
116
73180
32
73950
122
74060
105
74170
100
74330
97
74500
110
74610
101
74830
32
76150
100
76310
101
76420
108
76480
32
76640
112
77030
105
77190
101
77410
114
77520
111
77570
32
77900
98
78070
97
78290
103
78400
103
78510
105
78620
111
78730
32
78890
115
79000
105
79170
103
79280
110
79390
111
79500
114
79610
105
79720
32
79940
103
80050
111
80160
97
80320
108
80600
32
81090
103
81200
111
81310
97
81420
108
81580
32
81970
101
82130
118
82300
118
82350
105
82460
118
82630
97
82790
13
82900
32
83070
108
83180
97
83340
13
84280
106
84500
117
84720
118
84830
101
84930
32
85260
118
85430
105
85480
118
85760
97
85870
32
86140
97
86360
103
86530
110
86580
101
86690
108
86860
108
87080
105
87190
32
87410
101
87520
32
87630
116
87790
117
87790
116
88560
116
88780
97
88940
32
89110
108
89160
97
89380
32
89490
115
89600
117
89710
97
89820
32
89990
105
90210
108
90370
108
90480
117
90590
115
90650
116
90810
114
90920
101
91090
32
91420
102
91580
97
91750
109
91910
105
92080
108
92240
103
92290
105
92460
111
92510
32
92840
102
93390
105
93890
118
94050
105
94110
118
94380
97
94440
32
94600
108
94770
97
94880
32
95210
102
95320
105
95760
97
95760
116
95760
32
95870
99
95970
111
96030
117
96250
112
96360
101
96520
32
96740
101
96850
32
97070
118
97130
105
97460
118
97680
97
97790
13
98010
97
98170
110
98230
99
98340
104
98450
101
98560
32
98670
108
98780
97
98890
32
99160
112
99490
97
99650
110
99760
100
99930
97
00040
32
00150
99
00260
104
00370
101
00480
32
00590
116
00750
97
00860
110
00970
116
01030
111
01140
32
01300
118
01470
97
01580
32
01740
97
01850
110
02180
8
02290
118
02460
97
02570
110
02680
116
02790
105
02900
32
03010
108
03230
111
03280
32
03440
115
03550
116
03720
101
03880
115
04320
115
04320
111
