17140
101
17310
99
17470
99
17580
111
17690
32
17850
97
17960
108
18070
32
18240
100
18290
105
18460
108
18570
105
18680
103
18790
101
18950
104
18950
110
19010
116
19170
101
19830
32
20330
99
20440
111
20550
109
20710
112
20930
105
20990
116
21100
111
21150
32
21320
99
21370
104
21480
101
21590
32
21750
109
21860
105
21970
32
22470
101
22850
39
22960
32
23180
115
23290
116
23620
97
23790
116
23950
111
24060
32
24340
97
24560
115
24670
115
24830
101
24940
103
25050
110
25160
97
25600
116
25710
111
25870
32
26040
101
26260
32
26370
99
26420
104
26590
101
26700
32
26810
105
26970
111
27190
13
27410
100
27630
97
27800
32
29500
98
29500
114
29610
97
29830
118
29940
111
29990
32
30160
115
30270
111
30380
108
30490
100
30650
97
30870
116
30930
105
31040
110
31150
111
31260
32
31420
115
31590
118
31640
111
31810
108
31920
103
32030
111
32140
32
32360
114
32460
105
32570
101
32850
109
33070
112
33290
105
33340
101
33670
110
33950
100
34060
111
34170
32
34550
98
34660
101
34830
110
34940
101
35050
32
35320
98
35380
101
35540
110
35600
101
35710
32
35870
116
35980
117
36090
116
36200
116
36470
111
36580
32
36690
108
36860
111
37190
13
37410
115
37520
112
37630
97
37850
122
37900
105
38010
111
38230
32
38670
98
38780
105
38840
97
38950
110
39060
99
39170
111
39280
32
39500
100
39660
97
39820
108
39930
108
40320
39
40540
105
40650
110
40810
105
40920
122
41090
105
41140
111
41250
32
41470
97
41580
108
41750
108
41800
97
42020
32
42190
102
42300
105
42410
110
42520
101
42900
44
43010
32
43450
105
43610
109
43720
109
43830
97
44050
103
44110
105
44220
110
44330
97
44660
8
44990
105
45100
97
45260
109
45370
111
45480
32
45650
97
45870
100
46030
32
46090
101
46250
115
46360
101
46470
109
46640
112
46800
105
46970
111
47180
13
47290
100
47460
105
47510
32
47680
115
47840
99
48010
114
48120
105
48230
118
48390
101
48500
114
48610
101
48780
32
49000
117
49160
110
49270
97
49380
32
49820
109
49930
97
50040
105
50210
108
50370
32
50760
111
50860
32
51080
97
51250
110
51300
99
51470
111
51520
114
51800
32
52350
109
52400
101
52510
103
52620
108
52790
105
52950
111
53060
32
53170
117
53390
110
53450
32
53610
112
53720
101
53890
111
54540
8
54710
8
54930
111
55150
101
55310
109
55420
97
56470
58
56690
32
57070
99
57290
97
57570
110
57680
116
57840
97
57950
109
58170
105
58280
32
58440
111
58550
32
58660
109
58880
117
58940
115
59160
97
59430
8
59930
97
60150
13
60310
100
60480
101
60530
108
60640
32
60860
112
61030
101
61140
108
61300
105
61690
100
61850
101
61910
32
62070
97
62230
99
62290
104
62400
105
62620
108
62780
108
62890
101
63000
32
63170
108
63610
39
63880
105
63990
114
64160
97
64270
32
64540
102
64650
105
64650
117
64820
110
64930
101
65370
8
65530
8
65690
8
65800
8
66020
117
66300
110
66350
101
66520
115
66630
116
66790
97
66960
32
67010
99
67120
104
67230
101
67560
32
67890
97
68000
32
68220
109
68330
105
68660
108
68770
108
68940
101
69540
32
70140
112
70310
111
70360
114
70530
116
71410
242
71570
32
72230
103
72340
108
72450
105
72510
32
72730
97
72890
99
73000
104
73110
101
73270
105
73550
13
73820
110
73820
98
73880
101
74370
8
74480
8
74700
101
74920
108
75030
108
75580
39
75750
97
76020
100
76190
101
76410
32
76520
116
76680
101
76900
116
77060
114
77170
97
77390
32
77500
101
77610
32
77780
112
77890
97
78000
117
78110
114
78220
111
78440
115
78660
97
79040
32
79210
115
79320
116
79480
97
79760
99
79920
99
80090
97
80250
110
80360
100
80470
111
80580
32
80690
108
80910
111
80960
114
81070
111
81180
32
81620
103
81790
97
81900
109
82120
98
82230
101
82340
32
82500
101
82610
32
82830
98
82940
114
83050
97
83270
99
83380
99
83550
105
83660
97
83770
32
83930
115
84040
111
84200
108
84310
111
84590
13
84750
112
84860
101
84920
114
85140
99
85250
104
85410
101
86180
39
86290
32
86510
117
86680
110
86840
111
86950
32
88490
115
88600
116
88760
97
88930
118
89090
97
89200
32
89420
110
89480
101
89640
108
89750
108
90250
39
90360
97
90520
110
90630
103
90740
111
90910
108
91070
111
91400
32
91510
116
91670
114
91780
105
91950
115
92110
116
92280
101
92330
32
92440
101
92550
32
92720
105
92880
109
93160
98
93320
114
93430
111
93540
110
93760
99
93820
105
93930
97
94090
116
94150
111
94370
44
94370
109
94530
32
94700
117
95240
110
95350
97
95790
8
96010
111
96070
32
96230
99
96290
104
96400
101
96510
13
96670
97
96890
118
97060
114
97110
101
97280
98
97440
98
97550
101
97660
32
97830
112
97990
111
98160
116
98210
117
98430
116
98540
111
98710
32
00680
105
00900
110
01010
32
01290
117
01510
110
02170
39
02390
111
02490
114
02600
97
02710
32
02820
115
02930
111
03100
108
03150
116
03320
97
03430
110
03540
116
03650
111
03760
32
03920
115
04030
101
04140
109
04250
105
04360
110
04360
97
04530
114
05190
101
05350
32
05520
105
05680
108
05790
32
05960
116
06170
101
06500
114
06610
114
06780
111
07050
114
07160
101
07220
32
07330
116
07490
114
07660
97
07770
32
08040
105
08260
13
08480
116
08650
114
08760
111
08920
105
09030
97
09140
110
09310
105
09360
32
09530
102
09690
101
09800
116
09960
101
10620
110
10620
116
10620
105
10730
32
11010
101
11230
32
11560
105
11720
110
11890
118
12000
105
12110
97
12220
114
12330
101
12490
108
12660
32
12930
8
13040
8
13210
32
13370
108
13530
111
13640
114
13750
111
13860
32
14360
110
14470
101
14580
108
14690
108
15130
39
15240
97
15400
100
15570
101
15680
32
15840
115
15950
116
16120
97
16230
110
16340
100
16670
8
16720
99
16890
99
17110
97
17320
110
17490
100
17600
111
17650
32
17820
112
17930
97
18090
114
18200
97
18370
108
18530
108
18640
101
18920
108
19030
97
19140
109
19300
101
19410
110
19470
116
19630
101
19800
13
20460
103
20620
97
20730
109
20950
98
21060
101
21220
32
21440
101
21610
32
21830
98
21880
114
21990
97
22270
99
22320
99
22430
105
22600
97
23640
32
23970
97
24140
108
24300
108
24580
39
24850
105
25010
110
25070
118
25180
101
25400
114
25620
115
25730
111
25890
32
26170
101
26280
32
26500
105
26610
110
26720
118
26880
101
27100
99
27210
101
27320
32
27490
110
27650
111
27930
44
28040
32
28310
110
28470
111
28580
32
28800
108
28970
117
29130
105
29190
32
29410
115
29520
101
29630
32
29850
110
29960
101
30120
115
30450
8
30620
32
30780
115
30890
116
31060
97
31170
32
31390
108
31940
236
32100
13
32370
117
32480
116
32650
116
32760
111
32870
32
33140
112
33250
101
33360
110
33470
115
33580
111
34080
115
34190
111
34350
32
34570
101
34680
32
34790
115
34900
111
35070
108
35230
111
35290
32
35450
112
35510
101
35720
114
36050
99
36160
104
37100
101
37210
39
37320
32
37540
103
37650
108
37700
105
37810
32
37920
97
38090
104
38360
97
38470
110
38580
110
38750
111
38860
32
39400
112
39570
111
39680
116
40060
8
40170
114
40340
116
40450
97
40610
116
40720
111
40780
32
41160
118
41270
105
41330
97
41660
32
42040
108
42100
97
42260
32
42370
115
42480
99
42650
104
42650
105
42760
97
43410
118
43630
97
43740
13
44400
99
44570
114
44730
105
44840
115
45010
101
45230
105
45390
100
45500
101
46930
32
47200
111
47310
32
47640
98
47810
114
47970
105
48080
115
48190
101
48360
105
48520
100
48740
101
48800
32
49070
110
49180
111
49290
110
49350
32
49510
109
49620
105
49680
32
49840
114
49900
105
50060
99
50170
111
50280
114
50500
100
50610
111
50770
32
51380
101
52200
32
52370
116
52530
97
52640
110
52750
116
52860
111
52920
32
53080
112
53250
111
53360
105
53470
32
53630
108
53740
117
53910
105
54020
32
54180
101
54400
114
54560
97
54670
32
55550
97
55830
114
55940
114
56430
105
56600
99
56710
99
56820
104
56930
105
57040
111
57200
110
57260
101
58350
33
