67070
117
67340
110
67390
111
67500
32
67670
100
67720
117
67890
101
68050
32
68110
116
68270
114
68440
101
68600
32
68820
110
68990
111
69040
110
69150
32
69320
115
69480
111
69590
32
69920
99
70030
111
70140
115
70360
97
70420
32
70580
115
70690
105
70800
97
70910
32
71130
105
71240
108
71350
32
71510
113
71620
117
71790
97
71950
116
72060
116
72280
114
72340
111
72450
32
72610
109
72670
97
72890
32
72940
105
73110
108
73270
32
73440
99
73490
105
73600
110
73710
113
73880
117
73990
101
74320
32
74480
108
74640
111
74700
32
74860
116
75080
114
75190
111
75360
118
75410
111
75740
13
76070
111
76290
107
76400
32
76620
100
76790
97
76900
32
77010
109
77940
111
78110
108
78220
116
78320
105
78430
32
78710
112
78930
117
79090
110
79200
116
79370
105
79370
32
79590
100
79700
105
79810
32
79970
118
80080
105
80190
115
80300
116
80470
97
80850
32
81180
101
81400
99
81570
99
81730
111
81840
32
82110
111
82220
114
82440
97
82770
32
83050
100
83210
111
83430
118
83600
114
83710
101
83980
105
84260
32
84480
115
84640
99
84860
114
85030
105
85080
118
85300
101
85360
114
85740
101
86010
32
86670
98
86780
101
86890
110
87000
101
88270
32
88490
118
88600
105
88710
97
88980
13
90850
71
91180
101
91290
110
91400
116
91840
105
92110
108
92220
101
93040
32
95240
100
95460
114
95680
46
95900
32
96670
80
96890
101
97050
112
97270
105
97440
110
97600
111
98320
44
99030
13
03540
108
04300
101
04630
32
04850
115
05070
99
05290
114
05460
105
05570
118
05730
111
06060
32
06560
100
06670
105
06780
101
07000
116
07160
114
07270
111
07380
32
07550
105
07660
110
07820
99
08150
8
08420
100
08530
105
08700
99
08860
97
09140
122
09190
105
09300
111
09360
110
09470
101
09800
32
10240
100
10400
105
10510
32
11880
70
12100
114
12600
97
12980
110
13090
99
13370
101
13530
115
13750
99
13920
111
14030
32
14470
68
14580
111
15020
112
15450
112
15730
105
15890
111
16060
32
17430
101
17760
32
18040
100
18260
105
43140
32
45880
8
53190
80
53410
105
53520
101
53790
116
54070
114
54230
111
54340
32
55000
86
55220
101
55710
110
55880
116
55990
117
56100
114
56260
105
56700
110
56920
111
57420
13
66100
105
66210
32
66760
113
66860
117
66970
97
67080
108
67250
105
67360
32
67580
109
67740
105
67850
32
69010
8
70820
8
74010
105
74170
32
74390
113
74440
117
74550
97
74660
108
74770
105
74940
32
75160
109
75320
105
75430
32
75540
104
75650
97
75820
110
75930
110
76090
111
76200
32
76420
99
76530
111
76590
110
76750
115
76860
105
77030
103
77140
108
77300
105
77410
97
77690
116
77800
111
77900
32
78120
100
78230
105
78340
32
78510
105
78620
110
78780
118
78840
105
79000
97
79390
114
79550
108
79660
101
79770
32
80100
117
80430
8
80600
113
80760
117
80870
101
80980
115
81090
116
81310
97
81530
32
81910
108
82240
101
82520
116
82630
116
82790
101
82900
114
83290
97
83450
32
83840
112
83890
101
84000
114
89820
13
90210
118
90540
101
90590
114
90810
105
90920
102
91030
105
91140
99
91310
97
91420
114
91530
101
91580
32
91800
108
91860
97
92020
32
92190
112
92350
111
92520
115
92680
115
92790
105
92900
98
93010
105
93120
108
93610
105
93940
114
94660
8
94770
116
95760
224
95870
32
96030
100
96090
105
96250
32
96470
117
96630
110
97290
97
97400
32
97570
115
97680
112
97840
111
97950
110
98060
115
98170
111
98560
114
99050
115
99160
104
99380
105
99600
112
99710
32
99880
100
99980
105
00090
32
00530
83
00750
65
00860
73
01140
32
03060
112
03170
101
03230
114
04100
32
04380
105
04540
108
04710
32
05200
13
06080
77
06250
97
06520
115
07340
116
08000
101
08060
114
08220
32
08550
73
08770
110
08880
32
09210
8
09380
8
09540
8
09820
105
09980
110
10090
32
10480
87
10700
101
10860
98
11020
32
11240
84
11520
101
11740
99
11850
104
12070
110
12180
111
12340
108
12510
111
12730
103
12840
121
12950
32
13110
101
13280
32
13550
83
13770
101
13990
99
14100
117
14210
114
14380
105
14490
116
14600
121
14700
32
15030
99
15090
104
15200
101
15310
32
15530
111
15580
114
15800
103
15970
97
16130
110
16300
105
16900
122
17010
122
17120
105
17230
97
17340
109
17450
111
17560
32
17840
112
18170
114
18170
101
21410
115
21570
115
21680
111
21850
32
22010
108
22120
97
22340
13
22720
83
23000
99
23110
117
23380
111
23550
108
23660
97
23820
32
23880
100
24040
101
24370
105
24650
8
24760
8
25030
105
25090
32
25470
65
25640
109
25800
109
25910
105
26070
110
26130
105
26240
115
26350
116
26510
114
26620
97
26790
122
26900
105
27010
111
27010
110
27120
101
27280
32
27610
65
27890
122
27940
105
28110
101
28270
110
28440
100
28600
97
28770
108
28880
101
29040
32
29260
100
29420
101
29530
108
29640
108
29810
39
30030
32
30470
8
30740
85
30960
110
31070
105
31180
118
31400
101
31460
114
31620
115
31730
105
31840
116
32010
224
32390
32
32610
100
32670
105
32780
32
33110
84
33270
111
33320
114
33430
105
33490
110
33930
111
34260
46
34260
45
34860
8
36680
13
37170
73
37390
108
37550
32
37940
77
38100
97
38270
115
38380
116
38540
101
38650
114
38760
32
39310
232
39420
32
39750
103
39810
105
39970
117
40140
110
40250
116
40360
111
40470
32
40680
97
40790
108
40900
108
40960
97
41120
32
41230
115
41290
117
41400
97
41560
32
41730
116
41950
101
42170
114
42390
122
42610
97
42720
32
42880
101
43210
100
43380
105
43930
122
44040
105
44150
111
44200
110
44250
101
44530
32
44640
101
44860
32
44970
112
45190
117
45790
242
45900
32
46400
116
46620
114
46730
111
46780
118
47000
97
47060
114
47170
101
47500
32
48480
8
54470
8
55350
100
55900
32
56450
232
56610
32
56830
111
57000
114
57160
97
57490
32
58920
97
59250
112
59410
112
59580
114
59630
111
60130
118
60350
97
60510
116
60620
111
60840
32
61010
99
61120
111
61500
109
61560
101
61780
13
62110
109
62160
97
62380
115
62440
116
62600
101
62710
114
62820
32
62980
117
63150
110
63260
105
63370
118
63480
101
63640
114
63750
115
63920
105
63970
116
64630
97
64850
114
64910
105
65020
111
65130
32
65350
100
65460
105
65510
32
65680
112
65790
114
65840
105
65950
109
66060
111
66170
32
66390
108
66550
105
66610
118
66830
101
66880
108
66990
108
67160
111
67270
32
67930
100
68090
101
68420
8
68530
97
68700
108
68810
108
68920
97
69080
32
70450
8
70670
8
70950
8
71220
32
71440
110
71610
111
71660
115
71770
116
71880
114
71990
111
72100
32
72320
97
72650
8
73090
65
73420
116
73530
101
73970
110
74080
101
74190
111
74790
46
75180
32
75950
73
76990
32
77210
114
77430
97
77650
103
77870
97
78090
122
78200
122
78750
105
80950
13
81220
97
81380
109
81550
109
81660
101
81880
115
81990
115
83090
8
85230
100
85450
97
85560
110
85940
8
86050
8
86220
8
86330
99
86490
97
86600
110
86770
100
86880
105
87210
100
87370
97
87540
116
87650
105
88200
13
88470
97
88630
109
88740
109
88850
101
89070
115
89180
115
89290
105
89350
32
89570
97
89620
108
90060
32
90060
99
90120
111
90280
114
90500
115
90610
111
90780
32
99670
115
99890
101
00770
103
00940
117
01050
105
01160
114
01270
97
01430
110
01600
110
01870
111
03680
32
04840
52
05060
48
05170
48
05330
32
05660
111
05770
114
05830
101
05990
32
06100
100
06160
105
06270
32
06380
108
06540
101
06820
122
06920
105
07030
111
07140
110
07250
105
07470
32
07690
101
07860
100
08020
32
08190
101
08410
115
08520
101
08630
114
08850
118
08960
105
09230
8
09400
8
09620
99
09730
105
09950
116
10170
97
10330
122
10390
105
10440
111
10600
110
10710
105
11040
13
11320
105
11480
110
11590
32
11760
97
11870
117
12090
108
12200
97
12360
32
12530
115
12580
117
13240
32
15600
97
15880
114
19060
8
19230
8
19450
8
19560
8
19720
8
21590
101
21750
32
21920
113
22030
117
22140
105
22300
110
22410
100
22520
105
22580
32
22740
117
22910
110
23020
97
23350
8
23510
111
23680
32
23840
115
23900
116
24120
97
24280
103
24390
101
24500
32
24670
100
24720
105
24830
32
26200
51
26370
32
26590
109
26700
101
26970
115
27140
105
27850
46
28180
32
29330
79
29550
103
29660
110
29830
105
29940
32
30270
100
30430
101
30600
116
30760
116
30870
97
31040
103
31150
108
31370
105
31480
111
31590
32
31750
115
31860
117
32140
105
32250
32
32410
99
32470
111
32580
110
32630
116
32740
101
32900
110
33070
117
33180
116
33290
105
33840
13
35540
101
35650
32
35870
108
36090
48
36090
39
36580
8
36750
8
37410
39
37630
111
37740
114
37960
103
38070
97
38180
110
38290
105
38450
122
38560
122
38730
97
38950
122
38950
105
39060
111
39110
110
39220
101
39330
32
39770
232
39880
32
40040
114
40150
101
40260
112
40370
101
40540
114
40700
105
40980
98
40980
118
41470
8
41750
105
41910
108
42020
101
42190
32
42520
97
42680
108
42790
108
43010
39
43620
105
43780
110
44330
100
44440
105
44550
114
44660
105
44820
122
44930
122
45040
111
45430
32
54440
46
54600
46
54760
46
56410
13
57790
65
58120
103
58230
108
58280
105
58390
32
58610
115
58720
112
58880
111
59050
110
59160
115
59270
111
59380
114
59540
32
59710
99
59760
104
59870
105
59980
101
61190
8
63440
83
63720
105
63830
97
63940
109
64050
111
64160
32
64320
111
64430
114
64540
97
64650
32
64820
110
64930
101
65040
108
65150
108
65260
97
65420
32
66240
102
66410
97
66630
115
67510
8
68940
8
69100
97
69320
116
69490
116
69590
105
69870
118
69980
105
70090
32
70310
110
70420
101
70530
108
70690
108
70800
97
70910
32
71020
114
71130
105
71240
99
71410
101
71520
114
71680
99
71900
97
71960
32
72120
100
72180
105
72290
32
72450
115
72510
112
72670
111
72840
110
72950
115
73000
111
73110
114
74100
32
74320
99
74370
104
74480
101
74590
32
74760
112
74920
111
75030
115
75530
115
75690
97
75800
110
75910
111
76020
32
76240
102
76350
111
76460
114
76570
110
76740
105
76850
114
76950
101
77390
13
77830
98
77940
111
78050
114
78220
115
78380
101
78490
32
78600
100
78710
105
78770
32
78990
115
79430
8
81130
117
81290
110
81400
97
81570
32
81730
111
81840
32
81950
112
82170
105
83000
249
83110
32
83550
102
84420
8
84480
98
84640
111
84750
114
84920
115
85030
101
85140
32
85250
100
85410
105
85470
32
85690
115
85850
116
85960
117
86070
100
86130
105
86350
111
86620
46
86730
32
87610
76
87990
39
88210
105
88380
109
88540
112
88650
111
88760
114
88870
116
88980
111
89040
32
89200
100
89310
105
89420
32
89810
99
89860
105
90030
97
90190
115
90300
117
90520
110
90630
97
90960
8
91130
8
91290
8
91400
99
91510
117
91730
110
91840
97
91950
32
92330
98
92500
111
92660
114
92880
115
93100
97
93160
32
93650
232
93760
32
93930
112
94040
97
94090
114
94260
105
94750
13
94920
97
95190
32
96730
46
96890
46
97060
46
97770
32
99860
65
00130
103
00190
108
00300
105
00410
32
00570
115
00630
112
00790
111
00900
110
01070
115
01180
111
01230
114
01450
32
01780
111
02170
102
02280
102
02440
114
02610
105
02710
97
02820
109
02990
111
03320
32
03590
46
03700
46
03870
46
05740
13
06180
67
06340
111
06500
114
06670
100
06830
105
06890
97
07000
108
07110
105
07220
32
07380
115
07550
97
07660
108
07770
117
07930
116
07990
105
08210
44
08870
13
09310
70
09530
114
09580
97
09750
110
09800
99
09970
101
10130
115
10290
99
10400
111
10510
32
10840
66
11060
101
11120
114
11230
103
11340
97
11500
100
11610
97
11720
110
11830
111
