07680
97
08010
100
08060
101
08170
115
08330
115
08440
111
08500
32
08720
115
08940
99
09100
114
09270
105
09430
118
09600
111
09650
32
09820
117
09980
110
10090
32
10260
98
10370
101
10480
108
10590
32
10750
116
10860
101
11030
115
11300
116
11410
111
11470
32
11690
112
11850
105
11900
101
12010
110
12230
111
12340
32
12450
112
12620
105
12730
101
12840
110
12950
111
13060
32
13220
112
13390
105
13550
101
13720
110
13880
111
14050
32
14820
109
14930
97
15090
32
15260
99
15370
104
15470
101
16020
32
16460
98
16570
101
16740
108
16850
108
17010
111
17180
32
17400
113
17510
117
17620
101
17780
115
17890
116
18220
111
18500
13
18770
116
18880
101
19100
115
19260
116
19370
111
19480
32
19980
97
20090
110
20200
100
20970
114
21190
224
21300
32
21460
97
21570
32
21680
114
21850
105
21900
101
22010
109
22180
112
22290
105
22400
114
22510
101
22620
32
22780
116
22940
117
23000
116
23160
116
23330
101
23380
32
23600
108
23710
101
23880
32
24210
99
24370
97
24590
115
24700
101
24870
108
24980
108
25090
101
25310
116
25420
116
25580
101
25750
32
25970
111
26020
114
26190
97
26300
32
26790
98
26900
105
27010
97
27170
110
27280
99
27390
104
27500
101
27670
32
28990
97
29150
110
29590
122
29700
105
29810
32
29980
100
30090
105
30200
114
30300
101
30410
105
30690
13
31350
98
31570
105
31680
97
31790
110
31900
99
32010
111
32170
32
32340
108
32390
97
32560
116
32720
116
32890
101
33000
32
33160
100
33270
105
33330
32
33820
113
33980
117
34040
101
34150
115
34200
116
34590
97
34750
32
34970
102
35080
105
35250
110
35300
101
35580
115
35800
116
36620
114
36790
117
36900
111
37120
108
37280
97
37450
32
37720
99
37770
104
37880
101
38160
32
38650
232
38760
32
38930
99
38980
111
39200
109
39370
117
39530
110
39640
113
39700
117
39810
101
39970
32
40080
112
40300
105
40960
249
41130
32
41290
108
41510
105
41510
117
41730
110
42610
8
42770
8
43100
8
43160
117
43430
110
43540
103
43600
111
43930
100
44040
105
44750
8
44920
8
45300
32
45520
100
45630
105
45960
13
46230
102
46290
105
46450
110
46560
101
46780
115
46890
116
47000
114
47170
97
47330
32
47500
101
47610
32
47770
109
47880
105
48050
32
48210
97
48320
105
48490
117
48980
116
49200
97
49310
32
49860
97
49970
32
50130
114
50300
97
50520
103
50630
103
50740
105
50850
117
51070
110
51120
103
51290
101
51400
114
51510
101
51670
32
51890
108
52060
111
52170
32
52330
115
52440
112
52550
101
52770
114
52880
97
53040
116
53100
111
53260
32
53430
111
53650
98
53760
105
53810
101
54030
116
54200
116
54310
105
54360
118
54530
111
54580
32
54800
100
54970
105
55740
32
55900
110
56060
111
56120
110
56390
13
56560
118
56720
101
56890
100
57050
101
57220
114
57330
101
57490
32
58040
112
58210
105
58810
249
58920
32
59310
110
59360
101
59580
97
59640
110
59800
99
59850
104
60020
101
60350
32
60570
117
60730
110
60840
97
60950
32
61060
114
61170
105
61720
103
61830
104
61940
101
62110
116
62220
116
62380
97
62440
32
62660
118
62770
105
62930
97
63210
8
63370
8
63480
8
63640
98
63810
105
64190
97
64360
110
64470
99
64850
97
65240
32
65460
109
65570
97
65730
32
65840
116
66010
116
66060
117
66780
8
66940
8
67160
117
67270
116
67380
116
67540
111
67650
32
68200
98
68370
101
68530
108
68640
108
68810
111
68920
32
69410
112
69690
105
69910
101
70130
110
70290
111
70510
13
70890
103
71060
114
71170
97
71550
110
71660
97
71880
100
71990
97
72490
33
72870
32
73040
99
73200
106
73200
104
73260
101
73750
8
73860
8
74030
8
74250
104
74360
101
74520
32
75070
99
75290
39
75400
101
75560
110
75620
116
75780
114
75890
97
76830
44
76990
32
77600
103
77930
110
78090
117
78420
114
78420
97
78470
110
78580
116
78910
32
80010
58
80120
32
80670
111
80840
114
80950
114
81000
111
81280
114
81550
32
81820
118
81990
97
82210
100
82480
8
82650
99
82810
117
83030
105
83800
44
84410
32
85180
111
85400
103
85500
110
85670
105
85830
32
86220
102
86330
105
86440
110
86490
101
86710
115
87260
116
87430
114
87540
97
87870
13
88580
232
88690
32
88910
112
89080
105
89240
110
89240
101
90060
8
90280
8
90450
101
90670
110
90780
97
90890
32
90940
100
91110
105
91270
32
91440
100
91600
101
91770
99
91820
111
92210
114
92370
97
92540
122
92650
105
93030
111
93300
110
93470
105
93630
32
93740
109
94130
105
94290
110
94510
117
94620
116
94840
101
94950
32
95170
112
95280
105
95390
99
95500
99
95610
99
95890
111
96160
8
96330
8
96490
111
96650
108
96760
105
96870
115
97040
115
97150
105
97590
109
97700
101
97810
32
98030
111
98080
103
98190
110
98470
105
98580
32
98910
110
99400
8
99680
109
99840
117
99950
114
00060
111
00170
32
00940
232
01100
32
01270
112
01430
105
01600
101
01710
110
01820
111
02150
13
02920
112
03080
105
03300
101
03410
110
03520
111
03800
32
03910
112
04120
105
04230
101
04400
110
04670
111
05000
32
05500
100
05720
105
05880
32
06490
103
06600
104
06710
105
07040
114
07200
105
07420
103
07530
111
07750
114
07860
105
07970
32
08300
97
08460
114
08630
97
08790
98
08900
101
09620
103
09730
103
09840
105
09950
97
10110
110
10220
116
10330
105
11100
32
12750
105
12970
108
13020
32
13190
112
13300
97
13410
108
13520
97
13680
122
13790
122
13960
111
14120
32
14620
100
14890
101
15000
108
15110
108
15330
39
15490
97
15600
108
15710
97
16370
8
16980
104
17140
97
18020
109
18300
98
18410
114
18520
97
18730
13
19060
109
19120
97
19280
32
19390
99
19500
105
19780
32
20160
118
20270
111
20440
114
20550
114
21100
224
21260
32
21480
108
21810
97
21980
32
22960
104
23790
63
23950
32
24120
99
24230
104
24390
105
24500
32
24610
108
24780
111
24890
32
25380
115
25550
97
25710
32
25990
112
26090
101
26200
114
26370
101
26970
112
27190
101
27520
112
27630
101
27910
32
28070
112
28180
101
29060
114
29060
101
29060
112
29120
101
29390
112
29560
101
30050
32
30710
101
30820
32
30980
103
31090
117
31150
97
31310
114
31480
100
31700
97
31860
32
32030
108
32800
224
32910
32
33180
99
33400
39
33510
101
33620
39
33840
13
34060
117
34280
110
34330
32
34550
103
34660
105
34720
97
34940
114
35160
100
35320
105
35430
110
35600
111
35760
32
35930
99
36090
111
36260
110
36370
32
36480
117
36640
110
36810
97
36970
32
37190
102
37300
111
37410
110
37570
116
37740
97
37850
110
38070
97
38290
32
38510
105
38620
110
38730
32
38890
109
38950
101
39220
122
39390
122
39550
111
39830
32
40160
101
40320
32
40600
115
40710
117
40810
105
40870
32
41090
108
41140
97
41310
116
41420
105
41580
32
41750
116
41910
117
42020
116
42190
116
42240
105
42410
32
42520
105
42680
32
42960
109
43180
117
43230
114
43400
105
43450
32
43670
99
43730
104
43840
101
43950
13
44170
99
44220
111
44330
109
44440
101
44550
32
44660
100
44770
105
44930
99
45150
101
45370
118
45760
111
45870
32
46090
115
46200
111
46360
110
46530
111
46640
32
46750
112
46860
105
46970
101
47080
110
47240
105
47350
32
47520
112
47680
105
47790
101
47900
110
48010
105
48230
32
48670
112
48830
105
48940
101
49050
110
49160
105
49270
32
49710
101
49880
32
50040
110
50150
111
50260
110
50370
32
50760
99
50870
39
50980
101
51090
39
51250
32
51470
115
51580
112
51690
97
51850
122
51910
105
52020
111
52180
32
52510
110
52620
101
52950
97
53120
110
53230
99
53340
104
53390
101
53560
32
53720
112
53830
101
53890
114
54160
13
54440
117
54600
110
54710
97
54820
32
55040
109
55150
111
55210
115
55370
116
55530
97
55860
8
56030
8
56140
99
56250
97
56410
32
57180
108
57570
236
57680
32
57840
105
58060
110
58230
102
58390
97
58560
116
58670
116
58780
105
58890
32
59000
108
59110
101
59210
32
59600
109
59710
111
59760
115
59980
99
59980
104
60150
101
60310
32
60920
97
61300
8
61520
104
61630
97
61800
110
61910
110
62020
111
62070
32
62240
115
62350
101
62460
114
62570
105
62900
32
63060
112
63170
114
63220
111
63610
98
63770
108
63880
101
64320
109
64490
105
64600
32
64760
97
64930
100
65040
32
65200
97
65310
112
65480
112
65590
111
65810
103
65920
103
66030
105
66140
97
66250
114
66470
115
66580
105
66740
32
67070
115
67180
117
67340
108
67450
32
68060
13
68440
109
68660
117
68830
114
69210
111
69540
32
72450
110
72560
111
72670
110
72780
32
73220
99
73390
39
73500
101
73610
39
73770
32
73990
115
74100
112
74150
97
74370
122
74430
105
74540
111
74700
32
74870
112
75090
111
75250
118
75470
101
75580
114
75690
101
75800
32
76020
109
76130
111
76190
115
76350
99
76460
104
76790
101
