19700
101
19920
99
20090
99
20200
111
20360
109
20580
105
20690
32
20860
113
21020
117
21130
105
21300
32
21460
100
21570
111
21730
112
21840
111
21950
32
22120
100
22170
117
22340
101
22450
32
22610
103
22720
105
22780
111
22890
114
23050
110
23160
105
23220
32
23440
100
23550
105
23660
32
23770
118
23930
97
24150
99
24320
97
24430
110
24540
122
24700
97
24870
32
25690
105
25910
110
26020
32
26180
109
26290
111
26460
110
26570
116
26680
97
26840
103
26950
110
27060
97
27340
32
27450
104
27610
111
27720
32
27890
115
28050
97
28160
108
28270
116
28380
97
28550
116
28710
111
29260
13
29420
114
29530
117
29640
115
29810
99
30030
101
30140
108
30250
108
30690
105
30800
32
30960
111
31460
8
31730
104
31900
111
32010
32
32120
116
32230
117
32340
111
32440
110
32550
97
32720
116
32830
111
32880
32
33270
118
33430
97
33540
108
33710
97
33820
110
33930
103
34040
104
34090
101
34310
32
34750
101
34860
32
35080
105
35140
32
35300
99
35470
97
35630
109
35800
111
35960
115
36120
99
36230
105
36340
32
36510
102
36620
117
36780
103
36890
103
37000
105
37170
118
37220
32
37390
97
37440
110
37660
111
37830
32
37940
109
38050
101
38210
110
38430
116
38600
114
38760
101
38870
32
39260
105
39420
32
39530
108
39700
117
39860
112
40020
105
40240
13
40460
108
40680
105
40790
32
40900
105
41070
110
41180
115
41340
101
41510
103
41620
117
41670
105
41950
118
42170
97
42610
110
42770
111
42880
32
43320
97
43540
102
43650
102
43810
97
43980
109
44140
97
44250
116
44420
105
44530
32
44690
100
44800
105
45190
32
45410
115
45630
97
45740
110
45850
103
45960
117
46070
101
46340
32
46560
101
46780
32
47330
122
47550
97
47820
99
47930
99
48100
104
48150
101
48320
116
48480
101
48760
32
51060
109
51230
97
51340
110
51450
103
51560
105
51670
111
51830
32
51940
117
52110
110
52220
32
52330
99
52550
97
52600
112
52820
114
52880
105
53040
111
53210
108
53370
111
53480
32
53650
113
53760
117
53810
105
54090
13
54310
117
54530
110
54690
32
54960
99
55070
105
55180
110
55290
103
55400
104
55460
117
56670
8
56940
105
57050
97
57160
108
57330
32
57660
8
57770
101
57930
32
58150
108
58260
97
58420
32
59080
100
59190
117
59300
101
59470
32
59520
99
59690
97
59850
109
60070
111
60350
115
60680
99
60790
105
60900
32
61010
97
61170
108
61280
32
61450
98
61560
97
61780
98
61990
121
62430
32
62710
101
63090
32
63310
112
63640
111
63860
105
63970
32
64190
97
64360
110
64410
99
65020
111
65180
114
65350
97
65460
32
65620
115
65840
97
66000
109
66390
8
66550
8
66720
8
66880
122
67050
97
67210
109
67380
112
67490
101
67600
32
67980
100
68150
105
68260
32
68310
108
68480
117
68700
99
68860
101
68970
114
69190
116
69350
111
69570
108
69680
97
69900
13
70230
97
70400
108
70560
108
70730
97
70840
32
71060
112
71110
114
71280
105
71390
109
71550
105
71660
116
71830
105
71940
118
72160
97
72430
32
72710
115
72870
101
73030
110
73200
122
73310
97
73420
32
73580
115
73970
8
74240
115
74460
97
74570
108
74680
101
74850
32
76220
97
76330
108
76500
108
76610
97
76770
32
76880
108
77100
105
77210
118
77260
111
77370
114
77540
110
77700
101
77870
115
78090
101
78250
32
78800
99
78910
111
78970
110
79080
32
79190
105
79350
110
79790
8
79900
32
80070
99
80230
97
80340
112
80450
112
80560
101
81050
114
81220
105
81330
32
81550
101
81930
32
82260
112
82480
111
82700
105
82920
13
83030
97
83200
110
83310
99
83420
111
83530
114
83640
97
83800
32
85060
102
85120
114
85230
117
85450
110
85560
103
85720
104
85940
105
86050
32
87860
108
87920
101
88080
32
88190
115
88360
112
88520
117
88740
110
88850
103
88960
111
89070
108
89240
101
89620
32
90670
115
90780
105
90890
32
91050
116
91220
114
91330
111
91380
118
91540
97
91710
110
91870
111
92040
32
92480
110
92590
101
92700
105
92810
32
92970
112
93140
114
93300
97
93520
116
93630
105
93800
32
95010
118
95220
97
95390
110
95500
32
95660
98
95770
101
95940
110
96050
101
96100
32
96320
99
96430
111
96600
110
96980
13
97260
108
97370
97
97530
32
97700
112
97860
97
98030
115
98190
116
98360
97
98580
32
99890
111
00330
32
00550
115
00660
111
01160
8
01320
8
01490
99
01600
111
01820
110
01930
32
02040
105
02200
108
02310
32
02470
114
02640
105
02750
115
02860
111
03020
116
03130
116
03300
111
03460
32
03960
101
04070
32
04290
112
04450
111
04670
105
04780
32
05060
99
05280
101
05440
114
06260
118
06430
111
06540
32
06810
109
06920
97
07090
114
07200
105
07420
110
07580
97
07750
116
08190
111
08300
32
08460
97
08630
108
08790
108
09400
39
09560
97
09730
109
09940
98
10110
97
10330
115
10490
99
10660
105
10770
97
10880
116
10990
111
11040
114
11430
97
11540
13
11700
99
11810
111
11980
110
12090
32
12250
99
12360
111
12420
110
12580
116
13190
111
13410
114
13900
110
14120
111
14230
32
14340
100
14500
105
14610
32
14670
112
14830
105
14940
115
15110
101
15270
108
15380
108
15550
105
15660
110
15820
105
15930
32
16210
112
16260
114
16430
105
16590
109
16760
97
17090
118
17300
101
17690
114
17910
97
18020
32
18350
102
18510
101
18730
103
18900
97
19060
116
19230
111
19340
32
20600
100
20820
39
21090
111
21260
99
21480
97
22300
32
22960
105
23130
110
23240
32
23510
116
23680
97
23790
114
24010
116
24120
105
24340
110
24450
111
24880
13
25270
103
25490
114
25600
97
25760
116
25870
105
26090
110
26200
97
26370
116
26530
111
26590
32
26810
97
26920
108
27030
32
27140
102
27250
111
27410
114
27520
110
27630
111
27690
32
28240
99
28340
111
28400
110
28510
32
28670
99
28780
111
29220
99
29390
111
29500
116
29610
116
30100
101
33950
32
34220
100
34390
105
34610
32
34770
117
34940
111
35100
118
35210
97
35430
32
35600
97
35700
108
35810
32
36030
98
36140
117
36580
114
36690
114
36910
111
37300
32
37520
101
37680
32
37960
112
38180
111
38400
105
38510
32
38670
103
38840
114
38950
97
39110
116
39220
105
39380
110
39600
13
39770
100
39930
105
40320
32
40980
115
41140
112
41310
105
41470
110
41530
97
41750
99
41860
105
41910
32
42080
115
42190
111
42350
117
42520
102
42630
102
42790
108
42850
101
43340
32
44270
113
44440
117
44550
107
44660
110
45370
8
45540
8
45810
105
46030
110
46200
100
46310
105
46420
32
46530
117
46740
110
46850
97
46910
32
47730
109
47900
101
48170
122
48340
122
48500
97
48940
32
49490
113
49550
117
49660
105
49770
110
49930
116
50100
97
50210
108
50320
97
50480
116
50700
97
50810
32
50920
100
51080
105
51080
32
51250
112
51300
97
51470
116
51580
101
51690
32
51850
100
52020
101
52130
32
52290
102
52400
111
52510
105
52680
101
52900
32
53280
103
53390
114
53500
97
53720
115
54270
13
54540
100
54650
105
54820
32
54930
99
55090
97
56250
110
56360
97
56520
114
56690
100
56910
32
57070
97
57180
108
57290
108
57400
97
57510
32
57730
106
57890
111
58000
115
58110
112
58330
105
58440
110
58550
32
58880
101
59050
32
59270
113
59380
117
59490
105
59650
110
59980
100
60150
105
60310
32
60810
115
60970
101
61140
109
61250
112
61410
114
61520
101
61680
32
61850
112
61960
101
62070
114
62180
32
62400
109
62730
8
62890
97
63060
109
63170
109
63330
97
63500
122
63610
122
63770
97
63880
114
64050
101
64100
32
64270
105
64380
108
64490
32
64600
116
64760
117
65040
116
65140
116
65310
111
65580
13
65860
105
66020
108
66020
32
66240
99
66410
97
67290
102
67400
102
67840
232
67950
32
68170
101
68280
32
68440
108
68660
39
68990
97
69150
109
69320
109
69430
97
69760
122
69870
122
70030
97
70200
32
70310
99
70530
97
70800
102
70910
102
71130
101
71680
32
71900
101
72010
32
72230
108
72890
39
73050
97
73220
108
73380
108
73820
8
74320
8
74590
109
74810
109
75090
97
75310
122
75470
122
75640
97
75800
32
75910
100
76080
101
76180
108
76290
108
76510
39
76680
97
76900
109
77010
109
77170
97
77390
122
77560
122
77720
97
78110
32
78550
100
78930
101
79040
108
79210
108
79370
39
79590
97
79760
109
79920
109
80030
97
80250
122
80410
122
80690
97
80800
13
81070
101
81460
99
81510
32
81620
99
82280
111
82390
32
82560
105
82720
108
82830
32
83000
112
83110
114
83220
97
83330
110
83440
122
83490
111
83650
32
84310
232
84420
32
84700
102
84750
105
84920
110
85030
105
85140
116
85250
111
85360
32
85470
97
85580
110
85690
100
85690
102
85850
97
86020
116
86180
101
86290
32
86400
105
86510
110
86680
32
86730
112
86840
97
86950
99
87170
101
87720
32
