26890
101
27160
99
27270
99
27380
111
27600
32
27770
105
27990
108
28760
32
28760
109
28760
105
28810
111
28920
32
29200
101
29360
115
29530
112
29580
101
29690
114
29800
105
29910
109
30020
101
30130
110
30190
116
30350
105
30570
110
30680
111
30790
32
31120
99
31390
114
31610
101
31830
100
31940
111
32050
32
32440
99
32490
104
32600
101
32710
32
32880
115
33480
105
33480
97
33480
32
33480
105
33590
108
33700
32
33810
110
33980
117
34200
109
34200
101
34310
114
34420
111
34580
32
34960
55
35130
32
35350
109
35460
97
35680
32
35950
112
36450
101
36610
114
36830
99
37000
104
37110
101
38150
39
38260
32
38810
109
38920
97
38970
105
39250
13
39360
115
39470
116
39630
111
39800
32
40130
102
40290
97
40510
99
40730
101
40900
100
41010
110
41780
8
41990
8
42270
110
42320
100
42430
111
42540
32
42650
117
42870
110
42930
97
43090
32
43370
99
43480
111
43530
115
43700
97
43810
32
44030
99
44140
111
44740
115
44960
236
45070
32
45290
110
45460
111
45570
105
45780
111
45950
115
46170
97
46550
32
47050
110
47210
111
47270
110
47430
32
47540
112
47710
111
47820
115
47980
115
48090
111
48260
32
48590
99
48810
114
48920
101
49140
100
49300
101
49350
114
49570
99
49680
105
50950
32
54130
98
54240
108
54350
97
54850
32
87470
98
87580
108
87690
97
87800
32
88020
98
88130
108
88240
97
88570
32
88740
101
88900
32
89290
97
89450
110
89560
99
89620
111
89730
114
89940
97
90050
13
90440
117
90600
110
90710
97
90880
32
91150
118
91260
111
91430
108
91480
116
91650
97
91700
32
91870
115
91920
111
92030
110
92140
111
92250
32
92420
97
92470
108
92640
108
92750
97
92860
32
92970
116
93080
101
93240
114
93460
122
93620
97
93730
32
93900
114
94010
105
94280
103
94450
97
94610
32
94940
110
95050
111
95160
110
95220
32
95380
110
95490
101
95660
32
95770
112
95930
111
96100
115
96210
115
96370
111
96480
32
96590
112
96760
105
97630
249
97740
32
97960
117
98180
110
98350
111
98400
32
98620
100
98730
117
98840
101
98950
32
99280
116
99450
114
99560
101
99610
13
99830
113
99940
117
00050
97
00220
116
00380
116
00490
114
00660
111
00770
32
01310
99
01420
105
01530
110
01640
113
01750
117
01860
101
01970
32
02080
115
02250
101
02360
105
02470
32
02630
115
02740
101
02910
116
03070
116
03180
101
03290
32
03510
111
03620
116
03730
116
03840
111
03900
32
04060
108
04170
97
04280
32
04500
99
04610
111
04720
115
04770
116
04880
105
05050
116
05100
117
05380
105
05760
122
05930
105
05980
111
06090
110
06200
101
06590
32
06860
97
07030
109
07140
101
07360
114
07410
105
07520
99
07690
97
08070
110
08180
97
08400
32
08510
105
08670
108
08890
13
09170
112
09330
114
09390
105
09500
109
09660
111
09720
32
09880
101
09990
109
10100
101
10210
110
10320
100
10490
97
10600
109
10710
101
10760
110
10870
116
10980
111
11090
32
11420
102
11590
114
11860
101
11970
101
12130
100
12240
111
12300
109
12410
32
12570
111
12790
102
12900
32
13230
115
13340
112
13450
101
13620
101
14060
99
14170
104
14280
32
14550
112
14720
111
14830
115
14940
115
15050
111
15160
32
15540
101
15540
100
15600
105
15760
114
15870
101
16030
32
16360
113
16470
117
16800
101
16800
108
16860
108
17410
111
17520
32
17740
99
17790
104
17960
101
18010
32
18290
118
18400
111
18620
103
18670
108
18840
105
18950
111
19170
13
19330
101
19490
32
19600
115
20040
101
20210
32
20430
110
20540
111
20650
110
20700
32
21310
118
21420
111
21420
108
21530
103
21580
108
21800
105
21970
111
22080
32
22410
100
22520
105
22680
114
22790
101
22960
32
23170
110
23340
101
23720
8
23940
105
24050
101
24160
110
24490
116
24600
101
24770
109
24930
32
25320
8
25320
249
25480
8
25980
8
26250
63
26640
32
27070
118
27180
105
27350
111
27510
108
27680
111
27730
32
27840
105
28060
108
28170
32
28280
112
28610
114
28780
105
28940
109
29110
111
29220
32
29440
101
29770
109
29880
101
29990
110
30150
100
30320
97
30480
109
30590
101
30640
110
30750
116
30860
111
31140
44
31250
32
31580
111
31580
115
32070
8
32180
8
32350
115
32460
111
32620
110
32680
111
32950
13
33170
117
33340
110
33390
32
33670
99
33720
111
33830
109
34000
117
34210
110
34270
105
34320
99
34650
8
34820
115
34930
116
35150
97
36410
63
36580
32
36910
101
37070
32
37180
115
37400
101
37570
32
37780
110
37890
111
38000
110
38060
32
38280
118
38390
111
38610
115
38940
8
39050
103
39160
108
39270
105
39490
111
39600
32
39820
97
39980
115
40200
99
40310
111
40420
108
40530
116
40750
97
40810
114
40920
101
41030
32
41250
110
41460
105
41520
101
41630
110
41900
116
42070
101
42180
32
42290
101
42400
32
42510
115
42890
112
43220
8
43440
111
43720
112
43830
114
44050
97
44270
116
44380
116
44490
117
44600
116
44760
116
44870
111
44930
32
45250
115
45420
101
45470
13
45690
110
45860
111
45970
110
46020
32
46300
118
46410
111
46570
103
46680
108
46790
105
46960
111
47070
32
47340
115
47560
99
47730
114
47840
105
47950
118
48110
101
48170
114
48280
101
48390
32
48610
110
48820
105
48880
101
48990
110
49150
116
49260
101
49430
32
49700
101
50470
32
50640
97
50750
110
51020
122
51130
105
51240
101
51570
8
51900
115
52290
8
52400
32
52610
115
52720
101
53110
32
53440
118
53550
111
53710
103
53880
108
54040
105
54210
111
54260
32
54430
105
54540
110
54650
116
54760
101
54980
114
55090
114
55200
111
55310
109
55470
112
55580
114
55640
101
55750
32
55970
117
56180
110
56290
97
56400
32
56570
114
56680
105
56840
103
57010
97
57060
32
57230
112
57340
114
57390
105
57500
109
57610
97
57830
13
58880
116
59210
8
59370
103
59430
117
59540
97
59810
105
59920
32
60140
97
60250
32
60360
116
60470
101
60580
32
60690
115
60800
101
60960
32
61130
97
61570
8
61790
98
61900
117
62010
116
62170
116
62280
105
62390
32
62610
118
62670
105
62780
97
62940
32
63110
113
63220
117
63270
101
63380
115
63490
116
63600
111
63760
32
64040
116
64260
101
64420
115
64530
116
64640
111
64700
32
64920
115
64970
111
65140
108
65300
111
65360
32
65470
112
65580
101
65630
114
65800
99
65850
104
66840
101
67120
39
67220
32
67500
104
67720
111
67720
112
67990
13
68650
102
68760
105
68870
110
68980
105
69090
116
69260
111
69370
32
69480
117
69640
110
69700
97
69810
32
69920
114
70030
105
70250
103
70470
97
70630
32
70850
112
70960
114
71070
105
71290
109
71290
97
71510
32
72060
101
72280
99
72440
99
72550
111
72660
32
72830
99
72940
105
73210
32
73380
115
73490
105
73650
97
73760
109
73870
111
73930
32
74090
113
74200
117
74310
97
74690
115
74800
105
74860
32
75080
109
75190
97
75300
110
75410
99
75630
97
75680
110
75790
111
75900
32
76070
116
76230
114
76340
101
76450
32
76620
114
76670
105
76840
118
77330
8
77440
103
77610
104
77660
101
77880
13
78320
116
78480
114
78540
117
78810
108
78920
108
79030
97
79580
108
79970
108
80130
101
80410
114
80570
111
80630
32
80900
116
81010
117
81120
114
81560
8
81670
8
81780
114
81950
117
82160
108
82270
108
82380
97
82550
108
82710
108
82820
97
83210
32
83430
101
83650
99
83810
99
83920
111
84030
109
84200
105
84250
32
84420
113
84530
117
84640
97
84860
32
85020
109
85130
97
85240
110
85410
99
85570
97
85790
32
86010
97
86060
110
86170
99
86280
111
86390
114
86500
97
86610
32
86830
117
87000
110
87050
97
87220
32
87330
114
87440
105
87600
103
87770
97
87880
32
88040
101
88150
32
88430
105
88540
111
88810
13
89030
111
89140
102
89520
8
89630
114
89850
97
90020
32
90510
108
90620
97
90840
115
91060
99
91170
105
91280
111
91390
32
92220
113
92270
117
92380
105
92490
32
93150
97
93260
108
93420
108
93480
97
93640
32
93810
109
93920
101
93970
114
94250
99
94470
101
94630
39
94800
32
94960
100
95070
105
95180
32
95400
99
95460
104
95570
105
95680
32
95790
115
95900
116
96060
97
96230
32
96390
97
96500
32
96610
103
96720
117
96770
97
96940
114
97160
100
97320
97
97490
114
97650
101
97710
32
97870
101
98040
32
98420
104
98590
111
98700
32
98860
102
98920
105
99030
110
99140
105
99300
116
99410
111
99630
32
00670
33
00950
33
01110
33
01330
33
01610
13
01940
101
02160
104
02380
101
02650
104
02820
101
03040
104
03200
101
03370
104
03700
13
