53120
73
53840
69
54000
82
54060
73
54170
32
54390
65
54940
8
55100
83
55270
69
55810
82
55920
65
56030
32
56140
83
56360
79
56640
78
56690
79
56800
32
56970
65
57130
78
57240
68
57460
65
57740
84
58010
79
58120
32
58230
65
58340
32
58620
86
58730
69
58950
68
59110
69
59220
82
59330
69
59490
32
59820
85
59990
78
60100
32
60370
70
60480
73
60700
76
60870
77
60980
32
61420
68
61530
73
61580
32
61800
16
62020
65
62240
76
62570
77
62680
79
62790
68
63010
79
63280
86
63390
65
63560
82
64660
188
65150
32
66140
16
66470
222
66580
32
67400
80
67510
65
67730
82
67900
76
68010
65
68120
32
68340
67
68500
79
68720
78
68830
32
69000
76
69110
69
69330
73
69550
16
69770
222
70150
32
72460
32
72730
67
72900
72
73010
69
73120
32
73280
65
73450
32
73610
77
73720
69
73830
32
74870
69
74930
222
75040
32
75260
32
75810
80
76030
73
76140
65
76630
67
77180
73
77350
85
77570
84
77890
79
78000
32
78220
77
78330
69
78440
78
78770
84
78940
82
79050
69
79160
32
79320
65
79430
32
82180
8
82670
76
82840
76
82950
65
83060
32
83440
77
83660
73
83770
65
83830
32
84160
82
84270
65
84380
71
84490
65
84710
90
84870
90
85090
65
85250
32
85420
69
85580
32
85910
85
86080
78
86190
65
86300
32
86460
83
86680
85
86850
65
86960
32
87180
65
87290
77
87510
73
87620
67
87840
65
88000
32
88330
78
88440
79
88550
78
88660
32
88930
69
89210
222
89320
32
89480
32
90030
80
90250
73
90360
65
90530
67
90800
73
90970
85
91190
84
91460
79
91570
32
91740
80
91850
69
92010
82
92120
32
92390
78
92670
85
92890
76
93050
76
93330
65
93550
190
96240
32
97720
16
97940
80
98110
65
98270
82
98660
76
98770
65
98990
86
99100
65
99210
32
99540
68
99650
73
99750
32
00850
68
01020
85
01130
69
01290
32
02560
68
02670
79
02830
78
03000
78
03160
69
03600
32
04530
73
04970
78
05140
32
06400
79
06730
77
06900
65
07440
8
07660
8
07770
8
08050
67
08380
79
08600
77
08760
65
10250
32
10580
65
10850
67
10960
67
11070
85
11180
68
11340
73
11670
84
12280
69
12500
32
12720
85
12940
78
13050
65
13160
32
13320
68
13930
65
14040
76
14150
32
14580
83
14690
85
14910
79
15020
32
15300
73
16450
78
16620
78
16730
65
17440
77
17550
79
17940
82
17990
65
18150
84
18540
79
18700
32
18980
67
19090
72
19200
69
19360
32
19750
78
19860
79
19970
78
20080
32
20240
65
20410
86
20520
69
20630
86
20790
65
21010
32
21510
65
21780
86
22000
85
22160
84
22440
79
22550
32
22820
84
22930
69
23150
77
23430
80
23650
79
23700
32
23810
68
23980
73
24030
32
24360
76
24470
65
24910
83
25080
67
25240
73
25350
65
25510
82
25680
69
25790
32
26340
80
26500
82
26670
73
26830
77
26940
65
27050
32
27440
68
27550
73
27660
32
28700
85
28810
78
28980
65
29090
32
29410
67
29580
79
29800
82
29910
82
30070
73
30680
8
30840
8
31010
8
31120
8
31230
8
31500
8
31670
8
31830
8
31940
8
32110
8
32220
8
32380
69
33090
76
33260
76
33370
65
33480
32
33700
67
34030
79
34250
82
34470
82
34630
73
34740
68
34910
65
35070
32
35240
73
35460
78
35510
32
35730
67
35840
85
35950
73
36060
32
36450
69
36660
82
36770
65
36880
32
36990
83
37210
84
37270
65
37430
84
37540
65
37760
32
38530
70
38640
69
38810
82
39140
73
39360
84
39470
65
39850
32
40070
16
40290
57
42870
69
43040
82
43150
65
43260
32
44300
73
44460
78
44680
70
44790
65
44900
84
45010
84
45340
73
45560
32
45840
85
46060
78
46170
65
46280
32
46500
84
46880
79
47160
82
47270
69
47490
82
47600
65
47870
16
48030
48
54850
188
54960
32
55120
76
55670
222
55940
32
56440
65
56550
76
56820
84
57040
82
57100
65
57210
32
57980
68
58090
65
58200
32
58530
85
58690
78
58800
32
59070
82
59180
65
59290
71
59400
65
59680
90
59840
90
60060
79
60280
32
62100
85
62210
78
62370
32
62920
80
63080
79
63690
222
63800
32
64400
32
64680
82
65010
73
65280
84
65390
65
65500
82
65720
68
65780
65
65940
84
66320
79
66490
32
66820
77
66980
65
67090
32
67200
83
67420
79
67590
80
67920
82
67970
65
68140
84
68250
84
68520
85
68740
84
68850
84
69240
79
69350
32
69620
16
69840
222
70000
32
70280
65
70610
8
71100
77
71210
65
71380
77
71490
77
72040
79
72150
78
72420
69
72700
16
72920
222
73030
32
76980
32
77200
67
77360
72
77470
69
77580
32
78410
80
78520
69
78680
82
78790
79
79180
222
79290
32
79450
32
80000
68
80110
65
80220
32
80390
81
80500
85
80610
65
80770
78
80880
68
81040
79
81150
32
81430
65
81590
86
81650
69
81810
86
81920
65
82030
32
82360
80
82470
69
82640
82
82910
83
82970
79
83080
32
83300
76
83350
65
83520
32
83680
77
83850
65
84230
77
84400
77
84500
65
84720
32
85110
83
85330
69
85490
32
85710
78
85820
69
85990
32
86480
65
86870
8
87030
69
87360
82
87640
81
88080
8
88130
65
88350
32
88790
73
89010
78
89170
78
89280
65
89390
77
89610
79
89720
82
89940
65
90050
84
90380
79
90490
32
90770
71
91040
73
91150
65
91480
222
91540
32
91700
32
92360
80
92740
82
92910
73
93130
77
93180
65
93290
32
93510
67
93620
72
93730
69
93840
32
94390
76
94560
69
94720
73
94780
32
95110
67
95330
65
95600
68
95820
69
96040
83
96260
83
96480
32
97080
8
97250
69
97410
32
97630
73
97800
78
97910
32
98020
67
98180
79
98400
77
98460
65
99010
190
01640
32
02140
16
02630
65
02850
32
03070
77
03180
69
03290
32
03950
73
04060
76
04170
32
04440
70
04500
73
04770
76
04940
77
05050
32
05650
72
05760
65
05930
32
06310
70
06420
65
06580
84
06690
84
07080
79
07130
32
07350
80
07520
82
07680
79
08010
86
08120
65
08230
82
08400
69
08510
32
08730
69
08840
77
09110
79
09500
90
09660
73
09770
79
10050
78
10320
73
11030
32
11250
69
11360
32
11750
77
12020
73
12130
32
12410
72
12520
65
12630
32
12900
73
13070
78
13290
84
13450
69
13560
82
13670
69
13890
83
14050
83
14220
65
14330
84
14770
79
14820
32
15590
68
15760
65
15870
76
15980
32
16420
80
16580
82
16690
73
16860
77
17080
79
17190
32
17350
65
17520
76
17630
76
18060
222
18170
32
18610
85
19220
76
19710
84
19820
73
20150
77
20260
79
20370
32
20980
77
21200
73
21410
78
21580
85
21800
84
22130
79
22570
188
23450
32
23780
65
23940
78
24050
67
24160
72
24270
69
24440
32
24550
83
24770
69
24880
32
25090
67
25260
79
25420
77
25530
69
25700
32
26470
83
26630
69
26800
77
27020
80
27130
82
27350
69
27460
32
27680
16
27840
65
28060
76
28340
77
28450
79
28720
68
28940
79
29100
67
29380
8
29490
86
29710
65
29870
82
30310
32
33280
77
33500
73
33610
32
33720
83
33940
69
34050
77
34270
66
34430
82
34650
65
34820
32
35260
67
35420
72
35480
69
35640
32
35750
69
35970
83
36130
80
36350
76
36520
79
36630
82
36740
73
36900
32
43550
76
43600
69
43710
32
43880
69
43990
77
44210
79
44700
90
44870
73
44920
79
45200
78
45420
73
45530
32
46020
69
46190
32
46350
73
46460
32
46740
83
46960
69
47070
78
47340
84
47450
73
47670
77
47780
69
47890
78
48160
84
48440
73
48710
188
52830
32
53270
76
53380
69
53490
32
53710
81
53880
85
54040
65
54150
76
54320
73
54530
84
54700
65
55080
222
55740
32
56020
32
56510
69
56680
32
57230
73
57390
32
58110
68
58270
73
58430
70
58650
69
58760
84
58870
84
59150
73
59260
32
59420
85
59640
77
59750
65
59860
78
60080
73
60300
188
60410
32
61240
82
61400
73
61510
67
61680
79
61840
82
61840
82
61890
69
62060
78
62170
68
62330
79
62500
32
62720
65
62880
32
63050
83
63210
73
63540
84
63760
85
64150
65
64420
90
64530
73
64640
79
64920
78
65140
73
65790
32
67330
69
67550
83
67770
84
67940
82
68050
69
68270
77
68490
69
68820
32
69040
69
69200
32
69690
78
69800
79
69910
78
70080
32
70350
67
70460
79
70680
77
70900
85
71070
78
71290
73
75460
188
75630
32
76070
67
76230
79
76450
83
76610
65
76720
32
77050
67
77160
72
77270
69
77380
32
77770
65
77930
32
78150
81
78320
85
78370
65
78540
76
78760
67
78980
85
79310
78
79420
79
79470
32
80620
78
80790
79
80840
78
80950
32
81230
80
81390
73
81500
65
81720
67
81830
69
82330
190
