30390
72
30500
79
30660
32
31320
82
31540
69
31710
67
31820
69
31980
78
32260
84
32370
69
32640
77
32750
69
32860
78
33080
84
33250
69
33360
32
33850
83
33960
79
34180
84
34340
84
34450
79
34950
80
35110
79
35220
83
35390
84
35990
79
36100
32
38790
68
38960
73
39180
86
39290
69
39450
82
39670
83
39890
69
40770
32
41370
82
41590
73
41760
67
41920
72
42090
73
42200
69
42470
83
42640
84
42750
69
42860
32
43080
68
43240
73
43350
32
43520
65
43680
73
43850
85
44010
84
44180
79
44290
32
45440
65
46040
76
46150
32
46760
78
46920
69
47090
87
47310
83
47750
71
47970
82
48190
79
48680
85
48790
80
49010
32
50110
68
50220
73
50270
32
50440
16
50550
77
50770
73
50880
67
51100
82
51260
79
51590
83
51700
79
51870
70
52030
84
52190
32
52850
83
53020
85
53020
73
53240
32
53620
16
53840
87
54010
73
54230
78
54340
68
54560
79
54830
87
55050
83
55490
70
55650
79
55820
82
56200
77
57470
190
58510
32
58840
16
59390
73
59610
76
59770
32
60430
80
60540
82
60710
79
60930
66
61200
76
61310
69
61420
77
61590
65
61750
32
61970
69
62140
82
62470
65
62690
32
63670
67
64000
72
64220
69
64610
32
65490
84
65600
69
65760
78
65980
84
66090
65
66260
86
66590
79
66690
32
66860
68
67020
73
67460
68
67680
69
67850
70
67960
73
68290
78
68400
73
68560
82
68780
69
68890
32
69110
85
69330
78
69440
65
69550
32
70810
80
70980
82
71140
79
71360
80
71860
82
72020
73
72190
69
72630
84
73670
65
73950
222
74220
32
74380
32
75040
80
75150
82
75370
73
76800
8
76970
8
77130
8
80590
67
80760
79
80920
78
81200
84
81360
69
81800
78
81960
69
82070
78
82570
84
82680
69
82790
32
83010
85
83230
78
83280
32
83450
65
83610
82
83780
82
83890
65
84000
89
84160
32
85040
83
85150
85
85260
32
85640
85
85860
78
85970
32
86080
67
86250
79
86470
78
86630
84
86850
82
86960
79
87130
76
87240
76
87460
79
87570
32
88340
67
88500
85
88670
83
88770
84
89100
79
89320
77
89820
188
90040
32
90150
69
90310
32
94270
73
94710
76
94820
32
95530
67
95640
79
95860
76
95970
76
96080
69
96300
67
96410
84
96740
73
96850
79
97070
78
97180
32
97450
69
97670
68
97780
73
98000
84
98170
79
98220
82
98390
32
98830
68
98990
69
99100
76
99210
32
99540
68
99710
69
99920
83
00090
73
00250
71
00420
78
00580
69
00750
82
00860
32
01570
78
01680
79
01790
78
01900
32
03170
76
03280
65
03440
32
04210
83
04480
69
04700
82
04810
73
05030
65
05200
76
05420
73
05580
90
05750
90
05970
65
06740
86
06900
65
07010
32
07280
67
07450
79
07610
82
07780
82
07940
69
08110
84
08270
84
08380
65
09430
77
09540
69
09650
78
09920
84
09980
69
10200
32
10470
16
10640
57
11180
73
11350
78
11460
32
11620
69
11950
70
12120
70
12230
69
12340
84
12450
84
12780
73
13000
188
13110
32
13440
78
13550
79
13660
78
13770
32
13990
76
14100
65
14210
32
14640
83
14860
69
14970
82
15300
73
15360
65
15520
76
15690
73
15800
90
15960
90
16180
65
16790
86
16900
65
17060
32
17280
68
17450
69
17560
76
17610
32
17940
84
18110
85
18270
84
18380
84
18540
79
18710
16
18870
48
19700
190
19750
32
23270
16
23540
77
23760
73
23930
32
24700
72
24810
65
24920
32
25250
82
25410
73
25520
83
25680
80
25850
79
25960
83
26120
84
26510
79
26560
32
26950
84
27110
82
27220
65
27330
32
27720
71
27830
76
28050
73
28160
32
28270
65
28430
76
28600
84
28820
82
28930
73
29090
32
31730
85
31840
78
36010
32
36290
84
36400
69
36620
67
36890
78
37050
73
37160
67
37380
79
37440
32
37660
68
37880
69
37930
76
37990
32
38320
83
38540
85
38810
80
39030
80
39250
79
39360
82
39530
84
40020
79
40080
32
41010
16
41120
77
41390
73
41500
67
41780
82
41940
79
42380
83
42550
79
42710
70
42880
84
43100
32
43650
82
43810
73
44030
77
44140
65
44250
78
44410
68
44630
65
44740
78
44910
68
45130
79
45290
77
45570
73
45620
32
45900
65
46120
32
46340
85
46560
78
46720
32
46890
65
47000
82
47160
84
47600
73
47760
67
47930
79
48090
76
48310
79
48420
32
48640
80
48860
82
49030
69
49470
83
49630
69
49800
78
50070
84
50130
69
50240
32
50730
83
50840
85
50950
32
51120
16
51720
16
51830
16
51880
77
52160
83
52380
68
52650
78
52930
32
54250
83
54410
67
54630
82
54800
73
54960
84
55070
84
55230
79
55290
32
55560
68
55780
65
55890
32
56170
76
56500
85
56550
73
56660
32
57100
83
57380
84
57490
69
57710
83
57870
83
58040
79
58200
32
58640
67
58800
72
58910
69
59130
32
59900
80
60010
65
60230
82
62430
76
62540
65
62760
32
63250
80
63360
82
63470
79
63690
80
63970
82
64130
73
64240
79
64460
32
64680
68
64900
73
65010
32
68310
67
68420
79
68640
77
68750
69
68860
32
69130
71
69240
69
69520
83
69570
84
69900
73
70010
82
70230
69
70340
32
70780
76
70890
65
71050
32
71440
83
71710
82
72650
8
72760
69
72920
82
73420
73
73530
65
73690
76
73910
73
74020
90
74180
90
74400
65
74570
90
74790
73
74900
79
75060
78
75170
69
75280
32
75500
73
75720
78
75780
32
76000
67
76160
79
76270
68
76380
73
76550
67
76770
69
76930
32
77530
83
77750
79
77920
82
78190
71
78300
69
78630
78
78850
84
78910
69
79290
188
79620
32
81650
69
81820
32
82090
83
82260
79
82420
80
82700
82
82970
65
83080
84
83250
84
83470
85
83690
84
83800
84
84130
79
84180
32
84510
72
84570
65
84730
32
85000
65
85170
76
85330
76
85500
69
86050
71
86160
65
86710
84
87040
79
87150
32
87370
85
87530
78
87640
32
88630
80
88740
82
88850
79
89400
71
89510
69
89620
84
89730
84
90110
79
90170
32
90880
16
91320
67
91710
51
93080
32
93630
67
93790
72
93900
69
94010
32
94230
82
94450
69
94730
65
94840
76
95060
73
95170
90
95330
90
95550
65
95660
32
95880
85
96430
78
96590
65
96920
32
97310
80
97470
82
97580
79
97800
80
98240
82
98460
73
98790
69
98900
84
99180
65
99450
222
99610
32
99780
32
02200
67
02360
79
06970
78
07140
83
07300
73
07410
83
07630
84
07740
69
07850
78
08130
84
08180
69
08350
32
08620
73
08840
78
08900
32
09340
85
09500
78
09610
32
09720
65
09890
82
10050
82
10220
65
10330
89
10430
32
10710
68
10870
73
10930
32
11370
66
11920
79
12140
84
12300
84
12410
79
12910
78
13020
73
13620
190
14110
32
15210
16
15430
84
15650
65
15820
76
15980
69
16090
32
16370
80
16480
82
16590
79
16810
80
17300
82
17470
73
17580
69
17790
84
17900
65
18230
222
18400
32
18560
32
19060
8
19390
188
19500
32
19830
80
19940
69
20100
82
20210
79
20870
222
21310
32
21530
188
21640
32
30920
69
31030
222
31140
32
31310
32
31860
68
32020
73
32130
67
32240
72
32460
73
32620
65
32840
82
32950
65
33060
84
33280
65
33450
32
33610
67
33780
79
34000
77
34110
69
34270
32
37130
16
37290
76
37570
73
37790
84
38120
69
38450
16
38560
66
38830
85
39000
84
39160
84
39330
79
39550
78
39980
16
40200
67
40480
79
40700
76
40810
76
40860
69
41140
67
41250
84
41690
73
41740
79
41960
78
42180
188
42290
32
42510
68
42680
69
42790
82
43170
73
43500
86
43770
65
43940
84
44050
65
44380
32
44540
68
44710
65
44870
32
44980
16
45150
66
45370
65
45590
83
45810
69
45920
32
46300
8
46520
16
46630
67
46910
79
47130
76
47240
76
47340
69
47840
67
48000
84
48330
73
48440
79
48610
78
48880
188
48990
32
49210
65
49710
78
49930
90
50200
73
50370
67
50480
72
50640
69
50970
222
51130
32
51300
32
51740
67
51900
79
52070
77
52180
69
52340
32
52620
65
52780
82
52890
82
53000
65
53390
89
55140
190
