68280
72
68330
79
68550
32
69160
67
69210
79
69430
77
69600
73
69870
78
70090
67
70260
73
70420
65
70480
84
71080
79
71190
32
72560
68
72730
65
72890
32
73330
80
73440
79
73660
67
73830
79
73880
32
74050
65
74210
32
76190
76
76300
65
76630
86
76740
79
76900
82
77180
65
77450
82
77670
69
77890
32
79480
65
79650
76
79760
32
79920
67
80090
79
80360
82
80640
83
80750
79
80860
32
81900
68
82120
73
82230
32
82940
16
83270
83
83550
73
83660
83
83880
84
83990
69
84260
77
84480
73
84540
32
85800
69
86020
32
86180
16
86290
65
86790
80
86950
80
90080
8
90690
8
90800
8
90910
8
91020
8
91130
8
91240
8
91350
8
91460
8
91570
8
91680
8
91790
8
92390
16
92670
69
92880
65
93160
68
94700
32
94970
16
95190
57
98270
81
98320
85
98490
65
98650
76
98760
67
98870
79
99040
83
99260
65
99480
32
01950
67
02110
72
02280
69
02390
32
02720
72
02830
65
02990
32
03540
67
03710
72
03820
69
03980
32
04250
70
04360
65
04530
82
04640
69
04750
32
04970
67
05130
79
05410
78
05460
32
05630
16
05740
65
05960
80
06070
80
06290
76
06510
73
06560
67
06780
65
07110
90
07220
73
07280
79
07500
78
07770
73
07820
32
08150
16
08430
68
08590
73
08700
83
08920
84
09140
82
09360
73
09580
66
09970
85
10080
73
10350
84
10460
69
10790
16
10960
48
11180
32
11390
68
12270
79
12600
86
12710
69
12880
32
14970
67
15070
73
15180
32
15400
86
15510
69
15730
82
15900
82
16170
65
16340
78
16500
78
16780
79
16890
32
17160
80
17270
82
17490
69
17710
83
17880
69
17990
78
18260
84
18370
65
18480
84
18700
69
19690
32
20510
65
20620
76
21120
67
21230
85
21720
78
21830
69
22000
32
25570
65
25840
80
26010
80
26280
76
26770
73
27490
67
27820
65
28040
90
28200
73
28310
79
28590
78
28920
73
29250
32
33910
77
34190
79
34350
76
34520
84
34630
79
34740
32
35120
78
35230
79
35510
84
35780
69
35950
32
36170
83
36330
85
36440
32
36990
73
37150
78
37370
84
37540
69
37650
82
37980
78
38090
69
38310
68
39080
8
39850
84
40070
188
40230
32
40730
68
40940
65
41110
32
41660
16
41880
73
42370
77
42480
65
42650
80
43090
32
43310
69
43470
32
43750
16
44300
83
44460
77
44900
84
45280
80
46050
32
46490
65
46660
32
48690
16
48850
68
49070
78
49290
83
49620
32
49900
69
50060
32
50340
16
50560
76
50830
68
51110
65
51220
80
52370
190
53250
32
53470
16
53520
73
53740
78
53960
84
54070
65
54240
78
54460
84
54730
79
54840
32
55060
80
55170
69
55340
82
55450
79
55830
222
55940
32
56100
32
56650
83
56760
73
56930
65
57150
77
57200
79
57370
32
57590
80
57700
65
58190
82
58300
84
58580
73
58850
84
59070
73
59230
32
59340
67
59510
79
59730
78
59840
32
60060
73
60170
32
60440
80
60550
82
60720
79
60990
84
61270
79
61430
67
61650
79
61870
76
61980
76
62260
73
62370
32
62590
68
62700
73
62750
32
63350
82
63520
79
63740
85
64070
84
64180
73
64450
78
64730
71
65060
188
65500
32
68570
67
68740
72
68850
69
68960
32
69180
65
69340
78
69450
67
69560
72
69730
69
69890
32
70170
69
70380
83
70550
83
70770
73
70880
32
71210
83
71370
79
71700
78
71810
79
71920
32
76320
83
76480
79
76810
82
77140
80
77360
82
77580
69
77740
78
77850
68
78070
69
78180
78
78400
84
78570
69
78790
77
78900
69
79010
78
79230
84
79340
69
79500
32
80220
65
80380
32
80550
76
80710
73
80990
86
81100
69
81320
76
81480
76
81640
79
81810
32
82690
65
82910
80
83020
80
83240
76
83400
73
83510
67
83730
65
83840
84
84230
73
84670
86
85050
79
85930
32
86090
16
86200
57
86700
76
86920
73
87190
86
87300
69
87470
76
87630
76
87800
79
87910
32
88510
52
88680
32
88950
68
89110
69
89220
76
89390
76
89550
79
89660
32
89830
83
89990
84
90100
65
90380
67
90490
75
90600
32
90820
16
91090
84
91370
67
91530
80
92410
191
92900
16
93120
73
93180
80
93620
48
95600
186
95760
32
96310
73
96530
78
96750
70
96860
65
96970
84
97130
84
97410
73
97680
188
97850
32
98400
66
98510
69
98620
78
98840
67
98950
72
99110
69
99660
222
00150
32
00370
32
00980
73
01090
32
01250
82
02130
8
02300
8
02410
8
03670
76
03780
69
03890
32
04270
84
04440
65
04550
66
04710
69
04930
76
05100
76
05260
69
05370
32
05540
67
05810
65
05920
76
06250
67
06360
79
06580
76
06690
65
06970
84
07080
69
07240
32
07840
79
07900
80
08120
69
08390
82
08670
73
09000
78
09050
79
09220
32
09490
80
09660
79
09880
73
09930
32
10100
65
10210
32
10480
76
10700
73
10970
86
11080
69
11250
76
11410
76
11580
79
11690
32
12180
16
12350
73
12460
80
16630
188
16800
32
17180
81
17350
85
17460
73
17680
78
17840
68
18060
73
18170
32
18720
68
18770
73
18880
32
19160
78
19320
69
19490
84
20090
87
20310
79
20420
82
20590
75
20700
32
20920
76
21030
65
21300
89
21410
69
21630
82
22070
188
22180
32
23720
73
23830
76
24650
8
24820
8
25480
71
25580
76
25800
73
25910
32
26020
65
26130
76
26350
71
26520
79
26680
84
27290
8
27450
82
27510
73
27670
84
28280
77
28500
73
28610
32
29370
68
29540
73
29650
83
30360
84
30530
82
30690
73
30970
66
31410
85
31460
73
31740
84
32010
73
32120
32
32400
80
32510
69
32670
82
32780
32
33050
73
33270
76
33380
32
33710
67
33930
65
34100
76
34430
67
34540
79
34760
76
34980
79
35090
32
35310
65
35530
85
35690
84
35860
79
36130
77
36240
65
36570
84
37010
73
37120
67
37230
79
37340
32
38000
68
38160
73
38220
32
38490
84
38600
65
38820
76
38990
73
39100
32
39540
84
39650
65
39810
66
39920
69
40140
76
40310
76
40410
69
40580
32
41180
83
41400
79
41510
78
41620
79
41730
32
42280
80
42390
69
42560
82
42890
32
43050
76
43270
79
43380
32
43600
80
43820
73
43990
85
44480
222
44700
32
44920
32
45470
67
45690
79
45740
83
46020
84
46180
82
46460
85
46790
73
47010
84
47340
73
47390
32
48050
83
48160
85
48270
32
48710
16
49260
85
50960
68
51130
80
53600
188
53710
32
54700
68
54810
85
55030
78
55240
81
55350
85
55520
69
55680
32
56180
83
56340
79
56620
80
56780
82
57110
65
57220
32
57440
73
57660
76
57770
32
58160
84
58320
82
58430
65
58710
78
58810
83
59090
80
59310
79
59640
82
59860
84
59970
32
60740
76
60900
65
61070
89
61230
69
61450
82
61950
190
63100
32
64640
16
65240
16
65350
16
65460
16
65570
16
65680
16
65790
16
65900
16
66010
16
66070
73
66280
76
66390
32
66830
67
67000
79
67160
82
67440
83
67550
79
67660
32
67880
69
68210
222
68370
32
68540
32
68980
80
69090
69
69310
82
69420
32
69580
79
69690
82
70020
65
70180
32
71280
73
71500
78
71670
84
71780
69
71940
82
72050
69
72270
83
72380
83
72600
65
72710
78
72990
84
73150
69
73260
32
73480
69
73700
32
74190
66
74300
69
74470
78
74520
32
74800
83
75020
80
75240
73
75350
69
75620
71
75730
65
75840
84
76230
79
76500
188
76610
32
76890
69
77000
32
77490
65
77650
73
78310
85
78530
84
79080
65
80400
8
80570
8
80730
8
80840
8
81000
8
81440
77
81720
73
81830
32
81940
65
82050
73
82210
85
82430
84
82760
65
82930
32
83200
65
83370
32
85560
67
85730
65
85840
80
86060
73
86220
82
86390
69
86500
32
86720
77
86830
69
87050
71
87380
76
87710
73
87760
79
88040
32
89190
73
89300
32
89460
67
89570
79
89740
78
90010
67
90120
69
90290
84
90400
84
90670
73
90780
32
90890
67
91060
72
91110
69
91280
32
91500
77
91720
73
91830
32
91930
69
92150
82
92210
79
92370
32
92700
71
92920
85
93090
65
93250
82
93470
68
93530
65
93690
84
94020
79
94130
32
94350
85
94570
78
94680
32
94900
80
95070
79
95720
222
95830
32
96000
32
98470
68
98580
73
98640
32
98910
70
99080
82
99190
69
99350
84
99510
84
99570
65
99730
32
99900
69
00010
32
00500
83
00670
79
00890
80
01220
82
01330
65
01440
84
01550
84
01820
85
01990
84
02150
84
02590
79
02700
32
03300
68
03520
65
03690
32
03800
83
03910
79
04130
76
04290
79
04400
32
05010
83
05170
85
05280
76
05390
32
05890
16
06110
84
06330
65
06550
78
06650
69
06980
78
08300
66
08410
65
08850
85
09130
77
10010
190
