33930
86
34310
79
35030
82
35190
82
35470
69
35800
73
36010
32
42390
80
42550
65
43370
84
43810
8
43980
82
44200
76
44360
65
44640
82
44910
69
45080
32
45240
68
45460
69
45520
76
45740
32
46450
77
46620
73
46620
79
46840
32
49030
80
49200
82
49420
79
49860
83
50020
83
50190
73
50730
77
50840
79
50950
32
51560
80
51780
79
51940
83
52110
83
52220
73
52440
66
52710
73
52990
76
53100
69
53260
32
53920
65
54200
82
54740
84
54960
73
55070
67
55290
79
55510
76
55730
79
55840
32
56060
83
56280
85
56390
32
57880
68
58090
73
58260
70
58420
70
58700
188
58810
32
58970
73
59250
76
59360
32
60020
80
60240
79
60400
82
60620
84
60790
65
61060
76
61170
69
61340
32
63150
86
63420
69
63640
82
63860
84
64030
73
64250
67
64580
65
64800
76
64910
69
65180
32
65950
68
66170
69
66280
76
66440
32
66660
70
66880
82
67100
69
67270
69
67490
189
67650
83
68200
79
68480
70
68700
84
69020
87
69240
65
69570
82
69790
69
73090
32
73310
69
73470
32
73800
83
73910
73
74020
83
74240
84
74350
69
74520
77
74790
73
74900
32
75070
65
75180
76
75510
84
75620
69
75840
82
76060
78
76170
65
76440
84
76880
73
77040
86
77100
73
77700
190
78140
32
78750
16
78860
73
79130
82
79300
79
79790
78
79900
73
80060
67
80390
65
80560
77
80720
69
80830
78
81110
84
81270
69
81770
32
82810
83
82920
73
82980
32
83360
80
83530
79
83800
84
84020
82
84130
69
84350
66
84510
66
84620
69
84790
32
85010
84
85230
82
85340
65
85610
84
85720
84
85830
65
86110
82
86270
69
86380
32
86710
68
86880
73
86990
32
88190
85
88300
78
88470
32
88800
65
89070
82
89290
84
89460
73
89730
67
89900
79
90120
76
90340
79
90450
32
92040
83
92200
85
92640
76
94240
76
94680
69
94890
32
95330
16
95610
87
95830
73
96050
78
96160
68
96320
79
96490
87
96710
83
96930
16
97310
70
97590
79
97700
82
98250
77
98900
32
99510
68
99730
69
00440
76
00610
76
00720
65
00940
32
01870
80
02090
73
02200
65
02470
84
02640
84
02690
65
03020
70
03190
79
03300
82
03630
77
03740
65
03900
32
04400
190
04560
16
04950
78
05170
69
05220
84
09510
188
09610
32
10220
80
10330
82
10550
79
10770
68
10930
79
11100
84
11210
84
11540
65
11760
32
11870
67
12030
79
12250
77
12420
69
12580
32
13080
79
13240
71
13620
78
13730
85
14280
78
14390
79
14450
32
15220
68
15550
65
16040
8
16210
8
16700
83
16760
65
16970
32
17580
68
17740
69
18350
8
18460
65
18620
76
18790
76
18900
65
19120
32
21150
16
21750
16
21810
222
21920
32
22630
79
22800
68
22960
73
23510
65
23680
84
23790
65
24330
16
24610
222
24770
32
24990
32
26530
16
26750
77
27140
73
27250
67
27910
82
28120
79
28510
83
28670
79
29000
70
30210
84
30380
188
30540
32
31370
16
32020
16
32130
16
32240
16
32350
16
32350
222
32520
32
33230
79
33400
68
33890
73
34060
65
34170
84
34280
65
34720
16
35050
222
35210
32
35430
32
35870
83
36090
79
36360
80
36470
82
36750
65
36860
84
37020
84
37240
85
37460
84
37570
84
38070
79
38180
32
38400
78
38560
69
38780
76
38950
76
39330
222
39440
32
39930
65
40320
77
40540
66
40810
73
40920
69
41090
78
41310
84
41420
69
41530
32
41750
68
41970
69
42080
76
42300
32
42520
70
42730
82
42900
69
43060
69
43500
189
44220
83
44440
79
44710
70
44930
84
45260
87
45540
65
45810
82
45980
69
46140
32
46410
69
46580
32
46690
68
46910
69
47020
73
47130
32
47350
83
47510
73
47620
83
47950
84
48060
69
48230
77
48500
73
48610
32
49000
65
49110
76
49660
84
49770
69
49930
82
50090
78
50260
65
50420
84
50750
73
51030
86
51140
73
52350
32
52570
16
52680
57
52950
65
53120
76
53450
84
53560
69
53720
82
53880
78
54050
65
54210
84
54600
73
54870
86
55040
73
55090
32
55260
65
55810
32
56080
16
56690
16
56800
16
56910
16
57020
87
57400
73
57670
78
57730
68
58060
79
58170
87
58330
83
58770
188
58880
32
59380
65
59600
80
59710
80
60420
85
60640
78
60810
84
60970
79
61190
16
61790
16
61790
48
62290
190
66240
32
66460
16
66630
83
66850
69
67010
77
67290
66
67450
82
67730
65
67890
32
68170
76
68390
79
68500
32
68600
83
68820
84
68930
69
69150
83
69320
83
69430
79
69540
32
69700
67
69870
72
69980
69
70140
32
71630
76
72450
222
72560
32
73000
65
73330
82
73550
84
73710
73
73880
67
74040
79
74260
76
74480
79
75800
188
75960
32
76400
79
76730
86
76900
86
77060
73
77170
65
77390
77
77500
65
77940
8
78160
69
78270
78
78550
84
78600
69
78770
32
79150
68
79260
73
79320
32
79920
67
79970
65
80140
82
80250
65
80410
84
80580
84
80630
69
80800
82
80910
69
81020
32
81400
83
81620
84
81730
82
81950
69
82120
84
82280
84
82390
65
82610
77
82720
69
82890
78
83110
84
83220
69
83380
32
83930
84
84040
69
84480
67
84700
78
84860
73
85250
67
85410
79
85580
32
85740
69
85910
32
86400
80
86460
69
86620
82
86790
32
87000
78
87170
85
87440
76
87610
76
87720
65
87830
32
88490
80
88760
85
88980
66
89090
66
89370
76
89590
73
89700
67
89860
73
90140
84
90190
65
90520
82
90850
73
91010
79
91230
188
91290
32
91670
80
91730
79
92330
84
92550
82
92660
69
92880
66
93050
66
93160
69
93270
32
94360
73
94580
78
94800
84
94910
69
95080
82
95130
69
95350
83
95520
83
95740
65
95900
82
96010
69
96340
188
96450
32
96840
65
97060
78
97170
67
97280
72
97440
69
97550
32
97770
68
98040
65
98150
84
98260
65
98370
32
99310
76
99420
65
99580
32
99910
83
00130
84
00240
65
00460
83
00740
73
00850
32
01620
68
01830
69
01940
76
02110
32
02380
83
02550
73
02770
84
03150
79
03320
32
03810
16
03980
68
04420
73
04580
70
04690
70
05080
32
05790
67
05950
72
06120
69
06390
32
07820
78
07930
79
08040
78
08210
32
10020
8
10180
8
10400
8
10570
8
11170
80
11450
85
11670
66
11780
66
12110
76
12330
73
12440
67
12660
65
12820
32
13150
65
13260
32
13640
83
13860
84
13920
69
14140
78
14360
84
14800
79
14910
32
16990
85
17050
78
17160
32
17380
65
17930
82
18150
84
18260
73
18590
67
18700
79
18920
76
19140
79
19250
32
19410
65
19520
76
19690
32
20290
77
20400
69
20670
83
20840
69
22490
190
23370
32
24350
16
24960
16
24960
83
25230
69
25510
32
27430
76
27540
65
27700
32
27870
67
28030
79
28200
83
28360
65
28530
32
29080
83
29630
73
29740
32
30010
68
30450
79
30560
86
30780
69
31060
83
31220
83
31440
69
31600
32
31660
68
31880
69
32100
70
32210
73
32540
78
32650
73
32760
82
32920
69
33200
188
33310
32
34570
68
34740
69
34950
83
35170
67
35450
82
35610
73
35890
86
36000
69
36220
82
36380
69
36550
73
36600
32
36930
68
37150
85
37370
78
37650
81
37810
85
37980
69
38090
32
38470
76
38580
65
38690
32
38910
77
39130
73
39240
65
39350
32
39840
69
40060
83
40230
80
40340
69
40500
82
40780
73
40940
69
41160
78
41330
90
41550
65
41660
188
41820
32
42530
80
42700
73
42920
85
43190
84
43360
84
43520
79
43800
83
44070
84
44240
79
44350
32
45280
83
45390
79
45560
70
45720
70
45990
69
46210
82
46430
84
46710
65
46930
188
47150
32
47750
78
47860
65
48030
77
48190
69
48740
8
48910
8
49070
8
49730
69
49890
76
50000
32
50440
82
50610
73
50770
85
50940
83
51160
67
51320
73
51490
82
51710
69
51870
32
52150
65
52310
32
55440
67
55720
82
55940
69
56210
65
56490
82
56650
69
56820
32
57360
80
57530
82
57640
79
58080
80
58240
82
58410
73
58740
69
58900
84
59180
65
59510
222
59780
32
60000
32
60660
67
60820
85
60930
83
61100
84
61540
79
61760
77
63020
32
63190
67
63350
79
63570
77
63790
80
64010
76
64120
69
64610
83
64830
83
65050
69
65330
32
65710
16
66150
57
70220
67
70380
76
70770
65
70990
83
71150
83
71320
73
72030
188
72140
32
72800
67
72910
79
73180
76
73350
76
73570
69
74060
90
74390
73
74500
79
75110
78
75270
73
76700
188
76810
32
77140
67
77250
79
77470
76
77630
76
77690
69
78510
90
78570
73
78730
79
78950
78
79170
73
79280
32
79500
68
79550
73
79660
32
79830
67
80050
76
80160
65
80540
83
80710
83
80930
73
81480
188
81640
32
86470
83
86640
84
86750
82
86970
73
87190
78
87410
71
87630
72
87740
69
87900
32
88290
67
88450
79
88670
78
88780
32
88950
69
89110
78
89330
85
89720
77
89830
69
90050
82
90370
65
90590
90
90760
73
90920
79
91140
78
91310
69
91470
32
92190
68
92410
73
92460
78
92630
65
93010
77
93560
73
93730
67
93940
65
94880
16
95150
48
95370
32
96750
8
00760
32
01140
73
01360
78
01470
32
01740
16
02290
86
02730
66
03450
190
03670
16
03830
78
04000
69
04110
84
05640
32
05810
16
05970
57
06410
77
06520
65
06630
32
07130
16
07510
67
08610
51
08830
32
09540
69
09760
222
10040
32
10200
32
11080
76
11190
65
11410
32
11580
83
11690
84
11690
69
11960
83
12130
83
12240
65
12400
32
12560
67
12780
79
12890
83
13110
65
13390
16
13610
48
