44240
73
44350
69
44570
82
44680
73
44790
32
45340
72
45390
79
45560
32
45830
67
45940
79
46160
77
46440
80
46550
69
46710
82
47150
84
47810
8
47980
65
48470
84
48740
79
48850
32
49730
73
49840
76
50010
32
51050
76
51220
73
51490
66
51600
82
51770
79
51880
32
52310
68
52480
69
52590
76
52750
76
52920
65
53080
32
57590
16
57810
82
57970
69
58630
80
58850
85
59070
66
59180
66
59450
76
59670
73
59780
67
60060
81
60500
8
60550
65
60770
32
61540
68
61710
73
61760
32
61930
16
62090
66
63130
79
63460
76
63570
76
63850
188
63960
32
67640
16
68240
16
68350
16
68460
16
68570
222
68740
32
69400
79
69450
80
69670
73
70060
78
70170
73
70440
79
70660
78
70880
73
70990
32
71650
68
71700
73
71810
32
72030
85
72250
78
72360
32
72690
67
72860
76
73080
79
73300
87
73520
78
73740
16
74010
222
74390
32
75160
190
75270
32
76320
86
76430
69
76650
78
76760
69
76920
78
77090
68
77360
79
77470
32
77850
68
78020
65
78180
32
78680
16
78950
67
79170
85
79390
78
79450
69
79670
79
79780
32
79890
65
80050
32
80220
16
80380
84
80770
79
80880
82
81040
73
81370
78
81430
79
81590
32
81860
78
81970
79
82080
78
82140
32
82690
72
82800
79
82850
32
83240
82
83400
69
83620
83
83790
73
83900
83
84060
84
84450
73
84670
84
84780
79
84890
32
85650
69
85760
32
86310
78
86480
69
86590
32
86920
72
86970
79
87080
32
87360
76
87520
69
87690
84
87850
84
88180
79
88290
32
89220
85
89330
78
89500
32
89940
80
90160
79
90600
222
90760
32
94110
188
94280
32
95160
69
95320
32
95650
77
95820
73
96200
32
96470
72
96640
65
96750
32
97630
83
97790
85
97960
66
98230
73
98400
84
98560
79
98670
32
99550
73
99770
78
99990
84
00150
82
00370
73
00590
71
00700
65
00810
84
01200
79
01360
32
02240
80
02410
65
02850
82
03010
69
03290
67
03400
67
03510
72
03830
73
03940
79
04380
190
04490
32
06530
67
06640
79
06860
77
06970
69
07080
32
07290
71
07570
73
07730
65
07950
222
08060
32
08230
32
08830
83
09000
65
09160
80
09330
69
09770
86
09880
79
10210
32
10480
83
10590
73
10700
32
11250
80
11360
65
11630
82
11740
76
11910
65
12020
32
12350
68
12460
73
12510
32
13010
85
13230
78
13340
32
14270
82
14490
65
14650
71
14760
65
15040
90
15200
90
15370
79
15420
32
15750
68
15860
73
15970
32
18120
16
18280
222
18390
32
19100
66
19650
85
19650
79
19930
78
20040
65
20200
32
20530
70
20750
65
20920
77
21140
73
21410
71
21520
76
21690
73
21800
65
22070
16
22230
222
22400
32
23500
32
23830
16
24050
57
25200
73
25420
77
26850
80
27010
82
27230
69
27730
78
27890
68
28060
73
28390
84
28500
79
28770
82
28940
73
29050
32
29480
77
29700
73
29920
78
30030
69
30250
82
30530
65
30910
82
31130
73
31240
32
32180
68
32340
69
32510
76
32620
76
33160
222
33270
32
33600
65
34430
82
34650
69
34810
65
35030
32
35140
68
35310
73
35360
32
35530
16
35690
66
36080
79
36300
78
36410
78
36570
16
36790
48
39980
32
40850
67
41070
72
41180
69
41350
32
43600
80
43710
69
43880
82
43990
79
44420
222
44530
32
44750
32
45300
68
45470
69
45690
67
46070
73
46240
68
46400
69
46570
32
47720
68
47880
73
47940
32
49700
80
49810
82
49970
69
50250
78
50360
68
50520
69
50690
82
50850
69
50960
32
51180
85
51400
78
51510
65
51670
32
51890
83
52110
85
52220
65
52330
32
52500
83
52770
84
52990
82
53050
65
53320
68
53540
65
53760
32
54640
80
54750
69
54920
82
55460
83
55630
79
56010
78
56120
65
56230
76
56400
69
57000
188
57770
32
60080
73
60300
77
60520
80
60630
65
60850
82
61070
65
61230
78
61340
68
61510
79
61620
32
61780
65
61950
80
62060
80
62280
85
62500
78
62660
84
62820
79
62930
32
63370
76
63810
222
63920
32
64140
65
64800
82
64970
84
65080
69
65190
32
65410
68
65630
69
66180
76
66390
32
66610
67
66780
76
67000
79
67220
87
67820
78
68210
32
69580
69
69690
32
70020
82
70130
73
70790
78
71010
85
71230
78
71340
67
71500
73
71610
65
71780
78
71890
68
72110
79
72220
32
72490
65
72710
76
72880
76
73700
65
73860
32
73970
82
74140
73
74300
67
74470
67
74580
72
74690
69
75070
90
75240
90
75400
65
75620
32
75680
69
75950
32
76170
65
76340
76
76450
32
76890
80
77050
79
77270
84
77380
69
77490
82
77600
69
77710
32
78260
67
78370
72
78480
69
78640
32
79140
76
79250
65
79410
32
80400
83
80570
85
80680
65
80790
32
81220
70
81390
65
81550
77
81830
73
82050
71
82320
76
82540
73
82710
65
82820
32
83530
71
83640
65
83750
82
83860
65
84790
8
84960
8
85120
8
85290
8
85890
71
86000
76
86220
73
86330
32
86440
65
86720
86
86880
82
87050
69
87210
66
87380
66
87540
69
87760
32
88860
71
88910
65
89080
82
89190
65
89460
78
89680
84
90070
73
90180
84
90290
79
91000
190
93250
32
94570
16
94900
73
95120
76
95830
32
96000
84
96220
85
96440
84
96550
84
96990
79
97040
32
97870
67
98030
79
98250
78
98360
32
98580
83
98750
85
98970
76
99080
76
99350
79
99510
32
00010
83
00340
70
00500
79
00720
78
01050
68
01160
79
01270
32
03250
76
03630
65
03800
32
04240
84
04350
82
04620
73
04790
83
04950
84
05060
69
05230
32
05780
86
05890
73
06110
67
06330
69
06490
78
06710
68
07040
65
07200
32
08250
68
08410
69
08740
76
08850
76
09020
65
09180
32
09900
83
10010
85
10170
65
10280
32
10940
82
11050
65
11210
71
11320
65
11540
90
11710
90
11930
65
12150
32
12700
16
12920
57
13190
77
13360
65
13580
82
13740
73
13850
65
14070
16
14290
48
14620
32
14950
67
15170
72
15280
69
15390
32
15770
76
15990
79
16600
32
16980
76
17090
65
17260
83
17420
67
17590
73
17700
65
17860
32
20330
80
20500
69
20660
82
20770
32
20990
85
21210
78
21320
32
22030
83
22200
79
22360
76
22580
73
22690
68
22860
79
22970
32
24290
67
25000
8
25110
69
25270
32
25770
82
25930
73
26260
67
26430
67
26650
79
27140
32
27860
67
28020
65
28080
84
28240
84
28630
79
28790
76
29010
73
29060
67
29340
79
31370
32
32090
68
32200
79
32360
80
32470
79
32580
32
33130
85
33290
78
33400
32
33620
80
33790
79
34170
222
34560
32
34780
32
35600
67
35770
72
35880
69
36040
32
36700
76
36860
79
36970
32
37190
72
37300
65
37470
32
37690
83
37910
69
38070
71
38400
85
38510
73
38730
84
39060
79
39120
32
39340
78
39450
69
39610
76
39780
76
39940
65
40270
32
40540
83
40710
85
40820
65
40930
32
41860
67
42030
79
42190
82
42470
65
42580
71
42740
71
43020
73
43130
79
43350
83
43510
65
43670
32
43890
68
44060
69
44280
67
44390
73
44500
83
44660
73
44770
79
44990
78
45100
69
45430
190
45540
32
47250
16
47350
84
47570
85
47790
84
47960
84
48070
79
48180
32
48950
16
49110
57
49500
83
49660
79
49830
80
50100
82
50210
65
50380
84
50490
84
50710
85
50930
84
51030
84
51420
79
51640
32
52240
76
52350
69
52460
32
52850
82
53010
69
53180
67
53290
69
53450
78
53620
83
53890
73
54000
79
54170
78
54390
73
54500
32
54660
67
54820
72
54880
69
55040
32
55260
72
55370
79
55480
32
55650
76
55760
69
55980
84
56090
84
56470
79
56580
16
56690
48
56910
32
57630
80
57740
82
57960
69
58180
65
58500
78
58610
78
58890
85
59110
78
59220
67
59380
73
59490
65
59600
32
59820
85
60040
78
60150
65
60210
32
60810
70
60920
73
61140
78
61420
69
61580
32
61750
68
61910
73
62240
70
62350
70
62570
73
62730
67
62900
73
63120
76
63230
69
68010
190
20630
8
21390
188
21450
32
22220
85
22490
78
22600
65
22710
32
23810
70
23920
73
24200
78
24310
69
24420
32
24530
83
24690
84
24850
82
25130
65
25460
90
25620
73
25730
65
25900
78
26120
84
26230
69
27270
32
28590
68
28700
73
28860
82
29030
69
29140
73
30400
190
32210
32
32490
16
32710
77
32870
65
33040
32
33590
80
33700
69
33860
78
33970
83
34140
79
34190
32
34470
67
34630
72
34690
69
34850
32
35020
76
35240
79
35290
32
35680
76
35840
69
35950
71
36110
71
36220
69
36440
82
36610
79
36940
222
36990
32
37380
188
37710
32
37930
68
38090
69
38150
76
38260
32
38700
82
38920
69
39080
83
39250
84
39520
79
39630
32
40120
77
40230
73
40340
32
40620
69
40780
82
40890
79
41000
32
41170
65
41330
84
41500
84
41550
65
41990
67
42100
67
42540
8
42710
8
42870
8
42930
8
43090
8
43200
8
43690
82
44020
73
44130
65
44240
84
44410
84
44460
65
44680
67
44790
67
44900
65
45010
84
45340
79
45450
32
46000
65
46170
32
46330
16
46440
66
46720
85
47150
75
47370
79
47590
87
47810
83
48200
75
48420
73
48580
16
49190
16
49300
16
49410
16
49520
16
49520
49
