74990
78
75160
79
75320
78
75430
32
76310
69
76530
222
76640
32
76750
32
77460
70
77570
65
77790
67
77960
73
78180
76
78290
69
78400
32
78620
84
78840
82
78950
79
79220
86
79330
65
79440
82
79550
69
79720
32
80320
78
80540
85
80810
79
81030
86
81140
73
81250
32
81530
65
81750
82
81910
71
82240
79
82460
77
82570
69
82680
78
82850
84
82960
73
83450
190
83620
190
83780
190
83890
32
84220
83
84490
79
84710
78
84770
79
84930
32
85430
85
85650
78
85760
32
85920
84
86030
73
86310
80
86470
79
86580
32
86860
68
87020
73
87080
32
87300
80
87520
79
87630
67
87790
72
87900
69
88010
32
88340
80
88390
65
88670
82
88780
79
89000
76
89110
69
89270
32
89550
73
89600
79
90100
190
90260
190
90430
190
90540
32
90810
83
91030
80
91140
69
91310
82
91470
79
91690
32
92290
67
92510
72
92620
69
92790
32
94710
76
94880
65
95420
32
95530
68
95750
69
95970
67
96080
73
96300
77
96410
65
98230
32
99870
80
99980
82
00090
79
00370
86
00480
65
00640
32
00750
83
00920
73
01030
65
01190
32
01360
81
01580
85
01690
69
01910
83
02020
84
02180
65
02620
188
02730
32
03280
80
03330
69
03550
82
03770
67
03940
72
04050
69
04430
222
04600
32
04760
32
05150
83
05310
79
05590
78
05700
79
05810
32
06080
80
06190
82
06350
79
06570
80
06790
82
06960
73
07120
79
07340
32
07510
65
07670
32
07840
67
08060
79
08220
82
08440
84
08660
79
08830
32
09050
68
09210
73
09270
32
09490
73
09650
68
09930
69
10090
69
10860
190
11570
32
12730
16
12950
86
13110
69
13280
68
13390
73
13550
65
13770
77
13880
79
14150
188
14260
32
14810
67
14980
79
15140
83
15530
65
15690
32
16190
72
16300
79
16410
32
16680
70
16900
65
17230
84
17340
84
17500
79
17560
32
17890
78
18050
69
18160
76
18380
32
19100
87
19260
69
19430
69
19540
75
20030
189
20310
69
20470
78
20640
68
21070
16
21290
191
21730
32
23660
73
23880
76
23990
32
24370
50
24750
53
25080
32
25360
65
25470
80
25630
82
25800
73
26070
76
26240
69
26400
32
26620
83
26790
79
27060
78
27170
79
27280
32
27500
83
27610
84
27780
65
27830
84
28160
79
28270
32
28440
73
28650
78
28820
32
28980
16
29090
86
29310
65
29480
76
29640
76
29810
69
29920
32
30080
68
30850
222
31400
32
31680
16
31790
65
32440
85
33380
8
33600
79
33820
83
34040
84
34090
65
34260
32
34480
65
34640
32
35190
67
35470
8
35580
86
35740
73
35900
83
36780
73
37060
84
37170
65
37390
82
37500
69
37610
32
37940
73
38160
76
38270
32
38650
67
38820
65
38980
83
39150
84
39260
69
39530
76
39690
76
39910
79
40020
32
40240
68
40350
73
40460
32
40630
16
40790
70
40960
69
41180
78
41400
73
41510
83
41730
188
41840
32
42110
80
42280
79
42500
73
42610
32
42770
77
43050
73
43100
32
43370
83
43430
79
43870
78
43980
79
44090
32
44580
83
44800
80
45020
73
45190
78
45350
84
45520
79
45570
32
46290
70
46450
73
46620
78
46780
84
46890
79
47000
32
47160
65
47330
32
47770
16
47930
67
48210
79
48320
85
48480
82
48760
77
48870
65
49250
89
50020
69
50240
85
50460
82
50790
188
50900
32
51120
77
51230
65
51390
32
51830
69
52000
82
52110
79
52220
32
52440
67
52600
79
52710
83
52820
73
53260
222
53430
32
53590
32
54300
83
54520
84
54630
65
54910
78
55070
67
55240
79
55350
32
55510
67
55730
72
55840
69
56010
32
56170
83
56280
79
56670
78
56720
79
56830
32
57330
67
57600
82
57710
79
57930
76
58090
76
58150
65
58530
84
58810
79
58970
32
60020
78
60130
69
60290
76
60400
32
60680
80
60790
65
60950
82
61170
67
61340
72
61450
69
61830
71
61990
71
62160
73
62210
79
62490
32
62650
69
62820
32
63260
72
63370
79
63480
32
63810
73
63970
78
64250
86
64300
69
64520
82
64690
84
64960
73
65070
84
65180
79
65290
32
65510
76
65620
65
65780
32
65950
77
66060
65
66280
82
66500
67
66660
73
66830
65
66990
32
67270
86
67380
69
67600
82
67820
83
67930
79
68040
32
68920
16
69240
84
69630
79
69960
82
70120
73
70340
78
70450
79
71500
190
71660
32
72050
16
72210
86
72380
69
72870
78
72980
69
73140
82
73360
68
73470
73
73910
222
74020
32
74190
32
74850
76
74960
65
75230
86
75450
79
75560
82
75890
65
76170
84
76330
79
76440
32
76660
16
76880
57
79130
80
79240
69
79460
82
79570
32
79790
73
80010
76
80120
32
80340
80
80500
79
80610
83
80830
84
80940
69
81110
82
81270
32
81440
69
81600
32
82430
80
82480
69
82700
82
82810
32
83030
16
83140
76
83420
65
83530
77
83740
66
83910
69
84130
82
84510
84
84620
79
85010
16
85230
48
85890
32
86600
80
86820
79
86990
73
87100
32
87210
83
87370
79
87590
78
87700
79
87810
32
87970
65
88080
78
88250
68
88470
65
88630
84
88960
79
89020
32
89240
73
89460
78
89510
32
89730
67
89840
79
90060
80
90280
73
90340
83
90560
84
90670
69
90830
82
91380
73
91490
65
91600
32
91760
65
91870
32
92420
80
92590
79
92920
82
93080
84
93190
65
93360
82
93470
69
93580
32
93800
73
94020
76
94130
32
94290
80
94510
79
94620
83
94790
84
94890
69
95060
82
96160
32
96270
69
96380
32
96820
76
96930
65
97090
32
97150
83
97370
69
97530
82
97810
65
97920
32
98080
83
98190
79
98470
78
98520
79
98680
32
99180
85
99340
83
99560
67
99670
73
99890
84
00060
79
00170
32
00660
67
00770
79
00990
78
01100
32
01270
16
01600
68
01760
65
01870
86
02250
73
02530
68
02690
69
03190
188
03410
32
04620
85
04840
78
04890
32
05220
80
05280
65
05500
73
05610
79
05770
32
05930
68
06040
73
06150
32
06650
66
06870
73
07090
82
07250
82
07420
69
07580
84
07750
84
07860
69
08020
32
08410
67
08630
79
08740
78
08900
32
09450
76
09830
85
09940
73
10600
188
10770
32
11210
85
11430
78
11480
32
11760
83
12310
85
12420
79
12640
32
12910
65
13080
77
13290
73
13460
67
13570
79
13680
32
13950
69
14060
32
14170
68
14390
69
14500
76
14670
76
14780
69
14940
32
15820
82
16100
65
16210
71
16320
65
16540
90
16700
90
16920
69
17300
190
18680
32
19060
16
19230
83
19390
65
19560
66
19720
65
20110
84
20270
79
20380
32
21260
68
21370
73
21480
32
21640
78
21860
85
22140
79
22250
86
22360
79
22470
32
22630
76
22740
65
23020
86
23400
79
23510
82
23620
79
23790
32
24170
16
24500
57
24940
83
25050
76
25320
73
25430
68
25650
69
25930
83
27030
32
27190
80
27300
69
27520
82
27630
32
27800
16
27960
68
28180
88
29330
32
29610
81
29830
85
29940
69
30160
83
30270
84
30380
65
30540
32
30760
86
31040
79
31200
76
31480
84
31590
65
31800
16
31970
48
32190
32
32520
69
32630
32
32790
76
32960
65
33070
32
33340
83
33510
69
33730
82
34000
81
34000
65
34440
8
34610
8
34720
65
34880
32
35270
73
35430
76
35540
32
35760
70
35870
73
36090
76
36310
77
36360
32
36750
16
37130
222
37300
32
38230
16
38340
73
38560
76
38670
32
38950
83
39050
79
39220
83
39770
80
39930
69
40210
84
40320
84
40480
79
40700
16
40870
222
41030
32
41200
32
42130
68
42240
73
42350
32
42520
16
42630
72
42900
73
43170
84
43340
67
43450
72
44000
67
44110
79
44330
67
44660
75
45260
190
45430
32
46090
16
46310
68
46470
79
46690
77
46850
69
46960
78
47400
73
47510
67
47790
65
47950
32
54760
65
54930
78
55200
67
56030
79
56140
82
56470
65
56580
32
56850
76
56960
65
57840
86
58000
79
58170
82
58280
79
58440
32
58660
83
58830
85
59100
76
59210
76
59320
69
59490
32
59600
83
59760
76
59930
73
60090
68
60260
69
60530
83
62010
32
62180
69
62340
32
62890
80
63000
65
63220
83
63390
83
63550
69
63770
71
63880
71
64160
73
64270
65
64380
84
64490
65
64600
32
64980
67
65200
79
65420
78
65530
32
65750
73
65800
32
66020
67
66240
65
66350
78
66630
73
66680
32
66900
78
67010
69
67180
76
67290
32
67840
80
68060
79
68280
77
68390
69
68550
82
68710
73
68990
71
69150
71
69320
73
69370
79
70200
188
71350
8
71900
190
