46580
72
46690
79
46850
32
47180
86
47350
73
47460
83
47840
84
47950
79
48060
32
48280
83
48450
65
48610
66
48720
65
48880
84
49270
79
49320
32
49490
83
49710
69
49870
82
50150
65
50310
32
50590
85
50810
78
50920
32
51910
70
52070
73
52340
76
52560
77
53440
32
55530
80
55640
73
55970
85
56740
84
56900
84
57010
79
57230
83
57510
84
57670
79
57780
32
57950
67
58110
72
58330
73
58440
65
58660
83
58830
83
58990
79
59160
83
59320
79
61410
188
61520
32
61790
73
61900
32
62120
16
62510
84
62840
65
63990
8
64150
69
64760
78
64870
69
65030
78
65250
66
65420
65
65690
85
66020
77
67610
190
68930
32
71400
16
71680
80
71840
65
72120
82
72280
76
72390
65
72780
86
73050
65
73220
32
73330
68
73490
73
73600
32
73820
85
74040
78
74150
65
74320
32
74480
70
74750
65
74860
77
75080
73
75300
71
75470
76
75690
73
75800
65
76680
32
79090
67
79310
72
79530
69
79750
32
79970
65
80630
86
80740
69
80960
86
81460
65
81680
32
82610
84
82830
82
82990
69
83160
32
83270
70
83490
73
83650
71
83820
76
84090
73
84310
32
85680
77
85790
79
86120
76
86230
84
86400
79
86560
32
86840
80
86950
82
87110
79
87330
77
87500
69
87770
84
87940
84
88050
69
88210
78
88380
84
88540
73
88650
32
88820
68
89090
65
89200
32
89690
66
89910
65
90080
77
90300
66
90520
73
90850
78
90960
73
91120
32
91340
67
91450
72
91620
69
91780
32
93260
80
93370
79
93590
73
93760
32
94530
78
94640
79
94750
78
94860
32
95130
83
95240
73
96340
32
96830
8
97000
8
97160
8
97330
65
97930
86
98150
69
98260
86
98430
65
98700
78
99030
79
99140
32
99310
77
99420
65
99470
78
99580
84
99690
69
99860
78
00080
85
00350
84
00460
79
00510
32
01170
70
01450
69
01670
68
01830
69
02000
32
02110
65
02330
76
02490
76
02880
69
03100
32
03810
80
03970
82
04080
79
04360
77
04470
69
04740
83
04850
83
05240
69
05900
188
06060
32
06720
68
06890
73
07330
86
07440
69
07600
78
07870
84
07980
65
08150
78
08750
68
08920
79
09030
32
09190
67
09300
72
09580
73
09690
32
09910
73
10130
78
10240
32
10400
85
10620
78
10730
32
11120
77
11280
79
11330
68
11550
79
11720
32
11990
67
12760
72
12870
73
12980
32
13310
73
13530
78
13640
32
13810
85
14030
78
14140
32
14410
65
14580
76
15120
84
15340
82
15510
79
15780
32
15950
68
16170
69
16280
73
16390
32
16550
70
16770
65
16940
76
17050
76
17270
73
17380
84
17490
73
17980
190
18200
32
23910
16
24080
85
24520
78
24570
79
24790
32
25620
65
25730
86
25840
69
26000
86
26160
65
26380
32
26710
73
26990
76
28530
32
29240
71
29350
69
29460
78
29840
73
29950
79
30060
32
30280
80
30390
69
30610
82
30720
32
30890
71
31000
76
31270
73
31330
32
31490
65
31710
70
31930
70
32150
65
32430
82
32540
73
32810
188
32870
32
33200
85
33520
78
33630
79
33690
32
33960
80
34130
69
34350
82
34570
32
35010
71
35120
76
35340
73
35390
32
35560
83
35780
80
35940
79
36110
82
36330
84
36550
32
36710
69
36990
32
37370
76
37480
65
37640
32
37860
82
38080
65
38250
71
38360
65
38630
90
38800
90
39020
73
39240
78
39350
65
39510
188
39680
32
39950
73
40120
78
40390
84
40450
69
40610
82
40990
80
41160
82
41380
69
41490
84
41650
65
41760
84
41870
65
42040
32
42750
80
42860
79
43080
73
43190
32
43410
68
43580
65
43740
32
44130
71
44350
82
44400
65
44620
78
44780
68
44950
69
45110
32
45660
68
45830
65
45990
32
46430
16
46650
71
46980
87
47590
89
47810
78
48300
69
48460
84
49400
72
49560
32
50060
16
50280
80
50500
65
50660
76
51160
84
51380
82
51540
79
51710
87
52090
188
52200
32
57310
80
57470
69
57640
82
57750
32
58240
76
58410
65
58680
32
58790
83
58960
67
59180
82
59340
73
59500
84
59670
84
59830
85
60330
82
60600
65
61980
190
63620
32
67250
16
67520
80
67690
69
67850
82
67960
79
68790
222
68950
32
69170
32
70490
73
70710
76
70760
32
71040
80
71150
82
71310
73
71640
77
71750
79
72250
32
72850
68
73020
73
73620
86
73730
69
73900
78
74110
84
74170
65
74440
86
74550
65
74660
32
74990
85
75210
78
75270
32
75490
83
75650
69
75760
77
76040
80
76260
76
76480
73
76590
67
76750
69
76920
32
77190
77
77300
65
77410
78
79330
73
79440
67
79550
65
80540
8
80710
8
80820
65
81640
67
81860
79
82080
32
82350
68
82520
69
82680
76
82790
76
83290
222
83400
32
84000
79
84220
82
84390
68
84550
73
84770
78
84880
69
84990
32
85210
69
85370
32
85480
68
85700
69
85810
76
85980
76
86310
222
86420
32
86750
69
87410
70
87520
70
87680
73
87790
67
87960
73
88070
69
88290
78
88510
90
88670
65
88830
188
88940
32
89330
73
89550
76
89660
32
89880
83
90100
69
90370
67
90540
79
90760
78
90920
68
91090
79
91250
32
91530
67
91690
79
91910
78
92130
67
92240
76
92510
85
92620
68
92840
69
93060
86
93340
65
93450
32
94000
80
94110
82
94270
69
94550
83
94770
84
94930
79
95040
32
95150
69
95320
32
96190
68
96410
73
96580
83
96800
79
97070
78
97180
79
97400
82
97570
69
97900
86
98060
79
98280
76
98500
77
98670
69
98720
78
98940
84
99220
69
99380
32
00370
76
00480
65
00640
32
01080
83
01190
85
01360
65
01470
32
01740
67
02020
65
02240
82
02400
82
02510
73
02730
69
03060
82
03340
65
03500
32
03610
68
03770
73
03830
32
04210
84
04380
69
04710
78
04820
78
05090
73
05200
83
05530
84
06030
65
08990
188
09160
32
09980
73
11350
8
11960
69
12180
32
12340
76
12450
65
12670
32
12840
82
13110
65
13220
71
13330
65
13550
90
13720
90
13880
73
14050
78
14160
65
14320
32
17620
78
17780
79
17890
78
17950
32
18220
65
18550
86
18660
69
18820
86
18930
65
19100
32
19870
85
20090
78
20250
32
20530
84
20640
65
20910
76
20970
69
21130
78
21460
84
21570
79
21680
32
22670
68
22830
65
23000
86
23110
86
23270
69
23440
82
23600
79
23710
32
28110
71
28490
82
28710
83
29370
78
30030
8
30190
8
30360
8
31240
8
31400
67
31570
79
31680
83
31790
73
32230
222
32390
32
32560
32
33430
71
33600
82
33820
65
33980
78
34090
68
34260
69
34420
32
34750
68
34920
65
35080
32
35630
70
35850
65
36070
82
36290
76
36400
65
36570
32
36780
67
37000
79
37610
77
37830
80
37990
69
38380
84
38490
69
38600
82
38710
69
38870
32
39260
67
39640
79
39750
78
39860
32
42990
73
43160
32
43710
70
44140
8
44250
68
44470
82
44750
65
44910
77
45080
77
45130
65
45410
84
45680
85
45790
82
46070
71
46290
72
46560
73
46670
32
47660
65
47880
68
48040
85
48260
76
48480
84
48700
73
50130
190
52160
32
52600
16
53150
73
54580
76
54690
32
55180
70
55400
73
55570
76
55840
77
56010
32
58150
80
58260
65
58540
82
58700
76
58810
65
58970
32
59190
68
59300
73
59410
32
59580
85
59740
78
59910
32
60290
66
60400
82
60620
69
60790
86
60840
69
61010
32
61390
80
61500
69
61670
82
61830
73
61940
79
62110
68
62270
79
62430
32
62600
73
62820
78
62930
32
63090
67
63200
85
63310
73
63480
32
63700
76
63810
65
63970
32
64190
70
64410
65
64520
77
64740
73
64960
71
65130
76
65290
73
65400
65
65570
32
65730
83
65840
73
65900
32
66280
82
66440
73
66610
85
67100
78
67160
73
67490
83
67710
67
67930
69
68040
32
68200
81
68310
85
68480
65
68590
78
68700
68
68860
79
68970
32
69190
73
69300
32
69580
70
69690
73
69850
71
70010
76
70230
73
70290
32
70730
72
70840
65
71000
78
71170
78
71280
79
71440
32
72050
80
72210
65
72490
83
72650
83
72820
65
72980
84
73310
79
73420
32
73580
68
73750
65
73910
32
74240
80
74460
79
74570
67
74680
79
74790
32
75510
76
75670
65
75840
32
76550
84
76770
82
76830
69
77050
78
77430
84
77700
73
77920
78
77980
65
78310
190
78420
32
78860
16
79190
84
79410
82
79570
73
79680
83
79900
84
80230
73
80340
83
80510
83
80670
73
81110
77
81160
79
81880
190
