96300
83
96460
84
96790
79
96900
32
97120
76
97280
69
97500
71
97610
71
97720
69
97890
78
98050
68
98220
79
98330
32
98600
85
98820
78
98930
32
99700
76
99920
73
00090
66
00310
82
00580
79
00690
32
06180
68
06290
73
06400
32
06730
83
06840
84
07230
79
07450
82
07560
73
07770
65
07880
32
08100
68
08320
69
08430
76
08600
76
08710
65
08870
32
09200
83
09420
67
09530
73
09640
69
09860
78
10080
90
10300
65
10470
32
10740
67
10910
79
11290
71
11450
78
11560
73
11890
84
12000
73
12440
86
12550
65
14420
188
14590
32
15080
83
15300
67
15410
82
15790
73
16010
84
16180
84
16340
79
16400
32
17440
68
17550
65
17770
32
18270
85
18490
78
18600
32
18760
65
18870
77
19030
69
19200
82
19360
73
19690
67
19860
65
20190
78
20240
79
20680
32
20960
77
21230
65
21450
32
21840
84
22000
82
22170
65
22390
68
22550
79
22770
84
22990
84
23100
79
23210
32
23370
73
23590
78
23700
32
24140
73
24360
84
24470
65
24690
76
24910
73
25020
65
25240
78
25350
79
25900
190
27160
32
29140
16
29360
78
29580
79
29690
78
29800
32
30290
82
30460
73
30620
67
30790
79
30950
82
31170
68
31340
79
31450
32
32710
78
33810
69
33920
222
34140
32
34360
32
34910
73
35070
76
35180
32
35460
84
35790
73
36060
84
36390
79
36610
76
36780
79
36940
32
37760
78
37870
69
38260
222
38370
32
38590
32
39520
73
39580
76
39740
32
40290
78
40400
79
40620
77
40680
69
40840
32
40950
68
41170
69
41280
76
41440
76
43370
8
43530
8
43700
8
43860
8
44080
8
44250
8
44360
8
44520
8
44630
8
44790
8
44960
8
45070
8
45180
8
45340
8
45560
8
45780
8
46280
8
46440
8
46610
8
46720
8
46880
8
47050
8
47160
8
47320
8
47430
8
47600
8
47710
8
47870
8
47980
8
48150
8
48640
73
48860
76
48910
32
49240
84
49350
73
49680
84
49850
79
50070
76
50230
79
50340
32
50780
77
50890
65
51060
32
51940
73
52150
76
52260
32
52760
78
52870
79
53030
77
53200
69
53310
32
53470
68
53640
69
53800
76
53970
76
54350
222
54520
32
55510
65
55780
85
56000
84
56330
79
56440
82
56490
69
56600
32
56820
69
57210
222
57480
32
57590
32
58090
16
58250
71
58470
65
58580
82
58750
68
59020
78
59130
69
59350
82
59570
32
59790
16
59950
57
60450
78
60560
79
60610
78
60780
32
61220
80
61330
69
61490
82
61600
79
61930
222
62100
32
62260
32
62760
73
62980
76
63030
32
63360
70
64240
65
64460
77
64570
79
64900
83
65060
79
65170
32
66000
69
66550
78
66760
73
67040
71
67260
77
67480
73
67590
83
67750
84
67860
65
68030
32
68190
69
68360
32
68520
77
68690
65
68850
84
69180
69
69400
77
69570
65
69680
84
70060
73
70170
67
70340
79
70610
16
71210
16
71320
16
71430
16
71540
16
71650
16
71760
16
71870
16
71980
16
72530
188
72640
32
72970
66
73140
69
73300
78
73470
83
73630
73
74020
222
74180
32
74340
32
75390
85
75610
78
75830
79
75940
32
76100
80
76270
83
76430
73
76540
67
76710
79
76870
76
77090
79
77370
71
77700
79
77910
16
78080
48
78900
190
81590
32
81980
16
82580
16
82690
16
82860
16
82910
73
83130
76
83300
32
83570
76
83740
73
84450
66
84670
82
84840
79
85880
188
85990
32
86590
78
86700
69
86920
76
87030
76
87140
65
87250
32
87690
80
87860
82
87970
73
88190
77
88350
65
88520
32
88740
80
88840
65
89060
82
89230
84
89450
69
89720
188
89830
32
90550
82
90710
73
90930
80
91100
69
91260
82
91480
67
91650
79
91760
82
91920
82
92140
69
92200
32
92420
76
92520
65
92690
32
92800
83
93020
84
93350
79
93460
82
93900
73
94060
65
94170
32
94390
68
94560
69
94830
76
94940
76
95050
69
95270
32
95880
68
95990
73
96100
83
96420
67
96750
73
96920
80
97140
76
97360
73
97630
78
97690
69
97850
32
98510
80
98620
82
98790
73
99060
78
00160
67
00320
73
00540
80
00760
65
00930
76
01150
73
01200
32
01420
68
01590
69
01750
76
01970
76
02080
65
02300
32
03350
83
03570
67
03730
73
03840
69
04000
78
04220
90
04550
65
04830
32
05430
67
05600
79
06310
71
06590
78
06640
73
07460
84
07570
73
08340
86
08400
65
08670
16
08950
186
09060
32
09770
70
09940
73
10160
76
10380
79
10490
83
10600
79
10980
70
11090
73
11310
65
11530
188
11750
32
12410
80
12630
83
12960
73
13120
67
13290
79
13450
76
13620
79
14000
71
14170
73
14390
65
14610
188
14770
32
15370
73
15540
78
15760
84
15870
69
16030
76
16200
76
16360
73
16580
71
16690
69
16860
78
17080
90
17410
65
17520
32
18500
65
18670
82
18780
84
19220
73
19380
70
19550
73
19660
67
19770
73
19930
65
20100
76
20210
69
20430
188
20540
32
21090
76
21250
73
21800
78
22020
71
22400
85
22460
73
22730
83
22900
84
23230
73
23340
67
23560
65
24550
188
24990
32
26140
65
26410
78
26580
84
26850
82
26960
79
27130
80
27350
79
27510
76
27730
79
28010
71
28120
73
28280
65
28780
32
28940
69
29380
32
30530
78
30640
69
31410
85
31520
82
31690
79
34980
76
35200
79
35480
71
35640
73
35810
65
37560
190
42840
32
43770
16
43940
72
44100
79
44260
32
44480
65
44700
80
44870
80
44980
69
45140
78
45200
65
45360
32
45530
73
45800
78
46080
73
46520
90
46740
73
46850
65
47400
84
47780
79
47830
32
49700
73
49920
76
49980
32
50250
67
50470
65
50580
80
50800
73
50970
84
51080
79
51300
76
51460
79
51570
32
52010
82
52120
73
52390
71
52560
85
52670
65
52830
82
53050
68
53160
65
53380
78
53600
84
53710
69
53820
32
54210
76
54650
222
54760
32
55300
65
55520
78
55960
84
56180
82
56290
79
56730
80
56900
79
57170
76
57340
79
57940
71
58050
73
58220
65
59920
188
60030
32
60300
69
60580
32
61070
70
61240
73
61570
78
61680
79
61790
82
62010
65
62120
32
63320
72
63430
79
64090
32
64530
84
64640
82
64920
79
65140
86
65250
65
65360
84
65800
79
65960
32
68210
73
68320
78
68600
84
68710
69
68820
82
68930
69
69150
83
69310
83
69480
65
69590
78
69810
84
70300
73
70410
32
71120
81
71400
85
71560
69
71670
76
71840
76
72000
73
72110
32
72440
67
72610
72
72720
69
72880
32
73160
72
73270
79
73380
32
73920
71
74200
73
74310
65
74640
222
74750
32
74970
32
75410
76
75520
69
75740
84
75900
84
76290
79
76730
188
76780
32
77280
83
77380
79
77490
80
77880
82
77990
65
78100
84
78210
84
78480
85
78700
84
78810
84
79140
79
79250
32
79420
80
79530
69
79690
82
79800
32
80080
67
80190
79
80460
78
80570
79
80680
83
80900
67
81010
69
81230
82
81450
69
81610
32
83650
73
83760
32
84090
78
84200
79
84420
77
84640
73
84740
32
85070
68
85290
69
86280
73
86390
32
86610
80
86780
82
86890
73
87110
78
87330
67
87490
73
87710
80
87820
65
87990
76
88150
73
88260
32
88480
83
88700
67
88810
73
88920
69
89080
78
89360
90
89580
73
89630
65
89910
84
90240
73
91010
188
91120
32
93420
69
93590
32
93750
73
94030
32
94300
78
94410
79
94630
77
94850
73
94960
32
95350
69
95570
32
99080
81
99250
85
99360
65
99520
76
99680
67
99790
72
99960
69
00120
32
00290
67
00450
79
00670
78
00890
67
01060
69
01170
84
01330
84
01660
79
01770
32
02210
66
02320
65
02540
83
02650
73
02870
76
02980
65
03250
82
03420
69
03530
32
03750
68
03910
69
04080
76
04190
76
04350
69
04460
32
04740
76
04960
79
05120
82
05290
79
05400
32
05780
84
06110
69
06390
79
06550
82
06660
73
07100
69
07760
190
07870
32
08360
16
08640
78
09190
69
09410
76
09520
76
09850
65
10560
32
10780
83
11000
69
11220
67
11330
79
11550
78
11660
68
11880
65
11990
32
12210
80
12320
65
12590
82
12760
84
12870
69
13140
188
13250
32
13470
76
14020
222
14130
32
14790
65
14900
85
15120
84
15390
79
15500
82
15720
69
16270
32
17040
67
17260
69
17480
82
17700
67
17810
72
17920
69
18080
82
18470
65
18690
222
18800
32
18960
32
19730
68
19840
73
19950
32
24130
80
24240
69
24680
8
24790
82
24950
69
25220
83
25390
69
25770
78
26050
84
26100
65
26270
82
26380
69
26600
32
28360
85
28410
78
28580
32
28740
67
28900
79
29120
77
29340
80
29450
69
29670
78
29890
68
30110
73
30220
79
30390
32
34510
68
34670
73
34780
32
37970
8
39230
8
39780
69
40110
76
40330
76
40550
79
40600
32
40820
83
41100
84
41210
65
41320
84
41650
79
41760
32
41870
69
42030
32
42200
68
42360
69
42470
76
42580
32
42970
70
43080
85
43300
84
44010
85
44230
82
44390
79
44450
32
44890
68
45110
69
45330
76
45550
76
45820
65
45990
32
46150
83
46370
67
46590
73
46700
69
46980
78
47140
90
47360
65
47520
32
47800
67
47910
79
48240
71
48460
78
48570
73
48730
84
48900
73
49230
86
49450
65
49610
190
