81710
68
81930
79
82090
77
82370
69
82530
78
82860
73
83030
67
83250
65
83470
32
84130
80
84350
79
84510
77
84620
69
84840
82
85060
73
85390
71
85610
71
85770
73
85880
79
86100
32
86600
83
86760
79
87090
78
87200
79
87310
32
87700
65
87810
78
88030
68
88190
65
88910
84
89020
79
89120
32
89340
65
89450
32
89730
16
89840
83
90060
69
90220
82
90330
82
90440
65
90990
76
91270
85
91490
78
91650
71
91760
65
91930
32
92370
68
92910
222
93190
32
93520
16
93630
65
94400
76
94730
66
94780
65
95550
32
96430
67
96590
72
96760
69
96980
32
97420
80
97530
65
97800
82
97970
84
98080
69
98350
67
98680
73
98900
80
99010
65
99340
86
99450
65
99560
32
00880
65
00990
76
01150
76
02090
222
02200
32
02800
73
02970
78
03190
73
03410
90
03520
73
03680
65
03950
84
04230
73
04780
86
05550
65
05770
32
06430
16
06590
222
06760
32
07800
67
07960
73
08240
84
08350
84
08730
65
09010
222
09230
32
09500
32
10490
65
10660
32
10930
80
11100
79
11700
82
11810
84
11920
69
12080
32
12300
65
12580
80
12740
69
12960
82
13180
84
13240
65
13570
16
14060
222
14390
32
14990
8
15160
8
15320
69
15650
16
15820
222
16090
32
17360
190
19000
32
19770
16
19880
73
20160
76
20270
32
20870
80
21040
65
21260
69
21530
83
21700
73
22080
78
22140
79
22300
32
22790
69
23400
222
23560
32
23730
32
24770
80
24880
73
25050
67
25210
67
25320
79
25540
76
25710
79
28620
32
29060
77
29220
65
29390
32
31250
73
31420
78
31530
32
31750
85
31970
78
32080
65
32190
32
32410
80
32630
79
32740
83
32900
73
33120
90
33230
73
33280
79
33560
78
33670
69
33780
32
34270
86
34600
69
34770
82
34930
65
35210
77
35370
69
35480
78
35760
84
35870
69
36090
32
37180
66
37240
69
37570
76
37730
76
37840
65
38060
188
38230
32
39000
73
39050
78
39220
32
39710
67
39930
73
40040
80
40430
8
40700
77
40750
65
41360
32
41630
32
41910
65
42070
32
42620
85
42680
78
42900
65
43060
32
43610
67
43780
79
43940
76
44050
76
44270
73
44490
78
44650
65
45700
32
46910
80
47070
82
47350
79
47510
80
47620
82
47900
73
47950
79
48110
32
48280
73
48500
78
48610
32
48830
77
48940
69
49380
90
49540
90
49820
79
49930
32
50200
65
50370
76
50530
76
50640
65
50810
32
51250
90
51410
79
51630
78
51740
65
51900
32
52120
68
52340
69
52450
76
52560
32
52730
16
52890
66
53110
65
53280
82
53660
79
53880
76
54050
79
55420
190
56680
32
57230
16
57670
73
57840
79
58000
32
58280
69
58770
32
59480
16
59650
69
59870
86
59980
69
60200
76
60420
73
60470
83
60690
69
61740
32
62010
65
62400
66
62510
66
63330
73
63490
65
63880
77
63930
79
64150
32
64980
86
65090
73
65310
83
65470
73
65690
84
65800
65
65970
84
66300
79
66410
32
66950
73
67170
76
67280
32
67450
67
67670
65
67940
83
68110
84
68270
69
68600
76
69040
79
69540
8
69980
76
70190
79
70300
32
70520
80
70580
65
70800
83
70960
83
71130
65
71290
78
71400
68
71620
79
71730
32
72010
80
72060
69
72230
82
72390
32
72830
76
72940
65
73110
32
73490
80
73710
73
73820
65
74090
90
74260
90
74480
65
74640
32
76790
77
76900
69
77230
68
77450
73
77550
69
77880
86
77990
65
78270
76
78380
69
78490
32
78980
84
79150
82
79260
65
79370
32
79700
76
79860
65
80030
32
80410
67
80580
72
80850
73
80960
69
81230
83
81450
65
81730
32
81890
69
82060
32
82770
65
82880
80
83050
80
83270
85
83490
78
83710
84
83820
79
83870
32
84090
73
84310
76
84420
32
84640
67
84860
65
85080
83
85630
84
85740
69
86010
76
86120
76
86340
79
86620
190
86670
32
87440
16
87610
76
87830
65
87940
32
88160
71
88540
85
88650
73
88810
68
88980
65
89140
32
89750
70
89860
65
90020
67
90130
69
90350
86
90520
65
90630
32
91070
80
91180
69
91400
78
91560
65
92820
16
92930
186
93150
32
94140
78
94250
79
94420
78
94530
32
95410
67
95520
73
95630
32
95740
65
95900
83
96010
80
96120
69
96450
84
96560
84
96670
65
96830
86
96940
65
97660
32
97990
69
98100
32
00130
80
00290
65
00620
82
00950
76
01120
79
01390
84
01500
84
01670
65
01780
86
01890
65
02000
32
02220
83
02440
79
02660
84
02820
84
03150
79
03420
86
03530
79
03750
67
03970
69
04190
32
04300
67
04470
79
04690
78
04800
32
05350
76
05460
69
05570
32
05730
68
05900
85
06010
69
06170
32
06450
80
06560
69
06780
82
07000
83
07100
79
07320
78
07430
69
07540
32
07710
67
07870
72
07980
69
08090
32
08370
65
08590
86
08640
69
08810
86
08970
65
09140
32
09690
80
09910
73
10070
85
10510
222
10570
32
10780
32
11500
86
11660
73
11880
67
12160
73
12540
78
12980
79
13090
32
13480
65
13640
78
14190
90
14680
73
14790
67
15180
72
15290
69
15670
222
15780
32
15950
32
16390
67
16500
79
16720
78
16770
32
17050
84
17210
85
17320
84
17430
84
17600
79
17650
32
17930
73
18140
76
18250
32
18750
71
18910
82
19300
85
19520
80
19680
80
19850
79
20230
190
20340
32
20950
16
21060
65
21280
76
21440
76
22040
222
22150
32
22810
85
22920
83
23140
67
23310
73
23530
84
23750
65
23860
32
24190
80
24240
69
24460
82
24520
79
24960
222
25010
32
25610
32
26050
83
26270
73
26440
65
26820
77
26930
79
27040
32
27260
65
27370
78
27480
68
27700
65
27810
84
28090
73
28200
32
28860
73
29080
78
29180
32
29350
85
29570
78
29680
65
29790
32
30010
86
30280
73
30450
78
30560
69
30830
82
31050
73
31160
65
32760
32
33140
69
33250
32
33410
81
33470
85
33630
69
33740
76
33910
76
34130
79
34240
32
34350
69
34620
222
34730
32
34900
32
35390
83
35560
84
35670
65
35780
84
36110
79
36220
32
36540
86
36710
69
36930
82
37150
65
37310
77
37370
69
37530
78
37810
84
37860
69
37970
32
38250
73
38470
76
38580
32
39020
77
39240
79
39400
77
39510
69
39620
78
39900
84
40170
79
40220
32
40440
67
40610
76
41160
79
41210
85
42200
32
42700
68
42860
69
42970
76
43140
76
43190
65
43360
32
43800
71
44230
73
44340
79
44620
82
44890
78
45000
65
45170
84
45220
65
45610
16
45830
186
45940
32
46870
85
46980
78
47580
32
47910
66
48020
69
48190
76
48300
32
48680
66
48960
73
49120
67
49290
67
49450
72
49670
73
49780
69
49950
82
50110
79
50330
78
50440
69
50610
32
50770
68
50880
73
50940
32
51480
16
51700
66
51870
65
52030
82
52360
66
52420
65
52690
82
52860
69
53130
83
53350
67
53520
79
53740
188
53850
32
54070
85
54290
78
54400
32
55220
66
55440
73
55550
67
55710
67
55880
72
56100
73
56150
69
56370
82
56540
69
56650
32
56870
68
56980
73
57090
32
57420
16
57690
66
57860
65
58080
82
58240
79
58410
76
58620
79
58730
32
58950
68
59170
69
59340
76
59450
32
60490
49
60660
57
60770
57
61430
54
62690
32
63180
69
63840
32
64610
83
65000
65
65160
76
65440
85
65660
77
65880
73
65980
32
66150
69
66260
32
66590
70
66750
79
66810
82
67030
77
67140
65
67470
71
67580
71
68070
73
68130
79
68290
32
68680
80
68730
69
68950
82
69120
32
69340
65
69560
67
69720
67
69830
79
70100
77
70320
80
70490
65
70710
71
70930
78
71090
65
71480
82
71640
69
72190
16
72470
186
72630
32
73290
85
73510
78
73620
65
73730
32
74000
86
74110
69
74280
82
74500
65
74660
32
74770
68
74990
69
75160
76
75380
73
75490
90
75820
73
75930
65
76590
32
76920
80
77030
69
77240
82
77350
32
78560
73
78670
76
78780
32
79000
67
79170
79
79280
82
79610
80
79830
79
79990
32
80160
69
80270
32
80430
80
80540
69
80710
82
81310
190
81420
190
81530
190
81800
32
82240
76
82460
79
82520
32
82630
83
82790
80
83010
73
83510
82
83670
73
83780
84
83890
79
86140
190
