03970
83
04080
84
04410
79
04520
32
04630
82
04790
73
04960
76
05070
69
05290
71
05450
71
05560
69
05730
78
05780
68
06000
79
06110
32
06600
76
06710
65
06820
32
07100
82
07370
65
07590
67
07760
67
07920
79
08090
76
08360
84
08470
65
08640
32
09190
68
09350
73
09410
32
09680
82
09950
65
10230
67
10390
67
10560
79
10720
78
11050
84
11160
73
11270
32
11550
68
11710
73
11770
32
11930
16
12100
66
12430
85
12700
75
12980
79
13140
87
13360
83
14400
75
14570
73
15230
32
16050
16
16330
222
16600
32
18080
67
18140
79
18360
77
18630
80
18740
65
18960
71
19350
78
19460
79
19840
32
20780
68
21600
8
21820
8
21980
8
22530
73
22640
32
22860
68
22970
73
23030
32
23690
83
23850
66
24020
82
24180
79
24620
78
24780
90
25060
69
25440
16
26050
16
26160
16
26270
16
26380
16
26490
16
26600
16
26710
16
26820
222
27040
32
28900
188
29010
32
29560
67
29670
72
29840
69
29950
32
30110
65
30280
86
30390
69
30550
86
30940
79
30990
32
31160
67
31270
79
31490
77
31710
80
31820
69
32030
82
32360
65
32470
84
32860
79
32910
32
33570
83
33680
65
33960
82
34510
65
34620
222
34780
32
34950
32
35770
79
35930
82
36150
77
36210
65
36370
73
36650
32
37250
81
37420
85
37530
65
37690
83
37800
73
37910
32
38630
49
38740
48
38960
32
39340
65
39500
78
39670
78
39940
73
40160
32
40490
70
40710
65
40990
32
41810
73
42090
78
42200
32
42310
85
42530
78
42910
65
43070
32
43570
66
43680
65
43790
78
43950
67
44170
65
44450
82
44560
69
44940
76
45110
76
45160
65
45330
32
46260
68
46430
73
46540
32
46750
16
47080
67
47410
79
47580
82
47850
83
47960
79
48070
32
48240
16
48400
78
48680
73
48790
90
48950
90
49120
65
49340
32
49720
65
49890
32
50270
16
50600
67
50820
85
51040
78
51150
69
51530
65
52030
32
52630
8
52800
8
53460
79
53570
32
53730
73
53950
78
54280
83
54440
73
54500
69
54770
77
54880
69
55050
32
55320
65
55430
32
55600
16
55820
77
55980
65
56260
82
56530
67
56640
79
56700
32
56920
69
57030
32
57250
16
57470
82
57630
65
57850
70
58010
70
58120
65
58400
69
58620
76
58780
76
58890
65
59220
190
61200
32
62520
16
62740
80
62900
69
63070
82
63290
67
63450
72
64440
69
64660
222
65100
32
65260
32
65920
72
66030
79
66140
32
66360
68
66530
69
66750
67
66910
73
67020
83
67130
79
68010
32
68620
68
68780
73
68840
32
69000
82
69220
85
69490
76
70100
8
70260
8
70700
73
70920
76
71030
69
71360
71
71530
71
71580
69
71800
82
71910
76
72130
79
72300
188
72410
32
72570
79
72680
32
72950
77
73060
69
73340
71
73500
76
73780
73
73830
79
74110
188
74160
32
74820
76
75480
222
75590
32
76360
72
76410
79
76520
32
76910
80
77020
82
77240
69
77460
83
77570
79
77620
32
78120
68
78280
65
79600
76
79770
76
79930
65
80090
32
80530
76
80700
73
80970
66
81140
82
81360
69
81690
82
81910
73
82130
65
82400
188
82570
32
82790
76
83340
222
83450
32
83830
72
83940
79
83990
32
84210
65
84380
80
84490
69
84710
82
85260
84
85420
79
85480
32
85970
69
86140
32
86630
83
86740
79
87020
78
87130
79
87240
32
87450
83
87620
84
87670
65
87670
84
87840
79
90260
32
91020
67
91130
65
91300
84
91460
84
91740
85
92010
82
92120
65
92230
84
92730
79
92840
32
93440
65
93610
32
93830
82
93940
73
94160
76
94320
69
94650
71
94810
71
94870
69
95090
82
95310
78
95470
69
95690
32
96190
84
96240
85
96740
84
96900
84
97070
73
97180
32
97400
73
97510
32
97950
82
98220
65
98440
67
99540
67
99760
79
99870
78
00360
84
00800
73
01020
16
01300
191
02340
32
03220
16
03440
69
03660
222
03770
32
04040
32
04480
68
04650
73
04760
70
04920
70
05090
73
05250
67
05360
73
05580
76
05640
69
05800
32
05910
68
06070
73
06240
82
06350
76
06570
79
06840
188
07060
32
12940
77
13100
65
13270
32
15030
77
15250
73
15300
32
15520
72
15630
65
15740
32
16020
70
16240
65
16350
84
16510
84
16840
79
16890
32
17110
80
17280
73
17390
65
17610
67
17720
69
17880
82
18100
69
18210
32
19530
82
19700
73
19970
76
20080
69
20300
71
20460
71
20570
69
20790
82
21400
78
21560
69
21670
32
22280
65
22500
76
22610
67
23380
8
23540
8
23650
8
24140
73
24250
32
25080
82
25240
65
25460
67
25570
67
25900
79
26180
78
26340
84
26510
73
26560
32
26890
67
27060
72
27170
69
27280
32
27610
72
27720
79
27830
32
28320
71
28480
73
28700
65
28980
222
29090
32
29250
32
29750
82
29910
73
30130
76
30240
69
30460
84
30570
84
30900
79
31230
190
32000
32
32220
16
32330
66
32600
85
32930
75
33260
79
33430
87
33650
83
34250
74
34530
8
34800
75
34970
73
35080
32
35460
69
35680
222
35790
32
35950
32
36340
83
36500
79
36670
80
36940
82
37220
65
37330
84
37440
84
37710
85
37930
84
38040
84
38430
79
38540
32
38760
65
38920
78
39190
84
39630
73
40290
67
40460
79
40510
78
41340
70
41560
79
41720
82
41890
77
42110
73
42330
83
42490
84
42710
65
43920
32
44140
69
44300
32
47160
68
47320
69
47540
83
47710
67
47980
82
48090
73
48370
86
48590
69
48810
32
49080
86
49250
73
49630
84
49740
69
49960
32
51220
65
51390
76
51880
84
52100
82
52160
69
52320
84
52490
84
52540
65
52760
78
52980
84
53310
79
53370
32
53640
65
53910
78
54130
84
54410
73
54570
67
54680
79
54900
78
55180
70
55290
79
55450
82
55670
77
55890
73
56060
83
56280
84
56390
69
56720
188
56830
32
57210
80
57320
69
57480
82
57650
32
57870
76
58090
79
58200
32
58420
80
58640
73
58800
85
59080
186
59350
32
59630
8
59850
8
60510
222
60620
32
60780
32
61330
73
61440
32
61660
82
61930
65
62210
67
62370
67
62480
79
62810
78
63090
84
63360
73
63420
32
63580
83
63690
79
64190
78
64240
79
64410
32
64900
65
65010
85
65280
84
65610
79
65830
66
66220
73
66330
79
66660
71
66820
82
66990
65
67150
70
67590
73
67700
67
67810
73
67980
32
68200
69
68310
32
69180
77
69290
69
69510
84
69620
84
69730
69
69840
32
70340
65
70500
68
70670
68
70780
73
70940
82
71110
73
71600
84
71710
84
71880
85
72040
82
72310
65
72420
32
72640
73
72860
76
72970
32
73190
83
73470
85
73580
79
74350
32
74620
78
74680
79
74950
77
75060
69
77530
32
77700
73
77750
78
77920
32
78080
67
78190
72
78410
73
78520
65
78800
82
78910
79
79450
190
81600
32
82420
16
83030
16
83130
16
83240
16
83350
16
83410
67
83630
82
83740
69
84400
68
84510
79
84620
32
84950
67
85110
72
85220
69
85390
32
85990
79
86100
71
86320
78
86430
73
86600
32
87140
84
87250
65
87420
78
87970
84
88300
79
88410
32
88850
67
88960
73
89070
32
89230
83
89340
73
89620
65
89730
32
89950
66
90220
73
90330
83
90490
79
90820
71
91040
78
91260
79
91370
32
91810
68
91920
73
91980
32
92250
85
92420
78
92530
65
92690
32
93460
86
93570
73
93740
83
94010
73
94120
79
94390
78
94500
69
94670
32
94830
68
95050
69
95160
76
95270
32
95550
16
95990
77
96040
79
96320
78
96480
68
96590
79
96760
32
97310
68
97470
65
97530
32
97800
85
97960
78
98350
222
98460
32
98680
65
99230
78
99450
71
99610
79
99780
76
99940
65
00220
84
00440
85
00600
82
00930
65
01100
32
02470
68
02630
73
02740
86
03020
69
03180
82
03400
83
03620
65
03790
32
03950
68
04120
65
04280
32
04670
81
04780
85
04940
69
05160
76
05270
76
05430
65
05600
32
06480
67
06640
72
06750
69
06860
32
07140
86
07250
65
07360
32
07690
80
07800
69
08020
82
08070
32
08240
76
08400
65
08510
32
08680
77
08790
65
08950
71
09110
71
09550
73
09610
79
09770
82
09940
69
10160
188
10270
32
10930
73
10980
78
11090
32
11700
67
11920
85
11970
73
12140
32
12580
73
12680
32
12960
80
13070
82
13230
79
13450
66
13730
76
13780
69
13950
77
14170
73
14280
32
14500
83
14610
79
14940
78
15050
79
15160
32
16150
73
16360
76
16420
32
16640
76
16800
65
17240
86
17350
79
17520
82
17680
79
17900
188
18070
32
18620
76
18840
65
19000
32
19660
67
19830
79
19990
80
20100
80
20320
73
20480
65
20590
188
21250
32
21750
73
21860
32
22020
70
22130
73
22350
71
22460
76
22680
73
29220
190
