10617
16
10737
68
10787
65
11008
32
11148
85
11318
78
11438
32
11578
80
11779
79
12540
222
12660
32
12780
68
12880
73
13000
32
13141
84
13301
69
13441
77
13621
80
13802
79
13942
32
15364
83
15664
86
15794
79
15965
76
16195
71
16325
79
16465
32
16656
67
16736
79
16886
78
17006
32
17126
83
17276
69
17427
77
17597
80
17767
82
17937
32
18168
80
18438
220
18738
8
18889
8
19039
8
19399
69
19540
32
20040
80
20241
73
20401
85
20591
222
20721
32
20881
65
21132
83
21282
83
21452
73
21572
68
21713
85
22063
73
22193
84
22374
65
22504
222
22644
32
22814
73
22984
76
23085
32
23675
67
23776
79
23956
77
24106
80
24286
73
24396
84
24527
79
24767
32
24887
68
25017
73
25157
32
25438
67
25518
79
25678
78
25798
70
26009
69
26209
83
26369
83
26459
73
26549
79
26750
78
26910
65
27050
76
27160
69
27791
190
27971
32
28122
16
28222
83
28402
73
28532
32
28652
86
28823
69
29023
68
29183
69
29323
32
29463
67
29544
72
29674
69
29774
32
29884
76
30034
65
30124
32
30946
77
31076
73
31226
65
31256
32
31486
70
31616
65
31817
67
31967
67
32027
73
32187
65
32297
32
32658
73
32788
83
32978
80
33159
73
33319
69
33639
8
33820
82
33960
65
34050
32
34210
65
34290
76
34440
76
34591
69
34711
32
34831
67
34901
79
35061
78
35171
70
35392
69
35602
83
35752
83
35832
73
35963
79
36133
78
36153
32
36303
73
36804
8
36984
8
37675
73
38426
188
38576
32
38766
73
38917
76
38997
32
39107
67
39127
72
39297
69
39638
188
39768
32
39978
84
40118
85
40249
84
40389
84
40449
79
40579
32
40679
83
40719
79
40909
77
41230
77
41460
65
41641
84
41741
79
42001
32
42572
8
42922
188
43052
32
43443
78
43593
79
43733
78
43854
32
43984
77
44124
73
44214
32
44494
68
44595
73
44755
83
44855
80
45286
73
45446
65
45666
67
45836
69
47389
190
47549
190
47699
190
49231
69
49331
222
49461
32
50223
66
50313
69
50453
76
50583
76
50743
79
50813
32
50903
69
51164
83
51314
83
51424
69
51534
82
51675
69
51765
32
51955
85
52055
84
52255
73
52396
76
52696
69
52906
32
53076
65
53347
71
53497
76
53647
73
53727
32
53848
65
53938
76
54028
84
54178
82
54308
73
55109
32
55270
69
55951
188
56141
32
56341
65
56531
32
57002
86
57152
79
57302
76
57433
84
57613
69
59015
188
59195
32
59315
65
59536
78
59616
67
59716
72
59786
69
59916
32
59996
83
60096
79
60247
76
60397
79
60497
32
60737
83
60907
65
61008
80
61118
69
61228
82
61398
69
61408
32
61899
67
61959
72
62139
69
62239
32
62420
67
62910
222
63060
69
63161
222
63261
32
63531
81
63611
85
63781
65
63801
76
63992
67
64052
85
64472
78
64643
79
64743
32
65003
68
65123
73
65233
83
65294
80
65474
79
65554
83
65724
84
65854
79
65985
32
66145
69
66455
8
66625
65
66796
68
66916
32
67507
8
67667
8
67897
65
68067
32
68358
8
68498
8
68808
32
68999
83
69159
84
69339
65
69479
82
69830
84
70220
73
70341
32
70511
65
70661
68
70761
32
70921
65
71152
83
71292
80
71803
8
72003
67
72584
79
72734
76
72824
84
73054
65
73225
82
73355
69
73735
32
74166
80
74436
85
74617
79
74987
222
75137
32
75268
69
75478
83
75608
83
75708
69
75778
82
75938
69
76109
32
76229
68
76329
73
76429
32
76659
71
76870
82
77050
65
77190
78
77300
68
77521
69
77671
32
77791
65
77941
73
78111
85
78192
84
78422
79
79523
190
79934
190
80084
190
81156
76
81356
222
81646
85
81817
78
81947
73
82027
67
82167
65
82197
32
82387
67
82468
79
82578
83
82738
65
82898
32
83018
67
83139
72
83269
69
83389
32
83819
77
84000
73
84140
32
84230
68
84290
79
84510
77
84691
65
84801
78
85141
68
85362
79
85712
32
85842
69
86013
222
86643
16
87104
186
89267
16
89838
32
89968
16
90088
222
90859
8
91891
76
91981
69
92141
32
92261
67
92452
82
92702
73
92892
83
93032
73
93183
32
93543
68
93773
69
93914
73
94034
32
94324
77
94474
73
94635
69
94755
73
94885
32
95165
65
95265
77
95446
73
95646
67
95816
73
95926
32
96397
78
96547
79
96707
78
96818
32
96938
80
97118
79
97198
84
98099
82
98210
69
98410
66
98560
66
98580
69
98710
82
98850
79
98991
32
99111
65
99551
82
99712
82
99792
73
00142
65
00553
8
00753
67
00913
65
01344
8
01745
8
02285
86
02425
65
02546
82
02656
69
02756
32
03016
85
03187
78
03297
65
03387
32
03577
80
03677
69
03767
82
03857
32
04048
86
04118
79
04268
76
04378
84
04669
65
04939
16
05289
191
05500
32
05660
16
05820
80
05980
79
06121
83
06271
83
06371
73
06501
66
06651
73
06782
76
07132
69
07272
32
07422
67
07513
72
07653
69
07723
32
07863
79
07983
70
08113
78
08274
73
08544
8
08714
8
08864
8
09515
71
09596
78
09746
73
09846
32
10056
86
10156
79
10286
76
10397
84
10607
65
10747
32
10927
68
11108
69
11378
67
11548
79
11678
32
11899
8
12059
8
12409
8
13000
86
13110
79
13251
32
13421
67
13451
79
13621
78
15424
83
15524
79
15704
76
15794
65
16014
82
16145
69
16315
32
16565
67
16725
79
16926
78
17346
82
17527
69
17657
77
17897
8
18067
8
18178
8
18768
84
18929
69
19079
77
19249
80
19429
79
19499
82
19750
65
20090
78
20220
69
21082
65
21222
77
21352
69
21462
78
21562
84
21702
69
21843
32
22023
80
22223
73
22383
85
22964
222
23094
32
23225
80
23295
69
23355
82
23555
83
23655
79
23855
78
23966
69
24216
16
24336
191
24576
32
24727
16
24857
65
24967
32
25317
86
25378
79
25528
76
25618
84
25808
69
25908
32
26049
82
26179
73
26569
83
26699
67
26900
72
27180
73
27310
79
27430
32
27581
80
27691
69
27741
82
27961
83
28051
79
28502
8
29093
73
29293
78
29443
79
29543
32
29664
68
29754
73
29834
32
30044
67
30104
79
30274
78
31056
70
31166
79
31376
68
31576
69
32327
8
32477
8
33048
78
33088
68
33279
69
33389
82
33539
69
33599
32
33779
73
33920
32
34060
76
34230
79
34320
82
34460
79
34560
32
34911
80
35081
82
35221
79
35742
66
35912
76
36073
69
36163
77
36313
73
36433
32
36673
69
36794
32
36954
68
37094
73
37144
32
37294
67
37344
79
37515
78
37605
83
37725
79
37875
76
38095
65
38266
82
38366
69
38486
32
38656
85
38846
78
38997
79
39107
32
39337
80
39447
69
39537
82
39627
32
40018
76
40178
69
40278
32
40729
68
40899
73
41029
70
41120
70
41240
73
42071
67
42171
79
42311
76
42441
82
43243
8
44074
84
44234
65
44404
222
44534
32
44735
68
44915
69
45015
76
45145
76
45366
222
45506
65
45606
76
45716
84
45876
82
46066
79
46307
16
46447
49
46647
32
46918
16
47448
67
47619
79
47789
77
47929
85
48510
78
48700
81
48870
85
49021
69
50503
190
50673
190
50813
190
51254
65
51374
32
51925
80
52055
65
52185
82
52345
84
52475
69
52606
32
52746
67
52826
73
52956
79
53717
222
55029
190
55189
190
55339
190
57352
83
57512
79
57683
78
57813
79
57893
32
58103
67
58193
79
58354
78
58394
84
58574
69
58714
78
58774
84
59005
69
59225
8
59405
65
59525
32
59625
68
59726
73
59866
32
59986
65
60176
86
60366
69
60497
82
60647
69
60757
32
61178
81
61298
85
61398
69
61558
83
61688
84
61809
79
61909
32
62129
82
62279
85
62670
79
63070
79
63651
8
64262
76
64422
79
65043
68
66315
8
67136
190
67326
32
67496
16
67617
80
67747
82
67847
73
68027
77
68157
79
68278
32
68338
80
68388
69
68468
82
68728
67
68838
72
68969
69
69119
222
69309
32
70911
83
71071
79
71332
68
71492
68
71582
73
71983
83
72183
70
72323
65
72844
32
73054
76
73194
65
73265
32
73415
78
73585
65
73755
84
73885
85
74036
65
74286
82
74596
8
74757
8
74867
82
75057
65
75217
76
75428
69
75958
32
76509
67
76689
85
76870
82
77020
73
77160
79
77330
83
77500
73
77801
84
78011
65
78131
222
78251
32
78782
70
79003
69
79153
77
79303
77
79463
73
79643
78
79774
73
79954
69
80264
76
80515
8
80665
8
80895
76
81035
69
81146
32
81316
83
81406
69
81546
78
81756
90
81947
65
82077
32
82928
70
83048
65
83168
84
83289
73
83459
67
83629
65
83769
32
83949
16
84090
57
84580
86
84741
69
84841
78
84961
71
85061
79
85221
78
85351
79
85432
32
85562
84
85662
85
85802
84
85972
84
86032
73
86153
32
86273
68
86443
65
86543
32
86683
83
86773
79
86914
76
87064
79
87645
8
87995
73
88165
32
88265
65
88406
32
88546
82
88746
65
88946
67
89107
67
89197
79
89357
78
89457
84
89687
65
89848
82
90038
77
90198
73
90338
32
90479
76
90589
69
90759
32
90939
76
91119
79
91290
82
91450
79
91600
32
92802
83
93002
84
93172
82
93272
79
93763
8
93923
8
94194
79
94314
82
94454
73
94865
69
95476
16
95696
48
96006
188
96167
32
96377
83
96507
69
96757
67
96858
79
97028
78
97118
68
97188
79
97318
32
97428
80
97448
69
97579
82
97869
67
97909
72
98129
69
98930
222
99071
32
99261
65
99341
32
99431
86
99531
79
99701
76
99792
82
99802
84
00202
8
00362
8
00553
84
00733
69
00853
32
01464
77
01644
73
01784
32
01985
67
02055
79
02205
78
02275
83
02365
79
02515
76
03016
65
03156
32
03937
83
04108
65
04188
80
04348
69
04448
82
04608
69
04678
32
04909
67
05029
72
05119
69
05239
32
05560
80
05650
69
05740
82
05810
32
05990
85
06030
81
06181
78
06261
65
06521
8
06681
8
06811
8
06962
8
07222
81
07402
85
07502
65
07603
78
07683
84
07793
79
07963
32
08173
73
08324
79
09796
32
10026
80
10206
79
10346
83
10517
83
10727
65
10837
32
11027
65
11208
86
11368
69
11478
82
11648
69
11768
32
12289
81
12369
85
12499
65
12579
76
12710
67
12830
72
12950
69
13090
32
13661
67
13821
65
13991
83
14062
73
14252
78
14402
79
15323
188
15454
32
15574
67
15784
222
15964
69
16074
222
16285
32
16505
67
16605
72
16855
73
17026
32
17166
83
17316
84
17456
65
17546
32
17717
80
17817
69
18247
71
18388
71
18488
73
18638
79
18928
16
19299
49
