99360
82
99500
73
99580
69
99811
67
99981
67
00061
79
00241
77
00461
73
00632
32
00852
81
01022
85
01052
73
01613
190
01743
190
01914
190
02534
76
02705
79
02945
32
03095
83
03195
79
03436
188
03586
32
03796
85
03966
76
04036
84
04177
73
04357
77
04517
65
04647
77
04848
69
05378
78
05559
84
05719
69
05879
32
06019
78
06189
79
06330
78
06340
32
06450
32
06530
83
06610
79
06760
78
06931
79
07031
32
07431
83
07591
84
07762
65
07892
84
08042
65
08122
32
08322
77
08473
79
08653
76
08733
84
08863
79
08983
32
09154
68
09274
73
09474
76
09684
73
10215
71
10355
69
10475
78
10606
84
10756
69
11126
190
11277
190
11427
190
11667
83
11807
79
11988
78
12208
32
13430
50
13550
32
13840
71
13980
73
14091
79
14411
82
14541
78
14691
73
14822
32
15292
67
15402
72
15533
69
15643
32
15783
78
15933
79
16073
78
16214
32
16354
83
16504
67
16604
73
16714
82
17025
8
17205
8
17335
82
17806
73
17916
86
18066
79
18206
32
18517
80
18737
73
18917
85
19088
222
19218
32
19428
78
19628
85
19809
76
19979
76
20109
76
21271
8
21531
65
22132
188
22262
32
22442
77
22562
65
22653
32
22803
80
22913
82
23013
79
23153
80
23253
82
23353
73
23484
79
23584
32
23754
78
23904
79
24054
78
24195
32
24385
83
24765
65
24876
80
24996
69
25216
86
25366
79
25517
32
25767
67
25877
72
26007
69
26117
32
26268
67
26388
79
26518
83
26678
65
26788
32
27199
83
27369
86
27860
8
28431
67
28611
82
28831
73
28941
86
29092
69
29222
82
29372
69
29672
190
29823
190
29973
190
30173
78
30323
79
30483
78
30493
32
30594
32
30744
72
30764
67
30954
69
31084
32
31375
79
31815
8
31976
8
32146
8
32286
8
32436
8
32707
8
33277
67
33277
86
33438
72
33568
69
34339
8
34519
8
34669
8
35200
72
35350
69
35430
32
35631
79
35811
71
35961
71
36061
73
36191
32
36502
65
36702
66
36712
78
36862
66
37173
8
37333
8
37924
66
38144
73
38334
65
38405
32
38995
73
39216
68
39446
69
39726
69
40007
32
40367
80
40517
65
40678
82
40868
84
41028
73
41188
67
41289
79
41479
76
41619
65
42030
82
42210
77
42370
69
42450
78
42580
84
42751
69
42851
32
43512
66
43692
82
43842
73
44042
76
44203
76
44283
65
44453
78
44643
84
44793
73
45855
16
46055
49
46286
32
46456
16
46586
68
46796
73
46946
67
47027
73
47167
65
47307
77
47507
79
47657
32
47798
67
47898
72
48008
69
48589
188
48719
32
48939
80
49150
73
49350
85
49520
222
49650
32
49780
67
49871
72
49971
69
50071
32
50251
65
50331
76
50461
84
50642
82
50772
79
51493
188
51643
32
51853
79
52014
71
52164
71
52294
73
52434
32
52684
80
52865
79
53005
83
53135
83
53255
79
53385
32
53756
73
53956
78
54106
73
54277
90
54357
73
54557
65
54948
82
55128
69
55248
32
55428
65
55478
32
55659
80
55769
69
55919
78
56049
83
56249
65
56450
82
56560
69
56680
32
57061
65
57181
76
57331
76
57401
69
57611
32
58102
79
58222
82
58392
77
58533
65
58823
73
58983
32
59174
80
59324
82
59474
79
59594
83
59744
83
59845
73
60045
77
60185
69
60325
32
60576
86
60786
65
61517
67
61737
65
62058
78
62168
90
62368
65
62749
8
63009
69
63159
32
63289
68
63399
73
63500
32
63760
16
64100
80
64641
65
64982
83
65282
81
65442
85
65522
65
66103
32
66384
16
66564
57
66824
73
67005
78
67155
32
67265
82
67395
69
67525
65
67675
76
67806
84
68396
65
68807
222
68997
32
69508
83
69708
65
69889
82
70109
65
70169
78
70319
78
70489
73
70489
79
70580
32
70720
83
70950
8
71110
8
71260
8
71411
8
71961
79
72102
32
72172
83
72272
79
72422
76
72562
79
72682
32
73083
84
73243
82
73363
69
73423
32
73764
71
73854
73
73974
79
74084
82
74235
78
74395
73
75967
188
76137
32
76257
67
76358
79
76528
77
76728
85
76908
78
77039
81
77139
85
77249
69
77399
32
77930
8
78260
188
78390
32
78601
77
78751
69
78931
71
79021
76
79202
73
79352
79
79452
32
79482
68
79602
73
79722
32
79913
77
80303
8
80844
78
80994
73
81124
69
81224
78
81385
84
81545
69
82016
16
82476
48
82787
190
82987
32
83618
16
84158
16
84199
16
84239
16
84289
16
84329
16
84369
16
84409
16
84449
16
84489
16
84529
16
84569
16
84609
16
84619
78
84809
79
85000
78
85140
32
85270
86
85430
69
85611
68
85751
79
85861
32
86041
76
86241
222
86462
79
86592
82
86752
65
86812
32
86962
67
87053
72
87173
69
87293
32
87453
65
87633
82
87754
82
87884
73
88625
86
88775
73
88915
32
89055
83
89216
65
89776
66
89856
65
90027
84
90137
79
90277
32
90437
69
90497
80
90928
8
91108
8
91559
80
91649
69
91729
82
91839
32
92009
65
92210
78
92340
68
92470
65
92640
82
92911
77
93051
69
93181
78
93311
69
93642
32
94022
65
94122
76
94243
32
94433
77
94513
65
94663
82
94773
69
96496
190
96716
32
96906
16
97057
76
97177
69
97277
32
97427
80
97497
82
97627
69
97928
86
98068
73
98208
83
98308
73
98438
79
98639
78
98929
73
99109
32
99270
83
99350
79
99520
78
99670
79
99750
32
99911
65
00021
78
00171
67
00301
72
00431
69
00591
32
01152
70
01302
65
01543
86
01743
79
01813
82
02394
69
02935
67
03085
79
03506
220
03696
8
03836
8
04006
8
04607
86
04827
79
04978
76
05178
73
06199
190
06380
32
06550
16
06680
83
07261
69
07531
77
07711
66
07812
82
08012
65
08072
32
08252
67
08352
72
08462
69
08563
32
08733
80
08813
69
08883
82
08993
32
09254
84
09384
85
09484
84
09624
84
09684
79
09764
32
09884
73
10075
76
10125
32
10856
87
11226
69
11447
69
13189
75
13319
32
13530
69
13710
78
13880
68
14050
32
14461
67
14581
73
14721
32
14761
83
15022
65
16213
82
16434
65
16674
222
16804
32
17014
83
17115
79
17295
76
17475
69
17595
32
17786
85
17986
78
18106
32
18547
80
18727
79
18927
222
19147
32
19358
79
19728
86
19858
85
20039
78
20409
81
20579
85
20690
69
21060
190
21210
190
21340
190
21421
67
21581
72
21681
73
21811
83
22021
83
22242
65
22632
222
23253
188
23393
32
23554
77
23654
65
23904
71
24064
65
24164
82
24295
73
24455
32
24525
69
24675
222
24805
32
25206
76
25336
65
25456
32
25667
86
25687
67
25767
79
26307
8
26468
8
26618
8
27209
86
27309
79
27459
76
27579
84
27749
65
27840
32
28180
66
28380
85
28460
79
28681
78
28841
65
28931
32
29091
67
29171
72
29262
69
29422
32
29562
82
29672
73
29822
83
29973
67
30183
69
30613
8
31224
79
31375
32
31515
65
31635
78
31725
67
31825
72
31915
69
32025
32
32226
65
32296
32
32486
80
32596
82
32736
69
32887
78
32967
68
33167
69
33317
82
33457
69
33648
32
33968
85
34168
78
34289
32
34819
80
35000
79
35170
222
35320
32
35410
68
35540
73
35650
32
35801
84
36071
73
36271
78
36502
84
36682
65
36902
82
37052
69
37203
76
37353
76
37513
65
38264
32
39726
69
41449
32
41919
65
42130
68
42340
32
42430
69
42650
86
42810
73
42931
84
43141
65
43311
82
43461
32
43481
69
44082
8
44232
8
44283
69
44493
32
44613
81
44733
85
44863
73
45044
78
45194
68
45304
73
45444
32
45624
68
45715
73
45855
32
46315
83
46466
69
46596
82
47197
8
47817
77
47998
66
48098
82
48258
65
48428
82
48539
69
48649
32
48839
77
49009
79
49169
82
49350
84
49500
65
49590
32
49690
68
49860
65
49870
32
50091
85
50251
78
50381
65
50471
32
50641
83
50812
69
51042
84
51172
84
51242
73
51423
77
51553
65
51663
78
51793
65
52164
16
52584
49
53365
32
56500
16
56600
83
56980
80
57060
69
57151
82
57321
79
57491
32
57992
79
58002
80
58873
8
59053
8
59694
80
59884
79
60065
73
60285
188
60465
32
60986
77
61166
65
61306
32
61437
81
61557
85
61667
69
61787
76
61917
76
62097
65
62198
32
62818
69
63009
222
63139
32
63319
85
63499
78
63549
65
63670
32
63810
83
64050
80
64120
69
64210
82
64401
65
64511
78
64691
90
64911
65
65032
32
65602
86
65763
65
66103
78
66263
65
66904
188
67064
32
67104
67
67295
72
67315
69
67475
32
67615
78
67785
79
67966
78
68046
32
68176
67
68276
73
68386
32
68436
83
68637
73
68777
65
68937
32
69127
80
69288
82
69428
79
69738
82
70239
8
70810
80
70950
82
71120
73
71270
79
71390
32
71511
76
71641
65
71741
32
71871
82
72001
69
72232
83
72412
83
72562
65
73984
190
74184
32
74335
16
74435
78
74625
79
74835
78
74975
32
75116
83
75256
79
75436
80
75566
80
75747
79
75827
82
75987
84
76087
79
76227
32
76337
73
76488
32
76618
80
76778
79
76868
83
77018
84
77098
73
77239
32
79101
84
79322
82
79662
79
79862
80
80013
80
80193
79
80413
32
80754
65
80994
70
81134
70
81254
79
81434
76
81565
76
81665
65
81845
84
81975
73
82216
16
82456
49
