02385
16
02766
73
02956
78
03066
32
03187
81
03247
85
03367
69
03527
83
03687
84
03787
79
03888
32
04038
80
04128
69
04218
82
04358
73
04799
79
04939
68
05079
79
05229
32
07513
68
07673
79
07813
86
07993
82
08304
79
08484
222
08634
32
08724
70
08835
65
08985
82
09185
77
09355
73
09465
32
09796
85
09976
78
10076
65
10166
32
10307
67
10417
85
10587
76
10697
84
10907
65
11078
85
11658
8
11839
8
12560
82
12720
65
12790
32
12890
73
13070
78
13171
32
13311
70
13381
65
14292
37
14452
37
14583
37
14693
37
14863
37
14993
37
15133
37
15274
37
16105
85
16595
35
17477
84
17847
84
17987
79
18087
32
18178
73
18518
8
18638
68
18788
73
18909
32
19049
65
19159
85
19289
84
19439
79
28021
190
28222
32
28372
16
28632
73
28832
76
28842
188
28943
32
29934
8
30074
8
30365
32
30945
77
31096
73
31226
79
31286
32
31406
70
31486
73
31646
68
31777
65
31947
78
32067
90
32267
65
32478
84
32608
79
32728
32
33549
68
33749
69
33960
86
34180
69
34330
32
34460
73
34641
78
34691
70
34801
65
34961
84
35111
84
35231
73
35382
32
38436
67
38586
65
38736
77
38897
66
39047
73
39087
65
39257
82
39407
69
39507
32
39668
77
39748
65
39948
67
40088
67
40208
72
40339
73
40449
65
40689
78
40919
8
41090
8
41350
78
41500
65
42031
188
42171
32
42341
80
42411
82
42542
73
42692
77
42842
65
42992
32
43152
67
43323
72
43443
69
45926
32
46677
76
46828
65
46928
32
47128
85
47138
83
47398
65
47739
8
47889
8
48230
8
48430
83
48600
85
48710
65
48850
32
49301
86
49451
69
49702
67
49832
67
49882
72
49992
73
50102
65
50413
32
50513
69
50653
32
51204
71
51334
76
51504
79
51935
82
52075
73
52205
79
52315
83
52496
65
52596
32
52856
70
52996
73
53106
69
53267
83
53437
84
53617
65
54368
188
54518
32
54669
84
54819
65
54969
77
55169
80
55319
79
55520
78
55680
65
56051
84
56261
65
56371
32
56922
73
57563
8
58133
85
58284
78
58384
32
58514
78
58674
85
58844
77
58985
69
59075
82
59215
79
59305
32
59616
73
59786
77
59946
80
60006
82
60136
69
60367
83
60517
83
60597
73
60727
79
60907
78
61007
65
61188
78
61418
84
61608
69
61688
32
61849
68
61889
73
61999
32
62429
86
62530
79
62690
76
62710
84
62900
69
63191
188
63952
32
64192
83
64342
73
64482
32
64743
68
64853
73
64973
67
65083
72
65263
65
65574
8
65834
73
65964
65
66115
82
66345
73
66495
32
66826
68
67286
69
67607
73
67767
78
67917
73
68848
8
68999
8
69149
8
69670
70
69760
73
69950
78
70090
73
70821
84
71001
73
71232
67
71402
65
71502
77
71783
8
71933
8
72223
8
72323
86
72494
65
72604
77
72754
69
72814
78
72964
84
73144
69
73235
32
73455
83
73585
67
73745
79
74436
78
74496
70
74677
73
74897
84
75057
84
75187
65
75307
32
75428
69
75518
32
77941
83
78111
86
78442
69
78582
78
78692
84
78822
79
79003
76
79463
73
79563
32
80164
66
80274
65
80354
78
80525
68
80545
73
80715
69
80825
82
80955
65
81035
32
81276
66
81426
73
81516
65
81666
78
81847
67
81997
65
82568
190
82758
32
82948
16
83178
83
83369
79
83519
76
83679
79
83819
32
84090
67
84190
72
84310
69
84651
188
84811
32
85011
78
85191
79
85331
78
85402
32
85452
65
85572
86
85742
69
85822
78
85982
68
86113
79
86283
32
86653
76
86814
85
86944
73
87044
32
87304
84
87504
69
87675
77
88526
80
88686
79
88836
32
89017
80
89097
69
89197
82
89277
32
90439
68
90849
8
91029
71
91180
73
91320
82
91480
65
91620
82
91710
69
91821
32
91991
65
92131
32
92481
8
92632
8
92822
69
92942
32
93102
82
93333
65
93503
67
93663
67
93743
79
93893
76
94194
8
94634
71
94735
76
94895
73
94975
69
95135
82
95245
69
95335
32
95526
73
95716
78
95836
32
95986
68
95996
70
96086
79
96337
8
96497
8
96627
8
96757
8
96938
70
97278
79
97408
82
97498
77
97649
65
97909
90
97959
73
98099
79
98290
78
98470
69
99031
8
99541
73
99892
188
00062
32
00252
77
00453
73
00593
32
00733
72
00803
65
00963
32
02435
86
02566
69
02736
76
02796
65
02946
84
03136
65
03407
77
03537
69
03657
78
03747
84
03917
69
04068
32
04298
65
04628
83
04779
83
04899
69
05079
71
05259
78
05349
65
05540
84
05690
79
05820
32
06201
81
06301
85
06411
69
06571
83
06741
84
06821
79
06882
32
07012
73
07182
78
07362
67
07502
65
07653
82
07793
73
08123
67
08223
79
08864
190
09055
32
09215
16
09295
81
09485
85
09585
73
09766
78
09866
68
09996
73
13180
77
13331
73
13451
32
13521
83
13681
84
13861
65
13992
32
14202
86
14362
69
14472
78
14592
69
14823
68
15714
8
16175
68
16555
8
16835
78
16956
68
17036
79
17156
32
17326
76
17987
222
18227
79
18428
83
18578
83
18678
69
18908
83
19039
83
19139
73
19219
79
19409
78
19559
69
19679
32
19820
68
20020
69
20120
76
20270
76
20340
69
20501
32
21031
77
21162
65
21412
67
21562
67
21602
72
21722
73
22073
78
22173
69
22523
32
22674
69
23715
188
23855
32
23965
68
24086
73
24186
32
24356
81
24426
85
24546
69
24727
83
24877
84
24997
79
25077
32
25397
80
26139
65
26339
83
26479
83
26549
79
27060
188
27190
32
27621
70
27721
73
27881
78
28011
73
28111
82
28452
79
28632
222
28802
32
28972
67
29053
79
29373
78
29513
32
29744
76
30064
222
30224
69
30414
83
30585
83
30695
69
30825
82
30955
69
31115
32
31206
65
31416
83
32037
220
32467
8
32618
8
32778
82
32958
82
33258
69
33439
83
33629
84
33799
65
33989
84
34180
65
34811
77
35532
8
36082
188
36233
32
36303
65
36413
32
36553
70
36733
79
36853
82
37084
90
37314
65
37484
32
37645
68
37775
73
37895
32
38516
71
38646
73
38746
82
38926
65
39087
82
39217
69
39307
32
39707
67
39788
79
39968
78
40168
32
40619
65
40869
82
40879
84
40979
73
41270
8
41410
8
41660
73
41800
65
41891
32
42541
83
42642
79
42752
83
42852
80
43122
69
43323
84
43483
84
43743
65
43823
32
43963
73
44114
78
44204
84
44304
79
44434
82
44925
78
45105
79
45205
32
45415
65
45516
76
45646
76
45726
69
45796
32
45966
77
46046
65
46267
67
46397
67
46437
72
46577
73
46737
78
46757
65
47068
8
47278
69
47388
32
47578
80
47719
65
47869
82
48019
84
48289
67
48540
8
48690
8
48850
67
48980
72
49141
69
49481
71
49641
71
49731
73
49902
65
50092
82
50322
69
50573
8
50743
8
50813
84
50983
69
51063
32
51234
80
51244
69
51374
82
51534
32
52515
67
52626
69
52766
82
53006
67
53136
65
53286
82
53407
69
53537
32
53677
68
53747
73
53847
32
54017
67
54148
65
54718
80
54879
73
54969
82
55099
69
55439
32
55720
83
55850
69
55970
32
56130
80
56281
79
56411
83
56681
79
57032
8
57212
83
57362
79
57542
78
57673
79
57793
32
57843
70
57993
65
58113
82
58253
69
58344
32
58564
65
58684
76
58744
32
58874
67
59435
65
59595
83
59735
79
59836
32
60236
85
60807
8
60957
83
61117
85
61248
79
61358
32
61518
79
61628
32
61808
78
61959
79
62599
190
62890
32
63160
16
63571
67
63711
79
63881
77
64172
85
64332
78
64412
81
64542
85
64602
69
65494
188
65644
32
65694
70
65814
79
65924
82
66104
84
66255
85
67376
78
67486
65
67616
77
68027
8
68157
84
68348
65
68468
77
68768
78
68918
69
69279
8
69439
8
69800
69
70220
84
70531
8
71121
78
71212
84
71362
69
71552
188
71682
32
71822
65
71862
76
72093
32
73024
8
73184
8
73334
8
73975
76
74136
65
74276
32
74376
83
74466
67
74676
69
74827
76
74907
84
75067
65
75187
32
75437
73
75648
78
76078
8
76239
8
76829
70
76889
73
77070
66
77080
78
77160
65
77841
8
77991
8
78402
8
78402
220
79052
8
79393
78
79563
65
79603
76
79954
69
80144
188
80444
32
80745
67
80995
79
81175
77
81466
222
81596
69
81676
222
81856
32
82537
79
82678
86
82808
86
82908
73
83058
79
83288
188
83439
32
83899
65
84090
78
84240
68
84450
82
84670
65
84841
222
84991
32
85161
65
85251
32
85391
76
85642
85
85772
73
86403
188
86533
32
86713
69
86713
80
86823
82
87004
72
87114
67
87314
69
87755
8
87905
8
88045
8
88185
8
88416
8
88736
8
89267
69
89277
80
89407
82
89587
72
89667
67
89818
69
89918
222
90048
32
90298
83
90438
69
91280
32
91870
37
92411
37
92451
37
92491
37
92531
37
92571
37
92611
37
92651
37
92692
37
92732
37
93122
39
93352
37
94614
8
95055
39
95355
69
95505
39
96427
67
96587
39
97358
46
98109
35
98950
73
99080
79
99261
32
99641
68
99791
79
00302
86
00482
69
00733
83
00863
83
00943
73
01043
32
01213
83
01354
67
01494
69
01714
71
01834
76
01975
73
02075
69
02205
82
02365
69
02986
188
03116
32
03256
80
03387
82
03407
79
03567
80
03697
82
03777
73
03907
79
04037
32
04368
78
04518
79
04648
78
04849
83
04989
65
05099
80
05369
8
05529
8
05660
8
05880
32
06020
83
06251
65
06401
80
06551
82
06681
69
07172
73
07342
32
08003
67
08093
79
08203
83
08383
65
08484
32
08714
65
08914
67
09185
8
09335
8
09495
67
09625
79
09826
77
09976
80
10116
82
10276
65
10446
82
10547
69
13731
190
13901
190
14041
190
15353
73
15554
78
15674
32
15794
81
15854
85
15974
69
16154
83
16305
84
16385
79
16445
32
16595
80
16665
69
16755
82
16845
73
16975
79
17186
68
17326
79
18007
32
18127
73
18297
76
18377
32
18608
77
18718
69
18848
82
19098
67
19249
65
19419
84
19529
79
19629
32
19930
78
20080
79
20240
78
20270
32
20671
83
21061
8
21482
77
21612
73
21712
32
21742
83
21862
69
22323
77
22503
66
22603
82
22744
65
22814
32
22974
67
23054
72
23204
69
23404
32
23635
79
24206
70
24346
70
24556
69
24716
65
25337
8
25487
8
25638
82
25818
65
25908
32
26309
71
26469
65
26899
8
27040
82
27250
65
27610
78
27741
68
27841
73
27971
32
28151
67
28251
79
28411
83
28762
69
28882
32
29092
69
29163
82
29433
8
29573
8
29874
80
29964
69
30024
82
30094
32
30564
67
30685
72
30805
69
30875
32
31195
8
31346
8
31606
73
31756
32
31886
78
32037
79
32197
78
32287
32
32407
72
32567
65
32637
32
32848
71
33038
82
33178
65
33348
78
33459
68
33579
73
33709
32
33989
84
34170
65
34350
83
34550
67
34720
72
34911
69
35161
16
35461
49
