64427
67
64527
79
64737
78
64747
32
64998
84
65128
73
65298
78
65498
85
65669
65
67161
36
67551
39
67722
39
67862
39
68563
46
68733
35
69234
32
69945
76
70065
65
70205
32
70355
82
70936
65
71156
83
71307
83
71377
69
71607
71
71867
78
72088
65
72258
32
72789
83
72939
85
73079
73
73209
32
73610
84
73740
73
73920
80
74141
73
74311
32
74451
83
74651
84
74811
82
74992
65
75713
77
75973
66
76163
73
76314
32
76864
67
77035
72
77175
69
77365
32
77625
83
77726
73
77886
32
77986
83
78116
69
78266
82
78537
86
78837
79
79017
78
79168
79
79268
32
79358
68
79538
69
79698
73
79829
32
80019
77
80099
69
80399
90
80580
90
80700
73
80840
32
80980
80
81180
85
81341
67
81521
67
81931
8
82102
8
82753
66
82883
66
83093
76
83223
73
83404
67
83564
73
84115
190
84605
32
85306
16
85847
16
85887
16
85927
16
85967
16
86007
16
86047
16
86087
16
86127
16
86167
16
86207
16
86247
16
86288
16
86328
16
86368
16
86408
16
86448
16
86488
16
86528
16
86568
16
86608
16
86648
16
86688
16
86728
16
86768
16
86808
16
86848
16
86888
16
86928
16
86968
16
87009
16
87049
16
87089
16
87129
16
87169
16
87209
16
87249
16
87289
16
87329
16
87369
16
87409
16
87449
16
87489
16
87539
16
87579
16
87619
16
87659
16
87689
81
87920
85
88110
65
88350
83
88481
73
88621
32
88781
79
89472
71
89582
78
89752
73
89883
32
90133
71
90263
73
90363
79
90493
82
90624
78
90844
79
90954
32
91275
72
91435
79
91575
32
91695
73
91885
76
92006
32
92536
80
93127
73
93277
65
93458
67
93638
69
93768
82
94159
69
94329
32
94469
68
94549
73
94709
32
94920
67
94960
79
95140
78
95220
68
95360
73
95520
86
95671
73
95831
68
96151
69
96292
82
96482
69
96652
32
96792
73
96993
76
97083
32
97223
86
97353
73
97483
65
97754
71
97914
71
98034
73
98194
79
98615
65
99005
8
99266
32
99416
68
99566
65
99646
32
99897
16
00167
76
00297
69
00467
73
00668
78
00798
73
00998
222
01168
32
01309
65
01369
32
01559
16
01679
84
01869
79
02000
82
02080
73
02260
78
02490
79
02660
32
03041
67
03131
79
03321
78
03462
32
03702
85
03922
78
04163
79
04323
32
04503
67
04653
72
04813
69
05805
32
08218
78
08408
79
08609
78
08849
32
09260
77
09430
73
09560
32
09690
80
09850
65
10051
82
10181
69
10371
32
10842
80
11002
82
11122
79
11282
80
11413
82
11513
73
11673
79
12354
32
13045
84
13175
85
13325
84
13486
84
13556
79
13686
32
13936
78
14046
79
14177
82
14327
77
14527
65
14647
76
14888
69
15538
190
15759
32
16029
16
16570
16
16610
16
16650
16
16690
16
16730
16
16770
16
16810
16
16850
16
16900
16
16940
16
16980
16
17021
16
17061
16
17101
16
17141
16
17181
16
17221
16
17261
16
17301
16
17341
16
17381
16
17421
16
17461
16
17501
16
17541
16
17581
16
17621
16
17661
16
17701
16
17742
16
17782
16
17822
16
17862
16
17902
16
17942
16
17982
16
18022
16
18062
16
18102
16
18122
73
18282
76
18392
32
18503
80
18683
82
19003
79
19274
66
19494
76
19915
69
20055
77
20235
65
20345
32
20726
69
20966
222
21146
32
21266
67
21407
74
21537
69
21657
32
22178
8
22338
8
22508
8
23109
72
23239
69
23359
32
23540
81
23690
85
23800
69
24000
83
24160
84
24281
79
24401
32
25032
78
25232
85
25402
84
25633
82
25903
69
26053
32
26313
85
26534
78
26694
65
26764
32
26974
86
27075
73
27225
83
27385
67
27565
69
27786
82
28016
65
28186
76
28336
69
28456
32
28657
83
28717
73
28907
77
29077
80
29218
65
29408
84
29538
73
29718
65
29798
32
30129
78
30249
69
30399
73
30549
32
30730
77
30890
73
31020
69
31481
73
31631
32
31911
67
31991
79
32192
78
32272
71
32532
82
32773
8
32953
8
33474
70
33674
82
33844
79
34044
78
34525
84
34745
73
34936
32
35156
16
35576
57
36057
78
36227
79
36408
78
36528
32
36738
72
36898
79
37038
32
37759
66
37890
69
37990
78
38180
32
38450
67
38651
65
38741
80
38931
73
39031
84
39202
79
39352
32
39492
73
39662
76
39762
32
39923
80
39953
69
40063
82
40293
67
40373
72
40523
69
40824
222
40974
32
41254
83
41375
85
41575
32
43257
68
43457
69
43688
67
43768
73
43938
78
44068
69
44168
32
44329
68
44429
73
44559
32
44739
80
44829
69
44920
82
45160
83
45220
79
45410
78
45620
69
45791
32
46001
67
46101
72
46231
69
46321
32
46482
79
46642
71
46792
78
46962
73
47093
32
47954
71
48074
73
48184
79
48274
82
48424
78
48595
79
48715
32
49516
83
49616
73
49786
32
49856
83
50027
69
50137
82
50407
86
50607
69
50728
32
50888
68
50988
73
51138
32
51198
81
51338
85
51559
76
51729
76
52070
8
52250
8
52510
69
52780
76
52941
76
52991
65
53111
32
53271
76
53431
73
53632
78
54082
69
54353
65
54903
188
55064
32
55244
76
55464
85
55594
73
55695
32
55775
68
55995
69
56676
66
56826
66
56906
65
57026
32
57187
84
57417
82
57537
79
57727
86
57948
65
58098
82
58228
69
58398
32
59179
79
59179
80
59350
82
59951
8
60111
8
60842
8
61102
80
61252
82
61383
79
61943
80
62073
82
62204
73
62354
79
62464
32
63315
77
63445
69
63526
32
63706
84
63866
65
63926
78
64066
84
64166
79
64277
32
64487
83
64587
73
64787
77
65018
65
65618
8
66049
80
66209
65
66950
73
67070
84
67671
8
67842
8
68082
84
68232
73
68432
67
68593
65
68903
16
69264
49
69684
48
69985
190
70135
32
70285
16
70385
70
70545
65
70766
84
70916
84
71016
79
71166
32
71236
83
71437
84
71657
65
72408
222
72588
32
72718
67
72899
72
73059
69
73289
32
75222
79
75442
71
75572
78
75743
73
75963
32
76083
86
76203
79
76383
76
76514
84
76754
65
76864
32
77074
67
77175
72
77315
69
77385
32
77565
77
77735
73
77866
32
78366
86
78587
69
78817
68
78967
69
79067
32
79498
67
79588
79
79768
77
79969
73
80129
78
80289
67
80629
73
80790
65
80950
32
81140
65
81200
32
81451
83
81551
79
81771
68
82091
8
82282
82
82722
82
82893
73
83083
68
83253
69
83433
82
83584
69
83704
32
84305
69
84555
68
84695
32
84855
65
84915
32
85236
83
85867
66
86007
82
86187
65
86428
67
86588
67
86648
73
86778
65
86968
82
87289
83
87399
73
87519
32
87699
80
87749
69
87910
82
87930
32
88320
83
88530
65
88641
76
88831
85
88951
84
89141
65
89282
77
89722
8
89912
82
90103
77
90283
73
93047
190
93207
190
93357
190
95230
69
95350
222
95550
32
95690
65
95791
78
95941
67
95961
72
96161
69
96271
32
96532
84
96562
71
96642
73
96832
65
96992
222
97894
8
98054
8
98224
8
98364
8
98534
8
99135
71
99286
79
99946
8
00487
73
00647
65
00768
222
00918
32
01108
65
01358
82
01509
82
01659
73
01819
86
02019
65
02190
84
02340
79
02470
32
02520
65
03021
68
03141
32
03281
65
03531
84
03682
84
03882
82
04042
65
04283
86
04443
69
04563
82
04793
83
05514
65
05925
82
06175
83
06325
73
06456
32
06876
84
06986
85
07136
84
07297
84
07387
79
07467
32
07577
73
07757
76
07847
32
08008
80
08218
85
08508
76
08669
76
08989
77
09019
32
09209
65
09830
8
10011
8
10511
65
10711
78
10872
32
11232
80
11302
69
11422
82
11513
32
11753
65
11953
82
12123
82
12214
73
12344
86
12524
65
12674
82
12804
69
12895
32
13776
73
14176
8
14767
70
14867
73
15048
78
15658
79
15809
32
16169
65
16259
32
16439
77
16580
69
17281
188
17451
32
18072
70
18232
65
18422
82
18723
77
18903
73
19103
32
20495
84
20685
79
20846
67
21016
32
21246
84
21426
79
21587
67
21707
32
22178
83
22288
85
22488
76
22658
76
22798
65
22868
32
23099
83
23179
80
23329
65
23499
76
23630
76
23850
65
24521
188
24691
32
25222
83
25422
65
25743
76
25943
85
26073
84
26273
65
26423
82
26574
77
26754
73
26974
32
27725
69
28136
32
28586
70
28967
8
29107
71
29257
73
29368
82
29528
65
29698
82
29828
69
29968
32
30109
83
30229
85
30369
73
30479
32
30629
84
30830
65
31030
67
31200
67
31250
72
31390
73
31541
32
31861
69
31951
80
32242
8
32412
8
32662
80
32712
69
32802
82
32913
32
33333
82
33503
79
33924
8
34084
8
34605
84
34845
79
34985
82
35156
78
35286
65
35486
82
35626
69
35736
32
35907
65
36007
76
36107
32
36237
83
36347
85
36467
79
36588
32
36708
80
36888
79
37088
83
37269
84
37409
79
37709
16
38030
49
38691
32
39031
16
39151
77
39301
65
39482
72
39742
16
39942
49
49606
32
49916
16
50097
85
50267
78
50457
32
50587
71
50697
73
50828
79
50938
82
51058
78
51238
79
51378
32
52149
8
52540
188
52690
32
52900
80
53081
79
53271
73
53692
188
53862
32
54082
72
54282
65
54373
32
54733
65
54983
68
55134
68
55304
73
55494
82
55644
73
55744
84
55885
84
55985
85
56155
82
56335
65
56435
32
57377
82
57527
73
57657
83
57777
67
57857
72
58008
73
58118
65
58298
84
58418
79
58548
32
58659
68
58759
73
58869
32
59149
70
59249
73
59420
78
59560
73
59730
82
59840
69
59960
32
60151
83
60371
79
60531
84
60701
84
60802
79
60882
32
61042
85
61212
78
61332
65
61422
32
61623
77
61763
65
61983
67
62133
67
62183
72
62344
73
62524
65
63015
8
63585
78
63746
65
63956
32
64156
80
64206
69
64306
82
64427
32
64917
83
65057
65
65198
76
65348
85
65778
84
66339
65
66540
82
66670
77
66840
73
66840
56
66950
32
67130
77
67401
8
67581
8
67741
8
68012
32
68532
77
68642
69
68863
78
68943
84
69123
82
69233
69
69353
32
69484
65
69854
84
70054
84
70355
82
70535
65
70735
86
70916
69
71046
82
71266
83
71406
65
71787
86
71997
65
72087
32
72278
76
72428
65
72528
32
72688
83
72868
84
73039
82
73179
65
73369
68
73499
65
73760
16
74250
49
