12503
83
12743
84
12883
65
13094
77
13454
65
13695
84
13845
84
13995
73
14175
78
14336
65
14986
188
15157
32
15247
67
15347
79
15507
69
15527
77
16609
8
16779
8
17360
77
17490
69
17650
32
17790
84
17961
85
18101
84
18251
84
18401
69
18501
32
18662
76
18762
69
18882
32
19122
77
19232
65
19433
84
19563
84
19653
73
19863
78
19963
69
20574
188
20724
32
20865
86
21015
69
21165
78
21275
69
21496
68
22006
8
22457
78
22587
68
22707
79
23028
32
23238
73
23438
78
23538
32
23789
85
24139
70
24299
70
24470
73
24670
67
24770
73
24910
79
25071
32
25701
77
25892
73
26022
32
26132
83
26152
79
26342
78
26492
79
26593
32
26723
70
26853
69
26973
82
27163
77
27254
65
27444
84
27634
65
27774
32
27955
65
28225
68
29056
32
29306
65
29577
67
29717
67
29897
65
30108
76
30398
65
30658
80
30829
80
31019
73
31119
65
31279
82
31429
69
31530
32
31760
73
31960
76
32100
32
32241
70
32391
73
32541
79
32811
8
32992
8
33152
8
33813
71
33963
73
34073
79
34183
82
34323
78
34494
65
34604
76
34764
69
35705
32
35926
71
36126
82
36236
65
36647
85
37248
8
37478
84
37628
85
37768
84
37888
73
38860
8
39060
8
39831
85
39841
73
40803
8
41033
8
41624
73
41764
84
41884
79
42004
32
42164
67
42275
72
42455
69
42615
32
42785
68
43006
73
43356
83
43556
84
43737
82
44398
73
45199
66
45419
85
45529
73
45659
83
45810
67
45830
79
46040
78
46200
79
46320
32
46470
80
46561
69
46601
82
46761
32
47011
76
47171
69
47322
32
47432
83
47632
84
47762
82
47993
65
48173
68
48373
69
48483
32
48633
68
48724
73
48854
32
48994
84
49354
8
49785
16
50065
84
50296
79
50426
82
50516
73
50716
78
50917
79
51327
190
51507
32
51728
16
52279
16
52319
16
52359
16
52399
16
52439
16
52479
16
52519
16
52559
16
52599
16
52609
69
53060
222
53320
32
54071
85
54241
78
54422
32
54892
71
55012
73
55123
79
55273
82
55403
78
55563
65
56114
76
56284
69
56404
32
56595
65
56785
66
56955
66
57095
65
57316
83
57516
84
57716
65
57846
78
58047
90
58257
65
58377
32
58557
67
58788
65
58938
82
59128
73
59308
78
59509
79
60841
32
61031
80
61081
69
61211
82
61421
67
61431
72
61582
69
61682
222
61832
32
62012
83
62242
80
62373
69
62603
83
62753
83
62853
80
63054
32
63344
8
63524
8
64185
79
64335
32
64426
67
64506
79
64676
78
65026
84
65177
73
65337
69
65447
78
65597
69
65737
32
66148
65
66318
82
66498
84
66609
73
66789
67
66819
79
66989
76
67169
73
67360
32
67570
83
67680
85
67850
76
68021
76
68161
65
68261
32
68491
67
68691
73
69202
84
69382
84
69663
65
69853
222
70834
188
71315
32
71606
67
71686
72
71836
69
71976
32
72196
68
72347
65
72467
78
72607
78
72797
79
72897
32
72998
32
73048
73
73268
78
74099
70
74219
79
74329
82
74480
77
74550
65
74890
90
74970
73
75100
79
75301
78
75601
73
75771
32
76002
85
76152
84
76262
73
76452
76
76633
73
77734
190
77904
190
78065
190
78195
190
78345
69
78515
32
78896
83
79647
79
79827
80
80158
82
80328
65
80508
84
80658
84
80758
85
80919
84
81069
84
81419
79
81660
32
81900
78
82050
69
82140
32
82311
65
82431
80
82581
80
82671
82
82821
79
83292
70
83422
73
83592
84
83723
84
83903
79
84093
32
84253
80
84343
69
84403
82
84514
32
84754
65
84954
86
85155
69
85325
82
85465
69
85555
32
85845
81
85966
85
86106
65
86166
76
86627
67
86747
79
86907
83
87057
65
87177
32
87338
68
87488
73
87808
220
88019
65
88209
8
88559
8
88709
8
88920
65
89000
32
89491
76
89571
69
89781
71
89951
71
90101
69
90332
82
90412
69
90582
32
91033
83
91133
85
91343
76
91634
32
91844
84
92064
82
92224
65
92945
77
93396
190
93606
32
93877
16
94417
16
94458
16
94498
16
94538
16
94578
16
94618
16
94658
16
94678
69
94868
82
95118
79
95279
32
95379
65
95479
76
95609
76
95719
65
95829
32
95970
70
96150
69
96240
82
96480
77
96580
65
96761
84
96941
65
97061
32
97412
67
97542
72
97652
69
97792
32
98073
76
98243
79
98353
32
98483
76
98573
69
98774
71
98924
71
99104
69
99875
86
00005
79
00366
188
00526
32
00576
81
00746
85
00846
65
00957
78
01017
68
01207
79
01397
32
01988
8
02609
188
02779
32
02809
67
02969
79
03150
78
03270
32
03380
76
03500
65
03630
32
03751
67
03921
79
04081
68
04401
65
04542
32
04712
68
04912
69
05012
76
05162
76
05673
222
05924
79
06064
67
06234
67
06324
72
06494
73
06625
79
06995
188
07145
32
07646
72
07816
79
07936
32
08016
86
08157
73
08217
83
08397
84
08497
79
08617
32
08828
85
08998
78
09138
65
09208
32
09388
82
09579
65
09769
71
09969
65
10520
90
10740
90
10961
65
11061
32
11221
67
11321
72
11431
69
11571
32
11882
83
11982
73
12132
32
12222
65
12443
86
12603
86
12913
73
13264
67
13424
73
14195
78
14365
65
14576
86
14806
65
14926
32
15277
69
15427
32
15607
67
15757
72
15867
69
16408
188
16578
32
16669
67
16799
79
17019
78
17189
32
17309
81
17390
85
17520
69
17590
76
17750
76
17840
65
17970
32
18792
70
18952
65
19102
83
19392
84
19623
73
20204
68
20314
73
20444
79
20524
83
20724
65
20864
32
21135
65
21956
66
22136
73
22336
84
22487
85
22667
68
22797
73
22997
78
23128
69
23248
32
23438
67
23578
72
23688
69
23789
32
23949
73
24099
79
24199
32
24289
83
24520
84
24710
69
24940
83
25090
83
25271
65
25341
32
25511
72
25681
79
25871
32
26302
77
26482
65
26582
32
27003
67
27153
72
27263
69
27364
32
27524
78
27644
69
27804
71
27924
76
28085
73
28295
65
28425
32
29046
220
29216
220
29396
8
29577
8
29747
8
29887
8
30197
32
30448
65
30878
76
31159
82
31790
8
32340
84
32531
82
32661
73
32791
32
32881
69
33021
222
33122
32
33312
73
33492
78
33572
84
33762
82
33803
79
33973
76
34103
76
34654
69
35665
8
35845
8
35996
8
36146
8
36296
8
36877
79
37067
76
37207
76
37247
69
37418
82
37598
65
37748
66
37918
73
38079
76
38229
69
38419
188
38579
32
40452
83
40582
73
40722
32
40892
77
40932
69
41143
84
41283
84
41413
69
41613
86
41864
65
41974
32
42124
65
42214
32
42375
76
42505
69
42725
71
42905
71
43055
69
43196
82
43346
69
43456
32
43746
73
43917
76
44127
77
44347
73
44898
8
45148
8
45359
32
45970
77
46120
73
46260
79
46400
32
46951
71
47031
73
47181
79
47291
82
47422
78
47582
65
47722
76
47862
69
48022
32
48213
68
48373
65
48463
32
48713
68
48824
73
48954
69
49474
84
49675
82
49915
79
50015
32
50326
65
50466
76
50606
76
50686
65
50826
32
51117
77
51307
73
51427
69
51567
32
51748
83
51868
80
52018
65
52188
76
52358
76
52469
69
53200
190
53390
32
53590
16
53821
65
54021
76
54161
76
54361
79
54441
82
54642
65
54742
32
55192
72
55383
79
55493
32
55603
73
55773
78
56094
73
56374
90
56494
73
56664
65
56885
84
57105
79
57255
32
57416
65
57596
68
57686
32
57896
65
57976
76
58127
76
58327
79
58557
78
58657
84
58828
65
59308
78
59729
82
60139
8
60790
65
61521
82
61712
77
61872
73
62012
32
62162
69
62413
68
62573
32
63204
65
63334
32
63594
67
64525
65
64656
77
65607
66
65827
73
66038
65
66228
82
66388
69
66488
32
66709
80
66869
65
67079
71
67179
73
67379
78
67480
69
67990
8
68251
65
68391
32
68751
80
68952
69
69052
82
69232
32
71365
78
71545
79
71706
78
71736
32
71846
32
71896
68
72026
65
72156
82
72326
76
72457
69
73037
32
73318
78
73738
8
74229
77
74379
79
74489
68
74640
79
74830
32
74970
68
75070
73
75170
32
75331
76
75421
69
75621
71
75791
71
75931
69
76182
82
76302
69
77143
188
77273
32
77434
77
77544
65
77634
32
77774
76
77854
69
78155
73
78345
32
78755
73
79166
8
79687
78
79857
73
79997
69
80127
78
80277
84
80478
69
80828
190
80999
190
81159
190
81940
81
82060
85
82170
65
82280
78
82340
68
82481
79
82581
32
82771
77
82921
73
83021
32
83131
83
83212
79
83382
78
83532
79
83642
32
84333
70
84644
8
84814
71
84954
73
85204
82
85435
65
85685
84
85945
65
86076
32
86426
80
86476
69
86566
82
86666
32
86947
76
87257
65
87458
78
87638
67
87828
73
87988
65
88229
82
88429
76
88900
69
89020
32
89230
85
89410
78
90071
222
90322
79
90522
67
90672
67
90762
72
90902
73
90992
65
91213
84
91493
65
91744
67
91914
67
92044
73
92224
65
93166
188
93296
32
93626
72
93776
79
93877
32
93997
83
94197
67
94337
79
94517
69
94517
80
94648
82
94858
84
95319
8
95469
8
95649
8
95789
8
96400
80
96480
69
96570
82
96811
84
96921
79
97061
32
97161
67
97221
72
97341
69
97452
32
97592
82
97852
65
97992
32
98273
8
98443
8
98603
8
98904
69
98994
82
99184
65
99264
32
99514
85
99675
78
99775
65
99965
32
00155
77
00356
73
00626
32
00856
65
01027
8
01197
8
01337
8
01447
65
02198
8
02499
73
02639
65
02729
32
02869
67
02959
79
03119
76
03270
76
03360
69
03600
71
03780
65
03921
32
04021
69
04131
32
04301
67
04571
72
04752
69
04872
32
05032
78
05202
79
05403
78
05523
32
05563
67
05763
73
05913
32
06134
69
06644
86
07025
8
07195
82
07215
69
07385
65
07686
8
07866
8
08036
65
08257
86
08467
65
08657
77
08857
79
09008
32
09138
82
09268
73
09448
67
09568
79
09779
78
09949
79
10430
83
10530
67
10650
73
10810
85
10910
84
11101
69
11211
32
11361
65
11431
32
11641
86
11782
73
12012
67
12172
69
12412
78
12573
68
12733
65
13123
16
13434
49
