47358
16
47589
73
48039
69
48239
82
48440
73
48570
32
49021
72
49191
79
49311
32
49431
65
49531
80
49681
80
49922
82
50983
79
51724
70
51875
69
52435
8
52716
73
52826
84
52976
84
53076
65
53236
84
53387
84
54038
8
54588
79
54749
32
54789
68
54979
69
55129
76
55249
76
55339
65
55450
32
56120
66
56231
69
56361
76
56511
76
56661
73
56801
83
56972
83
57052
73
58173
77
58304
65
58394
32
58534
71
58634
73
58744
79
58794
82
58984
78
59045
65
59235
84
59375
65
59515
32
59605
68
59746
73
59826
32
59916
83
60036
79
60196
76
60286
69
60637
32
60837
16
61007
57
61568
83
61748
69
61949
66
62099
66
62199
69
62329
78
62419
69
62590
32
62810
85
63000
78
63120
32
63581
80
63741
79
63921
222
64122
32
64322
86
64462
69
64582
78
64733
84
64893
79
65113
83
65343
65
65554
188
65694
32
65744
65
65874
32
66014
68
66165
73
66315
82
66425
69
66525
32
66705
76
66785
65
66906
32
67016
86
67196
69
67246
82
67406
73
67506
84
67697
65
67857
222
68298
16
68468
48
69529
32
70010
69
70170
32
70330
77
70440
69
70541
32
70701
83
70791
79
71412
8
71562
8
72053
78
72163
69
72243
32
72443
83
72553
79
72704
78
72874
79
72954
32
73294
65
73455
78
73545
68
73675
65
73915
84
74126
65
74516
32
74897
65
75067
76
75207
32
75508
76
75598
65
75918
71
76048
79
76339
32
76479
68
76599
73
76709
32
76920
16
77170
86
77340
73
77470
86
77691
69
77811
82
78342
79
78522
78
78642
69
79123
32
80685
8
81115
190
81446
32
82077
16
82618
16
82658
16
82698
16
82738
16
82778
16
82818
16
82858
16
82898
16
82938
16
82948
83
83248
79
83449
78
83609
73
83619
79
83719
32
84710
8
84861
8
85021
8
85612
79
85712
32
85802
80
85982
65
86152
82
86353
84
86443
73
86643
84
86843
65
86984
32
87124
65
87244
76
87354
32
87735
77
87865
65
88065
84
88215
84
88295
73
89077
78
89277
79
91400
16
91700
32
91870
16
92021
57
92361
78
92531
79
92672
78
92812
32
92902
84
93082
82
93232
79
93413
80
93543
80
93713
79
93813
32
93943
80
94104
82
94264
69
94394
83
94574
84
94714
79
94975
16
95175
48
95435
32
95666
69
95816
32
95926
83
96106
79
96257
78
96387
79
96507
32
96657
65
96897
82
97068
82
97128
73
97278
86
97448
65
97639
84
97819
65
97939
32
98089
76
98520
65
98670
222
98790
32
99271
71
99471
73
99601
85
99621
83
99812
84
99952
79
00052
32
00162
73
00322
78
00442
32
00553
84
00693
69
00793
77
00993
80
01163
79
01264
32
01374
80
01534
69
01574
82
01764
32
02065
76
02656
186
03146
8
03437
222
03647
79
03797
82
03957
65
03987
32
04148
68
04238
73
04348
32
04448
80
04578
82
04738
69
05009
8
05219
65
05469
78
05890
90
06010
79
06741
190
06911
32
07112
16
07643
86
07833
73
07993
83
08273
84
08634
79
08804
32
09044
67
09235
72
09345
69
09515
32
09655
73
09826
76
09896
32
10086
77
10096
32
10246
73
10356
79
10476
32
10957
70
11077
73
11207
68
11348
65
11498
78
11648
90
11868
65
12079
84
12219
79
12389
32
12609
86
12990
8
13230
77
13401
79
13411
80
13571
82
14192
8
14342
8
15013
82
15213
73
15343
86
15534
65
15614
32
15854
68
16014
65
16154
76
16285
76
16335
65
16465
32
16865
70
17076
65
17446
77
17556
69
17787
188
17947
32
18267
80
18398
82
18488
73
18658
77
18748
65
18868
32
19099
65
19269
78
19619
67
19749
79
19900
82
20060
65
20140
32
20340
68
20460
73
20611
32
20751
65
20861
78
20941
68
21111
65
21242
82
21372
69
21512
32
21732
65
21872
32
22353
86
22553
69
22774
68
22974
69
23104
82
23254
69
23375
32
23495
73
23665
76
23785
32
23915
65
23965
76
24156
71
24286
79
25097
8
25247
8
25397
8
25548
8
26188
76
26399
65
26569
71
26699
79
27020
188
27170
32
27280
67
27390
73
27540
83
27550
32
27771
73
27891
65
28822
8
28972
8
29133
8
29283
8
29553
32
29693
83
29773
73
29954
65
30104
77
30284
79
30404
32
30695
67
30835
72
30985
73
31125
85
31235
83
31356
73
31476
32
31606
73
31766
78
31957
32
32167
85
32397
78
32567
32
33068
82
33188
73
33308
83
33569
84
33769
79
34240
82
34450
65
34640
78
34810
90
35121
8
35151
220
35241
84
35602
8
35772
8
35932
8
36793
78
36943
84
37144
69
37264
32
37384
69
37464
32
37835
67
37955
73
38065
32
38155
83
38245
73
38385
65
38506
77
38656
79
38766
32
39026
82
39117
73
39297
77
39477
80
39697
73
39908
78
39938
32
40198
90
41129
8
41290
8
41600
90
41850
65
42431
84
42581
73
42732
32
43032
68
43182
73
43312
32
43563
67
44274
79
44414
83
44604
69
45015
32
45636
66
45836
85
45836
73
45996
79
46807
8
46988
8
47618
79
47809
78
47959
69
48229
190
48420
32
48570
16
48680
68
48910
79
49090
80
49241
79
49721
68
49872
73
50022
67
50122
72
50302
69
50482
222
51394
188
51534
32
51744
66
51864
69
52015
76
52165
76
52345
73
52495
32
52655
80
52816
73
52966
69
53116
78
53507
73
53657
32
53777
69
53887
32
54107
83
54208
79
55039
68
55199
68
55339
73
55479
83
56311
70
56461
65
56641
84
56791
84
56891
73
57112
188
57262
32
57362
83
57522
73
57612
65
57763
77
57933
79
58063
32
58223
65
58353
78
58464
68
58614
65
58854
84
59034
73
59185
32
59355
65
59465
32
59705
83
60416
68
60637
82
60817
65
61067
86
61267
65
61558
67
61698
67
61818
65
61999
82
62269
67
62399
73
62539
32
62679
83
62790
85
62960
76
63110
76
63310
222
63431
69
63891
82
64101
66
64232
65
64592
190
64792
32
65003
16
65223
80
65383
69
65694
67
65834
67
65964
65
66164
84
66305
79
66505
32
67006
67
67116
72
67236
69
67366
32
67686
84
67887
82
67997
79
68127
86
68337
65
68528
82
68658
69
68808
32
69699
49
69990
48
70140
32
70390
67
70731
77
71512
32
71912
81
72023
85
72173
65
72643
68
72844
82
73044
65
73224
84
73374
73
73545
32
73615
68
73765
73
73935
32
74326
80
74566
82
74746
65
74937
84
75097
73
75227
67
75928
69
76158
76
76288
76
76459
79
76579
32
76669
73
76829
78
76879
32
76959
32
77030
67
77170
85
77330
73
77520
32
77730
83
77951
84
78141
69
78291
78
78301
32
78401
68
78812
8
78972
8
79122
68
79303
69
79443
82
79703
67
79813
73
79984
32
80124
83
80224
73
80364
65
80594
32
80805
83
80985
84
81145
65
81316
84
83208
79
83378
32
83499
65
84099
66
84230
66
84300
65
84490
83
84690
84
84830
65
84951
78
85111
90
85351
65
85501
32
85782
85
86823
8
86933
68
87324
85
88135
82
88235
79
91239
190
91380
190
91530
190
93713
68
93843
73
93973
67
94073
73
94194
65
94304
77
94504
79
94614
32
94754
67
94844
72
94955
69
95055
32
95215
78
95365
79
95525
78
95636
32
95796
73
95856
83
96066
65
96407
8
96577
8
96707
8
96827
83
97278
73
97468
65
97568
77
97698
79
97839
32
98059
83
98259
84
98439
65
98610
84
98710
73
98840
32
99231
76
99631
8
00182
71
00272
76
00432
73
00582
32
00693
85
00863
78
01013
73
01073
67
01233
73
01374
32
01474
65
01674
68
01834
32
01994
65
02195
86
02355
69
02495
82
02725
32
03006
65
03226
86
03456
69
03887
8
04248
85
04358
84
04478
79
04628
32
04768
85
04939
78
05109
222
05339
73
05429
68
05609
69
05790
65
05930
32
06761
67
06861
79
06981
83
07082
73
07282
222
08083
32
08764
79
08904
82
09054
73
09255
71
09405
73
09926
78
10066
65
10206
76
10386
69
11518
16
11838
49
12449
32
12920
16
13190
80
13360
79
13541
73
13901
188
14051
32
14141
86
14372
69
14642
82
14912
83
15063
79
15183
32
15543
83
15654
69
15744
82
16094
79
16415
8
16605
65
17306
188
17456
32
17566
83
17666
73
17776
65
17877
77
18057
79
18177
32
18327
65
18467
78
18528
68
18658
65
18828
84
18988
73
19198
32
19419
65
19699
32
20210
70
20360
65
20530
82
20620
69
20701
32
20991
68
21141
85
21261
69
21382
32
21562
80
21672
65
21942
83
22103
83
22243
73
24426
32
24746
73
24926
78
25067
84
25207
79
25327
82
25497
78
25668
79
25778
32
25968
65
26108
76
26248
32
26409
76
26549
65
26869
84
27049
79
27340
8
28041
220
28872
8
29012
8
29823
82
30064
79
30214
32
30314
69
30424
32
30614
80
30815
79
31045
73
31796
190
31946
190
32076
190
32217
83
32387
73
32517
71
32637
72
32858
16
33008
49
33959
32
34149
83
34300
73
34420
65
34510
77
34690
79
34810
32
34930
84
35101
79
35181
82
35551
78
35692
65
35862
84
35982
73
36112
32
36252
65
36342
32
36533
67
36733
65
36913
83
37063
65
39627
190
39787
190
39917
190
40078
69
40288
32
41189
79
41329
71
41480
71
41610
73
42020
32
42791
69
43032
222
43152
32
43412
76
43623
85
43813
78
43923
69
44093
73
44253
68
45535
8
45716
8
46356
68
46557
73
46947
222
47648
16
48149
49
48399
49
48600
49
