37527
16
37747
73
37947
78
38108
32
38228
81
38328
85
38438
69
38608
83
38789
84
38939
73
39069
79
39189
32
39329
71
39409
73
39590
82
40271
8
40841
79
41012
82
41162
78
41302
73
41422
32
41452
83
41663
84
41813
79
41933
32
42364
83
42514
67
42684
79
42844
80
42974
82
43105
69
43265
78
43365
68
43605
79
43756
32
44216
67
44356
79
44527
83
44837
69
44987
32
45538
86
45728
69
45818
82
45969
65
46069
77
46159
69
46259
78
46369
84
46519
69
46600
32
46730
73
46880
78
46980
84
47110
69
47230
82
47471
69
47701
83
47871
83
47971
65
48062
78
48192
84
48362
73
48492
32
48582
83
48753
85
49474
32
57685
16
57855
87
58136
79
58296
82
58596
68
58917
190
59117
32
59327
16
59868
16
59908
16
59948
16
59988
16
60028
16
60068
16
60108
16
60148
16
60189
16
60229
16
60249
79
60479
86
60629
86
60699
73
60859
65
60980
77
61090
69
61200
78
61320
84
61480
69
61631
32
62612
69
62782
82
63002
79
63153
32
63303
67
63423
79
63603
78
63713
83
63954
73
64364
8
64575
67
64745
73
64745
79
64875
83
65356
8
65776
8
66077
65
66217
32
66377
68
66487
73
66608
32
66728
67
67038
8
67539
78
67689
79
67819
78
67939
32
68009
67
68090
79
68310
78
68500
79
68690
83
69091
67
69281
69
69381
82
69522
69
69682
32
70473
8
70653
8
71294
78
71494
69
71635
32
71795
77
71955
79
72125
76
72255
84
72456
73
72576
83
72746
83
72826
73
72996
77
73227
69
73377
32
73707
70
73858
85
74038
78
74098
90
74218
73
74348
79
74529
78
74659
69
75039
8
75320
73
75850
188
75991
32
76191
77
76351
65
76491
32
76822
69
77052
83
77232
83
77302
69
77443
78
77563
68
77713
79
78164
77
78334
73
78484
32
78865
77
78995
65
79305
8
79465
69
79656
83
79826
83
79986
65
80096
32
80237
68
80337
73
80407
32
80497
32
80517
73
80707
77
80867
80
80897
48
80938
69
81629
8
81779
8
82480
69
82920
71
83051
78
83221
79
83321
32
83461
80
83501
69
83711
32
84372
8
84493
82
84843
32
85033
67
85254
82
85764
8
85854
69
86205
82
86455
67
86636
65
86996
82
87156
69
87306
32
87687
68
87857
73
88007
32
88118
67
88278
65
88388
80
88568
73
88698
82
89079
67
89249
73
89399
32
89850
81
89980
85
90070
65
90170
76
90271
67
90391
79
90501
83
90681
65
90801
32
91032
68
91162
73
91282
32
91412
80
91602
73
91783
85
92484
222
93355
32
93535
16
93705
57
94096
69
94286
68
94416
32
94557
69
94797
83
94937
83
95027
69
95167
78
95288
68
95518
79
95738
77
95898
73
96059
32
96209
65
96399
84
96950
84
97220
82
97501
69
97811
84
98302
8
98532
90
98662
90
98893
65
99483
84
99974
65
07244
32
08476
67
08616
79
08807
78
08947
32
09107
84
09267
65
09878
78
10048
84
10208
79
10349
32
10449
68
10549
73
10639
32
10829
77
10980
65
11210
78
11410
85
11931
65
12101
76
12351
79
12932
78
13072
69
13283
32
14444
83
14635
80
14745
69
15145
90
15306
90
15706
8
15856
8
16027
83
16297
83
17378
8
17539
8
17689
8
17819
8
17979
8
18530
65
18720
76
18921
84
19101
79
19241
32
20102
54
20403
48
20553
48
20633
32
20813
77
20943
69
21144
84
21374
82
22225
73
22466
16
22686
48
23066
188
23217
32
23647
72
23838
79
23968
32
24018
83
24188
67
24308
79
24458
80
24528
69
24639
82
24829
84
25029
79
25159
32
25249
68
25490
69
25640
76
25770
76
25880
69
26001
32
26331
70
26461
85
26661
78
26792
90
26922
73
27092
79
27302
78
27453
73
27603
32
27733
67
27843
72
27963
69
28043
32
28204
78
28374
79
28514
78
28624
32
28794
67
29015
82
29175
69
29415
68
29596
69
29846
86
29976
79
30116
32
30787
69
30998
83
31168
73
31258
83
31478
84
31699
69
32049
83
32179
83
32309
69
32990
82
33601
79
33922
190
34102
32
34272
16
34442
80
34542
69
34613
82
34713
32
34883
69
35083
83
35193
69
35314
77
35494
80
35714
73
35864
79
36645
32
37266
72
37417
79
37547
32
37657
83
37807
67
37937
79
38087
80
38138
69
38218
82
38408
84
38558
79
38698
32
38798
67
38899
72
39009
69
39129
32
40951
8
41392
188
41542
32
42113
80
42313
85
42474
82
42664
32
42854
84
43355
8
43485
8
43645
67
44496
8
44907
32
45077
67
45438
79
45648
78
45838
32
45948
68
46109
69
46259
73
46409
32
46539
76
46699
73
46900
77
47070
73
47180
84
47330
73
47931
188
48091
32
48953
87
49183
79
49413
82
49654
68
49774
32
49934
80
50184
85
50345
79
50545
222
50715
32
50805
69
51026
83
51206
83
51276
69
51436
82
51576
69
51716
32
52087
85
52267
83
52448
65
52648
84
52858
65
53048
32
53339
8
53499
8
54000
79
54140
32
54230
67
54290
79
54480
77
54841
69
55021
32
55211
69
55492
88
55712
67
55722
32
56523
8
56954
69
57555
76
57805
188
57955
32
58095
67
58216
73
58346
79
58526
69
58776
222
58917
32
59087
80
59187
69
59287
82
59367
32
59507
73
59678
76
59778
32
59868
67
60048
65
60238
76
60449
67
60619
79
60799
76
61020
79
61190
32
61290
68
61390
73
61530
32
62081
70
62161
79
62291
82
62542
77
62742
85
62902
76
62982
69
64394
190
64564
32
64775
16
64905
69
65085
32
65295
80
65496
79
65676
73
65796
32
65936
72
66087
79
66187
32
66287
83
66527
67
66768
79
66978
80
67108
69
67288
82
67438
84
67589
79
67719
32
67919
84
68049
85
68200
84
68330
84
69461
65
69571
32
69742
85
69912
78
70022
65
70112
32
70232
83
70383
69
70533
82
70693
73
70863
82
70973
69
71094
32
71264
68
71504
8
71694
8
71835
8
71965
8
72115
69
72245
32
72445
68
72596
73
72726
32
72846
67
72966
79
73197
77
73417
66
73587
73
73757
65
73877
78
74238
8
74398
8
74679
78
74789
65
75029
90
75089
73
75219
79
75410
78
75540
73
75670
68
75680
32
75810
73
75930
32
76191
8
76391
8
76541
8
76671
8
76922
32
77032
68
77132
73
77282
32
77412
84
77673
65
77873
83
78073
84
79245
73
79435
32
79766
67
79896
72
80006
69
80136
32
80737
80
80787
69
80877
82
81078
77
81158
69
81318
84
81468
84
81829
79
82019
78
82169
79
82269
32
82409
68
82510
73
82610
32
82740
69
82940
83
83120
69
83371
71
83621
85
83721
73
83901
82
84042
69
84162
32
84512
76
84663
69
84743
32
84893
80
85344
73
85524
85
85684
222
85834
32
86055
68
86175
73
86335
83
86475
80
86595
65
86816
82
87006
65
87196
84
87396
69
87517
32
87707
70
87837
85
88077
78
88368
90
88458
73
88588
79
88788
78
88919
73
89019
32
89249
77
89409
79
89579
76
89670
84
89860
79
90010
32
90361
82
90551
65
90671
80
90851
73
91001
68
91232
65
91412
77
91542
69
91682
78
91772
84
91923
69
92584
190
92874
32
95057
16
95277
72
95518
79
95658
32
95808
68
96119
69
96399
67
96649
73
96779
83
96900
79
97030
32
97531
67
97651
72
97761
69
97881
32
98061
70
98181
65
98352
82
98722
79
98963
222
99133
32
99323
76
99513
65
99654
32
99734
83
99964
84
00164
69
00365
83
00545
83
00725
65
00815
32
00975
67
01035
79
01166
83
01316
65
01416
32
01917
67
02017
79
02217
78
02357
32
02878
16
03028
69
03369
88
03589
67
03749
69
03919
76
04070
32
04220
80
04270
69
04380
82
06353
32
06864
73
07054
77
07204
80
07284
65
07454
82
07595
69
08706
8
08947
65
09087
82
09217
69
09798
188
09958
32
10088
70
10188
73
10368
78
10509
65
10659
76
10979
77
11110
69
11190
78
11360
84
11540
69
12051
188
12221
32
12251
65
12441
68
12501
32
12772
85
12862
83
13012
65
13192
82
13343
76
13513
79
13633
32
14134
73
14334
78
14414
32
14574
77
14584
32
15305
8
15806
79
15956
68
16066
79
16167
32
16427
68
16597
69
16807
67
16998
69
17198
78
17328
84
17488
69
18139
188
18290
32
18380
86
18560
73
18640
83
18840
84
18971
69
19111
32
19271
67
19351
72
19481
69
19581
32
19742
77
19922
73
20062
32
20182
69
20493
222
20603
32
21224
69
21424
77
21865
80
22295
8
22425
8
22566
8
22716
83
22816
69
22956
77
23146
80
23257
82
23347
69
23437
32
23717
83
23968
84
24148
65
24298
84
24428
79
24578
32
24689
65
24959
78
25139
84
25289
73
25500
67
25830
8
26421
80
26541
65
26761
84
26892
73
27062
67
27162
79
27262
32
27452
67
27522
79
27713
77
27763
69
27913
32
28233
80
28374
82
28494
79
28654
71
28884
82
29085
65
29265
77
29415
77
29645
65
29756
32
30096
69
30236
32
30396
77
30567
73
30647
32
30737
83
30817
79
30997
78
31148
79
31218
32
31358
83
31538
69
31668
77
31839
80
31949
82
32099
69
32169
32
32700
82
32830
73
32980
70
33371
73
33501
85
33591
84
33811
65
33992
84
34172
65
34292
32
34422
68
34532
73
34652
32
34863
77
34943
69
35113
84
35484
69
35594
69
35954
8
36114
8
36345
84
36625
69
36735
82
37046
77
37246
73
37336
67
37486
73
37597
32
37787
67
37847
79
38027
78
38097
32
38247
73
38458
77
38628
80
38698
69
38898
71
39039
78
39249
79
39900
190
