26299
16
26429
73
26710
78
26840
32
27050
81
27221
85
27271
69
27441
83
27591
84
27811
73
27942
32
28172
71
28252
73
28352
79
28432
82
28572
78
28713
73
28963
188
29133
32
29213
67
29334
79
29534
78
29664
32
29814
84
29974
85
30125
84
30255
84
30355
73
30505
32
30645
73
30856
32
31336
76
31426
65
31557
86
31697
79
31857
82
32007
73
32127
32
32288
73
32448
78
32548
32
32678
67
32738
79
32888
82
33119
83
33249
79
33680
188
33820
32
34611
71
34761
73
34911
82
35072
65
35242
82
35332
69
35452
32
35582
80
35662
69
35712
82
35762
32
36093
16
36193
84
36363
79
36514
82
36624
73
36794
78
36944
79
37054
32
39297
69
39548
222
39688
32
39968
73
40129
77
40299
80
40459
79
40589
83
40749
83
40850
73
41030
66
41180
73
41330
76
41470
69
41731
16
42031
49
42762
32
43103
16
43644
16
43684
16
43724
16
43764
16
43804
16
43844
16
43884
16
43924
16
43964
16
44004
16
44044
16
44084
16
44124
16
44164
16
44204
16
44244
16
44284
16
44324
16
44365
16
44405
16
44425
78
44655
79
44855
78
44975
32
45126
83
45266
73
45396
32
45506
80
45877
85
46157
79
46397
222
46548
32
46738
73
46908
77
47068
80
47148
69
47919
8
48891
73
49011
69
49201
71
49351
65
49472
82
49652
69
49782
32
49992
85
50163
78
50253
65
50343
32
50523
86
50633
73
50763
84
50944
65
51044
32
51224
80
51274
69
51344
82
51525
32
52035
70
52165
65
52346
82
52466
69
52656
32
53457
50
53768
48
53908
48
54288
32
54479
77
54579
69
54739
84
54919
82
55210
73
55500
16
55680
49
55951
32
56321
16
56862
16
56902
16
56942
16
56982
16
57022
16
57062
16
57102
16
57142
16
57182
16
57222
16
57263
16
57303
16
57343
16
57383
16
57423
16
57463
16
57503
16
57543
16
57583
16
57623
16
57663
16
57703
16
57743
16
57783
16
57823
16
57863
16
57903
16
57944
16
57984
16
58024
16
58064
16
58104
16
58144
16
58184
16
58224
16
58274
16
58314
16
58354
16
58394
16
58434
16
58474
16
58514
16
58554
16
58594
16
58634
16
58675
16
58715
16
58755
16
58795
16
58835
16
58875
16
58915
16
58955
16
58995
16
59035
16
59075
16
59115
16
59155
16
59195
16
59235
16
59275
16
59315
16
59355
16
59376
73
59616
79
59756
32
60066
86
60217
73
60347
65
61719
71
61869
71
62019
73
62199
79
62350
32
63281
67
63361
79
63521
78
63581
32
63732
73
63872
32
64052
77
64142
69
64583
90
64723
90
64843
73
64933
32
65053
80
65224
85
65434
66
65564
66
65764
76
65895
73
66045
67
66155
73
66395
32
68158
69
68548
188
68719
32
68929
85
69199
76
69410
84
69540
73
69710
77
69800
65
70040
77
70171
69
70301
78
70391
84
70561
69
71022
188
71182
32
71382
80
71492
69
71533
82
71653
32
71833
65
72043
82
72193
82
72274
73
72444
86
72564
65
72734
82
72814
69
72965
32
73075
65
73155
32
73425
67
73585
65
73736
83
73896
65
74106
188
74266
32
74437
76
74527
65
74647
32
74757
83
74887
69
74957
82
75148
65
75438
188
75588
32
75919
67
76029
73
76149
32
76329
77
76399
69
76570
84
76730
84
76990
79
77100
32
77891
68
78022
85
78172
69
78272
32
78472
79
78612
82
78723
69
79083
190
79474
32
79674
16
79884
80
79974
69
80295
67
80495
67
80595
65
80775
84
80926
79
81176
188
81346
32
81516
69
81526
80
81607
82
81747
79
81957
222
82338
188
82478
32
82618
67
82708
72
82828
69
82968
32
83950
37
84491
37
84531
37
84571
37
84611
37
84651
37
84691
37
84741
37
84781
37
84821
37
85051
39
85292
69
85442
37
85602
37
86353
8
86754
35
87725
78
87885
79
88056
78
88176
32
88546
65
88717
66
88917
73
89127
84
89337
73
89498
32
95696
67
95887
72
96037
73
96247
83
96407
83
96608
65
96758
222
97319
32
97799
68
97969
79
98150
86
98320
69
99191
188
99331
32
99802
77
99912
65
00022
32
00143
83
00223
79
00393
76
00533
79
00633
32
00773
65
00884
32
01064
16
01264
76
01334
69
01705
73
01955
78
02155
73
02506
222
04449
190
05280
190
05430
190
06582
78
06752
79
06922
82
07092
77
07232
65
07473
76
08394
77
08504
69
08604
78
08714
84
08925
69
09596
188
09746
32
09956
73
10157
78
10287
32
10467
77
10577
65
10807
67
10978
67
10978
72
11118
73
11288
78
11378
65
11759
188
11909
32
13061
80
13201
82
13351
69
14082
8
14232
8
14663
8
17967
73
17967
79
18198
72
18198
78
18428
32
18909
77
19019
69
19490
90
19670
90
19830
222
20110
79
20291
82
20431
65
20711
188
20861
32
21803
52
22023
53
22213
32
22594
77
22754
73
22924
78
23085
85
23285
84
23485
73
24116
188
24296
32
24867
85
25027
78
25157
79
25298
32
25899
65
26720
8
27200
69
27331
222
27541
32
27691
65
27871
32
28011
67
28172
65
28352
83
28482
65
31386
190
31546
190
31717
190
33189
79
33299
82
33449
65
33569
32
33759
67
33900
73
34030
32
34481
86
34801
85
34931
79
35081
76
35212
69
35292
32
35502
85
35672
78
35782
65
35852
32
36013
86
36143
73
36273
84
36453
65
36754
190
36964
32
37094
16
37314
73
37415
69
37505
82
37665
73
37835
32
38025
83
38126
69
38246
82
38496
65
41280
8
41410
8
41560
8
41711
8
42311
80
42482
79
42672
77
42802
69
42932
82
43153
73
43383
71
43653
71
43834
73
43954
79
44064
32
44194
83
44284
79
44525
78
44685
79
44785
32
44915
85
45115
83
45276
67
45346
73
46037
84
46197
65
46247
32
46427
80
46447
82
46567
69
46728
83
46918
84
47389
79
49081
188
49241
32
49361
86
49371
32
49461
79
49622
76
49732
69
50673
8
51284
8
51444
8
51765
8
53347
8
56341
65
56571
86
56772
69
56992
78
57122
68
57232
79
57352
32
57563
85
58354
78
58544
32
59065
73
59225
77
59395
80
59475
69
59656
71
59766
78
59966
79
60347
188
60507
32
60988
65
61188
86
61358
69
61558
86
61689
79
61809
32
62129
67
62259
65
62380
76
62560
67
62760
79
62940
76
63091
65
63241
84
63391
79
63551
32
63932
68
65314
73
65454
32
65574
65
65654
78
65804
68
65934
65
66095
82
66225
69
66385
32
66525
65
66585
32
66886
67
67036
65
67236
83
67376
65
67587
188
67957
80
68118
82
68859
69
69219
80
69289
65
69459
82
69650
65
69790
77
69870
69
70271
8
70471
82
70671
8
70821
8
70941
82
71472
77
71622
73
71733
32
71823
84
72013
82
72123
65
72343
78
72514
81
72634
85
72834
73
73014
76
73185
76
73275
65
73515
77
73655
69
73725
78
73866
84
74036
69
74166
32
74326
69
74466
32
74987
80
75147
79
75348
73
75538
32
75748
85
75938
83
76059
67
76169
73
76279
82
76409
69
76479
32
76680
67
76750
79
76940
78
77070
32
77521
67
77671
65
77771
76
77971
77
78091
65
78422
190
78642
32
79133
16
79674
16
79714
16
79754
16
79794
16
79834
16
79874
16
79914
16
79954
16
79994
16
80034
16
80074
16
80114
16
80164
16
80204
16
80244
16
80285
16
80315
16
80345
65
80575
76
80705
76
80775
69
80935
32
81566
52
81927
188
82097
32
82938
8
83119
51
83389
48
83519
32
83749
83
83880
79
84050
78
84200
79
84280
32
84551
83
84701
65
84751
76
84921
73
85061
84
85231
79
85692
8
85882
65
86023
32
86623
83
86714
85
86884
76
87024
32
87865
57
88386
188
88536
32
88736
80
88806
69
88847
82
89077
32
89267
65
89457
82
89588
82
89698
73
89878
86
90028
65
90238
82
90389
69
90699
32
90889
65
91080
76
91220
76
91300
69
91831
32
93233
52
93964
188
94334
53
94635
48
94905
32
95366
65
95816
76
95946
76
96217
222
96577
73
96728
78
96858
67
97128
82
97328
79
97519
67
97689
73
97819
79
97919
32
98049
67
98099
79
98270
78
98380
32
99081
67
99231
79
99361
82
99561
83
99912
79
00062
32
00283
16
00503
82
00653
69
00873
71
01024
73
01234
78
01414
65
01825
190
01975
190
02105
190
02265
65
02616
86
02796
69
03016
83
03167
83
03227
73
03347
32
03517
83
03627
65
03757
80
03948
85
04128
84
04448
79
04829
188
04969
32
05079
65
05249
78
05360
68
05560
65
05860
86
06321
79
06451
32
06661
65
06752
32
06932
80
07112
73
07182
69
07453
70
07873
8
08103
68
08464
73
09105
190
09255
190
09385
190
09596
73
09796
78
09916
32
10307
50
10587
48
10697
32
10877
77
11028
73
11178
78
11338
85
11448
84
11598
73
12009
32
12470
65
12590
78
12700
68
12850
65
13461
86
13631
79
13781
32
13902
69
14042
32
14202
84
14753
79
14853
82
15063
78
15143
65
15514
86
15614
79
15764
32
17186
53
17446
32
17727
86
17857
79
18017
76
18168
84
18348
69
18878
16
19179
49
21843
32
22363
16
22904
16
22944
16
22984
65
23124
76
23275
76
23445
69
25958
8
26139
8
26289
8
26439
8
26980
16
27150
72
27370
79
27471
32
27621
80
27901
79
28101
73
28212
32
28322
80
28422
82
28562
69
28762
83
28882
79
29053
32
29263
73
29423
76
29563
32
30064
49
30685
54
30965
32
31136
69
31236
32
31847
68
32097
79
32257
80
32427
79
32578
32
32768
85
32968
78
33679
222
33859
69
34250
84
34390
69
34550
82
34731
78
34871
73
34991
84
35181
65
35452
222
35782
32
36243
83
36363
79
36523
78
36693
79
36824
32
37184
65
37354
82
37515
82
37635
73
37765
86
37885
65
38055
84
38236
65
38356
32
38496
65
38766
76
38917
76
39057
65
39187
32
39307
83
39487
84
39648
65
40038
90
40178
73
40258
79
40449
78
40579
69
40799
32
40959
68
41160
69
41240
73
41410
32
41510
80
42161
85
42341
76
43924
77
44054
69
44154
78
44344
32
44735
69
44795
82
45736
8
45916
8
46087
8
47438
80
47549
69
47649
82
47939
8
48099
8
48230
8
48470
32
48820
80
48890
69
48951
82
49071
32
49501
16
49852
76
50022
69
50272
73
50443
78
50693
73
51164
222
55239
32
55380
69
55520
32
56331
8
56781
188
56952
32
57482
68
57823
79
57973
80
58203
79
58444
32
58634
80
58834
79
59245
8
59555
73
59756
85
59976
222
60106
32
60266
68
60346
73
60467
32
60807
85
60977
78
61468
222
61768
79
61999
82
62159
65
63120
188
63301
188
63791
8
63941
8
64693
190
64863
190
65013
190
65123
70
65273
79
65774
73
65944
78
66064
65
66365
8
66846
8
66996
8
67126
8
67667
73
67997
65
68598
8
69099
78
69219
65
69389
76
69730
77
69860
69
69910
78
70070
84
70250
69
70591
32
70711
65
71011
32
71152
67
71332
65
71562
83
71712
65
72123
16
72423
49
75438
8
75728
65
