48920
16
49100
65
49240
78
49310
67
49411
72
49511
69
49651
32
49981
79
50162
71
50312
71
50492
73
50923
188
51323
32
51463
72
51604
79
51714
32
51804
68
51934
69
52174
67
52355
73
52445
83
52615
79
52705
32
52805
68
52946
73
53046
32
53206
67
53316
79
53486
80
53697
73
53857
65
54007
82
54157
69
54277
32
54418
85
54608
78
54728
32
54848
65
55018
82
55199
84
55449
73
55649
67
55779
79
55980
76
56180
79
57031
188
57472
8
57822
190
58003
32
58163
16
58233
81
58413
85
58433
69
58603
83
58774
84
58934
65
59054
32
59334
86
59465
79
59635
76
59765
84
59925
65
60386
188
61748
32
62028
73
62178
76
62299
32
62419
73
62499
84
63650
8
63791
8
64141
84
64381
73
64492
84
64572
79
64722
76
64882
79
65032
32
66014
69
66545
186
67205
8
69649
222
70160
16
70430
186
70770
222
71151
16
71301
81
71521
85
71622
69
72503
76
72693
32
73334
82
73474
65
74385
8
74696
79
74926
66
75096
79
75227
84
75377
32
76068
70
76178
65
76288
32
76378
68
76498
73
76609
32
76769
84
76899
85
77069
84
77219
84
77310
79
77670
188
77840
32
78111
65
78571
78
78671
67
78762
72
78842
69
78962
32
79112
73
79242
76
79302
32
79513
67
79643
65
79783
66
79893
65
80113
84
80584
8
80744
82
80865
69
81065
84
81195
84
81345
73
81395
83
81656
84
82206
65
82988
16
83238
222
83759
190
85611
32
85992
16
86172
68
86552
79
86753
80
86913
79
87243
32
87404
73
87564
76
87654
32
87874
71
88025
65
88205
84
88355
84
88435
79
88535
32
88675
69
88836
32
89116
73
89276
76
89386
32
89797
67
89907
65
90047
78
90168
69
90298
32
90658
82
90838
79
91069
66
91259
79
91389
84
91660
188
91830
32
92921
85
93092
78
93232
32
93342
78
93502
85
93632
79
93763
86
93863
32
94684
8
95375
79
95475
32
95595
73
95765
78
96046
67
96246
82
96376
69
96577
68
96697
73
96877
66
97037
73
97187
76
97338
69
97538
32
98760
80
98870
65
99090
83
99250
83
99390
79
99511
32
99591
65
99801
86
99921
65
00091
78
00172
84
00362
73
01123
32
01403
68
01563
69
01954
76
02104
76
02214
65
02355
32
02805
82
03106
79
03336
66
03506
79
03636
84
03767
73
03927
67
04057
65
04628
8
05299
65
05439
32
05719
71
05849
73
05980
65
06080
80
06230
80
06390
79
06550
78
06671
69
06881
83
07011
69
09114
190
09284
32
09455
16
09565
76
09705
65
09795
32
09935
83
10045
79
10065
67
10246
73
10316
69
10516
84
11127
65
11247
222
11838
32
13811
69
14221
76
14361
69
14562
84
14732
84
14932
82
15042
79
15213
78
15363
73
15433
67
15583
65
15673
32
15843
16
15954
83
16474
79
16705
78
16935
89
17486
32
18517
72
18637
65
18687
32
18858
80
18948
82
19098
69
19258
83
19338
69
19499
78
19569
84
19679
65
19839
84
20019
79
20260
32
21201
73
21802
76
21912
32
22102
83
22202
85
22323
79
22453
32
22583
78
22743
85
22863
79
23474
86
23604
79
23724
32
24736
71
24866
73
24986
79
25237
73
25467
69
25617
76
25747
76
25928
79
26268
16
26819
16
26839
186
28181
32
28711
85
28882
78
28982
32
29172
85
29362
77
29483
65
29583
78
29753
79
29913
73
30063
68
30264
69
30764
32
32437
16
32617
222
32877
67
33017
65
33208
66
33298
65
33518
82
33648
69
33849
84
33959
84
34079
73
34149
83
34359
84
34379
73
35070
220
35311
65
36202
8
36352
8
36633
8
36913
65
37203
16
37364
222
39316
188
39456
32
39547
67
39697
72
39757
69
39897
32
40077
66
40147
65
41329
76
41479
76
41549
65
43061
32
43702
69
43853
32
44083
67
44213
65
44323
78
44493
82
44493
84
44614
65
45575
8
45735
8
45865
8
46436
84
46606
65
46917
188
47528
32
48980
83
49340
73
49470
32
49671
77
49851
85
49961
79
50091
86
50242
69
50342
32
50552
76
50752
73
50953
66
51233
65
51563
220
51734
69
52114
8
52284
8
52465
8
52755
69
52885
82
53065
65
53596
77
53726
69
53786
78
53937
84
54097
69
55509
188
55649
32
55779
82
55939
73
56090
67
56190
79
56340
78
56490
79
56600
83
56741
67
56881
69
57101
32
60656
70
60796
73
60977
78
61147
79
61347
32
61517
65
61637
32
62278
49
62569
48
62649
32
62829
80
62919
69
63029
82
63240
83
63350
79
63530
78
63730
69
63901
32
65733
68
65873
73
66414
86
66574
69
66644
82
66885
83
67005
69
67125
32
67215
69
67295
32
67476
67
67496
79
67706
78
68006
86
68167
69
68277
82
68477
83
68607
65
68717
32
68878
67
68978
79
69138
78
69198
32
69388
76
69539
79
69659
82
69809
79
70290
190
72793
8
73224
32
73414
65
73935
82
74105
82
74255
73
74425
67
74616
67
74766
72
74956
69
75267
78
75377
68
75497
79
75867
32
77410
67
77530
79
77730
78
78211
84
78471
73
78651
78
78862
85
79042
65
79142
77
79683
69
79833
78
79963
84
80113
69
80193
32
80324
73
80494
76
80514
32
80644
83
80764
85
80864
79
81015
32
81635
86
81746
79
81946
67
82096
65
82206
66
82376
79
82527
76
82717
65
82887
82
83017
73
83117
79
83538
190
83778
32
84319
16
84860
16
84900
16
84940
16
84990
16
85030
16
85070
16
85110
16
85150
16
85190
16
85230
16
85271
16
85311
16
85351
16
85391
16
85431
16
85471
16
85511
16
85551
16
85591
16
85631
16
85671
16
85711
16
85751
16
85791
16
85831
16
85871
16
85911
16
85951
16
85992
16
86032
16
86062
73
86272
76
86402
32
86652
82
86913
79
87283
66
87454
79
87584
84
87774
32
88044
16
88215
222
88515
67
88645
65
89106
66
89246
65
89466
82
89757
69
89967
83
91119
8
91379
84
91529
84
92000
73
92050
83
92260
84
92441
65
92621
16
92801
222
93802
32
93993
65
94383
76
94614
84
94814
79
94934
32
95655
53
95845
56
95955
32
96326
67
96486
69
96606
78
96747
84
96917
73
97137
77
97227
69
97428
84
97658
82
98038
73
00412
188
00572
32
00592
67
00782
72
00832
69
00942
32
01113
80
01143
69
01223
82
01313
32
01513
79
01653
82
01814
65
02024
32
03196
72
03376
65
03466
32
03806
83
03947
79
04087
76
04257
79
04377
32
04878
85
05058
78
05188
65
05228
32
05399
83
05459
73
05969
71
06120
76
06420
65
06610
32
08463
80
08593
69
08663
82
08803
32
09244
78
09404
79
09605
77
09715
69
09965
16
10506
16
10546
16
10586
16
10626
16
10666
16
10706
16
10746
16
10986
32
11277
16
11627
83
11918
68
12138
82
13740
189
15222
52
15543
88
17165
188
17295
32
17506
69
17626
222
17806
32
17996
68
18116
65
18317
86
18477
86
18607
69
18757
82
19338
79
19779
32
20330
73
20520
77
20700
80
20750
82
20890
69
21091
83
21231
83
21351
73
21431
79
21631
78
21762
65
21862
78
22142
84
22302
69
23284
190
23774
32
24025
16
24175
83
24505
73
24626
32
24796
77
24986
85
25116
79
25276
86
25407
69
25507
32
25647
83
25737
85
25857
32
26027
81
26148
85
26258
65
26328
76
26548
83
26698
73
27049
65
27369
83
27610
73
27900
32
31115
84
31265
69
31395
82
31575
82
31725
69
32166
77
32166
78
32356
79
32366
80
32627
8
32777
8
32937
8
33067
8
33568
78
33708
79
33858
32
34049
69
34309
32
35000
72
35140
65
35250
32
35391
79
35531
67
35721
67
35831
72
36021
73
36222
32
36582
69
36722
76
36813
69
37013
84
37173
84
37323
82
37403
79
37584
78
37734
73
37844
67
37994
73
38184
32
38425
67
38595
72
38725
69
38865
32
39146
86
39306
69
39536
68
39677
79
39857
78
40017
79
40087
32
40227
71
40368
76
40498
73
40608
32
40688
79
40848
83
40998
84
41159
65
41329
67
41429
79
41589
76
41759
79
42100
8
42621
73
44233
190
44423
32
44573
16
44694
77
44864
65
44874
32
45515
78
46296
79
46466
78
46586
32
46917
69
47027
222
47247
32
48319
84
48499
85
48659
84
48789
84
48909
79
49180
16
49370
186
49610
32
49841
73
50011
76
50111
32
50201
82
50301
79
50602
66
50772
79
50862
84
52064
32
52384
16
52535
222
52785
67
52915
65
53406
66
53556
65
53756
82
53916
69
54357
84
54527
84
54658
73
54708
83
54938
84
55098
65
55228
16
55409
222
56340
32
56750
69
57081
222
57261
32
57311
68
57602
79
57782
84
57952
65
58132
84
58623
79
59274
32
59654
65
60586
78
60716
67
60796
72
60896
69
60996
32
61157
68
61197
73
61327
32
61427
85
61617
78
61747
32
61888
83
62008
73
62438
83
62659
84
62829
69
62989
77
63139
65
63260
32
63490
69
63650
77
63840
79
64171
90
64271
73
64371
79
64551
78
64712
65
64832
76
64972
69
65723
190
65893
190
66053
190
66234
190
