76690
16
76920
69
77181
67
77331
67
77411
79
77591
77
77742
73
77882
32
77982
81
78102
85
78252
73
79134
188
79284
32
79414
68
79514
79
79664
80
79804
79
79955
32
80105
85
80265
78
80295
32
80375
32
80556
70
80636
73
80786
78
80896
69
81016
32
81257
83
81477
69
81677
84
81827
84
81887
73
82068
77
82198
65
82318
78
82448
65
82588
32
82779
65
82949
76
82949
186
83570
8
84231
76
84431
222
84741
73
84922
78
85022
83
85132
69
85372
71
85532
78
85663
65
85993
32
86233
68
86534
69
86944
76
87085
32
87225
83
87325
79
87465
76
87595
69
88176
188
88326
32
88417
68
88617
69
88787
76
88917
32
89117
77
89188
65
89338
82
89468
69
90019
188
90169
32
90199
68
90349
65
91040
8
91210
69
91491
76
91601
32
91711
82
91831
73
92082
80
92282
79
92392
83
92542
79
92652
32
92803
69
92923
32
93043
68
93313
69
93544
76
93714
76
94024
69
94986
32
95386
65
95667
66
95797
66
95987
85
96197
70
96318
70
96448
65
96648
84
96978
69
97679
190
97840
190
97990
190
98190
67
98481
73
98591
32
98701
86
98801
79
98971
76
99081
69
99382
86
99582
65
99682
32
99883
80
00003
82
00103
79
00253
80
00403
82
00493
73
01004
79
01555
16
01735
49
02787
32
03027
16
03137
69
03247
82
03438
65
03568
32
03878
68
04038
65
04199
32
09296
85
09476
78
09636
32
09806
66
09987
69
10137
76
10277
32
10457
80
10638
79
10868
222
11038
32
11459
67
11589
72
11699
69
11839
32
11999
78
12170
79
12310
78
12430
32
12570
70
12680
65
12891
86
13261
8
13421
67
13532
69
13732
86
13972
80
15254
8
15585
79
15735
32
15975
81
16075
85
16235
65
16265
76
16436
67
16536
72
16666
69
16786
32
17457
71
17587
73
17667
79
17768
82
17898
78
18248
79
18388
32
18509
68
18629
73
18749
32
19069
67
19220
65
19730
8
19901
8
20471
86
20612
65
20822
67
21002
65
21633
78
21823
90
22024
65
22264
32
22404
69
22564
32
22714
81
22815
85
22965
73
23165
78
23175
32
23285
68
23385
73
23866
8
24046
8
24177
8
24437
68
24657
73
24797
32
25088
72
25238
79
25408
32
25538
68
25749
69
26119
73
26530
8
26710
67
26860
73
27071
83
27221
79
27341
32
27501
68
27631
73
27731
32
27942
65
28212
70
28533
8
29143
80
29274
80
29384
82
29514
79
29684
70
29814
73
30085
84
30245
84
30455
65
30646
82
30806
69
30926
32
31186
68
31357
76
31507
32
31967
8
32128
8
32358
69
32538
76
32708
32
32889
80
33059
79
33269
78
33790
84
34060
69
34201
32
34361
68
34441
73
34561
32
34811
16
35102
80
35492
81
36003
8
36123
65
36434
83
36684
81
37295
85
37385
65
37495
32
37585
80
37675
69
37755
82
37866
32
38136
65
38326
78
38396
68
38527
65
38677
82
39087
77
39248
69
39308
78
39548
69
39818
32
40189
85
40369
78
40950
32
41561
80
41691
79
41901
222
42122
32
42292
65
42532
76
42632
32
42783
77
42893
65
43073
82
43203
69
44174
190
44385
32
44595
16
45006
80
45126
69
45426
67
45596
67
45687
65
45887
84
46007
79
46157
32
46348
83
46438
79
46578
76
46768
79
46878
32
47038
67
47119
72
47289
69
47419
32
48150
51
48280
32
48531
71
48641
73
48761
79
48851
82
49001
78
49151
73
49292
32
49802
83
49923
73
50083
65
51204
78
51375
79
51505
32
51995
76
52106
69
52326
84
52466
84
52666
69
52797
82
52977
65
53257
76
53688
77
53838
69
53938
78
54078
84
54349
69
54509
32
54819
86
54950
79
55130
76
55290
65
55510
84
55941
73
56281
16
56562
49
57052
32
57303
16
57453
83
57643
65
57773
66
57964
84
58154
65
58394
79
58494
32
59015
8
59165
8
59336
8
59466
8
59666
65
60337
84
60567
79
60808
188
60958
32
61168
80
61348
79
61529
73
61799
188
61969
32
62180
73
62350
76
62500
32
62530
84
62740
69
62871
77
63051
80
63231
79
63351
32
63512
69
63612
222
63762
32
63852
83
64052
84
64253
65
64363
84
64603
79
64723
32
65124
80
65665
73
65825
85
65935
84
66105
84
66235
79
66345
83
66566
84
66696
79
66836
32
67367
66
67547
82
67797
85
67948
84
68098
84
68198
79
68599
190
68749
190
68879
190
68929
70
69390
65
69600
67
69730
69
69930
86
70051
65
70151
32
70291
80
70341
69
70451
82
71703
83
71873
73
72053
78
72234
79
72384
32
72835
70
73005
82
73135
69
73345
68
73495
68
73616
79
73886
16
74056
49
74477
32
74657
16
75068
73
75258
78
75538
86
75739
69
76299
67
76480
69
76670
32
77361
68
77491
79
78122
77
78282
69
78502
78
78703
73
78773
67
78943
65
79033
32
79233
69
79374
32
79554
76
79834
69
80676
8
80956
85
81116
78
81236
69
82238
68
83049
73
83239
222
83389
32
83509
83
83650
79
83830
78
83980
79
84090
32
84200
83
84371
84
84581
65
84761
84
84961
69
85072
32
85242
84
85773
8
86363
68
86524
85
86634
69
86754
32
87375
66
87545
69
87645
76
87795
76
87956
73
88106
83
88246
83
88416
73
88647
77
88817
69
88937
32
89518
71
89598
73
89818
82
90419
8
91060
79
91200
82
91330
78
91461
65
91611
84
92061
69
92953
190
93143
32
93323
16
93874
16
93914
16
93924
78
94044
69
94204
32
94425
65
94965
66
95106
66
95266
73
95306
65
95476
77
95626
79
95747
32
95957
67
96057
79
96187
83
96257
73
96418
222
96568
32
96738
65
96858
80
96988
80
97118
82
97239
79
97419
70
97549
73
98430
84
98591
84
98721
65
98871
84
99021
79
99141
32
99282
80
99352
69
99452
82
99592
32
00523
65
00693
78
00764
68
00914
65
01044
82
01194
69
01334
32
01665
73
01845
78
01935
32
02105
83
02186
80
02386
73
03217
65
03417
71
03547
71
03668
73
03808
65
03928
32
04238
65
04419
32
05240
80
05350
82
05470
69
05630
78
05711
68
05881
69
06021
82
06171
69
06261
32
06421
73
06602
76
06702
32
06842
83
06942
79
07092
76
07243
69
07343
32
07533
69
07783
68
07924
32
08064
65
08164
32
08835
71
08975
73
09085
79
09366
67
09566
65
09746
82
09896
69
09996
32
10157
65
10237
32
10407
80
10567
65
10707
76
10848
76
11018
79
11218
78
11378
69
12009
190
12200
32
12310
16
12410
65
12570
32
12690
68
12830
73
12921
82
13071
69
13171
32
13321
76
13441
65
13531
32
14022
86
14182
69
14303
82
14463
73
14593
84
14743
222
14873
65
15654
8
15825
8
16235
65
16906
222
17187
188
17337
32
17407
68
17527
65
18098
84
18368
65
18468
32
18769
76
18969
65
19109
32
19249
77
19430
73
19610
65
19750
32
19960
77
20091
65
20421
69
20671
83
20822
84
20992
82
21382
73
21553
65
21683
32
22143
78
22314
69
22394
76
22524
32
22634
71
22824
73
22935
79
23115
67
23315
65
23475
82
23596
69
23636
32
23866
65
23916
32
24256
67
24437
76
24517
65
24907
8
25078
8
25178
65
25348
76
25528
67
25678
73
25829
79
26409
188
26540
32
27351
78
27511
79
27681
78
27761
32
28182
222
28342
69
28823
8
28973
8
29133
69
29774
222
29914
32
30705
67
30816
72
30926
69
31066
32
31246
76
31356
65
31517
32
31757
80
32007
65
32208
82
32388
84
32538
73
32788
84
33069
65
33229
32
34090
77
34180
65
34421
67
34841
8
34851
220
34991
83
35112
67
35492
8
35632
8
35763
8
35923
83
36123
67
36924
72
37054
73
37195
32
37525
67
37625
79
37785
78
37865
84
38046
82
38166
79
38276
32
38606
70
38787
69
38997
77
39127
77
39307
73
39518
78
39648
69
40129
32
40339
16
40619
57
41150
67
41340
73
41450
79
41561
69
41701
222
41851
32
42161
73
42262
79
42412
32
42532
69
42923
68
43043
32
43203
73
43403
76
43634
77
43804
73
44294
79
44805
37
44955
37
45096
37
45316
32
46247
35
47709
32
48530
70
48651
73
49632
68
49792
65
50083
78
50193
90
50463
65
50683
84
51204
80
52306
16
52796
48
53828
37
54549
8
54929
79
55290
35
56942
83
57042
73
57202
65
57343
32
57703
68
57853
85
57984
82
58144
65
58274
84
58514
65
59265
32
59526
77
59696
79
59846
76
59956
84
60127
79
60988
190
61158
190
61288
190
61519
77
61679
73
61799
32
61949
79
61959
83
62520
8
62800
8
62981
83
63151
79
63331
78
63481
79
63581
32
63702
83
63772
85
64362
66
64523
73
64673
84
64823
79
64923
32
65084
65
65604
90
65764
90
65955
79
66245
80
66385
80
66465
65
66696
84
67016
65
67447
16
67767
49
69029
32
69440
16
69690
86
69860
65
70091
66
70221
66
71593
79
71873
222
72193
188
72324
32
72504
80
72594
69
72674
82
72744
32
72894
76
72985
65
73075
32
73185
80
73295
82
73395
79
73555
83
73716
83
73776
73
74016
77
74176
65
74306
32
74837
65
75328
8
75438
86
75598
65
75869
67
76049
65
76339
78
76419
90
76640
65
76740
32
76860
68
76960
73
77100
32
77401
8
77561
8
77701
8
78202
77
78352
73
78452
32
78592
65
78713
76
78843
76
78983
69
79223
78
79363
69
79494
82
80145
79
80325
222
80475
32
80605
68
80755
73
80856
32
80966
80
81146
73
81496
222
81957
16
82318
49
85332
85
85332
73
86574
8
