56511
16
57052
16
57152
16
57252
16
57353
16
57453
16
57543
16
57643
16
57743
16
57843
16
57943
16
58044
16
58134
16
58234
16
58334
16
58434
16
58534
16
58634
16
58735
16
58825
16
58925
16
59025
16
59125
16
59155
67
59486
72
59596
73
59806
83
59956
83
60377
192
60958
8
61248
222
61398
32
61609
81
61699
85
61839
65
61919
78
62119
84
62250
79
62380
32
62550
77
62710
73
62860
32
63021
77
63261
65
63381
78
63852
67
64082
65
64293
32
64473
65
64573
32
64793
70
64913
73
65104
78
65294
73
65414
82
65574
69
65735
32
65845
81
65985
85
66065
69
66235
83
66456
84
66526
79
66636
32
66826
69
67016
83
67147
80
67217
69
67397
82
67487
73
67788
77
67938
69
68058
78
68148
84
68318
190
68499
32
69450
16
69600
67
70151
8
70331
8
70491
8
70912
79
71182
190
71363
32
71493
16
71663
67
71873
72
71944
69
72134
32
72264
68
72344
73
72494
82
72685
69
73325
16
73496
219
73546
32
74327
16
74878
16
74968
16
75048
73
75218
69
75388
82
75499
73
75569
32
75979
83
76049
79
76220
78
76300
79
76430
32
77582
65
77762
78
78243
68
78443
65
78683
84
79254
65
79424
32
79635
65
79805
32
80115
77
80255
73
80486
76
80586
65
80846
78
80976
79
81097
32
81257
80
81347
69
81507
82
81647
32
81808
65
81978
83
82128
83
82208
73
82368
84
82569
69
82839
82
83049
69
83190
32
83380
65
83460
76
83640
76
83831
219
84011
65
84301
84
84411
84
84502
79
84622
32
84792
68
84872
73
84952
32
85112
86
85353
69
85433
78
85593
68
85733
73
85813
84
86054
65
86234
32
86404
68
86595
69
86685
76
86865
76
86965
65
87185
32
87316
77
87576
73
87706
65
87846
32
88247
16
88447
56
89118
66
89339
69
89629
72
89809
32
89979
86
90210
69
90370
82
90600
65
90751
77
91021
69
91171
78
91261
84
91442
69
91602
32
91742
68
91862
73
91962
32
92313
77
92633
73
92743
65
92904
32
93044
77
93164
65
93625
68
93865
82
94035
69
94175
16
94356
57
94476
32
94846
8
95007
8
95387
16
95497
57
96529
32
97610
67
97901
65
98101
83
98281
65
98392
190
98562
190
98742
190
99143
32
99683
59
99824
32
00034
65
00114
78
00244
68
00455
65
00685
84
00805
79
00905
32
01496
84
01626
85
01706
84
01867
84
01957
79
02127
32
02638
66
02938
69
03098
78
03218
69
05131
32
05612
8
06023
32
06213
69
06343
32
06543
78
06653
79
06754
78
07394
32
07595
67
07715
73
07815
32
08326
59
08426
32
08666
86
08786
79
09007
76
09257
85
09397
84
09528
79
09618
32
09808
78
09898
69
10108
65
10148
78
10319
67
10439
72
10619
69
10759
32
10900
84
11100
82
11150
79
11420
80
11611
80
11711
79
11791
32
12181
84
12402
69
12462
77
12732
80
12922
79
13183
190
14625
32
16127
16
16558
73
16828
76
16988
32
17259
86
17389
73
17579
65
17840
71
17980
71
18090
73
18170
79
18390
32
18530
59
18681
32
18861
83
19061
84
19312
65
19542
84
19652
79
19752
32
19922
85
20013
78
20193
32
20393
80
20443
79
20644
219
20734
32
20964
78
21054
79
21264
73
21425
79
21655
83
21815
79
22106
188
22266
32
22446
83
22536
80
22696
69
22917
67
23017
73
23137
69
23287
32
23488
65
23588
76
23768
76
24369
219
24629
65
24810
78
24930
68
25300
65
25891
84
26161
65
26302
188
26412
32
26582
83
26672
85
27253
32
27393
85
27513
78
27694
32
28004
69
28084
85
28224
82
28635
79
28835
83
29066
84
29296
65
29496
82
29626
32
29997
83
30237
67
30468
65
30638
83
30778
83
30868
79
31139
78
31229
69
31399
32
31589
67
31729
72
31840
69
31970
32
32170
68
32220
79
32440
86
32611
82
32791
69
33131
66
33382
66
33472
69
33632
82
33752
79
33943
32
34313
70
34544
65
34744
82
34824
76
35054
79
35164
32
35285
80
35375
65
35845
71
36076
65
36286
82
36466
69
36627
32
36747
76
36907
65
37107
32
37227
77
37318
69
37548
84
37828
222
37948
32
38129
68
38339
69
38539
71
38659
76
38880
73
39010
32
39220
65
39320
76
39471
84
39681
82
39771
73
39891
32
40071
84
40252
82
40502
69
40692
78
40823
73
41123
188
41323
32
41624
78
41724
79
41804
78
41964
32
42134
84
42315
82
42495
69
42585
32
42785
86
42865
79
43086
76
43156
84
43356
69
43406
32
43587
84
43847
65
43967
78
44117
84
44257
79
44388
32
44858
67
44948
79
45189
77
45309
69
45469
32
45579
73
45820
78
45950
86
46180
69
46421
67
46651
69
46841
32
47212
65
47432
67
47582
67
47793
65
47973
68
48574
69
48754
16
48904
49
49114
32
49455
16
49605
77
49836
73
49936
32
50106
69
50276
82
50356
79
50557
32
50597
80
50717
79
50877
82
51037
84
51268
65
51468
84
51698
65
51858
32
52009
68
52229
65
52429
32
52499
76
52589
69
52780
71
52920
71
53150
69
53160
82
53981
69
54132
32
54242
73
54462
76
54572
32
54723
76
54963
73
55013
66
55223
82
55343
79
55424
32
55594
67
55704
72
55844
69
55974
32
56185
67
56445
73
56595
32
56685
72
56836
65
57016
32
57196
65
57366
83
57517
83
57707
69
57927
71
58027
78
58157
65
58378
84
58608
32
59069
8
59289
79
59479
32
59790
16
59980
66
60220
65
60391
76
60681
79
61352
8
61512
66
61622
79
62033
188
62504
32
62864
77
62974
65
63125
32
63385
78
63495
79
63575
78
63735
32
63966
83
63996
73
64206
32
64477
59
64567
32
64787
82
64957
73
65748
86
65979
69
66089
76
66189
65
66409
84
66640
65
66880
32
67010
85
67291
78
67381
65
67561
32
67671
76
67761
69
67952
84
68102
84
68272
82
68512
65
68663
32
68823
68
69193
8
69364
8
69534
8
69694
8
70495
85
70706
82
70956
65
71146
32
71316
68
71527
65
71677
32
71837
84
72067
82
72298
69
72398
78
72698
79
73039
190
73219
32
73419
16
73560
67
73800
79
73900
83
74070
83
74651
8
74902
73
75072
67
75202
67
75783
72
76274
16
76754
59
77075
32
77275
80
77375
69
77565
82
77706
32
77726
73
77976
76
78036
32
78216
82
78336
73
78447
84
78587
79
78657
82
78927
78
79037
79
79168
32
79308
77
79588
73
79648
32
79839
83
79959
79
80289
78
80409
79
80530
32
80720
67
80840
79
81020
77
81161
80
81321
69
81511
82
81721
65
81952
84
82232
65
82432
32
82583
76
82683
65
82863
32
83053
83
83334
84
83664
65
83804
80
84115
77
84666
80
84956
65
85086
188
85256
32
85587
8
85777
8
85947
8
86118
8
86298
8
86498
8
87019
77
87259
80
87440
65
87570
188
87720
32
87830
80
87950
69
88121
82
88241
192
88351
32
88812
59
88892
32
89152
83
89252
84
89372
65
89473
84
89563
65
89733
32
89893
85
90053
78
91706
8
91936
8
03983
77
04124
69
04364
84
04604
222
07028
65
07258
32
07388
85
07518
78
07719
32
07859
80
07959
79
08480
219
08610
32
08850
85
09121
78
09201
65
09391
32
09551
70
10162
69
10413
71
10613
65
10853
8
11034
8
11204
8
11614
82
11815
69
12035
71
12265
65
12476
84
12606
85
12686
82
12956
65
13036
188
13247
32
13387
80
13507
69
13687
82
14208
67
14318
72
15039
16
15310
59
15470
32
15690
65
15860
32
16011
16
16191
77
16391
73
16632
76
16722
65
16952
78
17072
79
17172
32
17413
78
17483
79
17573
78
17743
32
18084
84
18214
73
18234
79
18274
32
18454
68
18685
65
18825
78
19045
78
19275
79
19295
80
19626
8
20167
8
20267
8
20367
8
20547
8
20737
8
20918
8
21098
8
21298
32
21589
68
21809
65
21889
78
22079
78
22119
79
22350
32
22540
76
22810
219
23171
73
23411
78
24543
83
24984
69
25174
82
25374
84
25454
79
25645
32
25795
84
25845
79
25995
82
26125
73
26646
78
26766
69
26996
83
27197
69
27297
188
27427
32
27537
80
27617
69
27798
82
28088
192
28238
32
28368
73
28589
76
28659
32
28849
71
28859
73
29019
79
29180
82
29340
78
29450
65
29580
76
29690
69
29811
32
30001
67
30081
79
30241
83
30451
84
30682
65
30822
32
31082
71
31192
85
31974
8
32144
8
32514
85
32755
71
32875
85
34147
65
34357
76
34497
69
34607
190
34718
32
35258
16
35489
73
35659
69
35799
82
35959
73
35999
32
36220
83
36430
69
36590
82
36851
65
37021
32
37181
83
37251
73
37381
65
37522
77
37632
79
37752
32
37932
65
38032
78
38142
68
38313
65
38523
84
38653
73
38753
32
38894
73
39084
78
39274
32
39354
76
39615
73
39705
66
39935
82
40125
69
40276
82
40396
73
40526
65
40706
32
40886
67
40947
79
41487
78
41678
32
41788
16
41948
68
42148
65
42349
73
42519
69
42679
76
42969
8
43150
8
43300
8
43650
78
43791
73
43911
69
44101
76
44161
69
44321
32
44562
69
44692
32
44852
77
44982
73
45133
32
45353
83
45443
79
45603
78
45723
79
45793
32
46054
67
46124
79
46555
78
46855
8
47045
77
47266
80
47516
69
47736
82
47957
65
48167
84
48688
65
48928
32
49168
66
49419
69
49569
78
49639
32
50170
52
50360
32
50490
76
50741
73
50821
66
51031
82
51111
73
51562
16
51652
190
51792
32
51922
16
52093
50
52503
86
52733
73
52864
78
52984
79
53254
188
53384
32
53555
77
53685
69
53915
76
54065
69
54176
32
54326
69
54416
32
54586
80
54726
65
55007
82
55307
8
55417
84
55678
65
55918
84
56489
69
56639
16
56799
50
56980
32
57190
68
57270
73
57400
32
57741
16
58031
74
58301
79
58472
65
58632
78
58782
78
58882
69
59033
32
59163
16
59273
72
59543
65
59754
82
59914
82
59974
73
60174
83
60304
188
60455
32
60835
16
60945
50
61316
73
61666
32
61887
16
61947
70
62247
73
62447
85
62538
77
62798
73
62918
32
63078
68
63259
32
64400
8
64701
73
64971
32
65141
16
65352
80
65582
79
65742
82
65932
80
66043
79
66593
82
67044
65
67375
16
67675
50
67975
188
68056
32
68366
16
68476
50
68947
78
69257
69
69498
88
69768
84
69918
16
70048
50
70219
32
70419
68
70479
73
70990
32
71210
16
71400
66
71631
65
71861
82
71961
73
72091
67
72282
67
72452
79
72562
32
72732
80
72832
73
73303
191
73413
32
73684
85
73804
78
73984
32
74214
65
74355
76
74705
82
74815
79
74995
32
75717
8
75887
8
76057
8
76438
84
76618
82
76728
79
76838
32
76988
76
77199
73
77299
66
77509
82
77629
79
77719
32
78731
67
78871
72
78981
69
79171
32
79252
80
79372
65
79572
82
79732
69
79893
86
80113
65
80934
32
81084
73
81315
78
81415
84
81605
69
81765
82
81925
69
82116
83
82266
83
82927
8
83458
8
83558
8
84319
8
84529
8
84709
8
84890
8
85070
8
85270
8
85991
40
86232
40
86772
40
86983
40
87523
32
87714
73
87974
78
88064
84
88275
69
88435
82
88605
69
88845
83
89006
83
89196
65
89316
78
89426
84
89617
69
89757
32
89827
77
89957
65
90107
32
90247
68
90328
73
90418
32
90648
67
90758
85
90828
73
90918
32
91469
78
91810
79
91920
78
92120
32
92401
82
92501
73
92671
67
92781
79
92911
82
93102
68
93182
79
93272
32
93392
73
93662
76
93712
32
93923
84
94033
73
94153
84
94273
79
94524
76
94834
79
95916
190
