58226
16
58496
71
58767
85
58947
65
59187
82
59388
68
59588
65
59768
32
59968
67
60079
72
60189
69
60309
32
60489
65
60669
68
60860
69
61040
83
61180
83
61290
79
61401
32
61541
77
61761
73
61881
32
62072
83
62272
84
62352
79
62462
32
62582
73
62733
77
62883
80
63053
69
63233
71
63374
78
63504
65
63624
78
63724
68
63864
79
63944
32
64105
83
64285
69
64455
82
64525
73
64916
65
65066
77
65236
69
65367
78
65457
84
65627
69
65787
32
65837
80
65937
69
66118
82
66208
32
66348
70
66448
73
66598
78
66729
73
66849
82
67079
69
67179
32
67330
76
67430
65
67710
77
68842
8
69072
32
69312
77
69443
73
69573
65
69783
32
69984
81
70194
79
70414
84
70705
65
71165
8
71346
8
71556
8
72587
85
73228
79
73359
84
75342
65
75502
16
75642
49
75882
32
76173
16
76393
81
76644
85
76794
69
76974
83
77174
84
77415
65
77695
32
77925
86
78056
79
78276
76
78366
84
78637
65
78827
32
79017
84
79217
73
79348
32
79558
82
79788
65
80469
67
81020
67
81210
79
81781
78
82102
84
82312
79
82462
32
83915
68
84185
69
84375
76
84475
32
84666
84
84866
69
85036
82
85387
90
85567
79
85677
32
85867
67
86088
65
86168
80
86288
73
86448
84
86609
79
86829
76
87029
79
87119
32
87320
68
87350
73
87500
32
87810
16
88001
73
88271
78
88371
84
88582
69
88662
76
88852
76
89072
73
89142
71
89363
69
89463
78
89653
90
89884
65
90064
32
90214
16
90344
65
90555
82
90735
84
90815
73
91005
70
91105
73
91246
67
91356
73
91476
65
91616
76
91746
69
91917
16
91937
32
92047
16
92257
190
92487
32
92998
85
93088
78
93289
32
93539
65
93709
80
93890
80
93990
82
94130
79
94240
67
94390
67
94490
73
94611
79
94671
32
95562
77
95672
79
96163
68
96343
69
96514
82
96854
78
96914
79
97185
190
97555
32
98997
16
99268
73
99568
76
99668
32
99859
84
00049
69
00199
82
00610
90
00750
79
00860
32
01080
67
01291
65
01431
80
01551
73
01731
84
01842
79
02102
76
02342
79
02442
32
03234
80
03374
65
03654
82
03835
76
03975
65
04165
32
04636
68
04846
69
04916
76
05116
76
05217
65
05417
32
05607
82
05687
73
05848
83
05928
79
06128
76
06368
85
06579
90
06669
73
06849
79
07119
78
07270
69
07610
32
07801
68
07851
73
07961
32
08211
80
08421
82
08552
79
08792
66
08902
76
09092
69
09253
77
09433
73
09543
32
09743
84
09974
82
10194
65
10344
77
10475
73
10625
84
10835
69
10945
32
11126
82
11196
73
11376
67
11576
69
11736
82
11977
67
12237
65
12357
190
12498
32
12768
16
12968
80
13119
69
13279
82
13429
32
13589
80
13719
79
13860
84
14060
69
14210
82
14360
32
14541
83
14721
70
14891
82
15011
85
15132
84
15262
84
15512
65
15743
82
15913
69
16033
32
16143
85
16253
78
16434
32
16694
65
16924
76
17075
71
17285
79
17665
82
18857
73
19007
84
19208
77
19548
79
19658
32
19829
68
19919
73
20029
32
20149
82
20229
73
20390
67
20590
69
20750
82
20970
67
21201
65
21381
188
21461
32
21621
68
21812
69
22022
86
22142
73
22252
32
22393
80
22503
82
22653
73
22883
77
22973
65
23174
32
23354
70
23394
79
23554
82
23654
77
23875
85
23975
76
24175
65
24406
82
24576
69
24726
32
24816
73
25067
76
25197
32
25407
80
25627
82
25758
79
25948
66
26058
76
26248
69
26348
77
26469
65
26669
32
26899
67
26949
79
27180
77
27250
69
27400
32
27540
85
27620
78
27811
32
27941
80
28131
82
28291
79
28412
66
28552
76
28702
69
28852
77
28962
65
29143
32
29343
68
29453
73
29553
32
29984
82
30124
73
30234
67
30475
69
30645
82
30895
67
31116
65
31226
190
31366
32
31576
16
31837
81
32097
85
32157
69
32348
83
32568
84
32608
79
32778
32
32978
83
33109
73
33219
71
33409
78
33549
73
33830
70
33960
73
34040
67
34260
65
34461
32
34611
67
34721
72
34841
69
34982
32
35142
68
35322
69
35502
86
35612
73
35693
32
35893
65
36113
86
36304
69
36464
82
36634
69
36784
32
37005
85
37105
78
37285
79
37405
32
37615
83
37836
84
38066
65
38317
84
38377
79
38517
32
38637
73
38717
78
38877
73
39098
90
39238
73
39368
65
39558
76
39649
69
39819
32
39979
16
40219
83
40440
48
43274
188
43434
32
43875
69
44095
32
44386
85
44506
78
44696
32
44786
73
45007
78
45147
83
45297
73
45397
69
45527
77
45668
69
45888
32
46248
68
46339
73
46459
32
46869
65
47070
90
47210
73
47330
79
47490
78
47681
73
47941
32
48452
67
48572
72
48702
69
48842
32
51947
80
52258
85
52388
79
52468
73
52658
32
53069
67
53560
79
53680
77
53800
80
54351
73
54511
69
54671
82
54871
69
55012
32
56013
68
56204
69
56364
70
56484
73
56624
78
56875
73
57235
84
57505
79
57666
32
57846
67
57896
79
58186
77
58277
69
58427
32
58537
73
58797
78
59088
83
59228
73
59368
69
59529
77
59639
69
59809
32
60029
68
60119
73
60230
32
60440
84
60610
82
60851
65
60971
78
61081
83
61241
73
61411
90
61582
73
61692
79
62152
78
62483
73
62683
32
63264
16
63715
83
64396
32
64566
109
65047
16
65207
56
65758
65
65938
16
66108
57
66729
109
67030
16
67220
226
67561
32
68142
16
68582
83
68873
219
69163
109
69173
190
69253
32
69594
8
69774
8
69944
8
70565
190
70595
32
71487
16
71647
65
71867
32
72097
81
72278
85
72698
69
72889
83
73470
84
73650
79
73740
32
73890
80
73950
85
74181
78
74391
84
74491
79
74551
32
75453
72
75733
65
75823
73
75933
32
76063
68
76234
69
76414
70
76524
73
76624
78
76775
73
76865
84
77005
79
77085
32
77626
85
77746
78
77896
79
78016
32
78717
16
79318
16
79338
16
79368
16
79408
16
79439
16
79469
16
79499
16
79529
16
79569
16
79599
16
79629
16
79659
16
79699
16
79699
50
80039
83
80160
80
80250
65
80440
90
80570
73
80710
79
80831
32
81011
68
81201
69
81361
71
81462
76
81672
73
81692
32
81912
83
82103
84
82313
65
82533
84
82623
73
82844
16
82984
50
83224
188
83284
32
83475
67
83545
72
83695
69
83825
32
83975
80
84156
85
84306
79
84386
73
84546
32
85017
86
85408
68
85618
69
85978
8
86169
8
86419
69
86589
68
86970
82
87571
8
87701
69
87871
82
88062
69
88192
32
88492
67
88622
79
88883
77
88973
69
89143
32
89424
85
89534
78
89694
32
89904
71
90105
82
90325
65
90545
70
90645
79
90726
32
90886
69
91046
84
91146
73
91296
67
91407
72
91557
69
91747
84
91907
84
92138
65
92368
84
92498
79
92538
32
92769
73
92979
78
93129
32
93650
67
93860
85
93980
73
94081
32
94591
67
94682
73
94832
65
95012
83
95212
67
95343
85
95583
32
96104
8
96244
78
96885
32
97336
78
97476
79
97646
68
97786
79
97886
32
98237
59
98347
32
98597
85
98668
78
98878
79
98998
32
99188
83
99409
84
99629
65
99879
84
00250
79
00410
32
00580
69
00691
32
01261
67
01372
73
01512
65
01672
83
01862
67
01962
85
02103
78
02283
32
02503
65
02694
82
02894
67
03004
79
03084
32
03254
16
03355
56
03715
69
03925
84
04026
73
04226
67
04807
72
05267
69
05488
84
05628
84
05878
65
06139
84
06289
79
06339
32
06599
67
06710
79
06840
78
07040
32
07120
73
07341
76
07401
32
07581
78
07651
79
07851
77
07962
69
08142
32
08372
68
08582
73
08713
32
08853
85
09093
78
09213
65
09754
32
09975
65
10215
90
10325
73
10465
79
10726
78
10846
69
11136
16
11226
57
11367
32
12158
59
12298
32
12919
85
13029
78
14471
65
14702
32
14882
84
15052
82
15533
65
15673
78
15803
83
15964
73
16074
90
16214
73
16354
79
16605
78
16685
69
16845
32
17055
68
17165
73
17296
32
17476
83
17686
84
17907
65
18137
84
18237
79
18527
190
18608
32
18968
16
19319
80
19599
69
19769
82
19920
32
20120
67
20200
79
20440
78
20460
77
21412
8
22083
67
22163
76
22443
85
22513
68
22694
69
22864
82
23485
69
23655
32
24837
76
24957
65
25157
32
25328
70
25428
79
25528
82
25698
77
25859
85
25999
76
26189
65
26399
90
26479
73
26620
79
26880
78
26960
69
27110
32
27311
68
27491
69
27591
76
27701
32
27932
80
28132
82
28232
79
28603
66
28723
76
28853
69
28993
77
29184
65
29414
188
29514
32
29714
68
29895
69
30125
86
30225
73
30335
32
30516
83
30606
80
30736
65
31106
67
31237
73
31487
70
31587
73
31697
67
31908
65
32128
82
32298
69
32468
32
32579
76
32739
219
33009
79
33300
66
33430
73
33540
69
33730
84
33881
84
34141
73
34371
86
34482
79
34562
32
34742
68
34942
65
35133
32
35333
82
35603
65
35814
71
35984
71
36094
73
36284
85
36324
78
36545
71
36785
69
36975
82
37156
69
37346
190
37476
32
37766
16
37917
68
38107
65
38327
84
38638
79
38728
32
38898
85
38978
78
39149
79
39239
32
39439
83
39629
84
39900
65
40130
84
40310
79
40611
32
40791
16
41112
83
41422
188
41562
32
41722
68
41913
69
42093
86
42313
69
42444
32
42594
69
42784
83
42924
83
43115
69
43275
82
43445
69
43595
32
43836
80
43916
79
44046
83
44216
83
44296
73
44497
66
44557
73
44767
76
44857
69
44987
32
45168
83
45388
84
45598
65
45849
66
45929
73
46159
76
46410
73
46450
82
46630
69
46790
32
47221
83
47401
69
47571
32
47651
73
47802
78
47972
32
48062
16
48292
83
48523
32
49244
76
49504
219
49704
79
49965
66
50065
73
50606
69
51477
84
51617
84
51687
73
52008
86
52068
79
52258
32
52649
59
52779
32
52989
83
53080
79
53350
68
53560
68
53701
73
55113
83
55303
70
55513
65
55734
84
55884
84
55964
79
56204
190
56485
32
56645
16
56805
73
56825
78
57056
32
57456
8
57636
8
58047
78
58237
32
58478
81
58598
85
58688
69
58868
83
59079
84
59129
79
59239
32
59409
67
59619
65
59780
83
59860
79
59980
32
60150
68
60170
73
60351
67
60391
73
60571
65
60661
77
60801
79
60911
32
61062
67
61142
72
61272
69
61422
32
61542
16
61663
83
61843
32
62183
59
62313
32
62764
85
62854
78
63035
79
63195
32
63525
83
63816
84
64056
65
64337
84
64457
79
64607
32
64937
70
65008
73
65238
78
65398
65
65649
69
66229
8
66991
76
67171
69
67261
190
