95003
16
95103
67
95324
65
95514
82
95604
79
95704
32
96005
16
96265
68
96455
65
96596
78
96686
73
96866
69
96996
76
97116
69
97687
188
97827
32
98298
84
98438
73
98488
32
98649
82
98859
65
99039
67
99179
67
99270
79
99430
78
99640
84
99740
79
99850
32
99961
73
00161
76
00251
32
00421
70
00542
73
00782
76
01012
77
01102
32
01283
67
01323
72
01533
69
01633
32
01853
66
02334
8
02484
65
03015
66
03145
66
03236
73
03396
65
03716
77
03816
79
03947
32
04087
86
04187
73
04317
83
04497
84
04578
79
04668
32
04818
73
04918
69
05058
82
05118
73
05208
32
05349
83
05549
69
05679
82
05909
65
06050
32
06210
65
06330
76
06450
32
06611
67
06671
73
06911
78
07051
69
07181
77
07322
65
07422
190
07892
32
08193
16
08734
16
08754
16
08784
16
08814
16
08844
16
08874
16
08904
16
08944
16
08974
16
08994
83
09455
73
09705
32
09885
73
10096
78
10306
84
10396
73
10516
84
10657
79
10897
76
11007
65
11197
32
11378
16
11548
50
11798
73
11979
84
12199
65
12259
76
12489
73
12629
65
12770
78
12920
79
13060
32
13240
80
13321
69
13521
82
13671
32
13791
16
13951
80
14302
82
14432
73
14632
78
14903
67
14953
73
15173
80
15374
73
15524
65
15654
78
15854
84
15984
79
16005
73
16746
8
16946
8
17367
73
17677
16
17807
50
17997
32
18178
69
18408
68
18588
32
18709
59
18889
32
19029
76
19159
65
19319
32
19440
83
19650
84
19770
79
19880
82
20041
73
20181
65
20351
32
20531
68
20651
73
20772
32
21122
85
21232
78
21393
32
21623
71
21823
82
21943
85
22264
80
22454
80
22594
79
22745
32
23045
68
23105
73
23215
32
23646
80
23736
69
23876
82
24087
83
24127
79
24377
78
24477
69
24657
32
24838
68
25258
65
25388
78
25509
69
25689
83
25849
73
25949
32
26130
67
26160
72
26330
69
26460
32
26550
73
26680
78
26831
73
27151
90
27351
73
27642
65
27742
76
28223
77
28413
69
28483
78
28603
84
28794
69
28944
32
29384
32
29625
78
29735
79
29835
78
30306
32
30616
83
30736
73
30847
32
31037
67
31117
79
31277
78
31407
79
31558
83
31768
67
31858
79
32058
78
32179
79
32439
188
32579
32
32739
77
32850
65
33000
32
33140
67
33200
72
33380
69
33551
32
33641
80
33721
79
33941
73
34071
32
34222
84
34392
82
34512
79
34622
86
34843
65
34963
78
35594
79
35704
32
38859
85
39009
78
39179
32
39299
80
39499
85
39590
78
39780
84
39890
79
39960
32
40170
68
40261
73
40321
32
40521
67
40591
79
40811
78
40912
84
41112
65
41332
84
41472
84
41633
79
41773
32
41953
73
42053
78
42264
32
42354
85
42494
78
42654
32
42885
67
42995
79
43275
82
43465
83
43626
79
43836
32
43996
68
44076
73
44166
32
44437
16
44647
73
44817
84
45458
65
45639
76
46209
73
46420
65
46580
78
46680
79
47131
190
47321
32
47952
16
48303
70
48533
82
48733
65
48913
32
49074
81
49164
85
49274
69
49464
83
49665
84
49755
73
49835
32
50015
67
50095
73
50165
32
50326
83
50426
79
50706
78
50796
79
50916
32
51417
16
51668
74
51858
79
52028
82
52228
71
52719
69
52839
188
52959
32
53681
67
53811
72
53901
69
54061
32
54572
59
54702
32
54842
82
55003
69
55223
67
55413
69
56214
80
56385
84
56545
73
56665
79
56825
78
56945
73
57136
83
57486
84
57636
32
57697
73
57837
78
58017
32
58077
85
58197
78
58358
32
58578
65
58708
76
58858
66
59119
69
59279
82
59499
71
59589
79
59830
188
60070
32
60681
69
60851
32
60931
73
61162
76
61262
32
61432
83
61532
85
61662
79
61803
32
61993
65
62083
77
62313
73
62614
67
62704
79
62814
32
63145
16
63365
72
63906
65
64006
76
64206
86
64427
70
64527
73
64717
78
64867
78
65078
32
65328
67
65458
72
65608
69
65749
32
67271
73
67371
78
67521
73
67721
90
67832
73
67982
65
68192
76
68623
77
68813
69
68913
78
69013
84
69224
69
69384
32
70796
71
70986
69
71167
83
71357
84
72308
73
72759
83
72939
67
73109
69
73240
32
73380
85
73480
78
73650
32
73881
82
73991
73
74091
83
74271
79
74361
84
74542
82
74752
65
74872
78
74982
84
75183
69
75743
32
76474
8
76695
8
76895
8
77075
8
77296
8
77496
8
77736
8
77937
8
78327
84
78417
79
78538
82
78768
65
78838
78
79008
84
79199
69
79309
188
79449
32
79599
77
79699
65
79890
32
80090
67
80160
72
80360
69
80591
32
80841
68
80961
79
81111
80
81242
79
81402
32
81532
80
81622
79
81792
67
81923
79
82023
32
82453
86
82503
73
82664
69
82764
78
82894
69
83044
32
83405
76
83655
73
83745
67
83956
69
84036
78
84286
90
84356
73
84496
65
84707
84
84787
79
85067
190
85228
32
85448
16
85658
80
85898
79
86089
73
86159
32
87060
67
87791
219
88102
59
88813
32
89123
16
89504
79
89754
76
89874
89
90035
77
90275
80
90505
73
90976
65
91146
188
91297
32
91777
67
91887
72
92038
69
92228
32
93991
76
94141
65
94331
86
94471
79
94551
82
94742
65
94892
32
94982
73
95102
78
95272
32
95373
85
95483
78
95723
65
95893
32
96024
80
96134
65
96284
83
96494
84
96584
73
96725
67
96855
67
97045
69
97185
82
97305
73
97426
65
97626
32
97896
69
98007
32
98217
65
98407
67
98547
67
98617
85
98768
68
98868
73
98968
83
99168
67
99369
69
99509
32
99629
85
99749
78
99929
32
00050
80
00290
65
00831
68
01031
82
01211
69
01362
32
02283
65
02433
76
03014
8
03224
8
03645
77
03785
65
03905
76
04025
65
04266
84
04366
79
04456
32
04636
69
04787
32
04897
73
05057
82
05207
82
05287
73
05488
67
05568
79
05738
78
05868
79
05988
83
06169
67
06359
69
06449
78
06569
84
06750
69
06890
32
07070
67
07140
72
07270
69
07481
32
07601
76
07701
69
07841
32
07971
82
08051
73
08232
77
08352
80
08512
82
08632
79
08753
86
08933
69
09073
82
09333
65
09534
32
09684
76
09804
65
09944
32
10155
70
10275
85
10435
71
10695
65
10846
32
10996
68
11156
69
11186
76
11416
76
11567
65
11737
32
11867
77
11977
65
12458
68
12648
82
12819
69
13029
188
13199
32
13369
69
13500
32
13700
67
13780
72
13920
69
14131
32
16244
65
16464
32
16574
77
16674
69
16865
84
17105
222
17205
32
17365
68
17526
69
17606
76
17706
32
17876
70
17956
73
18207
76
18347
32
18687
8
18848
77
19058
32
19328
77
20981
85
21111
79
21481
82
21652
69
21712
190
21862
32
22122
16
22593
75
23064
65
23565
82
23735
69
23835
78
23945
32
24366
73
24476
78
24756
86
25217
69
25427
67
25668
69
25898
32
26229
65
27060
8
27530
59
27671
32
27871
80
27991
65
28211
82
28342
82
28432
85
28712
67
28852
67
28892
72
29023
73
29083
69
29253
82
29513
65
29654
188
29784
32
29944
69
30104
32
30285
65
30475
67
30605
67
30635
85
30815
68
30885
73
30996
83
31166
67
31346
69
31476
32
31566
76
31667
65
31787
32
31877
77
31957
65
32127
68
32298
82
32458
69
32578
32
32738
65
32818
76
32979
67
33109
79
33329
76
33660
73
34331
90
34461
90
34631
65
34861
84
35082
65
35182
188
35282
32
35462
70
35532
73
35693
78
35793
79
35873
32
36103
65
36314
32
36624
83
36684
79
36874
77
37015
77
37125
73
37235
78
37365
73
37495
83
37696
84
37836
82
38046
65
38246
82
38347
76
38477
69
38617
32
38747
85
38977
78
39068
65
39228
32
39358
68
39418
79
39548
83
39699
69
39829
32
39899
76
40039
69
40209
84
40430
65
40520
76
40620
69
40760
32
40910
68
40970
73
41091
32
41281
77
41341
79
41501
82
41681
70
41752
73
41982
78
42082
65
42232
32
42383
80
42443
69
42633
82
42703
32
43054
65
43144
76
43304
76
43374
69
43584
86
43684
73
43795
65
43995
82
44145
69
44285
32
44546
76
44676
69
44806
32
45117
83
45177
85
45307
69
45477
32
45587
80
45758
69
45908
78
46028
69
46208
190
46419
32
48472
16
49002
16
49032
16
49062
16
49093
16
49123
16
49163
16
49193
16
49223
16
49253
16
49263
65
49503
76
49663
76
49743
65
49904
32
50094
77
50234
79
50394
82
50545
84
50715
69
50845
32
51045
68
51176
69
51686
76
51867
76
51977
65
52127
32
52177
77
52297
65
52488
68
52658
82
52818
69
52958
188
53058
32
53349
16
53679
75
53840
65
54601
82
54771
69
54861
78
54961
32
55121
69
55292
32
55382
16
55472
79
55722
76
55823
89
55963
77
56203
80
56453
73
56544
65
56694
32
56824
83
57004
67
57084
79
57225
80
57455
82
57595
79
57695
78
57826
79
57876
32
58036
68
58096
73
58196
32
58336
69
58547
83
58677
83
58847
69
59007
82
59178
69
59278
32
59658
83
59849
79
59979
82
60139
69
60349
76
60520
76
60660
69
60740
190
60980
32
61181
16
61341
80
61571
79
61781
73
61902
32
62352
67
62553
219
62783
59
62963
32
63173
16
63364
65
63554
78
63704
68
63864
82
64005
69
64245
65
64415
83
64525
188
64666
32
64846
71
64946
73
65106
79
65237
86
65467
65
65577
78
65687
69
65847
32
65958
80
66058
65
66198
83
66398
84
66498
79
66589
82
66759
69
66889
32
66999
73
67099
78
67490
86
67620
73
67971
65
68251
84
68381
79
68541
32
68902
78
69022
69
69182
76
69323
32
69773
80
69913
65
70134
69
70334
83
70494
69
70615
32
70705
80
70795
69
70955
82
71065
32
71376
83
71486
79
71586
83
71926
84
72037
73
72257
85
72738
8
73148
84
73258
85
73569
73
73809
82
73990
69
74120
32
74280
73
74560
76
74681
32
75912
82
76083
69
76293
86
76493
69
76664
82
76864
69
76964
78
77194
68
77395
79
79207
188
79328
32
79588
67
79708
72
79818
69
79948
32
80119
68
80159
79
80379
80
80489
79
80599
32
80760
76
80860
65
81010
32
81110
77
81351
79
81481
82
81631
84
81821
69
81941
32
82102
68
82282
69
82362
76
82522
76
82622
65
82803
32
82913
77
83143
79
83404
71
83524
76
83774
73
84405
69
84545
32
84746
72
84886
65
85016
32
85146
68
85346
65
85557
84
85697
79
85787
32
85977
70
85997
85
86248
79
86378
82
86498
73
86548
32
87389
68
87490
73
87560
32
87760
77
87890
65
88341
84
88491
84
88561
79
88832
190
88942
32
89292
16
89453
65
89843
78
90003
67
90114
72
90214
69
90394
32
90544
16
90674
65
90885
78
90965
68
91155
82
91305
69
91506
65
91666
83
91856
32
92096
72
92207
65
92367
32
92517
68
92697
65
92858
32
92968
80
93078
79
93469
67
93769
79
93929
32
94029
80
94140
69
94260
82
94460
83
94530
79
94921
32
95061
76
95181
65
95451
32
95612
77
95852
79
96012
70
96122
76
96393
8
97054
8
97394
71
97495
76
97735
73
97935
69
98115
190
