73504
16
73784
65
73965
76
74155
76
74375
79
74465
82
74736
65
74956
32
75687
81
75827
85
75958
65
76268
84
76538
65
76939
8
77129
8
77470
8
78281
69
78511
83
78722
84
78932
65
79132
32
79403
59
79513
32
79673
76
79753
65
79893
32
80034
86
80254
69
80424
82
80615
83
80665
73
80735
79
80985
78
81065
69
81225
32
81416
68
81556
69
81746
70
81826
73
81977
78
82107
73
82227
84
82347
73
82497
86
82728
65
82868
32
83058
68
83188
69
83339
76
83559
76
83669
219
83899
69
84140
83
84390
80
84540
69
84941
82
85071
73
85322
77
85452
69
85552
78
85682
84
85792
79
86163
190
86343
190
86513
190
86664
32
86834
66
86964
69
87104
78
87194
69
87325
32
87665
66
87785
69
87915
78
88126
69
88336
188
88436
32
88897
86
89247
69
89328
68
89358
73
89498
65
89598
77
89778
79
89808
32
89979
83
90169
69
90259
32
90399
70
90509
85
91190
78
91471
90
91551
73
91651
79
91871
78
91952
65
92282
190
92412
32
92552
16
92683
78
92913
69
93003
76
93083
32
93203
70
93384
82
93594
65
93804
84
93944
84
94135
69
94235
77
94505
80
94646
79
94766
32
95056
67
95206
219
95447
59
95587
32
95737
76
95927
65
96048
32
96188
16
96298
66
96498
69
96709
65
96879
32
97039
67
97109
72
97259
69
97380
32
97590
83
97660
73
97780
32
98061
83
98281
84
98491
65
98662
32
98732
76
98862
69
99052
71
99182
71
99373
69
99463
78
99573
68
99723
79
99863
32
00044
73
00414
8
00675
76
00945
219
01085
65
01296
82
01456
84
01546
73
01686
67
01786
79
01977
76
02157
79
02257
32
02417
83
02457
85
02688
76
02858
76
02908
65
03068
32
03188
80
03509
82
03649
79
03719
84
03899
69
04100
83
04300
84
04510
65
04661
32
04801
68
04971
69
05061
73
05141
32
05281
68
05382
79
05502
84
05652
84
05752
79
05842
82
06053
65
06173
78
06263
68
06463
73
09257
16
09898
190
10109
190
10279
190
10479
32
10740
65
11000
66
11150
66
11230
73
11701
65
11851
77
11941
79
12092
32
12312
65
12532
86
12713
85
12813
84
12993
79
13093
32
13243
85
13344
78
13514
32
13694
66
13894
69
14005
76
14065
32
14245
83
14325
85
14495
67
14656
67
14836
69
15016
83
15166
83
15246
79
15507
188
15637
32
15797
69
16028
72
16158
16
16418
219
16478
32
18061
16
18601
16
18631
16
18672
16
18702
16
18732
16
18772
16
18802
16
18832
16
18872
16
18902
16
18932
16
18962
86
19182
69
19373
68
19553
82
19723
65
19843
77
19913
79
19994
32
20174
83
20324
69
20464
32
20614
79
21105
84
21255
84
21436
69
21596
82
21736
82
21916
69
22037
77
22147
79
22277
32
22437
81
22507
85
22627
65
22808
76
22958
67
23158
79
23268
83
23469
65
23569
190
24060
32
24230
16
24701
67
24911
72
25051
69
25181
32
25372
65
25482
76
25612
84
25782
82
25952
79
26033
32
26153
80
26233
79
26293
83
26463
83
26583
79
26663
32
27144
83
27324
67
27535
82
27665
73
27725
86
27945
69
28116
82
28286
69
28386
16
28486
219
28596
32
31601
16
32052
83
32192
80
32272
69
32442
82
32562
79
32632
32
32863
67
32973
72
33103
69
33273
32
33874
70
34035
82
34235
65
34405
32
34515
80
34575
79
34645
67
34846
79
34906
32
35076
67
35156
73
35236
32
35427
67
35517
79
35737
77
36158
80
36268
69
36428
82
36528
73
36719
65
36929
77
37099
79
37109
76
37199
32
37580
8
37760
8
37930
32
38551
16
38802
77
39072
69
39282
84
39493
65
39603
76
39713
32
39823
16
39873
71
40064
69
40264
65
40444
82
40584
32
40915
8
41456
8
41496
8
41526
8
41556
8
41596
8
41626
8
41656
8
41696
8
41726
8
41756
8
41796
8
41826
8
41856
8
41896
8
41926
8
41956
8
41996
8
42027
8
42057
8
42097
8
42127
8
42157
8
42197
8
42227
8
42808
68
42948
73
43018
32
43168
65
43359
86
43569
69
43729
82
43899
69
43989
32
44200
16
44330
77
44440
69
44620
84
44831
65
44921
76
45041
32
45271
16
45442
71
45622
69
45982
65
46173
82
46804
32
47174
50
47405
32
47555
80
47635
69
47805
82
47915
32
48046
76
48116
65
48276
32
48566
16
48807
80
49107
76
49217
65
49448
89
49568
83
49748
84
49948
65
50149
84
50209
73
50329
79
50479
78
50609
188
50780
32
51350
65
51661
76
51881
77
52011
69
52122
78
52222
84
52422
79
52532
32
52622
80
52723
79
52853
83
52993
83
53083
79
53394
8
53944
8
53974
8
54004
8
54045
8
54075
8
54235
8
54425
8
54766
79
54886
32
54956
80
55036
79
55136
83
55286
83
55366
79
55457
32
55617
71
55657
73
55767
79
55887
67
56078
65
56278
82
56418
69
56538
32
56719
65
56889
32
57019
81
57089
85
57209
69
57349
76
57550
76
57780
79
57850
32
59122
73
59403
78
59713
86
59933
69
60534
67
60815
69
60975
32
61766
68
61866
73
62457
32
66133
71
66283
85
66383
65
66583
82
66784
83
66794
68
67455
8
67655
68
67855
8
68055
8
68156
68
68356
65
68797
82
68967
69
69097
32
69267
70
69287
73
69518
76
69648
77
69848
32
70038
83
70259
84
70349
85
70519
80
70639
79
70950
73
71060
68
71310
73
71561
8
71751
8
71931
8
72092
8
72542
73
72672
68
72813
73
72883
32
73023
73
73103
78
73273
32
73414
16
73514
84
73754
86
74044
190
74165
32
74375
16
74645
73
74746
69
74906
82
75046
73
75056
32
75286
83
75487
69
75657
82
75887
65
76118
32
76478
72
76558
79
76678
32
76849
86
76919
73
77069
83
77289
84
77410
79
77470
32
77790
16
77920
50
78301
83
78501
69
78601
32
78922
83
79102
67
79292
65
79392
80
79623
80
79953
73
80073
32
80244
84
80314
73
80414
32
80594
83
80654
80
80724
79
80815
83
80965
79
81275
16
81365
50
81546
32
81706
69
81896
68
82046
32
82297
69
82457
82
82687
65
82868
32
83028
85
83258
78
83338
65
83479
32
83639
86
83829
69
83989
82
84210
65
84340
32
84620
66
84730
79
84941
73
85061
65
85291
84
85522
65
86153
32
86303
16
86473
56
86743
80
86874
69
87064
82
87254
192
87404
32
87695
16
87815
82
88005
73
88146
67
88256
72
88376
65
88576
82
88746
68
89327
32
90078
16
90179
71
90479
69
90709
65
90920
82
92302
32
92602
86
92803
65
92973
76
93053
69
93163
32
93524
83
93694
69
93764
77
94034
80
94115
82
94295
69
94405
32
94545
76
94675
65
94816
32
95156
80
95406
69
95597
78
95707
65
96057
16
96598
57
98932
190
99703
13
02677
16
03228
16
03258
16
03288
16
03328
16
03358
16
03388
16
03428
16
03459
16
03489
16
03529
16
03559
16
03589
16
03629
16
03659
16
03689
16
03729
16
03759
16
03789
16
03829
16
03859
16
03889
16
03919
16
03959
16
03989
16
04019
16
04059
16
04089
16
04120
16
04160
16
04190
16
04220
16
04260
16
04290
16
04320
16
04360
16
04390
16
04420
16
04460
16
04490
16
04520
16
04560
16
04590
16
04620
16
04630
65
04801
76
04971
84
05131
82
05271
79
05291
32
05441
68
05622
65
05752
32
06012
73
06163
82
06373
69
06493
16
06583
219
06653
32
06994
8
07184
8
07364
8
07525
8
07705
8
08216
68
08326
73
08436
82
08616
69
08726
16
08867
219
08947
32
09227
16
09778
16
09808
16
09838
16
09878
16
09908
16
09938
16
09978
16
10008
16
10038
16
10078
16
10108
16
10139
16
10789
16
11110
85
11340
72
11591
77
11771
32
11991
70
12202
65
12402
84
12582
69
12672
77
12863
79
12883
73
13303
8
13494
8
13834
73
14195
67
14315
73
14425
32
14565
80
14675
69
14836
78
14896
83
15096
65
15276
82
15426
69
15557
32
15617
85
15777
78
15977
32
16127
80
16228
79
16358
67
16578
72
16658
73
16798
78
17289
79
18191
190
18661
190
18872
190
19653
32
22868
68
23989
69
24821
86
24911
79
25011
32
25652
65
25762
78
25882
67
26052
72
26122
69
26263
32
26543
80
26653
82
26844
69
26944
79
27104
67
27284
67
27474
85
27635
80
27805
65
28396
82
28496
77
28666
73
28766
32
28947
68
29097
69
29187
73
29297
32
29638
77
29778
79
30369
66
30439
73
30689
76
30900
73
30930
32
31400
68
31621
69
32021
73
32252
32
32612
79
32913
8
33183
68
33333
79
33534
84
33704
84
33794
79
33904
82
34165
65
34255
78
34545
68
34755
73
35597
32
37690
67
37830
72
37900
69
38000
32
40494
67
40724
69
40865
32
41075
78
41145
69
41275
32
41405
83
41506
79
41766
79
41876
32
42447
8
42627
8
42958
78
43048
79
43158
32
43338
65
43458
76
43579
67
43719
85
43799
78
43939
73
43999
32
44129
83
44310
69
44410
78
44510
90
44670
65
44931
83
45271
8
45411
32
45552
83
45722
69
45892
68
46072
73
46864
69
47174
190
47254
32
49437
16
49768
79
49998
71
50148
71
50219
73
50419
32
50499
80
50619
79
50839
73
51140
32
51400
65
52001
66
52151
66
52332
73
52462
65
52622
77
52762
79
52893
32
53053
76
53083
65
53253
32
53594
82
53694
73
53904
85
54004
78
54124
73
54235
79
54465
78
54505
69
54665
32
54825
67
54896
79
55016
78
55176
32
55236
16
55366
84
55456
79
55557
82
55747
65
55917
83
56067
83
56107
79
56288
32
56388
73
56588
78
56698
32
56899
67
57029
85
57149
73
57239
32
57469
80
57580
82
57740
69
57920
83
58020
85
58271
77
58491
73
58601
66
58701
73
58912
76
59092
77
59192
69
59302
78
59392
84
59593
69
59713
32
59923
67
60023
73
60123
32
60554
68
60674
73
60915
82
61255
222
61335
32
61536
67
61656
72
61786
69
61956
32
64089
82
64250
69
64430
83
64600
84
64770
69
64921
82
65071
69
65211
77
65301
79
65471
32
65672
84
65772
85
65882
84
66022
84
66132
73
66202
32
66433
83
66583
85
66683
32
66803
85
66924
78
67154
65
67304
32
67434
83
67625
84
67815
69
67835
82
68506
8
68716
8
68836
82
69067
65
69347
68
69527
65
69668
32
69848
67
70229
8
70429
8
70679
80
70779
69
70970
82
71330
8
71510
8
71671
8
71771
32
71961
80
72041
69
72211
82
72422
67
72532
72
72802
16
72963
59
73023
32
73223
78
73323
79
73403
78
73543
32
73764
67
73854
73
73954
32
74074
83
74184
79
74325
78
74445
79
74505
32
75036
70
75136
79
75276
78
75717
68
75807
73
76217
190
76388
32
76768
16
77039
67
77299
72
77429
69
77570
32
77730
77
77810
65
78010
71
78190
82
78681
79
78801
32
78962
68
79132
69
79302
83
79502
84
79522
73
79763
78
79883
79
80013
32
80694
67
80764
73
80894
32
81045
65
81265
84
81425
84
81616
69
82026
78
82156
68
82357
69
82657
190
82837
190
83008
190
83138
32
83318
83
83458
79
83579
66
83999
32
84350
83
84480
79
84660
66
84870
190
85071
190
85241
190
85481
32
88065
67
88125
72
88336
73
88476
83
88636
83
89167
222
89227
32
89447
67
89588
72
89708
69
89798
32
90629
32
91030
70
91120
73
91360
78
91450
69
91570
32
91721
70
91951
65
92151
82
93073
192
93223
16
93393
219
