13539
16
13770
65
14050
78
14260
68
14411
73
14571
65
14761
77
14921
79
15022
32
16604
65
16904
86
17155
65
17275
78
17445
84
17735
73
17966
32
18166
67
18256
79
18617
78
18817
32
18937
76
19127
65
19338
32
19498
83
19728
79
20269
8
20499
84
20590
79
20800
82
20910
73
21110
65
21361
32
21641
68
21721
73
21851
32
22042
16
22272
73
22442
67
22542
79
22773
190
22953
32
23784
16
24065
81
24335
85
24465
65
24615
78
24705
68
24906
79
24996
32
25126
73
25336
76
25396
32
25577
67
25787
65
25897
78
26017
67
26208
69
26308
76
26478
76
26688
79
26798
32
26949
83
27029
73
27149
32
27299
67
27510
72
27690
73
27910
85
28040
68
28251
69
28491
188
28631
32
28821
67
28932
79
29202
77
29462
80
29593
65
29803
82
29963
69
30063
32
30183
85
30414
78
30524
65
30714
32
30985
70
31085
73
31205
71
31335
85
31706
82
32136
65
32387
32
32587
68
32707
219
32997
79
33248
77
33518
66
33668
82
33929
65
34069
32
34309
67
34439
72
34550
69
34690
32
34950
76
35371
8
35701
72
35821
65
36062
32
36412
76
36532
69
36683
32
36893
83
37093
69
37203
77
37424
66
37724
73
38165
65
38265
78
38475
90
38746
69
38896
32
39066
68
39136
73
39236
32
39327
85
39537
78
39617
65
39807
32
39987
68
40058
79
40288
78
40438
78
40759
65
41049
188
41219
32
41670
76
41820
65
42020
32
42151
81
42261
85
42391
65
42531
76
42641
69
42812
32
43242
68
43322
73
43543
67
43733
69
43883
32
44053
65
44264
68
44394
32
44544
16
44654
73
44764
67
44905
79
44975
32
45205
67
45305
72
45455
69
45586
32
46587
76
46747
65
46988
32
47158
70
47358
65
47438
78
47869
67
47969
73
48259
85
48490
76
48640
76
48790
65
48920
188
49071
32
49181
73
49371
76
49461
32
49621
67
49731
85
49842
73
49902
32
50082
78
50152
79
50382
77
50473
69
50663
32
51354
59
51484
32
51674
16
51794
89
52245
80
52255
79
53056
8
53247
8
53727
79
53887
82
54088
68
54298
65
54448
188
54598
32
55029
65
55149
76
55760
84
55930
82
56061
73
56141
32
56351
78
56551
79
56661
78
56862
32
57723
59
57893
32
58104
67
58204
72
58364
69
58504
32
58664
83
58764
85
58865
65
59035
32
59195
70
59285
73
59425
71
59566
76
59816
73
60076
188
60407
8
60647
65
60898
188
61028
32
61288
69
61448
32
61629
67
61739
72
61899
69
62049
32
62159
76
62420
85
62600
73
62760
32
63081
68
63982
69
64453
86
64673
69
64843
32
65054
76
65064
192
65184
65
65394
83
65574
67
65915
8
66255
8
66456
8
66626
8
67066
65
67267
83
67457
67
67557
73
67687
65
67908
82
68038
76
68198
65
68348
32
68869
83
69199
84
69460
65
69700
82
69870
69
69981
190
70121
32
70812
16
71353
16
71393
16
71423
16
71453
16
71483
16
71523
16
71553
16
71583
16
71613
16
71653
16
71683
16
71713
16
71743
16
71783
16
71813
16
71843
16
71873
16
71913
16
71943
16
71973
16
72003
16
72044
16
72074
16
72104
16
72134
16
72174
16
72204
16
72234
16
72264
16
72304
16
72334
16
72364
16
72394
16
72434
16
72464
16
72494
16
72524
16
72564
16
72594
16
72624
16
72634
89
72765
79
73045
82
73245
68
73456
65
73976
32
74277
80
74357
69
74537
82
75038
192
75138
32
75358
83
75549
69
75659
77
75919
66
76019
82
76340
65
76570
32
76670
73
76911
78
77031
84
77221
69
77311
78
77572
90
77662
73
77762
79
78132
78
78273
65
78603
84
79214
65
79504
32
79805
65
80005
32
80205
83
80436
69
80616
71
80776
85
80826
73
80986
82
81187
69
81387
32
81577
65
81737
78
81818
67
82028
79
82138
82
82378
65
82619
32
82809
16
83059
73
83260
67
83400
79
83720
188
84351
32
84642
69
84812
32
84902
73
85243
32
85433
68
85513
85
85623
69
85803
32
85994
83
86064
73
86194
32
86364
73
86404
82
87015
8
87205
8
87596
82
87706
73
87936
77
88057
69
88247
84
88387
84
88477
79
88657
78
88758
79
88888
32
88988
73
89108
78
89288
32
90160
67
90390
65
90971
77
91141
77
91692
73
91902
78
92082
79
92373
190
92573
32
92823
16
93074
68
93294
79
93354
80
93565
79
93735
32
94286
78
94396
85
94676
77
94796
69
94977
82
94997
79
95317
83
95497
69
95678
32
95778
80
95868
69
96048
82
96088
73
96278
80
96419
69
96859
90
97680
73
98071
69
98301
32
98732
71
98882
73
99082
85
99183
78
99373
71
99503
79
99683
78
99844
79
99994
32
00755
65
00995
68
01226
32
01396
85
02177
78
02788
65
02898
32
03028
65
03298
82
03479
69
03629
78
03799
65
04260
32
04470
68
04600
79
04781
86
05021
69
05191
32
05261
85
05532
78
05622
65
05842
32
06193
83
06383
80
06473
65
07364
68
07605
65
07715
32
08216
59
08346
32
08566
67
08696
79
08927
78
09187
70
09297
73
09407
67
09648
65
10168
8
10339
67
11120
65
11400
84
11640
65
11861
32
12021
78
12121
69
12331
76
12432
32
12652
77
12922
85
13223
82
13293
79
13593
190
14004
32
14625
16
15166
16
15196
16
15236
16
15266
16
15296
16
15326
16
15366
16
15396
16
15426
16
15456
16
15496
16
15526
16
15556
16
15586
16
15626
16
15656
16
15686
16
15716
16
15756
16
15786
16
15816
16
15847
16
15887
16
15917
16
15947
16
15977
16
16017
16
16047
16
16077
16
16107
16
16147
16
16177
16
16207
16
16237
16
16277
16
16307
16
16337
16
16367
16
16407
16
16437
16
16467
16
16497
16
16538
16
16568
16
16598
16
16628
16
16668
16
16698
16
16728
16
16758
16
16798
16
16828
16
16858
16
16888
16
16928
16
16958
16
16988
16
17018
16
17058
16
17088
16
17118
16
17148
16
17188
16
17219
16
17249
16
17289
16
17319
16
17349
16
17379
16
17419
16
17449
16
17479
16
17509
16
17549
16
17579
16
17609
16
17639
16
17679
16
17709
16
17739
16
17769
16
17809
16
17839
16
17869
16
17899
16
17940
16
17970
16
18000
16
18030
16
18070
16
18100
16
18130
16
18160
16
18200
16
18230
16
18260
16
18290
16
18330
16
18360
16
18390
16
18420
16
18971
16
19221
65
19582
67
20513
67
21084
69
21264
78
21385
68
21575
69
21695
78
21845
68
22025
79
22126
32
22306
68
22536
69
22636
76
22827
76
22957
69
23057
32
23417
84
23568
79
23708
82
23968
67
24219
69
24349
188
24419
32
26692
76
26942
65
27163
32
27343
83
27473
80
27593
65
27804
68
27994
65
28114
32
28294
86
28415
73
28585
69
28685
78
28815
69
29526
32
29676
76
29917
73
30067
66
30317
69
30488
82
30758
65
31058
84
31669
65
31870
188
32080
32
32290
69
32430
32
35555
65
35715
80
35865
82
36056
69
36146
78
36286
68
36436
79
36536
32
36807
68
37037
73
37207
32
37448
80
37608
79
37768
82
37938
84
38409
76
38739
8
38890
65
39080
76
39310
73
39450
32
39561
73
39761
76
39891
32
40272
79
40572
8
40722
83
40852
79
41103
76
41203
69
41353
32
41523
83
41644
73
41734
32
41944
82
42064
73
42154
70
42315
76
42425
69
42615
84
42755
84
42946
69
43106
32
43306
83
43446
85
43556
32
43717
68
43877
69
44077
71
44187
76
44428
73
44468
32
44688
83
44898
84
45059
82
45289
65
45469
78
45569
73
45709
32
45900
77
45990
65
46591
82
46821
67
47021
72
47212
73
47622
78
47782
71
48043
69
48504
71
48694
78
48874
73
49355
32
49525
70
49635
73
49926
79
50536
8
50737
78
50847
79
50957
32
51368
65
51518
32
51638
68
51858
65
52069
82
52239
69
52369
32
52509
69
52680
78
52800
69
52970
82
53180
71
53350
73
53541
65
53751
32
53921
65
54051
76
54252
76
54342
65
56094
32
56385
80
56515
79
56665
82
56845
84
57206
65
57366
32
57486
69
57667
83
57907
84
58057
32
58248
68
58428
69
58508
76
58608
32
58818
67
59059
65
59119
78
59259
67
59459
69
59549
76
59720
76
59950
79
60080
32
60280
80
60471
82
60611
73
60861
78
62013
67
62123
73
62363
80
62544
65
62704
76
62834
69
63024
190
63165
32
63355
16
63665
73
63826
67
63966
79
64076
32
64416
73
64647
78
64817
84
65107
85
65318
73
65448
83
65648
67
65838
69
65959
32
66209
67
66289
72
66429
69
66559
32
66750
83
66930
69
67060
32
67220
86
67341
85
67411
79
67681
76
67831
69
68002
32
68162
70
68382
65
68572
82
68703
32
68913
65
69053
80
69163
82
69313
73
69674
82
69844
69
70004
32
70255
68
70385
73
70485
32
70695
78
70826
85
70886
79
71166
66
71356
79
71477
32
71857
73
72158
76
72268
32
72969
8
73159
8
73339
8
73519
8
73690
8
73890
8
74621
86
74711
79
74841
32
74932
73
75162
76
75262
32
75412
67
75612
65
75713
78
75843
67
76033
69
76103
76
76293
76
76514
79
76604
32
77004
68
77125
79
77245
86
77465
82
78437
222
78547
32
78727
70
78957
65
79158
82
79318
69
79478
32
79658
76
79879
79
79919
32
80129
83
80489
84
80740
69
80990
83
81150
83
81301
79
81431
32
82953
67
83073
79
83213
78
83394
32
84345
73
84736
76
85026
32
85316
67
85557
65
85997
8
86188
8
86368
8
86558
8
86748
8
87079
76
87169
65
87419
32
87550
80
87700
79
87860
82
88000
84
88251
65
88521
32
88781
79
88882
86
89092
69
89272
83
89522
84
89723
190
89873
32
90945
191
90965
16
91646
8
91996
16
92196
73
92387
67
92507
79
92637
32
92797
69
92937
32
93078
16
93208
89
93388
79
93709
82
93879
68
94099
65
94309
32
94500
83
94590
73
94670
32
94830
77
94940
69
95421
84
95571
84
95661
79
95822
78
95912
79
96032
32
96122
73
96222
78
96392
32
96513
77
96653
65
96873
82
97073
67
97204
73
97314
65
97714
190
97895
190
98055
190
98355
32
98796
83
98826
79
99056
76
99246
79
99397
32
99637
67
99757
72
99907
69
00098
32
00318
68
00378
79
00508
80
00648
32
00689
79
01089
8
01259
8
01560
79
01670
32
01860
65
02081
86
02301
69
02471
82
02611
32
02752
70
02942
65
03172
84
03332
84
03473
79
03563
32
03723
85
03833
78
03983
32
04083
80
04254
69
04594
90
04754
90
04895
79
05105
32
05175
80
05405
73
05616
85
05766
84
05926
84
06016
79
06206
83
06437
84
06557
79
06677
32
06807
76
07038
85
07188
78
07388
71
07518
79
07608
32
08129
16
08309
61
08480
83
08680
69
08820
78
09121
90
09331
65
09431
16
09591
61
09752
32
10292
83
10493
65
10603
76
10773
86
11003
65
11224
82
11384
69
11544
32
11764
83
11875
79
12355
78
12445
79
12566
32
12746
77
12886
79
13026
82
13187
84
13527
65
13827
32
14038
16
14128
56
14699
16
14879
73
15149
67
15390
32
15690
8
16051
79
16241
32
16441
83
16511
73
16672
32
17032
59
17152
32
17353
66
17433
85
17593
84
17763
84
17993
65
18214
84
18354
79
18444
32
18975
71
19165
73
19806
191
19896
32
20137
68
20567
65
21288
32
21418
85
21539
78
21729
32
21789
80
21899
79
22149
78
22219
84
22430
69
22570
190
22750
190
22931
190
23041
32
23201
69
23471
72
23571
77
23892
190
24082
190
24262
190
24433
32
26215
16
26406
57
26576
32
26826
69
28589
32
28879
81
29129
85
29260
73
29580
78
29710
68
30251
73
30381
32
30602
65
30832
68
31022
69
31212
83
31373
83
31523
79
31663
32
31843
68
32004
69
32254
86
32474
79
32574
32
32805
82
32925
73
33015
70
33215
65
33436
82
33596
69
33736
32
33866
84
33926
85
34067
84
34237
84
34367
79
34828
190
35008
190
35168
190
35368
32
35559
85
35779
70
35899
70
36140
65
36320
16
36450
49
36590
49
36730
49
