64688
16
64928
65
65329
82
65439
73
65529
69
65789
67
65960
67
66030
79
66180
67
66250
73
66541
190
66681
32
67081
16
67312
73
67452
69
67642
82
67762
73
67882
32
68603
72
68724
79
68804
32
69004
80
69124
65
69294
83
69435
83
69625
65
69825
84
69935
79
70026
32
70166
76
70296
65
70466
32
70616
83
70787
69
70957
82
71177
65
71418
84
71638
65
71858
32
72068
65
72239
32
74472
83
74582
73
74652
83
74893
84
75073
69
75203
77
75293
65
75493
82
75654
69
75794
32
75894
73
76114
76
76214
32
76385
77
76635
73
76765
79
76905
32
77156
80
77436
82
77536
79
77807
71
78017
82
78257
65
78418
77
78578
77
78828
69
79279
8
79459
65
79729
32
80150
68
80330
69
80451
76
80631
76
80741
65
80931
32
81101
16
81212
65
81452
71
81682
69
81792
78
81913
68
82153
65
82433
16
82704
76
82994
73
83134
71
83365
72
83635
84
84366
32
48079
65
48219
78
48360
67
48510
72
48610
69
48750
32
48920
83
49111
69
49241
32
49351
80
49461
82
49601
79
49752
86
50072
8
50192
66
50483
65
50763
66
50843
73
51093
76
52125
77
52335
69
52415
78
52566
84
52746
69
52906
32
53176
86
53497
69
53707
68
54338
82
54578
222
54679
32
54869
76
54959
65
55129
32
55209
76
55470
85
55590
67
55810
69
55950
32
56081
77
56621
79
57122
76
57232
84
57373
79
57413
32
57603
65
57823
86
58033
65
58124
78
58304
84
58394
73
58754
190
58885
32
59175
16
59405
80
59536
69
59706
82
59826
32
59886
73
60136
76
60267
32
60687
77
60837
79
60968
77
61168
69
61238
78
61408
84
61498
79
61589
32
61809
86
61889
79
62009
71
62109
76
62350
73
62470
79
62580
32
62710
77
63431
8
63982
76
64232
73
64302
77
64463
73
64623
84
64873
65
65114
82
65244
77
65364
73
65484
32
65674
65
65835
32
65985
70
66175
65
66385
82
66556
71
66666
76
66896
73
66956
32
67157
84
67347
69
67427
78
67507
69
67657
82
67818
69
67958
32
68038
85
68288
78
68378
65
68579
32
68699
76
68949
73
69019
83
69210
84
69510
65
69690
32
69860
68
69901
73
70031
32
70201
65
70301
80
70471
80
70582
85
70782
78
70992
84
71212
65
71343
77
71453
69
71603
78
71673
84
71833
73
71933
32
72094
69
72234
32
72424
65
72634
32
73546
16
73736
50
74046
68
74247
65
74457
82
74587
77
74747
73
74858
32
75068
76
75168
65
75358
32
75699
83
75989
86
76190
69
76390
71
76440
76
76660
73
76730
65
77041
191
77491
8
77992
16
78122
50
78263
32
81948
65
82138
68
82288
32
82469
85
82709
78
82819
32
83049
68
83250
69
83420
84
83620
69
83780
82
83881
77
83991
73
84231
78
84341
65
84762
84
84862
79
84942
32
85162
77
85233
79
85463
77
85643
69
85723
78
85853
84
85984
79
86104
32
86234
80
86314
82
86464
73
86705
77
86775
65
86975
32
87195
68
87386
69
87486
76
87646
76
87906
219
88127
65
88277
80
88427
80
88647
85
88768
78
89018
84
89278
65
89419
77
89549
69
89649
78
89779
84
89909
79
90290
190
90390
32
90650
16
91061
80
91271
79
91462
73
91612
32
91772
77
91912
73
92042
32
92183
80
92353
73
92463
65
92663
67
92864
69
93004
82
93184
69
93274
66
93494
66
93514
69
93635
32
93795
65
94045
71
94185
71
94276
73
94476
85
94546
78
94756
71
94957
69
95107
82
95337
67
95457
73
95567
32
95688
85
95818
78
95988
32
96168
67
96399
65
96519
76
96709
69
96969
78
97100
68
97290
65
97500
82
97610
73
97761
79
97821
32
97971
69
98101
32
98432
85
98722
78
98882
65
99052
32
99213
80
99293
65
99533
71
99623
73
99874
78
99954
65
00124
32
00304
68
00495
69
00655
76
00835
76
00955
69
01105
32
01446
78
01556
79
01736
84
02017
69
02187
190
02337
32
07234
16
07424
83
07625
80
07725
69
07905
82
07975
79
08055
32
08266
83
08326
79
08526
76
08746
79
08796
32
08977
67
09077
72
09227
69
09367
32
09377
78
09548
69
09668
76
09778
32
09928
70
10118
65
10339
82
10489
69
10619
32
10789
84
10879
85
10960
84
11110
84
11340
65
11540
32
11751
81
11891
85
11981
69
12161
83
12382
84
12582
65
12772
32
12962
82
13083
79
13203
66
13463
65
13683
32
13804
77
13984
73
15746
8
16137
8
16467
78
16578
79
16658
78
16838
32
16958
77
17219
73
17279
32
17449
68
17509
73
19021
86
19221
69
19292
78
19902
84
20273
73
20383
32
20764
77
20844
65
20994
83
21234
84
21344
79
21625
68
21735
79
21885
66
22757
8
23267
78
23508
84
23598
73
23918
67
24038
79
24159
32
24399
67
24489
79
24759
77
24940
69
25080
32
80391
79
80622
85
80742
84
80902
76
81102
76
81773
8
82214
79
82364
79
82454
75
82785
16
82905
49
83165
32
83476
16
83646
73
83776
69
83957
82
84077
73
84147
32
84397
83
84577
69
84748
82
84968
65
85148
32
85359
72
85449
79
85569
32
85869
65
85990
78
86150
67
86340
72
86420
69
86570
32
86771
71
86931
73
87051
79
87171
67
87372
65
87592
84
87692
79
87782
32
88012
78
88533
8
88924
85
89064
78
89224
32
89354
80
89465
79
89625
67
89725
79
89845
32
90075
65
90266
32
90556
16
91097
77
91247
69
91738
84
91998
65
92148
76
92289
32
92439
71
92659
69
92869
65
93430
82
93761
188
93891
32
94031
77
94131
65
94352
32
94902
77
94992
73
95113
32
95303
83
95373
79
95553
78
95623
79
95764
32
95964
83
96184
84
96324
85
96605
70
96825
65
97065
84
97376
65
97586
32
97746
81
97837
85
98007
65
98217
83
98327
73
98427
32
98808
83
98888
85
99138
66
99309
73
99469
84
99559
79
99779
190
99910
32
00180
16
00370
83
00570
69
00741
78
00991
90
01211
65
01432
32
01692
80
01922
73
02043
83
02273
84
02373
79
02613
76
02694
65
02904
32
03244
84
03415
82
03655
65
03765
78
03995
81
04096
85
04196
73
04466
76
04656
76
04777
65
04927
78
05027
69
05377
8
05878
84
06098
69
06259
32
06479
68
06699
69
06900
86
07150
79
07200
32
07460
65
07520
77
07691
77
07831
65
08282
90
08412
90
08592
65
08812
82
08973
69
09093
32
09243
84
09323
85
09413
84
09573
84
09674
73
09794
32
10284
71
10355
76
10595
73
10665
32
12167
8
12347
8
12528
8
12678
8
13109
73
13239
32
13429
78
13609
69
13689
77
13900
73
14080
67
14150
73
14390
188
14511
32
14671
69
14801
32
14961
68
15151
69
15352
86
15442
79
15552
32
15702
68
15772
73
15903
82
16063
69
16193
32
16363
67
16443
72
16614
69
16754
32
16954
77
17114
73
17275
32
17955
70
18186
65
18356
32
18486
85
18626
78
18807
32
18987
80
19077
79
19267
219
19398
32
19588
83
19768
69
19838
78
19988
83
20099
79
20189
32
20349
83
20459
80
20559
65
20770
82
20960
65
21150
82
21310
69
21430
32
21661
65
21811
32
22001
81
22162
85
22242
69
22402
83
22602
84
22692
73
22802
32
22943
80
23073
79
23173
86
23373
69
23513
82
23724
65
23944
67
24104
67
24204
73
24295
32
24455
67
24525
72
24695
69
24835
32
24946
77
25116
73
25246
32
25366
73
25556
77
25687
80
25847
76
26127
79
26207
82
26398
65
26508
78
26828
79
27029
32
27319
68
27409
73
27519
32
27659
76
27740
65
27900
83
28070
67
28140
73
28290
65
28501
82
28571
76
28801
73
28891
32
29041
73
29122
78
29322
32
29823
86
29963
73
30063
84
30473
65
30614
190
30804
32
33851
16
34402
16
34432
16
34462
16
34492
16
34512
80
34732
79
34903
73
35063
32
35253
67
35333
73
35403
32
35624
83
35654
79
35864
78
35934
79
36054
32
36214
85
36234
84
36725
8
36915
8
37226
84
37326
85
37436
84
37606
84
37687
73
37827
32
37987
71
38067
76
38317
73
38398
32
38558
83
38748
67
38808
72
38958
73
39149
90
39279
90
39409
73
39509
32
39679
68
39760
73
39830
32
39980
83
40170
65
40230
78
40511
71
40641
85
40791
69
41101
188
41212
32
41502
73
41562
69
41722
82
41832
73
41933
32
42043
85
42143
78
42333
79
42794
32
43775
59
43946
32
44516
80
44637
69
44807
82
44987
83
45107
73
45328
78
45428
79
45518
32
45718
67
45918
65
46079
68
46179
85
46309
82
46329
84
47010
8
47230
8
47721
84
47811
79
47931
32
48061
73
48362
78
48462
32
48622
77
48732
65
48943
82
49113
69
49303
190
49423
32
49674
16
50084
80
50255
69
50445
78
50605
83
50755
79
50825
32
51016
67
51096
72
51246
69
51396
32
51566
68
52257
79
52438
86
52718
82
53079
192
53189
32
53389
65
53479
78
53629
68
53820
65
54040
82
54200
69
54350
32
54531
65
54721
32
54901
67
55051
79
55602
77
55722
80
55903
69
56093
82
56273
65
56504
82
56674
69
57134
8
57685
8
57715
8
57755
8
57785
8
57815
8
57856
8
57886
8
57916
8
58526
67
58727
69
58867
82
59067
67
59278
65
59488
82
59628
69
59768
32
59858
76
59989
65
60179
32
60259
80
60439
73
60559
83
60930
84
61050
79
61300
76
61391
65
61561
32
61761
67
61861
79
61981
78
62192
32
62302
73
62402
32
62592
84
62763
82
62993
65
63043
78
63303
81
63434
85
63534
73
63804
76
63994
76
64084
65
64265
78
64375
84
64515
73
64806
190
64986
32
65156
16
65326
80
65466
69
65617
82
65817
65
65957
76
66278
84
66468
82
66598
79
66728
32
66868
76
66979
65
67149
32
67239
80
67409
73
67529
83
67730
84
67800
79
68140
76
68240
65
68461
32
68711
78
68821
79
68951
84
69352
8
69753
82
69863
77
70003
65
70293
76
70424
69
70564
32
71014
78
71075
79
71185
78
71375
32
71505
72
71675
65
71866
32
71976
78
72056
69
72256
65
72336
78
72507
67
72667
72
72777
69
72987
32
73087
73
73328
76
73428
32
73698
83
74019
73
74209
76
74349
69
74680
78
74950
90
75080
73
75170
65
75411
84
75491
79
75571
82
75751
69
75901
188
75962
32
76182
69
76302
32
76873
81
76963
85
77083
69
77273
83
77514
84
77614
79
77704
32
77904
65
77974
85
78215
77
78335
69
78475
78
78565
84
78776
65
78966
32
79036
76
79196
65
79336
32
79877
68
79957
73
80098
70
80238
70
80348
73
80448
67
80588
79
80788
76
80919
84
81409
222
81780
190
