10159
16
10700
16
10720
16
10750
16
10780
16
10810
16
10850
16
10880
16
10910
16
10941
16
10971
16
11011
16
11041
16
11071
16
11101
16
11131
16
11171
16
11201
16
11231
16
11261
16
11281
73
11431
69
11581
82
11702
73
11772
32
12092
72
12202
79
12282
32
12433
80
12533
82
12693
79
13054
86
13244
65
13454
84
13544
79
13664
32
13955
65
14215
32
14416
70
14616
65
14806
82
15026
69
15147
32
15327
76
15477
65
15617
77
15958
8
16198
32
16418
77
16529
65
16779
82
16969
77
17109
69
17240
76
17430
76
17510
65
17730
84
17951
65
18151
32
18421
73
18501
32
18692
67
18762
73
18922
80
19052
79
19303
76
19453
76
19623
69
19703
188
19843
32
19933
77
20054
65
20194
32
20464
78
20524
79
20634
78
20845
32
21275
83
21345
79
21506
32
21796
77
21856
73
22036
67
22257
65
22447
32
22597
83
22768
69
22918
32
22988
59
23108
32
23298
86
23509
69
23609
78
23789
85
23869
84
24139
65
24270
190
24470
32
24720
16
24871
73
25131
76
25271
32
25461
83
25662
65
25802
80
26313
80
26363
79
27064
8
27244
8
27594
79
27735
82
27905
69
28035
32
28135
77
28245
73
28366
32
28546
80
28736
65
28936
82
29087
69
29297
86
29527
65
29677
32
29878
71
29968
73
30168
85
30268
83
30499
84
30589
79
30819
188
30979
32
31160
80
31230
69
31400
82
31700
192
31841
32
32061
67
32171
73
32291
32
33733
83
33823
79
34034
78
34114
79
34234
32
34374
85
34454
78
34625
32
34785
80
34955
65
35095
73
35165
79
35296
32
35476
68
35526
73
35656
32
35836
67
35916
79
36067
83
36247
69
36387
32
36557
67
36637
72
36768
69
36928
32
36958
77
37108
73
37218
32
37419
76
37599
65
38039
83
38250
67
38320
73
38460
65
38650
78
38851
79
38981
32
39121
80
39191
69
39341
82
39472
80
39752
76
39912
69
40092
83
40233
83
40413
65
40533
190
40663
32
40854
16
40994
73
41124
78
41284
78
41575
65
41715
78
42286
90
42967
73
43057
84
43207
85
43247
84
43487
84
43658
79
43868
32
45290
73
45510
76
45630
32
46001
67
46101
79
46311
76
46492
79
46582
82
46772
69
46892
16
47012
190
47092
32
47393
59
47503
32
47864
71
48004
73
48384
65
48515
76
48705
76
48915
79
49045
32
49206
73
49446
78
49676
86
49866
69
50077
67
50277
69
50397
32
50588
67
50668
72
50798
69
50918
32
51068
77
51138
65
51359
82
51499
82
51629
79
51739
78
52130
67
52230
73
52400
78
52520
79
52620
32
52831
67
52861
79
53081
77
53171
69
53341
32
53372
77
53542
73
53612
32
53822
65
53982
83
54052
80
54183
69
54353
84
54493
84
54703
65
54924
86
55034
79
55274
190
55394
32
55515
16
55665
80
55785
69
55975
82
56115
192
56226
32
56446
78
56506
79
56616
78
56796
32
57257
86
58078
8
58539
65
59841
86
60071
69
60221
78
60412
68
60552
79
60672
32
60822
77
60922
65
61113
73
61223
32
61673
86
61844
73
62114
83
62364
84
62445
79
62565
32
62705
85
62985
78
63166
65
63356
32
63446
77
63566
65
63766
82
63927
77
64007
69
64157
76
64347
76
64447
65
64658
84
64888
65
65058
32
65269
68
65319
73
65439
32
65589
67
65729
73
65980
80
66080
79
66300
76
66500
76
66691
69
66881
32
67061
66
67121
73
67312
65
67402
78
67762
72
67962
69
68093
32
68613
8
68804
8
68974
8
69334
67
69405
72
69555
69
69685
32
69835
80
69985
85
70396
192
70516
32
70716
65
70757
78
70967
67
71067
72
71167
69
71307
32
71437
69
71658
83
71788
83
71968
69
72128
82
72329
69
72479
190
72609
32
73150
16
73350
80
73551
79
73751
73
73891
32
73991
73
74191
76
74242
32
74372
70
74592
65
74822
84
74983
84
75073
79
75133
32
75303
67
75363
72
75553
69
75654
32
75874
73
76034
32
76495
86
76755
65
76905
83
77086
69
77246
84
77406
84
77556
73
77737
32
77907
78
77987
79
78157
78
78418
32
79088
83
79159
79
79619
78
79769
79
79860
32
80050
65
80240
78
80400
68
80571
65
80791
84
80881
73
80981
32
81442
83
81542
79
81762
84
81933
84
81963
79
82383
32
82563
86
82634
85
82724
79
82924
84
83244
79
83695
190
83905
190
84096
190
84266
32
84496
65
84546
78
84717
67
84807
72
84947
69
85107
32
85267
76
86309
221
86880
32
87160
80
87280
85
87841
192
87971
32
88192
69
88402
83
88542
83
88712
69
88893
82
89093
69
89203
16
89403
190
89493
32
89934
78
90024
79
90124
78
90335
32
90575
83
90705
79
90815
32
90996
83
91166
69
91316
32
91446
76
91546
69
91687
32
91867
77
92057
65
92678
82
92878
77
93119
69
93229
76
93409
76
93509
65
93730
84
93930
69
94070
32
94240
68
94451
69
94661
66
94811
66
95061
65
95182
78
95272
79
95382
32
95562
65
95632
78
95742
68
95943
65
96133
82
96293
69
96453
32
96624
83
96734
79
96864
84
97034
84
97094
79
97305
86
97405
85
97575
79
97825
84
97956
79
98206
188
98346
32
98977
86
99067
73
99177
83
99398
84
99508
79
99598
32
99758
67
99848
72
99979
69
00089
32
00279
78
00299
79
00459
78
00960
32
01150
83
01270
73
01371
32
01771
70
01971
65
02092
78
02292
78
02362
79
02512
32
02692
66
02773
79
02983
76
03143
76
03434
73
03554
82
03724
69
03894
32
03944
73
04084
32
04345
86
04485
65
16602
83
16793
69
16973
84
17133
84
17153
73
17273
32
17464
68
17524
79
17674
80
17784
79
17864
32
18095
67
18255
72
18365
69
18505
32
18736
83
19056
8
19326
76
19557
73
19647
32
19837
83
19917
73
20007
32
20448
59
20568
32
20768
82
20879
73
21009
69
21119
77
21369
80
21670
73
22271
84
22341
73
22922
190
23202
32
23512
16
23723
73
23863
78
24133
70
24203
73
24444
78
24544
69
24684
32
24824
83
24914
79
25165
79
25255
32
25465
82
25545
73
25846
77
25976
65
26326
8
26527
8
26707
8
26857
8
27067
8
27268
8
27718
78
27839
79
27939
32
28159
82
28229
73
28470
77
28540
65
28700
83
28920
84
29100
69
29241
32
29411
68
29611
69
29731
76
29932
76
29982
69
30142
32
30573
66
30633
79
30863
76
31043
76
31183
69
31354
188
31454
32
31604
69
31714
32
31894
81
31955
85
32095
69
32275
83
32475
84
32656
79
32786
32
32956
77
33096
73
33236
32
33707
80
33897
82
34078
69
34178
79
34398
67
34568
67
34678
85
34989
80
35159
65
35359
32
35460
85
35580
78
35780
32
35900
80
36000
79
36171
219
36631
190
36801
190
36972
190
37122
32
37352
86
37452
79
37593
82
37753
82
38103
222
38193
32
38364
68
38484
73
38584
82
38744
69
38854
32
39045
67
39095
72
39255
69
39395
32
39535
76
39626
65
39786
32
39866
77
39966
65
40206
82
40367
77
40477
69
40677
84
41038
8
41849
76
42029
76
42139
65
42410
84
42680
65
42890
32
42970
73
43081
78
43231
32
43531
85
43962
8
44182
81
45113
85
45214
69
45414
83
45634
84
45674
73
45804
79
46045
78
46125
69
46305
32
46475
68
46535
79
46706
86
46896
82
47066
69
47136
77
47287
79
47437
32
47577
77
47717
65
47857
78
47978
71
48118
73
48238
65
48458
82
48679
67
48899
69
48999
76
49119
65
49269
32
49400
83
49510
85
49730
66
49830
73
49950
84
50051
79
50321
190
51693
13
52134
16
52394
83
52414
90
53385
8
53806
80
53936
69
54096
82
54196
73
54337
65
54487
77
54647
79
54747
32
54958
67
54968
72
55248
69
55388
32
55488
80
55588
69
55739
82
55879
32
55999
76
56239
79
56340
32
56510
77
56580
69
56760
78
56970
79
57091
32
57181
73
57391
76
57451
32
57732
83
57932
65
58012
80
58252
79
58362
82
58543
69
58653
32
58843
83
58903
73
59043
65
59464
32
59714
66
59855
85
60195
79
60395
78
60776
79
61227
16
61367
49
61597
32
61727
16
62028
80
62158
69
62308
82
62468
32
62729
70
62949
65
63139
82
63250
76
63420
65
63560
188
63730
32
64091
72
64211
79
64231
73
64421
32
65032
8
65192
8
65463
32
65673
76
65743
65
65913
83
66104
67
66184
73
66324
65
66534
84
66624
79
66704
32
66875
83
67245
84
67355
85
67696
70
67886
65
68076
82
68227
69
68397
32
68507
76
68707
69
68838
32
69048
67
69308
73
69729
80
69849
79
70159
76
70360
76
70500
69
70630
32
70810
67
70880
79
71101
78
71301
32
71361
85
71541
78
71712
32
71892
80
72002
79
72172
219
72252
32
72483
68
72923
219
73254
79
73454
76
73705
73
73855
79
73975
32
74666
70
74756
73
75026
78
75227
67
75337
72
75467
69
76038
8
76428
13
76448
16
77410
8
77861
16
78071
59
78171
32
78702
78
78812
79
78882
78
79092
32
79152
72
79313
65
79713
78
79923
78
80064
79
80204
32
80484
70
80705
65
80905
84
81065
84
81135
79
81315
32
81396
76
81536
219
81726
69
82037
8
82177
65
82778
67
83338
81
83479
85
83739
65
83909
32
84210
69
84530
32
84730
83
84951
79
85391
78
85502
79
85602
32
85752
68
86132
73
86263
86
86473
69
86663
84
87114
8
87494
78
88045
84
88336
65
88596
84
88766
69
88886
32
89017
77
89107
79
89457
76
89657
76
89988
73
90228
190
90489
32
90589
16
90699
80
90919
79
91090
73
91190
32
91750
72
91841
73
91941
32
92311
8
92552
8
92962
79
93042
32
93253
65
93493
71
93643
71
93733
73
93924
85
93994
78
94164
84
94224
79
94334
32
94595
65
94805
67
95015
69
95195
84
95326
73
95406
32
95786
8
96017
8
96377
79
96507
32
96698
66
96768
73
96948
65
97048
78
97228
67
97389
79
97479
32
97639
69
97769
32
00303
90
00533
85
00743
67
00984
67
01164
72
01274
69
01454
82
01615
79
02206
188
02346
32
02516
69
02666
32
02866
72
02957
79
03047
32
03257
70
03447
65
03658
84
03818
84
03928
79
04018
32
04258
65
04349
78
04479
68
04679
65
04879
82
05050
69
05170
32
05310
70
05360
73
05560
78
05771
67
06011
72
06211
16
06402
59
06562
32
06792
76
06992
219
07193
65
07453
67
07683
81
07794
85
07894
65
08064
32
08284
78
08364
79
08525
78
08755
32
08865
59
08955
32
09326
69
09526
86
09746
65
09847
80
09937
79
10067
82
10297
65
10848
84
11108
65
11849
190
