55048
16
55138
69
55438
67
55658
67
55819
79
55889
32
56079
67
56219
72
56289
69
56490
32
56660
67
56710
73
56830
32
57010
82
57111
73
57251
83
57371
73
57481
65
57631
77
57782
79
58072
190
58192
32
58353
16
58523
65
58723
68
58943
69
59124
83
59264
83
59344
79
59544
32
59825
82
60035
65
60235
67
60396
67
60496
79
61087
78
61357
84
61617
79
61788
32
61998
76
62148
65
62349
32
62559
83
62729
79
62889
84
63140
82
63250
73
63560
8
63751
8
63921
8
64091
8
64672
84
64842
79
64943
82
65123
73
65193
65
65423
32
65874
68
65974
73
66084
32
66295
16
66475
77
66755
71
67276
83
67607
50
67977
190
68077
32
68258
16
68378
74
68848
65
69129
67
69339
75
69399
32
69870
59
69990
32
70180
85
70281
78
70461
32
70751
71
70912
73
71032
79
71142
86
71392
65
71492
78
71603
69
71773
32
71983
83
72043
79
72274
76
72344
68
72544
65
72764
84
72905
79
72995
32
73185
67
73285
72
73405
69
73566
32
73766
68
73806
79
73966
80
74106
79
74207
32
75659
85
75789
78
75969
32
77211
86
77391
73
77482
82
77952
8
78143
8
78313
8
78583
65
78713
76
78924
76
79264
69
79424
78
79545
65
79675
77
79805
69
79915
78
80005
84
80196
79
80296
32
80486
86
80586
73
80716
82
80867
84
80957
85
81578
65
81858
76
81968
69
82079
32
82509
86
82559
73
82760
69
82860
78
82950
69
83070
32
83250
77
83381
65
83691
78
83821
68
84031
65
84252
84
84432
79
84622
32
85313
73
85544
78
85744
32
85814
85
85964
78
86255
65
86535
32
86655
77
86916
73
87066
83
87216
83
87316
73
87457
79
87717
78
87807
69
87998
32
88298
77
88378
79
88598
76
88799
84
88919
79
89049
32
89169
80
89259
69
89410
82
89630
83
90231
8
91162
73
91373
67
91423
79
91643
76
91873
79
92004
83
92264
65
93255
16
93466
190
93626
32
93816
68
94007
69
94187
86
94417
69
94608
32
97081
83
97272
65
97382
76
97542
86
97752
65
97943
82
98103
69
98273
32
98393
73
98614
76
98714
32
99074
80
99174
82
99335
69
99525
83
99635
73
99685
68
99835
69
99966
78
00036
84
00216
69
00346
32
00506
68
00687
69
00857
71
00977
76
01188
73
01238
32
01428
83
01618
84
01829
65
02049
84
02179
73
02269
32
02399
85
02500
78
02680
73
02860
84
02980
73
03090
32
03741
69
03932
32
04052
80
04132
79
04262
83
04402
83
04503
73
04713
66
04783
73
05003
76
05224
77
05354
69
05464
78
05574
84
05785
69
05935
32
06035
76
06195
219
06506
73
06736
78
06916
84
07127
69
07297
82
07547
65
07788
32
08008
69
08248
65
08398
83
08599
84
08739
32
08929
67
09059
79
09170
65
09330
83
09570
84
09730
32
09951
83
10151
84
10361
65
10552
84
10672
85
10802
78
10932
73
11123
84
11333
69
11433
78
11543
84
11734
69
11874
32
12595
8
12765
8
12925
8
13166
83
13366
69
13476
32
13807
68
13997
65
14147
32
14267
85
14327
78
14508
32
14708
71
14928
82
15059
85
15329
80
15539
80
15700
79
15820
32
16000
68
16110
73
16220
32
16861
84
17062
69
17232
82
17372
82
17412
79
17582
82
17753
73
17863
83
18083
84
18263
73
18364
32
18574
67
18764
72
18864
69
19035
32
19145
72
19265
65
19425
32
19575
80
19796
82
19956
69
20156
83
20226
79
20377
32
20507
80
20607
79
20667
83
20827
83
21048
69
21248
83
21408
83
21498
79
21609
32
21839
68
21939
73
22059
32
22189
85
22470
78
22610
65
22770
32
22951
80
23091
73
23211
65
23752
84
23922
84
24162
65
24383
70
24563
82
24673
79
25014
77
25314
8
25494
8
25665
8
26075
79
26195
82
26386
77
26486
65
26686
32
26897
67
27087
72
27207
73
27558
65
27718
77
27858
65
28359
84
28639
65
28809
32
29030
66
29140
73
29240
71
29370
32
29541
83
29741
72
29821
69
30031
76
30202
76
30292
32
30442
69
30652
32
30762
77
30933
73
31143
78
31253
65
31804
67
31934
67
32104
73
32205
65
32365
32
32615
68
32705
73
32826
32
32986
70
33186
65
33386
82
33497
76
33617
65
33767
32
33967
83
34148
65
34298
76
34668
84
34949
65
35189
82
35349
69
35490
32
35620
73
35870
78
35960
32
36131
65
36351
82
36481
73
36581
65
36822
190
37002
32
37443
16
37723
74
38033
65
38324
67
38564
75
39135
188
39245
32
39416
67
39496
72
39636
69
39776
32
39886
70
40137
65
40277
32
40447
80
40507
65
40687
82
40858
84
41048
69
41178
32
41338
68
41509
69
41619
76
41679
32
42040
71
42250
82
42370
85
42721
80
42901
80
42981
79
43151
32
43512
70
43622
79
43922
88
44183
72
44273
79
44493
85
44593
78
45164
68
45264
32
45405
16
45525
56
45745
85
45976
78
46066
65
46246
32
46416
83
46526
80
46606
69
46857
67
47037
73
47718
69
47858
32
48019
68
48099
73
48179
32
49220
71
49431
82
49531
85
49821
80
50042
80
50122
79
50232
32
50462
77
50482
73
50723
76
50933
73
51023
84
51314
65
51874
82
52055
69
52976
32
54218
78
54298
79
54408
78
54929
32
55430
85
55680
70
55840
70
56812
73
57012
67
57203
73
57323
65
57543
76
57723
69
58014
16
58404
57
58545
32
58835
67
58975
72
59135
69
59306
32
60538
8
61118
8
61319
8
61509
8
61950
8
62320
188
62481
32
66206
83
66366
73
66487
32
66657
84
66837
82
66937
79
67047
86
67278
65
67448
32
67598
83
67688
85
67949
76
68099
76
68309
76
68410
65
68590
32
68860
8
69051
8
69211
8
69361
65
69511
32
69661
80
69922
73
70022
65
70252
84
70393
84
70633
65
70813
70
71003
82
71304
8
71544
79
71675
82
71935
65
72516
8
72796
77
72936
65
73147
32
73317
68
73427
73
73507
32
73688
78
73788
65
73938
83
74128
67
74258
79
74349
83
74669
84
74799
79
75090
190
75230
32
75420
16
75560
67
75791
79
75921
78
76111
32
76782
73
76872
32
77053
83
77093
85
77363
79
77503
73
77573
32
77714
83
77904
84
78084
69
78275
83
78415
83
78545
73
78655
32
78825
79
79096
66
79306
73
79446
69
79647
84
79807
84
79917
73
80057
86
80197
73
80318
32
80458
86
80538
73
80698
69
80838
78
80868
69
80969
32
81990
77
82130
65
82271
78
82361
68
82551
65
82761
84
82972
65
83132
32
83302
83
83382
85
83833
76
84023
76
84173
65
84354
32
84474
80
84724
73
84834
65
85065
84
85205
84
85455
65
85666
70
85836
82
86397
8
86627
79
86757
82
87018
77
87138
65
87388
32
87729
81
88069
8
88330
85
88570
78
88710
65
88911
32
89101
83
89341
81
89462
85
89562
65
89742
68
89932
82
90133
65
90293
32
90453
68
90643
69
90753
76
90954
76
91054
65
91184
32
91344
77
91495
65
92436
82
92566
73
92797
78
92947
65
93107
188
93217
32
93397
67
93458
72
93618
69
93748
32
93888
80
93958
69
94129
82
94439
192
94519
32
94729
86
94820
73
94980
69
95090
78
95170
69
95280
32
95501
83
95731
84
95921
69
96072
82
96112
77
96232
73
96412
78
96743
65
96953
84
97203
65
97374
32
97534
68
97744
65
97844
32
98055
85
98225
78
99357
32
99507
77
99647
73
99747
83
99977
84
00158
69
00328
82
00398
73
00508
79
00859
83
00949
79
01079
32
01289
73
01570
78
01900
70
02682
8
03062
68
03212
73
03753
86
03913
73
03984
68
04244
85
04544
79
04805
188
04995
32
05175
16
05436
86
05686
65
05816
77
05947
80
06197
188
06317
32
06517
67
06618
72
06758
69
06888
32
07098
83
07269
85
07869
67
08020
67
08090
72
08200
73
08310
65
08500
32
08601
73
08841
76
08911
32
09101
83
09312
65
09372
78
09562
71
09712
85
09822
69
09983
32
10343
68
10574
69
10684
76
10844
76
10914
69
11054
32
11285
83
11355
85
11475
69
11615
32
11795
86
11976
73
12176
84
12336
84
12446
73
12767
77
12827
69
13027
32
13107
16
13328
56
13778
85
13909
78
14099
32
14259
80
14339
79
14500
219
14760
32
14900
73
15130
78
15391
86
15621
65
15791
83
15962
65
16172
84
16252
79
16483
188
16573
32
16733
69
16983
72
17063
16
17274
219
17614
57
17965
190
18105
32
18355
16
18516
83
18736
69
18876
77
19327
66
19427
82
19667
65
20318
32
20519
69
20719
83
20859
83
21029
69
21180
82
21400
67
21570
73
21781
32
21961
85
22041
78
22231
32
22401
85
22512
78
22662
73
22912
67
23022
79
23133
32
23293
83
23343
85
23613
80
23703
69
23854
82
24074
83
24264
84
24354
73
24465
84
25066
69
25346
188
26077
32
26167
85
26388
78
26588
32
26868
84
27149
65
27309
76
27429
32
27619
67
27770
79
28681
8
28901
8
29242
16
29402
80
29602
76
29833
73
30103
83
30243
75
30514
73
30674
78
30985
190
31155
32
31535
16
31706
65
31876
32
32026
81
32126
85
32246
69
32407
83
32607
84
32687
79
32777
32
32917
80
33048
85
33248
78
33458
84
33548
79
33979
32
34169
16
34360
74
34730
65
34981
67
35201
75
35411
188
35531
32
35682
73
35882
76
35942
32
36142
67
36253
85
36393
73
36543
32
36733
78
36823
79
37034
77
37134
69
37314
32
37334
73
37554
78
37655
32
37935
67
38015
79
38155
68
38346
73
38516
67
38706
69
38846
32
39317
59
39437
32
39568
16
39688
82
39908
65
40008
73
40108
68
40389
69
40539
78
40870
188
41000
32
46688
59
46819
32
48852
83
48942
79
49172
76
49392
79
50164
16
50374
190
50614
32
51005
73
51245
76
51335
32
51576
83
51846
85
51916
79
52207
32
52427
67
52657
65
52738
80
52948
79
53058
32
53218
71
53308
76
53529
73
53619
32
53809
67
53909
72
53999
73
54120
69
54320
68
54510
69
54640
32
54831
68
54921
73
55061
32
55432
68
55662
65
55842
82
56013
69
56173
32
56393
76
56493
65
56643
32
56764
80
56924
82
57034
73
57154
79
57294
82
57465
73
57625
84
58166
222
58346
32
58576
65
58717
76
58817
32
58977
68
59057
73
59177
83
59318
73
59528
78
59688
78
59758
69
59958
83
60099
67
60179
79
60279
32
60409
68
60569
69
60640
76
60820
76
60880
69
61040
32
61391
66
61491
79
61621
77
61942
66
62132
69
62292
32
62502
80
62633
69
62773
82
62963
67
63053
72
63414
16
63634
59
63744
32
64165
59
64285
32
64856
77
64986
69
65176
71
65257
76
65567
73
65677
79
65787
32
65938
80
66028
69
66198
82
66428
68
66609
69
66759
82
66929
69
67049
32
67179
73
67410
76
67510
32
67680
80
67740
82
67901
69
68101
83
68201
73
68251
68
68431
69
68491
78
68602
84
68782
69
68932
32
69092
67
69193
72
69333
69
69463
32
69583
76
70004
219
70605
73
70975
78
71145
84
71336
69
71466
82
71696
65
71837
32
72097
67
72217
79
72377
83
72768
84
73008
65
73169
32
73269
69
73539
83
73709
69
74280
8
74521
84
74671
32
74851
68
75021
69
75272
72
75552
8
75682
71
75843
76
76063
73
76243
32
76744
85
76834
83
77044
65
77195
190
