20885
16
21265
79
21806
8
22307
16
22667
16
22818
73
23088
78
23759
32
23990
81
24180
85
24250
69
24460
83
24661
84
24751
73
24851
32
25031
71
25172
73
25292
79
25452
82
25682
78
25823
73
25933
32
26143
72
26273
79
26333
32
26674
67
26744
79
26944
77
27145
73
27245
78
27696
67
27836
73
27966
65
28487
84
28577
79
29258
32
29519
65
29719
32
30330
71
30480
73
30600
79
30731
67
30951
65
31191
82
31362
69
31512
32
31722
65
31943
68
32153
32
32333
16
32634
73
32864
67
32964
79
33205
188
33325
32
33505
73
33715
76
33846
32
34046
71
34126
73
34226
79
34427
67
34537
79
34637
32
34797
80
34877
69
35048
82
35168
32
35328
80
35448
83
35699
50
35849
32
36039
67
36119
72
36250
69
36430
32
36500
77
36610
73
36730
32
36851
72
36961
65
37161
32
37492
82
37662
69
39445
71
40136
65
40376
76
40496
65
40747
84
40877
79
40987
32
41348
68
41568
65
41718
78
41799
73
41959
69
42119
76
42219
69
42380
190
42520
32
43521
16
44062
16
44102
16
44132
16
44162
16
44203
16
44233
16
44263
16
44293
16
44333
16
44363
16
44393
16
44423
73
44844
78
45555
8
46096
67
46286
79
46396
32
46586
59
46707
32
46927
85
47217
78
47438
32
47848
66
48019
65
48219
77
48520
66
48600
73
48780
78
48890
79
49000
32
49231
67
49291
72
49451
69
51234
32
51464
80
51564
69
51725
82
51885
32
52155
85
52246
65
52416
32
52596
83
52817
86
53047
69
53127
78
53297
84
53407
85
53838
82
54099
65
54359
32
54479
59
54609
32
54770
78
54870
65
55110
84
55200
79
55301
32
55481
67
55551
79
55681
78
55871
32
56032
76
56102
69
56252
32
56462
67
56583
79
56683
82
56953
78
57114
65
57294
190
57424
32
57544
16
57674
78
57925
69
57995
76
58115
32
58336
83
58436
85
58536
79
58706
32
58876
86
58946
73
59167
76
59327
76
59447
65
61110
71
61270
71
61360
73
61531
79
61681
32
61921
73
62232
32
62422
66
62632
65
62773
77
62973
66
63073
73
63183
78
63304
73
63414
32
64696
67
64796
79
64946
78
65117
32
65257
76
65357
69
65467
32
65808
79
65938
82
66148
78
66318
65
66649
8
66869
8
67010
8
67180
8
67701
67
67831
79
68001
82
68151
78
68272
65
68432
32
68612
83
68692
79
68903
78
68983
79
69083
32
70175
67
70295
79
70846
78
71166
83
71267
73
71407
68
71587
69
71767
82
71958
65
72168
84
72258
73
72368
32
72489
85
72749
78
72839
65
73039
32
73210
77
73350
65
73500
76
73610
69
73811
68
73861
73
74161
90
74241
73
74352
79
74612
78
74672
69
74882
32
75113
69
75123
87
75223
32
76004
8
76175
8
76325
32
76725
86
76936
69
77006
78
77166
71
77296
79
77487
78
77577
79
77677
32
77827
80
77917
69
78078
82
78288
84
78518
65
78608
78
78739
84
78869
79
78969
32
79109
82
79280
73
79500
78
79680
67
79901
72
80011
73
80221
85
80331
83
80502
73
80582
32
80822
86
80922
73
81032
86
81183
73
81323
32
81543
65
81613
76
81804
76
82004
219
82224
73
82365
78
82625
84
82835
69
83026
82
83126
78
83316
79
83516
32
83707
68
83797
73
83897
32
84228
83
84468
84
84638
82
84879
65
84999
78
85099
69
85259
32
85359
85
85500
82
85680
78
85830
69
85980
32
87202
73
87463
78
87603
32
87763
85
87994
78
88164
32
88434
67
88625
65
88785
83
89035
84
89216
69
89296
76
89486
76
89687
79
89947
78
90488
8
91139
32
91279
77
91520
73
91610
83
91840
84
92040
69
92201
82
92281
73
92391
79
92661
83
92752
79
93002
190
93152
32
93593
16
94144
16
94174
16
94214
16
94244
16
94274
16
94314
16
94344
16
94374
16
94404
16
94444
16
94474
16
94504
16
94514
77
94765
73
94915
82
95145
65
95366
67
95436
79
95656
76
95847
79
95927
83
96147
65
96237
77
96367
69
96478
78
96568
84
96778
69
96938
32
97389
16
97680
73
97880
67
97990
79
98090
32
98270
82
98401
73
98501
69
98691
83
98871
67
99072
69
99202
32
99392
65
99583
68
99713
32
99893
85
00013
83
00224
67
00394
73
00484
82
00704
65
00865
32
01105
68
01305
65
01426
76
01616
76
01766
65
01987
32
02157
83
02247
85
02367
65
02527
32
02698
85
02788
82
02968
78
03078
65
03269
188
03419
32
03920
69
04090
32
05873
73
06123
78
06314
84
06484
82
06734
65
06864
80
06965
82
07145
69
07265
78
07355
68
07516
69
07666
32
07856
81
07896
85
07976
73
08217
78
08387
68
08577
73
08677
32
08818
85
08898
78
09088
32
09238
80
09339
69
09499
82
09549
73
09789
71
10911
76
11182
73
11262
79
11442
83
11552
79
11672
32
12243
86
12323
73
12474
65
12714
71
12864
71
12944
73
13035
79
13145
32
14086
78
14196
69
14427
32
14998
8
15438
76
15559
32
15749
84
15939
69
16039
78
16150
84
16350
65
16570
84
16680
73
16891
86
16961
79
17101
32
17301
68
17412
73
17502
32
17662
83
17862
67
18053
65
18143
80
18333
80
18393
65
18854
82
19034
69
19175
32
19365
65
19445
78
19575
67
19715
72
19775
69
19896
32
20056
68
20266
65
20376
76
20437
32
20617
67
20797
65
20947
83
21148
84
21318
69
21378
76
21568
76
21759
79
21999
190
22139
32
23832
16
24213
81
24433
85
24573
65
24764
83
24854
73
24964
32
25154
83
25244
85
25405
66
25515
73
25675
84
25855
79
26016
32
26196
73
26416
78
27007
67
27077
79
27328
78
27418
84
27548
82
27799
65
27999
32
31274
85
32055
78
32236
65
33047
32
33328
69
33538
84
33728
69
33878
82
34069
69
34600
65
34820
32
35030
70
35451
65
35711
78
35922
67
36052
73
36232
85
36493
76
36653
76
36773
65
37034
32
39017
82
43524
73
43775
78
43975
67
44205
72
44295
73
44516
85
44596
83
44776
65
44946
32
45027
73
45237
78
45367
32
45517
85
45728
78
45838
65
46028
32
46118
71
46259
65
46369
66
46579
66
46639
73
46799
65
47040
188
47200
32
47781
69
47961
32
49824
82
49925
73
50045
69
50235
83
50435
67
50616
69
50726
32
50896
65
51046
32
51167
76
51427
73
51477
66
51677
69
51828
82
52028
65
52228
82
52338
76
52569
190
52749
65
52939
32
53230
8
53410
8
53581
8
53691
65
54071
190
54202
32
54352
16
54482
76
54602
65
54742
32
54933
70
55163
65
55273
78
55413
67
55534
73
55714
85
55954
76
56125
76
56215
65
56465
32
56686
80
56836
65
57026
82
57136
76
57236
65
57417
32
57507
85
57757
78
57867
65
58128
32
58418
76
58679
73
58819
78
58989
71
59079
85
59230
65
59440
32
59560
77
59801
73
59901
83
60111
84
60291
69
60462
82
60542
73
60662
79
60822
83
61033
65
61153
188
61313
32
61503
77
61614
65
61784
32
62034
67
62185
73
62325
79
62465
78
62605
79
62705
78
62866
79
62986
83
63196
84
63417
65
63527
78
63667
84
63837
69
64007
32
64198
83
64398
69
64468
77
64709
66
64779
82
64989
65
65169
32
66351
73
66692
78
66942
84
67143
69
67263
78
67533
90
67603
73
67703
79
67924
78
68064
65
68294
84
68875
65
69076
32
69266
65
69406
32
69827
83
70027
69
70238
71
70358
85
70448
73
70568
82
70748
69
70919
32
71059
16
71239
73
71480
67
71650
79
74024
32
74184
80
74314
69
74495
82
74625
32
74795
83
74975
67
75166
65
75306
80
75436
80
75516
65
75707
82
75857
69
76007
32
76157
68
76358
65
76478
76
76598
32
76928
67
77159
65
77309
83
77529
84
77710
69
77790
76
77970
76
78161
79
78401
190
78561
32
78721
16
79002
81
79302
85
79453
65
79623
83
79723
73
79793
32
79963
83
80044
85
80234
66
80334
73
80484
84
80614
79
80695
32
80985
16
81205
73
81386
67
81526
79
81586
32
81756
83
82117
67
82648
79
83259
80
83349
82
83539
69
83700
32
84421
67
84581
72
84691
69
84871
32
85402
68
85613
69
86294
76
86484
76
86534
69
86734
32
86975
67
87215
82
87586
69
87816
65
88037
84
88187
85
88357
82
88557
69
88708
32
88918
68
89369
219
89639
79
89940
77
90210
66
90300
82
90551
65
90741
32
90931
67
91122
69
91282
82
91482
67
91683
65
91783
78
91883
79
92053
32
92243
68
92324
73
92404
32
92945
82
93125
69
93495
8
93646
65
93826
80
94417
73
94667
82
94888
69
95028
32
95208
76
95288
65
95469
32
96500
70
96741
65
96921
78
97682
67
98013
73
98203
85
98454
76
98634
76
98824
65
99044
188
99245
32
99435
77
99575
65
99776
32
00026
70
00146
79
00256
82
00447
84
00537
85
00797
78
00928
65
01168
84
01368
65
01508
77
01669
69
01879
78
01979
84
02230
69
02390
32
02580
67
02670
79
02811
78
03001
32
03121
76
03291
219
03432
65
03572
85
03712
68
04133
8
04303
83
04403
73
04624
76
04874
73
04894
75
05114
79
05174
32
05655
8
05826
8
05986
8
06396
79
06537
32
06887
68
07017
73
07108
32
07238
85
07458
78
07588
32
07719
66
07809
65
07989
83
08229
84
08300
79
08570
78
08670
69
08830
32
08991
82
09131
73
09181
69
09381
83
09582
67
09792
69
09912
32
10123
65
10263
32
10423
83
10623
67
10814
65
11014
67
11154
67
11274
73
11405
65
11925
82
12326
76
12486
69
12566
190
12767
32
13097
16
13638
16
13678
16
13708
16
13738
16
13778
16
13839
16
13849
16
13869
16
13909
16
13939
16
13969
16
14009
16
14039
16
14069
16
14109
16
14139
16
14169
16
14209
16
14239
16
14269
16
14299
16
14339
16
14369
16
14399
16
14440
16
14470
16
14500
16
14540
16
14570
16
14600
16
14630
16
14670
16
14700
16
14730
16
14770
16
14800
16
14830
16
14870
16
14900
16
14930
16
14970
16
15000
16
15031
16
15061
16
15101
16
15131
16
15161
16
15201
16
15231
16
15261
16
15301
16
15331
16
15361
16
15401
16
15431
16
15461
16
15491
16
15531
16
15561
16
15591
16
15631
16
15662
16
15692
16
15732
16
15762
16
15792
16
15832
16
15862
16
15922
16
15932
16
15962
16
15992
16
16022
16
16062
16
16092
16
16122
16
16162
16
16192
16
16222
16
16252
16
16293
16
16323
16
16353
16
16393
16
16423
16
16453
16
16493
16
16523
16
16553
16
16593
16
16623
16
16653
16
16663
68
16904
79
17124
80
17274
79
17374
32
17905
77
18126
79
18326
76
18426
84
18616
69
18757
32
18977
80
19067
69
19227
82
19338
73
19528
80
19658
69
19979
90
20079
73
20359
69
20570
188
20690
32
20900
16
21010
73
21201
67
21341
79
21401
32
21651
69
21922
32
22152
76
22292
65
22463
32
24977
82
25227
65
25307
71
25437
65
25648
90
26579
90
26780
65
26950
32
27190
82
27391
65
27581
71
27741
71
27831
73
28002
85
28092
78
28272
71
28342
79
28452
78
28563
79
28683
32
28833
76
28983
219
29214
73
29334
78
29674
71
29875
82
30035
69
30245
83
30396
83
30706
79
30806
32
30966
68
31127
69
31237
76
31327
32
31638
67
31848
65
31998
83
32198
84
32359
69
32449
76
32619
76
32839
79
33050
188
33140
32
33300
77
33390
65
33601
32
33711
80
33831
82
33951
79
34051
80
34192
82
34312
73
34382
79
34492
32
34763
81
34883
85
34993
65
35163
78
35283
68
35414
79
35524
32
35664
76
35744
65
35894
32
36065
83
36235
65
36325
76
36465
86
36656
69
36946
90
37106
90
37277
65
37497
32
37928
83
38118
69
38238
77
38459
66
38549
82
38749
65
38919
32
39120
65
39300
32
39380
80
39490
79
39621
82
39791
84
40021
65
40232
84
40432
65
40642
32
40832
68
40923
73
41043
32
41223
77
41373
65
41514
78
41594
68
41824
79
42024
32
42335
8
42515
8
42665
8
43036
79
43176
32
43327
76
43407
69
43547
32
43647
80
43877
79
43938
82
44108
84
44288
69
44458
32
44619
68
44799
69
45901
76
46021
32
46221
80
46341
65
46482
76
46592
65
46792
90
46942
90
47073
79
47243
32
47694
83
47794
73
47904
32
48475
67
48775
72
48876
73
49256
85
49667
68
49777
79
50088
79
50218
32
50468
68
50658
73
51340
78
51510
65
51630
78
51780
90
51911
73
52021
32
52221
65
52401
32
52501
76
52722
79
52932
82
53102
79
53323
190
