83106
16
83356
69
83566
67
83717
67
83857
79
83997
77
84267
73
84358
32
85019
81
85189
85
85259
73
85409
32
85960
80
86060
69
86220
82
86361
32
86471
76
86581
65
86741
32
86952
84
87142
69
87292
82
87602
90
87783
65
87933
32
88133
86
88203
79
88414
76
88514
84
88754
65
89155
190
89275
32
89495
16
89636
80
89776
82
89896
79
89996
83
90176
69
90407
71
90557
85
90747
79
90887
32
91058
67
91138
79
91308
78
91508
32
91599
76
91759
65
91929
32
92600
84
92810
82
93121
65
93481
77
93602
65
93772
32
93932
68
94002
73
94082
32
94313
16
94423
77
95054
71
95394
83
95675
50
95845
32
96075
65
96366
78
96596
67
96786
72
96826
69
97357
32
97568
83
97768
69
97918
32
00011
78
00131
79
00191
78
00392
32
00592
76
00692
20
00702
65
01143
8
01694
8
02355
82
02705
8
03126
20
03567
82
04037
73
04167
67
04318
79
04438
82
04658
68
04768
79
04889
32
05079
68
05199
79
05740
86
05950
69
06641
32
06821
69
06982
82
07262
65
07553
86
07693
65
07973
77
08143
79
08314
32
08514
82
08574
73
08804
77
08905
65
09065
83
09285
84
09375
73
09786
190
10777
32
13512
16
14042
16
14072
16
14112
16
14143
16
14173
16
14203
16
14233
16
14263
16
14303
16
14333
16
14363
16
14393
16
14423
16
14463
16
14493
16
14523
16
14553
16
14583
16
14613
82
15384
65
15585
73
16146
68
16386
69
16496
78
16666
32
16887
59
17097
32
17257
73
17417
78
17628
70
17718
73
17948
76
18078
84
18229
82
18459
65
18649
84
18850
79
18940
32
19120
83
19190
85
19451
76
19651
76
19811
65
20011
32
20472
66
20612
73
20722
71
20913
32
21113
83
21183
72
21333
69
21484
76
21684
76
22034
188
22195
32
22375
67
22475
79
22635
78
22816
32
22896
76
23126
79
23216
32
23396
83
23577
67
23647
79
23837
80
23897
79
24017
32
24168
68
24258
73
24348
32
24769
83
24949
65
25029
76
25199
86
25430
65
25640
82
25790
69
25910
32
26030
73
26241
76
26331
32
26541
80
26661
82
26822
69
27012
83
27112
73
27182
68
27352
69
27443
78
27583
84
27763
69
27943
32
28174
68
28344
69
28534
71
28634
76
28885
73
28925
32
29105
83
29315
84
29516
65
29726
84
29826
73
29906
32
30056
85
30147
78
30287
73
30377
84
30527
73
30597
32
30938
84
31138
69
31268
78
31539
85
31659
84
31799
79
31919
32
32060
73
32120
78
32300
32
32360
79
32550
83
32791
84
33021
65
33241
71
33371
71
33512
73
33612
79
34053
190
34173
32
37408
16
37588
77
37848
69
38079
78
38279
84
38459
82
38619
69
38750
32
39000
67
39210
69
39391
82
39591
67
39791
65
39941
32
40112
68
40242
73
40272
32
40442
82
40632
65
40843
71
40993
71
41113
73
41364
85
41504
78
41714
71
41924
69
42075
82
42225
69
42365
32
42766
73
42996
76
43146
32
43286
80
43397
82
43547
69
43747
83
43877
73
44028
68
44218
69
44388
78
44498
84
44729
69
44869
188
45009
32
45189
83
45710
67
45820
79
46001
80
46151
82
46331
69
46391
32
46962
68
47182
69
47252
76
47423
76
47723
219
47913
69
48094
83
48244
73
48354
83
48594
84
48765
69
48875
78
49356
90
49576
65
49756
32
49926
68
50047
73
50117
32
50287
68
50377
73
50507
69
50828
8
50998
8
51339
85
51429
69
51609
32
51709
77
51859
69
51950
77
52230
66
52360
82
52580
73
52771
32
53001
68
53181
69
53282
76
53382
32
53562
71
53792
82
53912
85
54183
79
54744
8
55134
80
55355
80
55495
79
55675
32
55845
68
55966
73
56046
32
56406
84
56617
69
56787
82
56927
82
56957
79
57117
82
57237
73
57388
83
57929
84
58019
73
58399
16
58539
190
58640
32
58810
16
58920
86
59120
65
59190
77
59351
80
59441
32
59591
69
59711
32
59831
16
59942
70
60102
79
60182
82
60362
84
60442
85
60673
78
60773
69
60943
190
61093
32
61504
16
61714
73
61864
76
61975
32
62135
80
62205
82
62405
73
62525
77
62636
79
62806
32
64829
59
64979
32
65230
85
65650
78
66041
65
66191
32
66351
83
66501
80
66531
69
66742
67
66922
73
67112
69
67233
32
67413
68
67533
73
67613
32
67994
86
68204
65
68294
77
68575
80
68855
73
69316
84
69606
8
69776
82
69887
79
70107
188
70237
32
70377
78
70497
69
70648
76
70728
32
70898
83
71118
69
71319
78
71449
83
71579
79
71669
32
71850
67
72000
72
72070
69
72250
32
72731
83
72911
85
73202
67
73342
67
73452
72
73552
73
73652
65
73863
32
73953
73
74173
76
74233
32
74423
83
74614
65
74674
78
74894
71
75084
85
75235
69
75355
32
75545
68
75725
69
75856
76
76036
76
76126
69
76236
32
76466
83
76627
85
76747
69
76927
32
77117
86
77218
73
77378
84
77538
84
77608
73
77899
77
78079
69
79862
188
79992
32
80202
69
80473
68
80693
32
80863
59
80963
32
81144
65
81424
66
81544
73
81784
76
82005
73
82095
83
82235
83
82355
73
82536
77
82616
79
82736
32
82936
67
83016
79
83147
78
83327
32
83417
73
83547
32
83858
67
83958
79
84198
76
84519
84
84709
69
84809
76
84979
76
85200
73
85440
190
85600
32
85881
16
86081
76
86191
65
86331
32
86502
83
86962
67
87273
8
87393
69
87603
67
87703
79
87924
78
88004
68
88214
65
88475
32
88805
59
88975
32
90788
80
90918
69
91089
82
91269
83
91439
69
91639
71
91860
85
91920
73
92080
84
92300
65
92601
84
92911
65
93122
32
93332
68
93512
65
93672
32
93763
85
94003
78
94123
65
94273
32
94444
83
94564
80
94634
69
94854
67
94984
73
95085
69
95235
32
95375
68
95495
73
95555
32
95756
77
95836
65
96026
76
96106
69
96356
68
96457
73
96627
90
96807
73
96937
79
97338
78
97638
69
97799
32
97989
67
98129
72
98219
69
98299
32
98500
70
98710
65
98880
32
99041
83
99461
221
99571
32
99762
67
99912
72
00012
69
00152
32
00302
84
00373
85
00493
84
00623
84
00703
73
00823
32
00963
73
01023
32
01354
80
01594
82
01945
79
02155
73
02305
69
02486
84
02616
84
02696
73
02966
76
03347
73
03537
32
04549
83
04679
73
04749
32
04899
68
05060
69
05240
70
05330
76
05460
69
05650
84
05781
84
06011
65
06081
78
06251
79
06372
32
06552
68
06902
65
07393
86
07603
65
07764
78
07924
84
08014
73
08154
32
08365
65
08505
32
08625
76
08745
69
08905
73
09286
32
09506
67
09576
79
09817
83
10127
221
10197
32
10638
68
10848
65
10948
32
11189
78
11299
79
11359
78
11559
32
11680
80
11770
79
12220
84
12421
69
12581
82
12711
76
12831
65
12982
32
13192
67
13462
79
13773
76
14103
80
14364
73
14554
82
14734
69
14854
190
15005
32
15385
16
15696
81
15936
85
16026
69
16186
83
16367
84
16467
73
16567
32
16717
68
16787
85
16887
69
17118
70
17548
8
17679
32
17829
70
18049
65
18149
78
18320
78
18540
79
18670
32
19081
70
19221
85
19301
79
19441
82
19571
73
19652
32
19802
73
20012
76
20112
32
20293
84
20463
69
20673
65
20763
77
20883
32
20984
68
21154
69
21254
76
21444
76
21595
65
21775
32
21935
77
22105
65
22556
82
22646
73
22886
78
22997
65
23177
32
23267
73
23487
78
23588
67
23798
65
23988
82
24128
73
24208
67
24439
65
24729
84
24899
79
24970
32
25601
68
25761
73
25891
32
26262
83
26442
65
26552
76
26712
86
26943
65
27123
82
27283
69
27423
32
27523
73
27734
76
28144
32
28395
80
28926
82
29126
69
29316
83
29456
73
29526
68
29697
69
29817
78
29937
84
30157
69
30288
190
30408
32
30638
16
30979
80
31129
69
31299
82
31900
192
32020
32
32261
65
32441
32
32711
82
32972
65
33142
73
33312
68
33502
69
33643
78
33753
32
34244
86
34324
73
34474
69
34594
78
34664
69
34814
32
34965
68
35145
69
35325
84
35465
84
35536
79
35616
32
35796
67
35896
72
36026
69
36146
32
36357
67
36437
219
36677
59
36797
32
36968
85
37228
32
37248
78
37849
32
38049
65
38480
8
38640
8
38820
8
39251
8
39562
78
39732
32
39952
65
40072
76
40223
84
40393
82
40503
79
40563
32
42236
79
42576
66
42656
73
42806
69
43027
84
43177
84
43267
73
43578
86
43738
79
44329
32
47103
80
47333
73
47654
191
47784
32
48034
73
48205
77
48355
80
48465
79
48585
82
48725
84
48966
65
49136
78
49186
84
49416
69
49537
16
49697
190
49767
32
49967
68
50057
73
50158
83
50548
73
50909
78
51089
78
51259
69
51550
83
52090
67
52291
65
52451
32
52822
8
52932
82
53102
69
53262
32
53473
76
53553
69
53703
32
53983
66
54073
79
54214
77
54434
66
54644
69
54775
32
54935
67
55005
72
55165
69
55295
32
55416
73
55636
76
55706
32
55836
84
56046
69
56197
82
56507
90
56647
79
56788
32
56928
77
57028
69
57168
77
57419
66
57529
82
57689
79
57749
32
57909
68
57999
73
58090
32
58270
68
58510
69
58710
65
58891
68
59031
32
59171
67
59371
69
59432
76
59612
76
59842
188
59972
32
64229
70
64479
65
64710
84
64870
77
65050
65
65220
78
65561
188
65681
32
65941
72
66833
65
67013
32
67093
77
67223
69
67404
83
67544
83
67714
79
67794
32
67964
73
68185
78
68335
32
68686
71
68836
73
69367
82
69487
79
69627
32
69737
80
70038
69
70198
82
70398
32
72031
73
72141
32
72371
86
72601
65
72782
82
72882
73
72922
32
73092
69
73272
68
73373
73
73473
70
73603
73
73693
67
73843
73
74154
190
74284
32
74474
16
74634
65
74805
32
75045
81
75165
85
75285
69
75456
83
75646
84
75736
79
75826
32
75977
83
76197
67
76267
79
76397
80
76517
79
76688
32
77539
82
77759
65
77859
73
77949
68
78130
69
78230
78
78300
32
78480
67
78590
79
78761
78
79151
84
79432
65
79993
84
80133
84
80383
65
80543
32
80644
80
80714
69
80904
84
81124
69
81254
82
81415
32
81645
83
81875
84
81976
73
82206
76
82376
76
82556
77
82697
65
82807
78
83017
188
83147
32
83398
85
83498
78
83698
32
83908
65
84129
82
84289
84
84369
73
84559
70
84650
73
84770
67
84900
73
85010
69
85160
82
85301
69
85451
32
85591
65
85741
32
86072
82
86202
73
86422
80
86522
79
86653
83
86843
79
86943
32
87153
67
87223
72
87374
69
87564
32
87664
59
87774
32
87955
83
88145
84
88345
65
88545
84
88596
79
88716
32
88806
73
88916
78
89156
86
89206
73
89347
65
89557
84
89657
79
89737
32
89928
67
90058
79
90659
78
90819
32
90889
73
91099
76
91159
32
91320
84
91510
69
91710
83
92071
8
92251
65
92411
77
92511
32
92652
68
92812
69
92892
76
93082
76
93212
65
93443
32
93583
77
93673
65
93924
82
94024
73
94264
78
94374
65
94555
32
94635
80
94885
82
95045
79
95236
80
95626
82
95716
73
95927
79
96057
32
96237
80
96317
69
96467
82
96588
32
96828
68
96898
73
97058
83
97168
73
97409
78
97579
78
97679
69
97870
83
98060
67
98250
65
98430
82
98581
69
98781
32
98801
76
99452
69
99602
32
00083
66
00193
79
00313
77
00524
66
00774
69
00904
190
