12119
16
12299
77
12490
73
12610
32
12840
67
12990
72
13131
73
13241
69
13451
68
13611
79
13741
32
14252
83
14442
69
14613
32
14763
82
14863
73
15043
85
15103
83
15314
67
15444
73
15584
82
15985
192
16115
32
16265
77
16395
65
16536
73
16636
32
16816
65
16976
32
17116
70
17237
73
17357
78
17537
73
17657
82
17857
69
17988
32
18218
81
18258
85
18398
69
18578
83
18759
84
18859
79
18929
32
19069
69
19269
83
19380
80
19480
69
19640
82
19700
73
19960
77
20031
69
20181
78
20261
84
20421
79
20712
190
20852
32
21623
16
22104
70
22284
82
22494
65
22674
32
22815
80
22965
79
23055
67
23195
79
23315
32
23465
80
23556
69
23716
78
23806
83
23976
65
24166
86
24267
79
24357
32
24517
68
24587
73
24677
32
24867
65
24938
78
25068
68
25228
65
25418
82
25579
69
25679
32
25839
65
25999
32
26149
67
26360
65
26520
83
26680
65
26810
188
26900
32
27091
73
27171
78
27351
32
27571
77
27702
79
27852
68
27952
79
28052
32
28222
68
28443
65
28613
32
28793
83
29023
84
29164
85
29354
68
29414
73
29594
65
29785
82
29945
69
30095
32
30255
76
30566
221
30806
32
31016
69
31207
32
31898
78
32058
69
32188
76
32268
32
32438
70
32639
82
32829
65
33039
84
33179
84
33370
69
33460
77
33690
80
33880
79
33991
32
34301
80
34481
82
34652
69
34782
80
34892
65
35112
82
35343
65
35503
82
35673
69
35753
32
35993
76
36064
65
36234
32
36374
80
36514
65
36694
83
37115
84
37335
65
37516
32
37626
80
37716
69
37866
82
38036
32
38207
83
38397
84
38637
65
38788
83
38968
69
39138
82
39358
65
39458
190
39599
32
39789
16
39909
80
40069
69
40240
78
40400
83
40570
65
40800
86
40901
79
41011
32
41171
68
41221
73
41361
32
41511
67
41561
85
41802
67
41862
73
42122
78
42263
65
42473
82
42653
69
42793
32
42984
76
43074
65
43244
32
43304
80
43404
65
43564
83
43775
84
43985
65
44115
32
44255
67
44345
79
44496
78
44696
32
44756
73
44876
32
45407
80
45567
79
46028
77
46178
79
46479
68
46569
79
46699
82
46819
73
46989
78
47119
73
47200
32
47670
67
47770
73
47971
76
48291
73
48662
69
48872
71
49012
73
49473
65
49653
32
49843
69
50024
32
50194
76
50304
65
50464
32
50635
83
50805
65
50925
76
51025
67
51526
8
52137
83
52317
65
52487
32
52637
68
52708
73
52848
32
52978
66
53078
65
53238
83
53328
73
53569
76
53819
73
53949
67
54049
79
54320
188
54490
32
54740
67
54851
72
54981
69
55121
32
55291
83
55321
73
55411
32
55602
70
55802
65
55962
32
56102
67
56162
79
56413
77
56513
69
56673
32
56713
73
57014
76
57174
32
57264
80
57364
69
57534
83
57735
84
57805
79
57885
32
58065
77
58165
65
58296
32
58706
83
58906
69
59077
78
59577
90
59768
65
59928
32
60048
80
60128
65
60359
82
60529
77
60769
73
60899
71
61029
73
61170
65
61300
78
61530
79
61801
190
61951
32
62121
16
62261
65
62442
32
62572
68
62772
65
62862
78
62992
73
63082
69
63243
76
63343
69
63483
32
63683
81
63773
85
63894
69
64074
83
64264
84
64474
65
64635
32
64725
80
64825
65
64965
83
65165
84
65366
65
65536
32
65676
80
65856
73
65947
65
66107
67
66307
69
66467
32
66537
77
66888
79
67138
76
67299
84
67439
79
67979
188
68160
32
68370
81
68430
85
68570
73
68811
78
68931
68
69101
73
69201
32
69412
77
69462
65
69732
71
69962
65
70153
82
70223
73
70463
32
70563
80
70703
73
70844
65
71334
67
71525
69
71695
82
71945
222
72055
32
72326
65
72466
78
72586
67
72746
72
72927
69
73117
32
73267
65
73467
71
73558
76
73788
73
73888
32
74068
65
74208
76
74759
84
74929
82
74980
73
75310
190
76131
32
77784
16
78054
73
78184
78
78314
79
78515
76
78595
84
78765
82
78945
69
79115
32
79316
80
80097
8
80538
83
80648
79
80828
78
80938
79
81659
32
81759
73
81980
78
82100
68
82280
69
82460
67
82560
73
82671
83
82831
65
82951
32
83081
83
83251
69
83382
32
83522
77
83602
69
83812
84
83952
84
84143
69
84283
82
84463
67
84583
73
84673
32
84824
65
84914
78
85024
67
85134
72
85244
69
85395
32
85525
76
85615
69
85735
32
85865
79
86076
76
86306
73
86406
86
86626
69
86797
188
86927
32
87087
67
87127
72
87317
69
87457
32
87598
67
87658
73
87808
32
87908
83
88118
84
88329
65
88389
78
88609
78
88659
79
88960
32
89200
66
89310
69
89420
78
89510
69
89661
32
89751
77
89881
65
90011
32
90151
83
90201
79
90422
76
90492
84
90732
65
90943
84
91113
79
91223
32
91493
8
91684
8
91844
8
92234
78
92465
84
92585
79
92675
32
92825
83
93036
69
93186
32
93306
83
93366
79
93546
78
93656
79
93757
32
93947
66
94067
85
94207
79
94488
78
94678
69
94818
190
95038
32
95479
13
97372
8
01047
16
01347
79
01598
71
01738
71
01778
73
01998
32
02109
80
02279
79
02729
77
03030
69
03300
82
03430
73
03891
71
04091
71
04202
73
04362
79
04392
32
05293
86
05363
79
05513
71
05604
76
05854
73
05984
79
06044
32
06224
65
06405
78
06555
67
06695
72
07216
69
07386
32
07566
70
07626
73
07797
78
07917
73
08037
82
08207
69
08358
32
08518
68
08558
73
08668
32
08838
71
08928
85
09079
65
09279
82
09469
68
09669
65
09820
32
09970
76
10050
65
10180
32
10350
80
10431
65
10871
82
11071
84
11262
69
11412
32
11562
68
11652
73
11742
32
11883
83
11983
73
12063
83
12373
190
12524
32
12724
79
12884
80
13365
32
13705
8
14056
190
14226
32
14416
83
14637
85
14777
73
14927
32
15197
80
15428
82
15498
79
15658
67
15878
69
16059
83
16219
83
16309
73
16539
188
16710
32
16880
69
17050
32
17180
77
17300
65
17451
71
17531
65
17721
82
17791
73
17911
32
18732
70
18933
65
19093
82
19263
69
19393
32
19524
65
19714
78
19834
67
20014
72
20084
69
20235
32
20385
81
20455
85
20575
69
20745
76
20926
76
20986
65
21126
32
21296
83
21306
85
21446
73
21577
32
21987
68
22157
69
22338
65
22518
68
22598
76
22828
79
23109
67
23169
75
23389
83
23459
190
23730
32
24160
16
26133
73
26153
16
26313
69
26474
82
26574
73
26674
32
26994
72
27064
79
27165
32
27315
76
27395
69
27575
84
27715
84
27806
79
27906
32
28106
73
28316
76
28446
32
28757
80
28897
69
29067
84
29238
69
29388
82
29598
83
29748
79
29929
78
30169
188
30329
32
30509
77
30610
65
30790
32
32122
76
32252
65
32442
32
32552
80
32642
65
32833
82
32983
84
33173
69
33343
32
33504
68
33614
85
33714
73
33854
32
34034
83
34185
69
34265
77
34395
65
34786
70
34866
79
34986
82
35176
73
35316
32
35487
69
35677
84
35897
67
36137
32
36278
69
36418
82
36648
65
36798
32
36959
83
37079
80
37209
73
37339
65
37820
71
38140
65
38331
84
38571
65
38731
32
38861
84
39012
82
39162
79
39432
80
39612
80
39713
79
39893
32
40033
77
40173
65
40303
76
40424
69
40594
32
40774
69
40914
32
41155
78
41235
79
41335
78
41545
32
41896
67
41976
73
42096
32
42306
72
42457
79
42567
32
42727
67
42907
65
42987
80
43328
84
44079
8
44449
73
44570
84
44700
79
44820
32
44980
78
45070
73
45231
69
45351
78
45481
84
45671
69
45751
188
45881
32
46072
81
46132
85
46202
74
46282
73
46583
78
46603
32
47053
8
47243
8
47404
8
47604
8
47964
73
48095
78
48355
68
48405
73
48515
32
48696
65
48876
68
49066
69
49246
83
49387
83
49517
79
49657
32
50078
77
50198
69
50348
32
50488
76
50598
65
50919
32
51289
82
51419
73
51960
71
52090
85
52211
65
52421
82
52621
68
52711
79
52831
32
53002
83
53052
85
53282
76
53412
32
53623
84
53923
65
54133
78
54654
69
54794
78
55235
66
55455
65
55525
85
55886
77
56377
190
57568
32
58460
16
58680
73
58780
78
59141
32
59261
80
59471
65
59962
82
60152
84
60212
73
60412
67
60472
79
60683
76
60763
65
60963
82
61123
69
61264
32
61404
68
61574
69
61754
86
61864
79
61955
32
62055
71
62165
85
62315
65
62545
82
62746
68
62976
65
63196
82
63377
69
63597
32
66211
71
66321
76
66581
73
66661
32
66872
65
66962
76
67142
71
67292
79
67412
82
67543
73
67663
84
67853
77
68123
73
68324
32
68774
67
68855
79
69455
78
69636
32
69896
66
70016
85
70136
83
70397
89
70597
32
70928
87
71118
65
71228
73
71378
84
71548
73
71819
78
72089
71
72229
188
72360
32
72530
76
72660
65
72830
32
73211
84
73391
69
73591
83
73782
84
73922
32
74142
65
74242
78
74322
68
74483
32
74623
83
74803
69
75013
84
75124
188
75294
32
75414
73
75654
32
75805
83
75985
69
76085
77
76205
65
76395
70
76455
79
76586
82
76686
73
76756
32
76956
80
77056
69
77217
82
77367
32
77517
76
77807
219
77958
65
78118
80
78288
80
78448
85
78649
78
78879
84
78969
79
79219
188
79340
32
79520
69
79680
32
79830
80
79910
79
80141
73
80231
32
80421
65
80611
78
80722
67
80892
72
80962
69
81122
32
81222
73
81312
32
81543
77
81663
79
81853
78
82154
73
82324
84
82444
79
82554
82
82724
190
82895
32
83025
16
83145
83
83325
85
83606
76
83756
32
83996
84
84467
65
84567
78
84727
69
84817
78
85188
66
85418
65
85539
85
86620
77
86780
32
87111
70
87321
65
87481
32
87672
65
87742
78
87922
67
88012
72
88132
69
88272
32
88433
86
88643
69
88833
68
88993
69
89144
82
89304
69
89404
32
89624
76
89795
219
90325
69
90496
81
90616
85
90736
73
90916
86
91267
65
91417
76
91617
69
91777
78
91938
90
92138
65
92298
32
92448
68
92519
73
92589
32
92739
81
92839
85
92959
69
93139
83
93330
84
93530
69
93640
32
93790
80
93891
82
94081
73
94261
77
94411
73
94652
84
94752
73
95483
86
96394
69
97295
190
