61773
0
62026
79
62265
103
62414
103
62504
105
62595
32
62775
104
63035
111
63124
32
63555
109
63709
111
64275
108
64545
116
64634
111
64724
32
64945
100
65034
97
65064
32
65315
114
65403
97
65665
99
65845
111
65858
99
66105
110
66284
116
66376
97
66555
114
66904
116
67025
105
68505
44
68625
32
68895
116
69023
105
69047
32
69385
100
69447
101
69625
118
69814
111
69904
32
70364
100
70454
105
70605
114
70635
101
70725
32
70905
99
70997
104
71145
101
71203
32
71436
99
71554
111
71675
115
71796
97
71811
32
72064
104
72215
111
72304
32
72575
102
72634
97
72864
116
73014
116
73107
111
73164
32
73415
105
73595
101
73725
114
73844
105
74525
13
74915
115
75035
101
75325
114
75386
97
76745
59
76985
32
77245
105
77305
109
77777
8
78015
110
78164
110
78345
97
78775
110
79345
122
79495
105
79805
116
79895
117
80044
116
80194
116
80376
111
80915
32
81295
108
81415
97
81534
32
81744
99
81774
111
81865
109
82015
112
82244
97
82454
103
82485
110
82607
105
82785
97
82965
32
83226
101
83315
114
83463
97
83554
32
83704
111
84386
116
84534
116
84626
105
84745
109
84895
97
85315
44
85404
32
86114
101
86376
99
86525
99
86586
101
87334
122
87515
105
87574
111
87795
110
87984
32
88145
102
88204
97
88475
116
88654
116
88984
97
89764
32
90564
112
90685
101
90745
114
91785
13
92505
113
92684
117
92834
97
94665
108
94995
99
95084
117
95179
110
95414
111
97085
32
97345
99
97435
104
97585
101
97615
32
97765
109
97854
105
97914
32
98154
111
98755
98
98904
98
98995
108
99059
105
99315
103
99332
102
99405
97
99464
32
00774
97
00925
32
01534
102
01664
97
01875
114
01964
101
01995
32
02145
100
02236
101
02415
103
02433
108
02535
105
02624
32
02745
101
02935
115
03055
112
03175
101
03605
114
03725
105
03844
109
03995
101
04115
110
04205
116
04324
105
05045
32
06525
115
06614
117
06865
108
06986
32
07205
109
07333
105
07367
111
07914
32
08525
107
08675
101
08855
121
09135
115
09376
116
09436
114
09585
111
09864
107
10055
101
10877
44
11775
0
11792
13
12615
13
13425
109
13515
97
13765
104
14233
0
14515
33
14694
33
14924
33
15935
32
16143
0
16458
108
16605
97
16694
32
16985
99
17075
117
17454
99
17545
105
17726
110
17875
97
17964
32
18925
100
19075
105
19134
32
19313
0
19476
71
19915
105
20095
97
20245
110
20395
99
20454
97
20665
114
20785
108
20965
111
21025
32
21686
101
22005
39
22124
32
22394
111
22795
116
22944
116
23035
105
23128
109
23386
97
23875
44
23994
32
24264
111
24525
103
24714
103
24775
105
24864
32
25095
104
25284
111
25784
32
26355
112
26445
114
26564
111
26845
118
26964
97
27175
116
27264
111
27298
32
27446
97
27565
32
27715
99
27834
104
27925
105
28015
101
28226
100
28285
101
28465
114
28694
103
28737
108
28785
105
29376
13
29965
115
30025
101
30145
32
30396
97
30515
110
30635
100
30694
97
30945
118
31034
97
31125
32
31369
97
31525
32
31645
99
31736
97
31985
115
32126
97
32149
32
32495
97
32745
32
32995
112
33078
114
33117
101
33894
112
34027
97
34254
114
34314
97
34654
114
34688
101
34804
32
35094
112
35275
114
35364
97
35605
110
35865
122
35985
111
37575
44
37665
32
37925
109
38044
97
38137
32
38485
110
38604
111
38734
110
38825
32
39245
115
39338
111
39486
110
39706
111
39718
32
39915
115
40095
116
40185
97
40394
116
40655
111
40714
32
41545
97
41635
98
41814
98
41878
97
42085
115
42264
116
42384
97
42505
110
42684
122
42814
97
43105
13
43765
99
43855
111
44014
110
44455
118
44514
105
44607
110
44784
99
44876
101
45024
110
45175
116
45264
101
46264
44
46325
32
46565
115
46745
101
46955
99
47045
111
47165
110
47285
100
47405
111
47465
32
47646
109
47765
101
47884
32
48515
111
48635
99
48784
99
48913
111
49095
114
49274
114
49335
101
49550
114
49665
101
49915
98
50064
98
50155
101
50274
114
50394
111
50515
32
50735
112
50914
105
51095
117
51785
39
51874
32
52200
112
52234
114
52314
101
52535
115
52654
115
52797
105
52888
111
53005
110
53093
105
53893
0
54195
33
54385
33
54924
33
56345
32
56493
0
56735
83
56885
99
57045
104
57136
101
57425
114
58045
122
58165
105
58575
13
58755
97
58875
32
59585
112
59674
97
59875
114
60245
116
60305
101
60595
44
60660
32
60834
101
61115
39
61175
32
61295
115
61475
116
61564
97
61775
116
61864
97
61924
32
62075
117
62165
110
62534
97
62695
32
62875
115
63055
101
63188
114
63454
116
63545
97
64378
8
64556
8
64645
97
65264
116
65324
97
65356
32
66505
99
66564
97
66775
114
66865
105
66985
110
67135
97
67565
44
67625
32
67945
99
68095
105
68275
98
68309
110
68565
111
69947
8
70096
8
70335
111
70428
32
70794
111
71364
116
71514
116
71604
105
71725
109
71875
111
71993
32
72245
101
72334
32
72595
99
72684
111
72779
109
72964
112
73415
97
73695
103
73758
110
73875
105
73995
97
74715
13
75545
115
75665
105
75814
109
76364
112
76515
97
76820
116
76935
105
77244
99
77304
97
78495
46
79465
32
79883
0
80235
65
80355
32
80635
109
80756
101
80849
32
81055
112
81145
105
81235
97
81485
99
81634
99
81754
105
81853
111
82245
110
82334
111
82488
32
82695
109
82814
111
82995
108
83175
116
83264
111
83324
32
83575
103
83606
108
83636
105
83753
32
84185
115
84244
112
84425
97
84675
103
84795
104
84946
101
85185
116
85334
116
85495
105
85528
32
86475
99
87335
111
87545
110
87755
32
88334
105
88425
108
88457
32
88715
112
88805
101
89105
115
89195
99
89376
101
89524
32
89745
115
89834
112
90335
97
90545
100
90634
97
91495
13
91855
102
91914
97
92154
116
92304
116
92425
105
92485
32
97225
99
97345
111
97504
110
97745
32
98115
108
98205
97
98263
32
98555
98
98754
111
98945
116
99124
116
99185
97
99436
114
99684
103
99813
97
01415
44
01565
32
01746
101
01837
32
02014
97
02165
110
02255
99
02375
104
02465
101
02525
32
02735
105
02855
108
02888
32
03325
115
03505
101
03685
99
03774
111
03925
110
04044
100
04164
111
04225
32
04715
101
05065
114
05214
97
05394
32
05734
111
05925
116
06075
116
06135
105
06225
109
06376
111
07535
46
10129
32
10323
0
11175
65
11264
32
11495
112
11585
114
11705
111
11864
112
11898
111
12238
115
12505
105
12625
116
12775
111
13045
44
13405
13
14685
108
14775
97
14865
32
15075
116
15194
111
15315
114
15784
116
15875
97
15997
32
16275
100
16365
105
16454
32
16673
0
16905
67
17055
108
17235
97
17445
117
17655
100
17805
105
18105
97
18905
32
19316
101
19439
114
19525
97
19644
32
19925
101
20185
99
20364
99
20396
101
20675
122
20705
105
20965
110
21055
97
21205
108
21325
101
22785
44
22996
32
24655
105
24745
108
24803
32
25325
112
25445
114
25535
111
25795
115
25945
115
26004
105
26097
109
26245
111
26335
32
26825
50
26914
51
26947
32
27205
110
27385
111
27635
118
27695
101
27814
109
28025
98
28175
114
28206
101
28825
32
29125
115
29215
97
29365
114
29454
97
29855
39
30085
13
30865
105
30955
108
31045
32
31225
109
31344
105
31436
111
31497
32
31735
99
31795
111
31885
109
32035
112
32094
108
32246
101
32525
97
32675
110
32825
110
33004
111
35234
44
35436
32
36764
101
36884
32
37094
97
37275
100
37834
111
38033
114
38135
111
38265
32
38475
97
38595
110
38715
99
38835
104
38925
101
39036
32
39225
108
39409
111
39464
32
39875
122
39965
97
40515
98
40574
97
40995
105
41054
111
41267
110
41416
101
42914
44
43008
32
43305
110
43395
101
43485
32
43725
109
43815
97
44595
110
44805
103
44864
101
45075
114
45197
101
45445
105
46255
32
46945
97
47034
32
47215
108
47515
105
47805
116
47895
114
48075
105
49155
46
49615
13
50583
0
51465
77
51705
97
51825
104
52205
44
52294
32
52505
112
52564
111
52946
101
53165
110
53405
122
53494
97
53645
32
54765
100
54825
101
55005
108
55154
108
55248
97
55304
32
55525
99
55618
117
55824
99
55915
105
56005
110
56185
97
58355
46
58665
32
58993
0
59285
67
59455
105
59610
97
59668
111
59815
44
60744
44
61725
44
61874
44
62025
44
62174
44
