31382
0
31743
67
31924
105
32014
97
32103
111
32283
32
32401
0
32643
68
32737
97
32944
110
33124
105
33215
101
33334
108
33424
101
33692
44
34024
32
34233
101
34463
99
34614
99
34674
111
34824
109
34943
105
35254
100
35316
32
35343
105
36164
8
36313
8
36493
8
36672
32
37443
100
37593
105
37683
32
37833
110
37924
117
37983
111
38234
118
38353
111
38415
32
38743
113
38923
117
39014
97
39452
44
39603
32
39873
100
39963
111
40024
112
40183
111
40243
32
40502
117
40564
110
40654
32
40833
112
40984
101
41044
114
41255
100
41268
105
41343
111
41522
111
42135
8
42253
100
42374
112
42633
32
42975
8
43095
8
43702
111
43764
32
44064
100
44123
105
44242
32
44394
97
44603
115
44783
115
44963
101
45084
110
45354
122
45414
97
46582
46
47943
13
48481
0
50263
82
50415
105
50603
112
50700
101
51395
8
51943
114
52193
101
52693
110
52814
100
52964
111
53623
32
53894
97
54043
32
54416
115
54430
100
55243
8
55683
99
55894
114
56044
105
56134
118
56223
101
56404
114
56463
101
56583
32
57224
108
57344
101
57434
32
57583
108
57676
101
57824
116
58013
116
58105
101
58314
114
58373
101
58407
32
58663
103
58722
105
58814
111
59274
114
59553
110
59644
97
59764
108
59854
105
60034
101
60184
114
60272
101
61503
44
61783
32
61994
109
62144
97
62233
32
62673
110
62764
111
62883
110
62973
32
63234
118
63353
111
63473
114
63702
114
64024
101
64174
105
64464
32
64884
116
64972
101
65064
110
65184
101
65503
114
65564
101
65773
13
66424
117
66483
110
66545
32
66754
100
66846
105
66994
97
67174
114
67233
105
67293
111
67443
32
68103
111
68343
103
68404
110
68492
105
68623
32
68983
103
69042
105
69103
111
69224
114
69317
110
69434
111
69942
44
70034
32
70493
99
70553
101
70739
114
70954
99
71044
104
71164
101
71282
114
71664
111
71943
39
72064
32
72283
100
72404
105
72493
32
72645
115
72764
99
72974
114
73093
105
73244
118
73304
101
73483
114
73543
101
73664
32
73993
115
74087
111
74234
108
74383
111
74522
32
75083
117
75144
110
75206
32
75384
110
75473
117
75654
109
75747
101
75864
114
75983
111
76073
32
77484
97
77744
98
77863
98
77956
97
78164
115
78334
116
78453
97
78574
110
78694
122
78833
97
78956
13
79924
103
80013
114
80203
97
80384
110
80473
100
80534
101
80623
32
80853
100
80974
105
81063
32
81184
99
81243
97
81454
114
81544
97
81943
116
82123
116
82213
101
82393
114
82514
105
82603
32
82814
112
82844
101
82964
114
83094
32
87314
102
87374
97
87554
114
87643
101
87675
32
87824
105
87914
110
88013
32
88184
109
88274
111
88514
100
88633
111
88693
32
88787
99
88906
104
89024
101
89087
32
89264
108
89504
39
89686
101
89864
115
90024
112
90176
101
90427
114
90517
105
90633
109
90783
101
90844
110
90964
116
91144
111
91234
32
91503
112
91563
111
91774
115
91953
115
92083
97
92504
13
92854
100
92913
97
93094
114
93185
101
93333
32
95424
105
95513
32
96184
114
96333
105
96693
115
96817
117
97035
108
97483
116
97515
97
97793
116
97944
105
99204
32
99784
114
99843
101
00024
108
00114
97
00323
116
00474
105
00564
118
00684
105
00814
32
01054
97
01174
108
01316
32
01464
109
01554
105
01590
111
01733
32
03238
114
03383
105
03504
99
03592
111
03744
110
03833
111
03953
115
04043
99
04345
101
04876
8
05093
105
05503
109
05833
101
05926
110
06134
116
06284
111
07295
46
07316
32
13081
0
13654
80
13884
111
14124
116
14184
114
14245
101
14424
105
14514
32
15194
114
15283
105
15494
112
15733
114
15763
101
15914
110
16004
100
16064
101
16244
114
16302
101
16723
13
17284
108
17405
97
17494
32
17644
109
17843
97
17933
105
18064
108
18125
32
18388
99
18473
104
18654
101
18685
32
19074
115
19485
8
19634
99
19723
105
20193
32
20473
104
20594
97
20854
105
20942
32
21143
109
21294
97
21444
110
21533
100
21593
97
21814
116
22024
111
22383
44
23024
32
23204
109
23293
97
23383
32
23534
112
23624
101
23755
114
23779
32
24023
111
24174
103
24323
103
24448
105
24532
32
25134
99
25194
101
25374
114
25584
99
25703
104
26174
101
26323
114
26473
111
26764
39
26884
32
27294
100
27382
105
27477
32
27594
99
27653
111
27773
109
27894
112
28025
108
28051
101
28225
114
28246
116
28366
97
29335
8
29716
8
29923
116
30013
97
30243
114
30333
101
30914
13
31554
100
31674
105
31764
32
31993
103
32026
97
32476
8
32625
8
32683
102
32773
97
33454
110
33663
116
33752
97
34004
115
34154
105
34217
97
34673
44
34764
32
34974
109
35093
97
35434
103
35493
97
35804
114
35894
105
35953
32
36244
114
36277
97
36569
99
36713
99
36803
111
36954
110
37074
116
37133
97
37643
110
37953
100
38073
111
38313
116
38437
105
38924
32
39673
99
39823
111
40004
115
40094
97
40183
32
40653
104
40803
111
40893
32
41173
102
41233
97
41473
116
41623
116
41716
111
41773
32
42023
97
42113
32
42561
0
42814
80
42934
97
43073
115
43294
113
43444
117
43563
97
43684
32
43985
101
44663
32
44781
0
45118
112
45203
97
45554
115
45854
113
46374
117
46565
101
46834
116
47013
116
47073
97
48493
46
49083
13
50442
0
51844
78
51994
105
52175
101
52294
110
52383
101
52634
116
52727
101
52783
32
53485
8
53665
8
53816
8
54005
8
54603
116
54663
101
54695
32
54954
100
55042
105
55132
32
55524
112
55674
97
55854
114
56033
116
56154
105
56304
99
56393
111
56514
108
56604
97
56814
114
56874
101
57754
44
57904
32
58143
112
58206
97
58484
115
58633
115
58723
97
58933
116
59023
97
59173
32
60224
105
60314
110
60405
32
60953
116
61014
114
61224
97
61344
110
61694
113
61784
117
61873
105
62104
108
62253
108
62603
105
62828
116
62914
97
63234
39
64553
44
64643
32
64855
101
64942
32
65154
118
65274
105
65363
115
65543
116
65664
111
65723
32
65817
99
65934
104
66054
101
66151
32
66293
105
66423
108
66893
13
67243
116
67303
101
67363
109
67513
112
67603
111
67663
32
67878
110
67993
111
68083
110
68204
32
68353
101
68473
114
68594
97
68774
32
69043
109
69163
97
69255
105
69282
111
69866
8
70015
8
70484
108
70574
101
70983
44
71103
32
71254
99
71313
111
71464
110
71614
32
71734
113
71876
117
72024
97
72644
108
73204
99
73323
104
73415
101
73506
32
73683
112
73773
97
74004
115
74153
115
74444
103
74623
103
74815
105
74904
97
75053
116
75196
97
77343
44
77493
32
77673
101
77766
32
78224
113
78367
117
78513
97
78674
110
78994
99
79295
8
79445
8
79674
108
80083
99
80656
104
80744
101
80864
32
81133
112
81314
114
81343
97
81524
110
81874
122
82053
101
82293
116
82444
116
82824
111
83174
13
83631
0
84664
97
84994
108
85083
108
85293
39
86283
97
86434
114
86584
105
86704
97
86794
32
86943
97
87087
112
87205
101
87294
114
87534
116
87622
97
88634
46
89884
32
91452
0
92044
76
92194
39
92474
117
92533
110
92731
105
92864
99
92930
97
93023
32
93223
99
93344
111
93464
115
93583
97
93706
32
94685
101
94834
39
94976
32
95614
99
95734
104
95854
101
96183
32
97014
98
97134
105
97543
115
97694
111
97984
103
98133
110
98224
97
98343
32
98784
112
98934
114
99026
111
99144
116
99263
101
99553
103
99703
103
99763
101
99973
114
00204
105
00354
115
00976
8
01125
8
01653
115
02093
105
02384
32
03144
100
03204
97
03945
8
04095
8
04483
115
04603
101
04723
32
04903
115
05084
105
05483
13
05893
115
06073
116
06163
97
06197
32
06374
109
06524
111
06674
108
06854
116
06946
111
07033
32
07313
97
07434
108
07526
32
07774
115
07894
111
08071
108
08106
101
09278
44
09363
32
09754
112
09903
101
10024
114
10083
32
10264
101
10449
118
10564
105
10863
116
10924
97
11194
114
11254
101
11314
32
11574
105
11664
108
11696
32
12334
114
12483
105
12574
99
12693
104
13495
8
13614
115
14295
8
14416
8
14933
115
15183
99
15443
104
15533
105
15594
111
15685
32
15954
100
16013
105
16056
32
17173
105
17264
110
17533
99
17596
111
17743
108
17864
97
18074
122
18134
105
18195
111
18343
110
18464
105
20185
8
20819
8
20908
8
20968
8
21027
8
21087
8
21147
8
21207
8
21525
8
22184
115
22504
111
22653
108
23434
97
23653
122
23743
105
23803
111
23983
110
24042
105
24964
46
25114
32
25294
0
25323
0
25722
0
25944
79
26714
103
26833
103
26967
105
27053
32
27314
109
27373
105
28193
13
28424
115
28554
101
28743
109
28984
98
29074
114
29134
97
29253
32
29524
100
29644
105
29736
32
29884
102
29944
97
30124
114
30183
101
30243
32
30393
109
30654
108
30904
116
31024
105
31645
8
31765
8
31945
8
32584
111
32703
108
32883
116
33028
105
33093
32
33544
101
33724
114
33903
114
34023
111
34173
114
34263
105
34354
32
35333
100
35422
105
35516
32
35574
115
35714
99
35893
114
36083
105
36233
116
36383
116
36507
117
36653
114
36744
97
37983
44
38234
32
38614
109
38733
97
38884
104
39514
46
39966
8
41291
0
41504
33
42803
44
42924
32
43234
115
43324
97
43534
114
43572
97
43804
39
43943
32
44164
114
44254
105
44454
112
44543
114
44604
101
44724
110
44874
100
44934
101
45084
114
45143
101
46393
46
46932
46
47053
46
47273
46
