23968
0
24190
80
24410
101
24439
114
24561
32
24779
105
24872
110
25829
99
26079
111
26489
109
26578
105
26729
110
27179
99
27599
105
27689
97
27869
114
27928
101
28049
32
29359
118
29509
105
29629
115
29819
116
29908
97
29969
32
30199
108
30293
97
30379
32
30559
109
30648
105
30769
97
30889
32
31009
115
31149
99
31239
97
31439
114
32169
115
32258
97
32290
32
32609
102
32669
97
32819
110
33324
116
33378
97
33699
115
33820
105
33969
97
34089
32
34300
101
34358
32
34729
112
34819
101
34879
114
34940
32
35179
115
35312
99
35472
114
35619
105
35740
118
35800
101
35979
114
36038
101
36300
32
37030
113
37179
117
37269
97
37389
110
38328
8
38700
108
38969
99
39059
111
39209
115
39299
97
40462
13
41059
100
41150
105
41299
115
41510
101
41599
110
41749
115
41869
111
41958
32
42209
99
42268
111
42390
109
42540
112
42662
105
42868
117
43027
116
43139
111
44049
32
45419
112
45478
111
45699
115
45848
115
45968
111
46059
32
46281
105
46339
110
46639
99
46789
111
48369
109
48398
105
48658
110
49019
99
49078
105
49232
97
49439
114
49503
101
49589
32
50179
114
50329
105
50679
112
50739
111
50919
114
51099
116
51232
97
51409
110
51749
100
51899
111
52169
116
52232
105
52348
32
53449
117
53543
110
53950
97
54039
32
54259
112
54349
97
54499
114
54719
116
54778
101
54869
32
55599
100
55658
101
55749
108
55899
108
56049
97
56079
32
56289
109
56409
97
56499
105
56589
108
56678
32
56859
99
57009
104
57100
101
57189
32
57899
109
57988
105
58078
32
58999
13
59379
104
59440
97
59589
105
59709
32
59889
109
60009
97
60133
110
60249
100
60309
97
60559
116
60769
111
61329
32
61951
112
61968
101
62069
114
62129
32
62369
114
62429
105
62639
99
62702
104
62789
105
62879
101
63239
100
63328
101
63479
114
63629
109
63778
105
63912
32
64149
100
64209
105
64269
32
64489
112
64552
97
64709
114
64919
116
64979
101
65269
99
65419
105
65643
112
65789
97
66099
114
66131
101
66279
32
66469
97
66589
32
66919
113
67099
117
67163
101
67339
115
67518
116
67640
111
67699
32
67849
101
68059
115
68152
112
68299
101
68519
114
68640
105
68759
109
68879
101
68999
110
69089
116
69239
111
70419
46
70719
13
71767
0
72160
67
72429
105
72579
97
72669
111
73039
44
74725
32
74987
0
75369
40
75734
116
75819
117
75912
32
76089
100
76149
105
76300
99
76389
105
76687
0
76919
41
77969
44
78754
32
79479
99
79569
111
79728
109
79810
101
79929
32
80469
118
80619
105
80678
32
81669
97
81940
118
82032
101
82179
118
82299
111
82359
32
82599
112
82719
114
82750
101
83033
97
83249
110
83399
110
83551
117
83809
110
84319
99
84549
105
84639
97
84879
116
85029
111
86479
44
86569
32
87059
100
87148
97
87181
32
87479
111
87709
103
87859
103
87980
105
88039
32
88919
105
89009
110
89129
105
89359
122
89482
105
89629
97
89829
32
90150
108
90268
97
90359
32
90729
114
90818
97
91089
99
91240
99
91261
111
91669
108
91849
116
91978
97
92469
13
94709
100
94770
101
94950
105
95039
32
95319
99
95569
97
95689
109
95869
112
96021
105
96139
111
96290
110
96378
105
97389
32
97989
115
98108
117
98329
108
98389
32
98709
118
98829
111
98919
115
99289
116
99349
114
99439
111
99529
32
99800
109
99889
111
00039
100
00159
111
00369
32
01639
100
01805
105
01849
32
01941
115
02059
99
02209
114
02359
105
02449
118
02510
101
02689
114
02748
101
03619
32
04029
97
04299
108
04419
108
04543
97
04658
32
04779
116
05940
97
06589
115
06950
116
07169
105
07259
101
07469
114
07529
97
07759
32
07940
100
07999
101
08119
108
08209
32
08329
99
08419
111
08509
109
08629
112
08758
117
08969
116
09060
101
09299
114
11160
46
11689
13
12097
0
12367
0
12959
66
13109
114
13170
101
13379
118
13439
101
13659
109
13749
101
13869
110
13959
116
14049
101
14619
44
15749
32
16439
118
16529
105
16622
32
17040
114
17133
105
17279
99
17369
111
17519
114
17769
100
17919
111
18189
32
19378
99
19469
104
19590
101
19682
32
19929
118
20019
105
20112
32
20229
105
20349
110
20569
118
20659
105
20779
101
20930
114
21164
111
22059
39
22609
32
23940
111
24269
103
24359
110
24422
105
25119
32
25869
103
25959
105
26021
111
26140
114
26232
110
26349
111
26539
32
26839
117
28329
110
28479
97
28659
32
29459
97
29519
105
29639
108
29701
32
30821
8
31001
8
31191
8
31552
8
32040
109
32129
97
32189
105
32253
108
32489
32
34229
100
34349
105
34439
32
34619
114
34680
101
34739
109
34859
105
35009
110
35129
100
36089
13
38669
99
38819
111
38999
110
39369
116
39428
101
39609
110
39789
101
39940
110
40089
116
40182
101
41140
32
42309
108
42599
39
42857
0
43059
85
43409
82
43589
76
43819
32
45160
115
45309
117
45369
32
45729
99
45849
117
45910
105
45999
32
46309
100
46490
111
46729
118
46791
101
47169
116
47229
101
47379
32
47629
99
47719
108
47848
105
47999
99
48179
99
48269
97
48529
114
48589
101
48769
32
50059
115
50239
101
50332
32
50508
100
50569
101
50818
115
50969
105
51529
100
51560
101
51769
114
51859
97
52068
116
52129
101
52369
32
53869
102
53903
97
54109
114
54168
101
55159
13
55389
108
55589
39
55970
101
56149
115
56299
112
56769
101
57039
114
57160
105
57309
109
57399
101
57524
110
57639
116
57759
111
60499
46
60619
32
60767
0
61009
86
61160
105
61192
32
61499
97
61649
112
61799
112
61919
97
62099
114
62250
105
62449
114
62509
97
62959
39
63048
32
63299
117
63359
110
63449
32
63729
102
63819
111
63969
114
64359
109
65150
32
65377
0
65594
40
65879
113
66059
117
66331
101
66449
108
66709
108
67469
111
67589
32
68090
105
68150
110
68268
32
68499
99
68590
117
68619
105
68709
32
68940
105
68999
111
69089
32
69310
115
69519
116
69609
111
69668
32
69879
115
69998
99
70150
114
70239
105
70449
118
70540
101
71209
110
71769
100
71919
111
72147
0
72209
41
72469
13
75989
105
76079
110
76139
32
76489
99
76579
117
76612
105
78409
44
78499
32
78879
100
78969
111
79089
112
79220
32
79247
111
79889
97
80039
118
80169
101
80841
8
81051
8
81200
8
81380
8
81561
8
82179
111
82269
32
82418
97
82659
118
82754
101
82982
114
83309
32
84750
115
85189
112
85309
101
85890
99
86199
105
86379
102
86442
105
86649
99
86709
97
86950
116
87099
111
87219
32
88599
105
88689
108
88781
32
89079
118
89169
111
89589
115
89799
116
89859
114
89979
111
90069
32
90269
110
90389
111
90509
109
90690
101
90782
32
90989
100
91078
105
91171
32
91319
108
91469
111
91619
103
91739
105
92219
110
93609
44
93699
32
94139
100
94319
111
94540
118
94600
114
94690
101
95049
115
95461
8
95609
116
95808
101
97239
13
00469
115
00679
99
00950
114
01159
105
01309
118
01370
101
01549
114
01639
101
01849
32
03969
113
04149
117
04239
97
04389
108
04509
115
04659
105
04749
97
05029
115
05150
105
05239
32
05549
99
05669
111
05819
115
05941
97
06339
32
06589
97
06709
32
07359
118
07449
111
07599
115
07799
116
07859
114
08199
97
08319
32
08499
115
08618
99
08770
101
09189
108
09368
116
09458
97
11418
32
11567
0
11849
40
12269
117
12359
110
12449
32
12729
112
12762
111
13419
39
13548
32
13869
99
13900
111
14022
109
14110
101
14839
32
16015
115
16189
101
16278
32
16459
100
16582
111
16729
118
17059
101
17279
115
17529
116
17799
101
18016
13
19858
115
20079
99
20259
114
20409
105
20629
118
20689
101
20869
114
20929
101
21219
32
22219
117
22308
110
22459
97
22552
32
22669
109
22789
97
22878
105
22969
108
23031
32
23209
97
23329
32
23679
113
23799
117
23889
97
24012
108
24189
99
24309
117
24429
110
24609
111
25497
0
26119
41
26439
46
27359
32
27507
0
27799
67
27919
111
28039
109
28174
101
28349
32
28499
114
28558
101
28769
103
28827
111
28979
108
29072
97
29249
32
29519
103
29578
101
29859
110
29922
101
30160
114
30225
97
30490
108
30639
101
30819
32
32869
100
33309
111
33630
118
33879
114
33940
101
34229
115
34419
116
34573
101
40610
32
40901
114
41051
105
41260
101
41952
109
42190
111
42693
8
42901
112
43027
105
43240
114
43302
101
43611
13
46270
99
46390
111
46521
109
46670
112
46731
108
46851
101
47061
116
47151
97
47285
109
47431
101
47551
110
47781
116
47841
101
48028
32
49960
108
50110
111
50199
32
50381
115
50440
112
50590
97
51001
122
51098
105
51152
111
51770
32
51991
109
52081
101
52350
115
52470
115
52631
111
52690
32
52942
97
53030
32
53300
100
53481
105
53571
115
53691
112
53751
111
54001
115
54090
105
54379
122
54441
105
54501
111
54681
110
54770
101
55191
32
59740
32
60440
100
60500
97
60711
108
60860
108
60980
97
61100
32
61250
102
61370
111
61711
114
61860
109
64170
44
64321
32
64556
101
64592
32
64791
112
64850
111
65101
105
65640
32
65981
46
66130
46
66341
46
