20916
0
21307
79
21528
103
21677
103
21798
105
21858
32
22598
101
22868
39
22927
32
23337
117
23398
110
23548
97
23637
32
23788
98
23908
101
24087
108
24237
108
24356
97
24446
32
24657
103
24770
105
24837
111
24958
114
25077
110
25198
97
25378
116
25437
97
25528
32
25788
100
25878
105
25937
32
26057
115
26178
111
26297
108
26421
101
26948
44
27187
32
27368
97
27918
110
28037
99
28158
104
28248
101
28337
32
28518
115
28699
32
28713
101
28908
110
29027
101
29088
105
29207
32
29517
103
29606
105
29667
111
29878
114
29937
110
29996
105
30117
32
30328
112
30388
114
30447
101
30663
99
30718
101
30898
100
30987
101
31208
110
31327
116
31507
105
32217
13
33267
105
33359
108
33389
32
33908
116
33938
101
34087
109
34268
112
34357
111
34417
32
34693
101
34938
39
34996
32
35148
97
35778
110
35898
99
36016
104
36108
101
36348
32
36808
115
36988
116
37077
97
37227
116
37348
111
37379
32
37557
117
37648
110
37708
32
37958
112
37990
111
38748
39
38837
32
39377
98
39578
114
39787
117
39907
116
40086
116
40207
111
42146
44
42298
32
42748
110
42838
101
42988
108
43063
32
43238
115
43418
101
43568
110
43657
115
43783
111
43838
32
44047
99
44167
104
44288
101
44347
32
44607
112
44969
105
45027
111
45748
118
45813
101
46067
118
46158
97
46617
32
46868
101
47097
13
47318
102
47377
97
47588
99
47677
101
47908
118
47968
97
48057
32
48236
97
48387
110
48507
99
48656
104
48746
101
48842
32
49577
97
49787
98
49906
98
49965
97
50146
115
50327
116
50416
97
50597
110
50687
122
50816
97
50877
32
51166
102
51228
114
51290
101
51637
100
51816
100
52026
111
53625
44
53847
32
54266
99
54386
104
54507
101
54565
32
54785
100
54927
105
54958
32
55296
113
55415
117
55507
101
55717
115
55901
116
55990
97
56046
32
56337
115
56516
116
56605
97
56786
103
56881
105
56937
111
57116
110
57176
101
57517
32
58327
112
58556
117
58619
111
59047
39
59766
32
59917
97
60116
110
60237
99
60356
104
60447
101
60637
13
61046
101
61327
115
61477
115
61657
101
61777
114
61906
101
62027
32
62927
105
63077
110
63216
117
63597
115
63721
117
63897
97
64077
108
64166
101
64397
46
71536
32
71915
0
72427
73
72546
110
72796
118
72828
101
73096
99
73156
101
73607
44
73697
32
74246
105
74336
110
74456
32
74577
113
74637
117
74787
101
75126
115
75316
116
75436
105
75468
32
75677
117
75887
108
76006
116
76095
105
76186
109
76328
105
76352
32
76697
103
76787
105
76847
111
76996
114
77056
110
77120
105
77256
32
77606
105
77696
108
77728
32
78025
116
78077
101
78168
109
78317
112
78406
111
78470
32
78787
101
79027
59
79749
8
80156
39
80217
32
80427
115
80627
116
80687
97
80836
116
80958
111
81167
13
81877
113
82146
117
82206
97
82447
115
82567
105
82626
32
82746
115
82958
101
83046
109
83227
112
83287
114
83376
101
83410
32
83587
115
83708
111
83828
108
83887
101
84356
103
84506
103
84649
105
84737
97
84979
116
85128
111
86406
44
86556
32
86716
101
86796
32
87028
108
87146
97
87377
32
87527
116
87616
101
87710
109
87916
112
88066
101
88497
114
88556
97
88827
116
89006
117
89127
114
89187
97
89307
32
89537
101
89827
39
89915
32
90096
97
90277
117
90427
109
90577
101
90670
110
90787
116
90847
97
91056
116
91116
97
91236
32
91417
97
91667
98
91817
98
91838
97
92026
115
92177
116
92270
97
92447
110
92537
122
92677
97
93646
46
94836
13
96395
0
96636
83
96817
112
96908
101
97156
114
97306
105
97397
97
97486
109
97607
111
97667
32
97817
99
97937
104
98027
101
98115
32
98328
99
98456
111
98577
110
98968
116
99446
105
99596
110
99687
117
99806
105
00016
32
00196
99
00347
111
00527
115
00646
105
01177
39
02236
44
02327
32
02637
105
02728
110
02846
32
03046
113
03156
117
03247
101
03466
115
03646
116
03710
111
03796
32
03947
109
04039
111
04187
100
04306
111
04366
32
04487
115
04606
105
04816
32
05526
112
05587
111
05837
116
05897
114
06136
97
06317
110
06466
110
06677
111
07266
32
07446
97
07656
112
07836
112
07987
114
08047
101
08367
122
08516
122
08606
97
08846
114
08906
101
09666
13
10106
116
10196
117
10377
116
10527
116
10877
101
11706
32
12006
108
12127
101
12246
32
12517
98
12577
101
12757
108
12906
108
12996
101
13387
122
13536
122
13727
101
13846
32
14296
100
14329
101
14637
108
14757
108
14886
97
15006
32
15237
110
15269
97
15521
116
15606
117
15757
114
15816
97
16436
44
16687
32
17577
100
17637
97
17816
108
17968
108
18056
97
18207
32
18297
102
18387
114
18796
117
19016
116
19306
116
19577
97
20877
44
20996
32
21307
99
21496
111
21647
109
21797
101
21830
32
22006
108
22127
101
22219
32
22527
99
22617
105
22837
108
22926
105
23078
101
23357
103
23506
105
23627
101
23827
32
24006
99
24157
104
24277
101
24657
13
25086
109
25206
105
25267
32
25477
112
25627
105
25747
97
26016
99
26197
99
26231
105
26287
111
26437
110
26526
105
27077
8
27256
111
27557
32
27986
109
28106
111
28317
108
28437
116
28616
111
28857
44
29065
32
29387
97
29536
108
29687
108
29836
97
29926
32
30246
112
30306
111
30457
115
30637
115
30766
105
30857
98
31046
105
31166
108
31256
105
31496
116
31587
97
31917
39
31977
32
32407
100
32527
105
32615
32
32767
102
32857
97
33043
114
33065
116
33106
101
33769
8
33918
8
33977
101
34099
32
34777
103
34957
105
35136
114
35196
105
35287
32
35466
105
35557
110
35721
32
36036
98
36157
105
36407
99
36496
105
36677
99
36797
108
36918
101
37177
116
37296
116
37427
97
38177
13
38557
105
38617
110
38707
32
38887
109
39006
101
39427
122
39606
122
39787
111
39846
32
40616
97
40827
108
40977
108
41096
97
41216
32
41367
99
41506
97
41816
109
42136
112
42337
97
42606
103
42727
110
42846
97
43806
46
83036
32
83375
0
83638
73
83787
108
83877
32
84086
115
84178
111
84327
108
84448
101
84505
32
84687
109
84806
105
84841
32
85815
109
85880
97
86687
8
86778
101
87576
116
87727
116
87817
101
87876
32
88026
97
88187
110
88307
99
88397
104
88517
101
88757
32
90316
117
90446
110
90507
32
90927
112
90961
111
91336
39
91427
32
91637
100
91787
105
91822
32
91968
97
92086
112
92236
112
92387
101
93146
116
93267
105
93417
116
93566
111
94536
44
94747
13
94986
111
95312
103
95457
103
95577
105
95637
32
96216
104
96416
111
96536
32
96717
109
96867
97
96987
110
97216
103
97367
105
97487
97
97667
116
97816
111
97906
32
98156
117
98194
110
98277
32
98516
112
98636
97
98727
110
98819
105
99136
110
99257
111
99407
32
99717
99
99777
111
99957
110
00046
32
00467
105
00527
108
00586
32
01036
112
01096
111
01397
109
01486
111
01797
100
01916
111
02136
114
02286
111
03377
44
04286
32
04757
98
04848
101
05336
118
05596
117
05687
116
05806
111
05896
32
06166
97
06507
99
06807
113
06957
117
07077
97
07327
32
08047
101
08166
32
08536
97
08656
100
08747
101
09016
115
09166
115
09287
111
09537
13
10516
109
10606
97
10727
110
10957
103
11046
105
11106
111
11197
32
11377
97
11537
110
11627
99
11746
104
11867
101
11926
32
12306
117
12367
110
12457
32
12747
112
12806
111
13146
39
13236
32
13497
100
13617
105
13677
32
14016
102
14078
114
14496
117
14617
116
14796
116
14887
97
16677
44
17177
32
18667
112
18787
101
18847
114
18907
32
19166
111
19257
114
19316
97
19497
32
19757
110
19849
111
19986
110
20077
32
20356
97
20480
110
20597
99
20716
111
20867
114
20927
97
20960
32
21856
108
21978
101
22066
32
22787
99
22968
105
23687
108
23806
105
24087
101
24266
103
24386
105
24507
101
30477
44
33656
13
34167
109
34257
97
34350
32
34527
115
34619
112
34766
101
34917
114
35037
111
35097
32
35357
100
35416
105
35450
32
35657
112
35717
111
35996
116
36090
101
36237
114
36757
108
36877
101
36936
32
37167
109
37257
97
37516
103
37607
105
37728
97
37877
114
37967
101
38028
32
38207
110
38327
101
38447
105
38507
32
38727
112
38786
114
38906
111
39146
115
39327
115
39417
105
39506
109
39655
105
39747
32
40336
103
40396
105
40457
111
40577
114
40667
110
40809
105
41096
46
