18442
0
18796
69
19005
99
19224
99
19415
111
19564
99
19684
105
19905
32
20315
113
20465
117
20555
97
20975
44
21354
32
21616
101
21864
39
21954
32
22305
100
22425
105
22514
32
22695
110
22823
117
22884
111
23235
118
23325
111
23415
32
23565
108
23714
117
23924
110
24045
101
24224
100
24344
105
24745
39
25134
44
25195
32
25645
101
25764
32
26085
118
26204
105
26355
115
26595
116
26685
111
26744
32
26865
99
27015
104
27105
101
27194
32
27704
104
27925
111
28204
32
28355
97
28915
112
29035
112
29155
101
29304
110
29424
97
29484
32
29664
112
29755
114
29814
97
29995
110
30195
122
30314
97
30914
116
31004
111
31835
13
32764
116
32828
105
32915
32
33254
105
33405
108
33584
108
33744
117
33995
115
34204
116
34235
114
34354
111
34445
32
34625
99
34717
104
34865
101
34894
32
35151
99
35414
111
35505
115
35624
97
35655
32
36074
104
36194
97
36254
32
36535
109
36654
97
36744
110
36925
103
37075
105
37195
97
37435
116
37525
111
37615
32
38035
101
38124
32
38305
109
38394
97
38575
110
38944
103
39034
101
39215
114
39514
97
39854
39
39914
32
40190
105
40245
108
40364
32
40515
115
40665
111
40785
116
40934
116
41057
111
41235
115
41325
99
41505
114
41684
105
42084
116
42234
116
42395
111
43062
0
43424
58
43634
32
43965
109
44025
105
44345
13
44585
115
44735
111
44855
110
44977
111
45095
32
45434
109
45525
97
45674
110
45874
103
46845
105
47235
97
47485
116
47574
111
47694
32
47945
117
47976
110
48064
32
48395
112
48544
97
48665
110
48814
111
49314
110
49434
105
50292
8
50476
8
50846
8
51234
105
51354
110
51474
111
52084
32
52265
97
52387
32
53041
116
53124
111
53936
8
54086
8
54266
8
54946
108
55004
32
55264
116
55384
111
55755
110
55874
110
56084
111
56314
44
56433
32
56645
109
56734
97
56955
105
57044
111
57225
110
57351
101
57575
115
57754
101
57875
32
58061
101
58113
32
58295
99
58327
97
58535
114
58824
99
58915
105
58974
111
59465
102
59584
105
59705
110
59827
105
61264
44
61805
32
62105
97
62475
110
62594
99
62684
104
62805
101
63375
13
63805
115
63944
101
64005
32
64365
100
64454
105
64544
32
64794
115
64885
111
65035
108
65214
105
65335
116
65429
111
65484
32
65635
112
65695
114
65754
101
65934
102
65998
101
66147
114
66365
105
66515
115
66668
99
66935
111
67024
32
67175
109
67295
97
67450
110
67734
103
67885
105
67975
97
68125
114
68218
101
68308
32
68515
113
68634
117
68724
97
68845
108
68994
108
69374
111
69494
32
69764
97
70624
108
70714
32
71015
116
71064
111
71425
110
71544
110
71694
111
71924
44
72045
32
72275
109
72464
97
72675
105
72763
111
72914
110
73065
101
73305
115
73484
101
74345
32
74615
101
75074
32
75954
102
76104
117
76225
110
76434
103
76494
104
76714
101
76975
116
77124
116
77354
105
78174
44
78454
13
78674
112
78795
111
79024
105
79114
32
80445
99
80635
114
80755
101
81005
100
81156
111
81244
32
81425
99
81579
104
81945
101
82034
32
82245
109
82304
105
82423
32
82574
109
82695
97
83115
110
83394
103
83454
101
83635
114
83814
111
84146
39
84695
32
84844
117
84907
110
85024
32
85345
112
85494
97
85555
110
85675
105
85768
110
85914
111
86034
32
86325
97
86414
108
86473
32
86657
112
86775
114
86864
111
87085
115
87205
99
87385
105
87473
117
87663
116
87774
116
87895
111
88155
44
88278
32
88484
111
88604
32
88904
102
89054
111
89084
114
89325
115
89456
101
89514
32
89695
109
89815
111
90084
114
90525
116
90614
97
90825
100
90914
101
91035
108
91184
108
91334
97
92345
13
92655
101
93055
32
93715
98
93865
101
94156
114
94308
114
94484
111
94925
39
95058
32
95654
117
95720
110
95777
32
96105
112
96135
111
96564
39
96683
32
97045
100
97134
105
97224
32
97375
97
97765
99
97945
113
98124
117
98274
97
98654
32
00024
111
00114
32
00745
117
00834
110
00925
32
01265
98
01474
117
01563
111
01755
110
01845
32
02165
115
02314
117
02615
99
02764
99
02884
111
02944
32
03274
100
03455
105
03514
32
03694
102
04005
114
04344
117
04434
116
04615
116
04745
97
05905
59
06084
32
06445
112
06535
101
06624
114
06715
32
06895
99
06927
111
07075
110
07194
99
07255
108
07413
117
07615
100
07675
101
07830
114
07884
101
08185
32
09295
13
09675
109
09765
105
09854
32
10805
98
11055
101
11145
114
11454
111
11544
111
11834
39
11984
32
12234
117
12325
110
12415
32
13305
99
13365
97
13624
102
13774
102
13866
101
14424
39
15044
44
15133
32
15784
102
15844
97
16115
116
16264
116
16384
111
16444
32
16675
99
16733
111
16885
110
16975
32
20548
108
20694
97
20754
32
20875
109
20994
97
21224
99
21375
99
21398
104
21495
105
21653
110
21705
101
21915
116
22094
116
22185
97
23104
44
25125
32
25764
97
25945
110
26036
99
26157
104
26245
101
26365
32
26484
115
26664
101
26724
32
27605
110
27698
111
27835
110
27924
32
28215
115
28308
111
28455
110
28574
111
29025
13
29345
109
29554
111
29735
108
29885
116
29974
111
30064
32
30284
97
30405
98
30655
111
30681
105
31676
8
31826
8
32284
105
32615
116
32646
117
32865
97
33079
116
33194
111
33284
32
34444
97
34564
32
34865
112
34955
114
35015
101
35195
110
35254
100
35314
101
35495
114
35675
108
35854
111
35945
32
36374
100
36494
111
36645
112
36784
111
36844
32
37074
112
37224
114
37284
97
37435
110
37585
122
37734
111
37964
44
38098
32
38465
118
38496
97
38745
100
38864
111
38984
32
39494
117
39555
110
39645
32
39855
112
39914
111
40295
39
40444
32
40694
97
40874
32
41434
103
41525
105
41583
111
41705
114
41798
110
42025
97
42244
116
42335
101
43404
46
43615
13
43762
0
43965
65
44275
104
44814
44
44935
32
45146
115
45326
101
45714
32
45945
99
46325
114
46385
101
46655
100
46805
105
46894
32
47075
99
47194
104
47315
101
47377
32
47585
116
47614
105
47704
32
47885
97
48055
98
48124
98
48355
105
48475
97
48598
32
48744
100
48805
101
49024
115
49058
99
49264
114
49415
105
49534
116
49684
116
49835
111
49925
32
50744
99
50864
105
50923
111
51304
59
51707
8
51914
59
52184
32
52576
8
52726
8
53505
39
53623
32
53805
99
53898
104
54015
101
54103
32
54434
104
54554
111
54703
32
54895
109
55015
97
55175
103
55405
105
55725
97
55975
116
56094
111
56155
32
56554
111
57344
103
57498
103
57675
105
58624
44
58854
32
59034
111
59264
13
59485
108
59575
101
59694
32
60715
109
60803
105
61094
101
61244
105
61484
32
61685
97
62085
98
62285
105
62905
116
63085
117
63464
100
63584
105
63735
110
63854
105
64034
32
64245
97
64475
108
64565
105
64785
109
64905
101
64965
110
65146
116
65205
97
65415
114
65534
105
65864
44
65955
32
66365
98
66515
101
66854
104
67214
39
67454
32
68955
110
69104
111
69234
110
69324
32
69685
101
69945
39
70034
32
70375
112
70465
114
70584
111
70764
112
70884
114
71004
105
71094
111
72234
32
73305
99
73489
111
73606
115
73694
105
74064
39
78224
44
78314
32
78529
115
78645
111
78795
108
78944
111
79684
32
79804
99
79984
104
80076
101
80255
13
80664
116
80754
105
80845
32
81054
104
81204
111
81333
32
81575
114
81635
97
81875
99
82024
99
82084
111
82205
110
82354
116
82414
97
82654
116
82804
111
82895
32
83455
113
83605
117
83724
97
83845
108
83965
99
84054
111
84205
115
84264
97
84354
32
84725
100
84785
105
84874
32
85054
99
85204
105
85415
98
85805
111
86184
32
86335
101
86424
32
86915
112
87065
97
87184
110
87278
105
87407
110
87554
105
87865
32
88044
101
88107
32
88425
98
88544
105
88904
98
89024
105
89294
116
89425
101
89574
32
89824
112
89857
101
89975
114
90125
32
91035
114
91155
105
91274
101
91368
109
91574
112
91664
105
91844
114
91903
101
92315
13
92525
97
92945
110
93067
99
93124
104
93245
101
93305
32
93824
111
94054
103
94204
103
94294
105
94354
32
94584
105
94646
108
94764
32
95025
102
95114
111
95265
114
95354
109
95934
46
