14913
0
15845
68
16000
111
16085
112
16224
111
16315
32
17010
97
17605
108
17845
99
17938
117
18030
110
18146
105
18160
32
18565
103
18624
105
18657
111
18875
114
18938
110
19030
105
19115
32
19455
100
19513
105
19544
32
19775
112
19865
97
20084
117
20665
115
20754
97
20934
32
21745
114
22375
105
22734
112
22824
114
22886
101
24295
110
24605
100
24915
111
25008
32
25155
97
25304
32
25425
115
25515
99
25696
114
25815
105
25995
118
26055
101
26234
114
26324
101
26385
32
27110
97
27225
108
27875
99
27994
117
28119
110
28265
101
28325
32
28575
102
28606
114
28875
97
29134
115
29315
105
29855
32
30095
99
30185
111
30305
109
30336
101
30555
13
30734
100
30825
97
30947
32
31615
116
31644
101
31794
32
32055
114
32175
105
32425
99
32575
104
32695
105
32905
101
33085
115
33304
116
33398
111
33655
109
33924
105
35215
44
35334
32
35715
99
35745
101
35925
114
36165
99
36215
97
36395
110
36484
100
36634
111
36765
32
36914
100
37004
105
37093
32
37675
105
37794
110
38355
118
38414
101
38534
110
38715
116
38865
97
39115
114
39355
109
39485
105
39519
32
39875
113
39994
117
40115
97
40325
108
40765
99
40994
111
41185
115
41305
105
41425
97
41545
110
42118
8
42237
8
42514
110
42634
97
43535
46
46596
32
46773
0
46945
79
47195
103
47344
103
47434
105
47567
32
47796
101
48095
39
48355
13
49065
117
49125
110
49335
97
49395
32
49606
98
49726
101
49905
108
50054
108
50204
97
50293
32
50474
103
50535
105
50624
111
50885
114
51065
110
51155
97
51340
116
51454
97
51545
32
51955
100
52045
105
52104
32
52405
115
52465
111
52615
108
52765
101
53265
44
53324
32
54145
97
54325
110
54418
99
54535
104
54655
101
54775
32
55065
105
55214
101
55335
114
55454
105
55515
32
55725
108
55874
111
55964
32
56175
101
56294
114
56389
97
58275
46
60435
32
60613
0
60855
77
61046
101
61265
103
61355
108
61535
105
61655
111
61714
32
62815
100
62934
105
62994
32
63255
113
63344
117
63495
97
63615
110
63734
100
63854
111
64345
32
65025
112
65145
105
65233
111
65545
118
65636
101
65757
13
65985
101
66104
32
66716
102
66732
100
67875
8
68146
8
68204
97
68876
8
69104
102
69135
97
69345
32
69564
102
69625
114
69685
101
69954
100
70104
100
70254
111
71445
46
73275
32
73393
0
73615
65
73704
108
73925
109
74046
101
74104
110
74285
111
74424
32
74605
110
74724
111
74813
110
74954
32
75235
115
75328
105
75414
32
75535
100
75595
101
75745
118
75835
101
75894
32
76115
97
76235
110
76293
100
76356
97
76535
114
76597
101
76654
32
76865
105
76925
110
76987
32
77395
103
77484
105
77635
114
77725
111
77815
32
78135
99
78167
111
78315
110
78444
32
78645
108
79005
39
79294
111
79444
109
79835
98
80025
114
80085
101
80376
108
80524
108
80704
111
81595
46
82605
32
83433
0
83675
65
83855
110
83975
99
84160
104
84215
101
84365
13
84585
115
84765
101
84856
32
85125
108
85245
97
85304
32
85715
112
85895
105
85955
111
86225
103
86374
103
86494
105
86775
32
87197
8
87315
97
87434
32
87985
105
88075
110
88165
32
88686
97
88865
108
89015
99
89255
117
89405
110
89544
105
89635
32
90125
103
90183
105
90218
111
90585
114
90705
110
90793
105
90885
32
91125
110
91218
111
91354
110
91445
32
91655
109
91744
105
91834
32
92165
100
92521
105
92542
115
94055
112
94174
105
94295
97
94474
99
94535
101
94624
32
94934
97
95145
102
95294
102
95384
97
95565
116
95744
116
95835
111
96915
46
97294
32
99063
0
04285
73
04465
110
04555
32
04795
103
04860
101
05375
110
05434
101
05615
114
05675
101
05955
13
06575
112
06635
114
06695
101
06945
102
07034
101
07344
114
07495
105
07585
115
07704
99
07825
111
07915
32
08125
115
08275
101
08307
32
08514
112
08664
105
08788
111
09665
118
09725
101
09874
32
10345
100
10434
105
10494
32
10745
115
10776
101
10895
114
11057
97
12275
44
12505
32
13085
109
13144
101
13265
110
13465
116
13525
114
13560
101
13614
32
13825
105
13885
110
14005
32
14927
8
15077
8
15457
8
15985
113
16135
117
16285
97
16378
110
16494
100
16585
111
16675
32
16824
100
16885
101
17065
118
17158
111
17244
32
17394
97
17515
110
17578
100
17634
97
17815
114
17875
101
17965
32
18115
105
18176
110
18265
32
18634
103
18754
105
18935
114
19054
111
19115
32
19395
99
19514
111
19665
110
19784
32
20010
108
20345
39
20644
111
20765
109
21055
98
21255
114
21315
101
21535
108
21685
108
21834
111
21925
32
22175
101
22233
32
22815
97
22935
110
23085
99
23235
104
23325
101
23475
32
23855
108
23975
97
24525
13
25355
98
25584
111
25785
114
26205
115
26264
97
26325
32
26654
100
26775
105
26834
32
27015
108
27255
97
27505
118
27625
111
27775
114
27837
111
28395
44
28485
32
28775
98
29006
101
29154
104
29804
32
29955
108
30074
97
30197
32
30635
99
30724
111
30875
115
30993
97
31026
32
31275
105
31425
110
32304
99
32635
111
32824
109
32964
105
33040
110
33264
99
33354
105
33505
97
33625
32
33984
97
34078
32
34365
100
34455
105
34605
118
34697
101
34875
110
35025
114
35397
8
35485
116
36063
97
36324
114
36414
101
36595
32
37056
117
37082
110
37170
32
37455
112
37514
111
37665
99
37824
104
37915
105
38035
110
38324
111
38655
13
39025
115
39143
99
39265
111
39415
109
39534
111
39985
100
40075
97
41375
46
42465
32
42853
0
43735
73
43945
110
44035
32
44395
111
44545
103
44725
110
44815
105
44968
32
45275
99
45365
97
45756
115
45935
111
46674
32
47195
105
47260
108
47314
32
47575
116
47665
101
47725
109
47905
112
47994
111
48054
32
51135
118
51194
97
51289
32
51535
98
51625
101
51775
110
51834
101
52085
32
52725
99
52844
111
53025
109
53175
101
53264
32
53575
101
53915
39
53974
32
54557
8
55345
44
55404
32
56545
105
56635
110
56725
32
58336
113
58599
117
58617
97
58696
110
58945
116
59064
111
59204
32
59885
110
60008
111
60094
110
60565
32
60925
115
61045
105
61305
13
61524
112
61704
117
61738
105
61771
111
62507
8
62736
8
63294
111
63574
39
63695
32
63875
99
63994
97
64117
109
64305
98
64430
105
64545
97
64755
114
64845
101
66025
44
66397
8
67125
46
72696
32
73033
0
75875
81
76085
117
76236
101
76415
108
76565
108
76745
111
76834
32
76985
99
77135
104
77225
101
77317
32
77560
97
77647
32
78025
109
78104
101
78284
32
79645
99
79835
114
79985
101
80275
97
80364
32
80596
112
80714
105
80864
117
81255
39
81344
32
81564
112
81785
114
81874
111
82115
98
82335
108
82456
101
82544
109
82633
105
83055
32
83475
101
83686
39
83744
32
84105
108
85384
39
86234
117
86504
109
86594
105
87105
100
87164
105
87345
116
87484
97
87854
39
88735
44
88985
13
89225
112
89285
101
89375
114
89585
99
89644
104
89915
101
90735
39
91596
32
92345
109
92435
105
92524
32
92755
102
92798
97
92875
32
93215
120
94037
8
94155
115
94366
101
94845
110
95065
116
95351
105
95392
114
95412
101
95445
32
95674
112
95824
105
96034
117
96445
39
96534
32
96834
102
96866
114
96955
101
97245
100
97394
100
97515
111
98405
44
98465
32
98724
111
98915
112
99064
112
99294
117
99415
114
99475
101
99564
32
99715
97
99865
110
99985
99
00104
104
00225
101
00285
32
00464
112
00696
105
00874
117
01255
39
01383
32
01596
99
01686
97
01905
108
02085
115
02235
111
02788
8
02907
8
03606
100
03724
111
04695
46
04884
32
05033
0
05186
73
05335
108
05755
13
05995
99
06184
108
06335
105
06455
109
06605
97
06695
32
06850
115
07026
101
07255
99
07404
99
07525
111
08114
32
08625
114
08659
101
08895
110
08955
100
09015
101
09275
32
09704
109
09895
101
09985
110
10224
111
10315
32
13115
115
13294
101
13645
110
14014
115
14135
105
14385
98
14504
105
14648
108
16245
101
16755
32
16940
97
17085
108
17175
32
17435
102
17495
114
17529
101
17894
100
18074
100
18138
111
18225
32
19264
101
19356
32
19655
97
19775
108
19864
32
20375
99
20434
97
20634
108
20985
100
21135
111
23315
44
23443
32
23755
115
23875
111
24054
108
24204
111
24337
32
24864
99
25020
104
25135
101
25355
13
25745
115
25865
105
26135
32
26495
112
26675
114
26734
101
27085
110
27235
100
27294
101
27615
32
28485
112
28794
105
28945
117
29325
39
29414
32
29814
102
29849
114
29937
101
30225
113
30374
117
30465
101
30585
110
30735
116
30825
101
30975
109
31125
101
31244
110
31365
116
31425
101
31545
32
31725
108
31845
97
31963
32
32085
115
32205
99
32294
111
32535
115
32725
115
32784
97
33164
32
33745
101
33895
108
33955
101
34204
116
34384
116
34475
114
34725
105
34905
99
34994
97
36405
46
