57838
0
58130
66
58382
101
58470
110
58590
101
58939
44
59170
32
59541
114
59690
105
59840
99
59930
111
60080
109
60200
105
60320
110
60550
99
60610
105
60670
111
60790
32
60969
99
61029
111
61151
110
61270
32
65580
108
65671
97
65760
32
66010
116
66100
117
66250
97
66310
32
66771
109
66860
97
66920
105
67039
108
67102
32
67310
99
67431
104
67551
101
67640
32
68490
99
68583
105
68699
32
68820
104
68970
97
69091
105
69180
32
69360
109
69511
97
69630
110
69781
100
69810
97
70060
116
70211
111
70410
32
70621
112
70684
101
70811
114
70841
32
71049
99
71110
104
71200
105
71320
101
71501
100
71590
101
71740
114
72010
99
72130
105
72220
32
72530
100
72620
105
72680
32
72960
112
73031
97
73180
114
73390
116
73449
101
73800
99
73920
105
74129
112
74190
97
74400
114
74465
101
74550
32
74700
97
74880
108
74999
108
75199
39
75431
101
75630
115
75780
112
76300
101
76520
114
76611
105
76761
109
76850
101
76943
110
77061
116
77151
111
77510
44
77639
32
77821
101
77910
32
78129
112
78249
101
78341
114
80561
13
81461
110
81553
111
81639
110
81760
32
81940
114
81999
105
82210
112
82301
101
82450
116
82543
101
82690
114
82784
109
82870
105
82961
32
83840
99
83930
111
84081
110
84650
116
84740
105
84860
110
84989
117
85119
111
85490
32
85700
100
85731
97
85850
32
86030
100
86150
111
86421
118
86480
101
86600
32
86860
104
87010
111
87100
32
88270
108
88329
97
88483
115
88654
99
88891
105
89011
97
89190
116
89281
111
89370
32
89850
105
89941
101
90000
114
90150
105
91190
46
92811
32
93560
105
94091
108
94180
32
94553
115
94720
101
94911
99
94969
111
95120
110
95240
100
95330
111
95390
32
95670
112
95820
117
96011
110
96161
116
96223
111
96311
32
96590
99
96710
105
97250
13
99700
99
99793
104
99910
105
99971
101
00191
100
00221
101
00740
32
01640
100
01730
105
01790
32
02070
101
02652
8
02801
115
02891
99
03181
114
03301
105
03456
118
03540
101
03690
114
03780
101
03931
32
06162
111
06486
118
06730
118
06900
105
07050
97
07112
109
07291
101
07350
110
07630
116
07689
101
07779
32
08091
113
08179
117
08920
97
09100
108
09250
99
09340
111
09491
115
09580
97
09670
32
11800
100
11921
105
12010
32
12380
115
12561
101
12770
110
12890
115
13018
111
13099
32
13250
99
13281
111
13399
109
13556
112
13689
105
14180
117
14361
116
14480
111
14780
32
15998
0
16630
40
16931
97
17113
100
17230
32
17351
101
17561
115
17740
101
17861
109
18070
112
18251
105
18339
111
18430
32
19130
113
19250
117
19400
101
19550
108
19700
108
19910
111
20410
13
24181
104
24430
111
24519
32
24760
109
24911
97
24999
110
25211
103
25330
105
25420
97
25601
116
25720
111
25780
32
25930
97
26053
32
26200
99
26261
101
26550
110
26675
97
28000
44
28730
32
28911
108
29060
97
29153
32
29330
116
29366
114
29600
97
29720
109
29840
97
29930
32
30111
100
30200
105
30290
32
30470
117
30531
110
30649
32
30871
102
30933
105
31121
108
31570
32
32001
99
32120
104
32211
101
32330
32
33550
104
33640
111
33803
32
34021
118
34171
105
34520
115
34861
116
35040
111
36550
44
36940
32
37171
99
37390
111
37600
115
37691
97
37784
32
38090
102
38150
97
38361
114
38540
111
39030
39
39500
13
40120
100
40183
111
40331
109
40831
101
40950
110
41123
105
41261
99
41320
97
41500
32
41790
112
41881
114
42030
105
42892
8
43390
111
43540
115
43750
115
43843
105
43990
109
44140
97
45210
44
45360
32
46610
99
46790
104
46881
101
47000
32
47181
101
47461
39
47550
32
47960
102
48028
101
48230
115
48411
116
48499
97
51650
46
53169
0
53530
41
53740
32
53948
0
54131
84
54340
117
54493
32
54691
100
54811
105
54931
99
55050
105
55139
32
55550
99
55640
104
55762
101
55853
32
56171
113
56260
117
56440
97
56561
108
56711
115
56830
105
56951
97
57161
115
57250
105
57310
32
57530
99
57621
111
57741
115
57871
97
57904
32
58231
118
58319
97
58352
32
58621
98
58712
101
58861
110
58920
101
59980
13
62711
109
62800
97
62921
32
63171
101
63450
39
63510
32
63721
99
63810
104
63900
105
64021
97
64371
114
64551
111
64640
32
64790
99
64910
104
65031
101
65180
32
67661
110
67813
111
67940
110
68030
32
68490
100
68550
101
68730
118
68850
111
68940
32
69190
114
69223
105
69471
112
69561
101
69681
116
69810
101
69960
114
70050
101
70171
32
70940
100
71120
105
71240
101
71471
99
71560
105
72070
32
72861
118
72953
111
73135
108
73250
116
73311
101
73399
32
73640
108
73674
97
73870
32
74021
115
74260
116
74293
101
74600
115
74790
115
74880
97
75330
32
75711
102
75801
114
76010
97
76370
115
76460
101
78780
13
79521
105
79611
110
79673
32
79881
109
80004
111
80180
100
80300
111
80402
32
80570
100
80631
97
80752
32
81022
114
81111
105
81230
101
81350
109
81530
112
81669
105
81820
114
81910
101
81970
32
82270
118
82330
101
82450
108
82630
111
82750
99
82841
101
83050
109
83140
101
83264
110
83411
116
83469
101
83563
32
83770
105
83861
108
83891
32
84161
102
84250
111
84370
114
84490
109
88830
44
88964
32
89250
111
89570
112
89660
112
89890
117
90120
114
90180
101
90270
32
90490
117
90771
115
90830
97
91040
114
91100
101
91161
32
91420
114
91510
105
91910
112
92161
101
92371
116
92490
117
92710
116
92799
101
92950
109
93040
101
93191
110
93281
116
93339
101
93861
13
94690
110
94950
101
94983
119
95130
32
95311
108
95400
105
95620
110
95951
101
96320
32
98850
101
98940
32
99200
116
99541
97
99720
110
99840
116
00044
111
00161
32
00340
109
00430
101
00550
110
00740
111
01020
32
02780
102
02812
97
03121
114
03450
101
03630
32
03820
117
03881
110
03970
32
04281
99
04500
117
04650
116
04740
32
04990
97
05111
110
05261
100
05350
32
05571
112
05660
97
05881
115
06140
116
06175
101
07120
32
08831
100
09011
105
09099
32
09821
99
09910
97
10091
114
10150
97
10420
116
10570
116
10664
101
10840
114
11121
105
11650
32
11900
100
11960
101
12111
110
12360
116
12394
114
12540
111
12780
13
13371
108
13434
97
13525
32
13910
102
14060
111
14181
114
14270
109
14740
44
14830
32
15040
97
15230
110
15350
99
15443
104
15591
101
15650
32
15881
115
15940
101
16060
32
16270
105
16330
111
16460
32
17311
112
17460
101
17591
114
17821
115
17911
111
18061
110
18181
97
18450
109
18575
101
18720
110
18900
116
18960
101
19053
32
19585
97
19811
118
19870
101
20021
118
20171
111
20260
32
20614
97
20850
118
20970
117
21171
116
21233
111
21349
32
21630
113
22071
101
22502
8
22950
117
23100
101
23331
115
23510
116
23599
97
23689
32
23961
105
24050
100
24081
101
24381
97
25220
44
25310
32
25550
109
25645
97
25733
32
25980
116
26043
117
26690
13
26941
109
27062
105
27097
32
27420
104
27511
97
27599
105
27719
32
27901
97
28029
110
28601
116
28750
105
28931
99
29020
105
29241
112
29391
97
29750
116
29971
111
31138
0
31380
33
31570
33
31840
33
35050
32
35558
0
35771
79
36800
103
36864
110
36950
105
37200
32
37411
99
37767
8
37911
118
38000
111
38150
108
38400
116
38432
97
38520
32
38730
99
38820
104
38942
101
39029
32
39931
102
39962
97
40210
116
40241
101
40360
32
40600
108
40820
39
41071
101
41330
115
41570
112
41690
101
41921
114
42011
105
42162
109
42250
101
42371
110
42461
116
42580
111
43240
32
44171
100
44320
111
44594
118
44654
101
44930
116
44990
101
45770
13
46330
115
46600
99
46780
114
46990
105
47111
118
47201
101
47380
114
47440
101
48250
32
48550
113
48731
117
48881
97
48970
108
49150
99
49270
111
49470
115
49560
97
49620
32
49840
100
49903
105
50067
32
50280
100
50430
105
50490
118
50629
114
51012
8
51131
101
51250
114
51550
115
51790
111
54250
44
54370
32
54620
113
54982
8
55130
101
55220
32
55650
113
55830
117
55980
101
56171
115
56650
116
56800
111
56890
32
57070
109
57189
105
57250
32
57621
114
57710
105
57861
99
57899
104
58019
105
58103
101
58280
100
58340
101
58580
32
59630
109
59750
111
59961
108
60220
116
60280
97
60340
32
60670
102
60730
97
61011
110
61190
116
61250
97
61531
115
61770
105
61861
97
62921
44
63111
13
63361
109
63480
97
63569
32
63861
118
63921
101
64430
100
64611
111
64700
32
64911
99
65000
104
65120
101
65179
32
65361
112
65419
101
65481
114
65600
32
65930
111
66140
103
66290
103
66440
105
66690
32
67390
104
67540
111
67600
32
67911
99
67945
111
68065
109
68180
112
68271
108
68391
101
68571
116
68630
97
68870
116
68990
111
69080
32
69761
108
69880
97
69970
32
70370
102
70490
111
70583
114
70730
109
70970
32
72000
112
72060
101
72151
114
72186
32
72461
99
72580
117
72616
105
72730
32
73115
111
73200
114
73290
97
73350
32
73530
108
73680
97
73739
32
73900
105
73991
110
74301
118
74363
105
74419
111
74900
46
