72876
0
73899
69
74128
99
74278
99
74398
111
74548
109
74668
105
74787
32
75098
100
75157
105
75218
32
75367
110
75491
117
75608
111
76318
118
76437
111
76498
32
77068
113
77217
117
77248
105
77629
44
77761
32
77908
97
78058
110
78148
99
78268
104
78389
101
78479
32
78698
111
79068
103
79218
103
79308
105
79928
32
80629
99
80717
104
80868
101
80927
32
81258
101
81998
39
82128
32
82649
105
82708
108
82798
32
83350
52
83608
32
83958
100
84048
105
84499
32
84908
97
85258
112
85998
114
86088
105
86288
108
86379
101
87598
44
87818
32
88024
97
88078
32
88388
112
88508
114
88729
111
88879
99
88938
101
89118
100
89207
101
89328
114
89417
101
89568
32
91038
99
91158
111
91339
110
91702
13
92898
117
93046
110
93338
97
93458
32
94138
110
94228
117
94318
111
94638
118
94698
97
94938
32
95983
112
96068
114
96188
111
96478
118
96538
97
96628
32
96868
112
96959
101
97048
114
97081
32
97258
108
97659
39
97839
101
98058
115
98278
112
98398
101
98578
114
98668
105
98817
109
98908
101
99028
110
99148
116
99328
111
99928
46
00818
32
01326
0
01708
79
01988
103
02138
103
02258
105
02289
32
02598
105
02688
110
02948
99
03228
111
03349
109
03468
105
03617
110
03948
99
04008
105
04072
111
04237
32
04679
97
04798
32
04918
115
05061
99
05268
114
05448
105
05568
118
05630
101
05838
114
05898
101
06759
32
07708
108
07771
97
07958
13
08180
112
08241
97
08438
114
08588
116
08682
101
08798
32
09010
110
09098
117
09349
109
09438
101
09557
114
09708
111
09828
32
10328
116
10359
114
10448
101
10568
32
11008
100
11068
101
11278
108
11428
108
11578
97
12268
32
14408
109
14528
97
14651
105
14670
107
14707
108
15480
8
15630
8
16328
108
16388
32
16598
99
16659
111
16838
110
16928
32
17108
108
17289
101
17351
32
17697
105
17818
115
18029
116
18088
114
18212
117
18448
122
18537
105
18597
111
18718
110
18807
105
19118
32
19298
99
19389
104
19538
101
19597
32
19798
99
19861
105
19948
32
20318
104
20408
97
20528
105
20648
32
20798
109
20918
97
21007
110
21128
100
21188
97
21429
116
21638
111
21986
0
22208
58
23138
32
23968
116
24028
114
24061
101
24506
0
24668
41
26248
13
27549
111
27788
103
27878
110
27968
105
28108
32
28418
118
28477
111
28629
108
28748
116
28838
97
28987
32
29168
99
29288
104
29440
101
29778
32
31218
102
31278
97
31488
116
31547
101
31638
32
31948
108
32678
39
32869
101
33088
115
33268
112
33418
101
33598
114
33691
105
33808
109
33928
101
34049
110
34138
116
34318
111
34908
32
36918
115
37057
99
37389
114
37598
105
37748
118
38018
101
38158
116
38278
101
38528
32
39358
113
39588
117
39653
97
39828
108
39919
99
40068
111
40188
115
40248
97
40338
32
40588
100
40649
105
40767
32
40978
100
41067
105
41158
118
41279
101
41443
114
41678
115
41918
111
42798
44
43088
13
43378
105
43498
110
43748
102
43808
97
44018
116
44167
116
44288
105
44349
32
44558
99
44590
111
44738
109
44859
101
44948
32
45228
118
45260
101
45483
100
45567
105
45628
32
45848
115
46058
116
46178
111
46357
32
46508
105
46598
110
46929
118
46991
101
47138
110
47338
116
47428
97
47608
110
47848
100
47967
111
48087
32
48238
100
48328
101
48448
108
48598
108
48718
101
48838
32
48957
102
49018
114
49248
97
49468
115
49558
105
49734
32
49829
99
49919
104
49940
103
50710
8
51428
101
51518
32
51758
115
51848
105
51998
97
52058
110
52208
111
52298
32
52567
100
52632
105
52718
32
52868
115
53048
101
53141
110
53318
115
53438
111
53498
32
53679
99
53738
111
53858
109
54038
112
54167
105
54378
117
55159
116
55308
111
55548
13
55808
109
55898
97
56021
32
56238
99
56267
111
56419
110
56547
32
56778
112
56838
111
57568
99
57628
97
58128
44
58218
32
58308
97
58603
110
58718
122
58988
105
59048
32
59428
112
59488
111
60008
99
60071
104
60158
105
60588
115
60741
115
60828
105
61008
109
61129
97
61448
44
61818
32
62868
102
62928
97
63198
110
63418
116
63478
97
64048
115
64268
105
64388
97
65488
46
66378
32
66496
0
66729
83
66978
112
67159
101
67252
114
67448
111
67598
32
67778
99
67867
111
67988
109
68138
117
68258
110
68378
113
68501
117
68618
101
68711
32
68858
99
68948
104
69068
101
69388
32
69738
118
69797
97
70038
100
70098
97
70248
110
70468
111
70688
13
70998
98
71119
101
71238
110
71328
101
72218
46
72468
32
73816
0
74349
78
74558
111
74708
110
74847
32
75098
115
75188
99
75428
114
75548
105
75668
118
75730
101
75979
116
76011
101
76128
32
76488
99
76639
111
76728
115
76818
101
76937
32
77458
116
77491
114
77638
111
77848
112
77967
112
78108
111
78139
32
78388
112
78447
101
78538
114
78748
115
78868
111
79018
110
79108
97
79231
108
79349
101
79498
105
80080
8
80230
8
81178
105
83288
44
83378
32
83659
102
83778
97
84060
8
84240
8
84358
100
84448
97
85138
116
85567
111
85601
32
85748
99
85873
104
85988
101
86021
32
86168
105
86258
110
86318
32
86468
113
86798
117
86918
101
87138
115
87288
116
87407
97
87442
32
87958
102
87991
97
88568
115
88628
101
90138
32
91418
13
91728
100
91788
101
92158
108
92278
108
92538
39
92934
101
93108
115
93228
112
93378
101
93558
114
93678
105
93828
109
94008
101
94101
110
94248
116
94428
111
94659
32
96738
113
96998
117
97088
101
97268
108
97388
108
97568
111
97687
32
97808
99
97901
104
98049
101
98108
32
98339
122
98397
99
99470
8
99619
8
00030
115
00173
99
00339
114
00518
105
00668
118
00729
101
00938
116
01003
101
01438
32
02848
118
02998
105
03118
101
03238
110
03358
101
03418
32
03598
109
03748
101
03841
109
03988
111
04209
114
04328
105
04598
122
04778
122
04907
97
05228
116
05378
111
05588
32
06608
101
06698
32
07063
112
07117
111
07338
116
07398
114
07432
101
07788
98
07968
98
08028
101
08239
32
09388
13
09808
112
09868
111
10128
116
10187
101
10308
110
10588
122
10732
105
10878
97
10998
108
11179
109
11298
101
11387
110
11538
116
11598
101
11888
32
13138
101
13388
115
13538
115
14123
101
14268
114
14361
101
14478
32
14728
108
14821
101
15058
116
15238
116
15329
111
15388
32
15568
100
15659
97
15967
32
16338
97
16458
108
16638
116
16697
114
16848
105
18188
46
20508
32
20626
0
20818
80
21088
111
21318
116
21380
101
21588
116
21649
101
21708
32
22008
102
22043
97
22248
114
22338
101
22428
32
22708
108
23026
39
23169
101
23368
115
23548
112
23668
101
24068
114
24223
105
24368
109
24738
101
24858
110
24978
116
25128
111
25368
32
26638
113
26858
117
27008
97
27128
110
27308
102
27737
8
27849
100
27941
111
28468
13
29148
118
29328
111
29508
108
29809
101
29988
116
30048
101
31248
32
31516
0
32478
40
32908
115
33098
105
33250
101
33429
116
33517
101
33639
32
34029
110
34118
97
34418
116
34508
117
35029
114
35258
97
35438
108
35618
109
35768
101
35861
110
36008
116
36067
101
36128
32
36308
108
36368
105
36708
98
36772
101
36917
114
37128
105
37247
32
38758
100
38908
105
39027
32
39178
110
39307
111
39398
110
39517
32
39668
102
39700
97
39938
114
39998
101
40488
32
40998
108
41198
39
41349
101
41568
115
41718
112
41838
101
42018
114
42138
105
42258
109
42378
101
42498
110
42618
116
42768
111
43498
32
45918
117
46007
110
46298
13
46448
100
46538
97
46748
116
46838
111
46928
32
47318
103
47378
105
47466
111
47558
114
47679
110
47858
111
50168
44
50261
32
50779
115
50958
101
50989
32
51198
110
51288
111
51448
110
51538
32
51979
110
52068
101
52128
32
52308
97
52494
118
52607
101
52788
116
52878
101
52943
32
53958
118
54021
111
54197
103
54288
108
54378
105
54558
97
55458
44
55578
32
55758
111
55848
32
56028
110
56148
111
56271
110
56304
32
56840
110
56919
101
57008
32
57158
97
57349
118
57467
101
57649
116
57739
101
57798
32
57978
105
58098
108
58160
32
58368
116
58428
101
58488
109
58678
112
58738
111
59668
46
63220
8
63336
0
63538
41
63878
46
64118
13
65036
0
65429
76
65649
39
65888
117
65947
110
66098
105
66308
99
66398
111
66432
32
66968
118
67027
105
67117
110
67348
99
67381
111
67558
108
67708
111
68588
32
69330
101
69888
39
70067
32
71258
99
71352
104
71499
101
71617
32
72158
110
72247
111
72378
110
72498
32
74288
108
74468
111
74528
32
75029
102
75088
97
75328
99
75478
99
75642
105
75758
97
76038
116
76162
101
77148
32
77588
112
77768
105
77947
117
78339
39
78428
32
78659
100
78808
105
78898
32
79048
117
79138
110
79349
97
79438
32
79618
118
79707
111
79858
108
80008
116
80097
97
80157
32
80338
97
80428
108
80547
32
80889
103
81268
105
81361
111
81688
114
81838
110
81958
111
82238
46
