69365
0
69625
73
69776
110
69909
32
70116
113
70238
117
70358
101
70566
115
70796
116
70886
111
70976
32
71256
102
71375
111
71466
114
71616
109
71735
32
72066
100
72216
111
72305
118
72366
101
72484
32
72756
112
72785
111
73056
115
73206
115
73338
111
73395
32
73576
115
73706
99
73886
114
74006
105
74126
118
74186
101
74364
114
74426
101
74746
32
75356
113
75756
117
75906
101
76026
108
76175
108
76355
111
76445
32
76566
99
76686
104
76807
101
76836
32
77425
118
77575
111
78375
103
78466
108
78645
105
78734
111
79485
44
79545
32
79756
99
79785
111
79905
109
80027
101
80085
32
80265
115
80416
116
80506
97
81166
13
81345
115
81489
99
81641
114
81826
105
81915
116
82095
116
82216
111
82305
32
82686
115
82806
111
82895
112
83106
114
83166
97
83684
44
83746
32
84365
111
84625
103
84776
103
84836
105
84924
32
85076
115
85165
99
85375
114
85529
105
85646
118
85706
101
85856
114
85946
101
86206
105
86295
32
87395
116
87575
117
87935
116
88085
116
88179
105
88315
32
89156
105
89244
32
89825
103
89884
105
89946
111
90126
114
90219
110
90275
105
90426
32
90646
100
90677
101
90856
108
90975
108
91126
97
91185
32
91335
115
91546
101
91665
116
91925
116
92645
105
92846
109
92966
97
93059
110
93175
97
93445
32
93654
0
93751
40
93966
105
94057
110
94148
32
94295
105
94526
116
94586
97
94676
108
94766
105
94886
97
95066
110
95245
111
95614
0
96126
41
96385
58
96956
13
97395
108
97545
117
97766
110
97887
101
98076
100
98196
105
99235
39
99986
44
00046
32
00226
109
00346
97
00646
114
00896
116
00985
101
01216
100
01445
105
01836
39
02294
44
02386
32
02716
103
02840
105
02896
111
03806
8
03985
8
04168
8
04866
109
04986
101
05046
114
05285
99
05374
111
05530
108
05586
101
05815
100
05935
105
06395
39
06796
44
06886
32
07515
103
07549
105
07634
111
07856
118
07916
101
08166
100
08284
105
08946
39
09784
44
09875
32
10285
118
10375
101
10469
110
10716
101
10866
114
11135
100
11256
105
11706
39
12344
44
12525
32
13216
115
13275
97
13526
98
13615
97
13856
116
14036
111
14936
44
15024
32
15266
99
15678
8
15856
100
15975
111
16156
109
16277
101
16396
110
16516
105
16776
99
16836
97
18046
44
18306
13
18816
101
18879
32
19095
111
19156
112
19298
105
20315
32
20586
97
20674
32
21068
8
21675
32
22086
115
22215
101
22426
103
22547
105
22577
117
22589
111
23448
8
23638
8
24058
8
24806
117
24865
105
24955
114
25016
101
25196
32
25635
105
26395
32
26706
109
26825
101
27306
115
27456
115
27958
8
28166
105
28345
32
28736
100
28795
101
29176
108
29295
108
29516
39
29666
97
29816
110
29936
110
30146
111
30386
44
31506
32
31966
115
32176
101
32265
109
32446
112
32505
114
32596
101
32686
32
32986
105
33046
110
33141
32
33445
105
33566
116
33655
97
33745
108
33806
105
33986
97
34106
110
34316
111
35044
0
35257
58
35496
32
35916
103
35977
101
36066
110
36218
110
36336
97
36486
105
36520
111
36996
44
37486
13
38076
102
38139
101
38286
98
38435
98
38529
114
38615
97
38896
105
38929
111
39265
44
39536
32
40396
109
40516
97
40846
114
41116
122
41346
111
41575
44
41706
32
41925
97
42049
112
42196
114
42346
105
42546
108
42666
101
43606
44
43695
32
44695
109
44816
97
45075
103
45227
103
45463
105
45489
111
45595
44
45684
32
45905
103
45995
105
46056
117
46395
103
46456
110
46606
111
46845
44
47306
32
48030
108
48406
117
48606
103
48669
108
48845
105
48936
111
49495
44
50075
32
50301
97
50536
103
50875
111
51136
115
51417
116
51566
111
51885
44
51975
32
52156
115
52336
101
52545
116
52725
116
52815
101
53146
109
53417
98
53506
114
53566
101
54615
44
54806
13
55046
111
55286
116
55435
116
55555
111
55966
98
56166
114
56227
101
56615
44
56706
32
57016
110
57296
111
57417
118
57475
101
57596
109
57836
98
57896
114
57956
101
58316
44
58406
32
58656
100
58776
105
58896
99
58985
101
59136
109
59381
98
59526
114
59585
101
60785
44
61238
8
62106
46
62586
32
62994
0
64626
79
64856
114
64916
97
65007
32
65246
104
65396
111
65485
32
65637
101
65856
115
65946
97
66186
117
66417
114
66566
105
66686
116
67006
111
67826
32
68126
108
68276
97
68395
32
68546
102
68579
97
68786
110
68936
116
68995
97
69336
115
69456
105
69576
97
70566
44
70777
32
71636
112
71669
111
71966
116
71999
114
72056
101
72206
105
72466
13
73235
112
73521
114
73665
111
73756
100
73845
101
74258
8
74407
8
74495
99
74556
101
74985
100
75045
101
75325
114
75359
101
75706
32
75996
99
76115
111
76296
110
76417
32
76636
108
76757
101
76849
32
77357
115
77536
101
77765
116
77915
116
78015
101
78094
32
78276
110
78396
111
78606
116
78666
101
78829
32
78876
109
78998
117
79256
108
79738
8
80046
115
80195
105
80316
99
80376
97
80465
108
80615
105
81217
44
81475
32
82045
100
82266
111
82495
44
82624
32
82806
114
82838
101
83205
44
83296
32
83445
109
83565
105
83659
32
84248
8
84466
44
84555
32
84956
102
84990
97
85105
32
85998
8
86226
44
86515
32
87246
115
87366
111
87546
108
87959
44
88106
32
88475
108
88661
97
88715
32
89086
115
89206
105
90896
13
91386
101
91449
32
91996
112
92056
111
92175
32
92356
105
92818
8
92937
8
93146
105
93416
32
93846
115
94175
105
94314
32
94746
114
94865
105
95085
112
95206
114
95299
101
95506
110
95626
100
95684
101
95806
32
96115
100
96175
97
96264
32
96485
100
96666
111
97306
46
97515
46
97695
46
03996
13
04356
0
04576
80
04856
111
05036
105
05126
32
05456
112
05515
111
05696
115
05875
115
05966
111
06025
32
06176
112
06356
114
06449
111
06796
115
06947
101
07096
103
07216
105
07306
111
07758
8
07907
8
08676
117
08739
105
08795
114
08829
101
09016
32
09326
99
09416
111
09566
110
09689
32
09906
108
10059
101
10119
32
10357
116
10445
117
10796
101
10915
32
11156
105
11276
115
11545
116
11606
114
11698
117
11966
122
12055
105
12116
111
12266
110
12299
105
13226
44
13316
32
13495
105
13586
110
13705
32
14096
99
14185
117
14245
105
14425
32
14666
115
14876
101
15085
32
15766
110
15886
111
16028
110
16169
32
16716
115
16915
105
17005
32
17296
118
17385
117
17506
111
17726
108
17937
101
18436
13
18906
102
18970
97
19116
114
19179
101
19236
32
19417
108
19596
39
19716
101
20006
115
20216
112
20395
101
20636
114
20725
105
20906
109
21025
101
21116
110
21206
116
21326
111
21445
32
21675
117
21736
110
21826
32
22226
103
22288
105
22346
111
22496
114
22589
110
22729
111
23545
44
23636
32
24036
101
24456
39
24515
32
24725
112
24755
111
25007
115
25185
115
25274
105
25396
98
25546
105
25675
108
25937
101
27615
44
28116
32
29316
109
30166
97
30284
32
31336
105
31396
111
31485
32
31737
99
31825
101
31996
114
32227
99
32345
111
32626
32
33286
100
33406
105
33525
32
33737
101
33926
115
34075
115
34285
101
34423
114
34607
101
35220
13
35586
108
35705
105
35965
103
36029
105
36085
111
36245
32
36427
101
36519
32
37946
100
38065
105
38161
32
39346
112
39466
114
39585
111
39796
99
39856
101
40036
100
40126
101
40245
114
40365
101
40486
32
41665
103
41729
105
41814
111
41966
114
42226
110
42536
97
42656
108
42806
109
42926
101
43045
110
43166
116
43225
101
44386
46
45246
32
52194
0
52466
65
52676
108
52825
108
52946
97
53065
32
53186
102
53279
105
53366
110
53487
101
53966
32
54116
100
54175
101
54296
108
54445
108
55006
39
55331
101
55516
115
55666
112
55815
101
56006
114
56125
105
56217
109
56366
101
56455
110
56576
116
56696
111
57196
32
57646
115
57766
105
58026
13
58176
100
58235
101
58417
118
58476
101
58595
32
58776
112
58865
114
58925
101
59176
109
59266
101
59416
114
59536
101
60166
32
60475
105
60536
108
60625
32
61236
116
61296
97
61536
115
61796
116
62056
111
62115
32
62401
115
62546
117
62906
98
63106
109
63196
105
63376
116
63465
32
63876
113
64165
117
64287
101
64576
114
64696
121
65806
44
65896
32
66266
101
66536
100
67246
39
67366
32
67576
101
68116
39
68255
32
68526
99
68615
105
68675
111
68995
39
69114
32
69295
99
69417
104
69537
101
69595
32
69856
102
69891
97
70066
114
70245
111
70481
39
70766
32
71256
97
71406
100
71495
101
71756
115
71875
115
72056
111
