75835
0
76867
79
77062
104
77496
44
77616
32
77847
109
77967
111
78177
108
78328
116
78420
111
78507
32
78857
98
78948
101
79067
110
79186
101
79557
44
79647
32
79828
115
80257
8
80466
100
80617
111
80767
112
80857
111
80947
32
82796
109
82978
111
83127
108
83308
116
83366
111
83456
32
83737
116
83827
101
83917
109
84067
112
84156
111
84219
32
85756
99
85847
104
85998
101
86057
32
86446
110
86566
111
86657
110
86777
32
86957
116
87024
105
87077
32
87287
115
87378
99
87587
114
87737
105
87918
118
88037
111
88096
32
88418
113
88537
117
88687
97
89716
108
89987
99
90106
111
90228
115
90316
97
90847
44
91277
32
91662
111
91947
103
92096
103
92187
105
92467
13
92707
109
92827
105
92887
32
93067
115
93127
111
93220
110
93387
111
93447
32
94566
102
94747
105
94927
110
95047
97
95416
108
95628
109
95748
101
95840
110
95928
116
96017
101
96136
32
96288
100
96377
101
96561
99
96712
105
96887
115
97038
111
98266
44
98328
32
98607
109
98697
97
98786
32
98937
115
98998
97
99177
105
99607
44
99697
32
99907
110
00027
111
00156
110
00247
32
00457
101
00717
39
00777
32
01306
102
01367
97
01707
99
01897
105
02047
108
02167
101
02260
32
03018
115
03078
99
03286
114
03407
105
03527
118
03618
101
03797
114
03856
101
03917
32
04177
116
04297
117
04447
116
04597
116
04716
105
04807
32
05236
105
05857
13
06396
103
06487
105
06577
111
06802
114
06887
110
06917
105
07050
32
07306
99
07428
111
07638
115
07817
101
07906
32
08057
115
08236
101
08387
110
08767
115
08857
97
09116
116
09178
101
09557
44
09700
32
09787
115
09907
111
10057
112
10206
114
10267
97
10477
116
10627
116
10777
117
10967
116
11596
116
11747
111
12027
32
12427
112
12757
101
12790
114
12877
32
13277
109
13366
101
14236
46
14537
32
14745
0
14947
79
15296
103
15447
103
15637
105
16356
32
16598
101
16817
39
16906
32
17327
117
17417
110
17767
97
17888
32
18096
103
18191
105
18248
111
18428
114
18578
110
18668
97
18847
116
18977
97
19066
32
19356
117
19446
110
19897
13
20266
112
20327
111
20947
39
21038
32
21396
110
21516
117
21767
118
21860
111
22018
108
22186
111
22548
115
22637
97
22927
44
23017
32
23196
108
23288
101
23376
32
23557
112
23616
114
23677
101
23907
118
23999
105
24177
115
24236
105
24297
111
24447
110
24506
105
24627
32
24778
100
24837
101
25017
108
25077
32
25467
116
25587
101
25797
109
26037
112
26096
111
26186
32
26430
100
26547
105
26767
99
26860
111
27022
110
27099
111
27227
32
27407
99
27617
104
27707
101
27827
32
29557
112
29616
111
29828
116
29887
114
29947
101
30327
98
30447
98
30668
101
30817
114
31127
111
31837
32
32266
101
32497
115
32647
115
32867
101
32997
114
33227
99
33316
105
33617
13
34216
100
34277
101
34457
108
34607
108
34728
101
34820
32
35082
112
35256
105
35317
111
35527
103
35707
103
35927
105
36078
101
37487
44
37577
32
37787
101
37937
100
38028
32
38206
105
38267
110
38357
32
38597
101
38747
102
38928
102
39017
101
39257
116
39378
116
39510
105
39566
32
39837
115
40057
116
40147
97
40270
109
40387
97
40607
116
40787
116
40906
105
41087
110
41237
97
41728
32
42266
101
42447
39
42537
32
42767
112
42918
105
43011
111
43387
118
43480
117
43717
116
43776
111
43866
32
44106
117
44171
110
44387
32
44437
112
44497
111
44647
99
44797
104
44917
105
45096
110
45189
111
46466
44
46560
32
46707
109
46828
97
46977
13
47236
105
47296
111
47387
32
47537
110
47657
111
47747
110
47867
32
48116
104
48207
111
48327
32
48447
97
48537
112
48688
101
48807
114
49017
116
49077
111
49138
32
49292
108
49497
39
49737
111
49917
109
50146
98
50268
114
50327
101
50517
108
50667
108
50877
111
51656
46
51836
32
52055
0
52727
68
52968
97
53057
32
53356
112
53567
114
53656
105
53750
109
53928
97
54078
32
54297
100
54358
101
54537
108
54657
108
55356
39
55578
101
55778
115
55987
116
56316
97
56527
116
56616
101
57856
44
57946
32
58766
105
58857
110
58947
32
59196
99
59286
117
59347
105
59406
32
59778
104
59906
111
61006
32
61268
115
61327
99
61537
114
61657
105
61837
116
61987
116
62077
111
62307
13
62527
112
62707
97
62887
114
62977
101
63216
99
63397
99
63434
104
63547
105
63697
101
63967
32
64256
99
64377
111
64528
115
64737
101
65636
44
65697
32
65877
115
66058
112
66177
101
66357
114
66507
111
66747
32
67677
100
67827
105
67956
32
68196
110
68257
111
68377
110
68527
32
68817
97
68978
118
69096
101
69248
114
69272
32
70306
99
70396
97
70997
109
71206
98
71328
105
71447
97
71697
116
71787
111
71847
32
72337
105
72498
108
72587
32
72768
109
72792
32
73687
8
74247
105
74707
111
74857
32
75366
115
75552
116
75697
105
75877
108
75968
101
77087
44
77237
32
78306
109
78457
97
78517
32
79316
110
79597
110
80257
8
80567
111
80717
110
81096
13
81327
99
81612
114
81666
101
81887
100
82016
111
82067
32
83177
100
83328
105
83477
32
84656
100
84807
111
84987
118
85077
101
85228
114
85347
32
85567
97
85747
118
85866
101
86017
114
86078
101
86166
32
87636
117
87727
110
88057
111
88206
32
88387
115
88597
116
88717
105
88897
108
89048
101
89136
32
90266
112
90357
101
90447
114
90507
32
91327
102
91387
97
91567
114
91656
101
91724
32
92477
113
92687
117
92807
101
92987
115
93166
116
93227
101
93287
32
93637
112
93669
111
93817
99
94037
104
94096
101
94247
32
94457
114
94551
105
94778
99
95137
8
95286
103
95350
104
95497
101
96896
44
96987
32
97167
97
97318
110
97346
98
97407
99
97627
104
97687
101
98058
13
98796
97
99217
8
99337
115
99557
101
99651
32
99867
109
99956
105
00017
32
00196
115
00407
101
00440
109
00678
98
00802
114
00887
97
01127
110
01307
111
01427
32
01802
116
01857
97
01977
110
02166
116
02287
105
02498
115
02647
115
02737
105
02887
109
02977
101
04246
46
05166
32
05415
0
05842
76
06017
39
06358
101
06597
115
06747
116
06877
97
07106
101
07267
32
07477
101
07757
39
07816
32
08677
111
08797
114
09196
109
09317
97
09411
105
09540
32
09747
112
09807
97
10078
115
10267
115
10416
97
10607
116
10797
97
11136
32
11287
101
11437
32
12028
104
12146
111
12266
32
12417
114
12507
105
12747
112
12837
114
12902
101
13116
115
13237
111
13617
13
15277
108
15427
101
15547
32
16177
115
16297
111
16487
107
16969
8
17207
108
17387
105
17937
116
17997
101
18057
32
18236
97
18447
116
18597
116
18817
105
18907
118
19057
105
19177
116
19296
97
19727
39
21077
46
21657
32
21975
0
22807
72
22988
111
23077
32
23316
112
23381
97
23637
115
23787
115
23847
97
24058
116
24177
111
24266
32
24417
117
24507
110
24627
32
24907
98
25086
117
25207
111
25387
110
25516
32
25727
111
25818
101
26457
8
26609
8
27256
112
27316
101
27377
114
27747
105
27836
111
28017
100
28109
111
28267
32
29246
100
29397
105
29456
32
29787
114
29847
105
30072
112
30156
111
30307
115
30487
111
31356
44
31417
32
31817
117
32237
8
32477
105
32566
110
32657
32
32987
99
33018
117
33078
105
33497
13
34666
104
34907
111
34967
32
35986
114
36106
105
36257
115
36376
112
36496
111
36968
8
37117
8
37477
99
38186
111
38337
112
38457
101
38546
114
38757
116
38847
111
38907
32
39087
97
39211
108
39357
99
39507
117
39597
110
39748
101
39867
32
40058
99
40149
111
40357
115
40417
101
40507
32
40687
100
40747
101
40897
108
41017
108
41227
39
41468
105
41527
110
41907
102
41996
97
42177
110
42297
122
42447
105
42567
97
42777
44
43037
32
43527
115
44297
101
44447
109
44647
112
44737
114
44797
101
45087
32
45357
98
45447
101
45717
108
45867
108
46048
111
46193
32
46467
116
46617
111
46737
114
47167
110
47257
97
47477
114
47538
101
48426
13
49139
97
49418
100
49506
32
49687
101
49887
115
50064
115
50266
101
50417
114
50506
101
50596
32
50857
103
50921
105
51006
111
51187
98
51569
8
51657
118
51747
97
52027
110
52078
105
52247
32
52719
8
52967
44
53256
32
53537
97
53797
108
54028
109
54328
101
54417
110
54567
111
54747
32
54997
99
55086
111
55207
110
55357
32
55567
105
55867
32
56017
112
56357
101
56887
110
57067
115
57156
105
57337
101
57737
114
58716
105
59577
46
60196
32
60525
0
60728
65
60947
108
61067
108
61216
97
61277
32
61428
112
61547
114
61667
111
61817
115
61967
115
62136
105
62287
109
62467
97
