41897
0
42310
79
42620
103
42769
103
42863
105
42949
32
43212
101
43810
39
43899
32
44150
108
44300
117
44313
105
45291
8
45790
110
45910
101
46060
100
46210
105
46699
39
47489
44
48210
32
48910
101
49029
32
49211
115
49389
101
49480
109
49689
98
49839
114
49899
97
49989
32
50260
99
50380
104
50470
101
50589
32
50709
97
50860
98
51009
98
51210
105
51299
97
51419
32
51539
115
51688
99
52181
8
52410
109
52530
101
52759
115
52909
115
52999
111
53081
32
53705
100
53790
105
53879
32
54070
112
54242
105
54419
111
54890
118
54950
101
55129
114
55218
101
56610
44
57089
32
57279
109
57399
101
57493
110
57639
116
57670
114
57759
101
57910
32
58399
103
58519
108
58579
105
58669
32
58919
117
59159
108
59309
116
59399
105
59489
109
59579
105
60380
13
61069
103
61189
105
61219
111
61480
114
61511
110
61598
105
61748
32
62000
115
62063
111
62179
110
62309
111
62399
32
62579
115
62760
116
62850
97
63059
116
63120
105
63179
32
63389
109
63479
111
63659
108
63810
116
63872
111
63959
32
64139
112
64259
105
64439
111
64960
118
65049
111
65289
115
65599
105
65959
44
66049
32
66319
116
66380
97
66529
110
67419
116
67539
111
67629
32
67779
99
67869
104
68030
101
68052
32
68339
98
68550
105
68639
115
68760
111
68909
103
68999
110
69119
97
69370
118
69429
97
69519
32
69669
97
69793
110
69879
100
69939
97
70120
114
70180
101
70549
32
71050
105
71110
110
71370
13
71619
103
71739
105
71890
114
71982
111
72040
32
72291
99
72306
111
72499
110
72588
32
72829
108
73479
39
73819
111
74261
109
74469
98
74619
114
74681
101
74929
108
75049
108
75229
111
75739
32
76089
101
76329
32
77099
97
77310
118
77443
101
77623
114
77801
108
77817
107
78017
111
78129
32
78479
97
78599
32
79409
100
79589
105
79683
115
79830
112
80560
111
81020
115
81109
105
81640
122
81728
105
81789
111
81974
110
82060
101
82179
32
82839
105
82960
110
83047
32
83329
111
83559
103
83590
110
83679
105
83789
32
83949
109
84042
111
84219
109
84399
101
84460
110
84610
116
84789
111
85211
46
88569
13
89167
0
91030
73
91149
32
91440
103
91469
105
91529
111
91960
114
92069
110
92109
105
92229
32
92670
100
92819
105
92879
32
93610
115
93739
97
93889
98
93979
97
94230
116
94320
111
94380
32
94531
101
94649
32
94829
100
94949
111
95104
109
95219
101
95313
110
95400
105
95620
99
95679
97
95969
32
96149
115
96239
111
96389
110
96509
111
96599
32
96779
115
96960
116
97049
97
97339
116
97429
105
97489
32
97869
113
97989
117
98049
105
98203
110
98419
100
98509
105
98799
32
99399
117
99460
110
99519
32
99739
112
99800
111
00210
39
01109
32
01319
115
01500
111
01680
110
01859
110
02010
97
02129
110
02602
8
02750
99
02929
99
03079
104
03230
105
03318
111
03800
115
03919
105
05599
44
05819
13
06079
105
06112
110
06229
32
06450
113
06542
117
06660
97
06779
110
07089
116
07180
111
07269
32
07451
105
07510
108
07598
32
07949
116
08040
101
08130
109
08380
112
08439
111
08529
32
09069
103
09130
114
09279
105
09489
103
09552
105
09609
111
09789
32
10870
99
10928
111
11080
110
11299
99
11359
105
11569
108
11719
105
11810
97
12060
118
12118
97
12179
32
12329
109
12450
111
12629
108
12720
116
12839
111
12968
32
13489
105
13539
108
13629
32
13849
115
14202
111
14224
110
14252
111
14389
111
15232
8
15382
8
15889
110
16009
110
16159
111
16439
44
16529
32
17059
118
17179
97
17239
32
17389
98
17541
101
18739
104
19589
44
20123
32
21880
99
22030
105
22350
13
22590
115
22679
105
22739
32
22919
112
23129
117
23220
111
23629
39
23719
32
23840
97
24020
110
24169
99
24260
104
24386
101
24468
32
24680
114
24829
105
25059
112
25119
111
25299
115
25610
97
25889
114
25949
101
26689
32
28180
113
28299
117
28424
97
28539
110
28660
100
28753
111
28909
32
29120
105
29210
108
29268
32
29569
116
29630
101
29689
109
29870
112
29929
111
30019
32
30279
110
30373
111
30488
110
30579
32
30879
101
31060
39
31149
32
31469
109
31589
111
31739
108
31919
116
31978
111
32069
32
32769
98
32890
101
33110
108
33229
108
33409
111
33679
44
33879
32
34029
109
34120
97
34311
13
34331
0
34739
13
35551
8
36220
115
36504
112
36591
101
36770
114
36859
105
37050
97
37098
109
37160
111
37279
32
37400
99
37490
104
37610
101
37702
32
37989
100
38049
97
38109
32
38380
111
38500
103
38649
103
38773
105
38829
32
39169
105
39290
110
39550
99
39669
111
39819
109
39939
105
40089
110
40309
99
40429
105
40520
32
41150
97
41489
100
41579
32
41759
97
41939
118
42029
101
42162
114
42380
115
42529
105
42589
32
43140
108
43319
39
43567
101
43769
115
43832
97
44070
116
44160
101
45610
109
45949
32
46412
8
46721
8
47219
44
47309
32
47570
99
47630
111
47749
110
47873
32
48050
113
48200
117
48349
97
48443
108
48590
99
48709
104
48830
101
49039
13
49800
112
49919
105
50013
111
50349
103
50499
103
50559
105
50800
97
50892
32
51110
115
51200
105
51644
39
51729
32
52169
44
53199
32
53420
97
53680
110
53770
99
53859
104
53980
101
54069
32
54279
113
54370
117
54489
101
54610
108
54759
108
54879
97
54972
32
55120
101
55370
39
55459
32
55759
117
55910
116
55973
105
56149
108
56270
101
56389
32
56619
112
56688
101
56770
114
56920
32
57960
108
58049
97
58109
32
58289
99
58409
97
58473
109
58679
112
58799
97
59039
103
59130
110
59249
97
59529
32
59650
101
59829
32
60749
116
60839
117
61239
116
61389
116
61449
101
61759
32
61940
108
62030
101
62229
13
62710
99
62889
111
63069
110
63219
116
63279
105
63600
118
63689
97
63870
122
63930
105
64018
111
64139
110
64173
105
67260
46
72497
0
73420
32
73537
0
73770
73
73889
110
74089
102
74123
97
74360
116
74509
116
74600
105
74659
32
74980
115
75099
112
75194
101
75468
114
75501
111
75550
32
75729
99
75885
104
75999
101
76089
32
76710
99
76829
105
76894
32
77010
115
77129
105
77250
97
77309
32
77489
109
77610
111
77789
108
77849
116
77939
97
78030
32
78279
102
78339
114
78520
117
78739
116
78929
116
78962
97
79439
32
79700
101
79828
114
80182
8
80331
8
80829
112
80888
101
80949
114
80984
32
81250
113
81370
117
81489
101
82470
115
83189
116
83339
39
84260
101
84559
115
84679
116
84769
97
85019
116
85078
101
85989
44
86189
13
86339
97
86729
32
86939
109
87059
101
87149
32
87669
112
87851
105
87879
97
89110
118
89462
8
89580
99
89611
101
89789
32
90339
109
90460
111
90639
108
90729
116
90819
111
90909
32
91059
108
91152
97
91239
32
91449
102
91480
114
91689
117
91869
116
92049
116
92138
97
93089
44
93269
32
93889
97
94010
100
94129
32
94250
101
94430
115
94609
101
94669
109
94900
112
95050
105
95140
111
95229
32
95610
108
95700
101
95792
32
96140
99
96229
105
96420
108
96569
105
97320
101
97579
103
97700
105
97819
101
97939
32
98179
101
98269
32
98510
108
98599
101
98866
32
98907
102
98960
114
99139
97
99329
103
99449
111
99599
108
99660
101
01370
44
01639
13
01949
111
02229
112
02380
112
02559
117
02769
114
02859
101
02918
32
03110
108
03230
101
03319
32
03439
112
03529
101
04020
115
04289
99
04469
104
04620
101
04769
32
05152
8
05469
44
05588
32
05830
108
06040
101
06129
32
06370
97
06549
108
06860
98
07010
105
07194
99
07339
111
07519
99
07669
99
07759
104
07910
101
08249
44
09279
32
11289
105
11439
32
13149
99
13212
111
13519
99
13639
111
13869
109
13989
101
14210
114
14359
105
15159
44
15469
32
17139
105
17260
32
17760
99
17820
101
18270
100
18449
114
18539
105
19729
44
19820
32
20079
97
20340
110
20489
99
20609
104
20699
101
21139
32
21260
115
21439
101
21619
13
22110
113
22370
117
22430
101
22609
115
22820
116
22910
105
22999
32
23179
117
23390
108
23509
116
23599
105
23689
109
23782
105
23869
32
24639
115
24729
111
24822
110
24969
111
25089
32
25310
117
25376
110
25459
32
25701
112
25759
111
26201
39
27249
32
27470
97
27779
99
28290
105
28381
100
28659
105
29359
32
29660
101
29809
32
31300
97
31479
109
31599
97
32010
114
32210
105
32499
46
