37443
99
37540
111
37691
109
37781
101
37869
32
38038
116
38141
117
38320
116
38500
116
38593
101
38620
32
38841
108
38961
101
39300
32
39511
109
39631
97
40091
116
40240
116
40301
105
40421
110
40540
101
40601
32
40780
101
41230
39
41290
32
41440
97
41651
114
41800
114
41934
105
42111
118
42201
97
42380
116
42500
97
42533
32
43071
108
43161
97
43250
32
43430
116
43520
117
43640
97
43700
32
43851
109
43970
97
44064
105
44180
108
44660
44
44990
32
45170
109
45290
97
45700
32
45851
105
45910
111
46390
32
46711
114
46800
105
47051
115
47110
112
47171
111
47381
110
47530
100
47650
111
47680
105
47739
32
48615
8
48742
8
48860
32
49241
115
49361
111
49510
108
49690
111
49937
13
50470
111
50806
103
50950
103
51043
105
51161
32
51341
110
51491
101
51581
108
51640
32
51851
112
51940
111
52180
109
52331
101
52541
114
52730
105
52910
103
53030
103
53163
105
53219
111
55820
46
59658
0
60101
79
60441
103
60590
103
60711
105
60801
32
61021
110
61114
111
61200
110
61320
32
61651
115
61771
111
61830
32
62051
99
62171
104
62422
101
62483
32
62791
99
62880
111
63071
115
63160
97
63234
32
63401
114
63460
97
63730
99
63880
99
64001
111
64151
110
64214
116
64270
97
64520
114
64583
101
65060
44
65154
32
65351
109
65470
97
65720
103
65779
97
65961
114
66111
105
66370
32
66891
112
66955
111
67101
115
67250
115
67374
111
67650
13
68381
100
68470
105
68620
114
68711
101
68747
32
68931
99
69023
104
69170
101
69260
32
70400
100
70461
97
70611
108
70760
108
70880
97
70940
32
71061
112
71240
105
71300
111
71571
103
71720
103
71870
105
72021
97
72140
32
72321
100
72381
105
72470
32
72790
113
72951
117
73112
101
73290
115
73470
116
73530
97
73590
32
73771
109
73859
97
74041
116
74220
116
74281
105
74370
110
74551
97
74940
32
75630
101
75910
39
76000
32
76120
97
76331
114
76480
114
76660
105
76781
118
76841
97
77055
116
77141
111
77301
32
77571
105
77661
108
77910
32
78330
115
78421
111
78571
108
78691
101
78920
44
80014
32
80290
101
80410
13
80810
91
80871
112
81423
8
81573
8
82230
112
82290
111
82500
105
82593
32
82850
116
82882
105
82940
32
83190
112
83250
111
83401
115
83580
115
83701
111
83790
32
84061
102
84090
97
84270
114
84362
32
84380
101
84510
117
84601
110
84690
32
84900
101
85051
108
85141
101
85520
110
85671
99
85790
111
85879
32
86780
100
86930
105
87020
32
87562
110
87680
111
88070
109
88165
105
88279
32
89250
99
89310
111
89460
109
89720
117
89780
110
89913
105
90090
32
90470
100
90502
105
90561
32
90741
97
90860
110
90981
105
91390
109
91591
97
91684
108
91800
105
92590
44
92680
32
92931
97
93110
100
93260
32
93471
101
93661
115
93810
101
93900
109
94081
112
94291
105
94380
111
95390
13
95881
99
95913
97
96151
110
96271
101
96510
44
96633
32
96880
103
96911
97
97120
116
97270
116
97360
111
97590
44
97680
32
98561
112
98650
101
98871
115
98931
99
99231
101
00420
44
00571
32
01850
115
02521
113
02670
117
02820
97
02940
108
03111
111
03680
44
03740
32
04191
98
04280
97
04460
108
04555
101
04730
110
04850
97
05100
44
05840
32
09650
103
09710
97
09890
108
10070
108
10211
105
10430
110
10521
97
10890
44
11011
32
11250
112
11470
117
11810
108
12201
99
12321
105
12641
110
12820
111
13080
44
13170
32
13600
103
13630
97
13810
108
13960
108
14141
111
14960
44
16180
32
22440
111
22800
99
22860
97
23100
44
23320
13
26030
99
26120
97
26271
118
26330
97
26545
108
26690
108
26870
111
27110
44
27201
32
27511
109
27661
105
28320
117
28782
8
28902
8
29420
117
29670
99
29850
99
29941
97
30330
44
30420
32
30921
98
31120
117
31362
101
31680
44
31770
32
32481
118
32605
105
32880
116
32939
101
33059
108
33230
108
33410
105
33530
110
33650
111
34120
44
35311
32
42301
100
42361
101
42731
108
42970
102
43033
105
43124
110
43270
111
43580
44
44120
32
49690
116
49723
114
50100
111
50300
116
50360
97
50820
44
50911
32
51090
116
51181
105
51361
110
51741
99
51801
97
52140
44
52260
32
52440
112
52591
101
52901
115
53562
99
53781
101
53930
32
54360
103
54420
97
54670
116
54790
116
54941
111
55900
44
56420
13
61010
102
61230
111
61531
114
61740
109
61834
105
62101
99
62161
97
62480
44
62540
32
63290
97
63480
112
63601
101
63890
44
63980
32
64431
118
64520
101
64972
115
65180
112
65270
97
65470
44
65561
32
65771
99
65803
97
65981
108
66070
97
66341
98
66460
114
66611
111
66761
110
66912
101
67240
44
67955
32
71040
101
71160
32
71451
99
71571
111
71690
115
71781
105
72220
39
72310
32
72430
97
72550
32
72840
112
72931
114
73051
111
73200
99
73371
101
73581
100
73669
101
73820
114
74067
101
74801
32
74980
99
75100
111
75194
110
75359
32
75630
97
75751
108
75901
116
75961
114
76083
105
76440
32
77211
110
77304
111
77480
109
77570
105
77920
44
78101
13
78540
99
78630
111
78780
109
78901
101
79055
32
84571
109
84721
97
84784
105
84961
97
85141
108
85261
101
85530
44
86200
32
93521
112
93640
101
93861
99
93950
111
94171
114
94230
97
94870
44
96540
32
97180
97
97390
115
97481
105
97631
110
97780
111
98490
44
99245
32
99821
97
00600
103
00720
110
01341
101
01571
108
01690
108
01901
105
01990
110
02140
111
03690
46
03880
32
03998
0
04171
77
04295
105
04350
32
04501
114
04620
105
04711
99
04831
111
04950
114
05161
100
05310
111
05370
32
05670
100
05790
105
05879
32
06030
97
06190
118
06317
101
06460
114
06550
101
06920
32
07481
118
07631
105
07721
115
07881
116
08001
111
08370
13
08740
100
08801
101
08981
103
09101
108
09160
105
09283
32
09371
97
09650
103
09771
110
09891
101
10041
108
10190
108
10371
105
10520
110
10653
105
11390
32
12311
109
12430
111
12620
108
12740
116
12830
111
12919
32
13173
112
13190
105
13386
99
13530
99
13564
111
13740
108
13829
105
13980
32
14701
97
14790
32
15031
100
15180
111
15271
114
15591
115
15741
111
15800
32
16250
100
16406
105
16490
32
16921
117
16980
110
17070
32
17491
97
17730
115
17851
105
17940
110
18121
111
18540
44
18601
32
18860
111
20080
32
20330
117
20361
110
20480
32
20661
109
20840
117
21070
108
21320
111
21580
44
22501
13
22791
110
22910
111
23000
110
23140
32
23380
115
23440
97
23477
112
23911
114
23942
101
24201
105
24320
32
25501
100
25590
105
25710
115
25970
116
26060
105
26181
110
26400
103
26520
117
26930
101
27221
114
27611
108
27790
105
30120
46
30388
0
31190
32
31308
0
31502
69
31623
114
31751
97
31901
110
32051
112
32173
32
32593
8
32772
8
32951
111
33240
32
33651
109
33770
111
33951
108
34101
116
34190
111
34280
32
36080
116
36145
101
36260
110
36380
101
36595
114
36741
105
37820
44
37880
32
38090
115
38270
101
38420
109
38620
98
38740
114
38776
97
39121
118
39239
97
39531
110
39921
111
40028
32
40251
100
40311
101
40490
105
41170
32
41645
112
41884
101
42051
108
42301
117
42591
99
42711
104
42831
101
43840
46
44159
13
46683
0
46951
83
47071
112
47192
101
47370
114
47671
111
48240
32
48601
100
48720
105
48780
32
48839
97
49031
118
49121
101
49270
114
49360
101
49420
32
49691
102
49750
97
50011
116
50160
116
50280
111
50340
32
50521
117
50610
110
50701
32
51120
101
51370
108
51461
101
51711
110
51911
99
52000
111
52151
32
53071
115
53300
117
53610
102
53730
102
53911
105
53970
99
54280
105
54461
101
54720
110
54930
116
55019
101
55281
109
55370
101
55520
110
55611
116
55700
101
55793
32
56031
108
56260
117
56410
110
56591
103
56741
111
57411
44
57443
32
57590
97
57900
108
57989
32
58270
102
58334
105
58511
110
58575
101
58720
32
59311
114
59460
105
60003
8
60153
8
60790
100
60943
105
61180
13
61421
99
61510
111
61701
112
61911
114
62060
105
62310
116
62370
101
62752
8
62872
8
62930
114
63027
101
63360
32
63845
116
64029
117
64590
116
64710
116
64833
111
64920
32
65101
108
65250
111
65400
32
65581
115
65730
112
65859
97
66130
122
66251
105
66311
111
66660
32
66917
97
66955
32
67111
109
67204
105
67381
97
67469
32
67651
100
67740
105
67861
115
67951
112
68018
111
68161
115
68250
105
68430
122
68490
105
68551
111
68701
110
68794
101
70440
46
