43033
0
44364
69
44623
99
44772
99
44933
111
45053
109
45202
105
45332
32
45892
110
45951
117
46091
111
46352
118
46382
97
46532
109
46684
101
46775
110
46953
116
46966
101
47072
32
47352
113
47441
117
47622
97
48243
44
48332
32
48582
112
48673
101
48762
114
48855
32
49183
115
49402
99
49522
114
49702
105
49823
118
49883
101
50132
114
50191
101
50342
32
50602
97
50742
108
50932
116
50993
114
51025
101
51202
32
51492
102
51582
114
51822
97
52054
115
52142
105
52272
32
52762
105
52881
110
53011
32
53152
109
53241
111
53423
100
53512
111
53572
32
54862
99
54957
104
55073
101
55166
32
55392
115
55542
105
55602
32
56523
112
56552
111
56733
115
56942
115
57002
97
57288
13
57523
118
57582
101
57802
100
57862
101
58044
114
58102
101
58222
32
58342
115
58562
101
58652
32
58802
115
59012
111
59812
110
59972
111
60063
110
60212
32
60874
8
61054
8
61302
32
61592
115
61772
101
61892
109
62073
112
62163
114
62222
101
62315
32
62852
108
63063
111
63152
32
63302
115
63523
116
63552
101
63812
115
63962
115
64081
111
64142
32
64322
112
65344
8
65802
111
65982
112
66102
112
66312
117
66463
114
66522
101
66583
32
66862
110
66952
111
67582
44
67642
32
67852
109
67942
97
68252
103
68282
97
68562
114
68682
105
68772
32
69612
99
69672
97
70262
109
70492
98
70642
105
70733
97
70852
32
71002
105
71133
108
71163
32
71342
109
71462
105
71552
111
71642
32
71902
109
72022
111
72173
100
72292
111
72802
13
73312
100
73432
105
73522
32
73585
115
73702
99
73933
114
73991
105
74173
118
74234
101
74452
114
74482
101
74575
32
74885
97
75073
110
75163
99
75312
104
75402
101
75522
32
75752
105
75842
110
75902
32
76192
102
76282
117
76372
110
76552
122
76672
105
76703
111
76882
110
76972
101
77063
32
77182
100
77242
101
77533
108
77652
108
77872
39
78142
117
78292
109
78412
111
78592
114
78652
101
79842
44
80133
32
80282
97
81222
100
81342
32
81752
101
81962
115
82142
101
82232
109
82442
112
82623
105
82711
111
82742
32
82982
115
83163
101
83255
32
83602
115
83692
111
83812
110
83941
111
84032
32
85172
117
85262
110
85662
13
85892
112
85951
111
86412
39
86502
32
86812
112
87022
105
87202
117
87622
39
87712
32
87862
97
88122
114
88277
114
88332
97
88512
98
88662
98
88852
105
88942
97
89152
116
89277
111
89562
32
89902
115
90036
99
90523
105
91285
8
91662
114
91782
105
91982
118
92072
111
92163
32
92462
112
92682
105
92862
117
93272
39
93362
32
93592
105
93652
110
93772
32
94053
102
94083
114
94174
101
94462
116
94612
116
94702
97
95092
44
95182
32
95452
109
95542
97
95632
32
96143
99
96202
111
96382
110
96522
32
96762
112
96926
105
97102
117
97502
39
97631
32
97754
101
97775
119
98904
8
99058
114
99232
114
99872
111
99932
114
00053
105
01142
46
01842
13
04620
0
06632
82
06752
105
06973
112
07032
114
07123
101
07273
110
07336
100
07512
111
07602
32
07782
100
07872
97
08023
108
08172
108
08293
97
08382
32
08592
116
08685
117
08832
97
08965
32
09152
109
09332
97
09452
105
09547
108
09604
32
09822
105
09881
110
10002
105
10232
122
10352
105
10474
97
10562
108
11182
101
12252
44
12312
32
12652
99
12772
104
12892
101
13020
32
13253
108
13602
39
13982
111
14573
98
14723
105
15033
101
15292
116
15442
116
15614
105
15802
118
15952
111
16352
32
39742
101
40063
39
40152
32
40502
113
41082
117
41203
101
41323
108
41472
108
41652
111
41742
32
41864
100
42012
105
42442
13
42973
114
43032
97
43323
99
43472
99
43592
111
43773
103
43862
108
44043
105
44106
101
44252
114
44342
101
44492
32
46585
97
46733
108
47032
109
47182
101
47245
110
47422
111
47581
32
48302
117
48391
110
48942
100
49033
105
49152
99
49242
105
49372
32
49582
99
49641
97
49792
109
49942
112
50123
105
50212
111
50362
110
50422
105
50952
32
51802
100
51922
105
52053
32
55012
111
55282
103
55345
110
55435
105
55591
32
55832
112
55891
101
55981
114
56202
115
56292
111
56412
110
56502
97
56625
32
56773
99
56892
104
57012
101
57072
32
57282
112
57345
97
57495
114
57702
116
57762
101
58032
99
58183
105
58442
112
58592
97
59112
32
59262
97
59442
108
59562
108
60782
59
61193
8
61412
39
61803
101
61997
115
62085
112
62262
101
62472
114
62565
105
62683
109
62772
101
62865
110
62982
116
63072
111
63302
44
63642
13
66992
99
67056
111
67173
109
67322
112
67473
114
67565
101
67762
115
67883
111
67972
32
68122
109
68272
101
68802
44
68862
32
69152
113
69302
117
69391
105
69543
110
69692
100
69812
105
70382
46
72792
32
73380
0
74523
83
74673
111
74852
108
75002
111
75091
32
75242
97
75331
108
75452
108
75662
111
75782
114
75842
97
75933
32
76112
110
76205
111
76342
110
76402
32
76723
114
76812
105
76962
99
77055
101
77202
118
77292
101
77532
114
77625
101
78199
8
78344
8
79042
101
79414
8
79502
114
79591
101
80143
109
80231
111
80323
32
80502
112
80672
105
80852
117
81242
39
81332
32
81733
108
81852
97
81942
32
82262
109
82473
105
82562
108
83532
32
84144
8
84334
8
84554
8
84673
97
85412
105
85443
108
85562
32
85762
109
85852
97
86163
116
86312
116
86373
105
86492
110
86582
105
86676
101
86882
114
86972
97
88372
44
88522
13
88702
99
88882
104
88972
101
89092
32
89373
99
89433
105
89552
32
89702
114
89822
105
89942
99
90062
111
90262
114
90543
100
90602
97
90722
32
90872
99
90992
104
91112
101
91232
32
92282
116
92372
105
92492
32
92711
100
92802
111
93152
98
93302
98
93452
105
93602
97
93692
109
93752
111
93872
32
94023
115
94166
99
94348
114
94492
105
94582
118
94673
101
94905
114
94933
101
95082
32
96377
100
96432
101
96963
110
97173
116
97205
114
97295
111
97411
32
97732
113
97882
117
97973
101
99262
115
99412
111
00004
8
00232
116
00382
111
00472
32
00753
102
00872
111
01053
114
01242
109
01852
46
03042
32
05420
0
05652
80
05834
101
05923
114
06072
13
06403
112
06522
114
06615
111
06792
118
06882
97
07092
114
07151
101
07212
32
07478
99
07562
105
07652
32
07922
100
08020
111
08273
98
08422
98
08572
105
08752
97
08872
109
08931
111
09054
32
09942
99
10062
111
10252
108
10372
108
10523
101
10823
103
10855
97
11133
114
11191
101
12212
32
12332
97
12452
32
13123
104
13323
116
13472
116
13902
112
14160
0
14312
58
14562
47
14712
47
15832
119
15982
119
16163
119
16252
46
16852
100
17032
105
17352
46
17612
117
17702
110
17822
105
18173
116
18292
111
18622
46
19173
105
19262
116
20552
47
20780
0
21053
126
21607
98
21694
101
21823
114
22173
103
22262
97
22442
100
22501
97
22652
110
24592
47
25267
107
25442
101
25592
121
25742
115
26422
47
27983
44
28018
107
29044
8
29234
8
30072
107
30292
101
30502
121
30652
115
31072
51
31552
46
32873
104
32962
116
33223
109
33315
108
33852
44
34122
13
34933
99
35053
104
35143
101
35231
32
35552
99
35642
105
35731
32
36112
102
36202
111
36292
114
36412
110
36505
105
36732
115
36822
99
37502
101
37622
32
37892
113
38152
117
38423
101
38602
115
38862
116
38982
111
39042
32
39482
102
39632
111
39722
114
39842
109
40482
32
40852
100
40911
97
40972
32
41152
99
41241
111
41331
109
41482
112
41543
108
41663
101
41873
116
41932
97
42192
114
42251
101
44482
46
45012
32
47000
0
48173
81
48352
117
48442
97
48562
110
48682
100
48832
111
49262
32
49742
97
50152
98
50272
98
50512
105
50662
97
50812
109
50844
111
50962
32
51242
114
51333
105
51454
101
51542
109
51782
112
51907
105
52302
116
52452
111
53092
13
55267
108
55323
97
55442
32
55560
0
55733
85
55962
82
56142
76
56592
32
56823
97
56912
108
57063
108
57212
111
57592
114
57652
97
57742
32
57923
112
57981
111
58133
115
58312
115
58402
105
58623
97
58682
109
58742
111
58832
32
59082
99
59141
108
59232
105
59462
99
59642
99
59674
97
59912
114
59973
101
60065
32
60473
115
60532
117
60742
108
60891
32
61592
116
61652
97
61862
115
62163
116
62282
111
62372
32
62982
100
63073
105
63163
32
63782
115
63962
111
64142
116
64262
116
64381
111
64502
109
64592
105
64773
115
64952
115
65081
105
65143
111
65292
110
65382
101
65562
32
65712
100
65802
101
66793
108
66912
108
67132
97
67312
13
67692
102
67812
111
67962
114
68082
109
68382
32
68973
101
69092
32
69423
113
69602
117
69752
101
69932
115
70152
116
70212
97
70332
32
70623
118
70773
105
70862
101
70982
110
71107
101
71222
32
71402
105
71522
110
71823
118
71972
105
72063
97
72262
116
72352
97
72962
32
73423
114
73543
105
73832
115
73891
112
73981
111
74212
110
74273
100
74362
101
74872
110
75123
99
75242
111
76934
8
77159
8
77632
100
77812
111
77902
99
78053
105
80852
32
82412
99
82562
104
82652
101
82772
32
83282
101
83432
39
83572
32
83632
115
83882
116
83942
97
84182
116
84222
97
84391
32
84642
115
84952
111
85072
116
85227
116
85315
111
85463
109
85552
101
85802
115
85952
115
86091
97
87142
46
