74020
16
74290
16
74350
16
74350
78
74680
69
74790
76
75010
32
75830
77
75940
69
76320
90
76430
90
76650
79
76870
32
76980
68
77200
69
77310
76
77530
32
77810
67
77860
65
78190
77
78300
77
78520
73
78740
78
78910
32
79130
68
79240
73
79460
32
79680
78
79890
79
80000
83
80170
84
80390
82
80500
65
80660
32
80880
86
81210
73
81430
84
81540
65
81710
32
81980
77
82200
73
82420
32
82590
82
82750
73
82970
84
83190
82
83460
79
83790
86
83900
65
84120
73
84450
32
84780
80
84890
69
85110
82
85220
32
85440
85
85660
78
85770
65
85990
32
86100
83
86270
69
86430
76
86760
86
86930
65
87090
32
87360
79
87530
83
87800
67
88130
85
88410
82
88740
65
89010
32
89620
67
89950
72
90500
192
90720
69
91810
32
92030
76
92140
65
92250
32
92530
68
92690
73
93020
82
93520
8
93680
8
93850
8
94070
8
94230
8
94450
8
94670
8
94830
8
95490
69
95600
32
95820
76
95820
65
96040
32
96210
68
96430
73
96760
82
97200
73
97530
84
97640
84
97750
65
97910
32
98620
86
98900
73
98950
65
99230
32
99390
69
99610
82
99720
65
99890
32
00000
83
00270
77
00330
65
00710
82
00820
82
01150
73
01480
84
01760
65
03350
190
03730
32
03900
16
04120
86
04340
73
04560
83
04670
84
04940
79
05160
32
05270
67
05490
72
05650
69
05760
32
06480
72
06750
79
06970
32
07190
80
07470
73
08460
192
08620
85
08840
32
09120
79
09330
32
09500
77
09610
69
09830
78
10050
79
10270
32
10490
76
11310
222
11420
222
11640
8
12900
69
13120
84
13450
192
13730
65
14060
32
14330
68
14440
73
14660
32
14720
16
14940
68
15050
65
15320
78
15600
84
15710
69
16040
32
17740
81
17850
85
17960
65
18120
78
18340
68
18510
79
18890
32
19770
83
19880
67
20160
82
20480
73
20650
83
20810
83
20980
69
21090
32
21360
76
21470
65
21690
32
21860
16
22080
68
22410
73
22680
86
22900
73
23120
78
23230
65
23340
32
23560
16
23670
67
23950
79
24160
77
24330
77
24440
69
24660
68
24770
73
24930
65
25480
32
25760
80
25920
69
26140
78
26310
83
26470
65
26750
86
27020
79
27240
32
27350
68
27520
73
27730
32
27900
67
28230
73
28450
84
28560
65
28720
82
28830
69
29000
32
32460
81
32620
85
32730
69
33060
83
33670
84
34000
79
34380
32
34820
66
34930
69
35150
78
35750
32
36030
78
36250
79
36520
84
36800
32
37950
8
38940
79
39210
32
39600
73
39760
78
39980
73
40090
90
40310
73
40530
79
43830
190
44160
32
49490
16
49760
16
49810
16
49870
16
49920
16
49980
16
50090
16
50140
16
50200
16
50250
16
50310
16
50420
16
50470
16
50530
16
50580
16
50690
16
50750
16
50800
16
50860
16
50910
16
50970
16
51080
16
51130
16
51190
16
51240
16
51300
16
51410
16
51460
16
51520
16
51570
16
51680
16
51680
16
51790
16
51850
16
51900
16
52010
16
52010
16
52120
16
52180
16
52230
16
52290
16
52400
16
52450
16
52510
16
52560
16
52620
16
52670
16
52730
16
52840
16
52890
16
52950
16
53000
16
53060
16
53170
16
53220
16
53280
16
53330
16
53390
16
53490
16
53550
16
53600
16
53660
16
53710
16
53770
16
53880
16
53930
16
53990
16
54040
16
54100
16
54210
16
54260
16
54320
16
54370
16
54480
16
54540
16
54590
16
54650
16
54760
16
54810
16
54870
16
54920
16
54980
16
55090
16
55090
16
55200
16
55250
16
55310
16
55360
16
55470
16
55530
16
55580
16
55640
16
55690
16
55750
16
55800
16
55910
16
55970
16
56020
16
56130
16
56190
16
56240
16
56300
16
56350
16
56410
16
56520
16
56570
16
56630
16
56680
16
56740
76
57230
79
57500
32
57670
83
57830
77
57890
65
58220
82
58330
82
58550
73
58770
69
58930
77
59150
78
59480
84
59480
89
59870
79
60690
8
60690
220
61020
8
61730
8
61900
8
62340
8
62560
8
62670
8
62720
8
62780
8
62830
8
62890
8
62940
8
63050
8
63110
8
63160
8
63220
8
70250
16
70470
16
70520
16
70630
16
70690
16
70740
16
70800
16
70850
16
70910
16
71020
16
71070
16
71130
16
71240
16
71290
16
71350
16
71400
16
71460
16
71510
16
71570
16
71680
16
71730
16
71790
16
71840
16
71890
16
72000
16
72060
16
72110
16
72170
16
72220
16
72330
16
72390
16
72440
16
72500
16
72550
16
72610
16
72720
16
72770
16
72830
16
72880
16
72990
16
73050
16
73100
16
73160
16
73270
16
73270
16
73380
16
73430
16
73490
16
73540
16
73600
16
73710
16
73760
16
73820
16
73870
16
73930
16
74040
16
74090
16
74150
16
74200
16
74260
16
74370
16
74420
16
74480
16
74530
16
74590
16
74700
16
74750
16
74810
16
74860
16
74920
16
74970
16
75080
16
75140
16
75190
16
75250
16
75300
16
75410
16
75470
16
75520
16
75570
16
75630
16
75680
16
75790
16
75850
16
75900
16
75960
16
76010
16
76120
16
76180
16
76230
16
76290
16
76400
16
76450
16
76510
16
76560
16
76560
83
76890
73
77170
32
77330
80
77550
79
77720
83
77830
83
77990
79
78210
78
78490
79
78650
32
78820
67
78930
73
79250
84
79530
65
79690
82
79800
69
79970
32
80240
65
80460
78
80680
67
80900
72
81010
69
81180
32
81290
65
81450
76
81730
84
81890
82
82170
73
82390
32
82550
73
82770
78
82930
73
83040
90
83260
73
83480
32
83760
70
83810
65
84140
77
84360
79
84530
83
84750
73
86010
32
88210
68
88370
69
88430
76
88650
32
88920
84
89200
73
89420
80
89580
79
89970
32
90680
81
90900
85
91340
8
91560
8
92330
16
92550
81
93100
85
93370
76
93480
69
93700
32
94630
8
94850
8
95070
8
95240
8
95400
8
96170
81
96340
85
96500
69
96720
76
96940
32
97160
82
97270
65
97660
77
97820
79
98090
32
98200
68
98370
69
98480
76
98700
32
98860
76
98920
65
99190
71
99470
79
99630
32
99800
68
99960
73
00180
32
00400
67
00510
79
00730
77
00900
77
01440
8
02050
79
02490
32
02710
190
02930
190
03200
190
03640
32
06170
16
06330
79
06610
80
07160
8
07380
8
08200
79
08420
80
08530
80
08800
85
09020
82
09130
69
09300
32
10290
85
10510
78
10670
32
10890
71
11110
73
11330
79
11610
82
12160
78
12380
79
14900
16
15180
16
15230
16
15290
16
15340
16
15400
222
15560
222
16060
8
16440
39
17100
8
17150
16
17370
16
17430
81
18200
39
18420
39
18470
39
18530
39
18580
39
18690
39
18750
39
18800
39
18860
39
18970
39
19020
39
19080
39
19130
39
19190
39
19300
39
19350
39
19410
39
19460
39
19570
39
19630
39
19680
39
19740
39
19790
39
20390
37
20720
8
20890
16
21110
16
21220
16
21270
16
21270
67
21820
39
22040
39
22100
39
22210
39
22260
39
22320
39
22370
39
22430
39
22810
37
23360
16
23580
16
23630
16
23690
16
23800
16
23850
16
23910
222
24070
222
24620
8
25060
39
25280
39
25340
39
25450
39
25450
39
25560
39
25610
39
25890
39
26050
39
26660
8
26820
16
27040
16
27100
222
28850
16
29070
85
30230
8
30390
16
30610
16
30720
222
30830
222
31540
8
32750
16
32970
16
33030
85
33850
39
34070
39
34130
39
34240
39
34290
39
34560
39
34730
39
34890
39
35390
32
35500
16
35660
71
35880
82
35990
69
36210
71
36430
79
36710
82
36980
32
37090
16
37200
83
37370
65
37590
77
37860
83
38080
65
38240
32
39070
83
39230
73
39840
32
39950
83
40170
86
40280
69
40440
71
40830
76
41050
73
41600
192
41820
79
42030
32
42250
84
42470
82
42580
65
42750
70
43080
79
43350
82
43680
77
43790
65
43960
84
44230
79
44400
32
44670
73
44840
78
45000
32
45220
85
45390
78
45550
32
45990
78
46980
8
47750
73
47910
78
48020
83
48240
69
48410
84
49180
84
49500
79
50880
32
51150
190
51320
190
51480
190
51760
16
51980
16
52030
16
52090
16
52200
16
52200
222
52860
16
53020
222
53570
8
55380
32
85100
8
85320
16
85540
16
85590
190
86520
8
86850
190
87020
32
87070
16
87290
77
87460
65
87510
32
87840
80
87950
69
88170
82
88390
67
88720
72
90810
222
90970
192
91360
32
91850
8
92020
8
92900
8
93230
222
93450
192
93990
8
94320
8
94930
222
95310
69
95530
32
96300
83
96470
84
96690
79
96910
32
97020
81
97230
85
97450
73
97620
32
97730
65
97840
32
98060
67
98330
73
98550
84
98610
65
98770
82
98880
69
99100
32
99380
73
99540
78
99710
73
99820
90
99980
73
00260
32
00640
68
00750
73
00910
32
01190
76
01350
73
01630
66
01900
82
02290
73
02450
32
02730
79
02950
32
03220
82
03330
65
03500
67
03550
67
03940
79
04160
78
04490
84
04760
73
04870
32
05140
70
05250
65
05530
77
05750
79
05910
83
06190
73
06460
16
06680
191
07400
32
07560
16
07780
16
07840
16
07890
16
08000
16
08060
66
08330
69
08660
72
08990
188
09210
32
09370
76
09480
65
09590
32
09870
82
09920
65
10030
71
10310
73
10470
79
10690
78
10750
69
10910
32
11460
192
11630
69
11950
32
12120
83
12280
69
12450
77
12670
80
13000
82
13110
69
13330
32
13600
76
13660
65
13880
32
14040
83
14150
79
14370
76
14590
73
14870
84
14920
65
15250
32
16130
8
16180
16
16460
16
16510
186
16680
32
16900
82
17170
73
17280
69
17390
77
17610
80
17940
85
18380
8
18660
73
18880
82
18990
69
19150
32
19260
81
19530
85
19640
69
19860
83
20030
84
20140
69
20360
32
20690
77
20800
65
20910
76
21020
69
21240
68
21570
69
21840
84
22010
69
22890
8
23320
84
23430
69
23870
32
25250
68
25410
73
25580
69
25800
67
26130
73
26730
32
26950
79
27220
32
27330
68
27440
79
27830
68
28050
73
28380
67
28650
73
28820
32
28930
82
29090
73
29370
71
29590
72
29700
69
29970
32
30250
67
30360
72
30520
69
30630
32
32330
67
32440
79
32660
77
32990
69
33160
32
33490
85
33710
78
33870
32
34090
83
34310
85
34580
80
34750
80
34910
76
35130
73
35240
90
35460
73
35630
79
35900
32
36290
81
36450
85
36670
79
37110
84
37330
73
37660
68
37770
73
37880
65
38100
78
38320
79
38760
32
41290
77
41500
73
41670
32
41940
84
42160
79
42440
67
42600
67
42710
65
42880
32
42990
65
43210
70
43370
70
43650
82
44360
8
44530
8
44750
8
44910
8
45620
82
46170
73
46450
84
46670
82
46890
79
47160
86
47270
65
47440
82
47820
77
47990
73
48210
32
48430
68
48540
65
48700
86
48860
65
49140
78
49470
84
49740
73
50510
32
51010
81
51120
85
51340
79
51670
84
51890
73
52220
68
52330
73
52440
65
52760
78
52870
65
53090
77
53310
69
53530
78
53810
84
53920
69
55070
32
55180
16
55400
16
55460
57
56440
81
56550
85
56720
73
56940
32
57160
65
57270
86
57430
82
57540
69
57820
73
58040
32
58370
80
58530
79
58970
84
59250
85
59410
84
59690
79
59960
32
60290
65
60450
78
60670
67
60890
72
61000
69
61170
32
61280
68
61500
73
61770
82
61880
69
62160
32
62430
16
62650
16
62710
222
62870
222
63640
37
64020
79
64350
71
64520
78
64740
73
64900
32
65180
71
65340
73
65510
79
65780
82
66000
78
66220
79
66610
39
67260
32
67430
77
67540
65
67700
32
67920
81
68090
85
68420
79
68800
84
69080
73
69410
68
69520
73
70120
65
70290
78
70620
65
71330
77
71440
69
71600
78
71820
84
71990
69
72150
32
72430
79
72760
67
72920
67
73200
85
73420
80
73690
65
74190
32
74460
80
74680
73
75170
192
75500
85
75940
32
76600
83
76770
80
76930
65
77150
90
77480
73
77700
79
77870
16
78090
16
78140
48
78410
190
78630
32
78690
16
78850
66
79180
69
79350
78
79730
188
80170
32
80890
65
81160
78
81440
67
81710
72
81820
69
81980
32
82260
79
82530
71
82640
71
82970
73
83520
188
83690
32
83960
84
84130
82
84290
65
84510
32
84680
66
85060
73
85450
8
85720
79
85880
73
85990
65
86160
84
86320
69
86430
32
86650
86
86710
65
86870
82
87150
73
87310
69
87640
188
87860
32
88030
83
88360
79
88580
78
88800
79
89020
32
89240
71
89450
73
89620
85
89840
78
90060
84
90280
79
90550
32
91380
65
91490
76
91710
76
91760
65
91980
32
92090
67
92310
79
92590
78
92860
67
93030
76
93300
85
93460
83
93630
73
93850
79
94070
78
94230
69
94890
190
