92920
16
93080
67
93360
73
93360
85
94240
8
94900
65
95010
79
95170
16
95340
49
96430
32
96540
16
96710
80
97040
69
97090
82
97310
67
97590
72
98250
192
98360
69
98690
32
99180
84
99230
65
99510
78
99780
84
00060
79
00280
32
00500
69
00720
78
01050
84
01270
85
01430
83
01600
73
01710
65
01930
83
02260
77
02530
79
02910
16
03130
16
03190
16
03300
16
03350
16
03350
191
03850
32
04120
16
04340
73
04560
78
04730
32
04840
69
05000
70
05110
70
05220
69
05440
84
05500
84
05830
73
06050
32
06270
78
06540
79
06760
78
06870
32
07420
67
07580
73
07800
32
07860
83
08080
79
08350
77
08850
8
09180
78
09400
79
09560
32
09780
80
09890
65
10110
82
10270
84
10600
73
10710
67
10930
79
11100
65
11150
76
11480
82
11870
73
12090
32
12310
77
12530
79
12750
84
13080
73
13350
86
13630
73
13900
32
14060
77
14170
65
14280
32
14560
80
14720
69
14890
82
14940
32
15220
85
15380
78
15490
65
15600
32
15820
86
16040
79
16210
76
16540
84
16650
65
16920
32
17520
86
17800
79
18020
76
18130
69
18400
86
18680
79
18900
32
19010
83
19170
77
19340
69
19450
78
19720
84
19940
73
20220
82
20270
69
20440
32
20660
76
20770
65
20930
32
21150
68
21310
73
21590
67
21700
69
21860
82
22250
73
22300
65
22470
32
22630
67
22800
72
22910
69
23070
32
23950
81
24170
85
24340
69
24500
83
24610
84
24940
79
25160
32
25380
76
25490
65
25710
86
25980
79
26200
82
26370
79
26640
32
26750
67
26920
72
26970
69
27140
32
27360
67
27740
73
27910
32
28180
72
28240
65
28400
32
28560
65
28670
80
28840
80
29060
73
29280
79
29500
80
29610
80
29720
65
29990
84
30320
79
30540
32
30760
73
30930
76
31150
32
31200
16
31370
71
31530
85
31750
78
31860
69
32140
84
32190
84
32520
73
32790
32
33400
67
33510
73
33730
32
34000
82
34110
69
34440
78
34610
68
34770
69
34880
32
35160
84
35380
85
35650
84
35760
84
36140
73
36360
32
36530
68
36690
69
36910
80
37080
82
37240
69
37570
83
37680
83
37790
73
38180
190
38840
32
39390
16
39600
16
39660
80
40320
85
40590
82
40760
84
41030
82
41530
79
41800
80
41910
80
42080
79
42630
188
42790
32
42960
67
43070
79
43290
77
43390
69
43500
32
43830
84
44050
85
44270
84
44380
84
44490
69
44660
32
44880
76
44990
69
45150
32
45210
68
45430
73
45590
67
45810
69
45980
82
46310
73
46530
69
46690
32
46910
67
47130
79
47680
78
48120
84
48390
73
48560
69
48830
78
49000
69
49110
32
49330
85
49550
78
49710
32
49990
70
50150
79
50370
78
50650
68
50750
79
51030
32
51250
68
51410
73
51580
32
51800
86
51910
69
52070
82
52510
73
52840
84
53340
192
53670
65
54220
32
56300
8
57240
190
57570
32
58170
16
58390
80
58660
82
58770
69
59050
78
59210
68
59380
69
59540
82
59600
69
59820
32
59980
65
60200
80
60370
80
60970
85
61190
78
61470
84
61960
73
62120
16
62400
16
62450
186
62730
32
63000
76
63660
222
63880
222
64100
8
64870
69
65090
78
65530
84
65750
85
65860
83
66020
73
66130
65
66410
83
66630
77
66850
79
67070
32
67230
83
67400
73
67620
32
67620
69
67890
83
68060
65
68280
85
68610
82
68940
73
69100
83
69260
67
69430
69
69540
32
69870
73
70030
78
70200
32
70470
80
70690
79
70800
67
71080
72
71190
69
71300
32
71630
82
71790
73
72120
71
72340
72
72400
69
72620
32
72730
69
72890
32
73000
81
73220
85
73380
73
73600
78
73820
68
73990
73
74430
32
75470
192
75750
69
75970
32
76080
83
76300
67
76570
79
77170
78
77390
68
77890
8
78050
83
78380
73
78710
71
79100
75
79100
76
79260
73
79370
65
79590
66
79870
73
80030
76
80140
69
80740
8
81020
8
81070
8
81130
8
81180
8
81240
8
81350
8
81400
8
82230
76
82450
73
82560
65
82720
66
83050
73
83220
76
83330
69
83660
190
83930
32
83980
16
84150
77
84590
69
84970
71
85300
76
85520
73
85690
79
86070
32
86730
85
86950
78
87170
65
87170
32
87500
76
88650
85
88870
78
89150
71
89310
65
89370
32
89640
76
89750
65
89860
77
90080
69
90190
78
90410
84
90580
69
90850
76
90960
65
91230
32
92060
67
92170
72
92330
69
92550
32
94370
67
94530
79
94810
78
94910
83
95130
69
95350
78
95630
84
95740
69
96010
32
96670
68
96780
73
97170
32
98490
71
98650
85
98760
65
99090
68
99200
65
99360
71
99690
78
99860
65
00080
82
00190
69
00350
32
00630
77
00850
79
01010
76
01290
84
01400
69
01510
32
01840
80
02110
73
02440
192
02820
85
03040
32
03320
82
03430
73
03700
71
03920
72
04090
69
05130
190
05570
32
13700
16
13920
16
13970
65
14410
76
14520
76
14740
79
14960
82
15130
65
15240
32
15460
76
15570
65
15730
77
16010
69
16120
78
16390
84
16560
73
16720
65
16830
77
17050
79
17320
67
17650
73
18040
190
18310
32
18370
16
18590
16
18700
16
18700
68
19030
73
19030
79
19300
32
19800
67
19910
79
20070
83
20240
65
20570
16
20840
16
20890
16
20950
16
21000
16
21060
191
21500
32
22870
37
23090
37
23150
37
23200
37
23260
37
23370
37
23420
37
23480
37
23590
37
23640
37
23920
39
24080
39
24250
39
24850
8
25400
40
26060
16
26280
16
26390
16
26440
16
26500
16
26500
78
26720
79
26940
78
27100
32
27270
83
27430
65
27540
80
27870
82
27980
69
28470
73
29300
190
29680
32
31000
16
31220
16
31330
16
31330
16
31440
16
31500
16
31550
16
31610
16
31720
16
31770
68
31930
69
32370
76
32540
32
32810
84
32870
69
33200
77
33420
80
33640
79
33860
16
34080
191
34350
32
34460
16
34680
16
34740
16
34790
16
34900
16
34960
16
35010
16
35070
16
35180
16
35230
16
35290
16
35340
16
35400
16
35450
16
35560
16
35610
16
35670
16
35720
16
35780
16
35890
16
35940
16
36000
86
36160
65
36270
32
36550
66
36600
69
36770
78
36880
69
37480
188
37650
32
37810
76
37870
65
38030
77
38200
69
38420
78
38690
84
38970
73
39020
65
39240
77
39400
79
39730
67
40120
73
40340
32
40560
68
40720
69
41160
76
41330
32
41600
84
41770
69
42150
77
42370
80
42540
79
42810
190
43030
32
43410
16
43630
16
43740
16
43740
16
43850
16
43910
16
43960
16
44020
16
44130
16
44180
16
44180
79
45170
8
45390
16
45560
80
45780
73
45940
79
46220
86
46330
69
47480
32
47640
69
47810
32
47920
81
48140
85
48250
69
48410
83
48580
84
48910
79
49130
32
49350
78
49510
79
49730
78
49950
32
50120
192
50550
69
50770
32
50990
66
51160
69
51380
76
51490
76
51760
79
52590
190
52810
32
52860
16
53080
16
53140
16
53190
77
53360
77
53740
72
54890
8
55060
8
55940
77
56320
72
56760
188
56930
32
57150
76
57310
69
57420
32
57640
76
57750
65
57910
77
58020
69
58300
78
58630
84
58740
69
59070
76
59180
69
59400
32
59450
83
59670
85
59890
76
60280
32
60550
84
60660
69
60940
77
61210
80
61430
79
61650
32
61760
83
61870
73
62090
32
62200
69
62420
83
62580
65
62750
85
63130
82
63410
73
63570
83
63850
67
64120
79
64340
78
64620
79
64840
32
65050
73
65270
78
65440
32
65660
70
65880
82
65930
69
66260
84
66430
84
66540
65
67800
190
68080
32
68240
16
68460
16
68520
68
68620
69
69010
76
69170
32
69500
71
69610
79
69940
86
70110
69
70220
82
70770
78
71040
79
71320
16
71540
16
71590
191
71980
32
72300
16
72520
16
72580
16
72690
16
72690
78
72960
79
73180
78
73350
32
73570
83
73680
69
73840
82
74060
86
74170
69
74780
188
74940
32
75600
72
76040
79
76260
32
76480
71
76750
73
77140
192
77360
65
77520
32
77740
68
77850
69
78020
84
79830
84
79990
79
80270
32
80380
67
80600
72
80710
69
80820
32
81150
80
81310
73
81530
79
81920
86
82030
69
82910
32
83400
69
83510
32
83670
67
84000
73
84280
192
84660
79
84940
32
85210
67
85430
79
85710
78
85980
84
86040
69
86370
73
87300
8
87520
8
88120
73
88180
69
88340
78
88450
69
88620
32
88950
73
89060
77
89280
80
89500
76
89720
73
89940
67
90270
73
90540
84
90710
65
90980
77
91090
69
91250
78
91470
84
91580
69
91750
32
92130
73
92520
76
92680
32
92960
82
93070
73
94770
70
94880
69
94990
82
95320
73
95480
69
95650
77
95810
78
96030
84
96360
79
96640
32
96910
65
97020
76
97240
32
97460
71
97740
79
98070
86
98170
69
98340
82
98830
78
99110
79
99330
32
99490
67
99660
72
99770
69
00700
188
00920
32
01030
67
01200
79
01360
77
01530
69
01640
32
01800
67
01960
73
02180
32
02290
68
02400
73
02680
67
02790
69
02900
32
03280
73
03450
76
03670
32
03890
66
04000
69
04160
78
04880
32
05100
78
05320
79
05590
84
05920
79
06300
32
07070
68
07180
69
07400
84
07570
84
08010
79
08500
188
08780
32
08890
83
09050
69
09110
32
09430
80
09710
73
09930
79
10260
86
10480
69
11800
32
12180
192
12890
69
13440
32
14050
67
14160
69
14270
82
14430
84
14540
65
14760
77
14980
69
15150
78
15370
84
15480
69
15810
32
16470
76
16520
65
16900
68
17070
82
17950
79
18280
190
18500
32
18610
16
18770
66
19050
69
19540
78
19760
69
20040
188
20250
32
20360
65
20580
78
20800
67
21020
72
21080
69
21240
32
21680
79
22010
70
22780
8
23110
71
23220
71
23390
73
23610
32
23830
72
24040
79
24210
32
24480
70
24650
73
24810
78
25090
73
25360
84
25640
79
25860
32
26020
67
26190
79
26460
78
26630
32
26850
73
27070
76
27230
32
27450
77
27610
73
27830
79
28050
32
28380
77
28660
85
29100
67
29260
67
29430
72
29650
73
29870
79
30090
32
30310
68
30420
73
30640
32
30860
83
31020
67
31620
73
31840
79
32340
67
32450
67
32670
72
32720
69
33220
90
33330
90
33550
85
33880
79
34100
76
34210
69
34540
190
