30030
83
30140
84
30250
65
30690
77
30910
65
31130
84
31240
84
31570
73
31790
78
31900
65
32060
32
32390
77
32610
73
32830
32
32940
83
33110
79
33330
78
33550
79
33710
32
33820
83
33990
86
34100
69
34260
71
34480
76
34700
73
34760
65
35030
84
35300
79
35470
32
35580
65
35740
76
35910
76
35960
69
36180
32
36950
83
37170
69
37340
84
37500
84
37670
69
37890
32
39700
69
39860
32
40080
72
40300
79
40470
32
40740
70
40850
65
40960
84
41070
84
41460
79
41680
32
42770
85
43050
78
44040
222
45300
222
46010
8
46290
65
46510
66
46560
66
46890
79
47170
78
47550
68
47660
65
47990
78
48210
84
48320
69
48430
32
48600
67
48820
79
48980
76
49090
65
49310
90
49590
73
49800
79
50130
78
50130
69
50300
32
51400
67
51510
79
51950
78
52220
32
52390
85
52660
78
52830
32
53050
67
53100
65
53320
70
53430
70
53920
69
54200
222
54360
222
54640
8
56120
32
56620
69
56780
68
56890
32
57110
85
57330
78
57440
65
57550
32
57880
84
58260
79
58540
82
58810
84
58980
65
60840
190
62490
32
64030
16
64250
80
64470
79
64740
73
64960
32
65130
77
65350
73
65510
32
65680
83
65790
79
65950
78
66170
79
66390
32
66560
76
66670
65
66890
86
67000
65
67160
84
67600
79
68750
32
69190
69
69520
32
69850
77
70070
73
70290
32
70350
83
70510
79
70730
78
70950
79
71120
32
71390
70
71450
65
71610
84
71720
84
72050
79
72210
32
72490
76
72540
65
72710
32
72870
66
72980
65
73200
82
73810
66
75020
65
75560
32
76550
77
76830
73
77270
32
77540
83
77650
79
77980
78
78200
79
78970
32
79520
86
79570
69
79790
83
79900
84
80290
73
80510
84
80840
79
81110
32
82210
69
82430
83
82600
32
83420
8
83580
8
83910
32
84190
83
84410
79
84630
78
84790
79
85010
32
85290
85
85840
83
85950
67
86280
73
86550
84
86880
79
87100
32
87260
68
87370
73
87650
32
87870
67
87980
65
88200
83
88360
65
88470
32
88860
80
88970
69
89190
82
89350
32
89570
86
89630
69
89850
78
90070
73
90280
82
90450
69
90560
32
90780
65
90940
32
91270
76
91380
65
91600
86
91880
79
92150
82
92150
65
92430
82
92540
69
93470
190
93750
32
93750
16
93960
79
94290
82
94350
65
94510
32
94680
83
94790
84
95170
79
95390
32
95610
83
95670
67
95890
82
96330
73
96820
86
96880
69
97150
78
97320
68
97430
79
97640
32
97920
81
98190
85
98300
69
98520
83
98630
84
98910
79
99180
32
99460
66
99570
69
99730
76
99950
32
00230
84
00280
69
00610
77
00830
73
01000
78
01270
79
01490
32
01760
67
01980
72
02150
69
02260
32
02480
77
02700
73
02920
32
03080
82
03250
73
03410
67
03580
79
03910
82
04020
68
04240
65
04350
32
04570
84
04680
65
04890
78
05170
84
05500
79
05770
32
06050
73
06270
76
06490
32
07370
80
07420
69
07700
82
07860
73
08140
79
08300
68
08630
79
08960
32
09340
73
09560
78
09730
32
09890
67
10110
89
10770
8
11100
85
11320
73
11540
32
11650
83
11870
69
12090
68
12260
69
12470
86
12800
79
13020
32
13190
83
13350
85
13520
32
13740
85
13960
78
14120
32
14290
66
14400
65
14510
78
14780
67
14950
72
15110
69
15330
84
15440
84
15830
79
16040
32
16260
68
16430
73
16650
32
16870
67
17030
83
17690
8
17910
8
18520
83
18630
67
18960
85
19180
79
19340
76
19450
65
19670
32
19780
69
19940
32
20160
76
20270
65
20490
32
20660
77
20880
73
20930
65
21320
32
21480
83
21650
79
21870
76
21920
65
22140
32
22470
80
22640
82
22800
69
23020
79
23510
67
23620
67
23840
85
24060
80
24230
65
24500
90
24780
73
24940
79
25160
78
25380
69
25770
32
26430
69
26590
82
26760
65
27190
32
27470
68
27580
69
27740
67
28020
73
28130
68
28240
69
28460
82
28570
69
28730
32
28840
65
29060
32
29280
67
29450
79
29560
83
29720
65
29890
32
30110
71
30380
73
30600
79
30870
67
30930
65
31090
82
31260
69
31420
32
31700
78
31810
69
32030
76
32190
32
32520
80
32690
79
32850
77
32960
69
33180
82
33570
73
34010
71
34280
71
34660
73
34880
79
36370
32
36480
16
36590
57
36920
66
37080
69
37300
72
37800
188
38020
32
38290
70
38400
79
38560
82
38730
83
38950
69
39060
32
39610
76
39660
69
39830
32
39990
67
40160
79
40270
83
40430
69
40540
32
40820
78
41040
79
41310
78
41480
32
41640
83
41800
79
42080
78
42300
79
42520
32
42790
80
42960
79
43120
73
43340
32
44390
84
44440
65
44660
78
44940
84
45270
79
45480
32
45700
67
45760
65
46140
77
46310
66
46580
73
46750
65
46970
84
47080
69
47570
32
47790
68
47900
65
48070
32
48230
65
48400
76
48510
76
48730
79
48950
82
49060
65
49380
16
49490
48
50480
190
50810
32
51750
16
52020
16
52080
16
52190
16
52240
16
52300
16
52350
16
52410
16
52520
16
52570
16
52630
16
52680
16
52740
16
52790
16
52840
16
52950
16
53010
16
53060
16
53120
73
53340
76
53500
32
53780
80
53830
69
54440
90
54600
90
54770
79
54990
32
55100
68
55260
65
55480
32
55590
83
55700
67
55920
82
56250
73
56520
86
56580
69
56800
82
56910
69
57070
32
57240
69
57570
222
57680
222
57900
8
58170
32
58450
86
58560
69
58720
82
58780
65
59270
77
59440
69
59660
78
59880
84
59990
69
60200
32
60860
76
61080
85
61300
78
61690
71
61910
79
62730
32
62950
69
63120
32
63390
83
63500
84
63830
79
64100
32
64270
66
64540
79
64820
67
64980
67
65090
72
65260
69
65590
71
65700
71
65920
73
66030
65
66190
78
66410
68
66630
79
66850
32
67070
80
67180
69
67350
82
67460
32
67620
65
67890
82
68000
82
68330
73
68610
86
68720
65
68940
82
69050
69
69160
32
69320
65
69490
76
69600
76
69760
65
69930
32
70200
70
70420
73
70640
78
70810
69
71790
190
72070
32
73390
16
73610
16
73660
16
73770
16
73830
16
73880
16
73940
16
73990
16
74100
16
74160
16
74210
16
74270
16
74320
16
74430
16
74490
16
74540
16
74600
16
74650
16
74760
16
74760
67
75030
73
75250
32
75360
83
75530
73
75640
65
75800
77
76020
79
76680
32
77340
81
77510
85
77670
69
78500
8
78930
65
79100
83
79650
73
79980
32
80580
77
80640
65
81020
32
82560
68
82670
69
82890
86
83160
79
83380
32
83880
84
84150
73
84260
82
84480
65
84810
82
85200
76
85360
65
85530
32
85750
76
86020
85
86240
78
86460
71
86570
65
86680
32
86840
65
87170
78
87390
67
87670
79
88000
82
88110
65
88160
32
88550
80
88660
69
88930
8
89260
8
89920
80
90030
69
90190
82
90250
32
90520
85
90740
78
90850
32
91070
65
91240
80
91460
73
91680
79
92500
8
92720
8
92890
8
93050
8
93760
80
93820
65
93980
73
94150
79
94370
32
94480
68
94590
73
94750
32
94970
82
95080
73
95410
71
95630
72
95850
69
97110
190
97500
32
99530
16
99810
83
99970
69
00520
78
00790
84
02940
8
03160
8
03320
8
03600
8
03930
16
04150
16
04200
16
04310
16
04370
16
04420
16
04470
16
04530
16
04580
16
04690
16
04750
16
04800
16
04800
79
05080
82
05190
65
05350
32
05520
86
05790
73
06010
32
06120
83
06290
65
06400
76
06730
85
06950
84
07280
73
07280
79
08210
8
08430
8
08980
79
09200
32
09360
69
09580
32
10900
82
11230
73
11780
77
11940
65
12110
78
12330
68
12550
79
12770
32
12990
84
13260
85
13480
84
13540
84
13870
79
14090
32
14200
65
14360
76
14530
76
14640
65
14800
32
15080
80
15240
82
15460
79
15620
83
15840
83
16060
73
16280
77
16450
65
16610
32
18100
77
18370
65
18540
73
18810
76
19800
190
20070
32
20180
16
20350
83
20680
80
20790
69
21450
82
21610
79
21830
32
22220
67
22330
72
22490
69
22660
32
22820
81
23150
85
23200
69
23370
83
23590
84
23860
79
24140
32
24360
83
24520
73
24630
65
24850
32
25180
83
25460
85
25840
70
26010
70
26230
73
26450
67
26610
73
26720
69
26990
78
27320
84
27430
69
28090
32
28860
69
28970
32
29300
70
29580
73
29800
78
30020
65
30230
76
30450
77
30560
69
30730
78
30950
84
31060
69
31220
32
31440
83
31610
84
31940
79
32160
32
32430
80
32540
69
32760
82
32820
32
33090
70
33370
73
33640
78
33860
73
34080
82
34240
69
35070
32
35340
71
35560
82
35670
65
35890
90
36170
73
36280
69
36440
32
36610
65
36770
76
37050
32
37210
67
37490
73
37650
69
37760
76
38090
79
39900
188
40120
32
40290
65
40510
78
40780
67
41060
79
41380
82
41490
65
41600
32
41930
85
42150
78
42370
32
42650
80
42810
79
43140
222
43310
222
43580
8
44240
32
44960
69
45170
68
45230
32
45450
79
45670
82
45780
65
45940
32
46110
67
46330
73
46440
83
46600
32
46820
65
46930
73
47210
77
47430
79
48420
8
48530
8
48690
8
48850
8
49900
8
50170
8
50560
32
50720
83
50890
73
50940
65
51160
77
51380
79
51440
16
51660
16
51710
16
51770
49
