10580
16
10750
16
10800
83
11240
79
11410
80
11680
82
11790
65
11960
32
12230
76
12400
65
12450
32
13710
80
13820
65
14100
78
14370
67
14480
65
14700
32
15140
76
15250
65
15420
32
15580
67
15690
65
15970
80
16190
82
16300
65
16460
32
16620
67
16730
65
17120
77
17450
80
18000
65
18820
188
19040
32
19150
83
19320
79
19590
84
19760
84
20030
79
20200
32
20470
76
20520
65
20690
32
20910
80
20960
65
21350
78
21570
67
21680
65
21840
32
22170
76
22230
65
22450
32
22670
67
22780
65
23330
80
23660
82
23710
65
23880
32
24090
67
24310
82
24370
69
24860
80
25030
65
25360
190
25740
32
25800
16
26020
16
26070
16
26180
16
26180
84
26400
82
26570
69
27120
78
27390
84
27450
65
27660
84
27880
82
27990
69
28270
32
28540
84
28710
82
28930
69
29200
78
29420
84
29750
73
29970
78
30190
73
30410
32
30690
69
30850
78
31130
84
31240
65
31400
82
31560
82
32280
8
33320
79
33600
78
33820
79
35130
8
35350
8
35410
8
35520
8
35570
8
36340
82
36780
65
37110
82
37500
79
37770
78
37990
79
38210
32
38430
73
38600
78
38760
32
38870
16
39030
84
39250
82
39360
69
39690
77
40350
8
40680
78
40850
84
41120
79
41340
32
41620
84
41840
85
42110
84
42220
84
42550
73
42710
32
42930
69
43040
32
43320
84
43480
69
43650
82
44140
78
44420
84
44420
65
44580
84
44800
82
44970
69
45080
32
45350
84
45520
82
45790
79
46280
84
46450
84
46560
69
46720
82
46890
69
48650
76
48810
65
49030
65
49960
8
50130
8
50350
76
50460
65
50730
78
51010
68
51230
79
51500
190
51830
32
53640
16
53860
16
53920
16
53970
16
54030
16
54080
16
54140
16
54250
16
54300
16
54360
16
54410
16
54520
16
54580
16
54630
16
54690
16
54740
16
54800
65
55240
80
55350
69
55570
76
55730
76
55840
69
56010
32
56340
70
56560
73
56830
71
57110
76
57320
73
57540
79
57760
32
57930
68
58090
73
58310
32
58530
16
58750
16
58810
16
58860
16
58920
16
59030
16
59080
16
59140
16
59190
16
59250
16
59300
16
59360
65
59800
80
59960
79
60130
76
60400
79
60950
8
61500
76
61720
79
61880
32
62160
70
62380
69
62490
67
62650
69
62820
32
63370
85
63590
78
63700
65
63860
32
64250
80
64300
65
64470
76
64680
76
64790
65
65010
32
65180
68
65340
73
65560
32
65780
80
65890
69
66060
76
66220
76
66330
69
66500
32
66660
68
66830
73
67050
32
67320
80
67540
79
67760
76
67870
76
68090
79
68690
32
71220
69
71330
32
71880
84
72150
85
72430
84
72870
84
73140
73
73360
32
73580
73
73910
32
74130
80
74300
69
74520
83
74740
67
75010
73
75180
32
75510
86
75610
69
75780
78
75890
78
76000
69
76220
82
76550
79
76710
32
76880
65
76990
32
77260
71
77370
65
77590
76
77700
76
77920
65
79240
32
79790
80
79900
69
80120
82
80230
32
80500
86
81000
8
81220
8
81380
8
81550
8
81710
8
82040
65
82260
32
82480
86
82590
69
82760
68
82870
69
83030
82
83140
69
83300
32
83580
76
83690
65
83800
32
84070
80
84130
65
84290
76
84460
76
84570
65
84790
32
85010
68
85170
73
85390
32
85610
80
85780
69
85890
76
86050
76
86220
69
86440
32
86650
68
86930
73
87150
32
87370
80
87530
79
87750
76
88030
76
88300
79
88580
32
88960
70
89020
65
89180
84
89350
84
89510
65
89680
32
89950
68
90060
65
90230
32
90390
16
90500
65
90880
80
91050
69
91270
76
91490
76
91760
69
91930
32
92260
70
92420
73
92700
71
92970
76
93190
73
93360
79
93580
32
93740
68
93910
73
94120
32
94290
16
94400
65
94840
80
95060
79
95550
76
95720
76
95880
79
97260
190
97530
32
97530
16
97750
78
98020
65
98130
84
98350
85
98630
82
98960
76
99180
65
00330
8
00610
8
01210
65
01480
76
01650
77
01760
69
01920
78
02140
84
02310
69
02690
188
02860
32
03190
71
03300
65
03520
76
03630
76
03850
73
04070
78
04120
65
04290
32
04510
86
04890
69
05060
67
05160
67
05440
72
05660
73
06040
65
06320
32
06650
70
06760
65
06920
32
07200
66
07470
85
07690
79
07860
78
08080
32
08240
66
08520
82
08790
79
09010
68
09170
79
09670
190
10000
32
10380
16
10600
16
10660
16
10710
16
10710
67
10990
72
11260
73
11430
32
11650
86
11810
65
12310
32
12740
67
13070
79
13350
78
13570
32
13790
71
14060
76
14230
73
14450
32
14670
90
15000
79
15220
80
15380
80
15600
73
15820
32
16100
73
16260
77
16480
80
16530
65
16810
82
17190
65
17360
32
17580
65
17740
32
17850
90
18130
73
18570
8
18840
79
19060
80
19170
80
19390
73
19720
67
19830
65
20050
82
20270
69
21480
190
21750
32
21920
16
22140
16
22190
16
22250
16
22360
16
22410
16
22410
73
22630
76
22850
32
23070
66
23290
85
23460
79
23670
78
24390
71
24660
73
24830
79
25100
82
25600
78
25820
79
26040
32
26260
83
26370
73
26640
32
26860
86
26970
69
27140
68
27240
69
27570
32
28180
70
28730
8
29110
68
29280
65
29440
76
29720
32
29880
77
29990
65
30210
84
30320
84
30650
73
30920
78
31250
79
38180
190
38390
32
38450
16
38670
82
39000
79
39270
83
39380
83
39550
79
39770
32
39930
68
40100
73
40320
32
40430
83
40650
69
40810
82
40870
65
43500
32
43720
66
43830
69
44050
76
44270
32
44490
84
44660
69
44930
77
45210
80
45210
219
45430
79
45700
32
45860
83
46030
73
46850
8
47020
8
47240
8
47400
8
47570
8
48230
79
48450
32
48560
83
48890
73
49110
32
49380
80
49540
83
49820
69
50040
82
50200
65
50920
8
51140
8
51360
8
51520
8
51740
8
52400
83
52620
80
52790
69
53170
82
53220
65
54980
190
55150
32
55260
16
55370
67
55640
72
56030
73
56250
32
56470
76
56520
65
56740
32
56960
70
57070
65
57230
32
57620
76
57840
222
58990
222
59270
8
59930
65
60150
83
60360
80
60470
69
60750
84
60860
84
61350
79
62070
8
62780
73
63880
190
64370
32
65910
16
66130
16
66240
16
66300
16
66350
16
66410
16
66460
16
66520
16
66630
16
66680
16
66740
16
66790
16
66850
16
66960
16
67010
16
67070
16
67120
16
67180
16
67290
16
67340
16
67400
16
67450
16
67510
16
67620
16
67670
16
67720
16
67780
16
67830
16
67890
16
68000
16
68050
16
68110
16
68160
16
68220
16
68330
16
68380
16
68440
16
68490
78
68710
79
68930
78
69100
32
69430
67
69760
222
69870
222
70090
8
71840
192
71900
69
72170
32
72390
68
72610
85
72720
69
72890
32
73000
83
73220
69
73440
78
73550
90
73770
65
73930
32
74210
84
74430
82
74480
69
75410
190
75690
32
75960
16
76180
16
76290
16
76350
16
76350
86
76570
65
76620
32
76900
66
76950
69
77120
78
77230
69
77450
32
77940
72
78160
79
78380
32
78820
81
79040
85
79090
65
79370
83
79700
73
79920
32
80140
69
81180
8
81350
83
82170
8
82940
69
83050
83
83160
65
83540
85
83820
82
84150
73
84420
84
84750
79
84970
32
85250
76
85360
69
85470
32
85740
70
86070
73
86230
76
86340
65
86620
83
86840
84
87000
82
87330
73
87330
79
88650
8
88820
8
89420
79
89700
67
89860
67
90020
72
90190
69
90300
32
90460
69
90570
32
90900
73
91120
80
91340
32
92880
8
93100
8
93380
32
93870
80
93980
82
94200
79
94470
86
94580
69
94860
82
95240
66
95520
73
95740
32
96010
68
96180
69
96340
76
96450
76
96560
65
96730
32
97000
76
97220
73
97440
78
97710
71
97930
85
98040
65
99140
32
99530
73
99750
78
00410
8
00740
84
00850
65
01010
76
01230
73
01340
65
01560
78
01720
65
02770
190
02990
32
05070
16
05240
77
05460
65
05570
32
05730
67
05950
79
06170
77
06280
69
06390
32
06610
68
06830
73
07050
77
07160
69
07330
78
07550
84
07820
73
08100
67
08150
65
08370
82
08530
69
08810
32
09630
67
09800
72
09960
69
10130
32
13970
68
14080
79
14360
78
14470
78
14630
65
14800
32
15400
66
15570
65
15780
70
15890
70
16170
85
16390
84
16550
65
16720
32
17650
192
17820
69
18200
32
18310
83
18480
69
18590
77
18860
80
19190
82
19300
69
19460
32
20120
80
20290
73
20340
65
20620
67
21000
73
21280
85
21550
84
21660
65
22160
32
23690
69
23800
32
23910
67
24130
72
24190
69
24410
32
24570
78
24680
69
24850
76
25010
76
25120
65
25340
32
25510
66
25730
79
26060
84
26170
84
26330
69
26500
32
26990
80
27210
73
27430
67
27650
67
27760
79
27980
76
28090
65
28250
32
28470
67
29020
222
29460
192
29790
69
29960
32
30230
73
30500
76
30610
32
30830
86
31000
73
31220
78
31380
79
31600
32
31820
66
32320
85
32480
79
32700
78
32920
79
33800
190
34020
32
34070
16
34240
73
34460
79
34620
32
34730
68
34900
73
35060
32
35230
67
35390
69
35500
82
35670
84
36050
79
36220
32
36440
78
36600
79
36820
78
36990
32
37210
76
37430
79
37590
32
37760
68
37920
73
38030
77
38190
69
38360
78
38630
84
39680
73
39950
67
40170
79
40560
32
40940
69
41220
32
42150
65
42370
32
42530
81
42810
85
42920
69
43140
83
43250
84
43520
79
43740
32
44180
80
44460
85
44620
78
44900
84
45720
79
45940
32
46210
86
46490
73
46650
32
46870
77
46980
65
47090
78
47420
68
47590
79
47810
32
48080
73
48250
32
48470
77
48630
73
48740
69
48960
73
49340
32
50000
80
50330
73
50720
192
50940
85
51160
32
51430
67
51490
65
51650
82
51980
73
52260
32
52910
83
53020
65
53300
76
53630
85
53850
84
54180
73
54620
190
55280
13
