46060
16
46280
16
46330
16
46440
16
46500
16
46550
16
46610
68
46770
69
46940
83
47160
67
47380
82
47760
73
48090
86
48420
73
48480
65
48590
77
48860
79
49030
32
49250
73
49410
76
49630
32
49900
80
50010
69
50290
82
50510
67
50670
79
50950
82
51110
83
51330
79
51550
32
51720
73
51940
78
52100
32
52380
84
52600
82
52650
69
53040
78
53250
79
53470
32
53750
84
53910
82
53970
65
54130
32
54240
16
54460
80
54630
65
54790
82
55180
77
55340
65
55620
32
56390
69
56610
32
56930
16
57150
16
57210
16
57320
16
57370
16
57370
84
57700
79
57980
82
58530
73
58750
78
58970
79
59350
32
59900
16
60010
80
60290
79
60510
82
60720
84
60780
65
61000
32
61110
16
61220
78
61380
85
61600
79
61990
86
62100
65
62540
188
63640
8
64350
190
64570
32
64620
16
64840
16
64900
65
65280
76
65450
76
65610
79
65940
82
66050
65
67210
188
67370
32
68630
76
68630
65
68850
83
68960
67
69290
73
69350
65
69620
78
69840
68
70060
79
70280
83
70450
73
71050
32
71600
65
71760
76
71930
76
72090
69
72200
32
72370
83
72590
80
72700
65
72860
76
73030
76
73140
69
73250
32
73520
16
73630
80
73960
65
74130
82
74510
77
74680
65
75060
32
75500
76
75610
65
75770
32
75990
80
76160
82
76380
73
76600
77
76710
65
76870
32
77040
67
77260
73
77530
84
77700
84
77750
65
78030
68
78300
73
78740
78
78850
65
79010
32
79340
73
79560
78
79730
32
80060
67
80220
85
80390
73
80610
32
80830
70
80880
65
81100
32
81210
83
81380
79
81600
83
81760
84
81870
65
82040
32
82370
73
82590
76
82750
32
83020
84
83190
82
83240
69
83630
78
83900
79
84120
32
85000
192
85110
69
85660
32
86650
16
86760
70
87140
73
87310
68
87470
69
87690
78
87910
90
88130
65
89230
188
89560
32
90050
70
90110
65
90490
77
90660
79
90820
83
90990
65
91100
32
91320
67
91480
79
91700
77
91810
69
91980
32
92360
84
92420
69
92640
82
92800
82
92860
65
93080
32
93520
78
93630
65
93840
84
93900
65
94390
76
94500
69
94720
32
94830
68
95000
73
95220
32
95330
16
95490
71
95820
69
95930
78
96100
69
96260
32
96540
17
97850
16
97960
71
98680
78
98950
79
99230
67
99390
67
99610
72
99890
73
02630
190
02910
32
03070
16
03290
16
03350
16
03400
68
03840
79
04060
80
04280
79
04500
32
04670
16
04770
70
05210
73
05380
68
05490
69
05760
78
06040
90
06260
65
06970
32
07740
83
07910
73
08130
32
08400
80
08730
85
09220
192
09440
79
09720
32
09940
65
10100
77
10210
77
10490
73
10760
82
10870
65
11040
82
11260
69
13010
188
13180
32
13340
83
13510
69
13730
77
13950
80
14330
82
14390
69
14550
32
14770
67
14940
72
15050
69
15160
32
15380
83
15540
73
15760
32
16310
73
17020
8
17790
82
17960
73
18070
69
18340
83
19930
67
20040
65
20210
32
20370
65
20540
32
20700
83
20870
79
21030
83
21200
84
21310
69
21530
78
21640
69
21860
82
21970
69
22130
32
22460
76
22790
79
23010
32
23170
83
23340
71
23560
85
23940
65
24050
82
24330
68
24770
79
26960
188
27240
32
28670
73
28830
76
29050
32
29220
77
29380
73
29660
82
29710
65
29930
66
30260
79
30430
76
30540
65
30750
78
30970
84
31030
69
31250
32
31740
80
31850
65
32130
69
32400
83
32460
65
33010
71
33120
71
33500
73
33720
79
34710
32
36360
68
36520
73
36690
32
36800
16
36960
70
37350
73
37510
79
37840
82
37900
69
38280
78
38610
90
38830
85
39050
79
39320
76
39430
65
39650
32
40040
69
40200
32
40420
68
40590
73
40810
78
41360
84
41790
79
42120
82
42510
78
42890
73
43220
190
43500
32
43610
16
43880
85
44050
78
44210
32
44490
80
44600
65
44710
73
44870
79
45090
32
45200
68
45360
73
45530
32
45690
67
45910
73
46080
77
46300
73
46460
78
46680
73
46740
69
46960
82
47070
69
47450
32
48880
69
49040
32
49320
85
49540
78
49760
32
49980
71
50200
82
50200
65
50470
84
50580
84
50690
65
50910
67
51300
73
51410
69
51630
76
51790
79
52180
32
52890
68
53110
73
53270
32
53380
68
53600
85
53930
66
54040
66
54320
73
54540
79
54700
32
54920
71
55140
85
55250
83
55470
84
55910
79
56130
32
56240
65
56460
67
56570
67
56900
79
57120
76
57500
71
57720
79
58050
78
58270
79
58490
32
58710
73
58930
76
59150
32
59370
86
59590
65
60190
8
60580
73
60630
65
60800
71
60960
71
61240
73
61400
65
61680
84
62010
79
62340
82
62450
69
62610
32
62890
78
62940
69
63220
76
63330
76
63440
65
63600
32
63820
84
63870
65
64260
80
64420
80
64530
65
64700
32
64860
83
65080
85
65410
67
65520
67
65690
69
65850
83
66020
83
66180
73
66460
86
66790
65
67770
16
67770
190
68650
8
69370
190
69590
32
70800
16
71020
16
71120
16
71180
16
71230
16
71290
16
71340
16
71450
16
71510
16
71560
16
71560
80
71950
69
72170
82
72390
32
72550
67
72830
72
73050
73
73270
32
73380
65
73490
78
73710
67
74040
79
74310
82
74420
65
74530
32
74910
66
76450
8
76840
78
77060
79
77280
78
77440
32
77550
65
77830
66
77940
66
78210
73
78270
65
78430
32
78590
65
78810
80
78980
80
79030
65
79310
71
79420
65
79580
84
79970
79
80350
32
81180
73
81400
32
81620
80
81780
82
81950
79
82600
80
82990
82
83150
73
83370
32
83590
66
83920
73
84360
83
84530
79
84860
71
85080
78
85300
73
85520
32
85570
69
85740
83
85900
84
86010
69
86230
84
86670
73
86940
67
87220
73
88150
188
88370
32
88480
16
88650
67
88810
65
88920
83
89250
84
89360
69
89740
76
89850
65
90130
83
90510
78
91230
8
91890
65
92110
78
92990
71
93310
73
93530
79
96390
86
96500
65
96890
78
97050
78
97320
73
98090
37
98310
37
98370
37
98480
37
98530
37
98590
37
98640
37
98700
37
98810
37
98860
37
98920
37
99580
32
00290
39
00620
8
00780
16
01060
16
01060
83
02050
8
02210
8
03260
83
04080
37
04960
8
05290
39
05510
39
05560
39
05620
39
05670
39
05780
39
05840
39
05890
39
05950
39
06060
39
06110
39
07320
13
08530
83
08690
80
08690
65
09850
82
09960
192
10780
8
11000
8
11170
8
11770
65
12100
80
12540
82
12810
192
13140
65
13360
32
13690
77
13750
69
13970
84
14130
84
14240
69
14410
82
14520
69
14790
32
14900
65
15230
32
15500
84
15610
65
15830
67
15940
69
16220
82
16270
69
16550
32
17100
79
17480
71
17700
78
17920
73
18140
32
18470
82
18530
69
19070
73
19350
68
19570
85
19680
65
19840
32
19950
69
20170
83
20390
73
20670
71
20780
69
20940
78
21220
90
21440
65
22650
190
23030
32
24350
16
24620
16
24680
85
25010
83
25230
67
25610
73
25890
84
26160
73
26430
32
26600
68
26760
65
26930
76
27090
76
27150
65
27480
32
27970
80
28190
82
28470
79
28850
86
29130
73
29460
78
29730
67
29900
73
30010
65
30170
32
30390
68
30550
73
30770
32
30880
16
31050
80
31270
73
31710
65
32200
67
32860
69
33140
78
33360
90
33520
65
34670
32
36160
83
36430
73
36650
32
36760
69
36980
78
37260
84
37420
82
37530
65
37690
32
38020
73
38240
78
38410
32
38520
81
38680
85
38790
69
39120
76
39230
76
39400
65
39560
32
39840
68
40000
73
40220
32
40280
16
40500
80
40660
65
40880
86
41210
73
41370
65
42360
188
42580
32
42800
83
42970
79
43740
8
43960
8
44670
70
44730
65
44890
67
45000
69
45380
78
45600
68
45770
79
45990
32
46260
84
46320
65
46650
80
46760
80
46920
65
47140
32
47420
65
47580
32
47750
16
47970
16
48020
16
48080
16
48190
16
48240
16
48300
16
48350
16
48410
16
48460
16
48570
16
48620
16
48680
16
48730
16
48790
16
48900
16
48950
16
49010
16
49060
16
49120
16
49230
16
49280
83
49560
84
49720
82
49830
65
50110
68
50270
69
50550
76
50710
76
50990
65
52140
190
52470
32
58400
16
58680
16
58730
16
58790
16
58840
16
58900
16
59010
16
59060
16
59120
16
59170
16
59230
16
59280
68
59610
79
59880
80
60050
79
60270
32
60540
16
60710
83
61040
84
61200
82
61310
65
61530
68
61640
69
61970
76
62140
76
62300
65
62740
32
64610
84
64720
82
65100
79
65430
86
65650
73
65710
65
65930
77
66090
79
66310
32
66420
16
66590
86
66860
79
67190
71
67350
72
67460
69
67630
82
67790
65
68400
32
70700
67
70810
73
71140
84
71310
84
71530
192
71860
65
72190
32
72850
68
72960
69
73290
76
73450
76
73560
69
73840
32
74220
67
74380
65
74490
83
74600
65
74990
76
75210
73
75430
78
75650
71
75870
72
76030
69
77350
37
77570
37
77630
37
77680
37
77790
37
77850
37
77900
37
77960
37
78010
37
78120
37
78170
37
78230
37
78280
37
78340
37
78450
37
78500
37
78560
37
78610
37
78720
37
78780
37
78830
37
78890
37
78940
37
79050
37
79110
37
79160
37
79220
37
79270
37
79380
37
79440
37
79490
37
80430
188
80980
39
81200
39
81250
39
81360
39
81420
39
81470
39
81530
39
81580
39
81690
39
81740
39
81800
39
81850
39
81910
39
82020
39
82070
39
82130
39
82180
39
82290
39
82350
39
82400
39
82460
39
82510
39
82620
39
82680
39
82730
39
82790
39
82840
39
82950
39
83010
39
83060
39
83120
39
85480
190
85700
32
85810
16
85970
83
86630
85
87020
66
87290
73
87620
84
87950
79
88120
32
88280
68
88450
79
88670
80
88830
79
90200
32
90530
16
90700
84
90970
79
91300
82
91470
84
91850
79
92130
78
92290
65
93440
188
93610
32
93720
67
93880
79
94100
78
94270
32
94540
76
94600
69
94820
32
94930
83
95040
85
95200
69
95420
32
95590
83
95750
80
95970
76
96080
69
96360
78
96570
68
96790
73
96850
68
97010
69
97290
32
97510
86
97620
69
97780
68
98220
85
98440
84
98610
69
98990
188
99160
32
99430
80
99600
82
99710
69
99870
80
99980
65
00310
82
00420
65
00750
32
01410
73
01630
76
01790
32
02010
84
02120
69
02290
82
02400
82
02510
69
02840
78
03110
79
03330
32
03550
80
03610
69
03820
82
04040
32
04150
16
04370
65
04760
76
04980
69
05360
83
05530
83
05690
65
05860
78
06020
68
06350
82
06740
73
06900
65
07890
188
08110
32
08440
68
08550
79
09040
86
09150
69
09320
32
09480
78
09590
69
10030
83
10140
83
10360
85
10580
78
10860
79
11080
32
11290
80
11570
85
11950
192
12170
79
12390
32
12720
69
12890
78
13160
84
13270
82
13440
65
13600
82
13660
69
13990
32
14370
83
14540
69
14860
78
14970
90
15140
65
15250
32
15580
82
15580
69
15740
83
15910
84
15910
65
16130
82
16180
69
16400
32
16950
77
17060
69
17280
82
17340
65
17560
71
18160
8
18490
86
18710
73
19040
71
19310
76
19530
73
19590
65
19860
84
20250
79
20470
32
20580
68
20740
69
20910
73
21130
32
21400
80
21460
82
21620
79
21900
71
22060
82
22390
69
22720
83
22830
83
23050
73
23430
32
24260
67
24370
79
24590
77
24860
80
25080
73
25300
85
25580
84
25960
73
26180
32
26290
68
26400
65
26560
76
26730
32
27110
71
27170
69
27330
78
27440
69
27720
82
27770
69
28100
32
28540
85
28760
77
28870
65
28980
78
29370
79
29580
32
29690
83
29910
85
30130
76
30300
76
30410
65
30570
32
30680
83
30850
84
31010
82
31180
65
31290
68
31400
65
31620
32
31780
68
31890
69
32110
76
32280
32
32390
83
32610
85
32880
66
33100
76
33370
73
33540
77
33700
69
34030
190
34310
32
34420
16
34640
76
34860
79
35080
32
35130
83
35410
80
35520
65
35740
90
36010
73
36180
79
36400
32
36780
82
37110
73
37270
83
37440
84
37600
82
37710
69
37880
84
37990
84
38320
79
38480
32
38700
77
38810
73
39030
32
39250
73
39420
77
39640
80
39800
79
40020
78
40080
69
40300
32
40410
68
40680
73
40840
32
41060
73
41280
78
41500
84
41560
69
41720
82
41830
82
42220
79
42490
77
42820
80
42990
69
43260
82
43370
69
43650
32
43870
81
44030
85
44250
73
44410
32
44630
76
44740
65
44910
32
45020
68
45180
69
45400
83
45570
67
45730
82
46120
73
46230
90
46450
73
46610
79
46830
78
46890
69
47050
32
47160
68
47270
69
47440
76
47600
32
47820
86
48040
73
48150
65
48480
71
48590
71
48860
73
49140
79
49360
190
