14070
16
14240
69
14510
67
14620
67
14950
79
15170
77
15390
73
15560
32
15670
68
15830
73
15990
32
16160
78
16320
85
16600
79
16870
86
17090
79
17310
32
17480
81
17640
85
17810
73
18030
32
18190
65
18300
32
18520
78
18740
79
18910
78
19130
32
19240
83
19400
65
19570
80
19730
69
19890
82
20060
69
20220
32
20390
67
20610
79
20720
83
20880
65
21050
32
21430
83
21540
67
21760
82
22040
73
22310
86
22420
69
22590
82
22750
69
22920
32
23080
69
23190
32
23410
65
23790
67
24340
8
24620
32
24780
67
24950
69
25110
82
25280
67
25390
65
25550
82
25660
69
25830
32
25940
68
26100
73
26320
32
26430
82
26540
73
26650
69
26870
77
27090
80
27420
73
27640
82
27750
69
27910
32
28410
81
28630
85
28740
69
28960
83
29070
84
29340
79
29560
32
29670
83
29840
80
30000
65
30170
90
30550
73
30660
79
30930
32
31150
80
31260
69
31480
82
31590
32
31810
70
31920
65
32030
82
32200
69
32250
32
32530
85
32750
78
32910
32
33130
70
33240
65
33350
86
33570
79
33900
82
34010
69
34180
32
34290
65
34560
76
34780
32
34940
77
35160
73
35270
79
35490
32
35600
65
35710
77
35930
73
36320
67
36650
79
36810
32
36920
16
37310
85
37470
78
37640
69
37800
84
37910
84
38290
73
39230
8
39390
8
39610
8
39780
8
39940
8
40160
8
40820
16
40990
71
41320
85
41540
78
41650
69
41860
84
41970
84
42250
73
42690
190
43070
32
44560
16
44780
16
44830
16
44830
79
45270
71
46640
71
46920
73
47140
32
47250
69
47580
222
47740
222
47960
8
48180
32
48290
83
48460
84
48570
65
48730
84
48840
65
49120
32
49500
71
49830
73
49990
79
50210
82
50490
78
50540
65
50760
84
50930
65
51040
32
51310
68
51530
73
51750
32
52030
69
52190
83
52360
65
52580
77
52800
73
53180
32
56090
69
56260
32
56370
83
56530
79
56690
78
56970
79
57190
32
57680
67
57850
79
58070
78
58290
84
58450
69
58670
78
58890
84
59170
79
59390
32
59550
68
59660
73
59880
32
60050
69
60210
83
60370
83
60540
82
60700
69
61030
32
61470
68
61580
65
61860
76
61970
76
62240
222
62460
222
62740
8
63290
65
63510
76
63780
84
64000
82
64050
65
64220
32
64820
80
64930
65
65100
82
65320
84
65430
69
65540
32
65650
68
65810
69
65980
76
66140
76
66200
65
66420
32
66580
66
66690
65
66860
82
66970
82
67240
73
67460
67
67570
65
67730
84
67840
65
68010
32
68120
65
68450
78
68780
67
69000
72
69110
69
69220
32
69380
83
69550
69
69660
32
69820
81
69990
85
70100
69
70260
83
70370
84
70650
79
70920
32
71140
86
71410
85
71630
79
71850
76
72070
32
72180
68
72400
73
72680
82
72790
69
72950
32
73340
68
73500
79
73720
86
73890
69
74050
82
74270
32
74550
68
74600
65
74710
82
74880
69
74980
32
75200
85
75420
78
75530
65
75640
32
75860
77
75920
65
76080
78
76300
79
76470
32
76580
65
76690
32
76960
70
77020
65
77180
82
77290
69
77460
32
77620
69
77840
83
78170
80
78340
69
78560
82
78940
73
79160
77
79270
69
79380
78
79600
84
79870
73
80040
32
80260
67
80370
79
80590
77
80750
69
80860
32
81190
81
81360
85
81690
69
81910
76
82070
76
82290
79
82510
32
83170
65
83330
32
83440
67
83610
85
83830
73
83990
32
84100
83
84430
84
84710
79
84870
32
85040
67
85200
79
85480
76
85590
76
85640
65
86080
66
86350
79
86570
82
86680
65
87010
78
87230
68
87400
79
87560
32
87780
73
88000
78
88170
32
88280
81
88500
85
88660
69
88830
83
88940
84
89270
79
89430
32
89600
77
89810
79
89980
77
90090
69
90250
78
90470
84
90750
79
90970
32
91080
67
91240
72
91350
69
91460
32
91680
77
91900
73
92120
32
92230
67
92450
79
92620
83
92890
84
93060
82
93330
73
93600
78
93820
71
94040
79
94320
78
94540
79
94760
32
94980
65
95200
32
97890
83
98110
67
98270
82
98600
73
98880
86
98990
69
99100
82
99260
69
99430
32
99700
85
99920
78
00090
32
00310
78
00470
85
00640
77
00750
69
00960
82
01070
79
01350
32
01460
68
01620
73
01840
32
02060
80
02170
65
02390
82
02670
79
02830
76
02940
69
03050
32
03330
80
03380
69
03550
82
03660
32
03880
77
03990
69
04100
32
04370
73
04590
78
04810
85
05030
83
05250
85
05410
65
05630
76
05800
69
07280
190
07610
32
10740
16
11020
16
11070
16
11130
70
11290
82
11350
65
11570
32
11840
80
12000
79
12220
67
12440
79
12720
32
13100
69
13270
222
13430
222
13600
8
13870
32
14040
16
14260
16
14310
16
14420
16
14420
80
14640
65
14860
83
15030
81
15300
85
15470
65
15680
32
15900
69
16070
32
16560
81
16840
85
17000
69
17170
83
17390
84
17440
65
17660
32
17770
69
18050
222
18210
222
18380
8
18650
32
18980
85
19150
78
19250
65
19470
32
19800
67
19970
79
20240
78
20410
83
20630
84
20680
65
20900
84
21230
65
21510
90
21780
73
21950
79
22170
78
22280
69
22500
32
23430
67
23810
72
23920
69
24090
32
24310
77
24470
73
24640
32
24800
67
24910
79
25240
78
25350
83
25570
69
25850
78
26070
84
26230
69
26340
32
26510
68
26670
73
26940
32
27160
71
27380
85
27440
65
27710
71
28320
8
28650
68
28700
65
28810
71
29200
78
29470
65
29640
82
29800
69
29970
32
30190
65
30350
76
30510
77
30730
69
30950
78
31170
79
31390
32
31610
85
31780
78
32110
65
32440
32
33480
82
33810
73
34140
71
34250
65
34410
32
34580
68
34740
73
34910
32
35130
84
35240
69
35460
83
35570
84
35900
79
36170
32
36390
77
36450
65
36610
32
36720
83
36940
69
37050
32
37270
76
37380
65
37550
32
37820
84
38090
73
38200
82
38370
79
38590
32
38810
80
38920
69
39080
82
39190
32
39470
76
39580
69
39740
32
40020
76
40240
85
40460
78
40680
71
40840
72
41060
69
41280
32
41500
70
41610
79
41770
82
42050
83
42210
69
42380
32
42650
82
42760
73
42870
69
43200
83
43480
67
43750
79
44030
32
44140
65
44360
32
45010
70
45400
65
45670
82
45780
69
46000
32
46280
85
46500
78
46830
222
46940
222
47210
8
47650
65
47870
76
48200
84
48370
82
48480
65
48640
32
48860
82
48970
73
49350
71
49460
65
49850
32
50070
69
50230
32
50450
77
50560
65
50780
71
51220
65
51440
82
51830
73
52050
32
52540
83
52700
69
52870
32
53090
76
53200
65
53360
32
53580
84
53860
73
54020
82
54130
79
54410
32
54520
65
54680
78
54960
67
55180
79
55450
82
55510
65
55670
32
55950
80
56220
73
56380
85
56710
222
56880
222
57040
8
57320
32
57760
76
57980
85
58200
78
58750
71
59080
65
59460
32
60720
82
61160
73
61270
69
61440
83
61770
67
62040
79
62260
32
62370
65
62650
68
62810
32
62980
65
63090
82
63200
82
63520
73
63850
86
64020
65
64240
82
64350
69
64680
32
65940
65
66220
68
66330
32
66600
85
66820
78
67200
222
67370
222
67530
8
68080
65
68190
76
68470
84
68630
82
68740
65
68910
32
69070
82
69180
73
69460
71
69620
65
69840
32
70120
65
70390
78
70610
67
70880
79
71160
82
71270
65
71650
190
71930
32
71980
16
72200
79
72420
82
72530
65
72700
32
72920
86
73080
69
73190
68
73520
79
73740
32
73960
73
74130
76
74350
32
74560
84
74670
82
74840
65
74950
71
75280
85
75440
65
75660
82
75830
68
76210
79
76760
32
77370
69
77480
32
77810
67
78030
82
78140
69
78240
68
78520
79
78790
32
78900
67
79010
72
79120
69
79290
32
79400
67
79560
79
79840
78
80280
67
80550
76
80830
85
81100
68
81210
69
81320
82
81650
79
81980
222
82140
222
82310
8
82580
32
82970
73
83130
76
83300
32
83520
77
83680
73
83850
79
84010
32
84230
73
84400
78
84620
84
84780
69
84890
82
85110
86
85660
69
86810
78
87090
84
87310
79
87530
32
87640
65
88020
85
88300
71
88460
85
88740
82
88790
65
89070
78
89340
68
89450
79
89890
86
90660
220
91100
32
91480
8
91700
8
92420
73
92640
32
92750
16
92910
66
93460
8
93790
66
93950
85
94120
79
94340
78
94390
65
94610
32
94720
16
94890
80
95050
65
95270
83
95440
81
95770
85
95820
65
96590
32
96750
65
96860
32
97250
84
97410
85
97630
84
97800
84
98240
73
00220
190
