85110
16
85270
79
85600
71
85710
71
86040
73
86260
32
86480
77
86650
73
86920
32
87030
83
87190
84
87470
79
87740
32
87910
67
88020
65
88240
76
88620
67
88950
79
89170
76
89230
65
89500
78
89720
68
89940
79
90220
32
90490
73
90660
32
90870
86
91150
79
91480
84
91810
73
91970
32
92140
68
92250
73
92470
32
92740
76
93290
65
93460
85
93680
82
93790
69
94060
65
94280
190
94610
32
94610
16
94770
16
94830
84
94990
82
95320
79
95650
86
95930
79
96150
32
96420
81
96640
85
96810
69
97030
83
97190
84
97300
65
97520
32
97690
65
97850
84
98020
84
98290
73
98670
86
98950
73
99610
84
00050
192
00380
65
01150
32
01590
65
01860
76
02300
84
02410
65
02630
77
02740
69
02900
78
03120
84
03230
69
03340
32
03890
73
04550
83
04770
84
04940
82
05270
85
05490
84
05650
84
05920
73
06310
86
06750
65
07570
32
08400
69
08560
32
08840
67
08890
65
09170
80
09220
65
09550
67
09600
69
09820
32
09930
68
10100
73
10370
32
10480
65
10590
77
10810
80
11030
76
11200
73
11310
65
11530
82
11580
69
11800
32
12680
73
12950
32
13170
77
13340
73
13500
69
13670
73
13830
32
14110
76
14270
73
14490
77
14710
73
14930
84
15040
65
15210
84
15480
73
15760
32
16030
79
16310
82
16690
73
16850
90
17070
90
17290
79
17570
78
17790
84
18120
73
18340
32
18450
67
18610
85
18890
76
19270
84
19440
85
19710
82
19820
65
20150
76
20420
73
21030
190
21520
32
21630
16
21850
16
21960
16
22020
16
22070
16
22130
16
22180
16
22290
16
22350
16
22400
16
22460
16
22510
86
22840
79
23170
82
23280
82
23390
69
23670
73
23990
32
24160
83
24320
80
24540
73
24650
69
24870
71
24980
65
25200
82
25260
69
25640
32
26800
73
26960
78
27180
32
27290
67
27460
72
27510
69
27670
32
27890
77
28110
79
28280
68
28440
79
28610
32
28880
81
29160
85
29320
69
29490
83
29650
84
29710
65
29930
32
30260
79
30420
80
30640
69
30860
82
30920
65
31140
90
31410
73
31570
79
31790
78
31900
69
32070
32
32730
67
32950
79
33280
83
33720
192
34050
73
34270
32
34540
65
34760
80
34930
80
34930
65
35200
82
35310
69
35580
78
35750
69
36460
8
36790
84
36960
69
37120
77
37290
69
37400
78
37620
84
37730
69
37890
32
38220
73
38390
78
38610
83
38770
73
39100
71
39320
78
39480
73
39760
70
40090
73
40420
67
40470
65
40800
78
41080
84
41190
69
41350
32
41460
69
41630
32
41900
78
42120
79
42290
73
42500
79
42610
83
42890
65
43110
32
43440
80
43600
79
43660
83
43820
83
43990
65
44150
32
44920
82
45030
73
45140
69
45310
77
45580
80
45860
73
46130
82
46240
69
46350
32
50080
76
50140
65
50300
32
50470
77
50580
69
50800
78
51070
84
51290
69
51460
32
51730
67
51900
79
52120
78
52340
32
52500
78
52720
85
52940
79
53220
86
53330
69
53430
32
53710
80
53820
82
53980
79
54260
83
54530
80
54700
69
54970
84
55140
84
55410
73
55800
86
55910
69
56400
32
57990
77
58160
65
59480
32
60360
8
61010
190
61230
190
61400
190
61780
32
62170
78
62280
65
62440
84
62660
85
62940
82
62990
65
63320
76
63540
77
63650
69
63820
78
64040
84
64150
69
64310
32
64530
83
64750
84
65080
79
65300
32
65410
83
65570
79
65740
76
65960
79
66180
32
66290
83
66450
67
66620
82
66890
73
67440
86
67550
69
67770
78
67880
68
68160
79
68320
32
68480
68
68650
69
68760
76
68920
76
69030
69
69200
32
69470
66
69860
73
70300
8
70630
79
70790
73
70850
65
71010
84
71180
69
72330
188
72550
32
73210
77
73320
65
73480
32
73760
71
73920
85
74030
65
74310
82
74470
68
74580
65
74750
84
74860
69
74970
32
75300
85
75520
78
75680
32
76060
80
76450
79
77110
222
77660
32
78650
73
78870
78
79140
68
79300
73
79470
69
79690
84
79910
82
80290
79
81170
16
81390
186
81670
32
82380
67
82490
79
82710
78
82880
32
83040
81
83260
85
83370
69
83590
83
83700
84
83860
69
84030
32
84300
66
84690
73
85240
8
85460
79
85620
73
85680
65
85950
84
86010
69
86500
32
87710
83
87930
79
88200
78
88420
79
88640
32
88810
82
88970
73
89140
83
89250
85
89630
67
90020
73
90290
84
90560
79
90780
32
90840
65
91280
32
91390
83
91550
67
91770
82
92050
73
92490
86
92600
69
92820
82
92870
69
93200
32
93810
66
93920
69
94080
78
95780
32
96500
83
96660
69
96830
73
97050
32
97210
82
97320
73
98250
71
98530
72
98640
69
99680
32
99790
16
99960
57
00290
78
00400
65
00560
84
00780
85
01000
82
01110
65
01380
76
01600
69
01710
77
01930
78
02210
84
02260
69
04740
8
04960
8
05390
8
05610
8
05780
8
06380
77
06550
69
06600
78
06820
84
06930
69
07320
32
08090
78
08360
79
08580
78
08740
32
09020
83
09180
67
09460
82
09790
73
10280
86
10610
79
11490
32
11710
73
11930
76
12150
32
12320
78
12530
85
12700
77
12810
69
13030
82
13140
79
13410
32
14730
54
14790
32
15120
73
15340
78
15500
32
15670
67
16160
73
16490
70
16650
82
16760
69
16980
32
17310
77
17420
65
17530
32
17810
76
17970
79
18190
32
18360
83
18470
67
18690
82
19070
73
19460
86
19780
79
20060
32
20280
73
20500
78
20660
32
20940
186
20940
76
20990
69
21270
84
21380
84
21600
82
22420
8
23410
8
23630
8
23850
8
24340
8
24560
8
25280
76
25390
69
25660
84
25770
84
25880
69
26050
82
26160
69
26600
32
26870
73
27040
78
27250
32
27420
77
27640
79
27800
68
27800
83
27970
79
28240
32
29400
8
29620
8
29780
8
30390
79
30610
32
30820
68
30880
65
31040
32
31320
71
31540
85
31760
65
31980
68
32090
65
32250
71
32530
78
32690
65
32970
82
33080
69
33410
32
36430
68
36540
85
36700
69
36870
32
37200
67
37250
65
37420
82
37530
65
37690
84
37860
84
37970
69
38190
82
38680
73
39560
32
40160
80
40490
73
41590
192
41870
85
42140
32
42250
65
42470
186
42470
76
42800
84
42960
82
43350
73
45440
37
45600
37
45760
37
45980
37
46640
8
47030
39
47250
39
47300
39
47360
39
47960
32
48290
68
48460
85
48570
69
48730
32
49120
80
49170
69
49390
82
49500
32
49660
65
49830
86
50380
69
50540
82
50710
69
51200
32
51920
83
52030
67
52300
82
52690
73
52960
84
53180
84
53450
79
53730
32
54940
68
55050
85
55160
69
55320
32
55650
73
55820
78
55980
32
56200
76
56260
69
56530
84
56640
84
56800
69
56910
82
57020
69
57410
32
57900
73
58120
78
58510
86
58620
69
58780
67
58890
69
59060
32
59220
67
59440
72
59610
69
59720
32
59990
73
60210
78
60370
32
60540
67
60700
73
61030
70
61250
82
61360
69
61580
32
62080
80
62300
73
62570
85
63120
192
64270
8
64930
192
65320
85
65540
32
65650
65
65870
76
66140
84
66310
82
66750
73
66910
32
67130
68
67240
85
67410
69
67520
32
68120
80
68170
69
68390
82
68560
32
68670
65
68830
86
68940
69
69110
82
69160
69
69440
32
69550
65
69710
78
69990
67
70260
79
70480
82
70590
65
70760
32
70870
83
70980
67
71250
82
71630
73
71910
84
72020
84
72350
79
72730
32
73340
68
73450
85
73610
69
73720
32
74000
73
74220
78
74440
32
74710
67
74990
73
76030
8
76250
8
76960
76
77070
69
77290
84
77460
84
77570
69
77680
82
77790
69
78010
32
78280
73
78500
78
78720
86
78830
69
78990
67
79100
69
79320
32
79490
67
79650
72
79760
69
79930
32
80200
73
80370
78
80590
32
80700
67
81030
73
81300
70
81520
82
81630
69
83770
32
83940
69
84490
38
84760
37
84980
37
85150
37
85310
37
85480
37
85700
37
85810
37
85970
37
86680
8
86900
8
87780
39
88170
8
88660
192
88940
85
89540
40
89810
39
90030
39
90090
39
90140
39
90250
39
90310
39
90360
39
90420
39
90470
39
91130
32
91410
67
91520
69
91680
82
91900
84
92070
65
92340
77
92510
69
92620
78
92890
84
93000
69
93490
32
94040
80
94260
79
94590
84
94700
82
94810
69
95140
73
95360
32
95470
67
95640
79
95970
78
96190
84
96520
73
96740
78
96900
85
96960
65
97170
82
97280
69
97560
32
97940
67
98050
79
98220
83
98660
192
98930
73
99150
32
99430
80
99540
69
99810
82
99920
32
00200
85
00420
78
00580
32
00800
66
00850
69
01130
76
01290
32
01570
80
01730
79
02060
222
02230
222
02450
8
02890
32
03330
77
03440
65
03600
32
03930
67
04210
72
04370
73
04590
32
04750
77
04860
69
05030
32
05190
76
05410
79
05630
32
05850
70
05910
65
06130
32
06290
70
06400
65
06510
82
06620
69
06950
32
07170
86
07450
73
07560
83
07720
84
08000
79
08270
32
08320
67
08490
72
08600
69
08760
32
08930
83
09040
79
09310
78
09530
79
09750
32
09810
65
10030
82
10140
82
10520
73
10850
86
10960
65
11130
84
11460
79
11730
32
12000
65
12170
76
12330
76
13930
65
14150
32
14480
70
14750
73
15030
78
15190
69
15900
16
16120
16
16230
16
16230
191
