79180
16
79400
79
79790
71
79900
71
80120
73
80450
32
81270
82
81330
65
81600
67
81710
67
82040
79
82260
78
82480
84
82590
69
82810
82
83520
192
83740
79
84020
32
84240
76
84350
65
84510
32
84840
70
85120
73
85170
65
85390
66
85450
65
85670
32
86600
68
86980
73
87200
32
87370
16
87480
66
87700
73
87750
65
87970
78
88470
67
88520
65
88800
78
88960
69
89180
86
89240
69
89460
32
89620
69
89790
32
90390
73
90610
32
90720
83
90940
84
91050
69
91540
8
91820
8
92310
69
92530
84
92640
84
92810
69
93080
32
93300
78
93360
65
93520
78
93800
73
94180
190
94450
32
95440
16
95720
16
95720
73
95990
78
96160
32
96430
85
96600
78
96760
32
96980
76
97150
79
97420
78
97640
84
97750
65
98020
78
98240
79
98460
32
98790
80
98850
65
99120
69
99400
83
99560
69
01430
188
01650
32
01980
84
02030
65
02250
78
02580
84
02860
79
03080
32
03350
84
03410
69
03740
77
04010
80
04230
79
04400
32
04670
70
04780
65
06260
188
06480
32
06760
86
06980
73
07420
86
07530
69
08190
86
08300
65
08460
78
08790
79
09170
32
10600
83
10770
69
10990
84
11260
84
11430
69
11760
32
12200
78
12300
65
12470
78
12740
73
13460
190
13790
32
14340
16
14560
79
14830
71
15050
78
15330
85
15550
78
15820
79
16090
32
16260
68
16530
73
16700
32
16970
76
17140
79
17410
82
17850
79
21200
8
21480
8
21530
8
21590
8
21640
8
21700
8
21810
8
21810
8
21920
8
21970
8
22030
8
22080
8
22190
8
22250
8
22960
16
23180
16
23180
86
23450
73
23730
86
23890
69
24220
86
24280
65
24500
78
24770
79
24990
32
25270
73
25430
78
25600
32
25760
85
25980
78
26040
65
26200
32
26420
67
26530
65
26640
83
26860
69
27130
84
27240
84
27410
65
27570
32
27850
77
28120
79
28290
76
28620
84
30380
79
30600
32
30810
80
31030
73
31420
67
31530
67
31690
79
31910
76
32080
65
33670
32
34170
67
34330
79
34490
77
34710
80
34930
73
35040
69
35320
78
35650
68
35760
79
36580
32
37020
73
37300
32
37520
76
37680
79
38010
82
38280
79
38560
32
38720
76
38780
65
39050
86
39330
79
39600
82
39930
73
40210
32
40320
81
40540
85
40760
79
41030
84
41250
73
41580
68
41740
73
41910
65
42070
78
42400
73
43390
190
43670
32
43720
16
43890
85
44160
78
44380
32
44600
71
44880
73
45040
79
45320
82
45810
78
46030
79
46300
188
46410
32
46630
77
46800
69
46910
78
47180
84
47400
82
47460
69
49820
32
49980
83
50150
84
50200
65
50480
86
50640
65
50860
78
51250
79
51630
32
51850
65
51960
78
52350
68
52510
65
52840
78
53000
68
53220
79
53390
32
53500
65
53660
76
53830
32
54050
76
54160
65
54380
86
54600
79
54930
82
55260
79
55530
188
55750
32
56030
83
56140
73
56410
32
56790
73
56960
77
57230
66
57290
65
57510
84
57670
84
57780
69
57890
82
58220
79
58500
78
58830
79
59650
32
60470
73
60690
78
60910
32
61080
85
61240
78
61410
65
61570
32
61900
70
62010
65
62340
78
62560
67
62890
73
63170
85
63440
76
63550
76
63660
65
63990
32
66350
68
66520
65
66740
76
66850
76
67010
69
67120
32
67450
71
67670
85
67780
65
68000
78
68600
67
68880
69
69150
32
70310
67
70420
65
70690
78
70910
68
71080
73
71350
68
71400
69
71620
32
71790
67
72010
79
72170
77
72280
69
72450
32
72610
76
72720
65
72890
32
73050
78
73160
69
73380
86
73490
69
75580
32
75850
80
75850
69
76070
82
76180
32
76460
76
76510
65
76680
32
76790
81
77010
85
77280
65
77500
76
77670
32
78000
82
78000
65
78220
71
78490
73
78710
79
78930
78
79090
69
79370
32
79810
68
79970
69
80140
67
80410
73
80740
83
80960
69
81130
82
81400
79
81680
32
81790
68
81900
73
82120
32
82230
67
82390
72
82610
73
82610
65
82830
77
82880
65
83270
82
83540
76
83710
65
83870
32
84040
16
84150
66
84370
73
84480
65
84590
78
84810
65
85030
67
85190
65
85910
78
86230
69
86450
86
86560
69
87770
190
88160
32
89310
16
89530
16
89590
76
89750
65
89910
32
90080
70
90300
65
90460
78
90790
67
91120
73
91290
85
91890
8
92170
8
92220
8
92280
8
92330
8
92390
8
92500
8
92550
8
92610
8
93050
16
93320
16
93320
73
93540
76
93700
32
93920
86
94140
73
94200
83
94360
79
94640
32
95020
68
95190
69
95300
76
95460
76
95570
65
95740
32
95960
70
96180
65
96340
78
96560
67
96890
73
97160
85
97380
76
97550
76
97660
65
97930
32
98700
82
99030
73
99360
70
99690
76
99750
69
00020
84
00190
84
00300
69
00520
86
00680
65
01010
32
01500
76
01610
65
01780
32
01890
83
02050
85
02220
65
02380
32
02550
65
02710
78
02930
73
03150
77
03210
65
03700
188
03870
32
04030
65
04250
78
04520
67
04800
72
05680
222
06120
222
06500
8
07110
69
07380
83
07490
83
07710
65
07930
32
08640
67
08700
65
08970
78
09140
68
09300
73
09580
68
09690
65
10620
190
10950
32
11500
16
11770
16
11830
73
12100
32
12270
78
12380
65
12600
78
12870
73
13090
32
13370
83
13480
73
13640
32
13750
65
13970
70
14080
70
14140
69
14410
90
14630
73
14800
79
15020
78
15020
65
15350
82
15670
79
15950
78
16220
79
16440
32
16550
65
16720
32
17050
81
17320
85
17430
69
17650
83
17820
84
17820
65
18200
32
18970
70
19030
65
19410
78
19680
67
20010
73
20340
85
20560
76
20730
76
20840
65
21280
32
21720
69
21880
32
22100
76
22160
65
22380
32
22490
67
22710
79
22980
78
23200
68
23470
85
23800
83
23910
83
24080
69
24240
82
24520
79
24790
32
24960
78
25070
69
25230
76
25400
76
25510
65
25670
32
25890
76
26110
79
26440
82
26710
79
27430
32
27980
67
28090
65
28310
83
28470
83
28970
8
29350
65
29740
190
29960
32
30120
16
30340
85
30560
78
30720
32
31270
71
31380
73
31550
79
31880
82
32100
78
32370
79
33090
32
33420
76
33470
65
33640
32
33960
70
34020
65
34400
78
34680
67
35060
73
35280
85
35560
76
35720
76
35830
65
36710
32
38580
73
38800
78
38910
67
39460
79
39730
78
40010
84
40170
82
40780
192
41000
79
41320
32
41980
85
42260
78
42480
32
43850
66
43960
69
44180
76
44350
76
44570
73
44680
83
44840
83
45110
73
46050
77
46380
79
46600
32
46870
82
46980
65
47090
71
47260
65
47480
90
47640
90
47860
79
48630
32
48740
65
48900
32
49180
67
49230
65
49400
86
49450
65
49780
76
49890
76
50110
79
51650
188
51870
32
52310
8
52530
8
52910
32
53300
73
53460
76
53630
32
53740
81
53900
85
53960
65
54180
76
54340
69
54510
32
54670
65
55000
80
55170
80
55440
69
55660
78
55770
65
55940
32
56210
76
56320
65
56480
32
56760
86
57030
73
57200
68
57310
69
57470
32
57640
83
57800
73
58020
32
58240
73
58410
78
58570
78
58630
65
58850
77
59070
79
59400
82
59670
192
60050
79
60380
32
60990
68
61210
73
61430
32
61650
76
61760
69
62030
73
63400
190
63620
32
63790
16
63950
73
64230
32
65550
8
66980
8
68070
16
68350
16
68400
66
68620
69
68730
78
68950
32
69230
80
69280
82
69500
69
69670
83
69890
84
70220
79
70600
32
72360
83
72520
73
72740
32
72850
83
73020
67
73350
79
73510
80
74060
82
74280
192
74610
73
74880
32
75160
67
75320
72
75490
69
75600
32
75820
73
76040
76
76200
32
76480
82
76530
65
76700
71
76810
65
77080
90
77190
90
77360
79
77580
32
77800
69
77960
82
78070
65
78230
32
78450
85
78670
78
78840
32
79170
80
79330
82
79500
73
79830
78
80160
67
80320
73
80490
80
80710
69
81590
32
81800
77
81910
65
82080
32
82240
81
82410
85
82570
69
82790
83
82960
84
83230
79
83450
32
83670
78
83840
79
84060
78
84220
32
84500
73
84660
77
84880
80
84990
79
85270
82
85480
84
85540
65
85760
86
85870
65
86530
32
86800
65
86970
32
87080
16
87240
66
87410
73
87520
65
87680
78
87790
65
87960
67
88400
78
88560
69
88840
86
89000
69
89270
32
89990
67
90150
72
90320
69
90480
32
90760
76
90980
79
91360
32
95870
65
96090
77
96200
65
96530
86
96690
65
97900
8
98120
8
98170
8
98280
8
98340
8
99050
65
99220
86
99440
82
99490
69
99880
66
00040
66
00100
69
00260
32
00420
65
00590
78
00590
77
01030
8
01910
8
03230
77
03340
65
03610
84
03830
79
04050
32
04160
65
04320
78
04540
67
04760
72
04870
69
04980
32
05200
83
05370
69
05420
32
05700
70
05920
79
06080
83
06250
83
06410
69
06520
32
06740
83
06910
84
07020
65
07240
84
08060
79
08280
32
08500
80
08720
79
08940
86
09050
69
09210
82
09490
79
09760
190
09980
32
10040
16
10260
80
11300
85
11570
82
11790
84
12010
82
12400
79
12620
80
12840
80
13000
79
13330
32
13550
73
13770
32
13940
68
14100
85
14270
69
14430
32
14710
78
15030
79
15250
78
15470
32
15580
65
15750
86
15910
69
16080
86
16240
65
16520
78
16790
79
17010
32
17230
70
17340
65
17450
84
17560
84
17890
79
18060
32
18280
73
18440
32
18550
67
18710
79
18930
78
19150
84
19370
73
19590
32
19700
67
19870
79
20090
78
20250
32
20470
76
20470
65
20690
32
20860
83
20970
84
21190
82
21240
69
21460
71
21570
65
21740
32
21960
67
22180
65
22340
84
22450
84
22720
73
23160
86
23220
65
23550
190
23770
32
23820
16
23990
77
24320
65
24700
32
26510
79
26840
82
26950
65
27560
32
29480
78
29750
79
29970
78
30080
32
30300
67
31240
222
31350
222
31570
8
32340
69
32560
222
32670
222
32890
8
33710
32
33980
80
34200
73
34700
192
34860
85
35300
32
35800
83
35960
80
36070
65
36290
90
36620
73
36840
79
37220
32
37500
69
37720
68
37880
32
38380
192
39480
8
39750
8
39970
8
40250
8
42110
32
42550
69
42720
32
43050
78
43320
79
43540
78
43710
32
43930
70
44040
73
44310
78
44470
73
44800
82
45520
192
45740
79
45900
32
46230
81
46450
85
46620
69
46840
83
47000
84
47060
65
47280
32
47500
65
47720
80
47880
80
47990
65
48260
83
48370
83
48540
73
48700
79
48870
78
48980
65
49250
78
49580
84
49690
69
51180
32
51400
83
51780
84
52050
79
52270
82
52440
73
52550
69
52770
76
52930
76
52990
65
53320
190
