48470
16
48690
16
48740
16
48850
16
48910
16
48910
85
49180
78
49340
32
49560
71
49890
73
50170
79
50500
82
50830
78
51160
79
51320
32
51600
76
51650
65
51820
32
52040
77
52090
65
52310
77
52480
77
52590
65
52800
32
53130
68
53300
73
53410
83
53630
83
53790
69
53960
32
54120
65
54290
32
54400
16
54560
67
54730
65
55000
80
55440
80
55770
85
56210
67
56380
67
56540
69
56700
84
56870
84
57360
79
57640
32
58410
16
58630
82
59120
79
59340
83
59560
83
60060
79
60270
16
60490
16
60490
186
61150
222
61320
222
62030
37
62640
16
62800
79
63190
82
63570
77
63680
65
63840
73
64170
188
64340
32
64500
16
64670
67
64890
65
65160
80
65270
80
65600
85
65930
67
66100
67
66210
69
66430
84
66540
84
66920
79
67140
32
67250
16
67420
82
67800
79
68240
83
68400
83
68620
79
70000
188
70220
32
70330
83
70550
69
71150
73
71420
32
71640
67
72190
82
72300
69
72470
83
72630
67
73130
73
73290
85
73620
84
73730
65
74390
32
74830
69
74990
32
75160
81
75380
85
75600
73
75820
78
76040
68
76200
73
76860
32
77470
80
77740
85
78020
79
78400
73
78620
32
79000
80
79220
79
79610
82
79770
84
79880
65
80050
82
80210
69
80320
32
80820
84
81040
85
81260
32
82240
73
82460
76
82630
32
82900
80
83010
82
83340
65
83840
78
83950
90
84110
79
84330
32
84500
65
84660
76
84830
76
84940
65
85160
32
85380
78
85600
79
85870
78
85980
78
86140
65
86310
32
86470
68
86690
65
86800
76
86910
76
87240
222
87350
222
87630
8
88290
65
88450
76
88780
84
88950
82
89060
65
89220
32
89550
80
89660
65
89880
82
90150
84
90260
69
90430
32
90540
68
90700
69
90870
76
91030
32
91310
66
91640
79
91750
83
92020
67
92520
79
93120
39
93830
190
94050
32
94110
16
94270
80
94660
82
94820
69
95100
80
95370
65
96860
82
96910
65
97070
84
97460
79
97680
32
97900
67
98060
79
98340
78
98500
32
98830
67
99880
8
00100
8
00150
8
00260
8
00320
8
00370
8
00430
8
00920
65
01140
32
01250
67
01470
79
01740
78
01850
32
02180
67
02400
85
02680
82
02790
65
04220
8
04430
8
04490
8
04540
8
04600
8
04710
8
04760
8
04820
8
04870
8
04930
8
05590
79
05920
32
06140
67
06300
79
06580
78
06690
32
06960
67
07350
85
07620
82
07680
65
07840
32
08110
73
08330
76
08500
32
08830
80
09210
82
09380
65
09650
78
09820
90
10260
79
10810
188
10860
32
11140
76
11140
65
11470
32
11630
77
11850
65
11850
77
12120
77
12120
65
12340
32
12730
76
12840
79
13000
32
13330
65
13330
70
13440
70
14100
73
14320
68
14650
192
15090
79
16460
32
16790
65
16900
32
17070
16
17230
67
17400
65
17780
80
17840
80
18170
85
18610
67
18770
67
18990
69
19260
84
19430
84
19760
79
19980
32
20090
16
20250
82
20690
79
20910
83
21080
83
21240
79
25420
32
26080
67
26240
72
26300
69
26510
32
26680
67
26840
79
27120
78
27280
32
27560
73
27780
76
27940
32
28160
83
28270
85
28490
79
28770
32
28990
67
29040
69
29320
83
29430
84
29590
69
29920
76
30090
76
30250
79
30520
32
30690
83
30910
73
31130
32
31240
65
31400
86
31510
86
31950
73
32280
192
32560
79
32780
32
33050
86
33160
69
33380
82
33660
83
33980
79
34200
32
35140
73
35360
76
35520
32
35690
83
35800
69
35960
78
36460
84
36840
73
37010
69
37170
82
37610
79
37880
32
38050
78
38210
69
38380
76
38600
32
38820
66
39090
79
39200
83
39530
67
39970
79
40250
190
40520
32
40520
16
40740
16
40800
77
41070
69
41130
78
41450
84
41670
82
41670
69
42000
32
42830
67
42880
65
43270
77
43430
77
43600
73
43820
78
43930
65
44150
86
44260
65
44370
32
44640
84
44810
82
44910
65
45300
78
45520
81
45790
85
46070
73
46290
76
46450
76
46560
65
46730
32
46950
77
47060
69
47220
78
47500
84
47610
69
48050
32
49140
8
49360
8
49420
8
49530
8
49530
8
49640
8
49690
8
49750
8
50900
65
51120
77
51290
69
51510
78
51780
84
52000
69
53430
32
53870
73
54140
76
54360
32
54580
76
54860
85
55130
80
55300
79
55520
32
55680
76
55790
65
56010
32
56170
83
56280
67
56720
79
57050
82
57220
83
57440
69
60130
32
63420
69
63590
32
63920
71
64300
76
64470
73
64690
32
64960
86
65070
69
65400
78
65510
78
65680
69
65950
32
66120
83
66280
85
66500
66
66830
73
67100
84
67490
79
67760
32
67980
85
68200
78
68590
222
68750
222
68970
8
69690
73
69850
83
70570
8
70840
68
71000
69
71220
65
72270
190
72600
32
74570
16
74790
16
74900
16
74900
80
75230
82
75450
83
76220
8
76440
69
76660
83
76880
69
77490
32
77870
85
78090
78
78140
65
78310
32
78640
83
78800
67
79240
79
79630
82
79850
67
80230
73
80290
65
80730
82
81390
8
81770
84
82210
79
82430
73
82540
65
82700
32
83030
78
83200
69
83360
76
83640
32
83800
66
84080
79
84190
83
84460
67
84850
79
85120
32
85890
69
86110
68
86220
32
86330
65
86600
82
86710
82
87150
73
87480
86
87870
192
88200
79
88530
32
88750
77
89020
79
89180
76
89510
84
89840
79
90060
32
90340
80
90450
82
90610
73
90830
77
90940
65
91050
32
91220
68
91380
73
91660
32
91770
16
91880
67
92100
65
92320
80
92480
80
92860
85
93190
67
93360
67
93470
69
93690
84
93800
84
94130
79
94290
32
94460
16
94620
82
95010
79
95230
83
95390
83
96380
79
96760
32
97970
65
98080
76
98250
76
98360
65
98580
32
98690
67
98960
65
99180
83
99570
65
99790
32
99900
68
00120
69
00220
76
00390
76
00500
65
00660
32
00880
78
01160
79
01430
78
01540
78
01710
65
02700
190
02920
32
03030
16
03250
16
03300
70
03520
65
03630
84
04070
79
04230
83
04450
73
06320
8
06490
8
06710
8
07480
84
07860
79
08080
83
08240
73
08570
32
08850
65
09230
80
09670
82
10060
73
10220
69
11210
220
11260
8
11650
8
12420
82
12530
69
13790
32
14120
73
14340
77
14450
73
14730
84
14780
65
15000
78
15270
68
15440
79
15660
32
15880
76
15990
65
16150
32
16370
86
16700
79
17030
67
17200
69
17310
32
17420
68
17580
73
17800
32
17860
16
18020
67
18240
65
18410
80
18570
80
18840
85
19120
67
19230
67
19500
69
19720
84
19830
84
20220
79
20440
32
20550
16
20770
82
21150
79
21430
83
21540
83
21700
79
23180
188
23350
32
24060
73
24280
76
24560
32
24780
76
25000
85
25330
80
25550
79
25770
32
25930
77
26040
65
26150
78
26590
71
26970
73
27300
192
27580
79
27850
32
28130
76
28180
65
28350
32
28570
78
28790
79
29010
78
29170
78
29230
65
29500
32
30050
73
30270
78
30430
32
30710
85
30930
78
31150
32
31260
83
31420
79
31640
76
31810
79
32030
32
32360
66
32690
79
33070
67
33240
67
33400
79
33670
78
33890
69
35100
190
35270
32
35430
16
35540
80
35760
79
35980
73
36200
32
36420
73
36590
78
36810
68
36920
79
37190
83
37460
83
37960
192
38230
79
38670
32
39330
85
39550
78
39660
65
39770
32
39940
83
40160
85
40270
65
40430
32
41090
67
41140
65
41800
77
42020
73
42300
67
42630
73
42740
65
42900
32
43120
68
43340
65
43510
32
43730
78
44000
79
44330
84
44550
84
44770
69
45100
32
48560
69
49440
68
49600
32
49880
73
50100
76
51030
8
51200
8
51360
8
51530
8
51960
32
52180
73
52400
76
52730
83
53500
8
53830
32
54600
83
54770
85
54990
79
55480
32
55860
66
56030
69
56190
82
56300
82
56470
69
56630
84
56800
84
57130
73
57350
78
57570
79
57790
32
57950
68
58060
65
58170
32
58390
78
58670
79
58940
84
59110
84
59160
69
59540
32
60200
69
60370
32
60530
83
60640
73
60920
32
61140
77
61360
73
61470
83
61630
69
61740
32
62240
78
62350
69
62510
76
62730
32
62950
76
63060
69
63280
84
63440
84
63770
79
63990
32
64160
68
64270
69
64430
76
64600
76
64710
65
64930
32
65090
78
65310
79
65590
78
65750
78
65860
65
66740
190
66900
32
66960
16
67180
16
67230
67
67400
65
67620
80
67780
80
68110
85
68550
67
68720
67
68880
69
69050
84
69160
84
69650
79
69870
32
70040
16
70250
82
70800
79
72290
37
72510
37
72560
37
72670
37
72730
37
72780
37
72890
37
72950
37
73000
37
73060
37
73110
37
73220
37
73280
37
73610
37
73880
16
74100
16
74150
16
74260
16
74260
73
74540
78
74810
84
74870
65
75090
78
75360
84
75750
79
75970
188
76130
32
76790
39
77070
39
77120
39
77180
39
77290
39
77340
39
77400
39
77450
39
77510
39
77610
39
77670
39
77720
39
77780
39
78220
39
78880
83
79040
83
79150
79
80090
188
80250
32
80470
73
80690
71
80910
78
80970
65
81190
82
81290
65
81460
32
81620
68
81790
69
81950
76
82120
32
82340
80
82390
69
82610
82
82780
73
83050
67
83220
79
83440
76
83660
79
83990
32
85410
67
85630
72
85740
69
85850
32
86130
76
86180
65
86350
32
86460
65
86620
84
86790
84
86840
69
87060
78
87280
68
87450
69
87720
86
87890
65
89420
188
89700
32
90410
83
90520
73
92390
32
92770
83
92880
84
92990
65
93160
86
93270
65
93490
32
93600
65
93710
86
93870
86
94150
73
94640
67
95030
73
95250
78
95360
65
95520
78
96010
68
96230
79
96450
32
96670
65
96840
76
97060
76
97170
65
97500
32
98100
67
98320
65
98540
83
98870
65
99090
32
99260
68
99370
69
99530
76
99690
76
99800
65
99970
32
00240
78
00520
79
00790
78
00960
78
01290
65
05410
190
05570
32
05680
16
05900
16
05900
66
06230
85
06560
83
06730
83
07330
192
07600
79
08150
32
08540
69
08760
32
09030
73
09310
76
09530
32
10130
76
10570
85
10950
80
11120
79
11340
32
11780
76
11940
69
12110
32
12270
68
12490
73
12710
83
12880
83
13760
69
13920
32
14690
68
14850
73
15020
32
15180
69
15290
78
15570
84
15790
82
16120
65
16560
82
16830
69
18370
32
18970
190
19190
190
19410
190
