2703
16
2812
67
3109
73
3250
65
3359
79
3593
32
3796
65
3890
32
4203
84
4468
85
4718
84
4859
84
5109
73
6015
16
6093
49
6578
32
7187
16
7265
79
7625
71
7765
71
8015
73
8250
32
8437
83
8531
79
8812
78
9015
79
9218
32
9437
80
9531
65
9812
82
0000
84
0281
73
0578
67
0703
79
0921
76
1015
65
1281
82
1687
77
1859
69
1937
78
2218
84
2343
69
2500
32
2687
67
2859
79
3109
78
3359
84
3468
69
3734
78
4000
84
4343
79
4609
32
4828
80
4953
69
5218
82
5437
67
5765
72
7156
69
8078
219
8484
32
9890
69
0093
219
0359
32
0625
76
0890
219
1437
85
1687
76
2000
84
2265
73
2500
77
2687
79
2937
32
3281
71
3562
73
3750
79
4062
82
4453
78
4687
79
4906
32
5078
68
5218
73
5437
32
5562
81
5734
85
5921
69
6093
83
6203
84
6500
73
6515
85
6750
32
6953
84
7109
79
7281
82
7546
77
7703
69
7921
78
8203
84
8484
79
8734
83
8953
73
0265
37
1578
37
1781
37
1937
37
2109
37
2281
37
2453
37
2625
37
2781
37
2937
37
3109
37
3765
8
4703
39
4859
39
5031
39
5187
39
5359
39
5515
39
5671
39
5843
39
6015
39
6203
39
6359
39
7015
32
7218
69
7453
83
7625
80
7750
69
8000
82
8343
73
8562
77
8765
69
8968
78
9234
84
9546
73
0296
32
0703
65
0843
73
1093
32
1218
81
1437
85
1546
65
1734
76
1953
73
2171
32
2375
77
2546
73
2750
32
3078
72
3203
65
3343
32
3468
83
3687
79
4000
84
4125
84
4437
79
4656
80
4953
83
5109
79
5500
84
5875
79
7343
8
7515
8
7687
8
7843
8
8640
79
8843
83
9140
84
9468
79
9703
32
9953
76
0218
219
1140
65
1265
77
1468
73
1718
67
1890
79
2125
32
2296
16
2406
71
2609
85
2828
78
2921
69
3156
84
3281
84
3578
73
3859
32
4031
67
4140
72
4296
69
4406
32
5078
67
5187
73
5390
32
5640
79
5734
83
5890
83
6359
69
6468
82
6703
86
6843
65
7109
32
8140
68
8234
65
8515
76
8640
76
8859
219
9062
65
9203
76
9531
84
9796
79
0031
32
0250
67
0375
79
0593
77
0765
69
0875
32
1156
73
1390
32
1671
84
1984
79
2437
80
2656
79
2828
76
3015
73
3296
78
3500
73
3750
32
4000
78
4171
69
4343
73
4546
32
4750
76
4843
65
5062
66
5343
73
5656
82
6000
73
6250
78
6531
84
6968
73
9390
32
9578
16
9843
56
0234
80
0468
69
0687
82
1421
79
1625
219
1890
32
2109
83
2312
69
2406
32
2609
82
2765
73
3296
85
3484
83
3656
67
3937
73
4078
65
4171
77
4375
79
4578
32
4718
65
4875
68
5078
32
5343
85
5484
83
5734
67
6031
73
6312
82
6453
69
6593
32
6906
78
7187
79
7437
78
7625
32
7921
67
8078
73
8296
32
8828
68
8937
65
9296
219
9562
32
0078
78
0187
69
0515
80
0625
80
0906
85
1187
82
1359
69
1484
32
1812
73
2015
76
2203
32
2484
80
2593
69
3140
90
3281
90
3546
69
3796
84
3937
84
4250
73
4515
78
4765
79
4984
32
5125
68
5265
73
5484
32
5656
70
5796
79
5968
82
6203
77
6343
65
6593
71
6703
71
7000
73
7203
79
7921
16
8968
16
9015
16
9046
49
9515
57
0609
32
2984
16
3390
83
3796
84
4125
79
4328
32
4546
70
4640
65
4765
67
4890
69
5218
78
5359
68
5562
79
5765
32
6000
76
6218
219
6546
69
6734
83
6875
80
7000
69
7296
82
7593
73
7812
77
7968
69
8046
78
8296
84
8578
73
8593
79
8828
32
9000
65
9109
32
9296
68
9406
73
9531
83
9890
84
0031
65
0281
78
0562
90
0765
65
0921
32
1531
8
1875
188
2062
32
2312
68
2406
65
2562
32
2718
16
2859
86
3578
73
3765
76
3921
76
4046
65
4187
32
4328
16
4453
71
4687
85
4875
65
4984
76
5203
73
5421
78
5656
79
1062
190
1281
32
1406
16
1593
78
1796
79
2031
78
2187
32
2406
67
2500
72
2671
69
2765
32
2984
82
3125
73
3437
84
3546
69
3828
78
4171
71
4343
65
4515
32
4734
67
4843
72
5000
69
5093
32
5375
80
5578
79
5734
83
5890
83
6078
65
6171
32
6406
73
6625
78
6875
84
7031
69
7156
82
7578
69
7875
83
8000
83
8171
65
8296
82
8453
69
8578
32
8859
65
8984
32
9187
81
9390
85
9546
65
9796
76
0218
67
0484
85
0656
78
0890
79
1109
32
1281
67
1390
72
1546
69
1671
32
1812
83
1968
79
2218
78
2437
79
2687
32
2828
65
2968
32
3140
16
3218
86
3484
73
3718
76
3843
76
3968
65
4109
32
4296
16
4359
71
4562
85
4671
65
4828
76
5062
73
5281
78
5531
79
6296
188
6531
32
6734
77
6828
65
7671
188
7859
32
7968
67
8140
79
8359
77
8484
69
8625
32
8812
65
8812
20
8921
76
9140
32
9281
83
9421
79
9609
76
9812
73
0203
84
0593
79
1984
8
2203
8
2390
8
2640
8
2812
8
3000
8
3171
8
3515
8
4171
20
4796
76
5000
32
5125
83
5312
79
5546
76
5765
73
6203
84
6546
79
6828
188
7000
32
7390
67
7531
73
7781
79
8140
219
8921
32
9328
77
9546
73
9750
32
0109
68
0265
65
0609
219
0875
32
1093
76
1234
65
1359
32
1671
80
1875
79
2015
83
2171
83
2375
73
2625
66
2859
73
3046
76
3250
73
3515
84
3937
65
4156
219
4796
32
6234
68
6328
73
6718
32
7187
71
7390
85
7578
65
7906
68
8500
65
8609
71
8843
78
8953
65
9218
82
9453
69
9953
32
0468
81
0640
85
0750
65
0921
76
1234
67
1390
79
1562
83
1765
65
1890
32
2109
67
2296
72
2437
69
2593
32
2875
69
3203
219
3484
32
3718
86
3984
73
4218
84
4343
65
4609
76
4781
69
4890
32
5171
80
5265
69
5453
82
5593
32
6312
81
6546
85
6703
69
6890
83
7406
84
7703
73
7937
32
8062
69
8265
83
8406
80
8546
69
9421
82
9734
73
9953
77
0171
69
0312
78
0562
84
0812
73
3125
188
3359
32
5031
67
5125
73
5312
79
6406
69
6640
219
6906
32
7203
76
7390
79
7609
32
7734
83
7890
80
8062
65
8406
90
8625
73
8781
79
9296
32
9968
67
0125
72
0296
69
0421
32
0625
77
0812
73
1046
32
1156
83
1375
69
1468
80
1656
65
1843
82
1953
65
2281
32
3234
68
3312
65
3578
76
3796
32
4062
84
4218
82
4359
65
4453
71
4765
85
4937
65
5109
82
5312
68
5640
79
6156
190
6718
32
8703
16
8843
86
9125
73
9343
76
9484
76
9593
65
9734
32
9906
16
9984
71
0171
85
0328
65
0437
76
0656
73
0875
78
1078
79
1328
32
1812
69
2031
219
2250
32
2515
73
2765
78
2906
32
3109
85
3296
78
3406
65
3531
32
3781
66
3890
69
4093
76
4250
76
4437
65
5000
32
5343
80
5531
79
5718
83
5890
73
6234
90
6421
73
6609
79
6843
78
6968
69
7140
32
7250
68
7484
65
7640
76
8750
76
8937
65
9109
32
9703
81
9921
85
0031
65
0203
76
0406
69
0531
32
0718
83
0937
73
1140
32
1265
68
1437
79
1703
77
1921
73
2140
78
2281
65
2890
32
3562
16
3687
84
3968
79
3984
73
4218
82
5234
8
5437
8
5906
82
6234
73
6468
78
6718
79
7046
190
7250
32
7359
16
7500
76
7765
65
7890
32
8062
67
8218
73
8531
84
8671
84
9015
65
9312
219
0140
32
0515
83
0703
69
0921
77
1171
66
1421
82
1531
65
1687
32
1968
76
2171
79
2421
78
2437
66
2718
84
2875
65
3156
78
3359
65
4187
8
4375
8
4578
8
4750
8
5031
8
5640
84
5750
65
5968
78
6125
65
7078
32
7312
77
7437
65
7562
32
7796
73
8031
78
8171
32
8437
82
8546
69
8812
65
9000
76
9484
84
9984
65
9984
83
0187
219
1000
8
1218
8
1984
219
2265
32
2718
69
2953
219
3203
32
3343
65
3515
80
3671
80
3765
69
4046
78
4218
65
4390
32
6156
76
6375
73
6593
219
6828
32
7000
83
7140
79
7484
84
7593
84
7921
79
8218
32
8421
69
8546
32
8765
77
8890
69
9015
78
9265
84
9453
82
9562
69
9718
32
1031
85
1218
78
1437
79
1640
32
1750
83
1937
69
2046
32
2265
78
2375
69
2546
32
2687
83
2843
84
2921
65
3125
32
3328
81
3500
85
3687
73
3937
32
4468
65
4718
68
4859
32
5281
79
5390
83
5562
83
5812
69
5953
82
6203
86
6296
65
8187
82
8250
76
9125
65
1140
188
1359
32
1500
83
1656
79
1968
84
2109
84
2375
79
2625
32
2937
67
3218
219
3562
69
3781
219
4031
32
4281
85
4484
78
4640
32
4828
77
5031
79
5312
78
5609
68
5718
79
5968
32
6109
67
6218
72
6375
69
6500
32
6921
66
7093
82
7406
85
7656
76
7890
73
8171
67
8312
65
1562
8
1937
188
2140
32
2234
67
2421
72
2546
69
2671
32
2921
76
3015
65
3250
86
3484
79
3796
82
3890
65
4671
188
4890
32
5000
67
5140
72
5296
69
5421
32
5593
83
5718
73
5937
32
6218
68
6375
73
6687
86
6812
69
7000
82
7203
84
7328
69
0484
190
0765
32
0875
16
1062
77
1281
65
1390
32
1718
84
1984
85
2250
84
2343
84
2609
79
2828
32
2953
81
3187
85
3343
69
3625
83
3875
84
4140
79
4375
32
5171
69
5343
219
5593
32
5875
73
6203
82
6343
82
6671
73
6890
76
7031
69
7234
86
7343
65
7515
78
7765
84
7906
69
8015
32
8359
80
8453
69
8703
82
8937
67
9187
72
9500
69
9734
219
0000
32
0281
70
0562
73
0828
78
0937
65
1093
76
1312
77
1453
69
1578
78
1828
84
3328
69
3593
32
3984
72
4218
79
4437
32
4609
70
4750
73
5000
78
5203
73
5468
84
5765
79
5968
16
6218
49
