10684
77
10864
105
11035
32
11205
97
11365
112
11485
112
11605
114
11776
101
11926
115
12176
116
12276
111
12477
32
12637
97
12787
32
13018
115
13548
8
13749
8
13909
8
14029
8
14179
8
14320
8
14470
8
14610
8
14770
8
14910
8
15061
8
15221
8
15381
8
15541
8
15712
8
23203
115
23303
97
23574
114
23654
97
24155
96
24375
32
24776
98
24856
101
24966
110
25076
101
25367
32
25877
99
25957
104
26058
101
26308
32
32247
116
32367
105
32558
32
32688
115
32908
99
33108
114
33229
105
33509
118
33589
97
33749
32
33880
97
34100
100
34210
101
34410
115
34551
115
34731
111
35021
44
35222
32
35402
97
35492
108
35773
116
35953
114
36063
105
36253
109
36333
101
36444
110
36614
116
36774
105
36974
32
37245
102
37335
105
37445
110
37565
105
37886
115
38096
99
38276
101
38407
32
38988
99
39078
104
39158
101
39448
32
39909
110
40059
111
40209
110
40390
32
40570
108
40710
111
41772
13
42373
100
42613
97
43264
8
43434
8
44055
102
44145
97
44386
99
44526
99
44696
105
44877
111
45758
32
46229
112
46489
105
46519
117
48112
96
48402
32
49213
8
49363
8
49494
8
49644
8
49964
8
50886
110
50986
101
51747
97
51887
110
52038
99
52158
104
52248
101
52428
32
52659
111
53109
103
53209
103
53490
105
53981
46
60831
32
61292
73
61612
114
62293
8
62373
101
62534
114
62964
105
64226
44
64437
32
65348
111
65919
118
66099
118
66269
105
66430
97
66610
109
66951
101
67201
110
68012
116
68102
101
68823
44
69024
32
69254
110
69414
111
69544
110
69755
32
69925
116
70015
105
70195
32
70666
104
70756
111
70937
32
71818
115
72018
99
72219
114
72359
105
72609
116
72759
116
72870
111
73050
32
73210
117
73300
110
73571
32
74162
116
74262
117
75173
98
75293
111
75704
44
75914
13
77286
112
77367
101
77597
114
77837
99
78308
104
78428
101
79680
39
79940
32
80381
104
80581
111
80772
32
80932
112
85910
97
86180
114
86781
116
86871
101
87212
99
87372
105
87692
112
87803
97
88193
116
88624
111
88834
32
88964
97
89095
108
89215
108
89315
101
98940
8
99080
97
99420
32
00001
103
00122
105
00312
111
00442
114
00702
110
00783
97
00983
116
01093
97
01213
32
01444
100
01534
105
01704
32
01854
108
02014
111
02315
116
02435
116
02565
97
02786
32
03326
99
03417
111
03597
110
04018
116
04188
114
04318
111
05850
32
08885
108
08935
101
13332
8
14223
101
14363
32
14604
112
14764
114
14884
111
15054
112
15195
111
15385
115
15675
116
15695
121
16346
8
16577
101
16957
13
19211
100
19331
105
19551
32
19662
113
19812
117
19922
101
20142
115
20413
116
20543
111
20853
32
22516
8
22716
8
22877
8
23027
8
23157
8
23297
8
23437
8
23598
8
23748
8
24349
101
24499
108
24689
32
25410
103
25541
111
25951
118
26142
101
26402
114
26632
110
26823
111
27033
32
27173
105
27313
110
27524
32
27654
109
27774
97
28145
116
28255
101
28675
114
28746
105
28956
97
29086
32
29397
100
29527
105
29687
32
29817
112
30017
111
30258
108
30468
105
30889
116
30989
105
31169
99
31420
97
31540
32
31700
100
31880
101
31991
108
32231
32
32822
108
32932
97
33272
118
33383
111
33633
114
33753
111
34164
46
39172
32
40604
13
41836
65
42036
32
42697
116
42797
111
43418
8
43628
8
44970
84
47304
8
47845
83
50629
111
50900
114
51060
105
51160
110
51300
105
51480
32
51991
108
52091
97
52232
32
53143
109
53253
97
53444
110
53594
105
54105
102
54195
101
54405
115
54545
116
54665
97
55116
122
55216
105
55336
111
55467
110
55577
101
61306
32
64100
8
64400
111
68106
101
68246
96
68487
32
68657
115
68797
116
68907
97
68997
116
69148
97
69268
32
70019
111
70279
114
70450
103
70560
97
70770
110
70940
105
71341
122
71461
122
71601
97
71762
116
71882
97
71992
32
72222
105
72403
110
72573
32
72763
116
72933
114
73064
101
73194
32
73444
99
73544
111
75277
114
75407
116
75507
101
76239
105
77050
58
77250
32
77470
117
77500
105
77561
110
78282
8
78482
8
78682
8
79644
117
79734
110
79964
111
80325
13
84852
101
85292
96
85493
32
86014
91
86645
8
87366
112
87516
97
87826
114
88037
116
88157
105
88387
116
88467
111
88718
32
89439
100
89519
97
89669
32
96289
112
96530
105
96700
97
97461
122
97571
122
97732
97
98543
32
98994
83
99224
116
99334
97
99675
116
99805
117
00225
116
00326
111
00806
44
01037
32
01708
117
01818
110
02008
111
02289
32
02759
100
02970
97
03140
32
03741
99
04452
111
04652
114
05243
115
05333
111
05544
32
05794
77
06034
97
06295
114
06685
99
06786
111
07517
110
07697
105
07927
32
08088
101
08308
32
09299
108
12614
39
14077
108
14167
97
14778
8
15168
8
15409
97
15719
108
16100
116
16350
114
16541
111
16751
32
17131
100
17372
97
17602
32
18073
13
18714
112
18914
105
19004
97
19525
122
19635
122
19786
97
19896
32
20527
86
20897
105
21188
116
21338
116
21478
111
21739
116
22099
8
22209
114
22349
105
22550
111
22570
112
23051
8
39235
46
62635
32
63436
80
63707
101
63917
114
64117
32
64348
108
64408
97
64658
32
65079
8
65259
8
65409
8
65550
8
65670
8
65810
8
65940
8
67362
85
67503
110
67683
32
68324
113
68434
117
68584
97
68915
114
69285
116
69396
111
69566
32
69796
99
69876
111
70107
114
70798
116
71048
101
72020
111
72260
44
72430
32
72811
100
72901
105
73091
32
73231
115
73572
116
73712
117
73973
100
74133
101
74283
110
74694
116
74804
105
75044
44
75215
32
75375
101
75976
96
76196
32
76537
112
76647
97
76947
114
77147
116
77288
105
77528
116
77628
111
78319
32
78810
100
79040
97
86241
13
86572
112
86802
105
86912
97
87153
122
87293
122
87523
97
87724
32
88154
65
88435
114
88795
98
88896
97
89206
114
89306
101
89697
108
89817
108
89977
111
91199
46
91510
32
98140
73
98430
32
98831
112
99131
114
99251
105
00113
109
00263
105
00443
32
00944
116
01114
114
01235
101
01345
32
01595
99
01715
111
02216
114
02496
116
02607
101
02907
105
03067
32
03458
40
04369
101
04820
44
05030
32
05441
102
05631
111
05711
114
06202
115
06382
101
07154
44
07344
32
07514
97
07714
110
08075
99
08195
104
08295
101
08436
32
08616
105
08806
108
08966
32
09317
113
09437
117
09557
97
09908
114
10178
116
10278
111
11320
41
12963
13
13914
115
14034
111
14214
110
14395
111
15336
8
15506
8
15667
8
15857
8
16438
115
16538
105
16748
32
16959
115
17059
111
17199
110
17219
104
17349
111
17570
32
17850
8
18020
8
18161
8
18882
111
19072
32
19342
100
19483
105
19883
114
20053
101
20704
116
20865
116
20965
105
21155
32
21275
105
21406
110
21626
32
22257
112
22487
105
22507
117
22607
97
23168
122
23339
122
23529
97
23729
32
24020
8
24180
8
24330
8
24470
8
24600
8
24731
8
25532
97
26594
122
26734
122
26914
97
27154
32
27645
83
28056
46
28246
32
28526
67
28677
97
29017
114
29588
108
29658
101
30229
8
30910
111
37190
46
40485
8
40946
44
41146
32
41466
100
41567
111
42067
118
42157
101
42308
32
43049
99
44882
39
45162
101
45422
96
45723
32
46234
115
46324
116
46454
97
46684
116
47045
111
47235
32
47436
117
47546
110
47766
32
48808
100
48928
105
49108
115
49338
99
51091
8
52313
8
52483
8
53224
117
53335
110
53525
32
54266
114
54376
97
54797
112
54917
112
55007
114
55187
101
55368
115
55508
101
55628
110
55899
116
55999
97
56229
110
56610
116
56680
101
57441
32
57691
115
57812
105
57992
110
58212
100
58422
97
58643
99
58843
97
59274
108
59354
101
62218
13
64862
32
65283
40
66214
109
66395
105
66555
32
66705
112
66845
97
67136
114
67226
101
67366
32
67476
100
67637
101
67787
108
67907
108
68027
97
68177
32
69750
100
69890
105
70681
114
70852
101
71162
122
71292
105
71402
111
71553
110
71673
101
71833
32
72214
110
72314
97
73315
122
73416
105
73526
111
73666
110
73866
97
74026
108
74147
101
74307
32
74938
100
75098
101
75238
108
75379
108
75499
97
75629
32
76961
67
77862
71
78203
73
78413
76
78784
41
02150
32
02560
104
02650
97
03432
13
03842
116
03983
101
04133
110
04333
117
04684
116
04794
111
04994
32
05224
117
05355
110
05595
32
06476
100
06587
105
06747
115
06987
99
07117
111
07338
114
08339
115
08419
111
09892
32
10312
40
11073
99
11224
104
11274
101
11514
32
11684
110
11845
111
11875
105
11995
110
12385
8
12556
8
13086
110
13277
32
13427
115
13537
111
13697
110
13838
111
14008
32
14288
114
14719
105
14919
117
15210
115
15470
99
15640
105
15831
116
15951
111
16372
32
16482
97
16902
32
17263
115
17423
101
17513
110
17774
116
17914
105
18274
114
18355
101
19657
44
19837
32
19987
112
20107
101
20308
114
20398
32
20698
99
21099
8
21279
118
21409
105
22170
97
22471
32
22882
100
23102
101
23292
108
23442
108
23573
97
23943
8
24113
8
24504
13
25866
103
26066
114
26217
97
26487
110
26697
32
27068
110
27238
117
27429
109
27529
101
27819
114
27929
111
28130
32
29301
100
29392
105
29792
8
31184
8
31335
8
36452
105
36603
97
36743
32
36913
100
37073
101
37204
108
37774
13
38826
103
38946
114
39207
97
39427
110
39637
32
39868
110
40038
117
40198
110
40218
109
40318
101
41070
8
41630
8
42041
8
42562
109
42722
114
43323
8
43473
101
44234
114
44325
111
44525
32
44725
100
44825
105
44986
32
45066
112
45186
101
45366
114
45617
115
45747
111
45927
110
46097
111
46658
8
46778
101
56063
32
56734
112
56854
114
57034
101
57214
115
57375
101
57505
110
57715
116
57845
105
58266
32
58466
105
58556
110
58807
32
59358
112
59558
105
59698
97
60179
122
60329
122
60499
97
62763
41
63965
46
65247
32
65898
80
66188
101
66368
114
66509
32
66739
111
67080
103
67230
103
67540
105
68211
44
68422
32
69163
98
69253
97
69463
115
69633
116
69734
97
70335
32
70665
99
70805
111
71126
115
71266
105
72007
96
73469
33
