77708
77
77908
105
78108
32
78239
97
78479
99
78629
99
78789
105
78910
110
79350
103
79471
111
80883
8
81093
8
81243
8
81393
8
81544
8
81704
8
81874
8
82014
8
82175
8
82365
8
91539
69
92130
96
92350
32
92631
109
92781
119
93422
8
93512
101
93923
103
94093
108
94293
105
94464
111
94674
32
95545
99
95655
104
95756
101
95916
32
96527
102
96607
97
96857
99
97017
99
97128
105
97268
97
97498
32
98079
108
98470
39
98740
101
98971
115
99331
112
99401
101
99632
114
99762
105
99972
109
00082
101
00182
110
00613
116
00713
111
02766
32
03007
97
03137
108
03317
32
03538
109
03678
97
04008
116
04168
116
04309
105
04449
110
04669
111
05030
44
05220
32
05440
97
05511
108
05781
116
05971
114
06081
105
06262
109
06702
101
06983
110
07734
116
07854
105
08135
32
08555
102
08685
105
08846
110
09026
105
09377
115
09597
99
09777
101
09957
32
10628
99
10719
104
10839
101
10969
32
11179
109
11289
101
11590
32
11820
110
12922
101
13403
13
16858
100
17008
105
17219
109
17349
101
17369
119
17459
110
18511
8
18691
8
19392
110
19803
116
19893
105
20253
99
20373
105
21175
8
21826
111
22026
44
22236
32
22587
99
22687
111
22847
109
22967
101
23118
32
23288
101
24079
92
24099
96
26202
8
26363
8
28015
96
28256
32
28506
97
28776
99
28917
99
29037
97
29387
100
29558
117
30078
116
30138
111
30319
32
30429
105
30709
101
30950
114
31060
105
32162
46
38221
32
38642
73
38862
108
39102
32
39823
103
40424
117
40955
97
41115
105
41296
111
41476
32
41796
99
41907
111
42087
110
42307
32
42858
113
42938
117
43108
101
43309
115
43569
116
43699
105
43880
32
44000
101
44190
115
44330
112
44420
101
44661
114
44761
105
44961
109
45061
101
45162
110
45302
116
45462
105
45682
32
45843
101
46504
96
47245
32
47525
99
47675
104
47746
101
47916
32
48056
110
48206
111
48356
110
48997
13
50109
115
50199
105
50570
32
50860
115
51041
97
51171
32
51371
109
51491
97
51652
105
51862
32
52483
99
52593
111
52843
115
53054
97
53194
32
53534
115
53785
99
53975
114
54085
105
54366
118
54446
101
54646
114
54716
101
55668
46
55878
32
69399
69
69679
112
69809
112
70040
117
70270
114
70390
101
70541
32
70731
100
70821
105
71021
32
71352
99
71462
111
71632
115
71973
101
72133
32
72313
100
72524
97
72654
32
72924
115
73125
99
73335
114
73465
105
73836
118
73916
101
74106
114
74216
101
74346
32
74587
99
74877
101
75078
32
75318
110
75418
101
75548
32
75829
115
76019
97
76590
114
76760
101
76990
98
77121
98
77221
101
77451
114
77611
111
80316
13
82469
112
82569
97
82849
114
83010
101
83280
99
83420
99
83541
104
83711
105
83841
101
85604
44
85804
32
85974
115
86135
101
86265
32
86535
115
86665
111
86826
108
86976
111
87116
32
87406
117
87517
110
87717
111
87997
32
88749
115
88949
97
89119
112
89229
101
89600
115
89740
115
89930
101
90221
32
90942
100
91613
8
91733
115
91953
99
92134
101
92765
103
92885
108
93095
105
93155
101
93406
114
93476
101
93736
32
94437
117
94547
110
94758
32
94988
116
95088
101
95359
109
95459
97
95659
32
96531
102
96691
114
96811
97
96981
32
97192
105
97392
32
97672
116
97782
97
97943
110
98754
116
98864
111
98894
105
99665
8
00086
8
00286
8
00477
8
00657
8
00817
8
00957
8
01108
8
01759
108
01849
101
02009
32
02299
116
02390
97
02670
110
03251
116
03331
101
03511
32
03682
99
03782
111
06005
13
07177
8
09300
8
09440
8
12735
102
12806
101
13046
114
13166
110
14067
8
14648
109
14769
97
14989
114
15089
101
15239
32
15470
117
16131
110
16321
111
16541
32
16902
100
17062
101
17182
105
17363
32
17573
116
17693
97
17833
110
18234
116
18354
105
18584
32
18845
112
18965
101
19155
114
19957
8
21148
110
21509
115
21529
122
21619
105
22571
8
22741
8
23422
105
23552
101
23802
114
23893
105
24864
13
25165
99
25295
104
25375
101
25565
32
25836
112
25946
97
26166
115
26306
115
26487
97
27087
110
27298
111
28159
32
28430
112
28560
101
28840
114
28980
32
29181
108
29281
97
29421
32
29621
109
29692
101
29812
110
30102
116
30192
101
30823
32
31514
105
31665
110
31845
32
32035
111
32536
103
32736
110
32886
105
33057
32
33277
111
33487
114
33798
97
34339
8
34499
8
34649
8
35490
109
35691
111
36312
109
36422
101
36502
110
36742
116
36853
111
37253
46
37483
32
38425
83
38635
97
38876
114
39066
101
39477
98
39607
98
39697
101
39837
32
40909
115
41029
117
42982
102
43122
102
43893
105
44324
99
44434
105
44544
101
44725
110
45095
116
45195
101
46477
13
47529
102
47659
101
47879
114
48140
109
48230
97
48540
114
48901
110
48991
101
49462
32
50153
117
50243
110
50453
111
51134
32
52727
101
53007
32
53508
109
53608
101
53899
116
54019
116
54149
101
54369
114
54740
108
54900
111
55101
32
55231
112
55341
101
55531
114
55661
32
55812
105
56132
115
56413
99
56623
114
56733
105
57024
116
57174
116
57314
111
58496
46
62522
32
63063
85
63243
110
63413
111
63604
32
63964
113
64054
117
64195
97
64315
108
64585
117
64745
110
65597
113
65677
117
65827
101
68902
58
69282
32
69853
108
71656
8
72197
117
72307
110
72517
32
72748
108
73018
105
73799
98
74290
114
74380
111
76023
13
76433
108
76453
107
76544
101
78196
8
78767
8
79508
101
80900
116
81060
116
81201
111
81491
44
81691
32
82012
117
82142
110
82232
32
82613
102
82733
105
82973
108
83524
109
83755
32
84606
118
84716
105
85117
115
85367
116
85477
111
85768
44
85948
32
86228
117
86319
110
86549
97
86689
32
87090
110
87250
111
87641
116
87751
105
88322
122
88402
105
88542
97
88662
32
89173
100
89253
105
89423
32
89764
99
89974
114
90114
111
90515
110
90605
97
90936
99
91156
97
91607
44
91837
32
94211
117
94331
110
94581
32
97085
102
97205
111
97225
105
97315
116
98387
8
98597
8
99349
116
99469
111
99960
103
00160
114
00310
97
00581
109
00721
109
00801
97
07651
32
12749
113
12889
117
13010
97
13180
108
13460
117
13801
110
14572
113
14652
117
14802
101
15834
13
63918
44
67063
13
73112
8
73643
8
74494
46
74644
46
74765
46
76918
13
77909
101
78140
99
78310
99
78460
111
78671
44
78861
32
79372
105
79572
108
79732
32
80323
102
80423
111
80654
116
80784
111
81375
103
81565
114
81705
97
81956
109
82066
109
82206
97
82336
32
83518
100
83668
105
83839
32
83989
117
84089
110
84259
97
84389
32
84650
99
84860
97
85211
115
85371
99
85451
97
86212
116
86302
97
93063
44
93263
32
93594
102
93794
111
93854
114
94265
115
94425
101
94565
32
94815
102
94906
97
95116
114
95246
101
95557
105
95757
32
96388
109
96448
101
96849
103
97119
108
97299
105
97459
111
97740
32
97890
97
98100
32
98761
100
98842
105
99012
114
99172
101
99923
13
02507
100
02607
105
02758
32
02928
117
03048
110
04450
32
04921
115
05101
97
05251
108
05602
116
05692
111
05902
32
06133
100
06563
39
06714
97
07024
99
07896
113
07976
117
08206
97
42989
44
43210
32
43460
112
43650
111
43991
116
44141
114
44261
101
44472
105
45083
32
45333
115
45563
99
45824
114
45944
105
46234
118
46305
101
46505
114
46895
116
46976
105
47456
32
48428
100
48528
105
49550
32
50181
113
50281
117
50751
101
50992
115
51152
116
51533
111
59986
46
66686
32
68138
68
68719
105
68919
32
69080
117
69210
110
69350
32
69550
115
69721
97
69851
108
70281
116
70362
111
70882
13
71694
100
72875
39
73036
97
74107
8
74278
8
74428
8
74578
8
74718
8
74858
8
75009
8
75159
8
75289
8
75429
8
76020
32
76531
116
76641
111
77092
114
77222
114
77322
101
77613
110
77973
116
78214
101
79766
13
80147
99
80287
104
80397
101
80547
32
81228
102
81338
97
81459
32
81729
117
81849
110
82090
32
82400
115
82580
97
82691
108
83051
116
83141
111
84023
32
84163
101
84323
32
84523
108
84704
111
84894
32
85164
102
85264
97
86206
32
86426
100
86546
111
87438
118
87508
101
88790
32
89140
112
89321
111
90282
99
90392
104
90593
105
90843
32
91144
108
91304
111
91494
32
91624
112
91875
111
92185
115
92365
115
92516
111
92726
110
93046
111
93367
32
93988
118
94068
101
94268
100
94429
101
94619
114
94789
101
96291
44
96512
32
01870
100
01980
111
02221
98
02251
118
02341
101
03973
8
04174
8
04334
8
04524
8
04714
8
05285
105
05395
110
05726
100
05816
105
06247
115
06537
116
06677
117
06908
114
07388
98
07479
97
07859
116
07969
111
09001
44
09211
13
10123
100
10233
111
10874
118
10954
101
11114
32
11295
105
11485
32
13298
8
13458
8
13979
108
14069
97
14219
32
14670
109
14760
97
15461
115
15611
115
15791
97
15932
32
16092
100
16272
101
16392
105
16603
32
16923
116
17053
117
17484
114
17604
105
18005
115
18275
116
18375
105
19237
32
19487
110
19667
111
19828
110
19998
32
20228
112
20388
97
20619
115
20759
115
20969
97
21741
110
21991
111
24034
44
24234
32
25076
118
25196
105
27069
115
27199
105
27630
98
27850
105
28050
108
28170
101
28952
32
29292
100
29523
97
29713
32
30003
117
30073
110
30414
32
30875
115
31045
101
31155
110
31466
116
31556
105
31726
101
31966
114
32086
111
32968
13
37164
115
37315
117
37515
32
38516
99
38637
117
38827
105
39037
32
39838
99
39959
97
40209
109
40339
109
40489
105
40650
110
40780
97
41371
110
41541
111
46439
32
47039
115
47160
111
47320
108
47480
111
47650
32
47911
113
48011
117
48211
101
48362
108
48492
108
48672
105
71257
32
71627
99
71778
111
71978
109
72068
101
72248
32
72489
108
72739
117
72899
105
01834
44
02074
32
02375
99
02495
104
02605
101
02725
32
02996
112
03106
97
03356
115
03516
115
03707
97
05309
110
05499
111
05700
32
05930
97
06090
116
06230
116
06411
114
06451
97
07332
118
08374
101
09035
114
09425
115
09566
111
09766
32
09976
108
10066
97
10417
13
11088
109
11238
111
11469
110
11949
116
12059
97
12630
103
12851
110
13051
97
13612
32
14643
101
14794
32
14984
99
15094
104
15635
101
15805
32
15995
100
16206
97
16306
108
16436
108
16536
97
16657
32
16937
109
17137
111
17818
110
18059
116
18179
97
18379
103
18610
110
18720
97
18840
32
19251
115
19311
105
19511
32
19661
108
19761
97
20062
115
20272
99
20382
117
21043
8
21704
105
21814
97
22315
110
22516
111
22796
32
23187
97
23437
116
23587
116
23727
114
23838
97
24258
118
24338
101
24549
114
25059
115
25240
97
25530
114
25710
101
26422
44
26852
46
27002
46
27653
8
27804
8
27954
8
28595
46
28715
46
29236
46
