27471
67
28012
105
28152
97
28362
111
28552
32
28943
68
29133
97
29344
110
29504
117
30235
8
30916
105
31046
101
31207
108
31627
101
32929
44
33600
13
36685
102
36795
105
36925
110
37025
97
37146
108
37466
109
37586
101
37666
110
37947
116
38027
101
39419
32
39770
105
39870
110
40010
105
40561
122
40641
105
40801
97
41102
32
41653
108
41863
39
42043
101
42274
115
42414
116
42514
101
42734
114
42854
105
43045
109
43155
101
43245
110
43555
116
43976
111
45138
33
48743
8
49184
112
53220
32
56626
80
56866
101
57026
114
57196
32
57677
117
57787
110
57978
111
58158
32
58418
99
58498
111
58669
109
58759
101
58909
32
59190
109
59290
101
59430
32
59851
99
59931
104
60031
101
64337
32
64888
99
64988
112
66110
8
66471
111
66701
110
66921
32
67522
77
67713
97
67973
108
68113
108
68153
97
68634
114
68834
109
68935
101
69586
39
70928
13
73321
99
73441
111
73632
110
73902
100
74002
105
74563
118
74653
105
75034
100
75184
101
76626
32
76867
115
76987
111
77157
108
77458
116
77598
97
77908
110
78239
116
78339
111
78549
32
78680
108
79020
39
79701
111
79901
115
80092
115
80482
101
80803
115
80953
115
81494
105
81624
111
81764
110
81894
101
82085
32
82275
100
82505
97
82656
32
83146
102
83277
111
83597
103
83837
108
84028
105
84188
111
84348
32
84579
98
84789
105
84969
97
85180
110
85610
99
85690
111
86251
32
86882
40
87493
109
87593
97
87733
32
87864
110
88004
111
88144
110
88374
32
95616
108
95946
39
96106
97
96547
98
96797
105
97008
108
97198
105
97478
116
97609
97
00122
96
00663
13
01374
112
01545
111
01715
101
02096
116
02226
105
02646
99
02747
97
03758
41
04840
32
05210
117
05310
110
05531
32
05781
101
05961
115
06132
112
06222
101
06432
114
06562
105
06843
109
06963
101
07043
110
07554
116
07624
111
08475
32
08696
112
08796
101
09186
103
09337
103
09457
105
09637
111
09777
114
09938
101
09968
114
10138
32
10849
8
11009
8
11250
8
11981
8
12131
8
12291
8
12441
8
12602
8
12922
8
13333
8
14394
8
14545
8
14685
8
14845
8
15436
112
15626
111
15957
99
16127
104
16287
105
16498
32
16708
101
16948
115
17119
112
17219
101
17409
114
17539
105
17750
109
17850
101
17950
110
18210
116
18471
105
18641
32
18881
114
18981
105
19502
115
19632
117
19843
108
20113
116
20203
101
20404
114
20564
101
21015
98
21145
98
21255
101
21465
114
21545
111
21746
32
21866
112
21976
101
22337
103
22497
103
22627
105
22767
111
22968
114
23128
105
23408
32
24820
100
24951
105
25141
32
25471
113
25562
117
25732
101
25952
115
26283
116
26383
111
43409
8
44481
8
44661
8
44801
8
44951
8
45092
8
45993
105
46173
117
47105
96
47315
32
47816
102
47906
97
48226
116
48347
105
48627
99
48747
111
49018
115
49218
105
49398
32
49889
100
50029
105
50189
32
50911
113
50991
117
51141
101
51331
115
51602
116
51722
111
52834
46
54266
13
65413
67
66254
105
66424
111
66655
110
66825
111
68097
110
68818
100
68958
105
69209
109
69299
101
69449
110
69659
105
69679
111
70771
8
71312
8
72243
111
72474
32
81127
40
81327
41
84062
101
87958
96
88148
32
88779
100
88909
97
89049
32
89570
116
89670
97
89891
110
90361
116
90441
111
90642
32
90762
99
90882
104
90972
101
91112
32
91293
100
91463
101
91924
115
92044
105
93206
100
93366
101
93516
114
93736
97
94538
118
94608
111
95770
32
96370
117
96871
116
97402
105
97662
108
97863
105
99245
122
99375
122
99495
97
99776
114
99836
101
05545
32
06256
113
06366
117
06566
101
06987
115
07137
116
07257
97
10682
32
10893
112
11013
97
11364
114
11494
111
11754
108
11874
97
13026
58
13276
13
14649
116
14799
105
15019
32
15280
114
15400
105
15570
110
15901
103
17002
114
17253
97
17954
122
18074
105
18194
111
18394
32
18595
112
18735
101
18915
114
19035
32
19266
108
19556
39
19837
111
20037
112
20157
112
20468
114
20758
116
20878
117
21129
110
21269
105
21659
116
21800
97
25956
8
26126
8
26286
8
26447
8
26587
8
26737
8
26897
8
27088
8
28239
8
28420
8
28560
8
28720
8
29481
97
29772
118
29872
101
30062
114
30493
109
30673
105
30924
32
32536
102
32686
111
32746
114
33167
110
33317
105
33608
116
33948
111
34169
32
34499
108
34739
39
35030
111
35290
112
35411
112
35661
114
35941
116
36142
117
36332
110
36472
105
36783
116
36903
97
37484
96
37724
32
38125
100
38245
105
38365
32
38605
102
38706
97
38936
114
39256
108
39427
111
57034
8
57194
8
57354
8
57514
8
57665
8
58035
8
60509
99
60649
111
60870
110
64185
103
64665
105
64826
117
65036
110
65647
122
65767
105
65867
111
66008
110
66138
101
67830
13
68832
45
69313
32
69503
109
69603
97
69753
32
69873
101
70675
96
70845
32
71236
112
71426
111
71616
105
71826
32
72097
117
72217
110
72618
97
72798
32
73569
99
73709
111
73940
110
74250
103
74561
105
74721
117
74881
110
75292
122
75392
105
75502
111
76053
110
76884
101
78847
63
80500
32
81712
45
84897
8
85137
32
85417
101
90034
111
04126
44
04346
32
11047
105
11197
110
11888
105
13010
122
13120
105
13250
111
14272
13
14893
113
14993
117
15163
101
15373
115
15504
116
15644
97
15834
32
16736
109
16876
105
17046
97
17146
32
17587
102
17697
97
17957
116
18088
105
18558
99
18638
97
18829
32
19289
99
19400
111
19630
110
19920
32
21192
117
21313
110
21513
32
22284
98
22635
114
22795
97
23065
110
23256
111
23456
32
23706
97
23856
32
24137
116
24297
114
24407
97
24558
116
24658
116
24968
105
25159
32
27532
97
27712
117
27963
116
28083
111
28383
114
28544
101
28774
102
28944
101
29105
114
29285
101
34293
8
34453
8
35334
113
35464
117
35605
101
35975
115
36246
116
36937
111
40532
110
41033
122
41123
105
41574
97
41744
108
41844
101
46061
32
46261
99
46401
104
46461
101
48605
13
48955
102
49105
105
49626
110
49786
111
49987
114
50217
97
50417
32
51239
109
51369
105
51529
32
51809
103
52400
8
52741
104
52881
97
53011
32
53182
99
53282
111
53512
110
53692
115
53873
101
54033
110
54273
116
54403
105
54814
116
54904
111
55105
32
55455
115
55545
111
55695
108
55816
111
56266
32
57128
100
57218
105
63828
8
63998
8
64158
8
64289
8
64449
8
64579
8
64719
8
64940
8
65621
32
66071
100
66172
105
66342
32
66752
111
67173
99
67343
99
67484
117
67724
112
67844
97
68115
114
68185
101
68365
32
68806
99
68926
105
69116
114
69497
99
69737
97
69917
32
70799
50
71249
47
71750
51
72231
32
73072
100
73222
101
73373
108
73503
108
73663
111
73853
32
76417
115
76548
112
76678
97
77128
122
77279
105
77529
111
77829
32
77990
97
78290
32
79472
13
79752
100
79903
105
79993
101
80464
115
80574
112
80744
111
81145
115
81245
105
81906
122
82006
105
82136
111
82286
110
82417
101
83999
8
84149
8
84289
8
84430
8
84570
8
84720
8
84860
8
85001
8
85151
8
85301
8
85451
8
86112
115
86293
112
86473
111
86893
115
87004
105
87464
122
87574
105
87675
111
87825
110
87925
101
91420
46
38963
32
44101
70
44282
114
44402
97
44592
32
45544
49
45714
49
46044
32
46886
98
47156
114
47386
97
47917
110
48067
105
48839
44
49019
32
49339
113
49440
117
49600
97
49710
110
50101
100
50181
111
50371
32
50551
105
50942
108
51132
32
51673
109
51823
105
51994
111
52184
32
52494
99
52564
111
52775
110
53095
116
53265
114
53386
105
53736
98
53916
117
54257
116
54357
111
54988
32
56160
97
56360
108
56480
108
58123
39
58413
101
58644
115
58914
112
59024
101
59215
114
59325
105
59545
109
59856
101
59976
110
60316
116
60667
111
61328
13
62169
115
62369
97
62630
114
62690
97
63291
96
63521
32
63832
116
64082
101
64302
114
64623
109
64773
105
64883
110
65024
97
65344
116
65454
111
67057
44
73767
32
03603
116
03713
105
03903
32
04114
99
04204
104
04374
105
04464
101
04665
100
04835
101
04995
114
05205
111
06407
96
07399
32
07879
113
08040
117
08210
97
08370
108
09282
101
09432
32
09782
101
09983
114
10313
97
10503
32
11024
108
11485
39
11765
111
12056
110
12717
8
13047
98
13218
105
13488
116
14239
8
14480
101
15111
116
15241
116
15351
105
15832
118
15912
111
17865
59
18055
32
18305
110
18466
111
18626
110
18806
32
19327
112
19648
114
19778
105
19968
109
20148
97
21090
44
21300
32
21450
97
21550
108
21861
116
22051
114
22191
105
22352
109
22492
101
22572
110
22762
116
22913
105
23984
8
24124
8
24255
8
24395
8
24565
8
24695
8
24836
8
24976
8
25126
8
25406
8
25917
112
26017
101
26208
114
26328
32
26518
110
26658
111
26799
110
27460
13
28381
102
28491
97
28711
108
29032
115
29212
97
29463
114
29893
110
29963
101
30184
32
31806
105
32027
32
32587
114
32688
105
33118
115
33238
117
33429
108
33709
116
33799
97
34080
116
34180
105
35672
46
39047
32
40339
81
40710
117
40840
101
41030
115
41882
116
45307
39
45728
117
45958
108
46198
116
46339
105
46519
109
46679
97
46799
32
47090
114
47230
105
47701
103
47791
97
50615
8
51767
8
51907
8
52067
8
52228
8
53349
67
54010
111
54221
109
54411
112
54511
108
54601
101
54912
116
55292
111
55453
32
55693
105
55873
110
56134
32
56644
113
56735
117
56895
101
57115
115
57366
116
57496
111
57686
32
57836
109
57987
111
58277
100
58367
111
58738
32
60390
113
60661
117
60831
101
61211
115
61522
116
62373
39
64406
117
64687
108
65027
116
65198
105
65468
109
65608
97
66009
32
66840
114
67341
105
67631
103
67782
97
68322
46
