96994
66
97224
101
97875
110
97965
101
98476
33
99548
32
02543
80
02653
97
04365
114
04526
108
04686
105
04846
97
04936
109
05116
111
05317
32
05487
100
05677
101
06318
108
06438
108
06519
97
06699
32
07190
109
07290
97
07580
110
07600
98
08732
8
09403
105
09834
102
09934
101
10114
115
10224
116
10334
97
10905
122
11006
105
11126
111
11256
110
11366
101
11526
32
11657
100
11837
101
12057
108
12217
32
12398
112
13189
8
13830
80
14661
114
14781
105
14982
109
15142
111
15322
32
15973
77
16133
97
16534
103
16694
103
16834
105
17015
111
17245
32
18297
100
18387
105
18547
32
18808
84
19178
111
19408
114
19649
111
19679
105
20490
8
20771
8
21381
105
21502
110
21712
111
22503
46
22533
59
23124
8
23324
8
24386
46
28342
13
30696
65
30906
108
31046
108
32138
101
32739
32
33771
57
34231
58
34892
51
34992
48
35183
32
37576
117
37677
110
37877
32
39229
8
39429
8
39589
8
42734
105
42925
32
43095
109
43265
97
44146
110
44337
105
45038
102
45208
101
45428
115
45589
116
45699
97
45989
110
46340
116
46430
105
46620
32
46931
115
47041
105
47221
32
47552
115
47682
111
47862
110
48012
111
48183
32
48453
116
48643
114
48754
111
49044
118
49134
97
49465
116
49585
111
50005
8
50306
105
50606
32
51318
105
51438
110
51608
32
51848
112
52409
105
52549
97
53361
122
53491
122
53651
97
53821
32
54182
86
54502
105
54803
116
54973
116
55113
111
55434
114
55534
105
55714
111
56696
32
57677
13
58048
40
58579
113
58689
117
58869
101
59059
115
59270
116
59390
97
59580
32
59871
118
59981
111
60201
108
60512
116
60582
97
60892
44
61093
32
61233
97
61403
32
61613
100
61804
105
62134
102
62274
102
62415
101
62485
114
62635
101
62845
110
63326
122
63466
97
63596
32
63797
100
63917
105
64117
32
64818
113
64908
117
65069
97
65189
110
65469
116
65549
111
65750
32
65870
97
66110
118
66230
118
66381
101
66571
110
66781
105
66801
117
67853
8
68223
8
68774
117
69115
116
69195
111
69425
32
70517
112
70597
101
70797
114
70888
32
71078
108
71238
111
71458
32
71649
115
71869
99
71959
105
72140
111
72390
112
72530
101
72710
114
72801
111
73472
13
74103
103
74193
101
74583
110
74693
101
74974
114
75074
97
75475
108
75595
101
75765
44
75955
32
87012
99
87313
39
87473
101
87864
114
87934
97
88124
32
88835
117
88945
110
89086
32
89286
117
89396
110
89556
105
89857
99
89997
111
90197
32
90788
99
90908
111
91139
114
91439
116
91529
101
91830
111
92341
41
97599
46
98260
32
00473
76
00854
97
01815
32
02166
102
03438
8
04099
112
04169
97
04429
114
04609
116
04810
101
05060
110
05401
122
05621
97
05811
32
06062
100
06222
101
06342
108
06512
32
06883
99
06993
111
07113
114
07474
116
07564
101
07905
111
08155
32
08986
101
10569
96
11119
13
11370
97
11700
118
11851
118
12031
101
12361
110
12562
117
12892
116
13012
97
13143
32
13453
112
13613
111
13643
105
13894
99
14485
111
14835
8
14995
8
15156
8
16287
99
16358
111
16568
32
18841
105
18972
110
19172
32
19412
114
19532
105
19813
116
19903
97
20133
114
20674
100
20784
111
20995
32
21566
115
21656
117
21896
108
22016
108
22196
101
22297
32
23388
112
23468
114
23659
101
24069
118
24210
105
24630
115
24760
105
24861
111
25011
110
25171
105
25391
32
25692
40
26553
115
26733
116
26924
114
27014
97
27985
110
28076
97
28226
109
28346
101
28426
110
28696
116
28757
101
29558
41
29848
44
30039
32
30339
99
30449
105
30469
117
30950
8
31321
8
32112
105
32292
111
32542
101
33073
96
33514
13
34125
118
34225
101
34455
114
34716
115
34866
111
35066
32
35237
108
35357
101
35717
32
38502
49
38642
48
39223
58
39553
49
39683
48
40825
32
41216
45
41396
32
41937
49
42037
48
42868
58
44060
49
44371
53
45653
46
45833
32
46764
73
47005
108
47205
32
47636
99
47726
111
47926
114
49118
116
49198
101
49529
111
49709
32
50270
104
50370
97
50460
32
51121
112
51261
101
51472
114
51892
99
52032
111
52293
114
52844
115
52964
111
60515
32
63310
118
63420
105
63800
97
63971
32
64652
80
64892
111
65323
44
72294
32
72704
118
72955
105
73085
97
74267
32
74677
82
75028
111
75258
109
75348
97
77421
44
77672
13
82489
101
83391
100
83581
32
83741
101
85454
96
85985
32
86425
97
86746
114
86926
114
87156
105
87857
118
87938
97
88228
116
88338
111
88538
32
88879
102
88989
105
89360
110
89550
111
89750
32
89901
105
90061
110
90241
32
90932
112
91132
105
91243
97
91663
122
91804
122
91994
97
92184
32
92575
83
92765
97
93256
110
93436
32
93757
67
93917
97
94207
114
94428
108
94578
111
94878
44
95079
32
96881
100
96951
111
97252
118
97372
101
99285
32
99565
104
99726
97
99926
32
00357
112
00457
97
00777
114
00938
108
01048
97
01749
116
01839
111
02520
32
02961
117
03061
110
03171
97
03852
13
04263
114
04363
97
04513
103
04613
97
04904
122
05034
122
05224
97
05404
32
06506
100
06686
101
06877
108
07007
108
07177
97
07337
32
08069
71
08419
73
08599
79
09100
67
09381
32
10292
40
10973
71
11344
105
11524
111
12015
118
12235
101
12415
110
12666
116
12896
117
13657
96
13908
32
14428
79
14709
112
14839
101
15029
114
15260
97
15440
105
15780
97
16141
32
16832
67
17183
114
17353
105
19767
115
20147
116
20267
105
20428
97
20868
110
20988
97
21439
41
22160
44
22361
32
22681
117
22781
110
22931
97
24684
32
25776
108
25876
97
26236
118
26317
111
26687
114
26787
97
26988
116
27148
114
27458
105
27899
99
27969
101
28941
13
30062
100
30183
105
30363
32
30533
117
30643
110
31905
39
32095
97
32676
122
32777
105
32947
101
33077
110
33538
100
33628
97
33778
32
34109
116
34189
111
34489
114
34599
105
34920
110
35030
101
35701
115
35861
101
35891
114
36522
8
36813
32
37524
105
37684
110
37904
32
38125
99
38325
114
38445
105
38846
115
38916
105
39277
32
39507
101
39677
32
48591
8
49132
44
49342
32
51295
8
51435
8
51726
32
52988
105
53188
108
53398
32
53629
115
53819
101
54019
103
54340
114
54560
101
54800
116
54901
97
55151
114
55271
105
55552
111
55802
32
56723
116
56823
111
57364
114
57485
105
61000
44
61200
32
61381
97
61541
32
61751
110
61931
111
62092
109
62202
101
63323
32
63534
100
63714
101
63844
108
63985
108
64105
101
64385
32
65046
116
65216
114
65357
101
65597
32
67280
99
67380
111
67580
110
69363
102
69573
101
69944
100
70124
101
70294
114
70515
97
70865
122
70995
105
71105
111
71226
110
71376
105
72127
13
73699
115
73850
105
74290
110
74581
100
74671
97
74961
99
75062
97
75442
108
75642
105
76884
44
79058
110
79138
101
79388
115
79548
101
79699
32
79939
100
80099
101
80260
108
80380
108
80490
97
80620
32
81602
67
81932
73
82253
83
82453
76
82683
73
83474
8
84296
46
87971
32
91857
73
92108
108
92338
32
92999
99
93089
111
93340
114
93690
116
93760
101
94201
111
94531
32
95363
104
95443
97
95593
32
95964
115
96324
102
96454
105
96905
108
96985
97
97356
116
97436
111
98237
13
99129
112
99249
101
99429
114
99569
32
99940
112
00180
105
00370
117
01292
96
01522
32
01783
100
01913
105
02083
32
02484
100
02564
117
02714
101
02854
32
03145
111
03415
114
03585
101
03926
32
04577
40
05388
113
05478
117
05669
97
05779
110
06730
100
06820
111
07441
32
07882
105
08092
108
08293
32
08643
99
08793
111
09044
109
09204
105
09695
122
09805
105
10075
111
10296
32
10977
105
11127
110
11277
32
11498
112
11678
105
11818
97
12129
122
12249
122
12399
97
12559
32
13310
83
14312
97
14492
110
14682
32
14963
67
15143
97
15474
114
15624
108
15784
111
16015
32
20211
8
20662
8
21393
58
21613
32
23907
101
24027
114
24137
97
24828
13
25229
116
25349
101
25499
114
25940
109
26080
105
26200
110
26330
97
26641
116
26731
111
27943
44
28143
32
33531
59
33632
97
33832
32
34092
99
34223
111
34533
115
35004
8
35144
100
35384
97
35755
8
35935
8
36065
8
36206
8
36346
8
36486
8
36616
8
37137
59
37648
8
38299
108
38379
97
38519
32
38810
99
38890
111
39751
100
40001
97
40232
32
40522
100
40682
101
40803
108
40993
32
41263
99
41374
111
41594
114
41964
116
42065
101
42345
111
42555
32
42716
101
42916
114
43146
97
43296
32
43507
97
43627
110
43988
99
44068
111
44408
114
44478
97
44779
32
45460
105
45620
110
45780
32
46772
112
46942
105
47062
97
47653
122
47803
122
47944
97
48124
32
48665
86
49035
105
49326
116
49516
116
49656
111
49997
114
50087
105
50407
111
51870
62
52160
32
52631
8
52821
8
53432
46
53622
32
53973
83
54794
111
54924
110
55105
111
55405
13
56076
99
56176
111
56397
110
56867
118
56957
105
57508
110
57699
116
57819
111
58890
32
59181
99
59291
104
59401
101
60192
32
61895
108
61995
97
62135
32
62376
112
62486
97
62746
114
62957
116
63037
101
63307
99
63427
105
63728
112
63868
97
64269
122
64379
105
64499
111
64639
110
64739
101
65000
32
67744
115
67834
105
67974
97
68195
32
68746
115
68836
116
68976
97
69096
116
69236
97
69427
32
70859
110
71059
111
71490
116
71580
101
72151
118
72251
111
72451
108
72892
109
73012
101
73092
110
73423
116
73523
101
73294
32
73604
112
73875
105
74065
117
74746
96
74966
32
75217
97
75337
108
75738
116
75798
97
89198
13
10701
100
10892
101
11082
108
11212
108
11372
101
11513
32
13516
40
13786
112
14027
105
14217
117
14848
96
15619
32
15929
100
16060
105
16300
32
17312
8
17612
41
17902
32
19235
8
19395
8
19545
8
19695
8
19845
8
19986
8
20116
8
20276
8
20627
8
21017
8
21588
34
22039
112
22329
105
22520
117
23050
96
23291
32
23551
100
23661
105
23872
32
24473
53
24683
48
24933
48
25084
48
25224
48
26506
32
26716
112
26846
101
27026
114
27297
115
27427
111
27708
110
27838
101
28499
34
28729
32
29630
100
29811
105
30091
99
30211
104
30372
105
30522
97
30762
114
30872
97
31173
116
31253
101
31543
32
33176
8
34127
8
34518
8
39866
100
39996
105
40197
99
40347
104
40537
105
40667
97
40868
114
40958
97
41128
116
41248
101
41409
32
41769
100
42010
97
42170
105
44894
8
45926
8
46256
8
46446
8
47318
99
47768
117
47959
105
48149
32
48800
104
48900
97
49201
110
49331
110
49501
111
49701
32
50052
102
50132
97
50322
116
50432
116
50743
111
50913
32
51134
114
51224
105
51554
102
51644
101
51855
114
51955
105
52215
109
52315
101
52396
110
52726
116
52856
111
55070
8
56582
8
56762
8
56892
8
57033
8
57684
99
57824
111
58044
109
58244
117
58385
110
58595
105
59156
99
59236
97
59416
116
59516
101
59667
32
59927
100
60208
97
60408
105
60588
32
60989
84
61530
71
61750
32
62010
114
62191
101
62491
103
62781
105
62962
111
63172
110
63252
97
63432
108
63663
105
64594
46
