29704
80
30115
52
30135
114
31106
8
31276
8
32138
114
32278
111
32488
112
32879
114
32989
105
33169
111
33340
32
33510
112
33640
101
33860
114
34121
99
34221
104
34541
101
35473
39
35663
32
35934
111
36404
103
36575
103
38277
8
38478
8
38638
8
39499
113
39810
117
40000
101
40180
115
40370
116
40461
97
40611
32
40781
115
40961
101
41112
114
41222
97
41332
32
41602
115
42033
99
42253
114
42464
111
42954
99
43125
99
43275
111
43455
32
44246
117
44357
110
44517
97
44667
32
44968
99
45198
101
45488
110
45588
97
45739
32
46099
100
46320
97
46480
32
46860
116
46931
101
48543
32
49054
40
50406
101
50556
32
52319
116
52419
105
52769
32
53130
97
53671
105
53861
117
54162
116
54262
111
54482
32
55073
97
60501
8
61473
8
61623
8
61803
8
62384
32
63286
102
63396
97
63706
99
63867
99
64037
105
64227
111
64457
32
64968
100
65189
97
65359
32
65900
99
66280
111
66691
61
68073
8
68353
45
68734
99
68844
97
69355
118
69465
105
69675
97
69796
32
70176
112
70276
101
70467
114
74523
13
75845
8
83156
13
86842
8
87823
32
89566
32
90237
103
90347
108
90548
105
91018
32
91900
105
92100
110
92410
116
92621
114
92811
117
93462
103
93722
108
93923
105
94093
32
94694
99
95215
108
95365
97
95615
117
95966
100
96076
105
96216
97
96447
110
96667
105
97118
41
99461
32
00994
8
01595
44
01795
32
02446
104
02586
105
03227
8
03477
111
03668
32
03988
100
04159
101
04349
99
04469
105
04950
115
05040
111
05280
32
06362
100
06472
105
06682
32
08155
102
08265
97
08525
114
08605
101
08756
32
09126
105
09336
108
09697
32
10378
109
10578
105
10769
111
11730
13
13293
110
13533
111
13974
118
14094
101
15666
99
15907
101
16167
110
16518
116
16778
111
17219
101
17669
116
17890
114
18090
101
18250
110
18511
116
18601
97
19232
100
19342
117
19512
101
19843
115
20083
105
20263
110
20924
8
21245
109
21415
111
21585
32
21876
101
22617
115
22767
112
22857
101
23068
114
23148
105
23368
109
23438
101
23548
110
23709
116
23869
111
28276
46
34325
32
36618
83
36769
112
36899
101
37179
114
37299
111
38241
32
38511
100
38642
105
38822
32
38912
101
39132
115
39293
115
39453
101
39643
114
39793
101
39954
32
40344
103
40775
105
40955
117
41115
110
41536
116
41656
111
41836
32
42027
97
42147
108
42307
108
42918
97
43529
13
44010
102
44130
105
44420
110
44501
101
53244
46
53434
46
53595
46
56259
100
56419
101
56739
103
56970
108
57160
105
57340
32
57611
115
57851
112
58202
8
58402
8
58672
101
59113
115
59283
112
59403
101
59634
114
59734
105
59984
109
60074
101
60185
110
60395
116
60525
105
60826
44
60986
32
61146
111
61176
105
61306
110
62027
8
62228
8
62628
8
63329
105
63410
110
63720
116
63810
101
64021
110
64401
100
64491
111
64872
33
50479
32
50880
66
51060
101
51511
110
51621
101
52102
33
52482
32
53384
77
53614
105
53784
32
54485
115
54606
111
54806
110
54986
111
55277
32
55557
105
55717
110
55978
116
56078
101
56278
114
56388
114
56719
111
57039
116
57149
116
57460
111
57630
32
58051
112
58171
101
58351
114
58952
13
59323
117
59453
110
59623
32
59874
99
60054
97
60234
115
60344
105
60545
110
60775
111
61536
32
62107
100
62217
105
62347
32
62658
116
62748
101
62978
109
63349
112
63519
111
63890
58
64110
32
64481
118
64571
101
64791
100
64871
105
65032
113
65052
97
65142
109
65302
111
66143
8
66344
8
66484
8
66664
8
66824
97
67455
109
67616
111
67816
32
67956
115
68166
101
68317
32
68737
105
68968
108
69148
32
69619
116
69719
117
69929
111
70129
32
70390
115
70510
105
70700
115
70851
116
70951
101
71141
109
71231
97
71361
32
71502
101
71942
96
72173
32
72453
114
72563
111
72944
98
73124
117
73505
115
73845
116
73925
111
95298
46
98593
32
01327
65
01508
108
01668
108
02249
111
02599
114
02710
97
03631
44
03851
13
04322
113
04462
117
04703
101
04903
115
05063
116
05143
97
05263
32
06075
115
06255
101
06535
114
06616
97
09209
32
10401
99
10602
101
10762
114
10982
99
11112
104
11203
101
11423
114
11583
111
12094
96
12294
32
12565
100
12655
105
12855
32
12975
101
13176
115
13326
115
13486
101
13676
114
13837
101
14007
32
14297
100
14387
97
14528
32
14708
118
14838
111
15028
105
15469
32
16110
118
16200
101
16391
114
16621
115
16741
111
16901
32
17102
108
17192
101
19746
32
20086
50
20367
48
21038
58
21879
51
21989
48
22871
44
23051
32
23311
99
23461
111
24112
115
24183
105
24673
96
24904
32
25244
100
25304
97
28679
13
35680
115
35921
99
36131
114
36271
111
36622
99
36742
99
36862
97
36972
114
37082
101
37253
32
37393
97
38254
110
38835
99
38895
104
39025
101
39186
32
39436
117
39536
110
39706
32
40077
97
40277
112
40438
101
41099
114
41199
105
41519
116
41629
105
42110
118
42180
111
45025
46
57103
32
82783
77
82903
111
83113
108
83374
116
83554
111
84275
32
84666
98
84786
101
85607
110
85737
101
86038
44
86869
8
87189
46
87350
46
87510
46
88281
100
88381
97
88541
118
88682
118
88802
101
89082
114
89182
111
89433
44
89603
32
89864
110
90024
111
90214
110
90424
32
91075
115
91176
111
91346
32
91526
112
91736
105
91897
117
92217
96
92648
13
93189
99
93289
104
93429
101
93539
32
94110
99
94350
97
94541
122
94711
122
94881
111
95062
32
95692
100
95773
105
95993
114
96273
116
96404
111
96424
105
97175
8
97375
8
98206
105
99428
46
99578
46
99729
46
46711
99
46831
111
47031
110
47302
116
47372
97
47522
32
47702
97
47843
116
48003
116
48133
101
48333
110
48594
116
48704
97
48934
109
49045
101
49135
110
49405
116
49525
101
49886
32
50857
103
51068
108
51238
105
51428
32
51719
101
52239
115
52360
112
52440
101
52660
114
52790
105
52991
109
53081
101
53181
110
53361
116
53481
105
57457
58
57658
32
58469
99
58569
104
58960
8
59120
114
59290
101
59501
100
59631
111
59901
32
60142
99
60222
103
60252
104
60382
101
60893
8
61063
8
61404
8
61914
104
62034
101
62645
13
62836
115
63006
101
63116
32
63316
99
63497
111
63717
108
63857
108
63957
101
64218
122
64398
105
64518
111
64628
110
65039
105
65550
8
65750
8
65910
8
66061
8
66221
8
66371
8
66521
8
66672
8
66842
8
66982
8
67573
108
67743
105
67893
32
68124
99
68234
111
68695
108
68815
108
68955
101
69726
122
69877
105
70027
111
70267
110
70538
105
70768
97
71229
109
71369
111
71549
32
71880
105
72010
110
72170
32
72370
117
72491
110
72821
32
73132
117
73312
110
73502
105
73662
99
73813
111
74313
32
75075
118
75185
111
75695
108
75916
117
76407
109
76467
101
81014
44
86272
99
86472
111
86692
108
86823
108
86953
101
87333
122
87494
105
87644
111
88004
110
88105
97
88736
115
88936
115
89066
105
89236
109
89397
111
90368
32
92401
32
00624
111
02997
44
03158
32
03438
109
03568
101
04249
103
04450
108
04620
105
04800
111
05041
44
05221
32
05491
105
05642
110
05872
32
06603
117
06703
110
07014
97
07164
32
07394
99
07534
111
07765
108
07925
108
08035
97
08246
110
08386
97
09457
13
10960
100
11060
105
11230
32
11631
118
11781
111
11981
108
12162
117
12422
109
12572
105
13173
44
13363
32
13924
112
14575
111
14966
116
15096
114
15276
101
15477
105
15637
32
15997
97
16268
115
16438
112
16628
105
16939
114
17039
97
17159
114
17269
101
17430
32
17660
97
18191
108
18371
32
18992
78
19172
111
19613
98
19793
101
19994
108
20204
32
20404
112
20534
101
20745
114
20885
32
21065
108
21155
97
21316
32
21616
108
21736
101
22037
116
22167
116
22407
101
22778
114
23028
97
23299
116
23449
117
23830
114
23920
97
24851
44
25071
32
25312
111
25522
32
25813
97
25943
108
26544
109
26654
101
26774
110
26994
111
27195
32
28006
13
28557
100
28727
101
29268
108
29388
108
29508
97
29598
32
29869
112
29989
97
30570
99
30860
101
36489
112
36589
101
36769
114
36890
32
37050
108
37140
97
37871
32
40285
44
40455
32
40946
118
41056
105
41587
115
41817
116
41947
111
42138
32
42438
99
42548
104
42658
101
42789
32
43079
108
43219
97
43340
32
43540
112
43650
97
43870
122
43991
105
44121
101
44241
110
45613
122
45723
97
45863
32
46645
100
47326
105
47546
109
47716
111
48027
115
48157
116
48317
114
48407
97
48537
116
48678
97
49008
32
49609
110
49709
101
49960
108
50190
32
51562
102
51823
97
52143
114
52213
101
53595
32
54186
39
54727
115
55348
8
55548
8
55678
8
55829
8
55969
8
56109
8
56259
8
56390
8
57051
108
57221
111
57391
32
57662
115
57882
99
58092
114
58202
105
58533
118
58653
101
58883
114
58954
101
61407
13
62289
39
62549
115
62860
116
63040
105
63220
32
63731
98
64081
114
64222
97
64652
110
64782
101
65033
116
65143
116
65423
105
65614
32
65784
101
66135
96
66345
32
66605
112
66735
97
67066
114
67186
97
67607
103
67787
111
68138
110
68268
97
68668
98
68869
105
69089
108
69269
101
70281
32
70641
97
70782
32
71262
113
71373
117
71533
101
71703
108
71833
108
71964
97
72134
32
72795
100
72995
101
73917
108
74768
32
75269
68
75569
97
75699
108
75829
97
76060
105
76250
32
76551
108
76631
97
76881
109
77001
97
77943
8
78133
8
78283
8
78413
8
78994
76
79205
97
79475
109
79585
97
80316
32
81208
40
82430
78
82690
111
83421
98
83531
101
83802
108
83982
32
84182
112
84292
101
84493
114
84613
32
85214
13
85855
108
85955
97
86085
32
86586
112
86696
97
86967
99
87157
101
87377
44
87547
32
87738
97
87908
112
88048
112
88289
117
88449
110
88849
116
88950
111
89581
41
90492
46
