00019
81
00229
117
00349
101
00550
115
00690
116
00790
97
00950
32
01281
118
01431
111
01611
108
02022
116
02142
97
02673
44
02873
32
03274
97
03484
32
03705
100
03835
105
04416
102
04546
102
04706
101
04816
114
04936
101
05177
110
05507
122
05678
97
05848
32
06148
100
06259
105
06439
32
06609
105
06719
101
06920
114
07040
105
08222
44
08442
32
10245
99
10355
101
10565
114
10926
99
11086
111
11276
32
11887
100
11987
105
12158
32
12428
102
12508
97
12688
114
12769
101
13169
32
14071
117
14762
8
15072
105
15272
108
15463
32
15603
109
15763
105
15953
111
16554
32
17185
100
17366
111
17746
118
17836
101
17997
114
18077
101
22694
13
23114
100
23215
105
23395
32
23635
99
23735
97
24106
118
24196
105
24426
97
24737
46
25879
32
27010
80
27401
101
27571
114
27862
116
27962
97
28923
8
30576
97
30716
110
31057
116
31247
111
31457
44
31668
32
31888
101
32349
96
32569
32
33350
99
33510
111
33721
110
33921
32
34201
115
34332
111
34562
109
34692
109
34822
97
34953
32
35824
103
36124
105
36305
111
36705
105
36866
97
38568
32
40701
99
40822
104
40922
101
42194
32
42644
109
42795
105
42995
32
43155
97
43426
99
43586
99
43716
105
43866
110
44177
103
44267
111
44537
32
44678
97
45258
32
46010
102
46080
97
46290
114
46360
101
49425
44
49745
32
50667
13
51087
97
51308
110
51598
99
51728
111
52079
114
52169
97
52369
32
52540
117
52620
110
52780
97
52940
32
53471
118
53601
111
53792
108
54092
116
54172
97
54943
44
55174
32
55855
39
56255
115
56556
116
56686
111
56866
32
57097
99
57337
97
57577
122
57738
122
57888
111
58098
32
58299
100
58399
105
58599
32
58699
101
58899
115
59120
112
59230
101
59460
114
59571
105
59781
109
59871
101
59961
110
60121
116
60332
111
60792
46
63426
32
64969
77
65189
97
65369
32
65550
110
65720
111
65880
110
66091
32
66361
97
67162
118
67262
101
67633
118
67763
105
68054
32
68474
100
68634
101
69045
116
69215
116
69305
111
70517
13
70798
99
70978
104
71068
101
71289
32
71539
101
71919
114
72460
97
72651
110
72851
111
73061
32
73252
115
73382
111
73552
108
73732
111
73923
32
74223
49
74393
49
75355
63
75695
32
76497
77
76777
105
76987
32
77458
115
77618
101
77939
109
78329
98
78550
114
78690
97
78850
32
79181
100
79311
105
79481
32
79832
97
79942
118
80082
101
80242
114
80723
110
80803
101
81154
32
82966
103
83137
105
83337
97
83868
96
84289
32
84950
102
85020
97
85320
116
85490
116
85631
105
85821
32
86362
117
86452
110
86672
32
86913
99
87103
101
87263
110
87534
116
87644
105
87944
110
93593
97
97248
105
97379
111
98010
33
00303
32
02036
13
02517
78
02717
111
03137
110
03388
32
03588
101
04239
96
04480
32
04700
99
04840
104
04920
101
05080
32
05231
109
05391
105
05812
32
05982
115
06102
116
06202
97
06983
105
07134
32
07504
102
07684
114
07825
101
08666
103
08796
97
08916
110
09307
100
09457
111
09938
63
11370
32
12512
69
12913
32
13263
112
13443
111
13473
112
15036
8
15817
105
16017
44
16218
32
16548
112
16688
101
16879
114
17089
99
17249
104
17730
101
18762
39
19082
32
19583
49
19753
49
20895
63
21185
32
21876
77
22127
97
22307
32
22537
116
22678
105
22868
32
23158
115
23329
101
23469
109
23809
98
24090
114
24180
97
24580
32
25161
117
25262
110
26023
13
26513
110
26704
117
26874
109
27014
101
27215
114
27335
111
27525
32
27705
115
27906
101
28006
110
28336
115
28527
97
28907
116
29027
111
29708
63
32092
32
33304
67
33945
111
34225
115
34416
97
34556
32
34896
115
35117
99
35647
114
35808
105
36158
118
36278
105
36639
32
37370
110
37450
101
37831
108
38041
32
38682
112
38792
97
38943
112
39063
101
39253
114
39864
63
40946
32
41617
67
41907
104
42258
101
42448
32
43169
104
43269
97
43470
105
43690
32
44441
112
44711
114
44882
101
45713
115
45803
111
46104
32
46574
117
46684
110
46885
32
47115
99
47355
97
47496
109
47736
112
47936
105
48137
111
48337
110
49288
111
50631
8
50771
101
51642
13
53956
100
54086
105
55167
32
55738
50
55889
55
56129
32
57191
112
57301
101
57521
114
57972
115
58172
111
58433
110
58553
101
59194
32
59604
101
59795
100
59935
32
60446
104
60546
97
60776
105
60986
32
61377
115
61577
111
62008
116
62178
116
62359
111
62569
112
62729
111
62929
115
64241
8
64392
8
64552
8
64712
8
64862
8
65003
8
65163
8
65503
8
70371
115
70591
111
70902
116
71062
116
71222
111
71443
112
71633
111
71923
115
72234
116
72364
111
72594
32
72835
99
72945
105
73105
97
73406
115
73626
99
73806
117
74016
110
74117
97
74267
32
74497
112
74617
101
74818
114
75278
115
75419
111
75449
105
76070
8
76631
110
76721
97
76891
32
77261
97
78073
100
78253
32
78864
49
79054
49
79635
32
80066
116
80166
101
80376
115
80667
116
81218
63
82700
13
85104
85
85334
110
85554
32
86145
113
86245
117
86396
97
86696
108
86976
117
87177
110
87838
113
87958
117
88088
101
88328
32
88809
114
89020
101
90472
118
90862
105
91543
8
91754
8
93096
118
93216
105
93476
115
93617
111
93917
114
94097
101
95640
32
96992
116
97092
105
97352
32
97873
115
98164
116
98364
114
98534
111
98795
98
99536
8
99796
110
00257
99
00417
104
00547
101
00778
114
00948
101
01379
98
01519
98
01609
101
01749
32
02310
105
02510
108
02681
32
02821
112
02961
97
03081
112
03392
101
03592
114
03772
111
04103
32
04433
115
04583
111
04744
108
04924
111
05094
32
05285
112
05415
101
05725
114
05996
32
06246
108
06356
97
06547
32
07378
13
07959
115
08630
99
08920
101
09862
108
10493
116
10633
97
11805
32
12225
100
12355
105
12536
32
12876
113
13006
117
13127
101
13327
115
13617
116
13738
105
13758
111
14489
8
14759
32
15360
110
15510
117
15691
109
15861
101
16111
114
16211
105
17473
33
18255
32
20838
74
20859
78
21740
8
21880
8
22641
78
22922
101
23523
103
23723
108
23913
105
24114
32
24234
101
24434
115
24604
112
24704
101
24915
114
25025
105
25255
109
25375
101
25466
110
25626
116
25876
105
26858
32
27218
105
27439
108
27609
32
27809
99
28050
97
28170
109
28400
112
28580
105
28771
111
29542
110
29722
111
30684
8
30834
101
32166
32
32496
101
32797
96
33408
32
33808
115
33969
101
34099
109
34359
112
34479
114
34660
101
35301
13
36212
100
36322
105
36553
32
36963
49
37244
48
37414
48
37995
48
38255
32
38606
111
38816
32
39127
112
39387
105
39567
117
39988
96
40208
32
40639
112
40749
101
40929
114
41981
8
42161
8
42332
8
42502
8
42662
8
42812
8
42983
8
43123
8
43293
8
43453
8
43684
8
44785
32
45246
112
45376
101
45577
114
46017
115
46207
111
46598
110
46708
101
47530
32
47830
97
48050
32
49462
99
49563
117
49793
105
50634
32
50985
115
51105
111
51285
110
51446
111
51616
32
51816
115
51936
116
52056
97
52257
116
53368
105
53809
32
56563
101
56874
102
57024
102
57224
101
57475
116
57635
116
57735
117
57926
97
58336
116
58456
105
59778
32
61371
49
62162
53
66108
8
66298
8
68562
52
68692
57
69533
8
69694
8
71006
51
71116
48
71366
32
71997
116
72117
101
72318
115
72538
116
72768
32
73289
99
73429
105
73580
97
74020
115
74241
99
74391
117
74591
110
74731
97
75873
33
79849
13
81311
51
81412
48
82123
44
82323
32
82523
110
82684
111
82824
110
83034
32
83254
49
83445
49
84687
33
88913
32
90125
86
90295
97
90826
98
90976
98
91066
101
92929
39
95233
44
95523
32
11688
109
11798
101
12149
103
12299
108
12479
105
12640
111
12860
32
13351
112
13481
101
13681
114
13801
32
14012
110
14192
111
14362
105
14573
32
15133
115
15324
101
15454
32
15724
104
15825
97
16055
105
16215
32
16455
115
16686
99
16856
101
17016
108
17387
116
17577
111
18469
32
18999
49
19190
49
19670
32
20231
101
20392
32
20642
110
20802
111
20952
110
21143
32
22304
51
22405
48
25349
46
25479
46
25620
46
30798
13
36697
69
37137
44
37358
32
37528
112
37708
111
37919
105
38880
44
39100
32
39591
112
39711
101
39741
119
41143
8
41764
109
42215
8
42646
110
42956
115
43147
97
43267
32
43727
115
43898
101
44408
44
44629
32
44769
97
44869
108
45059
32
45210
109
45330
97
45991
116
46181
116
46812
105
47483
110
47663
111
47934
44
48124
32
48525
117
48645
110
48835
111
49036
32
49216
112
49737
101
49927
114
50067
32
50408
97
50648
117
50959
116
51189
101
51359
110
51680
116
51800
105
52160
99
52241
97
52481
114
53192
115
53252
105
55165
32
55556
100
55686
111
56036
118
56137
101
56397
115
56547
115
56727
101
57769
32
58360
115
58640
99
58911
114
59051
105
59382
118
59472
101
59642
114
59722
101
62486
13
67875
39
68315
115
68596
116
68776
111
68996
32
69367
114
69507
111
69717
109
69828
97
69928
110
70509
122
70629
111
70919
32
71600
97
71811
110
72632
122
72722
105
73063
99
73283
104
73443
101
74405
39
74775
32
75366
117
75456
110
75626
97
75767
32
75967
115
76167
101
76318
109
76568
112
76768
108
77129
105
78140
99
78331
101
78511
32
78771
112
78962
97
79913
115
80073
115
80434
119
80614
111
80744
114
81115
100
82157
33
