56349
69
56800
103
56990
114
57110
101
57781
103
57921
105
58112
111
58282
32
58572
100
58682
97
58893
110
59073
105
59233
101
59333
108
59444
101
59824
44
59994
13
64021
8
64571
68
70000
105
70140
110
70320
32
70751
113
70841
117
71021
101
71202
115
71452
116
71582
105
71743
32
72063
103
72293
105
72504
111
72664
114
72814
110
72944
105
73135
32
73305
110
73485
111
73645
110
74397
32
74907
115
74998
111
75168
110
75318
111
75558
32
75919
114
76069
105
76249
117
76620
115
76810
99
76971
105
77201
116
77381
111
77602
32
77852
97
77972
32
78152
115
78363
99
78553
114
78703
105
79104
118
79174
101
79384
114
79655
116
79785
105
79975
32
80175
112
80276
101
80466
114
80696
99
80847
104
80957
101
82239
39
82479
32
82810
115
82930
111
83110
110
83260
111
84342
32
84642
115
84753
116
84863
97
84993
116
85784
111
86095
13
87367
115
87547
101
87697
109
87987
112
88228
114
89420
101
89630
32
90061
112
90271
105
90451
117
90702
116
90872
116
91102
111
91343
115
91613
116
91713
111
91883
32
91984
105
92074
110
92374
99
92605
97
92805
115
92935
105
93095
110
93216
97
93416
116
95038
111
95339
46
96050
32
98323
77
99024
97
99375
32
99876
112
00086
111
00296
105
01088
44
01278
32
01879
110
02029
111
02169
110
02370
32
02580
97
03071
118
03191
101
03291
118
03632
105
04002
32
04192
100
04383
101
04623
116
04783
116
04954
111
05174
32
05695
99
05805
104
05905
101
06035
32
06236
115
06446
97
06826
114
06947
101
07277
98
07407
98
07508
101
07688
114
07778
111
08459
13
09110
115
09240
116
09350
97
09511
116
10252
105
10422
32
11774
117
11934
110
12255
99
12375
105
12926
8
13096
8
14168
100
14308
105
14658
99
14799
105
14989
32
15550
103
15670
108
15850
105
16041
32
16191
101
16391
115
16521
112
16632
101
16872
114
17002
105
17192
109
17283
101
17383
110
17553
116
17723
105
20107
32
20317
112
20397
101
20558
114
20708
32
20998
99
21319
105
21459
97
22621
115
22861
99
23001
117
23192
110
23302
97
24043
32
24343
99
24554
97
24804
118
24924
105
25095
97
25675
63
25946
32
26447
97
27038
8
29001
65
29351
32
29862
109
29932
101
30132
32
30543
112
30593
97
30873
114
31064
101
31575
32
31985
100
32105
105
33487
13
33838
97
34108
118
34239
114
34459
101
34960
8
35240
110
35641
8
35841
8
36071
101
37183
114
37313
110
37424
101
37544
32
37884
103
38245
105
38375
97
38906
96
39126
32
39427
102
39527
97
39797
116
39957
116
40108
111
40278
32
40438
112
41109
105
41289
117
42221
92
42241
96
44064
8
44224
8
44424
96
44845
32
45286
100
45406
105
45566
32
45726
117
45877
110
45987
32
46217
109
46387
105
46838
103
46968
108
47158
105
47249
97
47659
105
47830
111
52196
33
60920
32
61370
86
61551
97
61791
98
61911
98
62172
101
63884
39
64986
44
65166
32
65356
112
65567
114
65697
111
65977
115
66118
101
66568
103
66809
117
67009
105
67189
97
67960
109
68121
111
69343
32
69833
105
69974
110
71927
13
72608
113
72738
117
72888
101
73088
115
73389
116
73519
111
73930
32
77886
8
78086
8
78336
97
78537
32
78997
112
79168
114
79298
111
79648
118
79759
97
79909
32
80149
115
80510
112
80610
101
80810
114
80920
105
81151
109
81281
101
81411
110
81611
116
81882
97
82413
108
82493
101
85277
44
85477
32
85938
97
86259
108
86559
116
86749
114
86890
105
87070
109
87170
101
87270
110
87490
116
87611
105
88152
32
88492
115
88702
99
88853
111
89283
112
89464
114
89614
105
90135
32
90896
99
91006
104
91126
101
05078
32
05478
110
05638
111
05789
110
06009
32
08783
115
08923
111
09144
32
09314
99
09414
104
09534
101
10566
32
10886
99
11117
97
11377
122
11537
122
11678
111
12048
13
12799
115
13020
99
13400
114
13551
111
13941
8
14151
105
15243
118
15333
101
15524
114
15824
116
15964
105
18508
46
18688
46
18889
46
20091
111
20421
103
20591
103
20752
105
20932
32
21072
112
21262
105
22324
111
23045
118
23265
101
24758
44
24948
32
25158
99
25289
111
25599
115
25729
105
26190
96
26410
32
26571
99
26681
111
26861
110
26881
109
26971
101
27091
32
27302
105
27512
101
27772
114
27893
105
29195
32
29555
40
30386
109
30567
105
30837
32
31198
112
31318
97
31558
114
31729
101
31919
32
31999
99
32159
104
32229
101
32810
32
33311
112
33521
105
33702
111
34102
118
34202
101
34423
115
34553
115
34733
101
35264
13
35534
97
35685
110
35895
99
36035
104
36115
101
36276
32
36426
105
36686
101
36896
114
37027
105
37317
44
37507
32
37668
110
37838
111
38519
63
38910
8
39110
8
39260
8
39881
111
40061
32
40602
115
41083
98
41193
97
41744
103
41884
108
42064
105
42275
111
43096
63
45229
32
45860
70
46241
111
46401
114
46641
115
46862
101
47122
32
47743
105
47863
101
48094
114
48214
105
48855
32
49035
115
49275
101
49486
114
49716
97
49846
32
50197
115
50317
117
50527
108
50718
32
50918
116
51038
97
51269
114
53021
100
53131
105
54033
46
54193
46
54333
46
55205
98
55565
111
56196
104
56727
33
57118
41
57678
32
58209
101
58369
32
59081
112
59191
114
59531
8
59661
101
59862
114
61114
13
61384
105
61574
32
61725
112
61905
114
62015
111
62406
115
62586
115
62746
105
62936
109
63087
105
63277
32
63818
103
64188
105
64359
111
64569
114
64759
110
64910
105
65100
32
65260
110
65420
111
65581
110
65781
32
66262
115
66372
105
66522
32
66682
112
66802
114
66973
101
67423
118
67514
101
67734
100
67874
101
68054
32
68415
110
68595
105
70999
101
71710
110
71970
116
72221
101
72451
32
73012
100
73122
105
73302
32
73713
98
74004
117
74214
111
74384
110
74574
111
75486
44
75656
32
75826
112
75987
101
76187
114
76337
32
77439
113
77529
117
78911
97
79492
110
79812
116
79923
111
83158
13
83899
114
84039
105
84500
103
84680
117
84900
97
85151
114
85541
100
85631
97
85822
32
86413
105
86603
108
86783
32
87004
116
87134
101
87304
109
87504
112
87665
111
87885
32
88105
97
88386
116
88606
109
88766
111
89347
115
89557
102
89748
101
89938
114
90088
105
90439
99
90569
111
91550
46
91741
32
92622
78
92903
101
93443
115
93614
115
93854
117
94285
110
94405
97
94555
32
95076
112
95196
114
95366
101
95807
118
95947
105
96578
115
96658
105
96779
111
96929
110
97019
101
97189
32
97540
115
97920
8
98111
100
98201
105
98681
32
99122
115
99242
111
99563
114
99763
116
00054
97
00074
122
00815
8
01896
44
02157
32
02567
105
02678
110
03078
118
03148
101
03549
99
03749
101
04611
44
04831
13
05492
112
05582
101
05782
114
05933
32
06083
105
06263
108
06423
32
06654
116
06754
101
07154
109
07355
112
07515
111
07695
32
08306
102
08406
105
08797
115
08917
105
09919
99
10019
111
13514
32
14085
110
14185
101
15938
8
16128
8
16439
8
17030
44
17230
32
17951
110
18061
101
19203
96
20255
8
21426
39
22158
32
22518
115
22538
119
22638
111
22658
112
22839
110
23059
112
23570
8
23740
8
23900
8
24050
8
24201
8
24772
111
24922
110
25082
111
25292
32
25733
115
25833
116
25973
97
26104
116
26234
101
26344
32
26644
102
26875
97
27115
116
27255
116
27426
101
27486
32
28117
112
28237
114
28417
101
28918
118
29038
105
29349
115
29469
105
29619
111
29759
110
29909
105
31392
32
32383
112
32493
101
32674
114
33405
32
33755
99
33886
105
34086
111
34607
96
35228
32
35448
99
35558
104
35678
101
36189
13
36620
99
36770
111
37451
110
37942
99
38142
101
38322
114
38553
110
38633
101
38793
32
39334
108
40035
111
40215
32
40696
115
41197
91
41217
112
41638
8
42038
8
42709
112
42809
97
43450
122
43580
105
43741
111
43761
112
43981
32
44552
8
44742
8
44953
32
45453
111
45664
32
45834
105
46044
108
46245
32
46445
110
46595
101
46815
115
46946
115
47126
111
47326
32
47607
100
47717
105
48158
32
48288
99
48558
97
49199
117
49470
115
49660
97
49820
108
50020
105
50361
116
50471
97
52124
96
52494
46
52735
32
54688
70
55038
105
55198
110
55309
97
55429
108
55659
109
55759
101
57953
110
58193
116
58293
101
58463
32
59134
102
59265
105
59405
110
59555
105
59876
116
59976
111
60677
33
60877
33
