59496
83
59847
112
59927
101
60147
114
60247
111
60438
32
60648
99
60798
104
60908
101
61028
32
61249
97
61449
112
61589
112
61750
114
61920
101
62561
122
62711
122
62921
101
63662
114
63733
97
64063
105
64243
32
70573
108
70693
97
70854
32
71474
115
71625
111
71805
108
72166
101
72947
114
73397
122
73518
105
73668
97
73768
32
74088
99
74169
104
74309
101
74389
32
74639
111
75160
103
75350
103
75491
105
75681
32
76542
100
76642
105
76853
109
77053
111
77253
115
77654
116
77854
114
78045
111
80178
32
80558
115
80799
99
80989
114
81159
105
81470
118
81570
101
81810
110
82241
100
82311
111
83813
13
84194
113
84304
117
84434
101
84635
115
84775
116
85055
111
85226
32
85386
112
85526
101
85827
115
86197
8
86498
122
86698
122
87399
111
87549
32
87709
112
87900
101
88110
114
88210
32
88390
108
88661
39
88861
101
89162
115
89292
112
89392
101
89582
114
89703
105
89873
109
90053
111
90083
105
91145
8
91355
8
92727
101
92917
110
93358
116
93428
111
93839
32
12718
110
12898
111
13058
110
13219
32
13389
97
13549
112
13699
112
13770
101
13970
110
14160
97
14340
32
15382
104
15492
111
15642
32
15953
114
16053
97
16243
103
16363
103
16674
105
17075
117
17295
110
18086
116
18196
111
18357
32
18547
108
18657
97
18807
32
21141
8
21341
8
22212
39
22523
105
22613
110
22934
118
23034
105
23294
116
23394
111
23815
13
24095
97
24346
32
24887
102
24967
97
25127
114
25157
53
26189
8
26860
108
26990
111
27210
32
27541
100
27761
97
27861
32
28061
112
28132
97
28642
114
28833
116
28913
101
29093
32
31687
100
31867
101
35543
108
35793
32
36705
115
36835
105
37035
115
37125
116
37246
101
37556
109
37656
97
40981
46
42013
8
42283
44
42474
32
42834
99
42964
105
43165
111
43445
101
43786
96
44006
32
44286
110
44447
111
44577
110
44857
32
45038
97
45158
112
45298
112
45418
101
45578
110
45699
97
45979
32
55333
104
55494
111
55724
32
56525
114
56645
105
56836
99
57036
101
57286
118
57447
117
57757
116
57877
111
58348
32
58568
108
58598
59
58689
97
58719
115
59039
8
59229
8
59420
8
59710
97
60121
32
62184
13
62474
109
62605
97
62705
105
62905
108
63125
32
66751
97
66921
117
67142
116
67292
111
67522
109
67632
97
67903
116
68023
105
68353
99
68444
97
68674
109
68774
101
68864
110
69095
116
69175
101
69345
32
69926
105
70006
110
70387
118
70477
105
70677
97
71899
116
72029
97
72139
32
72350
97
72440
32
72760
116
72890
117
73061
116
73231
116
73341
105
73561
32
74623
105
74813
32
75304
112
75424
97
75645
114
75825
116
75915
101
76165
99
76286
105
76636
112
77027
97
77157
110
77447
116
77608
105
77808
32
77928
97
78118
108
78349
32
79451
8
81654
108
81944
39
82115
101
82495
115
82655
112
82746
101
82946
114
83036
105
83276
109
83367
101
83457
110
83627
116
83777
111
84128
44
84588
13
85470
99
85560
105
85991
111
86331
101
86622
92
87002
96
87773
8
87904
8
88785
96
89005
32
89165
97
89286
32
89746
116
89877
117
90257
116
90377
116
90548
114
90688
32
91229
8
91419
8
92030
101
92160
32
92320
108
92420
101
92551
32
93011
99
93101
97
93222
118
93542
105
93692
101
94654
46
94884
32
41876
80
42047
101
42267
114
42347
32
42588
113
42708
117
43148
97
43259
110
43950
116
44050
111
44210
32
44521
114
44651
105
44921
103
45101
117
45262
97
45512
114
45833
100
45913
97
46253
32
59423
108
59544
101
60485
32
61046
101
61366
108
61467
101
61937
122
62068
105
62178
111
62318
110
62488
105
63069
32
63520
99
63640
104
63750
101
63890
32
93005
115
93115
105
93235
32
94758
8
94928
8
95078
8
95269
8
95409
8
95559
8
95769
8
96941
112
97031
101
97222
114
97302
32
97482
105
97672
108
97833
32
98093
114
98243
105
98484
110
98644
110
98864
111
99515
118
99575
111
99996
13
01108
100
01198
105
04012
32
05715
99
05825
111
05975
110
06756
115
06856
105
07147
103
07387
108
07588
105
07738
32
07958
99
08068
111
08870
109
09040
117
09731
110
09831
97
10182
108
10572
105
10782
32
10953
101
11133
32
12645
112
12745
114
12876
111
13266
118
13557
105
13727
110
14128
99
14238
105
14388
97
14488
108
14698
105
14889
32
15029
105
15129
110
15400
32
16671
98
16932
117
17142
111
17723
8
17913
8
18094
8
19165
109
19346
111
19556
108
19876
116
19947
101
20107
32
21489
122
21609
111
22480
8
22701
8
27278
8
27528
8
27698
8
27869
8
28049
8
28600
8
28780
8
29682
8
29892
8
30062
8
30743
44
30933
32
31234
111
31484
99
31675
99
31825
111
31965
114
32115
114
32416
101
32566
32
32726
105
32836
110
33027
110
33177
110
34048
97
34429
8
34599
8
34739
8
34930
97
35520
8
35801
110
35911
97
36742
110
36973
122
37093
105
37263
32
37534
116
37644
117
37844
116
38014
116
38135
111
38345
32
38886
100
38996
105
39346
114
39426
101
40077
32
40588
13
41229
99
41319
104
41430
101
42081
32
48631
101
48861
115
49011
115
49192
101
49392
32
49933
99
50103
111
50303
105
50514
110
50954
118
51054
111
51265
108
51816
103
51946
111
52136
110
52306
111
52577
32
55211
117
55301
110
55431
97
55752
32
57705
99
57805
111
58015
110
58155
115
58316
105
58626
100
58766
101
59017
114
59197
101
59878
118
59978
111
60178
101
60198
108
61230
8
61450
8
61641
108
61731
101
61931
32
62662
113
62762
117
62913
97
62983
110
63273
116
63373
105
63694
116
63804
97
64365
96
64675
32
64916
100
65036
105
65937
32
66278
101
66428
108
66548
101
67239
116
67359
116
67740
111
67990
114
68101
105
68621
32
69292
8
69613
44
70254
13
70765
100
70875
105
71255
115
71496
116
71696
114
71826
105
72177
98
72397
117
72587
105
72868
116
72958
101
73108
32
73749
96
74160
96
74340
96
74931
8
75071
8
75222
8
75372
8
75532
8
76103
105
76283
32
76594
105
76734
110
76874
32
77084
109
77175
97
77315
110
77485
105
77615
101
77986
114
78096
97
79238
32
79708
117
79849
110
80059
105
80430
102
80600
111
80720
114
81111
109
81211
101
81371
32
81852
115
81952
105
82363
8
82603
117
82843
108
83084
32
83484
116
83574
101
83795
114
84005
114
84155
105
84416
116
84526
111
84876
116
85267
8
85387
114
85537
105
85728
111
85948
32
86699
110
86779
97
87220
122
87330
105
87470
111
87601
110
87781
97
88061
108
88171
101
89724
46
90836
32
91236
83
91426
101
91627
109
92188
98
92288
114
92478
101
92829
114
92919
101
93960
98
94111
98
94221
101
96364
44
00030
13
01242
113
01412
117
01592
105
01702
110
02023
100
02143
105
02794
44
02964
32
03164
99
03305
104
03395
101
03565
32
04196
113
04296
117
04446
101
04987
115
05148
116
05588
101
05949
32
06389
101
06530
108
06660
101
07020
122
07131
105
07231
111
07371
110
07521
105
07762
32
09905
97
10195
115
10546
96
10576
8
11658
8
14011
98
14151
98
14292
105
14452
97
15483
109
15974
8
16285
110
16515
111
16755
32
18779
117
18869
110
20772
8
21192
8
21933
8
22084
8
22254
8
22424
8
22584
8
22755
8
22915
8
23686
32
23916
112
24127
111
24868
115
25028
115
25258
97
25819
110
26000
111
26240
32
26540
99
26711
111
26871
115
27171
116
27342
105
27612
116
27722
117
27893
105
28283
114
28353
101
28604
32
29084
117
29144
110
29375
32
44158
115
44308
101
44608
114
44628
116
44718
105
45389
8
45610
8
46311
105
46481
111
46691
32
53422
103
53602
108
53822
105
54023
32
54624
101
54744
108
54874
101
55395
116
55555
116
55715
111
55835
114
55996
105
56226
32
56977
100
57087
105
57588
32
60012
13
62726
99
62946
97
63107
109
63347
112
63537
105
63708
111
63848
110
63958
101
64108
32
64339
115
64429
116
64539
97
64659
116
65010
105
65190
115
65550
116
65691
105
66001
99
66111
111
67624
46
67844
32
71199
80
71399
97
71980
114
72070
101
72751
44
72952
32
73142
112
73252
101
73443
114
73563
111
74003
96
74314
32
75295
99
75426
104
75516
101
75946
32
76748
103
76928
108
77098
105
77248
32
77499
105
77849
116
77980
97
78590
108
78791
105
78951
97
79051
110
79241
105
79472
32
79983
97
80363
98
80493
98
80684
105
80854
97
81365
109
81535
111
83007
8
83178
8
83999
110
84219
111
84580
13
85441
105
85661
109
85892
112
85982
97
86222
114
86322
97
86623
116
86763
111
86933
32
87124
101
87254
32
87464
100
87564
105
88035
115
88406
116
88626
105
88946
110
89958
103
90499
117
90619
101
90939
114
90990
101
91530
32
91921
102
92091
114
92231
97
92372
32
92722
101
92983
108
93063
101
93804
122
93904
105
94054
111
94184
110
94335
105
94555
32
95166
97
95527
109
95677
109
96067
105
96298
110
96498
110
96678
105
97059
8
97219
8
97740
105
98080
115
98211
116
98391
114
98491
97
98832
116
98932
105
99553
118
99643
101
99843
32
00514
101
00654
32
01255
108
01476
111
01936
99
02077
97
03379
108
03589
105
08156
32
08997
101
09738
100
10179
13
10459
101
10580
108
10700
101
11181
122
11291
105
11421
111
11571
110
11721
105
12022
32
20305
110
20415
97
20725
122
20825
105
20966
111
21076
110
21226
97
21386
108
21667
105
21847
32
22027
112
22127
101
22328
114
22398
32
22598
105
22788
108
23009
32
23299
114
23439
105
23760
110
23880
110
24060
111
25072
118
25212
111
25232
105
25793
8
26284
32
26534
100
26724
101
26875
108
27035
32
27175
112
27245
97
27586
114
27866
8
28047
8
28187
8
28768
80
29028
97
29409
114
30090
108
30170
97
30540
109
30721
101
30841
110
31732
116
31852
111
33174
46
34106
32
34346
83
34557
101
35778
32
36109
99
36259
105
36479
111
36960
96
37211
32
37411
101
37822
96
38543
32
38933
118
39003
101
39254
114
39404
111
39815
46
40456
8
41137
44
42989
13
43250
97
43440
108
43580
108
43731
111
44011
114
44131
97
44261
32
44442
101
44642
115
44802
115
45003
101
45243
32
45814
112
45904
101
46094
114
46315
100
46475
111
46665
110
46835
111
46986
32
47176
108
47276
97
47416
32
47767
108
47937
111
48147
114
48278
111
48528
32
48838
114
48959
105
49810
8
50601
105
50812
108
50902
101
51252
118
51362
97
51543
110
51843
122
52033
97
52184
32
52344
115
52474
116
52564
97
52714
116
52995
105
53175
115
53606
116
53726
105
54207
99
54317
97
55298
46
