39803
65
40073
118
40184
101
40394
32
40724
71
41025
117
41195
110
41325
101
41626
116
41786
116
41896
105
42287
33
47435
13
48246
67
48647
111
48777
115
48967
97
49097
32
49368
99
51070
39
51541
101
52192
96
52563
32
53154
100
53284
105
53444
32
53604
109
53724
101
54035
103
54215
108
54426
105
54596
111
54776
32
54956
100
55066
105
55247
32
57130
117
57270
110
58161
32
58672
98
58782
101
59103
108
59213
108
59443
39
59634
101
59834
115
60094
112
60204
101
60395
114
60515
105
60815
109
60905
101
60996
110
61186
116
61416
111
61587
32
61737
112
61977
114
62097
105
62328
109
62418
97
62568
32
62698
100
62889
101
63009
108
63319
32
66344
99
66464
111
66674
110
67065
115
67195
105
67836
103
67976
108
68157
105
68327
111
68657
13
69348
100
69459
105
69649
32
70610
100
70701
105
71071
111
71181
97
71602
8
71772
8
72463
112
72553
97
72824
114
73014
116
73134
105
73345
109
73435
101
73545
110
73675
116
74066
111
75778
63
93145
32
93826
69
94387
96
94657
32
94918
99
95028
111
95188
110
95378
32
95599
115
95719
111
95949
109
96080
109
96490
111
96711
32
96921
112
97141
105
97241
97
97862
99
98033
101
98233
114
98413
101
98563
32
98684
99
99274
104
99355
101
99835
32
00466
116
00536
105
00737
32
01308
115
01538
99
01748
114
01898
105
02479
118
02580
111
02790
32
03401
113
03561
117
03801
101
04042
115
04352
116
04492
111
05184
32
05474
112
05614
101
06065
97
06506
8
06726
122
06916
122
07177
111
08008
13
34419
32
34719
112
34889
101
35130
114
37714
13
40127
32
97025
114
97195
105
97455
112
97666
111
97846
114
98056
116
98327
97
98587
114
98777
116
98938
105
99108
32
99288
97
99789
108
00019
99
00200
117
00330
110
00490
105
00670
32
00801
100
01031
97
01301
116
01442
105
01992
32
02633
40
03144
100
03264
105
03445
32
03845
102
03945
111
04136
110
04416
116
04496
101
04697
32
04877
115
04997
105
05137
110
05458
100
05658
97
06009
99
06119
97
06499
108
06599
101
07621
41
07791
32
08002
114
08162
101
08352
108
08442
97
08773
116
08893
105
09254
118
09384
105
09574
32
10275
97
10395
108
10576
108
11167
111
11747
13
11958
115
12178
99
12298
117
13009
8
13300
105
13530
111
13730
112
14862
101
15703
114
15794
111
15974
32
16505
103
16615
101
16805
110
16895
101
17096
114
17326
97
17466
108
17586
101
17737
32
18067
40
18418
101
18738
32
19119
103
19199
101
19349
110
19449
101
19650
114
19870
97
20020
108
20210
105
20671
122
20791
122
20932
97
21803
116
22153
111
22474
44
22664
32
22975
99
23075
111
23265
109
23465
101
23606
32
24016
100
24136
105
24417
99
24577
111
24747
110
24918
111
25088
32
25258
105
25509
32
25689
109
25839
111
27922
118
29495
105
29705
109
29805
101
29905
110
30126
116
30366
105
30566
32
31508
118
31648
105
32249
99
32359
105
33110
110
33321
117
33761
8
34633
105
34913
13
35684
97
35875
108
36025
108
36205
97
36295
32
37006
103
37106
97
37457
108
37547
97
37797
115
37978
115
38108
105
38228
97
40001
32
41113
101
41373
116
41533
105
41874
99
41994
104
42114
101
42465
116
42585
116
42715
97
42815
116
43917
97
44137
32
45890
99
46020
111
46401
109
46501
101
46641
32
47162
34
47993
110
48264
111
48524
32
49065
103
49185
108
49355
111
49656
98
49746
97
49896
108
50797
34
51138
41
55144
46
55385
32
57057
80
57267
97
57568
114
57658
101
58109
32
58790
99
58880
104
59751
8
59921
8
60052
8
60212
8
60352
8
60512
8
60663
8
61354
83
61634
101
61884
99
62025
111
62295
110
62666
100
62806
111
62826
105
63928
8
64168
32
64418
105
64669
32
65129
115
65230
105
65400
110
65620
100
65821
97
66081
99
66311
97
66842
116
66972
105
67824
46
68515
8
68785
44
69056
13
69777
112
70047
105
70217
117
70658
96
70918
32
71309
100
71409
105
71589
32
71880
116
72060
114
72200
101
72561
100
72671
105
73032
99
73132
105
73272
32
73512
109
73683
105
73863
108
74063
105
74223
111
74354
110
74504
105
74694
32
74925
100
75055
105
75245
32
75395
108
75515
97
76417
118
76497
111
77218
114
77298
97
77609
116
77749
111
78119
114
78210
105
78971
32
80353
115
81845
8
82356
104
82456
97
82616
110
82727
110
82927
111
83137
32
83257
97
83458
100
83608
101
83788
114
83898
105
84179
116
84309
111
84509
32
84629
97
84740
108
84890
108
85070
111
85280
32
85831
115
86052
99
86132
105
86342
111
86953
112
87053
101
87233
114
87344
111
90579
44
91089
13
91490
112
91610
97
92081
114
92161
105
92371
32
92542
97
92642
108
92832
32
93623
57
93713
48
95977
37
96227
32
96698
99
96798
105
97179
114
97439
99
97569
97
98681
41
99392
32
99703
101
00153
44
00344
32
00624
100
00714
105
00904
32
01245
113
01345
117
01505
101
01716
115
02036
116
02066
121
02166
105
02767
8
02938
8
03609
105
03869
44
04079
32
05712
99
05832
105
06062
114
06403
99
06613
97
06784
32
07064
51
07314
32
07785
109
07955
105
08156
108
08326
105
08476
111
08606
110
08757
105
09297
32
10109
115
10289
97
10489
114
10649
101
10920
98
11050
98
11150
101
11351
114
11461
111
11671
32
12062
115
12232
99
12432
101
12973
115
13073
105
13284
32
13915
13
14986
105
15126
110
15307
32
15457
112
15657
105
15787
97
16168
122
16288
122
16468
97
16609
32
16949
97
17089
32
17260
109
17400
97
17610
110
17800
105
18251
102
18341
101
18612
115
18742
116
18842
97
19293
114
19373
101
19553
32
20224
99
20304
111
20485
110
20645
115
21206
8
22257
116
22438
114
22538
111
22728
32
22888
108
22968
97
23089
32
23309
112
23449
114
23569
111
23730
112
23890
111
24160
115
24411
116
24641
97
24841
32
26404
100
26594
101
28176
108
28387
32
29609
103
29759
111
30380
118
30480
101
30710
114
31121
110
31281
111
34496
32
34767
100
34887
105
35047
32
35898
109
36049
105
36810
8
37080
111
37441
100
37541
105
38673
102
39464
105
39854
99
39935
97
40345
13
41267
100
41457
101
42609
108
42739
108
42969
101
43640
32
44081
108
44191
101
45143
103
45293
103
45543
105
45753
32
46715
115
46825
117
47136
108
47366
32
47616
108
47737
97
48017
118
48117
111
48458
114
48568
111
49730
46
52594
32
56169
65
56360
32
56610
102
56740
105
57101
114
57271
101
57441
110
58213
122
58393
101
61428
8
62439
70
64542
44
64743
32
64993
100
65103
111
65464
118
65544
101
65694
32
65985
112
66085
97
66545
114
66846
108
66976
97
67397
118
67667
97
68348
13
69941
13
72785
32
73246
67
73566
111
73977
102
74097
102
74207
101
74287
114
74448
97
74668
116
75139
105
75369
44
77252
32
86176
105
86296
110
86596
13
87367
112
87568
105
87678
97
88048
122
88159
122
88319
97
90192
32
92315
40
92666
101
93817
8
95159
8
96672
115
96802
111
97042
110
97253
111
97443
32
97954
8
98144
8
98294
8
98454
8
98625
97
99206
114
99376
101
99656
98
99797
98
99877
101
00057
114
00237
111
00438
32
00668
115
00868
99
01048
101
01269
115
01419
101
01609
32
02841
52
03112
48
03272
48
03923
48
04103
48
04314
48
06176
32
06727
112
06887
101
07078
114
07478
115
07649
111
07969
110
08079
101
08820
59
09051
32
10383
51
10703
53
11114
48
11565
32
13768
8
14760
48
14910
48
15060
48
15661
32
15991
97
16132
32
16763
66
16993
111
17173
108
17334
111
17664
103
17904
110
18055
97
18225
32
18856
8
19086
44
19317
32
20248
100
20318
111
20799
118
20899
101
21240
32
21941
13
22231
112
22361
97
22612
114
22932
108
23052
97
23353
118
23473
97
23623
32
23994
65
24324
110
24705
103
24785
101
25566
108
25666
101
25967
116
26087
116
26397
105
29302
59
29562
32
30664
50
30874
48
31025
48
31495
48
31646
48
31806
48
32517
32
32777
97
32958
32
33328
77
33488
105
33659
108
33769
97
33959
110
34149
111
34520
44
34720
32
35121
100
35191
111
35732
118
35832
101
36012
32
36743
112
36864
97
37114
114
37464
108
37565
97
38095
118
38206
97
38466
32
39037
80
39307
101
39808
122
39978
122
40139
111
40549
116
40669
116
40830
97
42382
46
44976
13
45807
67
46168
105
46278
97
46388
111
47860
33
