85028
70
85368
105
85619
110
85739
97
85869
108
86089
109
86200
101
86720
110
86951
116
87041
101
88463
8
89414
8
89585
8
90276
83
90426
105
90576
97
90686
109
90847
111
90987
32
91738
112
91988
117
92329
114
92529
116
92710
114
92880
111
93060
112
93200
112
93361
111
93761
32
94673
103
94923
105
95784
117
96015
110
96676
116
96786
105
96956
32
97136
97
97277
108
97377
108
97497
97
97617
32
98188
102
98298
105
98478
110
98538
101
99480
32
00281
100
00481
101
00622
108
00762
108
00932
97
01193
32
01493
115
01693
101
01914
114
02014
105
02124
101
02274
32
02735
100
02845
105
02975
32
03246
101
03466
115
03616
112
03746
101
03937
114
04057
105
04287
109
04418
101
04528
110
04658
116
05489
105
05970
33
09195
13
16236
69
16566
99
16726
99
16897
111
17107
32
17678
108
17938
39
18229
117
18449
108
18780
116
18920
105
19080
109
19210
113
19240
97
19391
32
20632
8
20823
8
20993
8
21364
97
21584
32
22415
102
22515
97
22756
116
22866
105
23256
99
23337
97
24178
33
30257
32
31219
80
31439
111
31609
105
31810
32
32521
110
32641
101
32911
115
33072
115
33202
117
33462
110
33582
97
35305
32
35976
116
36086
117
36317
97
36517
32
36787
109
36948
97
37118
105
37478
108
37789
32
39011
8
40022
8
40223
8
40393
8
41014
8
41184
8
41344
8
41505
8
42857
110
42967
101
42997
119
43558
8
44038
101
44369
8
44559
115
44900
8
45080
8
45240
8
46001
115
46122
111
46322
108
46482
111
46662
32
46803
112
47023
105
47193
117
47514
96
47724
32
47985
108
48105
97
48235
32
48495
115
48605
116
48726
97
48896
109
49176
112
49317
97
49507
110
49817
116
49927
101
50098
32
50729
109
50879
105
51049
32
51320
115
51550
99
51720
114
51830
105
52081
118
52191
101
52401
114
52662
97
53102
96
55416
32
55616
113
55787
117
55937
101
56077
108
57449
8
57649
8
58160
97
58551
106
58951
8
59222
108
59632
99
59773
104
59893
101
60313
13
61285
109
61395
97
61505
105
61716
108
68186
46
68426
32
69738
78
69928
101
70179
115
70359
115
70529
117
70990
110
71100
97
71691
32
72682
116
72783
117
72963
97
73103
32
73293
109
73404
97
73474
105
73674
108
74395
32
75467
105
75577
110
75917
118
76028
105
76188
97
76448
116
76548
97
76739
32
77640
99
77770
111
77951
110
78161
32
78341
102
78541
101
78712
100
78872
101
79032
108
79182
101
79393
32
80064
112
80384
117
80795
110
80955
116
81095
117
81316
97
81446
108
81606
105
81867
116
82017
97
82357
96
82638
32
83900
97
84040
112
84070
91
84220
114
85082
8
85272
8
86824
8
87025
8
87585
105
87716
110
87846
105
88367
122
88487
105
88587
101
88887
114
89008
97
89358
96
90059
13
90440
108
90540
101
90680
32
91041
109
91171
105
91271
101
91491
32
92052
103
92213
105
92393
111
92573
114
92793
110
92914
97
93144
116
93224
101
94646
46
95998
32
96529
78
96729
101
96970
115
97120
115
97290
117
97441
110
97651
111
97841
32
98041
112
98382
105
98552
117
98853
96
99073
32
99303
99
99424
104
99544
101
99644
32
00065
115
00185
112
00345
111
00535
110
00776
116
00896
97
01176
110
02058
101
02478
97
03009
109
03139
101
03239
110
03540
116
03630
101
04401
32
04662
115
04792
105
04952
32
05152
105
05273
110
05573
116
05693
101
05904
114
06104
101
06364
115
06545
115
07025
105
07216
32
07376
97
07526
32
07696
109
07806
101
08447
32
08798
115
08928
105
09068
110
09319
13
09820
100
10040
97
10160
108
10280
108
10441
101
11021
32
11202
112
11462
111
11482
105
11863
8
12183
8
12704
101
13055
8
13175
114
13295
105
13856
109
13976
101
14106
32
14337
111
14527
114
14707
101
14817
32
15008
100
15198
101
15328
108
15498
32
15679
109
15789
97
16119
116
16290
116
16420
105
16630
110
16790
111
17391
46
17632
32
19935
68
20356
111
20676
99
21037
8
21157
118
21347
114
21488
111
21938
96
22189
32
22389
101
22609
115
22749
115
22950
101
23140
114
23320
101
23511
32
23721
105
23921
110
24092
111
24462
8
24602
8
25093
111
25253
32
25424
97
25664
32
26115
112
26265
114
26445
101
26605
110
26886
100
27056
101
27256
114
27427
101
27717
32
27927
108
28168
39
28408
105
28568
110
28729
105
29620
122
29730
105
29870
97
30241
116
30361
105
30792
118
30912
97
31012
32
31403
100
31583
101
32344
108
32595
13
33816
100
33927
105
34067
97
34187
108
34367
111
35159
103
35269
111
35469
44
35649
32
35840
97
35950
110
36240
99
36340
104
36461
101
36581
32
36951
115
37071
111
37232
110
37402
111
37592
32
38223
8
38914
8
39205
8
39856
108
40026
111
40286
32
40457
101
40607
112
40817
105
41098
115
41408
116
41528
111
41769
108
41869
97
42119
114
42209
101
42961
44
43131
32
43471
99
43571
111
43732
110
44924
8
45104
8
45514
8
46406
99
46516
111
46696
110
47097
32
47498
113
47628
117
47728
97
47848
108
48209
99
48349
117
48559
110
48729
111
48960
32
49961
111
50833
32
51013
45
51203
32
51524
109
51624
101
51984
103
52255
108
52435
105
52605
111
52786
32
53046
45
53276
32
54088
113
54228
117
54328
97
54448
108
54649
99
54759
105
56151
8
56902
111
57283
115
57373
97
57994
13
59706
105
59847
110
60928
8
61138
8
61759
108
61850
97
62150
110
62521
99
62641
105
62841
97
62991
110
63342
100
63442
111
63672
32
63853
117
63983
110
64313
97
64454
32
64904
115
65145
116
65285
97
65495
109
65736
112
65906
111
66286
8
66587
97
66827
32
67218
111
67608
103
67759
110
67919
105
68039
32
68600
109
68710
97
69031
116
69191
116
69531
105
69742
110
69842
97
72356
46
77183
32
77514
77
77664
97
77864
103
77974
97
78245
114
78345
105
78565
44
78756
32
79547
112
79647
101
79827
114
79927
111
80408
96
80689
44
80889
32
81410
109
81560
105
81720
32
82061
118
82161
111
82471
114
82591
114
82732
97
83583
105
84094
32
84464
99
84585
111
84745
110
85125
99
85316
101
85496
100
86167
101
86387
114
86548
101
86788
13
87479
105
87649
108
87820
32
87950
112
88210
114
88330
105
88701
118
88801
105
89051
108
89162
101
89552
103
89662
105
89803
111
90023
32
90273
100
90383
105
90604
32
07019
112
07119
97
07340
114
07580
116
07660
101
08231
99
08341
105
08551
112
08642
97
08912
114
09012
101
09403
32
10324
97
10454
108
10665
32
12528
8
12888
108
14931
39
15773
101
16303
59
16403
101
17195
8
17375
8
17896
108
17986
101
18246
116
18366
116
18687
111
19408
32
20159
103
20400
114
20590
117
20981
112
21111
112
21271
111
21461
32
22002
100
22192
101
23544
105
24406
8
24586
8
25247
105
25427
32
25618
99
25728
111
26108
108
26269
111
26990
114
27110
111
27280
32
27390
99
27521
104
27621
101
28602
13
29103
116
29203
101
29403
115
29544
116
29654
101
29984
114
30095
97
30515
110
30635
110
30836
111
31056
32
31186
105
31366
108
31547
32
32128
114
32248
117
32468
111
32648
32
33009
115
33139
105
33480
115
33600
116
33720
101
34031
109
34091
97
43826
8
44296
116
46069
32
46370
100
46480
105
46810
8
46991
8
47231
8
48343
59
48493
32
48903
100
49024
105
49164
32
49444
99
49544
111
49715
108
49865
111
50175
114
50286
111
50496
32
50626
99
50726
104
50816
101
51908
32
52529
99
52719
101
52890
114
53240
99
53390
104
53501
101
53781
114
53901
97
54172
110
54282
110
54492
111
54702
32
56335
8
58048
8
58949
8
59109
8
59269
8
59510
8
60041
100
60281
97
60441
32
60652
108
60872
117
61032
105
61252
32
62144
100
62254
105
62594
32
62975
102
63075
97
63225
114
63346
97
63656
110
63776
110
63987
111
65639
32
66240
114
66340
105
66521
99
66651
111
66901
110
67071
111
67372
115
67592
99
67782
101
67993
114
68163
101
70997
59
71238
13
72149
100
72269
105
72420
32
72630
99
72740
111
72900
108
73041
111
73371
114
73481
111
73672
32
74303
99
74413
104
74503
101
74663
32
81834
99
81984
111
82165
110
82355
32
82515
108
82725
117
82896
105
83046
32
83186
105
83306
110
83577
116
83727
114
83847
97
85039
116
85179
116
85289
101
86181
114
86301
114
86431
97
86752
110
86842
110
87022
111
87212
32
87853
114
87953
97
88274
112
88304
91
88454
112
89245
8
89416
8
89987
112
90137
111
90407
114
90678
116
90778
105
90958
32
91118
99
91229
111
91369
110
91749
102
91839
105
92631
100
92801
101
95104
8
97218
8
97919
100
98039
97
98159
32
98440
108
98640
117
98830
105
99071
32
99381
115
99491
105
99611
32
99972
115
00152
101
00292
110
00543
116
00643
105
00963
114
01054
97
01304
110
01394
110
01604
111
01825
32
02195
100
02306
105
02456
114
02626
101
03598
32
04158
34
05470
101
06622
104
06792
105
07474
33
08315
32
08525
109
08635
97
08755
32
08916
105
09086
111
09246
32
09587
116
09707
105
09897
32
10128
99
10228
111
10378
110
10548
111
10799
115
11079
99
11179
111
12591
33
13212
34
14054
59
16027
8
16928
46
17719
13
44000
67
44370
104
44591
105
44711
101
44981
100
45101
111
45923
44
46103
32
47295
100
47525
117
47655
110
48156
113
48296
117
48426
101
48687
44
48857
32
49208
117
49779
109
49919
105
50109
108
51141
109
51251
101
51922
110
52182
116
52302
101
52533
44
52773
32
53064
100
53284
97
53424
32
53574
99
53815
97
54175
118
54285
105
54616
97
60826
32
61096
99
61246
111
61416
110
62328
32
62799
115
62959
105
63099
110
63440
100
63620
114
63780
111
63990
109
64111
101
64261
32
65463
115
65703
118
65953
101
66965
100
67155
101
67696
115
67886
101
68477
8
68668
8
68828
8
68998
8
69138
8
69279
8
69439
8
70230
100
70340
105
70470
32
70741
83
71041
116
71161
111
71452
99
71602
99
71742
111
71943
108
72483
109
72594
97
74436
44
74667
32
75819
100
75939
105
79414
13
79725
112
79905
111
80205
116
80285
101
80426
114
80616
32
81447
101
81648
115
81828
115
81998
101
82329
114
82529
101
82799
32
83470
110
83571
101
83701
108
83921
32
84782
110
85183
111
85564
118
85674
101
86124
114
86225
111
86725
32
87246
100
87426
101
87897
102
88037
108
88398
8
88598
8
89119
103
89760
108
89950
105
90151
32
90481
69
90661
108
90772
101
91132
116
91292
116
92294
105
92705
46
92885
32
93426
80
93626
101
93806
114
93967
32
94107
105
94247
110
95589
116
95719
97
95839
110
96220
116
96340
111
96871
44
97031
32
97342
116
97452
105
97612
32
98023
115
98203
97
98363
108
98574
117
98884
116
98994
111
99024
105
99575
8
00767
33
