38169
0
38238
67
38485
105
38561
97
38698
111
38842
32
39187
0
39395
68
39585
97
39761
110
39867
105
39942
101
40114
108
40220
101
40569
44
40638
32
41058
114
41199
105
41305
101
41515
115
41898
8
42073
99
42214
99
42320
111
42438
109
42548
105
42829
32
42970
99
43076
111
43252
110
43396
32
43547
97
43653
108
44078
116
44182
114
44287
101
44465
32
44813
99
45404
97
45961
122
46205
122
46831
8
47179
46
47355
46
48407
46
48756
46
49521
32
50494
97
50669
108
50739
32
51055
116
51231
117
51309
111
51416
32
51697
115
51872
101
51979
114
52085
118
52295
105
52436
122
52577
105
52646
111
53135
46
53692
32
54769
0
54977
83
55189
111
55295
110
55411
111
56003
32
56179
97
56458
114
56564
114
56705
105
56915
118
56990
97
57127
116
57373
111
58207
13
58382
97
58557
32
58733
109
58839
101
59014
116
59121
97
59331
96
59519
32
60319
112
60354
101
60495
114
60741
99
60848
111
60989
114
61199
115
61374
111
61619
32
62141
112
62524
8
62804
111
63049
112
63121
112
63331
117
63541
114
63647
101
63788
32
66255
99
66431
39
66596
101
66762
96
66937
32
67355
117
67738
8
67844
97
67985
110
68160
99
68301
111
68452
114
68592
97
68733
32
68909
109
69050
111
69191
108
69331
116
69507
97
69647
32
69836
115
69977
116
70081
114
70161
97
70259
100
70400
97
70541
32
70682
97
71204
8
71309
100
71379
97
71451
32
72183
102
72258
97
72395
114
72502
101
72712
32
72887
0
72991
63
73654
32
74384
0
74592
79
74883
103
75031
103
75172
105
75521
13
75765
112
75941
111
76185
109
76291
101
76431
114
76573
105
76693
103
76834
103
76940
105
77044
111
77707
32
79305
104
79481
111
79585
32
80248
105
80354
32
80599
112
80740
114
80881
105
81056
109
81231
105
81407
32
81686
101
81931
115
82075
97
82316
109
82526
105
82595
32
82808
100
82914
105
82983
32
83142
115
83491
8
83600
0
83735
83
83843
105
83949
115
84090
116
84231
101
84372
109
84547
105
84701
32
84807
0
84956
79
85099
112
85274
101
85413
114
85590
97
85801
116
86017
105
86163
99
86303
105
86618
8
86758
8
86899
118
87005
105
87146
32
87563
101
87704
32
87845
0
87984
83
88092
112
88267
101
88374
114
88515
105
88690
109
88796
101
88902
110
89009
116
89219
97
89429
122
89533
105
89605
111
89817
110
90027
105
90757
13
90898
100
90973
101
91077
108
91182
108
91288
97
91429
32
91604
110
91745
117
91921
111
92477
118
92583
97
92724
32
93107
108
93213
97
93700
117
93841
114
94016
101
94226
97
94402
32
94784
116
94854
114
95134
105
95137
117
95243
101
95834
8
96044
8
96774
101
96950
110
97091
110
97166
97
97303
108
97488
101
97802
46
98012
32
98187
0
98499
68
98746
101
98886
118
99131
111
99241
32
99447
97
99726
110
99832
99
00008
111
00226
114
00436
97
00611
32
00959
114
01100
105
01310
112
01416
97
01592
115
01767
115
01873
97
02049
114
02224
101
02469
32
02921
98
03028
101
03124
110
03264
101
03349
32
03560
108
03666
101
04118
32
04744
100
04989
111
05233
109
05408
97
05515
110
05690
100
06073
101
06595
13
06770
99
06911
104
07017
101
07123
32
07472
102
07582
97
07719
114
07963
111
08070
96
08487
46
08732
32
08907
0
09115
73
09292
110
09399
32
09539
112
10169
97
10345
114
10455
116
10730
105
10871
99
10990
111
11116
108
11222
97
11432
114
11467
101
11852
44
11993
32
12723
100
12798
101
12901
118
13146
111
13215
32
13475
99
13545
111
13722
110
13863
116
13939
114
14047
111
14223
108
14363
108
14366
97
14645
114
14776
101
14952
32
15196
108
15303
101
15409
32
15757
112
15863
111
16004
115
16145
115
16229
105
16406
98
16476
105
16688
108
16869
105
17322
32
17566
114
17672
105
17794
115
17900
112
17970
111
18182
115
18288
116
18463
101
18674
32
18953
99
19128
104
19234
101
19340
32
19897
13
20107
103
20178
108
20319
105
20460
32
20601
115
20742
116
20848
117
21023
100
21134
101
21295
110
21436
116
21577
105
21646
32
21859
109
22005
105
22116
32
22460
102
22566
111
22680
114
22855
110
22996
105
23275
114
23382
97
23626
110
23744
110
23919
111
24511
44
24755
32
25000
105
25141
110
25247
32
25457
109
25563
111
25738
100
25844
111
25986
32
26230
100
26265
97
26408
32
26930
115
27034
97
27177
112
27456
101
27595
114
28014
32
28571
100
28712
105
28852
115
29097
116
29307
105
29448
110
29692
103
29799
117
29974
101
30184
114
30290
101
30431
32
30849
113
30990
117
31199
101
31340
108
31447
108
31587
101
31797
32
32562
103
32711
105
32780
117
32923
115
32995
116
33144
101
33344
13
33519
100
33629
97
33800
32
34183
113
34359
117
34445
101
34583
108
34724
108
34830
101
34937
32
35319
115
35495
98
35635
97
35776
103
35951
108
36092
105
36233
97
36339
116
36480
101
37210
46
37454
32
39192
0
39435
73
39645
108
39714
32
39857
112
39963
114
40077
111
40253
103
40393
114
40673
109
41161
8
41335
97
41492
44
41495
109
41671
109
42019
8
42195
8
42336
8
42615
109
42790
109
42931
97
43037
32
43489
99
43630
104
43736
101
43806
32
43983
104
44087
111
44200
32
44336
116
44512
114
44587
97
44690
116
44831
116
44906
97
45009
116
45218
105
45221
111
45362
32
45711
8
45955
8
46445
8
46790
111
46865
32
47072
113
47224
117
47365
101
47540
115
47647
116
48207
39
48382
97
48661
110
48802
110
48943
111
49053
32
49294
101
49504
96
49714
32
49924
109
50065
111
50215
108
50356
116
50497
111
50607
32
50882
118
50917
97
51129
115
51235
116
51480
111
52141
13
52489
101
52665
32
53603
114
53744
105
53919
99
54061
104
54165
105
54273
101
54483
100
54658
101
54834
32
55251
117
55357
110
55533
97
55674
32
55884
97
56510
116
56685
116
56799
101
57020
110
57334
116
57475
97
57698
32
62424
108
62530
101
62740
116
62881
116
62987
117
63128
114
63338
97
63548
32
63828
101
64038
32
64664
97
64839
110
64980
97
65155
108
65331
105
65506
115
65612
105
65822
32
66050
112
66125
101
66260
114
66341
32
68913
97
69171
99
69312
99
69418
111
69663
114
69803
103
69979
101
70293
114
70503
115
70589
105
70771
32
70877
100
70987
101
71124
108
71265
108
72541
101
73202
32
73412
112
73518
105
73728
99
73869
99
73941
111
74081
108
74188
101
74640
13
77192
115
77540
102
77716
117
77891
109
77997
97
78173
116
78590
117
78870
114
78939
101
79151
32
79361
99
79537
104
80475
101
80720
32
81804
105
81942
32
82258
118
82368
97
82513
114
82723
105
82827
32
82970
97
83249
114
83425
103
83565
111
83741
109
83847
101
83953
110
84060
116
84200
105
84310
32
86601
104
86707
97
86847
110
86988
110
87164
111
87513
46
87688
32
88070
0
88347
80
88626
101
88765
114
88873
32
89673
102
89779
97
89886
114
90061
101
90237
32
90447
117
90587
110
90697
32
90904
101
91079
115
91220
101
91326
109
91502
112
91642
105
91787
111
92409
44
92585
32
93489
113
93630
117
93736
97
93877
110
93983
100
94124
111
94193
32
94474
115
94579
105
94685
32
94897
112
95007
97
95282
114
95458
108
95599
97
96121
13
96296
100
96365
101
96508
108
96659
108
96765
97
96906
32
97220
103
97326
101
97536
115
97642
116
97852
105
97887
111
98065
110
98171
101
98277
32
98418
100
98493
101
98596
108
98737
108
98812
97
98949
32
99125
109
99265
101
99371
109
99616
111
99757
114
99932
105
00009
97
00145
32
00472
118
00647
105
00857
114
01102
116
01312
117
01568
97
01743
108
01884
101
02025
32
02487
108
02627
101
02733
32
03269
100
03363
111
03539
109
03645
97
03786
110
03927
100
04137
101
04312
32
04695
112
04805
111
04976
115
05117
115
05187
105
05365
98
05469
105
05656
108
05866
105
06145
32
06459
115
06529
111
06706
110
06810
111
07022
32
07232
105
07373
110
07548
102
07689
105
07968
32
08977
8
09255
110
09396
105
09953
114
10057
101
10511
13
10894
101
11094
32
11373
110
11448
97
11862
115
12003
99
12144
111
12320
110
12426
100
12567
111
12742
110
12848
111
13024
32
13445
117
13582
110
13757
97
13864
32
14039
115
14205
101
14346
114
14486
105
14627
101
14803
32
15151
100
15292
105
15396
32
16546
116
16580
114
16722
97
16898
98
17142
111
17664
99
17805
99
17911
104
17998
101
18239
116
18380
116
18520
105
18631
32
18940
109
19081
105
19232
99
19332
97
19469
32
19610
100
19679
97
19788
32
19963
114
20110
105
20285
102
20669
8
20809
100
20878
101
21056
114
21164
101
21821
44
21925
32
22081
99
22222
104
22328
101
22469
32
24832
97
25008
108
25252
32
25393
99
25499
111
25675
110
25815
102
25922
114
26063
111
26238
110
26352
116
26527
111
27397
32
27676
105
27989
13
29067
109
29220
111
29361
115
29536
114
29540
116
30234
105
30617
8
30792
8
30968
8
31143
8
31422
8
31667
8
33266
115
33445
101
33789
103
33930
114
34035
101
34316
116
34456
105
34701
32
34911
100
34981
101
35366
105
35576
32
36549
103
36725
105
36759
111
37179
99
37424
104
37945
105
38225
32
38781
97
39060
100
39339
118
39446
101
39621
110
39831
116
40006
117
40147
114
40222
101
40741
32
41158
8
41472
46
41924
8
42134
44
42244
32
42901
116
42971
105
43113
112
43254
111
43364
32
43605
100
43746
111
43931
109
44418
8
44697
111
44847
109
45404
44
45473
32
45824
115
45930
111
46071
110
46175
111
46422
32
46943
110
47084
117
47329
108
47470
108
47610
97
48132
46
48862
32
49766
0
50575
67
50821
111
50939
109
51115
117
51255
110
51290
113
51571
117
51678
101
51922
44
52513
32
52723
103
52899
114
53005
97
53146
122
53287
105
53427
101
53524
32
53838
112
53944
101
54013
114
54192
32
54505
97
54853
118
54953
101
55054
114
55243
109
55418
105
55663
13
56219
114
56360
105
56501
112
56571
111
56861
114
57002
116
57212
97
57387
116
57563
116
58058
8
58475
111
58579
32
59068
105
59278
108
59353
32
59491
0
59664
68
59839
86
60015
68
60782
44
60888
32
62348
108
62523
111
62593
32
62957
100
63027
101
63169
118
63379
112
63383
111
63490
32
64058
8
64270
8
64515
8
65210
111
65287
32
65461
112
65640
114
65644
101
65887
115
66028
116
66203
97
66344
114
66485
101
66660
32
67495
8
68052
32
68227
97
68437
32
69063
117
69238
110
69348
32
70561
97
70713
109
70854
105
71030
99
71171
111
71259
32
71604
99
71745
104
71851
101
71957
32
72340
115
72792
105
72933
32
73202
101
73378
96
73553
32
73936
99
74077
111
74183
109
74324
112
74534
114
74617
97
74754
116
74999
111
75109
32
75294
117
75433
110
75504
32
75751
112
75891
111
76205
114
76275
116
76451
97
76592
116
76837
105
77012
108
77118
101
77259
32
77414
99
77555
111
77730
110
77940
13
78184
108
78291
101
78570
116
78711
116
78817
111
78923
114
78960
101
79170
32
79588
0
79692
68
79867
86
80078
68
81797
32
82019
105
82126
110
82301
99
82407
111
82548
114
83000
112
83106
111
83386
114
83492
97
83633
116
83913
111
84226
32
84401
101
84577
32
85488
118
85604
111
85745
108
85920
101
86131
118
86237
97
86412
32
86795
112
86936
114
87043
111
87287
118
87362
97
87637
114
87778
108
88007
111
88529
46
90444
32
91066
0
91624
66
91836
101
91977
110
92152
101
92500
44
92616
32
92753
97
92963
99
93347
8
93591
110
93732
99
93838
104
93913
101
94051
32
94260
111
94574
103
94715
103
94960
105
95101
32
95517
103
95522
104
96008
8
96218
8
96531
106
97019
8
97436
104
97505
111
97611
32
98066
114
98241
105
98382
101
98488
109
98664
112
98805
105
99049
116
99190
111
99332
32
99827
108
99933
97
00109
13
00353
102
00460
111
00601
114
00749
109
00855
97
01065
32
02039
8
02249
8
02562
32
03327
101
03468
110
03678
108
05312
8
05522
8
05697
8
05942
102
06360
105
06535
110
06780
111
06990
32
07200
97
07375
108
07481
108
07795
97
08005
32
08423
102
08598
105
08739
110
08914
101
10677
32
10887
100
10956
101
11100
108
11240
108
12388
111
12563
32
12704
115
12845
112
12951
97
13126
122
13273
105
13342
111
13495
32
13809
115
14158
8
14298
100
14439
105
14545
115
14651
112
14731
111
14937
110
15181
105
15363
98
15469
105
15610
108
15750
101
15926
32
16067
101
16173
32
16383
115
16505
112
16611
101
16751
114
16858
111
16968
32
17139
99
17281
104
17356
101
17458
32
17634
113
17775
117
17881
101
18022
115
18197
116
18338
111
18448
32
18620
112
18625
91
18763
111
18939
115
19426
115
19601
97
20887
13
21513
98
21589
97
21690
115
21867
116
22008
97
22183
114
22289
101
22499
32
22675
97
22850
32
23095
114
23130
101
23446
110
23587
100
23621
101
23799
114
24148
116
24357
105
24433
32
24743
102
24847
101
25163
108
25511
105
25665
99
25754
101
25961
32
26240
112
26346
101
26450
114
26527
32
27219
113
27394
117
27470
97
27607
108
27748
99
27889
104
27995
101
28091
32
28509
113
29031
8
29171
97
29312
108
29591
116
29661
114
29837
97
29944
32
30167
111
30387
114
30527
97
30634
32
30809
0
30948
33
31158
33
31299
33
32031
32
32137
0
32311
86
32625
8
32904
67
33116
105
33191
97
33294
111
33711
32
33886
0
34095
77
34307
97
34455
114
34525
99
34806
111
