75978
0
76151
73
76491
101
76656
114
76935
105
77045
32
77286
110
77565
111
77740
110
77915
32
78575
104
78679
111
78785
32
79032
97
79207
118
79242
98
79349
117
79559
116
79769
111
79878
32
80085
105
80260
108
80363
32
80817
116
80852
101
80995
109
81170
112
81345
111
81428
32
81640
112
81781
101
81885
114
82104
32
83702
115
83788
112
84761
8
85353
99
85597
114
85773
105
86017
118
86158
101
86375
114
86479
116
86793
105
87073
32
87837
105
88012
108
88116
32
88306
115
88376
111
88553
108
88763
105
88973
116
89113
111
89217
32
89498
109
89604
101
89849
115
90024
115
90093
97
90236
103
90377
103
90621
105
90623
111
91978
13
92222
113
92374
117
92722
111
92966
116
93176
105
93559
100
93665
105
93740
97
93877
110
94018
111
94782
46
96865
32
99749
0
99926
0
00138
0
01147
127
01531
0
01985
0
02020
0
04106
32
05217
0
05528
82
05636
105
05812
109
05918
101
06058
100
06164
105
06303
111
06374
32
06586
111
06796
103
06937
103
07112
105
07564
44
07668
32
08122
115
08331
99
08506
114
08647
105
08857
118
08963
101
09069
110
09210
100
09350
111
09560
116
09666
105
09776
32
10328
117
10538
110
10782
32
11131
115
11200
97
11306
99
11483
99
11693
111
11797
32
12009
100
12150
105
12290
32
12465
99
12541
97
12781
122
12956
122
13097
97
13272
116
13382
101
13830
46
13984
32
14159
0
14610
72
14856
111
14995
32
15276
102
15345
105
15522
110
15663
105
15977
116
16117
111
16327
32
17265
13
17509
108
17609
101
17746
32
17990
98
18066
97
18272
114
18481
122
18750
101
18891
108
19066
108
19172
101
19313
116
19427
116
19558
101
20669
44
20773
32
20950
101
21160
32
21404
110
21407
32
22553
8
22935
111
23283
110
23528
32
23875
110
24166
101
24826
32
25036
104
25140
111
25280
32
25575
100
25644
105
25750
32
25962
110
26106
117
26278
111
26522
118
26663
101
27045
46
27290
32
27568
0
27707
65
28022
115
28232
112
28307
101
28548
116
28689
116
28804
111
29049
32
31201
99
31307
104
31448
101
31554
32
31741
109
31845
105
31953
32
32094
97
32303
114
33310
114
33589
118
33799
105
34390
8
34530
8
34774
105
34880
118
35021
105
36306
32
36481
113
36898
117
37039
97
37249
108
37355
99
37495
111
37636
115
37705
97
38611
13
38820
101
38995
32
39240
112
39381
111
39590
105
39696
32
40227
108
40337
97
40438
32
40822
99
40928
111
41103
112
41213
105
41384
97
41525
32
41700
101
41875
32
42536
116
42570
101
42677
32
42854
108
42964
97
43101
32
43276
109
43416
97
43660
110
43836
100
44704
111
45121
46
45781
32
46094
0
46580
80
46827
101
46967
110
47108
115
47214
111
47284
32
47496
99
47602
111
47742
109
47952
117
48128
110
48545
8
48996
110
49171
113
49346
117
49487
101
49801
32
50287
99
50428
104
50534
101
50640
32
50988
116
51094
117
51163
32
51410
110
51550
111
51691
110
51801
32
51903
97
52044
98
52185
98
52296
105
52472
97
52612
32
52995
105
53170
108
53276
32
53451
116
53527
101
53592
109
53770
112
53911
111
54026
32
54270
112
54376
101
54515
114
54592
32
55388
13
55667
108
55773
101
56052
103
56158
103
56298
101
56439
114
57030
101
57205
32
57691
116
57832
117
57972
116
58113
116
58357
105
58463
32
58673
105
58848
32
59058
109
59164
101
59374
115
59515
115
59550
97
59727
103
59868
103
60043
105
60112
32
60359
99
60603
104
60709
101
60850
32
61064
105
61200
32
61445
116
61551
117
61691
111
61832
105
61973
32
62980
112
63049
111
63365
118
63496
101
63740
114
63881
105
64471
32
67353
115
67474
99
67615
104
67824
105
67931
97
68106
118
68315
105
68456
32
68700
115
68806
111
68947
110
69052
111
69157
32
69438
99
69613
111
69720
115
69895
116
69972
114
70149
101
70324
116
70465
116
70675
105
70850
32
71857
13
72067
97
72206
100
72383
32
72627
105
72768
110
73047
118
73264
105
73405
97
73580
114
73720
116
73965
105
74069
32
74419
116
74529
117
74700
116
74841
116
74987
105
75097
32
75303
105
75444
32
75723
103
75932
105
76083
111
76289
114
76395
110
76570
105
77230
46
77415
32
77521
0
77728
69
77975
32
78565
115
78775
101
78916
32
79126
105
79266
32
79510
112
79720
114
79826
105
79967
109
80073
105
80248
32
80458
103
80633
105
80668
111
80846
114
80952
110
81127
105
81758
32
82210
114
82350
105
82560
118
83082
8
83325
99
83395
101
83641
118
83817
101
84155
114
84399
97
84885
105
85026
32
86103
98
86243
97
86384
114
86559
122
86803
101
86909
108
87050
108
87156
101
87331
116
87714
116
87889
101
88168
13
88308
101
88484
32
88797
115
88945
116
89234
111
89409
114
89619
105
89694
101
89865
32
90075
112
90216
105
90391
117
90467
96
90638
32
91055
111
91196
32
91371
109
91477
101
91583
110
91758
111
91865
32
92080
105
92255
110
92465
116
92534
101
92677
114
92818
101
93064
115
93237
115
93378
97
93519
110
93728
116
93869
105
93944
32
94233
112
94477
101
94825
110
94966
115
95107
111
95213
32
95353
99
95494
104
95600
101
95706
32
96102
103
96287
108
96462
105
96568
32
96812
117
97032
108
97172
116
97319
105
97563
109
97738
105
98052
32
98608
103
98748
105
98783
111
99030
110
99484
8
99624
114
99730
110
99840
105
00052
32
00573
100
00642
101
00785
108
00900
108
01043
39
01216
101
01426
115
01567
112
01742
101
01952
114
02162
105
02314
109
02420
101
02526
110
02667
116
02773
111
03226
13
03956
114
04131
105
04375
118
04723
8
04864
99
04939
101
05111
118
05217
101
05392
114
05533
97
05742
105
05831
32
06037
115
06143
117
06526
8
06735
111
06876
108
07051
111
07121
32
07470
105
07474
111
07960
8
08830
110
09178
115
09319
117
09388
108
09600
116
09775
105
10227
44
10367
32
10542
0
10854
84
11066
114
11206
97
11451
110
11591
110
11732
101
11873
32
12048
108
12258
39
12506
117
12716
108
12891
116
13039
105
13145
109
13390
111
13599
32
13878
103
14019
105
14088
111
14231
114
14337
110
14547
111
15068
44
15174
32
15466
105
15676
110
15782
32
16338
99
16410
117
16479
105
16656
32
18427
116
18533
117
18685
116
18826
116
18932
105
19043
32
19594
99
19664
97
19841
110
20028
116
20097
101
20516
114
20691
101
21595
109
21804
111
22638
13
22917
108
23161
39
23302
97
23477
108
23617
108
23896
101
24072
108
24350
117
25091
106
25161
97
30578
32
31342
8
31828
0
31932
58
32179
32
32319
101
32529
96
32773
32
33316
102
33456
105
33562
110
33632
105
33844
116
33954
97
34228
32
34231
0
34439
33
34580
33
34755
33
38263
32
38818
0
39412
70
39623
105
39741
110
39882
111
40057
32
40267
97
40373
108
40479
32
40654
112
40760
114
40901
111
41145
115
41320
115
41390
105
41567
109
41708
111
41814
32
42197
101
42372
115
42512
112
42588
101
42794
114
42900
105
43075
109
43181
101
43322
110
43392
116
43534
111
44298
32
44577
99
44683
103
44686
104
44826
101
45417
8
45558
8
45699
8
45977
104
46187
101
46397
32
47022
100
47163
111
47407
118
47548
114
47583
101
48071
109
48246
111
49254
13
49429
115
49604
117
49848
98
50023
105
50199
114
50339
101
50549
32
50793
99
50899
111
51075
109
51215
101
51312
32
51625
99
51731
97
51872
118
52082
105
52188
101
52294
32
52504
105
52644
110
52714
32
52891
117
53043
110
53184
32
53359
108
53465
97
53606
98
53747
111
53966
114
54072
97
54247
116
54492
111
54701
114
54807
105
54842
111
55054
32
55402
115
55543
112
55649
101
55790
114
55999
105
56209
109
56350
101
56491
110
56597
116
56772
97
56913
108
57019
101
57219
32
58295
103
58436
101
58506
110
58752
101
59065
116
59206
105
59450
99
59591
111
60390
46
62056
32
62335
0
62581
80
62827
101
62905
114
63082
32
63361
102
63467
111
63746
116
64063
8
64207
114
64625
116
64800
117
65009
110
65116
101
65567
8
65708
97
65883
13
66439
110
66580
111
66720
110
66896
32
67695
99
67801
105
67910
32
68117
105
68361
109
68501
112
68642
105
68783
97
68958
110
69133
116
69274
105
69384
32
72053
110
72194
101
72300
108
72410
32
72547
99
72653
101
72828
114
73045
118
73151
101
73292
108
73433
108
73642
111
73718
32
73924
97
74064
110
74170
99
74288
104
74394
101
74535
32
76167
118
76273
97
76413
114
76658
105
76729
97
77008
122
77114
105
77183
111
77361
110
77605
105
77711
32
78059
115
78200
117
78304
108
78447
32
78726
116
78832
101
78972
109
79148
97
80294
32
80503
102
80579
97
80888
8
81133
8
81342
100
81412
97
81518
32
81868
115
82009
99
82197
114
82338
105
82548
118
82654
101
82758
114
82870
101
83308
46
84141
13
88411
0
89610
69
89857
32
89997
100
90173
105
90313
114
90396
101
90533
105
90643
32
90849
99
90955
104
91031
101
91133
32
91308
97
91414
110
91589
99
91696
104
91771
101
91873
32
92065
112
92168
101
92272
114
92349
32
92521
111
92696
103
92837
103
92943
105
93053
32
93362
104
93467
111
93572
32
93715
115
93856
99
94031
114
94172
105
94278
116
94419
116
94525
111
94594
32
94703
97
94912
98
95018
98
95125
97
95369
115
95510
116
95616
97
95756
110
95863
122
96003
97
96192
32
96713
99
96819
97
97065
122
97239
122
97348
97
97519
116
97626
101
97801
32
97976
100
98051
97
98154
32
98363
114
98470
105
98576
101
98716
109
98857
112
99003
105
99386
114
99455
101
99600
13
00017
99
00123
111
00229
109
00405
112
00440
108
00617
101
00861
116
01036
97
01212
109
01491
101
01666
110
01806
116
01889
101
01992
32
02167
108
02342
111
02446
32
02624
115
02764
112
03043
97
03149
122
03324
105
03359
111
03502
32
03816
97
03956
32
04166
109
04270
105
04413
97
04588
32
04936
100
05077
105
05167
115
05304
112
05408
111
05630
115
05770
105
05911
122
06052
105
06096
111
06273
110
06414
101
06555
32
06765
101
06905
32
07392
113
07532
117
07602
105
07745
110
07851
100
07962
105
08082
32
08361
112
08570
111
08780
115
08956
115
09096
111
09166
32
09905
102
10046
105
10152
110
10262
97
10364
108
10539
109
10714
101
10821
110
10961
116
11031
101
11936
13
12631
100
12706
101
12981
100
13156
105
13232
99
13338
97
13509
114
13754
109
13894
105
14004
32
14107
97
14399
100
14539
32
14749
97
14890
108
15203
116
15307
114
15384
111
17186
44
17261
32
17433
99
17579
105
17693
111
18008
101
18149
96
18359
32
18568
97
18744
32
23154
0
23189
8
24615
108
24824
32
25034
108
25140
97
25385
118
25594
111
25700
114
25841
111
25982
32
26261
113
26401
117
26957
111
27202
116
27377
105
27552
100
27658
105
27764
97
28147
110
28287
111
32314
59
32468
32
32678
99
32784
104
32890
101
32996
32
33172
110
33312
111
33453
110
33593
32
33734
101
33844
96
34015
32
35057
109
35209
105
35350
99
35419
97
36567
32
36777
100
37229
8
37369
115
37545
101
37614
109
37791
112
37901
108
38107
105
38185
99
38220
101
38466
13
38816
101
39016
32
39260
112
39370
111
39857
99
39928
111
40069
32
40833
102
40902
97
41080
116
41255
105
41409
99
41584
111
41863
115
42004
111
42145
32
42561
99
42668
111
42808
109
42949
101
43090
32
43299
112
43369
111
43581
116
43658
114
43803
101
44703
98
44809
98
44915
101
45021
32
45231
115
45372
101
45512
109
45722
98
45828
114
45969
97
46248
114
46331
101
48514
46
48827
32
49487
0
49764
83
50357
105
50426
32
50582
115
50689
117
50898
100
50968
97
51111
32
51320
117
51424
110
51529
32
51983
115
52053
97
52230
99
52336
99
52615
111
53101
44
53207
32
53590
115
53731
112
53871
101
54047
99
54187
105
54263
97
54399
108
54575
109
54675
101
54812
110
54858
116
54929
101
55391
13
55601
115
55741
111
55986
116
56161
116
56240
111
56350
32
56591
105
56731
108
56801
32
56978
99
57153
117
57329
108
57504
111
58650
44
58719
32
59000
97
59107
32
59282
115
59438
116
59544
97
59995
114
60030
101
60277
32
60659
115
60800
101
60975
100
61116
117
61291
116
61397
105
61522
32
62044
115
62184
117
62325
32
62673
115
62848
116
62954
101
63441
8
63616
8
63757
8
64035
59
64043
39
64976
8
65359
8
65776
39
65985
115
66126
116
66232
101
66373
32
66514
115
66689
101
66854
100
66995
105
67070
101
69219
32
69636
110
69777
111
69917
110
70027
32
70371
116
70406
114
70548
111
70758
112
70864
112
71005
111
71109
32
71321
99
71405
111
71546
109
71721
111
71966
100
72054
101
72433
46
72816
13
73163
0
73475
67
73687
105
73762
97
73899
111
74049
32
74224
101
74365
32
74969
32
75386
97
75665
32
75840
100
75981
111
76156
109
76296
97
76403
110
76543
105
77099
32
77586
8
77761
8
77902
8
78077
8
78218
8
78358
8
78533
8
79194
92
79199
8
79647
108
79797
108
79873
97
80010
32
80116
115
80256
112
80605
8
80745
8
80921
8
81065
8
81236
8
81377
8
81552
8
81796
108
81937
108
82226
97
82401
32
82610
112
82751
114
82857
111
82998
115
83173
115
83208
105
83351
109
83526
97
83632
32
84188
97
84363
118
84477
118
84583
101
84724
110
84968
116
85109
105
85630
8
85909
117
86153
114
86259
97
