01959
0
02271
69
02518
99
02659
99
02729
111
03228
99
03334
105
03479
32
03962
113
04138
117
04208
105
04703
46
04810
32
04951
0
05581
84
05862
105
05967
32
06214
114
06320
97
06426
99
06567
99
06778
111
06888
110
07164
116
07280
111
07384
32
07596
117
07666
110
07843
97
07984
32
08402
98
08508
97
08683
114
08894
122
09104
101
09245
108
09361
108
09467
101
09616
116
09826
116
10071
97
10247
32
10887
99
11028
104
11134
101
11206
32
11382
109
11523
105
11598
32
11839
104
11980
97
12086
32
12297
109
12646
97
12856
110
13031
100
13101
97
13417
116
13593
111
13699
32
14048
0
14291
82
14434
111
14609
98
14644
101
14751
114
15345
116
15451
111
15555
32
15664
0
15828
69
16005
115
16112
112
16216
111
16394
115
16464
105
16745
116
16851
111
17131
46
17723
13
19011
0
19498
85
20022
110
20198
32
20408
115
20564
105
20809
103
20992
110
21097
111
21240
114
21344
101
21453
32
21594
97
21734
112
21875
112
21951
101
22123
110
22229
97
22371
32
22581
109
22685
111
23001
114
23105
116
23282
111
24779
44
24848
32
25061
115
25131
105
25273
32
25414
112
25597
114
25667
101
25880
115
26001
101
26177
110
26318
116
26528
97
26842
32
27226
97
27401
108
27471
32
27614
99
27755
111
27861
115
28037
112
28247
101
28458
116
28598
116
28740
111
28950
32
29125
100
29336
105
29405
32
29514
0
29688
83
29934
46
30144
32
30355
0
30528
80
30712
105
30922
101
31132
114
31202
116
31656
8
31762
8
31872
116
31938
114
32054
111
33238
46
33378
46
33554
46
34946
13
35087
0
35264
34
35646
0
35820
77
36032
105
36138
32
36418
100
36559
105
36665
115
36806
112
36911
105
37059
97
37339
99
37484
101
38385
0
38630
0
38875
0
39362
34
39921
32
40131
46
40272
46
40448
46
40693
32
41355
103
41496
108
41634
105
41741
32
42092
100
42233
105
42339
99
42478
101
42691
32
42970
105
43180
108
43250
32
43497
115
43532
97
43813
110
43989
116
44129
112
44134
111
44241
32
45249
8
45425
8
45600
8
46366
111
46435
32
46613
112
46723
111
47034
114
47175
116
47558
105
47734
101
47944
114
48054
101
49234
32
49444
46
49585
46
49726
46
49915
32
50160
0
50611
34
51308
77
51589
97
52494
32
52995
116
53171
117
53246
32
53765
113
53941
117
54045
105
54269
32
54979
110
55154
111
55295
110
55405
32
55577
112
55995
117
56171
111
56312
105
57461
13
58575
101
59236
110
59516
116
59585
114
59696
97
59868
114
60044
101
61164
44
61268
32
61653
100
61763
101
61970
118
62222
105
62329
32
63095
97
63513
110
63702
100
63737
97
63949
114
64125
101
64231
32
64372
97
64548
108
64698
108
64849
39
65267
105
65443
110
65653
102
65863
101
66039
114
66249
110
66504
111
68000
44
68731
32
69080
118
69155
101
69327
100
69468
105
69575
97
69716
109
69821
111
70206
46
70381
46
70557
46
70850
32
71060
97
71271
108
71459
32
71704
109
71845
111
71996
109
72137
101
72278
110
72384
116
72535
111
72779
32
73163
101
73339
96
73549
32
73724
108
73969
105
74145
98
74255
101
74391
114
74603
111
74713
32
74988
105
75442
8
75998
117
76103
110
76384
13
76629
112
76699
111
76876
115
77017
116
77237
111
77829
32
78109
97
78284
108
78460
39
79783
8
80235
108
80409
39
80798
105
81008
110
81323
102
81392
101
81570
114
82231
110
82417
111
82500
32
82885
116
82955
101
83227
100
83296
101
83543
115
83719
99
84937
111
85286
32
85462
101
85720
100
85895
32
86175
117
86279
110
86492
111
86702
32
86912
105
87088
110
87209
32
87381
113
87591
117
87732
101
87883
108
88024
108
88199
111
88269
32
88734
105
88909
116
89050
97
89156
108
89341
105
89482
97
89693
110
89868
111
90818
46
90993
46
91169
46
91211
32
91624
100
91800
111
91872
99
92464
8
92743
118
92819
101
92956
32
93201
118
93376
117
93446
111
93587
105
93869
32
94356
97
94705
110
94881
100
94915
97
95267
114
95432
101
95573
32
96061
0
96442
63
96687
32
97071
34
98152
13
98362
0
98501
65
98921
118
99062
118
99237
105
99413
108
99598
105
99774
116
99915
111
00239
44
00349
32
00555
105
00625
108
00731
32
00909
112
01050
111
01329
118
01405
101
01506
114
02099
114
02169
101
02416
116
02557
116
02698
111
02808
32
04858
114
04999
105
05279
115
05419
112
05499
111
05953
110
06129
100
06274
101
06897
46
07072
46
07214
46
07875
32
08120
0
08432
34
08711
32
08956
68
09479
8
09620
68
09798
105
10008
112
10322
101
11053
110
11402
100
11472
101
12100
47
12103
46
12313
46
12732
8
12907
8
13117
8
13535
46
13780
46
14025
46
14374
32
15279
112
15465
105
15468
117
16235
8
16618
8
16967
117
17106
111
17249
96
17494
32
17773
100
17879
105
18055
101
18231
109
18684
8
18825
8
18931
114
19141
109
19316
105
19319
111
19772
8
21025
32
21201
99
21341
111
21552
109
21693
101
22737
32
22982
115
23088
111
23195
110
23299
111
23546
13
23825
111
23966
114
24142
103
24218
97
24424
110
24565
105
24775
122
24951
122
25061
97
25233
116
25408
105
25478
32
25725
105
25831
32
26042
100
26183
117
26428
101
26603
32
26883
105
27024
110
27199
102
27269
101
27481
114
27726
110
27831
105
28078
32
28184
0
28392
63
29473
0
29612
34
30137
32
30833
0
31678
34
32861
78
33133
101
33284
108
33424
108
34121
39
34435
105
34576
110
34959
102
35066
101
35205
114
35486
110
35627
110
35662
111
35874
32
36119
116
36226
101
36436
100
36542
101
36753
115
36998
99
37277
111
38948
44
39089
32
39299
97
39439
108
39544
32
39791
109
39901
97
40142
116
40248
116
40464
105
40640
110
40781
111
41026
32
42279
116
42427
105
42497
32
42709
102
42785
97
42991
110
43132
110
43274
111
43413
32
43555
102
43558
100
43591
97
44014
8
44189
8
45164
97
45443
114
45513
101
45725
13
46700
105
46839
108
47189
32
50391
98
50466
97
50811
103
50952
110
51093
111
51197
32
51445
110
51555
101
51692
108
51833
108
51974
97
52044
32
52325
109
52435
101
52746
114
52956
100
53062
97
53620
46
54221
46
54674
46
55579
32
55824
112
55893
111
56175
105
56802
32
57707
117
57813
110
57935
32
58176
100
58317
105
58423
97
58634
118
58844
111
59029
108
59205
111
59309
32
59591
99
59732
111
59873
109
60048
105
60328
110
61442
99
61652
105
61727
97
61899
32
62075
97
62285
32
62530
100
62600
97
62916
114
63020
116
63683
105
63752
32
64000
109
64106
97
64316
114
64420
116
64532
101
64867
108
65008
108
65118
97
65290
116
65465
101
66614
32
67206
115
67466
117
67711
108
67817
108
67958
97
68099
13
68483
116
68587
101
68799
115
69009
116
69185
97
69361
32
69571
102
69677
105
69787
110
69994
111
70308
32
71248
97
71458
108
71599
108
71775
39
72024
111
72130
114
72271
97
72447
32
72622
100
72832
105
73048
32
73745
112
74198
114
74373
97
74583
110
74724
122
74934
111
75318
46
75494
46
75644
46
75902
32
76599
97
76740
32
77019
109
77195
101
77474
122
77650
122
77826
111
78313
103
78454
105
78524
111
78736
114
78842
110
79053
111
79402
32
79820
115
79961
105
80044
32
80291
109
80432
97
80607
110
80967
103
81143
105
81284
97
81391
110
81566
111
81671
32
81952
118
82058
101
82198
114
82340
109
82551
105
83282
32
84570
101
84711
32
84991
100
85131
111
85272
112
85382
111
85658
13
86180
116
86321
105
86391
32
86707
102
86814
97
87024
110
87165
110
87412
111
88085
32
88399
115
88644
99
88785
97
89030
108
89171
97
89485
114
89626
101
90079
32
91193
117
91311
110
91415
32
91731
109
91881
111
92161
110
92417
116
92697
101
92851
32
93339
100
93514
105
93618
32
94073
99
94249
111
94529
99
94635
99
94776
105
94880
32
95127
100
95268
105
95372
32
95758
118
95858
101
95961
114
96588
8
96798
116
96875
114
97121
111
98374
32
98584
99
98691
111
98866
110
98936
32
99079
108
99220
101
99290
32
99780
103
99961
105
00136
110
00277
111
00869
99
01011
99
01080
104
01221
105
01330
97
01852
46
02028
46
02238
46
02644
32
02968
108
03074
97
03179
32
03391
115
03601
101
03742
114
03952
97
04163
32
04998
13
05278
105
05347
108
05454
32
05853
98
05994
111
06342
105
06662
115
07046
8
07152
97
07397
32
09067
116
09243
105
09313
32
09629
102
09770
114
10153
117
10329
115
10505
116
10646
97
11168
32
12073
112
12214
101
12353
114
12461
32
12706
117
12917
110
13027
32
13199
112
13409
97
13896
105
13966
111
14038
32
14319
100
14564
39
14888
111
15098
114
15202
101
15613
32
16379
101
16485
32
16695
112
16806
111
16977
105
17088
32
17363
116
17504
105
17611
32
17821
109
17927
97
18068
110
18188
100
18258
97
18436
110
18611
111
18752
32
19379
97
20388
32
20633
108
20784
101
20994
116
21135
116
21312
111
21456
32
21870
115
23273
117
23448
32
23658
117
23763
110
23906
32
24095
109
24201
97
24377
116
24487
101
24624
114
24800
97
25252
115
25393
115
25534
111
25639
13
26720
100
26895
105
27000
32
27455
99
27665
104
27746
105
27862
111
28282
100
28492
105
28980
46
29537
0
29745
34
30969
32
31631
0
32904
68
33151
105
33257
115
33475
116
33545
114
33791
117
34001
116
34142
116
34293
111
34397
32
34575
100
34644
97
34787
108
34963
108
35069
97
35245
32
35594
100
35769
101
35945
115
36067
99
36242
114
36384
105
36525
122
36665
105
36735
111
36913
110
37054
101
37542
32
38273
105
38383
108
38518
32
39042
115
39183
105
39436
103
39750
110
39866
111
40042
114
40111
101
40254
32
40431
99
40536
104
40606
105
40749
101
40925
100
41100
101
41971
0
42632
46
42773
46
42914
46
43124
32
43265
0
43439
34
43892
69
44395
32
45022
105
45440
110
45650
32
46416
113
46591
117
46698
101
46829
108
46935
108
47111
111
47323
13
47605
105
48405
116
48546
97
48826
108
49002
105
49108
97
49214
110
49390
111
49982
0
50577
63
51275
0
51452
34
52429
32
52882
0
53691
34
54109
78
54367
101
54508
108
54649
108
54894
39
55243
105
55395
110
55744
102
55920
101
56025
114
56306
110
56447
111
56557
32
56729
105
56979
116
57086
97
57192
108
57368
105
57512
97
57615
110
57791
111
58730
32
60296
97
60472
108
60541
32
60719
109
60795
97
61105
116
61246
116
61422
105
61597
110
61738
111
61914
32
62715
116
62856
105
62960
32
63659
102
63728
97
63975
110
64151
110
64292
111
64402
32
64608
102
64613
100
64678
97
65101
8
65728
8
65903
97
66252
114
66321
101
66465
32
66675
105
66851
108
66920
32
67202
98
67308
97
67622
103
67763
110
67904
111
68089
32
68869
110
69045
101
69220
108
69361
108
69468
97
69643
32
70212
109
70318
101
70423
114
70635
100
70705
97
70952
46
71102
46
71243
46
71453
13
72533
112
72673
111
72884
105
73025
32
73270
117
73413
110
73521
32
73693
100
73834
105
73909
97
74116
118
74638
111
74814
108
75024
111
75686
32
76417
99
76523
111
76664
109
76805
105
76946
110
77087
99
77265
105
77304
97
77441
32
77595
97
77771
32
78258
100
78328
97
78617
114
78828
116
79038
105
79142
32
79320
109
79395
97
79706
114
79951
116
80092
101
80431
108
80572
108
80712
97
80853
116
80994
101
81135
32
81345
115
81486
117
81662
108
81768
108
81875
97
82051
32
82303
116
82409
101
82620
115
83072
116
83248
97
84084
32
85128
102
85269
105
85412
110
85514
111
85761
32
87571
97
88232
108
88373
108
88549
59
88554
39
89353
8
89771
8
90293
39
91024
111
91235
114
91376
97
91863
13
92039
100
92180
105
92334
32
92510
112
92758
114
92834
97
93110
110
93320
122
93531
111
93775
46
93916
46
94057
46
94371
32
97016
97
97204
32
97636
109
97777
101
98126
122
98301
122
98477
111
98722
103
98897
105
98977
111
99154
110
99608
8
99817
114
99904
110
00005
111
00738
32
03209
108
03627
8
03802
115
03943
111
04617
8
04861
105
04972
32
05155
109
05296
97
05402
110
05682
103
05823
105
05929
97
06034
110
06186
111
06256
32
07093
118
07234
101
07373
114
07517
109
07692
105
11137
32
11312
101
11419
32
12046
100
12152
111
12328
112
12441
111
12548
32
13072
116
13221
105
13291
32
13538
102
13679
97
13819
110
13949
110
14090
111
14194
32
14318
115
14459
99
14565
97
14741
108
14847
97
15058
114
15127
101
15305
32
15654
117
15864
110
18300
32
18683
109
18824
111
19034
110
19325
116
19360
101
19538
32
19887
100
19992
105
20063
32
20206
99
20347
111
20696
99
20802
99
20943
105
21026
32
21481
99
21553
111
21729
110
21798
32
21941
108
22117
101
22258
32
22503
103
22679
105
22854
110
23064
111
23240
99
23381
99
23463
104
23534
105
23646
97
24130
46
24306
46
24516
46
26781
0
27223
0
27254
0
27285
0
27315
0
27346
0
27378
0
27409
0
27440
0
27471
0
27502
0
27532
0
27563
0
27596
0
27626
0
27657
0
27688
0
27719
0
27749
0
27782
0
27813
0
27843
0
27874
0
27905
0
28736
0
30197
13
31070
0
31513
0
31543
0
31574
0
31605
0
31636
0
31668
0
31699
0
31729
0
31760
0
31791
0
31822
0
31853
0
31885
0
31916
0
31947
0
31977
0
32008
0
32039
0
32072
0
32102
0
32133
0
32164
0
32194
0
32748
0
32925
0
35847
32
37031
108
37136
97
37243
32
37384
115
37560
101
37674
114
37884
97
38094
32
38831
105
38935
108
39007
32
39636
98
39812
111
40022
105
40163
97
40442
32
41883
116
41997
105
42066
32
42487
102
42631
114
42803
117
42944
115
43085
116
43226
97
43402
32
43612
112
43788
101
43892
114
43977
32
44218
117
44636
110
45298
32
45474
112
45649
97
45894
105
45963
111
46106
32
46317
100
46527
39
46876
111
47017
114
47086
101
47428
13
48889
101
49655
32
50421
112
50531
111
50738
105
50807
32
51124
116
51403
105
52378
32
52588
109
52695
97
52871
110
52988
100
53058
97
53271
110
53481
111
53587
32
53727
97
53868
32
54009
108
54151
101
54292
116
54433
116
54642
105
54647
111
56316
8
56457
8
56875
111
56944
32
57191
115
57332
117
57404
32
57614
117
57719
110
57831
32
57933
109
58074
97
58250
116
58326
101
58357
114
58500
114
59684
8
60101
97
60624
115
60834
115
61010
111
61079
32
61431
100
61537
105
61606
32
61784
99
61890
104
61995
105
62101
111
62348
100
62524
105
63116
46
63291
0
63503
34
68551
32
68864
0
70164
46
70305
46
70446
46
70621
0
70657
32
70936
34
71739
0
71947
77
72160
97
72301
32
72442
101
72583
96
72724
32
72934
108
73040
115
73946
8
74121
97
74713
13
74958
115
75133
116
75309
101
75485
115
75626
115
75732
97
75873
32
76118
99
76224
111
76469
115
76539
97
80786
46
80961
46
81102
32
81278
97
81419
32
81872
113
82116
117
82282
101
82448
115
82589
116
82809
111
82948
32
83160
112
83409
117
83619
110
83837
116
83978
111
84082
32
84572
117
85442
110
85722
111
86174
32
86627
98
86976
8
87117
118
87186
97
87372
108
87582
101
87758
32
87933
108
88109
39
88389
108
88634
97
89226
8
89367
8
89475
97
89616
108
89895
114
89965
116
90419
111
91429
8
91571
8
91712
8
91922
121
93419
8
93560
116
93629
114
94327
111
95789
32
96034
46
96175
46
96316
46
96526
32
96667
0
96771
34
97470
32
97714
0
97957
73
98135
109
98276
112
98486
105
98697
101
98976
116
99082
111
99274
115
99415
105
99659
116
99766
111
00080
115
00256
105
00570
44
01231
13
01788
0
02066
83
02451
46
02592
0
03079
32
03290
80
03537
105
03747
101
04061
116
04165
114
04342
111
08135
32
08483
102
09806
8
09982
103
10192
108
10367
105
10437
32
11101
100
11242
105
11389
99
11518
101
11799
0
12148
46
12705
8
12846
0
12985
58
13681
32
14238
0
14447
34
15110
0
15434
77
15646
105
15756
32
15928
115
16128
101
16235
105
16339
32
16482
115
16658
105
16799
109
16940
112
17085
97
17264
116
17436
105
17591
99
17731
111
18115
46
18256
46
18406
46
18686
32
19382
110
19523
111
19664
110
19774
32
19912
97
20053
32
20506
8
20647
8
20787
100
20928
105
21069
114
21245
111
21431
108
21745
8
21886
8
22063
108
22239
111
22308
32
22451
97
22558
32
23115
110
23221
101
23397
115
23573
115
23643
117
23751
110
23926
111
25040
46
25216
46
25357
46
25532
32
25846
109
25953
97
26059
32
26270
116
26376
105
26480
32
26693
99
26799
111
26950
110
27402
115
27543
105
27719
103
27860
108
28036
105
28140
111
29256
13
29432
113
29642
117
29783
101
29993
108
30099
108
30285
111
30354
32
30636
105
30881
116
30991
97
31093
108
31269
105
31412
97
31551
110
31692
111
32597
0
33013
34
33537
46
34477
32
35243
0
35624
34
35973
83
36288
8
36498
77
36710
97
36920
32
37061
115
37237
101
37378
32
37484
115
37625
111
37732
110
37836
111
37979
32
38272
117
38552
103
38693
117
38834
97
38975
108
39185
105
39361
32
39605
46
39746
46
39887
46
40167
0
40306
34
40657
32
41109
0
41352
34
41562
32
42189
8
42365
83
42543
105
43065
32
43901
8
44215
46
44425
46
44601
46
44742
32
44917
109
45058
97
45164
32
45594
110
45770
101
45911
108
46052
108
46193
39
46472
105
46579
110
46823
102
46934
101
47105
114
47316
110
47491
111
48918
32
49450
105
49456
111
49663
116
50081
8
50257
8
51058
116
51133
97
51340
108
51525
105
51631
97
51737
110
51878
111
52193
13
52961
117
53101
110
53171
32
53488
103
53628
105
53663
111
53807
114
53921
110
54096
111
54172
32
54378
109
54519
97
55076
110
55356
99
55426
97
55569
32
55814
108
55955
97
56199
32
56479
109
56689
101
56865
114
57048
100
57224
97
58247
32
58640
46
58815
46
58991
46
59166
32
59550
117
59656
110
60492
32
60702
97
60912
108
61226
116
61296
114
61551
111
62178
32
62666
108
62807
101
62913
32
63192
102
63344
114
63620
117
63761
115
63902
116
64008
101
64565
46
64741
46
64882
46
65127
32
65697
117
65873
110
65983
32
66224
97
66434
108
66748
116
66818
114
67099
111
67344
32
67692
105
67803
108
67903
32
68706
98
68881
111
69057
105
69198
97
69373
32
69618
102
69694
97
69831
32
70076
115
70356
99
70497
105
70855
111
71065
112
71241
101
71382
114
71592
111
71872
32
72151
46
72327
46
72468
46
72618
46
72757
0
72861
34
75438
13
75926
0
76238
67
76451
105
76485
97
76663
111
76804
32
77081
0
77359
68
77502
97
77920
110
78165
105
78271
101
78413
108
78553
101
78798
44
78910
32
79155
112
79435
115
79749
8
79890
8
79996
115
80102
112
80243
101
80348
114
80491
111
80611
32
80886
99
80993
104
81134
101
81194
32
81406
116
81512
105
81582
32
81760
115
81901
105
82042
97
82217
32
82428
112
82534
105
83161
99
83510
8
83579
97
83756
99
84001
105
84071
117
84283
116
84424
97
85270
46
85412
32
85486
0
85656
65
85764
32
86009
102
86015
100
86438
8
86579
8
86685
100
86791
111
86932
109
87008
97
87145
110
87251
105
89096
44
89165
32
89481
0
89620
77
89763
97
89939
114
90015
99
90256
111
