34335
0
34648
83
34930
117
35419
32
35678
117
35760
110
35872
32
36044
109
36185
111
36327
108
36503
111
36714
32
36890
105
37031
110
37118
32
37291
117
37397
110
37502
32
37750
112
37891
97
38275
115
38695
8
38871
101
39012
115
39117
105
39206
110
39307
111
39419
32
39607
115
39713
105
39895
99
40002
105
40247
108
40562
105
40704
97
40880
110
40987
111
42592
32
43081
117
43221
110
43224
32
44795
117
44971
111
45182
109
45288
111
45395
32
45571
115
45712
116
45788
97
45960
32
46137
112
46303
101
46583
115
46688
99
46866
97
47878
110
48124
100
48334
111
49556
32
49767
101
50117
44
50227
32
50469
112
50610
101
50739
114
50812
32
50989
112
51068
97
51171
115
51347
115
51489
97
51942
114
52012
101
52190
32
52644
105
52821
108
52931
32
53103
116
53138
101
53245
109
53458
112
53634
111
53880
44
54090
13
54928
115
55208
105
55278
32
55526
109
55601
101
55809
116
55985
116
56060
101
56267
32
56374
97
56550
32
57178
99
57320
104
57390
105
57533
97
57848
99
58651
99
58827
104
58932
105
59110
101
59425
114
59500
97
59638
114
59918
101
60512
32
61315
99
61421
111
61563
110
61673
32
61845
113
62021
117
62163
101
62304
108
62446
108
62666
111
62770
32
63018
99
63160
104
63405
101
63581
32
63827
112
63968
101
64214
115
64459
99
64566
97
64742
32
65126
118
65268
105
65588
99
65695
105
66155
110
66260
111
66472
32
66683
97
66838
32
67014
108
67225
117
67294
105
67751
46
68031
32
68832
0
69075
73
69288
108
69427
32
69571
100
69712
105
70027
115
70238
99
70553
111
70729
114
70940
115
71116
111
71674
44
71816
32
72027
97
73074
100
73207
32
73418
117
73559
110
74990
13
75340
99
75410
101
75623
114
75806
116
75948
111
76017
32
76200
112
76376
117
76587
110
76909
116
77051
111
77854
44
77958
32
78136
99
78171
97
78454
100
78699
101
78875
32
79017
115
79193
117
79298
108
79404
32
79582
112
79723
114
79799
111
80006
98
80117
108
80254
101
80431
109
80506
97
80713
32
81725
100
81820
101
81988
108
82130
108
82271
97
82447
32
82741
100
82882
105
82989
115
83165
111
83515
99
83656
99
83726
117
83833
112
83945
97
84117
122
84222
105
84294
111
84472
110
84614
101
85591
32
85732
101
86012
100
86258
32
86677
105
86712
108
86819
32
86928
115
87104
101
87315
99
87421
111
87771
110
87982
100
88123
111
88334
32
88892
112
89626
101
89896
115
90107
99
90214
97
90842
116
91018
111
91159
114
91229
101
91373
32
91584
100
92107
105
92249
99
92359
101
92601
0
92705
58
92990
13
95922
0
96270
34
97597
73
97844
111
97949
32
98231
110
98442
111
98826
110
99072
32
99422
116
99491
101
99704
110
99846
103
00022
111
00132
32
00305
112
00446
114
00553
111
00763
98
00874
108
00980
101
01153
109
01259
97
02202
46
02308
32
02450
0
02554
73
02767
108
02872
32
03015
108
03091
97
03263
118
03474
111
03615
114
03792
111
04246
32
04665
110
04806
111
04947
110
05100
32
05242
109
05383
105
05493
32
05735
109
05911
97
06122
110
06298
99
06408
97
06789
32
07000
109
07075
97
07282
105
07702
0
08749
46
08824
0
08960
34
09486
32
11091
8
11337
13
11860
0
12034
34
12210
32
12560
69
13540
8
13716
8
13892
0
14031
69
14244
32
14420
99
14562
111
14772
115
14948
97
15090
32
15823
102
15930
97
16141
99
16282
105
16493
116
16562
101
16738
32
17262
100
17369
105
17439
32
18069
98
18176
101
18352
108
18528
108
18887
111
19098
0
19909
63
20468
34
21064
32
21379
99
21486
104
21566
105
21699
101
21910
100
22086
101
22193
32
22417
105
22522
108
22628
32
22807
112
22913
114
23298
105
23474
109
23544
111
23722
32
23828
112
23970
101
24250
115
24426
99
24533
97
24883
116
25024
111
25165
114
25235
101
25796
46
28283
13
33621
0
33865
76
34076
97
34704
8
34880
8
34987
0
35126
34
35617
0
35930
76
36108
97
36423
118
36564
111
36671
114
36812
111
36919
32
37164
112
37240
101
37341
114
37419
32
37834
103
37906
108
38051
105
38158
32
38336
97
38443
109
38582
105
38691
99
38832
105
40228
46
40338
32
40445
0
40580
81
40724
117
40831
97
40937
110
41113
100
41220
111
41290
32
41481
99
41727
39
41834
101
42045
96
42255
32
44837
117
44942
110
44982
32
45157
112
45263
114
45373
111
45545
98
45656
108
45763
101
45890
109
45997
97
46173
32
46732
100
46801
97
46979
32
47190
114
47366
105
47542
115
47649
111
47755
108
48001
118
48036
101
48180
114
48284
101
49368
44
49438
32
49790
105
49860
111
50038
32
50397
108
50573
111
50678
32
50891
114
51032
105
51397
115
51504
111
51645
108
51787
118
51928
111
53115
32
53360
46
53501
46
53652
46
56095
13
57037
99
57144
111
57320
110
57844
32
58228
113
58404
117
58511
101
58687
115
58828
116
59083
111
59433
0
60025
46
60166
0
60274
34
60592
32
61150
101
61361
32
62178
116
62319
105
62640
114
62746
97
62888
32
63147
102
63323
117
63393
111
63605
114
63747
105
63888
32
64099
117
64240
110
64345
32
66545
102
66825
117
67071
99
67178
105
67354
108
67485
101
67627
32
68011
100
68152
105
68236
32
68379
112
68659
114
68695
101
69025
99
69166
105
69358
115
69480
105
69556
111
69728
110
69869
101
69989
32
70757
99
70864
111
71017
110
71121
32
71334
109
71510
105
71791
114
71897
105
72039
110
72144
111
72287
32
73090
116
73150
101
73293
108
73434
101
73854
115
74030
99
74171
111
74347
112
74523
105
74873
99
75014
111
76061
46
77039
13
77354
0
77632
34
78783
0
78957
77
79205
105
79346
110
79557
99
79643
104
79712
105
79825
97
80240
0
80414
33
82057
0
82300
34
83175
32
84013
101
84781
115
84887
99
85029
97
85170
108
85346
97
85835
8
86081
109
86116
97
86329
32
86713
105
86823
108
86924
32
87137
112
87313
114
87455
105
87565
109
87701
111
87778
32
87985
112
88092
101
88372
115
88494
99
88636
97
88985
111
89102
116
89591
8
89732
8
89943
116
90014
111
90329
114
90434
101
92704
44
92814
32
92952
0
93057
34
93177
32
93807
8
94019
99
94125
111
94335
110
94512
32
94792
113
95003
117
95109
101
95285
108
95402
108
95612
111
95893
32
97372
8
97548
8
97689
8
97866
8
98007
8
98183
8
98916
8
99162
105
99407
100
99527
100
99634
117
99779
32
00683
98
00859
101
01000
110
01145
32
01318
108
01494
111
01670
110
01881
116
01987
97
02163
110
02340
111
02516
32
03458
112
03568
111
03845
116
03921
101
04058
116
04165
101
04540
32
04855
118
04930
101
05137
100
05248
101
05420
114
05504
101
05814
0
05954
33
05959
126
07148
8
07463
0
07776
34
09662
13
09942
0
10221
65
10503
108
10613
32
11029
99
11170
104
11277
101
11347
32
11594
105
11664
108
11742
32
11895
107
12106
105
12282
108
12423
108
12530
101
12669
114
28022
32
28455
102
28561
97
28668
32
28879
112
29059
114
29135
111
29342
118
29417
97
29589
114
29766
101
29976
32
31442
105
31512
108
31619
32
32005
109
32181
105
32357
114
32499
105
32675
110
32816
111
32992
32
33481
116
33551
101
33694
108
33801
101
34185
115
34327
99
34642
111
34852
112
34959
105
35135
99
35290
111
35441
32
35652
97
35863
108
36039
32
40086
8
40529
8
40559
8
40589
8
40619
8
40649
8
40681
8
40711
8
40741
8
40771
8
40801
8
40830
8
40862
8
40892
8
40922
8
40952
8
40982
8
41012
8
41044
8
41073
8
41103
8
41133
8
41163
8
41193
8
41222
8
41254
8
41284
8
41314
8
42445
8
42656
8
42867
8
43113
8
43358
8
44021
8
44301
8
49499
8
49814
8
50585
0
51111
0
51665
0
52121
0
52565
0
52596
0
52780
0
53224
0
53254
0
53285
0
53316
0
53347
0
53380
0
53410
0
53442
0
53473
0
53503
0
53534
0
53565
0
53597
0
53628
0
53659
0
53691
0
53721
0
53752
0
53784
0
53814
0
53845
0
53876
0
53907
0
53938
0
53971
0
54001
0
55268
0
55655
0
57154
32
57992
102
58099
97
58169
32
58416
112
58557
114
58664
111
58875
118
58951
97
59123
114
59264
101
59406
32
62197
105
62344
108
62502
32
62988
109
63169
105
63380
114
63522
105
63663
110
63777
111
63890
32
64166
116
64201
101
64414
108
64525
101
64732
115
64871
99
65014
111
65200
112
65341
105
65552
99
65728
111
65798
32
66011
97
66187
108
66363
32
67933
112
68248
101
68563
115
68720
99
68830
97
69003
116
69352
111
69563
114
69633
101
70647
0
70891
58
71138
32
71558
113
71907
117
72014
101
72180
115
72322
116
72498
111
72567
32
72989
103
73095
117
73202
97
73343
114
73520
100
73626
97
75615
32
76802
13
77256
117
77360
110
77431
32
77714
112
77749
111
78066
39
78145
32
78665
105
78776
110
78842
32
79263
103
79341
105
79482
114
79589
111
81229
44
81299
32
81481
112
81622
111
81798
105
81918
32
82164
100
82271
105
82412
99
82522
101
82834
0
82973
58
83464
32
83709
0
83953
34
84270
32
84864
8
85005
0
85213
80
85531
117
85753
114
85884
101
85991
32
86271
99
86347
97
86483
115
86658
97
86871
32
87988
109
88205
105
88346
97
88487
32
88698
115
88805
105
88909
32
89157
118
89233
101
89440
100
89550
101
89790
0
89894
33
90979
32
91155
0
91433
69
91715
99
91891
99
92033
111
93289
32
93465
109
93570
105
93713
97
93820
32
94031
109
94241
117
94556
103
94632
108
94770
105
94981
101
95226
114
95333
97
95717
0
96170
58
96348
32
96594
46
96735
46
96876
46
97191
32
97820
101
98204
96
98380
32
99637
116
99778
117
99920
116
00026
116
00237
97
00378
32
00832
110
01322
117
01497
100
01602
97
02721
13
03386
105
03527
110
03597
32
03810
99
03886
97
04023
109
04129
101
04306
114
04455
97
04665
32
04876
100
04881
97
05054
32
05240
108
05347
101
05558
116
05699
116
05875
111
06225
0
06433
33
08390
32
08600
46
08707
46
08849
46
09069
32
09384
0
09662
67
09840
104
09981
101
10088
32
10403
103
10614
114
10694
97
10870
110
11011
32
11326
102
11396
101
11643
109
11796
109
12042
105
12253
110
13369
97
13615
0
14211
33
14528
32
14809
46
14985
46
15195
46
15754
0
15963
77
16257
105
16398
110
16643
99
16714
104
16820
105
16929
97
17139
0
17279
33
18816
0
19094
63
19375
33
19970
32
20355
0
20563
79
20846
114
20952
97
21094
32
21374
99
21550
105
21620
32
21862
115
21968
116
22075
97
22564
32
23088
112
23368
117
23648
114
23718
101
24453
13
24560
113
24805
117
24947
101
25088
108
25229
32
25440
102
25510
101
25792
116
25969
117
26283
115
26425
111
26566
32
27230
100
27334
101
27478
108
27688
32
28177
112
28263
111
28400
115
28611
116
28787
105
28997
98
29003
110
29141
105
29146
111
30054
8
30299
8
30512
8
30897
8
31177
110
31283
111
32819
32
33691
8
34110
44
34180
32
34463
46
34613
46
34755
46
34940
32
36127
116
36269
117
36410
116
36551
116
36658
111
36747
32
36896
110
37072
117
37318
100
37529
111
37948
32
38471
112
38682
117
38928
114
38963
101
39106
32
39352
105
39458
115
39600
115
39722
111
40350
0
40489
33
41083
34
43702
32
44017
101
44263
100
44404
32
44510
97
44687
32
45071
113
45282
117
45388
101
45530
115
45706
116
45847
111
46058
32
46512
112
47385
117
47491
110
47744
116
48025
111
48479
44
48583
32
48900
116
49039
114
49251
97
49845
13
50892
117
50996
110
51067
32
51246
112
51526
117
51771
116
51878
105
52193
102
52298
101
52476
114
52729
105
52764
111
53046
32
53919
100
54026
105
54131
32
54343
111
54693
8
54973
105
55084
109
55233
112
55447
114
55517
101
55765
99
55840
97
56082
115
56187
105
56259
111
56576
8
56717
8
56824
122
56965
105
57041
111
57213
110
57424
105
60145
32
60287
101
60393
32
60674
109
60749
97
60852
108
60994
101
61204
100
61415
105
61765
122
61871
105
61906
111
62119
110
62224
105
63413
44
63448
32
63730
105
63800
108
63872
32
64050
112
64157
101
64522
115
64802
99
64912
97
65397
116
65574
111
65715
114
65785
101
67078
32
67324
99
67673
104
67743
105
67852
101
68063
100
68173
101
68345
32
68465
97
68676
108
69001
13
69490
107
69666
105
69842
108
69983
108
70059
101
70194
114
70790
32
71767
113
71990
117
72096
97
72203
110
72414
116
72493
111
72563
32
73033
118
73108
117
73175
111
73353
108
73494
101
73635
32
74508
112
74584
101
74657
114
74770
32
75151
114
75263
105
75445
115
75551
111
75728
108
76008
118
76043
101
76186
114
76331
101
76643
32
77271
105
77341
108
77447
32
77626
115
77767
117
77837
111
77944
32
78261
112
78367
114
78509
111
78685
98
78795
108
78933
101
79109
109
79285
97
80132
46
81633
32
82750
8
83448
13
83761
0
84357
34
84985
85
85407
110
85666
32
85876
109
86087
105
86786
8
87100
108
87311
105
87427
111
87704
110
88367
8
88509
8
88687
8
89002
8
89421
105
89631
108
89842
105
89912
111
90125
110
90382
101
90523
32
92129
111
92548
98
93254
8
93499
103
93579
110
93649
105
93931
32
95920
118
96061
111
96212
108
96492
116
96568
97
96705
32
97194
99
97382
104
97488
101
97664
32
98677
116
98818
105
99029
114
99170
111
99240
32
99453
105
99594
108
99664
32
99912
103
00016
114
00160
105
00336
108
00477
108
00584
101
00831
116
00971
116
01077
111
01775
0
02228
34
02304
32
02652
114
02764
105
02884
100
02890
115
02994
112
03098
111
03381
110
03557
100
03626
101
05618
8
05761
8
05902
8
06046
8
06187
8
06363
8
06609
8
07028
115
07238
112
07415
111
07764
110
07940
100
08010
101
08154
32
08434
113
08575
117
08742
101
08883
115
09024
116
09862
111
10177
46
11468
13
12690
0
13393
34
14024
0
14232
86
14445
97
14587
32
14763
98
14838
101
14976
110
15117
101
15711
0
17454
58
20213
0
20525
34
23424
32
23704
99
23810
111
23952
110
24232
102
24315
101
24453
114
24594
109
24670
97
24877
32
25192
105
25303
108
25382
32
25564
112
25706
101
25953
115
26093
99
26234
97
26444
116
26655
111
26797
114
26832
101
30986
44
31754
44
32208
8
32418
32
32560
0
32768
34
33294
109
33370
97
33542
32
33718
100
33860
111
34105
118
34181
101
34458
116
34562
101
36937
32
37183
115
37428
112
37608
97
37819
114
38099
97
38449
114
38764
101
38975
32
39324
100
39466
117
39607
101
39773
32
40158
99
40334
111
40545
112
40895
8
41140
108
41281
112
41423
105
42467
0
42815
58
43132
32
43412
117
43482
110
43694
111
43805
32
43977
105
44118
110
44747
32
44958
98
45064
111
45354
99
45522
99
45627
97
46362
13
46677
97
46853
32
47272
113
47518
117
47659
101
47835
108
47977
108
48118
97
48225
32
48505
98
48654
111
48865
116
49076
97
50088
110
50438
8
50614
8
51138
116
51418
97
51559
110
51712
97
53248
32
53701
100
53808
105
53878
32
54091
109
54267
105
54308
97
54446
32
54622
109
54833
117
55113
103
55188
108
55326
105
55467
101
55644
114
55750
97
78428
46
78569
46
78745
46
79060
32
79549
99
79691
104
79797
101
79904
32
80115
112
80221
97
81303
114
81445
108
81586
97
81832
32
82042
115
82253
101
82360
109
82536
112
82685
114
82755
101
82906
32
83500
116
83570
114
83712
111
83923
112
84029
112
84240
111
85531
32
85673
101
85988
32
86407
117
86512
110
86690
111
86831
32
87146
103
87287
105
87403
117
87616
115
87758
116
87934
111
89399
13
90098
110
90204
101
90346
108
90381
107
90525
108
90597
97
92027
8
92169
8
92311
8
92555
108
92662
97
92873
32
93188
109
93364
105
93540
110
93903
99
93973
104
94080
105
94223
97
95026
32
95515
100
95584
101
95797
108
95880
32
96059
112
96235
111
96342
115
96518
116
96728
105
96939
110
97046
111
97674
0
98128
46
98235
0
98409
34
00853
32
01133
0
01342
65
01530
108
01637
108
01813
111
02058
114
02200
97
02235
32
02483
105
02593
108
02638
32
02851
107
03061
105
03272
108
03379
108
03520
101
03695
114
04255
32
05197
105
05339
109
05828
98
06038
114
06145
97
06425
99
06567
99
06708
105
06784
97
06887
32
07098
105
07274
108
07344
32
07556
102
07663
117
07887
99
07994
105
08170
108
08277
101
09184
44
09430
32
09710
115
09852
105
09962
32
10134
109
10241
101
10417
116
10531
116
10638
101
10745
32
10934
105
11145
110
11221
32
12264
13
12510
112
12620
111
12758
115
12864
105
13179
122
13320
105
13356
111
13534
110
13675
101
13851
32
15073
100
15214
105
15284
32
15532
116
15638
105
15745
114
15852
111
16759
44
16864
32
17077
112
17218
114
17253
101
17501
110
17608
100
17677
101
17798
32
18010
108
18117
97
18328
32
20666
8
20842
8
21331
8
21507
97
21752
99
21894
99
22000
117
22288
114
22395
97
22710
116
22888
97
23097
109
23238
101
23380
110
23521
116
23591
101
23734
32
23945
108
24021
97
24158
32
24300
109
24441
105
24617
114
24932
97
25596
32
25737
101
25913
32
26193
100
26335
105
26824
99
26934
101
27106
32
27456
97
27597
108
27667
32
27880
112
28022
101
28232
115
28374
99
28480
97
28691
116
28867
111
29009
114
29078
101
29361
0
29500
58
30933
13
31248
0
31491
34
31945
77
32471
105
32647
110
32962
99
33032
104
33139
105
33317
97
33736
0
33875
33
34715
0
34889
33
35100
33
35452
32
36115
102
36361
111
36572
114
36748
116
36889
117
37065
110
37184
97
37359
116
38197
111
38267
32
38584
97
38899
115
39041
115
39321
97
39671
105
40683
32
40928
115
41070
105
41211
101
41352
116
41459
101
42367
46
42508
46
42649
46
42930
32
43258
115
43407
116
43618
111
43723
32
44144
112
44251
101
44379
114
44457
32
44594
102
44705
97
44947
114
45131
118
45307
105
45448
32
46007
114
46148
105
46289
115
46396
112
46607
97
46783
114
47133
109
47274
105
47350
97
47522
114
47698
101
47909
32
48503
117
48572
110
48678
32
48856
109
49009
105
49812
108
50023
105
50093
111
50306
110
50517
101
51215
0
51703
33
52088
34
52588
46
