85537
0
86525
79
86735
75
87189
46
87469
32
87609
0
87852
69
88097
99
88251
99
88357
111
88427
32
88785
102
88895
105
89032
110
89139
97
89280
108
89490
109
89700
101
89841
110
89982
116
90017
101
90160
32
90370
99
90476
104
90583
101
90689
32
92393
104
92498
111
92569
32
92954
116
93024
114
93135
111
93411
118
93525
97
93639
116
93883
111
93987
32
94442
105
94618
108
94687
32
94934
116
94969
101
95075
109
95253
112
95328
111
95469
32
95711
112
95817
101
95921
114
96033
32
96309
115
96519
99
96637
114
96814
105
96920
118
97027
101
97202
114
97412
116
97588
105
97763
32
98251
105
98361
108
98461
32
98604
109
98779
105
98894
111
98990
32
99237
99
99343
111
99450
109
99591
112
99731
105
99976
116
00082
105
00158
110
00295
111
00609
13
00958
100
01027
101
01171
108
01311
108
01387
97
01524
32
01838
103
01944
105
01979
111
02122
114
02263
110
02369
97
02545
116
02686
97
02827
32
03279
100
03420
105
03489
32
04501
103
04711
105
04746
111
05000
118
05106
101
05317
100
05458
105
05633
96
05843
32
06609
52
06819
32
06960
97
07135
112
07415
114
07521
105
07696
108
07803
101
07944
32
08535
50
08745
48
08886
48
09027
50
09489
46
09872
32
10186
0
10959
80
11206
101
11416
110
11523
115
11698
111
11733
32
11911
99
12052
104
12158
101
12228
32
12405
115
12581
101
12722
32
13036
115
13177
99
13360
114
13535
105
13815
118
13956
111
14066
32
14411
97
14586
110
14692
99
14833
104
14909
101
15011
32
15256
113
15431
117
15466
97
15644
108
15751
99
15926
104
16032
101
16137
32
16349
110
16490
117
16665
109
16741
101
16843
114
17019
111
17541
13
18308
111
18553
108
18867
116
19043
114
19149
101
19290
32
19431
97
19572
108
19712
108
19853
101
19994
32
20170
115
20276
111
20452
108
20558
105
20768
116
20874
101
21015
32
21225
108
21332
101
21507
116
21648
116
21724
101
21826
114
21967
101
22039
32
22193
100
22303
101
22406
108
22547
108
22663
39
22697
59
22774
97
24023
8
24582
8
24965
97
25487
108
25697
102
25772
97
26082
98
26196
101
26476
116
26582
111
26723
32
26968
112
27002
101
27109
114
27221
32
27497
116
27532
101
27675
32
28127
118
28203
97
28388
100
28477
97
28614
32
29275
98
29351
101
29453
110
29571
101
29677
32
29887
108
30063
111
30132
32
30275
115
30397
116
30503
101
30694
115
30835
115
30942
111
31221
44
31812
13
32230
97
32509
110
32895
122
33068
105
33174
32
33488
115
33595
105
33670
97
33807
32
34121
100
34609
8
34749
97
34925
100
35482
100
35692
105
36110
114
36632
116
37154
92
37157
8
37367
105
37542
116
37683
116
37790
117
39258
114
39399
97
39505
32
39819
109
39895
101
40136
103
40242
108
40383
105
40453
111
40942
46
41187
32
41466
0
41743
79
41956
32
42212
110
42362
111
42538
32
42748
0
42887
63
43689
32
44559
0
45010
67
45257
111
45363
109
45539
117
45614
113
45717
110
45895
101
46971
44
47146
32
48712
8
48887
8
49028
8
49933
8
50247
8
50977
110
50981
109
51190
113
51331
117
51471
101
52341
44
52724
32
53004
101
53249
115
53389
115
53531
101
53706
110
53812
100
53953
111
54029
32
54374
103
54480
105
54515
111
54762
118
54872
101
55043
100
55198
105
55963
96
56139
32
56522
113
56663
117
56769
101
56910
115
57016
116
57092
97
57229
32
57370
115
57545
101
57686
114
57827
97
58454
13
58872
99
59082
59
59085
39
59260
101
59471
96
59784
32
60967
108
61073
97
61180
32
61321
112
61427
97
61637
114
61680
116
61960
105
62136
116
62242
97
62799
32
63113
100
63254
105
63360
32
63584
99
63653
97
63831
108
64006
99
64113
101
64323
116
64498
116
64578
111
64926
0
65099
58
65344
32
65554
115
65695
105
65771
97
65873
109
65978
111
66049
32
66227
105
66368
32
66578
115
66719
111
66860
108
67104
111
67525
0
68116
8
68395
105
68847
116
69231
111
69545
8
69789
105
69931
32
70661
99
70871
105
71047
110
72091
113
72243
117
72349
101
74163
44
74304
32
75142
8
75315
8
75559
32
75735
105
75911
110
76011
32
76564
99
76633
97
76775
109
76952
112
77128
111
77511
32
77790
101
77966
32
78418
103
78594
105
78663
111
78889
99
78995
104
79064
105
79177
97
79349
109
79524
111
79769
13
79979
99
80085
111
80226
110
80402
116
80479
114
80625
111
80691
32
80972
117
81076
110
81253
97
81394
32
81708
115
82334
113
82579
117
82720
97
83103
100
83173
114
83419
97
83560
32
83805
97
84085
98
84225
98
84301
97
84611
115
84787
116
84862
97
85172
110
85255
122
85365
97
85468
32
85782
116
85923
111
86064
115
86239
116
86380
97
86833
109
87147
32
87530
8
87706
8
88227
44
88337
32
88474
109
88823
97
89033
32
89520
111
89765
98
90220
8
90430
118
90571
118
90677
105
90752
97
90889
109
91031
101
91137
110
91278
116
91353
101
91525
32
91781
110
91922
111
92063
110
92173
32
92761
116
92877
111
93018
115
93297
97
93784
8
94098
116
94139
97
94311
32
95181
99
95287
111
95393
109
95534
101
95675
32
95864
110
96143
111
96324
105
96708
46
96952
13
97028
0
97232
83
97425
105
97497
97
97603
109
97684
111
97896
32
00115
8
00291
8
00431
8
00537
8
00817
8
01096
8
01237
0
01375
76
01518
97
01672
32
01883
102
01989
111
02095
114
02202
109
02308
97
02484
122
02554
105
02625
111
02803
110
02943
101
03084
32
03433
115
03643
99
03784
104
03925
105
04000
101
04207
114
04313
97
04419
116
04595
97
04701
32
05015
113
05191
117
05266
101
05403
115
05543
116
05546
97
05791
32
06071
115
06315
101
06420
114
06562
97
06738
32
06913
101
07089
96
07265
32
07926
108
08032
97
08104
32
08279
115
08455
101
08596
103
08702
117
08802
101
08905
110
09080
116
09083
101
09397
0
09501
58
09644
32
09819
0
09993
76
10413
8
10553
0
10658
77
10870
97
10976
114
11083
99
11293
111
11478
32
11619
0
11733
76
11945
111
12120
99
12155
97
12437
116
12612
101
12753
108
12860
108
13070
105
13139
32
13317
105
13423
110
13458
32
13809
112
14471
111
14646
114
14723
116
14934
97
15456
44
15597
32
16224
99
16330
104
16471
101
16646
13
16960
101
17171
96
17311
32
17556
108
17835
39
18184
117
18325
110
18429
105
18572
99
18642
97
18785
32
19133
99
19274
111
19465
115
19535
97
19677
32
19922
99
20063
104
20169
101
20276
32
20465
115
20534
97
20677
32
20922
102
20997
97
21100
114
21175
101
21416
32
22704
100
22773
101
23193
99
23228
101
23475
110
23651
101
23826
116
24001
101
24143
109
24560
110
24911
8
25052
101
25192
110
25367
116
25371
101
25895
46
26971
32
27806
0
28507
77
28684
97
28825
114
28895
99
29155
111
29261
32
29471
0
29611
66
29788
111
29998
116
30139
116
30245
97
31046
32
31568
108
31812
105
32023
98
32129
101
32304
114
32453
111
32663
32
34402
100
34543
105
34613
32
34998
103
35208
105
35243
111
35455
115
35596
116
35703
114
35737
97
35915
114
36195
101
36508
13
36719
97
36895
32
37972
116
38079
117
38220
116
38360
116
38442
111
38525
32
38841
99
38916
97
39053
109
39194
112
39404
111
40796
32
40937
99
41018
111
41124
109
41259
101
41362
32
41641
100
41776
101
41982
115
42123
105
42576
100
42680
101
42857
114
43449
97
43694
32
44008
101
44149
32
44407
99
44492
111
44633
109
44739
101
44880
32
45819
108
46481
8
46863
107
46867
108
47007
97
47113
32
47441
8
47584
8
47725
8
47901
8
48076
108
48182
97
48288
32
48568
115
48708
105
49231
121
49614
8
49764
116
49871
117
50012
97
50222
122
50361
105
50432
111
50575
110
50716
101
50895
32
51171
100
51346
105
51453
32
51836
103
51977
105
52046
111
52224
99
52400
111
52475
32
52716
100
53100
8
53277
114
53383
105
53558
99
53665
104
53700
105
53808
101
53984
100
54094
101
56143
44
56456
13
56701
109
56776
97
56927
32
57116
112
57430
114
57464
101
57711
118
57852
97
58028
108
58169
101
58448
110
58658
116
58693
101
58906
109
59046
101
59291
110
59467
116
59502
101
59693
32
59903
105
60044
110
60127
32
60408
100
60584
105
60794
102
60969
101
61249
115
61405
97
61823
46
62033
32
62833
0
63076
80
63323
104
63392
105
63604
108
63815
105
64025
112
64270
112
64411
101
68792
32
71782
100
71923
105
72064
102
72134
101
72554
115
73946
8
74190
110
74400
115
74541
111
74751
114
74786
101
76013
32
76362
108
76468
97
76644
116
76785
101
76926
114
77067
97
77242
108
77383
101
77975
44
78009
32
78222
111
78372
32
78582
97
78827
32
79037
100
79147
101
79319
115
79425
116
79530
114
79606
97
79951
13
80369
111
80479
32
80629
97
80771
32
81050
115
81191
105
81301
110
81403
105
81600
115
81714
116
81820
114
81961
97
82587
44
82697
32
82835
97
82976
32
83324
115
83500
101
83814
99
83955
111
84095
110
84236
100
84271
97
84414
32
84728
100
84835
105
84939
32
85151
99
85292
111
85398
109
85539
101
85680
32
86168
114
86274
105
86518
99
86659
104
86729
105
86807
101
87013
100
87189
101
87295
32
87540
108
87646
97
87752
32
88622
115
89214
105
89528
116
89738
117
89847
97
90019
122
90125
105
90207
111
90378
110
90485
101
90591
32
90801
105
91046
110
91156
32
91328
99
91403
97
91470
109
91612
112
91822
111
91963
32
92104
101
92349
13
94053
99
94437
8
94591
100
94626
97
94803
32
94944
99
95051
111
95157
109
95263
101
95369
32
95787
115
95895
105
95998
32
96258
109
96468
117
96609
111
96750
118
96856
111
97101
110
97242
111
97348
32
98009
103
98116
108
98264
105
98335
32
98547
97
98757
118
98898
118
99039
101
99180
115
99321
114
00608
8
00749
8
01306
114
01420
115
01561
97
01978
114
02085
105
02676
46
02921
32
03895
0
05275
82
05418
111
05628
98
05698
101
05806
114
06017
116
06123
111
06264
32
06339
0
06474
69
06652
115
06762
112
06907
111
07078
115
07148
105
07395
116
07501
111
10492
32
10841
106
10981
111
11192
108
11332
108
11681
121
12238
32
12379
97
12485
32
12868
116
13044
117
13219
116
13326
116
13466
111
13571
32
13817
99
13895
97
13994
109
14171
112
14312
111
15147
46
15322
13
15498
0
15844
79
16126
118
16336
117
16477
110
16652
113
16793
117
16900
101
17065
32
17310
99
17416
105
17486
32
17698
115
17839
105
17945
97
18677
8
18921
32
19582
8
19692
97
19864
32
20282
117
20391
110
20563
105
20567
111
20672
32
21786
8
21927
8
22276
8
22626
111
22732
32
22907
115
23012
112
23155
97
23331
122
23471
105
23516
111
23659
32
23973
112
24114
101
24218
114
24295
32
24536
99
24606
111
24853
114
24967
114
25036
101
25630
32
26535
108
26745
117
26886
105
27027
32
27808
115
27914
105
28018
32
28265
102
28406
105
28651
111
28826
110
29152
100
29221
97
30163
32
30407
108
30652
105
32078
44
32531
32
33053
115
33228
101
33359
110
33535
122
33610
97
33711
32
34200
98
34310
97
34516
100
34626
97
34763
114
34870
101
35045
32
35255
97
36438
13
36752
105
36895
110
37068
116
37173
114
37315
97
37455
108
37665
99
37841
105
37916
97
38157
114
38323
101
38464
32
38639
99
38746
111
38887
109
39062
112
39272
97
39413
103
39589
110
39659
105
39805
32
40046
111
40222
32
41022
118
41440
8
41546
97
41722
118
41870
118
41976
101
42152
114
42501
100
42605
97
43094
8
43235
8
43341
115
43376
97
43658
114
43663
116
43802
105
44186
8
44361
8
44952
105
45335
46
45534
32
46230
0
46645
73
46858
110
47102
102
47209
105
47523
110
47733
101
48012
44
48122
32
50622
0
51252
83
52750
101
52925
109
53066
112
53171
108
53417
105
53628
99
53697
101
55894
32
56100
112
56276
117
56417
110
56627
116
56802
97
56978
32
57154
100
57294
105
57383
32
57555
100
57661
105
57768
97
57885
109
58061
97
58202
110
58412
116
58447
101
59111
46
59321
13
59496
0
59669
73
59847
108
59951
32
60233
114
60304
97
60445
103
60586
97
60761
122
60902
122
61043
111
61153
32
61315
101
61456
96
61631
32
61807
109
61948
111
62089
108
62230
116
62336
111
62406
32
62791
103
62903
105
62948
111
63235
118
63345
97
63482
110
63588
101
63729
32
64089
109
64299
97
64523
32
64733
112
64978
114
65084
111
65234
109
65352
101
65597
116
65676
116
65852
101
66062
32
66688
118
66764
101
66936
114
67011
97
67252
109
67612
8
68099
101
68240
109
68589
8
68730
8
68940
109
69015
101
69221
110
69605
116
69709
101
69991
32
70485
98
70591
101
70698
110
70804
101
71222
46
71432
32
71847
0
72763
68
72941
111
73567
8
75202
111
75342
118
75449
117
75601
110
75915
113
76091
117
76197
101
76338
32
76617
103
76658
108
76830
105
77250
13
77564
112
77639
97
77811
115
77986
115
78162
105
78197
32
78513
108
78588
97
78725
32
78901
112
78976
97
79114
115
79497
8
79707
108
79882
108
79989
97
80615
44
80684
32
80842
108
81052
117
81156
105
81267
32
81370
108
81511
97
81617
32
81897
116
81973
114
82116
97
82326
115
82432
102
82711
111
82956
114
83097
109
83203
97
83379
32
83658
105
83799
110
83869
32
84463
97
84915
122
85021
105
85091
111
85269
110
85375
101
85516
32
86073
112
86148
101
86284
114
86565
105
86746
99
86887
111
87028
108
87169
97
87413
32
87624
101
87764
32
88461
109
88671
115
88812
112
88918
101
89128
115
89234
115
89318
111
89403
32
89581
105
89768
110
89878
32
90369
103
90545
111
90620
97
90757
108
91036
46
91387
13
92326
0
94064
68
94276
111
94555
118
94731
114
94800
101
95047
115
95188
116
95364
105
95452
32
95832
98
96181
8
96321
118
96391
101
96534
110
96604
105
96781
114
96851
101
96994
32
97169
97
97310
32
97693
118
97769
101
97941
100
98085
101
98188
114
98398
99
98539
105
98680
32
98925
117
99031
110
99172
97
99313
32
99558
118
99664
111
99839
108
00050
116
00164
97
00651
32
01137
112
01145
111
01216
101
01379
114
01558
8
01769
8
01944
8
02501
101
02640
114
02783
32
02993
97
03203
112
03348
112
03488
114
03523
101
03840
122
03981
122
04051
97
04365
114
04435
101
04647
32
05134
108
05241
97
05347
32
05904
113
06045
117
06151
97
06257
108
06433
105
06643
116
06718
97
06894
96
07031
32
07255
100
07324
101
07431
108
07539
32
07784
110
07925
111
08031
115
08207
116
08311
114
08523
111
09079
13
09532
103
09708
105
09777
111
10034
99
10175
111
10871
46
11081
32
11602
0
11914
66
12127
101
12233
110
12338
105
13142
115
13281
115
13393
105
13534
109
13638
111
13919
44
14095
32
14305
97
14457
110
14598
99
14704
104
14780
101
14883
32
15127
112
15234
101
15338
114
15375
32
15587
111
15728
103
15869
103
16010
105
16093
32
16340
105
16515
108
16691
32
16901
99
17007
111
17183
112
17532
8
17776
109
17952
112
18093
105
18441
116
18547
111
18617
32
18795
101
18960
32
19483
8
19558
96
19695
32
19975
102
19980
103
20083
97
20224
116
20365
116
20645
8
20786
8
20927
8
21067
8
21693
97
21834
116
21941
116
22186
111
22396
32
23092
8
23648
46
23824
32
23965
0
24069
79
24254
114
24361
97
24467
32
24781
98
25583
8
26383
118
26559
97
26734
100
26910
111
27020
32
27157
105
27333
110
27437
32
27649
114
27763
105
28008
116
28112
105
28497
114
28638
111
28851
13
29130
115
29582
8
29829
112
29970
115
30180
105
30403
99
30510
111
30625
108
30801
111
31184
103
31325
105
31466
99
31572
111
31682
32
31854
112
31930
101
32030
114
32102
32
32314
112
32497
114
32673
101
32987
112
33166
97
33411
114
33517
97
33831
114
33972
109
34494
105
34600
32
34845
108
34951
113
35404
8
35547
8
35657
97
35794
108
35935
32
36387
109
36463
101
36773
103
36914
103
37020
108
37369
8
37545
8
37824
108
37999
105
38109
111
38732
32
38838
97
38979
108
39085
32
39399
100
39506
105
39681
115
39787
112
39963
101
40139
110
40418
100
40559
105
40628
111
40735
32
40947
100
41053
105
41163
32
41349
101
41559
110
41668
101
41875
114
42051
103
42261
105
42338
101
42479
32
42689
112
43246
115
43387
99
43979
8
44189
105
44264
99
44401
111
45306
102
45412
105
45553
99
45694
105
46078
8
46219
8
46325
115
46431
105
46647
99
47447
104
47553
101
47867
46
48112
13
48218
0
48426
67
48637
105
48644
111
48649
97
50244
8
50385
8
50525
97
50666
111
50911
13
51086
0
51191
77
51403
97
51544
114
51620
99
52381
99
52636
111
54166
8
54342
8
54933
111
