23871
0
24092
67
24304
104
24479
101
24599
32
24774
112
24884
97
25025
108
25166
108
25272
101
25482
0
25655
33
25969
32
26562
0
27298
78
27510
111
27721
110
27809
32
27957
110
28133
101
28204
32
28380
112
28590
111
28731
115
28871
115
28978
111
29082
32
29328
112
29642
114
29748
111
29958
112
30099
114
30240
105
30344
111
30452
32
30628
112
30803
105
30978
117
31119
96
31329
32
32163
100
32517
105
32587
32
33284
113
33506
117
33646
101
33822
115
33928
116
34103
111
34207
32
34593
101
34837
115
34943
112
35084
101
35294
114
35366
105
35518
109
35624
101
35694
110
35906
116
35981
111
36256
46
36501
32
36641
0
36849
80
37096
101
37131
114
37203
114
37415
32
37763
102
37938
112
37941
111
38047
114
38326
116
38479
117
38631
110
38771
97
39120
13
39781
100
39784
115
39889
111
40099
110
40240
111
40484
32
41041
113
41147
117
41253
97
41394
115
41506
105
41610
32
41753
97
41997
114
42138
114
42244
105
42419
118
42545
97
42632
116
42876
111
42946
32
43065
97
43192
108
43324
108
43430
97
43536
32
43815
102
43956
105
44132
110
44207
101
44655
46
44875
32
45119
0
46284
80
46496
111
46741
105
47124
44
47228
32
47647
111
48099
103
48240
103
48381
105
48450
32
48939
104
49009
111
49115
32
49501
97
49744
118
49885
117
50061
116
50201
111
50271
32
50517
117
50621
110
50833
97
50974
32
51183
103
51290
105
51394
111
51571
114
51712
110
51818
97
51994
116
52135
97
52310
99
52451
99
52674
105
52749
97
53129
0
53268
58
53489
32
53759
101
54073
115
54177
97
54283
109
54529
105
55433
13
55781
100
55851
101
55994
108
56169
108
56345
101
56485
32
56799
57
57078
32
57357
100
57533
105
57602
32
57780
113
57955
117
58031
101
58168
115
58308
116
58380
97
58555
32
58800
109
58875
97
59081
116
59222
116
59397
105
59538
110
59679
97
59785
32
60099
100
60379
8
60554
102
60694
105
60770
110
60942
111
61117
32
61257
97
61433
108
61574
108
61680
101
61821
32
63732
49
63873
55
64117
32
64327
100
64502
105
64578
32
64749
111
64994
103
65169
103
65239
105
65416
32
65592
112
65836
111
66254
109
66394
101
66511
114
66607
105
66782
103
66888
103
67029
105
67108
111
67771
46
67982
32
68087
0
68261
78
68474
111
68613
110
68683
32
68861
110
68995
101
69167
32
69481
112
69587
111
69797
116
70492
101
70702
118
70782
111
70992
13
71238
112
71447
105
71623
117
71764
96
71976
32
72739
100
72845
105
72914
32
73126
115
73302
101
73442
103
73549
97
73724
114
73865
101
73971
32
74909
112
74989
101
75089
114
75301
115
75407
111
75548
110
75658
101
76003
0
76141
58
76388
32
76667
101
76842
32
76983
100
77159
105
77265
114
77375
101
77441
32
77653
99
77759
104
77865
101
77935
32
78112
115
78218
111
78325
110
78429
111
78572
32
78747
115
78957
116
79132
97
79246
116
79456
111
79566
32
79876
109
80051
111
80192
108
80410
116
80551
111
80621
32
81214
98
81389
117
81564
111
81705
110
81809
111
82474
0
82852
58
83134
32
83378
113
83588
117
83754
101
83894
115
84001
116
84107
97
84594
13
84907
109
85014
97
85189
116
85330
116
85505
105
87208
110
87383
97
87524
32
87734
105
87875
108
87944
32
88226
118
88401
111
88576
116
88682
111
88752
32
89241
112
89416
105
89592
117
89732
96
89838
32
90118
98
90227
97
90365
115
90541
115
90750
111
90873
32
91183
101
91359
96
91569
32
92090
115
92196
116
92272
97
92409
116
92619
111
92723
32
92935
117
93039
110
93145
32
94468
118
94574
101
94749
110
94898
116
95073
105
95353
99
95493
105
95634
110
95879
113
96123
117
96229
101
98106
32
98627
99
99393
8
99533
101
99639
32
99884
105
99988
108
00059
32
00241
112
00416
105
00626
117
00732
96
00942
32
01395
97
01536
108
01918
116
02059
111
02338
13
02652
117
02755
110
02867
32
03294
116
03400
114
03575
101
03923
110
04168
116
04282
97
04423
32
04633
101
04739
32
04914
108
05099
111
05274
100
05344
101
05798
46
06459
32
06634
0
06981
79
07202
103
07308
103
07449
105
07590
32
07731
112
07906
111
08081
109
08222
101
08363
114
08504
105
08679
103
08820
103
08961
105
08995
111
09136
32
09465
115
09572
111
09712
110
09817
111
09853
32
10031
115
10137
116
10278
97
10348
116
10525
111
10666
32
11327
109
11537
111
11677
108
11853
116
11959
111
11994
32
12206
112
12347
105
12488
117
12594
96
12942
32
13429
98
13504
97
13676
115
13851
115
14027
111
14618
46
15209
13
15384
0
15799
86
16021
111
16169
116
16311
111
16399
32
16640
109
16850
105
17031
110
17518
105
17705
109
17880
111
19166
32
19475
50
19720
52
19895
32
20105
101
20246
32
20837
118
20978
111
21153
116
21294
111
21435
32
21783
109
21893
97
22064
115
22240
115
22381
105
22556
109
22661
111
22803
32
23429
117
23544
110
23584
32
24278
50
24696
8
25773
118
25879
101
25985
110
26195
116
26336
111
26442
116
27172
116
27355
111
28329
46
28573
32
29095
0
31044
68
31326
101
31432
118
31676
111
31746
32
32027
100
32133
105
32343
114
32453
101
32556
32
32731
99
32872
104
33003
101
33109
32
33388
103
33495
108
33633
105
33739
32
33917
115
34543
116
34649
117
35171
100
35240
101
35383
110
35559
116
35907
105
36567
13
36777
100
36847
101
36990
108
37100
32
37237
112
37347
111
37553
109
37694
101
37834
114
38079
105
38262
103
38403
103
38507
105
38579
111
38685
32
38862
101
39072
114
39248
97
39458
110
39598
111
39809
32
40434
109
40886
8
41131
112
41314
114
41418
101
41629
112
41633
111
41773
97
42122
8
42332
8
42507
97
43001
114
43177
97
43456
116
43562
105
43703
32
44815
97
44991
98
45112
98
45218
97
45393
115
45569
116
45675
97
45816
110
46003
122
46072
97
46249
32
46562
98
46672
101
46775
110
46916
101
47403
44
47512
32
47753
109
47859
97
48000
32
48383
115
48558
111
48768
110
49082
111
49861
32
50452
115
50592
116
50698
97
50805
116
51057
105
51198
32
51615
112
51756
111
52035
99
52142
111
52630
13
53256
98
53431
114
53572
105
53747
108
53888
108
53994
97
54112
110
54287
116
54428
105
61306
32
61551
101
61692
32
62157
99
62277
111
62452
115
62593
105
62699
96
62909
32
63154
109
63295
105
63436
32
63646
115
63752
111
63902
110
64043
111
64218
32
64567
99
64636
97
64918
100
65093
117
65303
116
65478
105
65582
32
65829
100
66004
117
66318
8
66459
8
66600
115
66741
117
66916
32
67334
97
67612
114
67822
103
67963
111
68104
109
68210
101
68351
110
68492
116
68598
105
68708
32
68983
98
69089
97
69196
110
69302
97
69477
108
69653
105
70765
46
73232
32
73372
0
73649
67
73896
111
74072
109
74282
117
74457
113
74492
110
75676
8
75819
8
76063
110
76067
109
76207
113
76660
8
77042
8
78015
113
78294
117
78435
101
79269
44
80972
32
81217
112
81251
101
81358
114
81535
13
82092
117
82233
110
82373
32
82549
112
82655
97
82830
105
82909
111
83016
32
83297
100
83403
105
83474
32
83788
103
83895
105
83970
111
84107
114
84213
110
84354
105
84668
32
84982
104
85051
111
85157
32
85438
102
85508
105
85651
110
85721
105
85898
116
86004
111
86352
46
86493
32
86568
0
86703
80
86881
111
87056
105
87162
32
87441
114
87555
105
87765
112
87941
114
88010
101
88188
110
88363
100
88432
101
88610
114
88821
111
88961
96
89171
32
89669
109
89810
101
90158
114
90334
99
90440
111
90615
108
90756
101
91035
100
91245
105
91386
96
91631
32
91944
109
92085
97
92329
116
92401
116
92819
116
93063
105
93308
110
93483
97
94423
8
94563
8
94738
8
94879
8
95574
105
95680
110
95959
97
96204
44
96379
32
98568
99
98674
111
98815
110
99106
13
99212
97
99353
108
99597
116
99667
114
99843
105
99913
32
00243
113
00348
117
00489
115
00977
92
00981
8
01084
97
01329
116
01504
116
01680
114
01994
8
02134
8
02275
8
02451
8
02730
8
02905
97
03322
116
03462
116
03603
114
03882
111
03958
32
08262
101
08601
115
08747
0
08850
77
09590
0
10527
8
10636
97
11296
109
11506
105
11889
44
11958
32
12205
101
12346
32
12764
102
12870
105
12945
110
13045
105
13188
114
13337
111
13443
32
13757
108
13898
97
14073
32
14560
102
14666
97
14772
116
15017
105
15123
99
15264
97
15626
99
15766
99
15907
105
15984
97
16154
32
16572
98
16647
101
16923
8
17101
8
17379
118
17454
101
17626
110
17939
101
18075
114
18703
100
18844
105
18950
96
19091
32
19301
109
19441
97
19548
116
19688
116
19898
105
20045
110
20221
97
22479
44
22619
32
22829
99
22936
111
23042
109
23286
13
23427
97
23568
108
23779
116
23917
114
23989
105
24101
32
24896
110
25002
111
25247
118
25353
101
25459
32
26016
99
26085
97
26263
110
26438
100
26579
105
26720
100
26795
97
27001
116
27142
105
27872
46
28117
32
29208
0
29450
85
29628
110
29780
97
29921
32
30442
112
30618
97
30827
108
30968
108
31109
97
33750
8
33891
8
34032
8
34207
8
34382
8
34558
8
34733
8
35012
8
35464
8
39005
0
39213
81
39425
117
39566
101
39741
115
39847
116
39923
97
40061
32
40201
115
40376
101
40552
114
40761
97
40971
32
41285
109
41426
105
41536
32
42123
114
42306
105
42482
112
42586
111
42832
115
43042
101
43149
114
43299
105
43303
111
43997
8
44381
8
44624
111
44659
105
45079
8
45326
96
45674
32
46334
105
46479
110
46510
32
46687
97
46794
116
46934
116
47044
101
47251
115
47389
97
48434
32
49442
100
49546
101
51265
108
51800
32
52127
116
52233
117
53311
8
53590
111
53731
117
53975
114
54081
32
54422
100
54526
101
54634
32
54775
102
54891
111
54997
114
55276
0
55763
99
55938
101
56356
13
56601
99
56776
104
56882
101
56953
32
57094
109
57235
105
57305
32
57448
97
57658
115
57799
112
57939
101
58184
116
58324
116
58500
97
58641
32
58747
100
58888
111
58994
109
59135
97
59276
110
59310
105
59764
0
59938
58
60150
32
61992
117
62132
110
62202
32
62449
115
62628
97
64014
99
64168
99
64309
111
64419
32
64591
100
64666
105
64809
32
65401
114
65610
105
65720
117
65926
110
66032
105
66177
111
66349
110
66455
105
66665
32
66910
105
67016
110
67085
32
67332
117
67611
102
67717
102
67858
105
67964
99
68105
105
68140
111
68768
44
69255
32
69603
112
69638
111
69919
105
70095
32
70860
100
70935
101
71106
118
71282
111
71398
32
71504
97
71679
110
71924
100
71959
97
72240
114
72310
101
72625
13
72870
97
73080
32
73428
118
73535
101
73987
114
74196
115
74301
97
74727
114
74733
101
74832
119
75984
8
76195
8
76715
101
76925
32
77447
117
77551
110
77635
32
77915
105
77920
111
78232
98
78407
111
78592
108
78803
111
79081
32
79396
8
79536
8
79712
8
79853
8
79993
8
80134
8
80275
8
80866
111
81006
110
81111
111
81323
108
81498
111
81847
8
81987
8
82128
8
82269
8
82964
110
83313
8
83557
98
83632
111
83769
108
83945
111
84085
32
84330
112
84474
101
84610
114
84647
32
85240
105
85450
108
85798
32
86008
109
86149
97
86324
116
86430
114
86641
105
86816
109
86966
111
87211
110
87357
105
87533
111
87778
32
87987
100
88128
105
88163
32
88458
117
88564
110
88650
32
88822
109
88928
105
89032
111
89210
32
89455
97
89595
109
89805
99
90327
8
90571
105
90677
99
90818
111
91583
44
91693
32
91830
101
91971
32
92181
105
92322
110
92497
102
92672
105
92848
110
92988
101
93337
32
93478
100
93618
111
93794
109
94177
97
94907
110
95082
105
95327
13
95537
115
95747
101
95853
114
96028
97
96183
32
96565
99
96677
105
96782
32
96890
115
96994
97
97241
114
97347
97
97834
96
98043
32
98253
108
98463
97
98604
32
98952
115
99093
111
99234
108
99409
105
99619
116
99725
97
99832
32
00007
112
00113
97
00323
114
00393
116
00673
105
00917
116
01024
97
01199
32
01340
97
01481
32
01656
99
02004
97
02249
108
02390
99
02530
101
02741
116
02881
116
03030
111
04038
44
04107
32
05083
115
05258
101
05399
110
05551
122
05655
97
05797
32
06042
112
06217
114
06292
111
06464
98
06574
97
06711
98
06852
105
07027
108
07168
109
07309
101
07381
110
07521
116
07591
101
07747
32
07957
105
07962
111
08482
8
08726
13
09109
109
09249
105
09528
103
09604
108
09710
105
09857
111
10097
114
10238
105
11906
32
12186
117
12255
111
12467
109
12608
105
12783
110
12888
105
13030
32
13275
100
13414
101
13591
108
13661
32
13907
115
14048
111
14432
8
14576
101
14747
99
14853
111
15133
111
16036
44
16246
32
16562
8
16702
8
17119
8
17605
108
17781
111
17965
44
18075
32
18316
112
18422
101
18492
114
18635
32
19052
112
19158
101
19297
114
19544
100
19678
101
19816
114
20119
101
20329
109
20574
111
20784
32
21341
109
21516
105
21691
115
21936
101
22111
114
22321
97
22531
109
22671
101
22778
110
22918
116
22988
101
23304
46
23548
32
23654
0
23828
67
24040
105
24116
97
24252
111
24775
8
24950
8
25091
8
25231
8
25341
0
25441
65
25930
100
26071
100
26177
105
26247
111
26806
44
26916
32
27087
109
27193
97
27715
8
27856
8
27931
0
28102
77
28244
97
28523
114
28633
120
28708
111
29441
8
29582
8
30242
99
30486
111
