20156
0
20398
77
20610
111
20785
108
21619
8
21725
103
21865
108
22075
105
22596
101
22736
32
22877
101
22983
32
23158
109
23234
97
23482
114
23588
105
23736
116
23877
111
24502
32
24746
115
24850
111
24993
110
25062
111
25274
32
25381
97
25659
115
25815
115
26059
105
26171
101
26318
109
26487
101
26696
32
27079
100
27114
97
27257
108
27397
108
27547
111
27651
32
27967
112
28073
115
28283
105
28879
99
28949
111
29126
108
29301
111
29545
103
29686
111
31215
32
31388
112
31464
101
31564
114
31672
32
31847
99
31922
101
32094
114
32269
99
32338
97
32654
114
32723
101
33351
32
33456
100
33597
105
33911
32
35369
114
35578
105
35719
115
35823
111
35966
108
36214
118
36285
101
36386
114
36492
101
37630
13
38255
117
38395
110
38536
97
39022
32
39925
100
39994
101
40172
108
40353
105
40493
99
40528
97
40669
116
40812
97
40952
32
41335
113
41510
117
41616
101
41756
115
41861
116
42107
105
42176
111
42323
110
42529
101
42981
46
43744
32
43919
0
44058
76
44339
97
44479
32
44724
109
44968
111
45420
103
45489
108
45632
105
45911
101
46126
44
46301
32
46524
105
46630
110
46874
102
46981
97
47087
116
47193
116
47437
105
47716
44
48069
32
49319
115
49529
112
49877
105
50294
101
50434
103
50541
97
50681
32
50856
97
51031
108
51135
32
51313
100
51397
111
51607
116
51713
116
51931
111
52071
114
52141
101
52387
32
52908
108
53049
97
53189
32
53745
110
53851
97
53991
116
54061
117
54238
114
54413
97
54830
32
55053
100
55123
101
55229
108
55372
32
55585
112
55761
114
55970
111
56840
8
56946
8
57087
8
57227
8
57539
13
58095
112
58270
114
58345
111
58551
98
58655
108
58767
101
58904
109
59010
97
59392
0
59738
58
60504
32
60644
0
60787
34
61031
32
61657
8
61935
86
62182
101
62357
100
62426
101
62604
32
62882
100
63023
111
63267
116
63373
116
63514
111
63689
114
63724
101
63971
44
64146
32
65638
105
65673
111
65779
32
66026
101
66132
32
66307
109
66551
105
66655
111
66802
32
67159
109
67194
44
67371
97
67858
114
67998
105
68139
116
68280
111
68870
32
69080
100
69184
97
69326
32
69674
113
69781
117
69887
97
70062
108
70237
99
70378
104
70508
101
71099
32
71655
116
71689
101
71796
109
71938
112
72042
111
72148
32
72326
97
72605
98
72710
98
72851
105
72992
97
73144
109
73319
111
74951
13
75091
100
75161
101
75303
108
75409
108
75516
101
75622
32
75831
100
75972
105
76182
118
76288
101
76427
114
76707
103
76783
101
76919
110
77302
122
77581
101
78484
32
78970
105
79074
110
79114
32
79392
102
79440
97
79577
116
79691
116
79935
111
80079
32
80251
100
80357
105
80426
32
80742
115
80907
101
81107
115
81248
115
81354
111
81702
59
82778
32
83091
105
83266
108
83370
32
83859
112
84034
114
84105
111
84315
98
84425
108
84631
101
84806
109
85016
97
85225
32
85448
105
85524
110
85589
32
85748
115
86165
105
86374
110
86595
116
86665
101
86911
115
87052
105
87331
32
88164
101
88233
96
88514
32
88828
113
89003
117
89143
101
89319
115
89494
116
89634
111
89809
0
90021
58
90233
32
91669
13
91983
97
92123
112
92264
112
92339
101
92511
110
92582
97
92723
32
92933
109
93142
105
93248
32
93389
115
93702
118
93808
101
94122
103
94228
108
94369
105
94513
111
96939
44
97014
32
97185
108
97292
97
97361
32
97538
109
97679
97
97889
116
97995
116
98170
105
98311
110
98451
97
98626
44
98767
32
99947
103
00088
108
00163
105
00304
32
00654
115
00758
97
00935
108
01699
116
01805
111
01874
32
02571
97
03127
100
03233
100
03373
111
03721
115
03862
115
04003
111
04593
44
05288
32
05739
59
05742
108
05951
111
06055
32
06281
98
06356
97
06596
99
06702
105
06772
111
07573
44
07683
32
08408
102
08791
8
08966
103
09106
108
09287
105
09531
32
10135
102
10241
97
10382
99
10488
99
10697
105
10801
111
11186
13
11985
113
12125
117
12201
97
12372
108
12478
99
12619
104
12702
101
12773
32
12949
99
13028
111
13170
99
13311
99
13382
111
13523
108
13663
97
14115
44
15955
8
16164
32
16387
101
16528
32
16807
112
16917
111
17088
105
17229
32
18027
102
18133
97
18309
99
18415
99
18590
105
18696
97
18906
109
19046
111
19222
32
19604
108
19848
39
20127
97
20302
109
20408
111
20653
114
20712
101
21791
47
21896
0
22035
34
22593
8
22803
8
22874
0
23395
46
23501
0
23674
34
24926
32
25239
0
25516
34
25864
32
26698
8
27045
84
27257
117
27432
116
27538
116
27748
111
27858
32
27995
113
28170
117
28239
105
28451
32
28696
115
28836
105
29081
103
29567
110
29671
111
29952
114
30058
97
30233
32
30371
0
30683
63
32038
0
32215
34
33672
32
34227
114
34368
105
34474
115
34580
112
34690
111
34861
110
35002
100
35112
101
35283
13
36741
105
36811
108
37230
32
37440
109
37546
101
37721
100
37931
105
38084
99
38204
111
38517
32
38623
0
38796
34
39041
32
39773
8
39882
0
40086
78
40263
111
40438
110
40544
32
40823
116
41033
114
41173
111
41418
118
41593
111
41699
32
42012
98
42395
8
42604
110
42814
117
42955
108
43130
108
44172
97
44416
32
45249
100
45424
105
45494
32
45636
115
45742
116
45812
114
45888
97
46313
110
46465
111
46640
32
46815
105
46996
110
47101
32
47326
113
47812
117
47918
101
48093
115
48163
116
48347
111
48417
32
48663
99
48769
111
48875
109
49016
112
49161
111
49332
114
49542
116
49682
97
49788
109
50691
101
50832
110
51007
116
51076
101
51659
8
52147
111
52288
0
52809
46
52949
46
53090
46
53197
0
53298
58
53890
32
54031
0
54517
58
55353
8
55666
13
55875
0
56186
34
57438
0
57646
83
58517
8
58691
8
58867
8
59215
8
59738
8
60016
0
60223
34
60851
13
61026
0
61583
34
61930
83
62400
105
62782
44
62892
32
63076
109
63217
97
63475
32
63823
118
63963
101
64138
100
64244
101
65008
32
66016
8
66746
0
66954
34
67198
32
39794
114
39935
105
40110
112
40285
114
40355
101
40567
110
40642
100
40707
101
40850
32
41061
108
41204
97
41307
32
41793
115
41933
105
42143
103
42284
110
42424
111
42634
114
42844
97
43921
32
44095
0
44303
34
45833
105
45877
108
45954
32
46279
102
46314
97
46491
116
46605
116
46815
111
46932
32
47109
101
47219
96
47460
32
50271
99
51035
104
51141
101
51282
32
51491
97
51667
112
51807
112
51913
101
52088
110
52229
97
52508
32
54556
108
55944
117
56014
105
56120
32
56504
116
56653
111
56803
114
56943
110
57049
97
57259
32
57400
97
57575
32
57751
99
57826
97
57995
115
58072
97
59041
13
59947
112
60057
101
60162
114
60233
32
60479
105
60549
108
60624
32
60801
112
60911
114
61048
97
61223
110
61398
122
61574
111
62858
44
62941
32
63118
108
63259
97
63329
32
63575
112
63715
114
63821
105
63931
109
64102
97
64208
32
64418
99
64766
111
65025
115
65129
97
65341
32
66105
99
66246
104
66387
101
66527
32
66944
102
67019
97
67156
99
67262
99
67473
105
67551
111
68248
32
68423
101
68527
96
68739
32
70440
115
71011
97
71497
108
71741
116
71985
97
72161
114
72370
103
72615
108
72824
105
73137
32
73278
97
73764
100
73905
100
74046
111
74186
115
74327
115
74502
111
75891
44
75960
32
76215
98
76324
97
76530
99
76843
105
76949
97
77194
114
77309
108
77484
111
78457
13
79498
102
79573
97
79718
114
80204
103
80448
108
80693
105
80868
32
81437
113
81612
117
81687
97
81824
108
81965
99
82106
104
82177
101
82283
32
82666
99
82806
111
82947
99
83087
99
83157
111
83300
108
83475
97
84829
32
85419
105
85836
8
86288
101
86394
32
86603
112
86673
111
86850
105
86991
32
87304
102
87414
97
87585
114
87655
101
87832
32
88042
108
88217
39
88358
97
88567
109
88708
111
88918
114
88987
101
90898
46
91073
46
91215
46
91352
0
91491
34
92674
32
92783
0
92918
34
93301
32
93718
8
93998
66
94245
101
94316
110
94491
101
94622
32
94797
115
94973
105
95182
103
95427
110
95533
111
95777
114
95987
97
97826
0
98103
34
98278
32
98697
114
98766
101
98907
112
99013
108
99225
105
99301
99
99366
97
99509
32
99719
105
99823
108
99894
32
00427
13
00809
100
00915
111
01064
116
01204
116
01289
111
01461
114
01530
101
02886
32
02992
0
03165
34
05805
109
06015
105
06124
32
06365
102
06473
97
06577
32
06787
112
06891
105
07003
97
07243
99
07409
101
07515
114
07690
101
07878
32
08851
115
09095
99
09305
111
09514
112
09862
114
10037
105
10247
114
10316
101
10571
32
11591
99
11697
104
11837
101
11943
32
12119
108
12194
97
12331
32
12541
118
12681
111
12822
115
12997
116
13066
114
13208
97
13453
32
14286
99
14461
111
14646
112
14752
112
14892
105
15033
97
15450
32
16353
102
16494
117
16598
110
16809
122
16950
105
17019
111
17197
110
17337
97
20634
32
20844
99
21019
111
21125
115
21231
105
21406
96
21582
32
21964
98
22070
101
22214
110
22286
101
22492
0
22596
33
23084
0
23257
34
23642
13
26314
0
26491
34
27014
0
27187
83
27399
105
27995
32
28205
109
28311
97
28728
32
28911
118
29017
101
29157
100
29281
101
30631
32
31130
100
31271
111
31481
116
31587
116
31727
111
31841
114
31945
101
32268
0
32441
34
32722
32
32932
100
33017
105
33192
99
33333
101
33508
32
33717
97
33892
109
34496
99
34844
111
35296
114
35402
97
35542
32
35752
108
35827
97
35964
32
36243
100
36384
111
36593
110
36699
110
36805
97
37222
32
37328
0
37502
34
38615
108
38721
97
38930
32
39140
115
39281
116
39387
101
39562
115
39703
115
39824
97
39999
32
40361
99
40511
111
40686
115
40721
97
40863
32
41281
115
41525
117
41704
100
42013
8
42156
99
42296
99
42437
101
42578
100
42718
101
43204
32
43380
97
44109
110
44263
99
44438
103
44786
8
45078
104
46640
101
47092
13
47509
113
47730
117
49188
97
49432
110
49572
100
49688
111
49771
32
50017
114
50123
105
50368
116
50508
111
50753
114
50893
110
51103
97
51313
32
52146
112
52222
101
52356
114
52499
32
53818
99
53912
101
54089
110
54196
97
54336
32
54615
101
54721
32
54930
112
55034
111
55281
105
55767
32
56184
112
56290
114
56396
105
56501
109
56643
97
56749
32
56924
100
57030
105
57141
32
57215
97
57383
110
57558
100
57628
97
57874
114
57944
101
58086
32
58262
97
58473
108
58612
32
59342
8
59517
8
59970
32
60145
108
60286
101
60530
116
60713
116
60922
111
62276
32
62534
101
62734
32
62909
97
63049
32
63432
118
63573
111
63748
108
63854
116
63994
101
64654
32
64795
97
65039
110
65180
99
65334
104
65475
101
66065
13
70022
105
70127
110
70214
32
70387
112
70597
105
70772
101
70913
110
71019
97
71137
32
71314
110
71454
111
71674
116
71814
116
71955
101
75981
44
76096
32
76267
109
76443
105
76583
32
76758
115
76865
118
77005
101
77284
103
77400
108
77575
105
77750
111
79243
32
80007
103
80082
108
80253
105
80323
32
80444
115
80620
97
80829
108
81073
116
81215
111
81318
32
81668
97
82481
100
82621
100
82796
111
82902
99
83319
8
83494
115
83669
115
83739
111
84193
32
84474
8
84716
44
84785
32
84928
108
85137
111
85244
32
85522
98
85592
97
85976
99
86082
105
86152
111
87335
44
87441
32
88031
103
88137
108
88241
105
88382
32
89461
102
89566
97
90087
99
90228
99
90298
105
90369
111
90475
32
90756
113
90896
117
90972
97
91178
108
91284
99
91390
104
91496
101
91741
13
92053
99
92229
111
92508
99
92648
99
92754
111
92895
108
93001
97
93904
32
94286
105
94634
8
94878
101
95053
32
95229
112
95367
111
95544
105
95614
32
96137
102
96215
97
96384
99
96524
99
96700
105
96806
97
96912
109
97052
111
97162
32
98478
108
98617
39
98932
97
99141
109
99247
111
99423
114
99492
101
99911
46
00086
46
00192
46
00342
0
00447
34
01870
32
02045
0
02218
34
02704
77
02916
97
03070
32
03245
99
03559
111
03699
109
03874
112
03944
108
04121
105
04296
109
04402
101
04509
110
04684
116
04790
105
06560
32
06783
100
06853
97
07030
118
07151
118
07227
101
07371
114
07615
111
07859
0
08102
33
09214
0
09385
33
09632
32
10083
0
10256
78
10433
111
10574
110
10680
32
10855
101
11031
96
11206
32
11450
109
11694
105
11870
99
11939
97
12116
32
13019
13
13473
102
13579
97
13685
99
13860
105
14035
108
14145
101
17265
32
17544
116
17613
114
17893
111
18172
118
18207
97
18384
114
18453
101
19081
32
19290
97
19777
116
19917
116
20058
105
20268
118
20337
105
20522
116
20628
97
20803
96
20944
32
21119
115
21329
101
21519
115
21660
115
21766
117
21872
97
22047
108
22257
105
22743
32
22918
99
23059
111
23200
115
23548
105
23723
96
23932
32
24215
105
24352
110
24596
116
24666
101
25050
110
25237
115
25481
101
26523
32
26836
105
26942
110
27046
32
27189
99
27329
111
27539
112
27680
112
27715
105
27961
101
28171
32
28970
110
29110
111
29366
110
29864
32
30259
112
30434
105
30575
117
30681
96
30891
32
31273
103
31414
105
31449
111
31695
118
31809
97
31950
110
32090
105
32196
115
32337
115
32478
105
32618
109
32897
101
33418
46
33559
46
33700
46
33805
0
33944
34
35508
13
35752
0
35960
65
36241
32
36451
113
36603
117
36812
101
36987
115
37128
116
37311
111
37415
32
37627
112
37941
117
38115
110
38429
116
38535
111
38570
105
39371
8
40829
32
41633
105
41702
108
41808
32
42055
109
42162
97
42371
114
42546
105
42897
116
43034
111
43179
32
43467
115
43746
118
43887
111
44339
8
44479
8
44619
98
44726
111
44901
116
45041
116
45285
97
45841
0
45979
58
46954
32
47060
0
47198
34
48554
0
49682
83
49997
105
50107
32
50347
109
50382
97
50594
32
50838
118
51013
101
51223
100
51293
101
51472
32
51624
100
51765
111
51940
116
52081
116
52187
111
52327
114
52397
101
53510
44
53579
32
53791
105
53932
108
53967
32
54215
103
54354
117
54460
97
54773
105
54842
111
55227
32
55402
101
55512
96
55718
32
55962
99
56345
104
56485
101
56626
13
56836
97
56976
112
57117
112
57192
101
57364
110
57574
97
58164
32
59657
105
59726
111
59798
32
60044
101
60219
115
60360
99
60501
111
60604
32
60782
100
60888
105
60957
32
61135
99
61204
97
61451
115
61554
97
63743
32
63987
112
64063
101
64163
114
64241
32
64412
97
64552
110
64693
100
64768
97
64974
114
65044
101
65164
32
65444
97
65654
108
65795
32
66004
108
66110
97
66389
118
66495
111
66670
114
66777
111
68373
44
68477
32
68664
108
68799
101
69039
105
69115
32
69390
97
69530
116
69636
116
69819
101
69960
110
70101
100
70345
101
70555
32
71075
105
71805
108
71874
32
72051
108
72162
97
72367
116
72473
116
72587
97
72831
105
72901
111
75159
13
75369
101
75510
32
75754
97
76240
112
76381
112
76487
101
76593
110
76733
97
76874
32
77015
108
77190
111
77331
32
77609
118
77992
101
78132
100
78277
101
79384
44
79453
32
79804
103
79910
108
80050
105
80120
32
80332
97
80749
8
80855
115
80890
97
81032
108
81277
116
81452
97
81558
32
81906
97
82185
100
82291
100
82431
111
82537
115
82713
115
82991
111
84692
44
84762
32
84939
108
85114
111
85184
32
85430
98
85536
97
85815
99
85927
105
86108
97
86283
32
86666
8
86979
44
87048
32
87398
103
87548
108
87723
105
87864
32
88246
102
88353
97
88493
32
88948
113
89120
117
89195
97
89332
108
89473
99
89659
104
89835
101
89975
32
90220
99
90360
111
90466
99
90607
99
90713
111
90854
108
90960
97
93910
13
94120
101
94295
32
94543
112
94647
111
94859
105
94965
32
95347
102
95422
97
95594
110
95735
110
95875
111
96016
32
96239
108
96449
39
96555
97
96730
109
96871
111
97053
114
97137
119
97144
101
99433
0
00243
8
00452
8
01253
101
01288
119
02332
8
02473
0
02611
33
04661
0
05574
34
06930
32
07036
0
07175
73
07352
108
07421
32
07633
109
07774
101
07949
100
08090
105
08196
99
08302
111
08371
32
08618
108
08793
105
08897
32
09130
103
09270
117
09411
97
09552
114
09692
100
09833
97
09939
32
10218
112
10428
101
10532
114
10743
112
10988
108
11266
101
11466
115
11607
115
11748
111
14489
0
14904
58
15287
34
15880
8
16055
32
16164
0
16299
34
17034
98
17141
101
17281
104
18288
44
18809
32
19053
113
19198
117
19394
101
19535
115
19675
116
19858
111
19962
32
20174
115
20280
105
20490
103
20699
110
20803
111
21015
114
21190
97
22197
44
22373
13
22617
110
22723
111
22898
110
23073
32
23283
118
23389
97
23530
32
23739
116
23843
114
23954
111
24126
112
24236
112
24421
111
24559
32
25186
98
25292
101
25362
110
25505
101
25853
44
25993
32
27000
105
27213
110
27385
32
27664
101
28046
102
28222
102
28327
101
28606
116
28712
116
28853
105
29028
0
29307
46
29448
46
29588
46
29694
0
29833
34
31223
0
31466
32
32128
109
32303
0
32476
8
32720
77
32964
97
33187
32
33397
105
33502
108
33555
32
33741
109
33846
97
34125
114
34195
105
34441
116
34582
111
34757
32
35764
105
35904
110
36149
99
36218
97
36395
108
36986
122
37055
97
37575
0
37783
58
38375
32
38516
0
38689
34
38864
32
39178
69
39738
8
39847
0
39913
8
40088
69
40335
32
40786
112
40871
111
41083
105
41673
32
43305
108
43445
97
43690
32
43865
115
44074
105
44423
8
44598
116
44742
101
45259
115
45381
115
45485
97
45731
13
45975
99
46116
111
46444
115
46514
97
46657
32
46901
99
46971
111
47157
110
47267
32
47508
105
48584
108
51256
32
51743
112
51777
111
52093
114
52203
116
52512
105
52653
101
52922
114
52991
101
53758
44
53867
32
54142
105
54215
108
54287
32
54495
112
54601
111
54742
115
54917
116
55058
105
55302
110
55408
111
56034
44
56209
32
56938
108
57113
39
57358
101
57567
108
57777
101
58506
116
59617
116
59721
114
60348
105
60488
99
60594
105
60873
115
61014
116
61120
97
62404
32
62580
101
62686
32
62943
108
63153
39
63744
105
64403
100
64508
114
64650
97
64894
117
65070
108
65245
105
65385
99
65492
111
65918
0
66718
0
66926
58
67414
32
67624
108
67834
105
68043
32
68253
98
68363
97
68569
99
68757
105
68863
97
69038
13
70462
108
70637
105
70706
32
70884
99
70954
111
71200
99
71409
99
71550
111
71735
108
71944
97
72154
32
72606
101
72781
32
73025
112
73170
111
73445
105
73620
32
73968
99
74074
105
74180
32
74424
102
74494
97
74602
32
74812
108
75022
59
75028
39
76070
8
76348
8
76834
39
76941
97
77116
109
77222
111
77535
114
77610
101
78405
0
78544
33
78753
33
78929
33
79866
34
80492
32
80701
34
81501
83
81782
105
82025
103
82177
110
82282
111
82562
114
82738
97
83814
46
83955
46
84095
46
84236
0
84305
34
84446
32
85177
114
85283
105
85388
112
85842
8
85982
115
86122
112
86232
111
86438
110
86579
100
86648
101
86791
32
87001
105
87245
108
87386
32
88081
109
88222
101
88465
100
88641
105
88747
99
88853
111
89097
0
89547
32
89757
34
90142
13
90560
8
90872
8
91393
8
91741
0
92123
13
92198
0
92368
34
92926
32
93343
8
93552
109
93727
97
93971
32
94112
97
94218
108
94358
108
94534
111
94674
114
94884
97
95094
32
96482
108
96588
101
96694
32
97112
8
97321
105
97391
32
97637
101
97847
96
97987
32
98197
100
98272
97
98444
118
98584
118
98715
101
98890
114
99065
111
99206
32
99554
109
99629
97
99766
108
99876
97
00082
116
00223
97
00605
32
00815
46
00956
46
01096
46
01825
0
02171
34
03215
32
03290
0
03880
69
04057
32
04267
108
04342
97
04479
32
04689
100
04795
111
04981
110
05122
110
05197
97
05888
0
06552
32
06728
34
07353
72
07597
97
07772
105
07841
32
08205
118
08587
105
08768
115
08874
116
09049
111
09328
32
09605
0
10020
65
10231
110
10476
116
10893
111
11102
110
11215
105
11293
111
11920
0
12266
63
12476
32
13066
77
13176
65
13313
76
13419
65
13629
84
13739
65
14224
44
14333
32
14945
110
15120
111
15330
110
15574
32
16165
116
16305
114
16861
111
17011
105
17152
97
17534
44
17675
32
17785
0
17920
77
17995
65
18166
76
18242
65
18517
84
18623
65
19215
33
19458
33
20395
34
