19576
0
19819
69
20135
99
20311
99
20381
111
20503
109
20641
105
20885
32
21061
110
21236
117
21377
111
21794
118
21901
97
22007
109
22148
101
22217
110
22463
116
22466
101
22746
32
22886
97
23062
32
23272
116
23307
101
23588
44
24979
8
25223
46
25443
32
25826
0
27133
67
27381
111
27486
109
27573
101
27710
32
28232
118
28338
111
28514
108
28623
101
28899
118
28974
97
29181
115
29356
105
29426
32
29672
100
29779
105
29920
109
30026
111
30236
115
30377
116
30446
114
30557
97
30729
114
30871
101
31045
32
31429
115
31604
101
31711
32
31864
99
32213
39
32457
101
32564
96
32774
32
33226
117
33295
110
33449
97
33603
32
33778
99
33898
111
34004
115
34039
97
34182
32
34358
99
34533
104
34674
101
35196
13
35648
104
35723
97
35866
105
35935
32
36078
100
36154
101
36361
99
36467
105
36573
115
36679
111
36785
32
37134
100
37309
105
37379
32
37556
110
37707
111
37885
110
38034
32
38800
115
38975
112
39289
114
39324
101
39605
99
39715
97
39956
114
40015
101
40158
32
40368
116
40372
101
40546
109
40687
112
40863
111
41038
32
41248
97
41423
32
41807
102
41842
97
42123
114
42158
101
42439
44
42545
32
44353
115
44422
97
44601
108
45052
116
45127
97
45264
32
45544
115
45650
117
45825
98
46001
105
46176
116
46352
111
46456
32
46599
115
46705
105
46707
117
46814
32
47059
113
47199
117
47275
97
47412
108
47553
99
47798
117
48042
110
48158
111
49132
13
49342
99
49496
104
49602
101
49708
32
49988
116
50094
105
50163
32
50375
100
50828
8
51003
99
51109
104
51213
105
51285
101
51463
100
51811
97
52229
8
52369
101
52511
32
53137
116
53243
105
53277
32
53594
102
53628
97
53911
114
54293
108
54434
97
55373
32
55791
101
55966
32
57565
8
57741
8
57985
46
58264
32
58716
0
59132
70
59344
111
59519
115
59661
115
59826
101
59932
32
60144
117
60246
110
60389
97
60495
32
60705
99
60812
111
60952
115
60987
97
61131
32
61306
100
61482
105
61551
32
62005
118
62146
105
62356
116
62465
97
62577
108
62712
101
62815
32
62991
105
63132
109
63237
112
63342
111
63657
114
63733
116
63904
97
64183
110
64393
122
64497
97
64674
32
65718
8
65964
44
66074
32
66732
98
66872
101
66978
104
67431
32
67605
110
67736
101
68224
13
68788
118
68863
97
69035
114
69176
114
69282
101
69423
98
69564
98
69670
101
69776
32
69917
99
70023
111
70144
109
70316
117
70457
110
70598
113
70774
117
70884
101
70986
32
71265
108
71372
97
71488
32
71663
112
71908
101
72083
110
72224
97
73267
44
73356
32
73576
109
73651
97
73788
32
74102
116
74172
114
74249
97
74386
116
74492
116
74598
97
74947
110
75053
100
75159
111
75369
115
75482
105
75587
32
75798
100
75938
105
76322
8
76462
101
76603
108
76778
108
76885
97
77026
32
77791
100
77932
111
78082
109
78157
97
78294
110
78470
100
78593
97
78695
32
78942
100
79081
105
79151
32
79682
102
79823
105
79901
110
80042
97
80147
109
80496
8
80706
8
81436
97
81577
110
81822
122
82037
105
82144
97
82319
109
82461
101
82566
110
82707
116
82782
101
83198
8
83442
111
84067
13
85006
112
85082
101
85147
114
85259
32
85743
117
85861
110
85895
32
86107
112
86283
114
86354
111
86531
103
86741
101
86885
116
87022
116
87232
111
87302
32
87513
99
87619
111
87906
102
88047
105
88952
110
89162
97
89753
110
89941
122
90150
105
90498
97
90951
116
91507
111
91752
32
93003
99
93123
104
93206
101
93312
32
93487
110
93628
111
93804
110
93945
32
94328
118
94403
101
94575
114
94716
114
94856
97
95032
96
95242
32
95937
103
96078
105
96427
8
96568
8
96674
102
96815
105
96922
110
97062
97
97306
110
97551
122
97864
105
98041
97
98181
116
98356
111
98843
32
98949
99
99019
111
99127
109
99233
101
99409
32
00383
115
00417
97
00595
112
00736
112
00912
105
01017
97
01193
109
01378
111
01657
13
02144
98
02285
101
02426
110
02532
101
02673
32
02862
116
03002
117
03178
116
03326
116
03744
105
03851
32
04074
101
04249
32
04459
100
04601
117
04845
101
05645
44
06583
32
07036
118
07144
105
07248
115
07354
116
07495
111
07565
32
07811
105
07952
32
08383
115
08453
111
08631
108
08772
102
09128
8
09268
100
09374
105
09484
32
10107
102
10213
105
10319
110
10424
105
10635
115
10671
100
10863
99
11144
8
11284
8
11459
115
11563
99
11741
111
11916
110
12265
8
12441
8
12582
8
12722
8
12897
99
13003
111
13179
110
13296
111
13516
32
13761
115
13936
101
14017
109
14198
112
14374
114
14457
101
15462
32
15879
97
16020
108
16161
108
16236
101
16338
32
16479
115
16621
116
16726
101
16936
115
17077
115
17461
101
17636
32
17950
112
18056
101
18161
114
18372
115
18478
111
18654
110
18829
101
19005
32
19749
8
25414
46
26804
13
43728
0
44215
67
44427
111
44568
109
44709
117
44849
110
44885
113
45097
117
45172
101
45482
44
45586
32
45833
109
45974
105
46043
32
46394
116
46569
111
46779
99
46921
99
46996
97
47272
32
47723
114
47864
105
48040
118
48109
101
48287
100
48393
101
48534
114
48644
101
48794
32
49004
108
49074
97
49181
32
49323
112
49468
114
49543
111
49715
112
49856
111
50032
115
50172
116
50247
97
50384
32
50561
100
50635
101
50736
108
50879
108
51054
111
51161
32
51336
115
51492
99
51598
111
51808
114
52018
115
52125
111
52235
32
52511
97
52721
110
52826
110
53002
111
53077
32
54186
109
54291
111
54675
100
54816
105
54992
102
55105
105
55246
99
55322
97
55528
110
55807
100
56122
111
56332
110
56507
101
56959
13
57446
117
57552
110
57622
32
57834
112
58078
111
58288
39
58498
32
59264
103
59371
108
59476
105
59545
32
59723
97
60106
115
60247
112
60388
101
60598
116
60773
116
60879
105
60914
32
61300
101
61510
115
61651
115
61826
101
61967
110
62107
122
62248
105
62355
97
62496
108
62706
105
63129
32
63304
101
63411
32
64732
114
64878
105
65088
118
65164
101
65335
100
65962
101
66866
110
67006
100
67113
111
67323
32
68227
105
68992
32
69757
103
69863
111
70073
97
70283
108
70424
115
70600
32
71330
99
71471
104
71546
101
71649
32
71997
99
72138
105
72207
32
72420
101
72907
114
73047
97
73223
118
73364
97
73471
110
73854
8
74063
109
74238
111
74314
32
74486
112
74662
111
74767
115
74908
116
75084
105
75536
13
75755
108
75932
111
76037
32
76144
115
76284
99
76425
111
76531
114
76776
115
76951
111
77027
32
77371
97
77754
110
77861
110
78002
111
78072
32
78769
97
78911
103
79051
103
79192
105
79261
111
79508
114
79648
110
79789
97
80069
110
80209
100
80385
111
80562
108
80736
105
80842
32
81017
97
81158
32
81403
113
81544
117
81675
101
81816
108
81957
108
82132
105
82248
32
82398
99
82539
104
82639
101
82705
32
82952
112
83162
101
83337
110
83478
115
83654
105
83729
97
83866
109
83936
111
84079
32
84289
112
84430
111
84709
115
84865
115
84941
97
85077
110
85147
111
85463
32
85742
101
85952
115
86093
115
86234
101
86375
114
86475
101
86647
13
87412
118
87497
105
87638
110
87886
99
87988
101
88129
110
88236
116
88376
105
88486
32
88727
113
88903
117
89009
101
89151
115
89306
116
89552
97
89934
8
90144
39
90250
97
90564
110
90705
110
90915
111
91436
46
91646
32
91756
0
91926
73
92138
108
92207
32
92349
112
92595
111
93047
114
93188
98
93502
108
93643
101
93818
109
93994
97
94482
8
94657
8
94797
8
94973
8
95114
8
95255
8
95885
92
95889
8
96997
8
97242
114
97382
111
97661
110
98011
8
98254
98
98429
59
98433
108
98538
101
98679
109
98821
97
98995
32
99622
112
99797
114
99938
105
00148
110
00427
99
00533
105
00778
112
00885
97
00991
108
01166
101
01445
32
01586
113
01727
117
01867
101
02043
115
02288
116
02605
39
02781
97
03002
110
03144
110
03284
111
03394
32
03635
101
03844
96
03985
32
04243
105
04313
108
04384
32
04632
99
04702
111
05086
102
05192
105
05333
110
05578
110
05996
8
06102
97
06277
110
07192
120
07299
105
07439
97
07650
109
07791
101
07933
110
08038
116
08213
111
09604
13
10265
112
10374
101
10475
114
10583
32
10828
105
11003
108
11073
32
11251
113
11391
117
11532
101
11707
108
12161
8
12302
8
12410
97
12513
108
12688
101
12829
32
14637
110
14812
111
14953
110
15063
32
15269
99
15376
105
15445
32
15692
119
15764
111
15904
110
16045
111
16196
32
16892
109
17032
111
17242
108
17592
8
17766
8
17907
8
18083
8
18223
8
18364
8
18541
8
18750
8
19202
115
19308
111
19449
110
19555
111
19696
32
20044
116
20151
117
20292
116
20432
116
20538
105
20648
32
20786
105
20926
32
21413
115
21589
111
21731
108
22057
100
22163
105
22267
32
22479
100
22555
101
22657
108
22763
108
22949
111
23058
32
23265
115
23441
99
23582
111
23861
114
24144
8
25741
114
25951
115
26057
111
26267
32
26442
97
26618
110
26758
110
26865
111
27526
44
27636
32
27981
118
28156
105
28262
115
28368
116
28509
111
28613
32
29068
99
29208
104
29284
101
29386
32
29596
105
29675
108
29753
32
30103
54
30348
48
30592
0
30835
37
31013
32
31257
101
31467
96
31608
32
31784
115
31819
100
31927
116
32002
97
32142
116
32350
111
32419
32
32771
116
32848
97
33052
103
33192
108
33368
105
33509
97
33615
116
33791
111
35563
13
36502
101
36643
32
36853
114
36994
105
37308
100
37412
111
37589
116
37695
116
37871
111
38567
32
38812
97
38917
108
39058
108
39199
39
39444
111
39594
100
39978
8
40153
115
40293
115
40434
111
40748
46
41072
32
41746
0
41919
78
42374
111
42549
110
42659
32
43247
115
43318
111
43422
32
43634
112
43775
114
43847
111
44022
112
44372
114
44546
105
44582
111
44734
32
45182
100
45288
111
45533
118
45682
101
45788
32
46136
116
46241
114
46383
111
46662
118
47393
101
47593
114
47668
101
47909
109
48119
111
48195
32
48366
105
48490
32
48662
115
48802
111
48978
108
49222
100
49432
105
49538
32
50269
112
50411
101
50514
114
51247
32
51422
99
51528
111
51842
102
51991
105
52166
110
52307
97
52517
110
52692
122
52868
105
52974
97
53288
114
53357
101
53535
13
53814
105
53918
108
54024
32
54202
112
54308
114
54384
111
54591
103
54696
101
54803
116
54943
116
55119
111
55238
32
55862
97
56105
100
56246
32
56456
117
56561
110
56669
97
56809
32
57193
99
57368
105
57543
114
57833
0
58007
102
58112
114
58358
8
58499
8
59021
8
59162
8
59304
8
59482
8
59622
8
59763
8
59904
8
60079
8
60359
8
60845
92
60851
8
61822
8
62276
105
62382
110
62492
32
62629
109
62782
111
62888
100
63029
111
63112
32
63359
100
63428
97
63572
32
63782
111
64026
116
64167
116
64242
101
64379
110
64485
101
64634
114
64741
101
64916
32
65161
117
65336
110
65511
97
65652
32
66292
99
66432
105
66642
102
66783
114
66924
97
66994
32
67219
99
67671
104
68262
101
68403
32
68613
115
68754
105
68861
97
69139
32
69523
114
69557
116
69665
97
70813
8
70954
8
71095
8
71722
114
71862
97
72175
103
72351
105
72386
111
72667
110
72802
101
73112
118
73357
111
73741
108
73885
101
73987
32
74266
112
74372
101
74476
114
74688
13
75315
102
75384
97
75562
114
75658
101
75799
32
75941
97
76151
110
76292
99
76408
104
76515
101
76622
32
76866
115
76972
111
77078
108
77288
111
77394
32
77571
117
77711
110
77746
32
77958
110
78376
8
78620
109
78761
105
78838
110
78956
105
79144
109
79283
112
79292
111
79809
8
80955
32
81132
100
81272
105
81342
32
81901
114
82042
105
82147
99
82253
101
82394
114
82583
99
82618
97
82795
32
82972
115
83172
101
83312
114
83626
105
83772
97
84017
46
84469
32
84644
0
84991
67
85203
111
85344
109
85554
117
86042
8
86182
8
86358
8
86533
8
87159
0
87574
84
87752
117
87904
116
88045
116
88080
97
88231
116
88996
8
89172
118
89312
105
89661
97
90217
44
90301
32
91242
113
91347
117
91488
101
91663
115
91873
116
92101
111
92242
32
92486
110
92592
111
92768
110
92909
32
93084
101
93260
96
93816
13
94859
108
95104
39
95383
117
95453
110
95594
105
95736
99
95842
111
95949
32
96228
112
96403
114
96510
111
96685
98
96791
108
96902
101
97073
109
97183
97
97354
32
97531
100
97671
105
97781
32
98125
113
98266
117
98372
101
98513
115
98619
116
98831
111
99005
32
99354
105
99465
110
99535
105
99816
122
99957
105
00167
111
00343
32
00761
100
00902
105
00972
32
01301
0
01439
65
01720
112
01896
114
02071
105
02454
108
02595
101
02874
46
03084
32
03259
0
04567
84
04779
114
04921
97
05062
32
05548
110
05623
101
06002
97
06316
110
06468
99
06609
104
06715
101
06856
32
07239
100
07381
117
07486
101
07592
32
07747
115
07957
101
08167
116
08281
116
08456
105
08597
109
08707
97
08809
110
09054
101
09576
32
09752
105
09827
110
09964
105
10347
122
10488
105
10594
97
10769
109
11118
8
11363
110
11469
111
11679
32
12444
105
12827
13
13211
99
13316
111
13492
114
13667
115
13773
105
13843
32
13986
101
14127
32
14442
105
14511
111
14657
32
14863
100
14898
101
15145
118
15286
111
15390
32
15637
112
15777
114
15847
101
16059
112
16165
97
16411
114
16485
97
17038
114
17144
109
17320
105
17426
32
17705
97
18053
110
18194
99
18335
111
18476
114
18617
97
18792
32
19051
108
19156
101
19297
32
19438
108
19554
101
19871
0
19961
105
19995
111
20179
110
20423
105
20702
32
21121
8
21296
8
21437
8
21577
8
21754
122
22172
8
22313
8
22388
122
22560
105
22670
111
22807
110
23538
105
23713
32
23854
100
23923
101
24030
108
24173
32
24534
99
24675
111
24851
114
25026
115
25182
111
25252
32
25619
100
25722
105
25826
32
26038
0
26246
73
26422
65
26908
77
27015
82
27296
46
28027
13
28341
0
28583
80
28795
101
28865
114
28986
32
29335
102
29441
111
29582
114
29757
116
29933
117
30039
110
30317
0
30324
65
30496
32
30879
104
30984
111
31089
32
32413
105
32492
108
32598
32
32884
109
33021
97
33231
116
33441
52
33582
101
33826
114
34139
105
34384
108
34629
97
35047
8
35187
8
35328
97
35469
108
35713
101
35889
32
36203
100
36357
105
36426
32
36534
0
36639
76
36852
117
37026
99
37096
97
37591
44
37701
32
38323
115
38533
101
38674
98
38781
98
38856
101
38993
110
39101
101
39242
32
40146
99
40252
111
40393
109
40534
101
40641
32
40782
115
40956
101
41063
109
41238
112
41344
114
41414
101
41557
32
42322
98
42497
105
42742
103
43299
111
43786
8
43927
8
44033
115
44174
111
44384
103
44524
110
44665
97
45222
13
45605
109
45674
111
45922
100
46062
105
46203
102
46344
105
46419
99
46525
97
46835
114
46976
108
47186
111
47255
32
47502
112
47578
101
47681
114
47763
32
47901
97
48076
100
48217
97
48565
116
48706
116
48847
97
49092
114
49198
108
49348
111
49458
32
49561
97
49702
105
49806
32
49949
112
50089
114
50196
111
50375
112
51732
114
51872
105
52082
32
52292
115
52502
99
52608
111
52828
112
53003
105
53144
32
53285
101
53391
32
53567
109
53673
111
53848
100
53954
105
54024
32
54271
105
54689
8
54933
100
55005
105
55115
32
55529
115
55635
112
55779
105
55955
101
56207
103
56351
97
56523
122
56699
105
56733
111
56912
110
57052
101
57887
46
58132
13
58237
0
58515
66
58658
101
58764
110
58905
101
59705
44
59845
32
59986
97
60162
110
60268
99
60409
104
60515
101
60621
32
60866
112
60972
101
61066
114
61144
32
61315
111
61604
103
61745
103
61852
105
61962
32
62375
104
62490
111
62598
32
63051
114
63191
105
63262
101
63369
109
63544
112
63754
105
64033
116
64174
111
64222
32
64469
108
64575
97
64682
32
64892
102
64998
111
65104
114
65245
109
65455
32
65631
101
65772
32
65947
113
66088
117
66128
105
66342
110
66585
100
66726
105
66802
32
67043
116
67149
105
67253
32
67431
115
67572
97
67642
108
67853
117
67997
116
68101
111
68320
44
68639
13
