40140
0
40451
69
40732
99
40872
99
40979
111
41119
100
41294
105
41816
8
41956
8
42097
99
42237
105
42384
32
42766
113
42872
117
42943
105
43471
46
43681
32
44098
0
44879
79
45167
103
45308
103
45448
105
45451
111
46181
8
46646
32
46786
101
46896
96
47012
32
47672
108
47881
117
47986
110
48162
101
48338
100
48409
105
48550
96
48725
32
48969
101
49110
32
49735
104
49805
111
49911
32
50123
117
50238
110
50350
97
50451
32
50662
98
50762
101
50899
108
51005
108
51124
97
51227
32
51436
98
51512
97
51718
114
51997
122
52241
101
52347
108
52453
108
52663
101
52769
116
53151
116
53327
97
53536
32
53746
100
53815
97
53958
32
54203
115
54309
111
54518
112
55630
112
55874
111
56707
116
56952
111
57265
114
57369
116
57718
105
58587
46
59179
13
59839
13
60051
0
60887
0
61476
0
61753
81
61965
117
62071
97
62177
110
62352
100
62493
111
62576
32
62995
0
63237
68
63483
105
63589
111
63903
32
64424
102
64564
101
64705
99
64846
101
64987
32
65196
105
65266
108
65406
32
65618
109
65759
111
66361
110
66536
100
66711
111
67094
44
67373
32
67894
112
68034
101
68138
114
68350
99
68525
104
68601
101
68841
96
69051
32
69863
103
69969
108
70073
105
70179
32
70946
117
71156
111
71469
109
71579
105
71791
110
71860
105
72464
32
73024
118
73161
105
73230
32
73476
112
73617
114
73758
111
73933
115
74108
112
74249
101
74424
114
74564
97
75051
115
75157
115
75367
101
75473
114
75959
111
76204
32
76565
100
76669
101
76950
99
77125
105
77266
115
77475
101
77823
32
78102
100
78208
105
78383
32
78489
100
78525
97
79187
114
79222
101
79433
13
79609
97
79818
32
79959
99
80238
117
80586
8
80830
105
80905
97
81006
115
81218
99
81393
117
81637
110
81741
111
82057
32
83689
8
83864
8
84108
32
84317
112
84496
111
84810
112
84985
111
85195
108
85404
111
85545
32
86379
100
87837
105
88185
8
88429
117
88570
101
88745
32
89128
118
89372
105
89616
114
89826
116
89932
117
90453
96
90801
46
91982
32
92204
0
92550
67
92866
111
92943
115
93078
105
93253
96
93428
32
93707
114
93777
101
94058
115
94233
101
94477
32
96317
103
96423
108
96596
105
96702
32
96885
97
97026
109
97167
101
97376
114
97655
105
97865
99
97934
97
98112
110
98216
105
99329
32
99700
111
99952
114
00127
100
00337
105
00512
110
00622
97
00828
116
00969
105
01038
32
01284
101
01391
32
01635
114
01741
105
02023
115
02230
112
02371
101
02684
116
02824
116
02931
111
03106
115
03217
105
03321
32
03533
100
03603
101
03746
108
03886
108
03961
97
04133
32
04352
108
04562
101
05222
103
05328
103
05469
101
05782
44
05998
13
07005
105
07109
32
07321
116
07390
101
07661
100
07827
101
08106
115
08246
99
08412
104
08516
105
09455
32
10150
116
10219
101
10512
110
10825
97
11173
99
11348
105
11662
32
12218
101
12393
32
12637
115
12812
116
13033
117
13278
100
13418
105
13488
111
13943
115
14186
105
14742
44
14951
32
16028
105
16341
32
16689
103
16968
105
17109
97
17318
112
17459
112
17569
111
17913
110
18054
101
18279
115
18419
105
19079
32
19566
108
19641
97
19855
118
20037
111
20282
114
20388
97
20598
116
20842
111
21155
114
21331
105
21817
32
22131
101
22305
32
22653
112
22759
97
23004
122
23179
105
23285
101
23426
110
23635
116
23845
105
24159
46
24992
32
25340
0
26212
8
26455
13
26734
0
27053
71
27300
105
27475
117
27650
110
27791
116
27897
111
27966
32
28144
97
28699
103
28792
108
28926
105
28998
32
29348
105
29558
116
29664
97
29814
108
30025
105
30199
97
30374
110
30479
105
31285
44
31461
32
32051
100
32226
105
32416
115
32557
115
32767
101
32907
32
32983
97
33154
108
33329
108
33470
39
33714
97
34236
8
34341
0
34445
65
34726
114
34840
99
35050
97
35260
110
35504
103
35679
101
35820
108
36030
111
36105
32
36207
0
36348
103
36454
97
37045
98
37185
114
37291
105
37432
101
37573
108
37679
101
38894
8
39104
8
39245
8
39351
8
39526
8
39667
8
39807
8
40328
8
40468
0
40676
71
40888
97
41202
98
41377
114
41517
105
41762
101
41937
108
42147
101
42633
0
43645
32
43993
100
44134
105
44203
32
44315
97
44521
110
44662
110
44803
111
45151
116
45226
97
45501
114
45711
101
48106
32
48697
115
48906
117
49047
32
49222
117
49361
110
49432
32
49817
113
50026
117
50132
97
50446
100
50552
101
50693
114
50868
110
51043
111
51703
0
51945
58
52295
13
52609
0
53238
34
53658
81
53939
101
54218
117
54913
8
55054
8
55332
117
55438
101
55648
115
55789
116
56345
105
56414
32
56591
115
56661
97
56846
114
56952
97
57300
110
57475
110
58170
111
59281
32
59629
105
59735
110
59979
116
60083
101
60433
108
60574
108
60749
105
60959
103
61034
101
61135
110
61312
116
61522
105
62911
44
63055
32
63330
111
63540
110
63649
101
63924
115
64272
116
64448
105
64557
32
66164
101
66399
32
67232
118
67373
111
67548
116
67689
101
67864
114
67974
97
68422
98
68597
98
68911
8
69051
8
69226
110
69401
110
69507
111
69717
32
69996
0
70376
70
70657
111
70798
114
71284
122
71459
97
71704
32
71779
0
71949
73
72133
116
72208
97
72379
59
72382
108
72627
105
72698
97
73219
0
73461
34
74023
8
74160
8
74336
8
74476
8
74617
8
75207
108
75388
105
75494
97
75704
0
76720
0
76963
34
77694
46
80367
32
80401
0
80854
81
81066
117
81207
97
81324
110
81465
100
81640
111
81919
13
82163
116
82198
101
82339
114
82516
109
82657
111
83109
8
83318
105
83463
110
83609
111
84175
96
84522
32
85356
100
85947
105
86122
32
86539
102
86614
97
86785
114
86891
101
87032
32
87276
105
87346
108
87417
32
87595
109
87735
111
87911
110
88051
100
88156
111
89338
44
89479
32
89896
108
90072
39
90284
97
90640
114
90884
99
90991
97
91269
110
91479
103
91585
101
91760
108
91980
111
93056
32
94697
108
94907
111
94976
32
95188
99
95329
104
95398
105
95510
97
95647
109
95788
111
95998
96
96276
32
96936
101
97042
32
97363
103
97504
108
97614
105
97733
32
98305
100
98480
105
98724
115
98899
115
99074
101
99318
0
99492
58
99805
32
00916
34
01130
80
01376
97
01552
100
01621
114
01867
101
03846
32
04091
98
04197
117
04372
111
04547
110
04617
111
04932
44
05488
13
07154
104
07260
97
07401
105
07505
32
07855
100
07931
97
08067
116
08346
111
08416
32
08568
97
08674
32
08966
116
09047
117
09259
116
09400
116
09575
105
10131
32
10700
105
10806
32
10951
112
11091
111
11301
111
11683
8
11962
112
12141
111
12351
108
12535
105
13126
32
13799
100
13869
101
14010
108
14291
32
14569
110
14710
111
15301
8
15511
8
15731
109
15836
111
16082
110
16292
100
16398
111
19071
32
19453
100
19559
117
19665
101
19831
32
20179
118
20361
105
20744
114
20919
116
21025
117
21200
96
22173
44
22276
32
22523
109
22599
97
22735
32
22945
97
23224
103
23330
108
23505
105
23609
32
23959
105
24203
116
24310
97
24451
108
24625
105
24731
97
24838
110
25082
105
25951
32
27374
110
27514
101
27620
32
27865
104
27900
97
28042
105
28146
32
28324
100
28393
97
29055
116
29091
101
29233
13
29512
116
29581
114
29721
101
30834
46
31044
32
31079
0
31220
81
31431
117
31538
101
31713
115
31826
116
32036
111
32281
32
33704
102
33779
97
34200
114
34341
97
34862
96
35072
32
35316
115
35456
105
35666
32
36014
99
36431
104
36606
101
36781
32
37026
101
37304
115
37445
115
37689
105
37793
32
38053
112
38297
114
38332
101
38544
118
38651
97
38860
114
38974
114
39114
97
39359
110
39393
109
39640
110
40196
8
40371
8
41274
110
41414
111
41589
32
43048
115
43223
117
43292
32
43504
116
43611
117
43785
116
43891
116
43998
105
44102
32
45007
103
45113
108
45251
105
45323
32
45471
97
45576
108
45822
116
45926
114
46068
105
46137
32
46328
112
46432
111
46619
112
46763
111
47004
108
47213
105
48637
13
49540
100
49575
101
49777
108
49883
32
50093
109
50233
111
50408
110
50549
100
50655
111
51662
46
51837
32
52047
0
52348
69
52595
96
52771
32
53015
113
53431
117
53631
101
53807
115
53947
116
54088
97
54332
32
54576
108
54717
97
54858
32
55483
0
55621
84
55799
117
55939
97
56114
32
56601
118
56811
111
56951
108
57126
111
57336
110
57546
116
57652
97
57862
96
58556
0
58764
63
59181
34
59878
32
61197
0
61897
34
62348
72
62560
97
62735
105
62811
32
63134
114
63209
97
63346
103
63556
105
63625
111
63837
110
63978
101
64881
32
65229
8
65646
45
65855
32
66169
8
66344
8
66519
32
66660
45
66800
32
67495
100
67601
105
67776
115
67932
115
68108
101
68214
32
68354
0
68562
68
69155
105
69258
111
69861
32
70109
45
70219
32
71396
110
71605
111
71746
110
72025
13
72338
115
72442
97
72723
114
72798
101
72935
98
73076
98
73217
101
73392
32
74087
103
74262
105
74366
117
74508
115
74615
116
74790
111
75172
46
75382
32
75799
0
76571
77
76748
97
76923
32
77064
115
77239
105
77380
99
77520
99
77661
111
77802
109
77943
101
78083
32
78431
110
78535
111
78677
110
78818
32
78994
112
79169
111
79344
115
79485
115
79591
111
79812
110
79881
111
80231
32
80476
101
80858
115
80999
115
81209
101
81315
114
81415
101
81621
32
82350
116
82560
105
82839
8
82980
8
83093
114
83199
105
83444
116
83619
105
84071
114
84246
97
84663
116
84880
105
87310
32
88178
105
88282
32
88542
100
88612
111
88798
110
88973
105
89096
32
89268
99
89409
104
89515
101
89585
32
89831
104
89900
111
90023
32
90343
102
90453
97
90555
116
90696
116
91425
111
91565
13
95488
100
95523
101
96046
8
96325
111
96673
118
96813
114
96883
101
97095
109
97270
111
97305
32
97759
114
97865
105
98040
109
98181
101
98425
100
98565
105
98672
97
98881
114
99160
101
99751
32
00411
97
00586
32
00865
113
01074
117
01150
101
01287
115
01393
116
01499
97
01674
32
01849
115
01961
105
02240
116
02381
117
02521
97
02731
122
02837
105
02872
111
03084
110
03225
101
04995
46
05482
32
05656
0
06250
68
06462
59
06602
32
07023
8
07298
111
07439
114
07649
97
07858
32
08068
105
08278
110
08626
8
08801
8
08944
8
09084
8
09262
8
09402
8
09923
8
10236
39
10415
32
10902
8
11146
111
11329
114
11504
97
11645
32
11855
105
11936
110
12001
32
12248
97
12423
118
12498
97
12670
110
12845
116
12951
105
15797
44
15832
32
16182
103
16288
108
16427
105
16498
32
16676
105
16920
116
17026
97
17201
108
17411
105
17558
97
17664
110
17804
105
17808
111
19025
8
19927
13
23294
99
23435
111
23748
109
23958
101
24089
32
24264
112
24370
111
24614
112
24755
111
24942
108
25149
111
25325
32
25651
99
25826
111
26105
110
26384
115
26550
101
26680
114
26821
118
26962
101
27171
114
27347
97
27556
110
27662
110
27847
111
28001
32
31264
113
31439
117
31515
101
31686
115
31756
116
31967
101
32108
32
32387
116
32491
114
32631
101
32891
32
33446
118
33656
105
33831
114
34041
116
34147
117
34322
96
35086
44
35261
32
35782
109
35923
97
36202
32
36653
97
37244
102
37384
102
37491
105
37631
110
37772
99
37889
104
37995
101
38240
96
38415
32
42337
110
42512
111
42791
110
43243
8
43418
8
43593
8
43771
101
44049
115
44224
115
44365
105
44469
32
44646
110
44716
111
44893
110
44962
32
45416
112
45557
114
45592
101
45838
118
45948
97
46085
108
46371
103
46477
97
46618
110
46793
111
46968
32
48475
13
48684
115
48825
117
49208
103
49314
108
49418
105
49489
32
49667
97
49807
108
50017
116
50121
114
50263
105
50338
32
50479
112
50689
111
50898
112
51074
111
51249
108
51458
105
53784
32
54305
110
54411
101
54656
115
54777
115
54933
117
55108
110
55178
111
55215
105
55332
32
56062
8
56272
8
56862
32
57037
100
57178
105
57253
32
57425
108
57600
111
57741
114
57847
111
58025
32
58439
112
58543
111
58858
116
58963
114
59071
97
59315
96
59490
32
61885
97
62164
118
62305
118
62411
97
62551
108
62796
101
62936
114
63146
115
63252
105
63356
32
63533
100
63640
105
63709
32
63921
112
64131
105
64306
117
64446
96
64622
32
69620
100
70211
105
70385
32
70906
100
71012
117
71188
101
71605
32
72508
100
72648
105
72718
32
72930
101
73139
115
73280
115
73663
101
74080
13
74358
112
74464
101
74534
114
74711
32
74956
118
75062
111
75237
108
75481
116
75656
97
76074
46
76387
0
77086
34
78373
32
78583
0
78825
69
79002
96
79143
32
79422
112
79597
101
79701
114
79809
32
80019
113
80194
117
80300
101
80441
115
80582
116
80660
97
80829
32
81107
114
81183
97
81320
103
81529
105
81599
111
81788
110
81894
101
82048
32
83589
99
83695
104
83870
101
83966
32
85182
8
85426
44
85566
32
85742
100
85811
97
85954
32
86095
97
86245
108
86385
108
86561
111
86771
114
86946
97
87224
44
87328
32
89448
108
89658
39
90838
105
91083
114
91088
116
91157
97
91540
8
91715
8
92341
8
92654
116
92729
97
92900
108
93041
105
93182
97
93288
110
93440
111
93509
32
93756
99
93862
104
94097
101
94306
32
95105
118
95253
111
95498
116
95577
97
95683
32
96031
0
96204
70
96416
111
96556
114
96939
122
97008
97
97184
32
97291
0
97461
73
97603
116
97679
97
97815
108
97991
105
98097
97
99381
13
00101
101
00345
100
00796
32
01110
101
01251
96
01461
32
01808
111
01961
110
02071
101
02242
115
02348
116
02626
105
02632
111
03081
8
03706
8
04123
111
04229
32
05792
110
05932
111
06142
110
06282
32
06458
112
06667
105
06672
117
07053
8
07608
8
07991
117
08060
111
08203
96
08344
32
08657
101
08901
115
09076
115
09286
101
09461
114
09627
101
09802
32
10253
105
10261
111
10708
110
10917
116
10987
101
11164
108
11305
108
11584
105
11897
8
12038
8
12181
8
12321
8
12462
8
12603
8
12778
8
13368
110
13543
116
13647
101
13781
108
13921
108
14131
105
14340
103
14446
101
14553
110
14935
116
15041
101
17818
44
17888
32
18100
113
18286
117
18392
101
18567
108
18708
108
18987
111
19128
32
19683
99
19859
104
19999
101
20140
32
20384
96
20801
8
21600
101
21734
96
21871
32
22288
105
22463
110
22681
116
22787
101
22962
108
23068
108
23243
105
23419
103
23525
101
23631
110
23772
116
23841
101
24434
13
26135
101
26275
32
26520
99
26764
104
26870
101
26976
32
27615
118
27756
111
27931
116
28037
97
28178
32
28594
0
28733
70
28945
111
29095
114
29340
122
29449
97
29565
32
29705
0
29810
73
29987
116
30096
97
30199
108
30374
105
30480
97
31591
32
31801
110
31943
111
32082
110
32158
32
32295
112
32539
117
32679
96
32854
111
33030
32
33551
8
33726
8
34040
8
34284
111
34493
96
34703
32
35155
101
35330
115
35643
115
35888
101
36201
114
36271
101
36559
32
38017
97
38192
110
38333
99
38439
104
38545
101
38629
32
38875
111
39050
110
39125
101
39331
115
39437
116
39751
111
40480
44
40621
32
40796
101
40937
32
41250
113
41460
117
41566
101
41741
108
41882
108
42057
111
42126
32
42373
99
42479
104
42654
101
42760
32
43018
101
43228
96
43437
32
44236
13
44550
105
44656
110
44900
116
45006
101
45320
108
45460
108
45635
105
45811
103
45917
101
46025
110
46198
116
46233
101
46376
32
46495
101
46613
32
46903
111
47078
110
47184
101
47394
115
47500
116
47675
111
48405
32
49065
110
49309
110
50212
8
50768
111
50908
110
51061
32
51201
112
51342
111
51655
116
51725
114
51867
97
52112
96
52287
32
52531
109
52672
97
53193
105
53334
32
53716
118
53801
111
54076
116
54151
97
54469
114
54573
101
54715
32
55479
0
55695
70
55907
111
56082
114
56292
122
56434
97
56537
32
56643
0
56782
73
56959
116
57065
97
57171
108
57346
105
57487
97
58078
46
60716
13
60994
0
61340
66
61517
101
61624
110
61764
101
62276
44
62416
32
62730
115
62836
112
62976
101
63117
114
63223
111
63298
32
63401
99
63541
104
63617
101
63719
32
64136
116
64242
105
64312
32
64502
115
64643
105
64749
97
64890
32
65031
112
65142
105
65223
97
65499
99
65743
117
66519
8
67074
105
67178
117
67332
116
67577
97
68619
46
68828
32
68980
0
69222
77
69503
105
69573
32
69825
112
69931
97
70210
114
70310
101
70481
32
71697
99
71975
104
72081
101
72188
32
72343
115
72450
105
72590
97
72696
32
72872
109
73025
111
73164
108
73315
116
73421
111
73456
32
73840
99
73916
97
74156
114
74235
105
74347
110
74522
97
74698
32
75184
8
75359
101
75500
32
75882
115
75988
112
76133
105
77032
8
77207
8
77348
8
77523
8
77664
8
77908
32
78039
101
78145
32
78355
115
78530
112
78705
105
78955
101
79165
103
79375
104
79550
105
79619
32
79797
117
79914
110
80025
32
80403
115
80438
97
80615
99
80756
99
80966
111
81254
32
81498
100
81639
105
81708
32
81865
99
81972
111
82146
115
82356
101
82565
46
