73333
0
73540
69
73821
99
73962
99
74207
111
74499
99
74605
105
75022
32
75405
113
75511
117
75580
105
75656
32
75864
97
76005
110
76146
99
76252
104
76358
101
76464
32
76708
111
76918
103
77059
103
77165
105
77410
32
77723
97
77863
32
78108
102
78249
97
78493
114
78528
101
78671
32
78881
105
79022
108
79091
32
79268
110
79444
111
79584
115
79760
116
79794
114
80075
111
80144
32
80321
99
80428
111
80509
109
80650
112
80790
105
81000
116
81107
105
81213
110
81353
111
81910
32
82154
112
82329
114
82435
105
82470
109
82648
97
82857
32
82998
100
83068
101
83184
108
83326
108
83432
101
83573
32
83990
118
84066
97
84375
99
84481
97
84691
110
84867
122
85111
101
85252
32
85358
100
85499
105
85580
32
85786
110
85820
97
86067
116
86146
97
86322
108
86462
101
86776
8
86952
8
87092
8
87233
8
87376
8
87655
8
88523
0
88765
80
88943
97
89083
115
89378
113
89587
117
90005
97
90362
46
90745
13
90989
0
91370
65
91582
32
91792
112
91932
114
92048
111
92258
112
92444
111
92791
115
92932
105
93072
116
93178
111
93248
32
93495
102
93912
8
94087
100
94193
105
94262
32
94682
118
94757
97
94963
99
95104
97
95279
98
95295
110
96012
8
96707
8
97090
110
97230
122
97475
101
97615
32
97756
100
97897
105
97966
32
98316
0
98455
80
98632
97
98808
115
99052
113
99227
117
99334
97
99786
44
99867
32
00038
99
00144
104
00250
101
00310
32
00557
102
00632
97
00742
116
00848
101
00954
32
01130
97
01236
32
01446
0
01550
80
01731
97
01872
115
02082
113
02742
117
02917
97
03647
32
03753
0
03892
63
04032
32
06151
67
06329
111
06504
109
06610
101
06751
32
07099
116
07274
117
07450
116
07590
116
07766
105
07947
32
08503
103
08609
108
08750
105
08832
32
08989
97
09233
110
09374
110
09515
105
10175
13
10557
97
10733
32
11511
112
12032
97
12242
115
12555
113
12834
117
12975
101
13150
116
13291
116
13397
97
13538
32
13713
115
13888
105
14389
32
14612
102
14718
97
14858
32
15068
108
15209
97
15315
32
15491
115
15597
111
15737
108
15918
105
16128
116
16204
97
16341
32
16585
103
16726
114
16867
105
17043
103
17183
108
17258
105
17401
97
17541
116
17647
97
17823
32
17964
99
18070
111
18210
110
18280
32
18596
103
18671
108
18806
105
18877
32
19055
97
19168
109
19302
105
19445
99
19554
105
19695
32
19905
105
20011
110
20081
32
20271
99
20378
97
20447
109
20659
112
20834
97
21044
110
21427
8
21602
103
21777
110
21884
97
22648
32
22858
100
22927
97
23070
32
23246
109
23321
101
23527
46
23910
13
24463
0
26474
0
26751
83
26929
112
27035
101
27418
114
27524
105
27664
97
27909
109
28059
111
28169
32
29034
105
29209
108
29244
32
29466
116
29535
101
29643
109
29830
112
29936
111
30046
32
30356
115
30462
105
30538
97
30675
32
30850
99
30956
108
31062
101
31237
109
31313
101
31450
110
31520
116
31628
101
31803
32
32117
101
32257
32
32848
99
32989
105
33099
32
33236
115
33342
105
33448
97
33554
32
33833
117
33951
110
34126
97
34301
32
34823
103
35032
114
35139
97
35383
110
35558
32
35768
98
35844
101
35981
108
36121
108
36331
32
37721
8
37830
97
38209
32
38523
103
38664
105
38733
111
38886
114
39026
110
39202
97
39308
116
39483
97
39693
32
40006
99
40182
111
40392
115
40567
105
40673
96
40869
32
41058
112
41203
111
41309
115
41450
115
41556
105
41662
97
41732
109
41874
111
42154
13
42953
109
43028
97
43269
110
43444
103
43758
105
44002
114
44143
97
44526
8
44632
8
44738
97
44878
114
45019
101
45219
32
45498
97
45673
59
45676
108
45817
108
46026
39
46202
97
46446
112
46933
8
47109
8
47249
8
47390
8
47533
8
47708
8
48576
108
48717
108
48996
39
49240
0
49904
8
50911
39
51051
97
51261
112
51506
101
51646
114
51822
116
51928
111
53630
32
53874
110
54015
101
54121
108
54231
32
55166
103
55479
105
55620
97
55795
114
55970
100
56180
105
56321
110
56531
111
56775
32
56985
100
57126
105
57201
32
57444
99
57511
97
57689
115
57833
97
58143
46
58873
32
59117
0
59428
83
59675
101
59816
32
60941
102
61082
97
61188
32
61398
98
61607
114
61759
105
61762
117
61903
116
62321
8
62565
8
63225
8
63504
117
63679
116
63820
116
63926
111
64036
32
64242
111
64486
32
64696
102
64872
114
64982
101
65257
100
65432
100
65502
111
66268
44
66651
13
66930
112
67015
111
67255
99
67396
111
67550
32
67801
105
67941
109
68082
112
68220
111
68536
114
68640
116
68816
97
69477
44
69552
32
69724
109
69830
97
69936
110
70215
103
70460
101
70702
114
70812
101
70983
109
71401
111
71610
32
72271
110
72481
101
72898
8
73108
8
73183
97
73320
108
73389
32
73740
99
73846
111
73985
112
74093
101
74233
114
74409
116
74584
111
74725
32
75038
110
75179
101
75320
108
75389
32
75739
103
75815
97
76021
114
76127
97
76268
103
76445
101
76791
46
77036
32
77174
0
77348
86
77549
101
77656
110
77762
105
78043
116
78145
101
78347
32
79181
118
79287
101
79497
115
79638
116
79847
105
80058
116
80162
105
80408
32
80825
100
80895
97
81453
13
81905
108
82011
97
82255
118
82465
111
82675
114
82781
97
83233
116
83374
111
83584
114
83690
105
83831
32
84158
100
84227
101
84370
105
84480
32
84928
99
85003
97
85137
109
85280
112
85420
105
85734
44
85875
32
86015
112
86121
101
86226
114
86403
99
86544
104
86615
101
86791
96
86966
32
87176
112
87251
101
87352
114
87494
32
87704
111
87949
116
88055
116
88230
101
88361
110
88467
101
88711
116
89233
8
89374
114
89445
101
89655
32
90385
105
90464
108
90535
32
90722
112
90863
105
90969
97
91110
116
91251
116
91426
111
91571
32
92679
100
92888
105
92958
32
93205
99
93311
105
93555
98
93730
111
93975
32
94427
100
94542
111
94787
118
94893
114
94953
101
95095
116
95271
101
95446
32
96488
13
00762
102
00868
97
00974
114
01044
101
01221
32
01362
97
01503
108
01678
99
01819
117
01925
110
02077
105
02152
32
02462
108
02572
97
02778
118
02988
111
03129
114
03235
101
03410
116
03551
116
03761
105
04282
44
04357
32
04564
99
04670
111
04776
109
04916
101
05127
32
05302
115
05477
105
05583
115
05724
116
05830
101
06042
109
06146
97
06391
114
06461
101
06638
32
07472
101
07647
32
08099
109
08274
101
08422
116
08563
116
08638
101
08775
114
08882
101
08988
32
09163
105
09304
110
09339
32
09516
111
09726
114
10109
100
10249
105
10355
110
10496
101
10627
32
11079
112
11082
111
11222
97
11397
114
11507
116
11609
101
11923
32
12306
100
12340
101
12518
108
13004
13
13387
99
13497
97
13634
115
13809
105
13950
110
14054
111
14231
32
14476
99
14789
104
14889
101
14992
32
15791
99
16243
39
16383
101
16459
96
16699
32
26423
105
26632
110
26738
32
27746
99
27835
97
27935
109
28216
112
28392
97
28609
103
28784
110
28890
97
29135
46
30004
32
31324
0
32559
68
32819
105
32925
114
32994
101
33207
105
33416
32
33626
99
33767
104
33945
101
34152
32
35785
108
36029
39
36205
97
36345
112
36451
112
36696
117
37113
110
37288
97
37602
116
38019
97
38610
8
38785
8
39168
8
39967
121
40350
8
40629
116
40735
97
40876
109
40982
101
41113
110
41219
116
41404
111
41514
32
41754
112
41895
111
42140
116
42209
114
42385
101
42768
98
42943
98
43084
101
43225
32
43400
115
43749
8
43958
101
44168
115
44309
115
44449
101
44590
114
44660
101
45739
13
46018
97
48414
108
48555
108
48695
97
48836
32
49094
99
49200
97
49304
115
49410
97
49657
32
50595
118
50670
101
50771
114
50958
111
51350
8
51491
115
52021
111
52508
32
52925
108
53101
101
53172
32
53347
49
53557
49
54599
0
54880
58
55161
48
55302
48
55491
32
55770
105
56534
110
56644
32
56781
109
56920
111
57063
100
57169
111
57238
32
57554
100
57589
97
57730
32
57955
97
58096
118
58236
101
58377
114
58483
101
58659
32
59007
105
59147
108
59217
32
59408
116
59477
101
59584
109
59692
112
59836
111
59942
32
60149
112
60224
101
60324
114
60450
32
60690
115
61108
8
61248
97
61423
99
61564
99
61673
101
61984
110
62194
100
62298
101
62475
114
62551
101
62747
32
62922
105
63061
108
63102
32
63323
102
63429
117
63508
111
63721
99
63896
111
64119
32
65092
13
65475
101
65961
32
66171
112
66175
91
66315
114
66350
101
66497
112
66603
97
66916
114
67126
97
67405
114
67475
101
67721
32
68069
105
68179
108
68245
32
68457
99
68978
105
69154
98
69260
111
69608
46
69887
32
70269
0
71291
67
71651
111
71861
109
71967
101
72107
32
72317
115
72458
101
72599
109
72739
112
72846
114
72915
101
73196
44
73337
32
73928
110
74032
111
74186
110
74296
32
74710
118
74885
105
74997
32
75138
97
75417
115
75557
112
75698
101
75873
116
76014
116
76120
97
76295
110
76679
8
76853
116
76923
101
77135
32
77587
117
77727
110
77837
32
78320
103
78565
114
78671
97
78881
110
79125
32
79300
112
79829
114
80005
97
80284
110
80424
122
80669
111
80982
44
81089
32
81298
109
81405
97
82308
32
82449
115
82555
111
82730
108
82906
111
83117
13
83639
118
83722
101
83859
114
84076
100
84321
117
84530
114
84565
101
84685
32
84862
97
84968
108
85109
108
85219
97
85321
32
85566
103
85845
114
86028
105
86307
103
86422
108
86528
105
86635
97
87399
44
87540
32
87923
111
88029
32
88273
105
88379
110
88483
32
88730
105
88917
110
89196
115
89265
97
89445
108
89549
97
89724
116
89865
97
90317
44
90457
32
90909
101
91085
32
91780
8
91955
8
92130
115
92240
112
92554
105
92798
101
93008
100
93189
105
93330
110
93400
105
93957
32
95486
112
95561
101
95627
114
95770
32
96118
116
96259
117
96399
116
96540
116
96612
105
96722
32
96859
105
96969
32
97347
103
97457
117
97679
115
97819
116
97995
105
98205
32
98370
101
99135
13
99760
98
99936
105
00043
115
00182
116
00289
101
00546
99
00687
99
00793
97
01107
122
01248
122
01458
101
01633
32
01877
99
02226
8
02366
100
02472
105
02542
32
02788
99
02898
97
03139
114
03291
110
03397
101
03538
32
03713
97
03854
108
03995
108
04136
97
04311
32
04563
103
04704
114
04879
105
05158
103
05299
108
05439
105
05615
97
07108
46
07431
32
07572
0
07745
73
07923
110
07992
32
08273
114
08343
101
08555
97
08696
108
08940
116
09046
97
09221
96
09570
44
09679
32
11725
117
11831
115
12043
101
12182
114
12322
101
12740
109
13088
107
13298
111
13785
8
13925
8
14204
111
14414
32
15005
108
15121
97
15227
32
15333
112
15477
105
15683
101
16066
116
16170
114
16346
97
16522
32
16663
101
16759
32
16969
110
17075
111
17216
110
17326
32
17463
108
17603
97
17710
32
17954
103
18095
114
18201
105
18480
103
18586
108
18690
105
18768
97
19285
13
19946
112
20052
101
20156
114
20368
99
20543
104
20584
101
20755
96
20931
32
21313
115
21489
101
21733
99
21908
111
22337
110
22685
100
22805
111
22874
32
23065
109
23140
101
23277
32
23487
108
23593
97
23713
32
23888
99
24445
97
24723
114
24899
110
25108
101
25318
32
26048
118
26229
105
26335
101
26466
110
26607
101
26748
32
27203
112
27413
105
27589
117
27798
96
28008
32
28425
115
28495
97
28603
112
28744
111
29058
114
29336
105
29546
116
29652
97
30070
46
31147
8
31290
8
32091
97
32266
32
32445
115
32582
117
32826
108
33002
108
33108
97
33214
32
33458
112
33564
105
33774
101
33949
116
34125
114
34266
97
35065
46
35864
32
36177
0
36385
73
36562
110
36738
102
36844
105
37019
110
37160
101
37474
44
37683
13
37893
112
37999
101
38104
114
38212
32
38422
116
38497
97
38876
112
39017
112
39123
97
39298
114
39368
101
39511
32
39789
111
40103
103
40209
110
40350
105
40629
32
41046
98
41256
117
41501
99
41620
111
41761
32
42386
114
42804
101
43048
115
43189
105
43399
100
43539
117
43680
111
44028
44
44313
32
46050
102
46125
97
46262
99
46437
118
47237
105
47377
97
47518
109
47693
111
48113
8
48288
8
48431
8
48606
8
49336
8
49476
99
49617
105
49723
97
49864
109
50005
111
50111
32
50355
108
50461
97
50531
32
51124
115
51334
99
51751
97
52203
109
52343
111
52553
114
52694
122
52869
97
53010
32
53636
97
53742
102
53917
102
54093
117
54371
109
54685
105
54861
99
54936
97
55073
116
55179
97
55320
32
56258
97
56675
8
56816
115
56956
117
57132
108
57272
108
57413
97
57865
13
58146
112
58321
105
58462
97
58706
115
58813
116
58887
114
59093
97
59580
46
60588
32
61317
0
61525
66
61737
101
61843
110
62030
101
62418
44
62528
32
62631
115
62771
112
62912
101
63053
114
63194
111
63300
32
63444
99
63581
104
63687
101
63793
32
64107
97
64282
110
64389
99
64529
104
64670
101
64776
32
65194
112
65300
101
65439
114
65547
32
65722
111
65932
103
66073
103
66179
105
66283
32
66737
113
66912
117
67018
101
67174
115
67315
116
67532
105
67537
111
67676
32
68024
8
68580
8
68963
8
69311
111
69380
32
69799
115
69940
105
70081
97
70222
32
70397
115
70606
105
70611
117
70854
102
70994
102
71108
105
71249
99
71355
105
71465
101
71740
110
71881
116
71916
101
72059
32
72200
97
72306
108
72447
32
72630
116
72770
117
72874
111
73815
32
74267
8
74444
13
74617
101
74827
112
75177
8
75491
115
76155
112
76572
101
76851
114
77026
105
77236
109
77377
101
77518
110
77670
116
77785
111
78307
44
78522
32
79044
101
79982
8
80192
99
80332
105
80473
32
80752
114
80928
105
81172
118
81220
101
81426
100
81602
105
81708
97
81814
109
81928
111
82034
32
82281
108
82387
97
82493
32
82789
112
82795
91
82967
114
83420
8
83632
8
83839
8
84569
112
84951
114
85127
111
85406
115
85581
115
85687
105
85828
109
86003
97
86179
32
86700
118
86841
111
87016
108
87260
116
87405
97
87818
46
88305
32
88478
0
88582
67
88794
105
88869
97
88981
111
89156
32
89401
109
89849
8
89854
0
90060
77
90237
97
90516
114
90585
99
90763
111
