36229
16
36339
67
36620
73
36730
65
36820
79
37040
32
37190
16
37351
68
37471
65
37821
78
38032
73
38182
69
38292
76
38392
69
38783
188
39003
32
39123
67
39263
79
39484
77
39534
69
39664
32
39894
86
39974
65
40255
16
40335
191
40555
13
40786
83
40986
69
41156
73
41356
32
41547
76
41587
65
41777
222
41997
32
42238
80
42348
82
42458
79
42678
78
42879
84
42989
79
43219
32
43289
65
43419
32
43550
82
43670
73
43860
67
44070
69
44281
86
44361
69
44471
82
44611
69
44731
32
45212
73
45452
32
45623
77
45793
73
45873
69
45953
73
46153
32
46344
77
46424
69
46654
83
46844
83
46874
65
47145
71
47335
71
47415
73
47615
32
47816
73
48286
78
48947
8
49138
8
49288
8
49799
32
49959
70
50029
65
50399
8
50580
8
50900
68
51000
65
51611
71
51751
76
52012
73
52262
32
52372
83
52533
84
52613
65
52713
84
52973
73
53194
32
53404
85
53554
78
53754
73
53895
84
53985
79
54235
188
54415
32
54606
79
54796
32
55016
84
55126
69
55226
32
55397
78
55527
69
55607
32
55777
83
55998
69
56098
73
56328
32
56428
65
56558
78
56689
68
56779
65
57019
84
57149
79
57370
32
58111
73
58301
78
58451
32
58802
86
58912
65
59082
67
59172
65
59563
78
59663
90
59763
65
60033
16
60234
191
60454
13
60824
73
60925
79
61165
32
61686
81
61836
85
61926
73
62136
32
62176
83
62457
84
62557
79
62767
32
62978
66
63138
69
63308
78
63418
69
63608
188
63789
32
63989
76
64069
65
64199
32
64360
77
64540
73
64640
65
64760
32
64960
79
65151
83
65291
80
65571
73
65852
84
65942
69
66052
32
66272
73
66473
78
66633
32
66743
81
66883
85
67013
69
67204
83
67304
84
67544
79
67754
32
67925
77
68005
69
68516
8
69397
79
69797
77
69898
69
70008
78
70158
84
70268
79
70488
32
70989
69
71219
222
71430
32
71640
73
71810
78
71981
32
72181
80
72271
65
72361
76
72521
69
72732
83
72852
84
73052
82
73142
65
73493
188
73753
32
73893
69
74124
68
74274
32
74524
73
74614
79
74825
32
74925
65
75085
80
75225
80
75325
82
75486
79
76587
70
76747
73
77999
84
78179
84
78260
79
78490
32
78680
68
78780
73
79001
32
79081
81
79251
85
79351
69
79561
83
79752
84
80212
79
80473
32
80683
80
80773
65
80913
73
80993
79
81224
32
81354
68
82115
222
82566
79
82706
82
82806
69
82926
32
83177
68
83337
73
83647
32
83878
83
84038
79
84208
76
84448
73
84639
84
84799
85
85220
68
85350
73
85590
78
85670
69
85780
32
86001
80
86081
69
86271
82
86361
32
86551
77
86632
65
86782
78
86922
68
87062
65
87683
82
87783
69
87903
32
88074
77
88114
69
88344
83
88544
83
88574
65
88905
71
89055
71
89155
73
89355
78
89576
73
89796
32
90026
80
90117
69
90918
8
91118
8
91809
83
92009
67
92180
79
92270
82
92440
82
92590
69
92750
76
92820
65
93081
84
93201
73
93451
32
93572
68
93672
65
93772
76
93972
32
94172
76
94222
65
94463
86
94573
79
94733
82
94813
79
95064
32
95204
67
95324
72
95454
69
95564
32
95845
70
95925
65
95975
83
96205
67
96366
67
96476
73
96576
65
96696
77
96906
79
97127
32
97327
73
97497
78
97597
68
97607
83
97708
73
97898
82
97898
69
97948
77
98068
69
98208
32
99600
8
99780
8
99911
8
00051
8
00161
8
00271
8
00401
8
00522
8
01203
83
01333
73
01453
69
01573
77
01683
69
01803
32
02204
189
02474
32
02655
78
02845
79
03055
78
03225
32
03316
67
03446
72
03546
69
03636
32
03816
77
03997
73
04207
32
04477
67
04597
79
04888
78
05068
84
05198
82
05268
79
05429
76
05579
76
05769
73
05989
188
06180
32
06290
65
06440
78
07351
90
07492
73
07902
188
08112
32
09535
83
09695
79
09885
76
10065
79
16194
32
16394
77
16595
73
16815
32
16895
83
17065
69
17155
78
17346
84
17416
79
17666
32
17866
73
18047
78
18878
32
19549
86
19549
67
19859
79
20260
8
20480
8
20831
8
21261
67
21392
79
21552
76
21712
80
21802
65
21972
32
22113
65
22163
32
22463
70
22563
65
22643
82
23014
77
23224
73
23445
32
23515
65
23715
83
23755
80
23915
69
24115
84
24236
84
24356
65
24426
82
24566
69
24776
32
27410
8
28221
188
28412
32
28662
85
29063
84
29203
73
29413
76
29613
73
29704
90
29844
90
30004
65
30154
78
30324
68
30475
79
30705
32
30885
76
30975
65
31126
32
31226
83
31376
85
31476
65
31616
32
31807
77
31877
65
32117
67
32287
67
32417
72
32578
73
32748
65
33229
8
33569
78
33669
65
35021
188
35231
32
39438
8
39878
8
40669
190
40840
190
40990
190
41751
13
42181
16
42252
71
42492
73
42582
65
42913
222
43213
188
43413
32
43654
73
43744
79
43934
32
44144
73
44305
76
44475
32
44675
80
44835
79
44975
82
45166
84
45396
65
45616
84
45747
73
45937
76
46047
69
46187
32
46388
80
46458
69
46608
82
46838
83
46928
79
47159
78
47229
65
47399
76
47499
69
47609
32
47800
78
47980
79
48160
78
48320
32
48511
76
48671
79
48881
32
49081
80
49232
79
49322
82
49522
84
49642
79
49893
32
50003
67
50433
8
50704
77
50794
65
50934
73
51134
32
51234
67
51365
79
51545
78
51705
32
52416
77
52556
69
53267
190
53478
32
53588
16
53688
73
53868
78
54099
84
54179
65
54429
78
54669
84
54790
79
54990
32
55160
77
55340
73
55541
32
55601
83
55811
69
55901
77
56142
66
56262
82
56412
65
56562
32
56762
83
56873
73
56943
65
57113
32
57343
80
57423
69
57654
83
57754
65
57904
78
58094
84
58245
73
58415
83
58615
83
58675
73
58865
77
59076
79
60067
188
60237
32
60338
69
60458
32
60668
80
60828
79
61019
73
61269
32
61679
83
61860
79
62090
78
62270
79
62481
32
62561
83
62761
69
62901
77
63102
80
63142
82
63222
69
63392
32
63652
68
63762
73
63973
32
64083
67
64243
79
64343
82
64564
83
64694
65
64894
188
65094
32
65365
81
65575
73
65575
85
65755
69
65956
83
66126
89
66126
84
66496
222
66697
65
66907
78
67047
78
67217
79
67438
32
68359
8
68529
8
68650
8
68760
8
68870
8
68990
8
69120
8
69270
8
69901
8
70042
8
70192
8
70312
8
71163
85
71283
69
71464
83
71574
84
71914
222
72395
65
72535
78
72665
78
72856
79
73116
32
74077
72
74167
79
74408
32
74578
76
74658
69
74798
32
74949
67
74949
68
75029
79
75199
73
75399
78
75620
67
75740
73
75960
68
76170
69
76391
78
76641
90
76911
69
77032
32
77192
77
77382
79
77522
76
77672
84
77823
79
78043
32
78153
83
78353
84
78534
82
78614
69
78724
84
78874
84
78974
69
79605
188
79826
32
79906
69
80026
32
80236
65
80366
32
80477
67
80617
79
80847
78
81057
84
81178
82
81288
79
81468
76
81598
76
81748
65
81989
82
82089
69
82209
32
82439
73
82600
76
82810
32
83020
80
83160
67
83291
32
83501
73
83681
77
83881
80
84092
73
84242
69
84452
71
84542
65
84813
78
85053
79
85253
32
85474
73
85824
8
86155
85
86335
78
86495
32
86685
80
86826
79
87016
222
87256
32
87527
68
87617
73
87847
32
87977
84
88087
69
88168
77
88388
80
88538
79
89560
190
89790
32
89970
78
90150
79
91082
188
91292
32
91472
78
91653
79
91843
78
92003
32
92173
77
92334
73
92774
8
92944
8
93065
8
93175
8
93305
8
93415
8
93545
8
93676
8
93806
8
93926
8
94086
8
94967
190
95108
190
95258
190
96279
8
96700
32
97221
66
97331
69
97451
78
97541
69
98052
188
98232
32
98793
72
99003
79
99244
32
99524
66
99774
76
99884
65
00145
84
00225
69
00415
82
00525
65
00636
84
00926
79
01136
32
01226
65
01337
32
01597
86
03059
89
03279
79
03550
84
03660
79
03920
32
04401
8
04561
8
04691
8
04812
8
05252
8
05883
85
06093
79
06364
84
06444
79
06684
32
06774
65
06925
66
07065
66
07435
65
07626
83
07746
84
07856
65
08146
78
08246
90
08367
65
08837
190
09148
32
09658
67
09809
73
09879
65
09989
79
10209
32
10309
67
10910
73
10970
65
11071
79
11361
13
11501
13
11762
77
11932
76
12162
85
12262
73
12262
83
12342
65
