31220
16
31490
67
31710
65
31930
82
32200
79
32420
32
32590
16
32750
68
32920
65
33080
78
33300
73
33410
69
33520
76
33630
69
33800
188
34020
13
34240
69
34570
222
34790
32
35830
85
35990
78
36100
32
36380
80
36490
79
36710
222
36930
32
37090
67
37150
72
37260
69
37370
32
37530
78
37700
79
37860
78
38030
32
38190
84
38300
73
38470
32
38580
83
38740
67
38960
82
39120
73
39290
86
39400
79
39620
188
39730
32
39890
77
40000
69
40110
78
40280
84
40440
82
40550
69
40720
32
41050
84
41270
85
41490
32
41600
67
41710
79
41930
78
42090
84
42260
73
42530
78
42750
85
42860
73
43080
32
43190
65
43850
8
44340
65
44510
32
45110
80
45280
69
45500
78
45550
83
45660
65
45880
82
45990
69
46100
32
46210
65
46320
32
46540
77
46590
69
46760
188
46980
32
47090
65
47310
83
47420
83
47530
73
47910
68
48020
85
48130
65
48350
77
48460
69
48570
78
48740
84
48900
69
49840
188
50000
32
50220
79
50380
71
50600
77
51040
8
51320
78
51480
73
51650
32
51810
77
51870
65
52140
84
52310
84
52360
73
52580
78
52690
65
52800
32
52910
65
53020
76
53130
76
53240
69
53350
32
53790
57
54230
190
54890
32
55380
16
55600
69
55880
32
56150
67
56260
79
56480
77
56700
73
56870
78
57140
67
57250
73
57310
65
57470
78
57690
79
57910
32
57960
65
58070
32
58240
86
58350
69
58460
78
58680
73
58730
82
58950
77
59170
73
59340
32
59560
73
59720
32
59830
83
60000
69
60110
78
60330
83
60490
73
60710
32
60880
68
60990
73
61260
32
62080
67
62190
79
62360
76
62580
80
62740
65
63020
16
63130
186
63350
32
63840
78
64010
79
64230
78
64390
32
64500
86
64670
79
64780
82
64990
82
65050
69
65210
73
65380
32
65540
77
65650
65
65760
73
65980
32
66150
67
66200
72
66370
69
66480
32
66590
83
66810
69
66920
78
67080
84
67360
69
67520
78
67690
68
67850
73
67850
79
68510
8
69000
8
69720
79
69990
84
70100
73
70320
32
70710
68
70820
65
70930
32
71090
77
71200
69
71310
32
71530
84
71750
82
71920
65
72080
83
72250
67
72460
85
72630
82
72850
65
72960
84
73180
79
73400
32
73890
84
74060
73
74220
32
74830
83
74990
79
75160
80
75490
82
75540
65
75870
71
76030
71
78230
73
78620
85
78890
78
79330
71
79440
69
79660
83
79820
83
79990
69
80040
32
80260
76
80320
65
80480
32
80590
68
80760
69
80980
80
81090
82
81200
69
81420
83
81530
83
81640
73
81690
79
81910
78
82020
69
82240
16
82460
49
83890
13
84160
16
84330
67
84600
79
84820
77
84880
69
84990
32
85260
86
85320
65
85430
32
85590
76
85700
65
85810
32
85980
86
86090
73
86420
84
86470
65
86750
16
87180
16
87240
16
87290
16
87290
16
87350
16
87400
16
87400
16
87460
16
87510
16
87510
16
87570
191
87790
32
88500
16
88720
66
89000
69
89110
78
89490
69
89990
188
90150
32
90370
79
90540
82
90590
65
90750
32
90920
67
91030
72
91140
69
91250
32
91410
83
91520
73
91630
65
91800
77
92020
79
92180
32
92290
65
92400
76
92620
32
92730
70
92840
82
93060
69
93340
83
93560
67
93780
79
94160
188
94380
32
95150
86
95200
69
95370
82
95480
79
95750
16
95970
191
00200
13
01960
16
02120
73
02290
79
02450
32
02730
79
03390
71
03550
71
03660
73
03880
32
04050
83
04270
84
04490
79
04710
32
04930
66
04980
69
05090
78
05260
73
05370
83
05530
83
05640
73
05800
77
06020
79
06240
188
06410
32
06740
72
07010
79
07180
32
07290
65
07400
80
07560
80
07670
69
07840
78
08000
65
08060
32
08550
73
08770
78
09050
73
09320
90
09540
73
09590
65
09810
84
09980
79
10140
32
10250
65
10360
32
10530
80
10640
69
10800
78
11020
83
11130
65
11350
82
11410
69
11570
32
11680
65
11850
76
12010
32
12230
76
12340
65
12620
86
12830
79
12940
82
13110
79
13330
32
13440
67
13600
72
13660
69
13770
32
13880
68
13930
69
14150
86
14320
79
14540
32
14920
70
15030
65
15140
82
15250
69
16080
188
16300
32
16460
68
16570
79
16730
80
16900
79
17120
32
17280
85
17450
78
17560
65
17670
32
17830
77
17890
65
18160
84
18330
84
18440
73
18660
78
18770
65
18930
84
19040
65
19150
32
19260
65
19370
32
19590
80
19700
65
19810
76
19980
65
20190
90
20360
90
20470
79
20690
32
20910
78
21130
85
21350
79
21510
86
21620
79
21840
32
21950
65
22060
32
22280
70
22340
65
22450
82
22560
69
22720
32
22830
69
23110
83
23160
65
23330
77
23550
73
23770
32
23930
67
24090
79
24370
78
24530
32
24700
16
24810
67
24970
65
25630
86
25740
65
26070
71
26400
78
26620
73
27610
78
27770
79
27990
188
28160
32
28430
85
28650
78
28820
32
29260
80
29420
79
29640
77
29810
69
30080
71
30250
73
30910
71
31070
71
31180
73
31240
79
31450
32
31560
68
31670
65
31780
76
32000
32
32220
68
32440
69
32550
78
32660
84
32830
73
32990
83
33210
84
33270
65
34700
188
34920
32
34970
65
35130
32
35300
70
35410
65
35520
82
36070
77
36290
73
36510
32
36730
84
36890
79
37000
82
37440
84
37660
85
37940
82
38050
65
38100
82
38210
69
38380
32
38490
68
38920
73
39470
69
39750
84
39910
82
40190
79
40520
32
41230
77
41450
79
41730
68
41890
73
42000
67
42110
79
42330
32
42380
69
42550
83
42710
80
43150
8
43370
66
43590
79
45020
82
45300
83
45460
79
45680
32
45900
77
46120
79
46280
78
46450
69
46670
84
46830
65
47050
82
47160
73
47270
79
48480
32
48810
189
49090
32
49310
85
49470
78
49640
79
49850
32
49960
83
50180
84
50350
73
51830
80
51940
69
52160
78
52820
68
52930
73
52990
79
53210
32
53420
80
53530
69
53700
82
53750
32
53970
85
54140
78
54300
32
54520
85
55400
8
56340
76
56500
65
56720
86
56830
79
57000
82
57100
79
57320
32
58370
68
58530
85
58700
82
58860
65
59030
84
59520
79
60180
32
60620
51
60780
32
60950
83
61170
69
61390
68
61660
85
61880
84
61990
69
62210
32
62380
16
62490
57
63310
71
63530
82
63700
82
64250
16
64410
49
64520
49
64680
49
65670
48
66110
32
66610
8
67820
190
67980
190
68140
190
68310
32
68530
73
68690
78
68800
83
68970
79
69190
77
69350
77
69460
65
69570
188
69740
32
69850
83
70010
79
70180
78
70400
79
70560
32
70780
70
70890
69
71060
76
71280
73
71390
67
71550
69
71770
190
72040
13
72870
16
73030
69
73970
77
74300
8
74520
78
74790
84
75010
82
75070
65
75450
78
75670
68
75780
79
76000
32
76160
81
76330
85
76440
73
76660
32
76710
83
76880
73
77040
32
77150
82
77320
69
77540
83
77650
80
77810
73
78090
82
78250
65
78420
32
79130
65
79400
82
79570
73
79680
65
79790
32
80010
68
80120
73
80340
32
80500
77
80670
79
80830
82
81050
84
81160
79
81330
82
81490
73
81600
79
81990
190
82210
32
82590
67
82700
72
82810
69
82970
32
83080
83
83250
85
83580
67
83690
67
83800
69
83960
68
84180
69
84900
16
85340
191
85670
32
85830
77
86050
76
86330
85
86440
73
86540
83
86600
65
90880
8
91540
82
