82330
192
83600
65
84530
32
84690
32
85300
8
85460
8
85630
8
85790
8
05460
16
05680
67
05790
65
06010
82
06120
79
06330
32
06440
16
06610
68
06770
65
07050
78
07320
73
07430
69
07540
76
07650
69
07820
188
08040
13
08970
71
09250
85
09470
192
09740
65
09850
32
10950
8
11060
8
11220
8
11990
73
12270
192
12540
65
12710
32
13040
73
13150
69
13310
82
13420
73
13640
32
13800
77
13970
73
14130
32
14300
83
14410
79
14570
78
14740
79
14960
32
15070
67
15180
73
15340
77
15450
69
15560
78
15780
84
15890
65
16000
84
16060
65
16280
32
16880
67
17050
79
17270
78
17430
32
17590
81
17760
85
17920
69
18090
83
18250
84
18470
79
18800
32
19630
77
19790
65
20070
71
20180
73
20560
67
20620
79
20840
32
20890
69
21060
83
21220
80
21270
69
21490
82
21660
73
21820
77
21930
69
22040
78
22480
84
22590
79
22810
188
23030
32
23140
65
23250
76
23360
76
23470
65
23580
32
24950
13
25340
70
25450
65
25560
67
25720
67
25940
73
26000
65
26330
67
26490
67
26600
73
26660
65
26820
32
26930
68
27040
69
27150
76
27320
76
27430
65
27540
32
27700
80
27870
82
28090
73
28360
86
28470
65
28690
67
29240
89
29790
188
29950
32
30060
67
30170
72
30280
69
30390
32
31050
67
31380
79
31600
78
31770
83
31990
69
32040
78
32200
84
32370
73
32480
82
33030
192
33300
65
33410
32
33580
83
33740
69
33910
77
34130
80
34180
82
34240
69
34400
32
34620
68
34730
73
34950
32
35120
80
35340
73
35610
192
35990
85
36430
32
36980
65
37040
32
37310
84
37370
69
37530
32
37700
69
37860
32
38080
65
38190
32
38360
67
38520
72
38740
73
39070
188
39240
13
40060
67
40280
79
40440
77
40550
69
40660
32
41430
8
41600
8
41760
8
41930
8
42040
8
42260
8
43460
32
43630
67
43680
79
43850
77
43960
69
44070
32
44290
84
44400
69
44560
32
44670
83
44780
65
44890
32
45060
70
45170
65
45280
82
45390
69
45500
32
45940
81
46050
85
46210
69
46380
83
46490
84
46650
69
46760
32
46920
67
47090
79
47250
83
47470
69
48630
32
48790
68
48900
73
49120
32
49230
83
49510
78
49730
73
49950
70
50110
70
50170
65
50280
82
50390
69
50500
32
52140
69
52250
32
52470
67
52530
79
52800
78
52970
84
53080
82
53190
79
53350
76
53520
76
53520
65
53790
82
54010
69
54120
32
54280
67
54560
73
54940
192
55270
79
55490
32
55600
67
55710
72
55770
69
55930
32
56150
70
56260
65
56480
67
56650
67
56760
73
56810
79
57250
190
57360
190
57530
190
59010
13
60710
16
60770
69
61150
222
61370
32
61640
66
61750
69
61920
76
62080
76
62190
79
62410
32
62470
83
62690
69
62740
78
62960
84
63070
73
63180
82
63400
83
63570
73
63790
32
64010
79
64230
83
64340
83
64500
69
64720
82
64940
86
65000
65
65160
84
65320
73
65600
188
65760
32
65980
83
66040
65
66420
80
66530
69
66700
82
66810
69
66920
32
67140
67
67360
72
67470
69
67580
32
67850
81
68020
85
68130
73
68350
32
69440
188
69610
32
69830
80
70100
82
70210
79
70430
80
70490
82
70650
73
70710
79
70930
32
71090
68
71200
73
71370
32
71530
70
71700
82
71810
79
72030
78
72250
84
72300
69
72470
32
72580
65
72680
76
72850
32
73010
77
73230
73
73340
79
73560
32
73780
85
74000
70
74170
70
74280
73
74390
67
74500
73
74550
79
75320
188
75490
32
75600
67
75710
73
75930
32
75980
83
76150
84
76260
65
76420
32
76690
85
76860
78
77020
32
77240
71
77460
82
77520
65
78070
78
78450
68
78620
69
78730
32
78890
70
79110
82
79220
65
79330
84
79440
69
79720
76
79880
76
79990
79
80920
188
81090
32
81200
69
81310
32
81420
67
81530
72
81690
69
81750
32
81970
78
82130
69
82410
76
82850
32
83230
67
83400
79
83620
82
83780
82
83890
73
84000
68
84220
79
84550
73
84600
79
85540
13
85870
65
86140
67
86310
67
86360
65
86530
78
86690
84
86800
79
87080
32
87190
67
87300
73
87460
32
87620
83
87790
84
87840
65
88010
32
88500
85
88720
78
88890
32
89550
16
89660
222
90100
71
90320
82
90370
65
90650
78
92400
68
92570
73
92620
83
92790
83
92900
73
93060
77
93280
73
93780
8
94710
79
94930
32
95310
70
95480
82
95590
65
95700
84
95810
69
96030
76
96140
76
96360
73
96410
83
96580
83
96690
73
96850
77
97070
79
97460
16
97840
222
99320
190
99490
190
99650
190
00590
13
00920
77
01030
65
01080
32
01740
86
01910
85
02070
79
02230
73
02400
32
02620
77
02670
69
02840
84
03000
84
03000
69
03220
82
03330
69
03440
32
03610
76
03720
65
03830
32
03940
83
04100
79
04380
68
04540
68
04650
73
04760
83
05260
70
05370
65
05590
90
05700
73
05750
79
05910
78
06020
69
06190
188
06350
32
06460
81
06630
85
06740
65
06850
78
07010
68
07120
79
07340
32
07560
80
07780
85
08060
66
08170
66
08330
76
08550
73
08660
67
08770
72
08880
69
08990
82
09160
65
09540
78
09700
78
09870
79
10090
32
10470
73
10690
32
10800
86
10860
79
11080
83
11410
84
11520
82
11630
73
12010
13
12670
77
12780
69
13000
82
13110
65
13440
86
13600
73
13770
70
14480
8
14700
71
14810
76
15030
73
15140
79
15250
83
15360
73
15640
32
15800
82
15970
73
16130
83
16350
85
16570
76
16850
84
16950
65
17060
84
17280
73
17450
188
17830
32
20140
83
20420
85
20630
71
20800
71
21240
8
21400
8
22390
70
22500
70
22670
82
22780
65
23000
71
23050
65
23160
84
23440
73
23440
79
24310
8
25080
32
25960
68
26020
65
26180
73
26400
32
26570
68
26680
65
26900
84
27120
73
27340
32
27450
83
27560
80
27670
69
27830
82
27940
73
28160
77
28270
69
28380
78
28490
84
28710
65
28820
76
29040
73
33600
188
33820
32
36730
68
36840
73
37060
32
37440
86
37550
69
37770
68
37940
69
38100
82
38380
69
39470
32
39640
67
39750
79
39970
77
40190
80
40240
65
40410
82
40570
73
40740
82
40790
69
40960
32
41230
73
41450
78
41670
32
41780
80
42060
85
42390
66
42500
66
42710
76
42880
73
42880
79
42990
67
43100
65
43260
90
43430
73
43480
79
43650
78
43870
73
44030
32
44140
83
44310
67
44420
73
44530
69
44690
78
44910
84
45020
73
45410
70
45570
73
45630
67
45850
72
45960
69
46560
32
47710
76
47880
69
47990
32
48150
67
48320
82
48540
69
48650
84
48870
73
49090
78
49200
65
49310
84
49420
69
49530
32
49690
67
49750
72
49910
69
50020
32
50240
73
50350
79
50570
32
50730
84
50840
73
51060
32
51120
83
51340
67
51670
82
51890
73
52270
86
52380
69
52550
82
52710
79
53150
8
53320
192
53810
79
54250
32
54960
82
55020
69
55510
71
55620
79
55790
76
55900
65
56060
82
56170
77
56280
69
56390
78
56560
84
56610
69
56720
32
56940
76
57110
69
57160
32
57380
80
57980
82
58150
79
58260
83
58480
83
58530
73
58750
77
58860
69
58970
32
59080
83
59250
69
59470
84
59630
84
59740
73
59960
77
60070
65
60180
78
60240
69
60510
16
60620
191
61880
32
62050
32
62160
67
62270
73
62320
65
62490
79
63480
190
63700
32
63810
32
63970
77
64140
76
