93170
16
93270
67
93490
65
93550
82
93820
79
94100
32
94210
16
94320
68
94540
65
94650
78
94870
73
94980
69
95030
76
95200
69
95310
188
95580
13
96520
192
96900
69
97060
32
97230
68
97340
65
97610
32
97780
85
97940
78
98110
32
98330
80
98440
79
98660
222
98880
32
99100
68
99210
73
99430
32
00630
84
00740
69
01020
77
01240
80
01400
79
01620
32
01730
67
01840
72
01950
69
02010
32
02230
78
02450
79
02610
78
02780
32
03000
70
03050
65
03330
67
03490
67
03600
73
03660
79
03880
32
04100
73
04260
76
04480
32
04590
67
04700
79
04860
77
05030
80
05250
73
05470
84
05580
79
06130
188
06350
32
06400
69
06570
32
06730
67
06790
79
07010
77
07170
73
07340
78
07670
67
07780
73
07890
65
08050
78
08270
79
08930
32
09040
65
09150
32
09370
86
09480
69
09750
78
09970
73
10140
82
10300
77
10520
73
10690
32
10910
73
11070
32
11180
83
11350
69
11510
78
11670
83
11780
73
12000
32
12170
68
12390
73
12610
32
12990
67
13100
79
13270
76
13430
80
13760
65
13930
190
14150
32
14860
16
14970
69
15250
67
15410
67
15520
79
15740
32
15850
67
15960
72
16120
69
16230
32
16950
79
17220
82
17390
65
17660
188
17830
32
17880
65
17990
80
18160
80
18270
69
18430
78
18540
65
18650
32
18820
65
19030
83
19360
8
19470
82
19640
82
20460
73
20790
86
20850
65
21010
84
21070
65
21230
32
21450
73
21620
78
21780
32
22000
85
22220
70
22390
70
22550
73
22880
67
22990
73
23100
79
23540
32
23980
69
24140
32
24310
65
24580
78
24690
67
24910
79
25020
82
25130
65
25300
32
25410
68
25520
69
25630
76
25850
32
26120
84
26290
85
26390
84
26560
84
26670
79
26890
32
27110
80
27270
82
27440
73
27660
86
27770
65
27880
32
27990
68
28040
69
28210
76
28370
76
28480
65
28590
32
28980
86
29140
79
29360
71
29470
76
29690
73
29750
65
29910
32
30070
68
30240
73
30400
32
30680
76
30730
65
30900
67
31010
79
31280
8
31560
86
31720
79
31890
82
32220
65
32820
8
32930
8
33100
8
33260
8
33370
8
34080
86
34250
79
34410
82
34520
65
34690
82
34800
69
35020
32
35130
83
35350
69
35510
82
35680
73
35790
65
35950
77
36010
69
36170
78
36390
84
36500
69
36940
188
37110
32
37980
84
38090
73
38310
32
38420
68
38590
69
38860
68
38970
73
39080
67
39250
79
39470
188
39630
32
40020
8
40180
8
40840
32
41170
189
41390
32
41610
79
41770
32
41940
77
42050
69
42270
71
42430
76
42650
73
42760
79
44250
188
44410
32
44580
68
44740
69
44900
70
45340
8
46000
68
47050
73
47160
67
47270
79
47540
32
47650
65
48090
76
48260
76
48310
65
48480
32
48640
84
48750
85
48970
65
49080
32
49960
70
50070
65
50290
86
50400
79
50560
76
50730
79
51060
83
51170
65
51330
32
51660
82
51830
73
51940
67
52100
69
52260
82
52590
67
52650
65
53420
189
54240
32
55290
51
55450
32
55730
77
55890
73
56110
78
56270
85
56440
84
56550
73
56820
32
56990
68
57100
69
57210
76
57430
32
57590
77
57810
73
57920
79
58140
32
58420
80
58580
82
58750
69
59130
90
59350
73
59410
79
59620
83
59730
79
59950
32
60170
84
60280
69
60560
77
60780
80
60940
79
61160
190
62100
32
62260
16
62480
67
62700
72
62810
69
62980
32
63090
68
63200
73
63300
82
63410
69
63740
16
63800
191
64070
32
64790
16
64900
69
65280
222
65500
32
65610
83
65780
67
65940
73
65940
79
66330
8
66930
8
67700
79
67920
80
68080
80
68250
73
68360
65
68470
84
68690
79
68910
32
69130
73
69290
76
69460
32
69570
67
69620
65
69730
76
69900
68
70010
79
71430
188
71600
32
76270
73
76430
76
76600
32
76760
67
76870
72
77310
69
77640
32
78240
68
78350
65
78460
32
78680
85
78850
78
79010
32
79230
76
79340
65
79450
84
79670
79
79840
32
80000
77
80170
73
80390
32
80610
70
80660
65
80830
32
81100
80
81320
73
81430
65
81810
67
81920
69
81980
82
82090
69
83410
188
83570
32
83850
68
83900
65
84070
76
84230
76
84400
222
84620
32
84840
65
85000
76
85280
84
85380
82
85440
79
85770
32
86480
77
86650
73
86870
32
86920
83
87140
67
87310
79
87580
67
87750
67
87860
73
87970
65
88130
188
88300
32
88520
80
88630
69
88850
82
89060
67
89170
72
89280
69
89500
222
89780
32
90820
77
90990
73
91210
32
91370
79
91590
66
91700
66
91980
76
92140
73
92360
71
92420
65
92580
32
92690
65
92740
32
93020
70
93130
65
93180
82
93400
69
93570
32
94720
189
94940
32
95160
80
95330
82
95440
79
95660
66
95770
65
95820
66
96040
73
96210
76
96420
77
96590
69
96700
78
96920
84
97030
69
97140
32
97690
78
97800
69
97960
76
98130
32
98290
70
98400
73
98620
78
98730
69
98840
32
98950
83
99170
69
99340
84
99500
84
99610
73
99830
77
99940
65
00050
78
00210
65
01040
189
01420
32
01920
81
02140
85
02250
69
02520
76
02690
76
03130
222
03400
32
03680
79
03840
70
03890
68
04330
8
04880
187
05270
8
05430
8
06260
68
06480
73
06640
79
06700
83
06860
79
07080
32
07300
76
07410
65
07570
86
07740
79
07850
82
07960
79
08180
32
08290
67
08400
72
08560
69
08670
32
08840
83
08950
73
09220
32
09330
67
09440
72
09610
73
09720
65
09880
77
09990
65
10100
32
10600
67
11200
8
11310
65
11910
8
12020
8
12300
67
12350
65
12740
77
13230
66
13450
73
13620
79
13780
32
13890
68
14000
73
14280
32
14930
83
15150
84
15210
65
15540
71
15650
73
15760
79
15920
78
16030
69
16200
188
16360
32
16580
80
16640
69
16860
82
17130
32
17900
67
18010
85
18120
73
18290
32
18450
68
18560
79
18780
86
19000
82
19110
79
19440
222
19660
32
19820
82
19930
73
20260
84
20810
73
21090
82
21200
65
21310
82
21470
69
21640
32
22350
77
22460
65
22730
71
22840
76
23010
73
23120
69
23450
188
23610
32
23890
71
24110
73
24160
65
24440
67
24600
67
24770
72
24880
69
24990
32
25150
69
25210
32
25430
67
26080
8
26960
71
27180
73
27240
65
27460
67
27680
67
27730
79
27950
78
28170
73
28450
32
28610
69
28780
32
29440
84
29650
73
29930
82
29980
65
30090
82
30310
32
30530
70
30750
85
30970
79
31190
82
31360
73
32290
32
32900
77
33060
65
33440
71
33610
75
33610
76
34050
8
34650
8
35700
76
35920
73
36080
69
36250
84
36360
84
36580
69
36910
188
37070
32
37450
71
37730
73
37780
65
38000
67
38220
67
38280
72
38440
73
38610
78
38720
69
40800
188
41020
32
41680
69
42510
67
42670
67
42890
190
43170
69
43390
67
43550
67
43770
190
43770
191
44270
8
44870
32
45090
16
45200
69
45470
32
45640
67
45860
73
46080
79
46080
80
47010
8
47730
222
47950
32
48110
32
48220
67
48330
72
48440
69
48550
32
49260
192
49540
69
49760
32
50580
65
50750
78
50860
67
51020
72
51080
69
51190
32
51460
80
51570
69
51900
71
52060
71
52120
73
52230
79
53110
190
53270
190
53440
190
53770
32
54370
68
54590
79
54760
86
55250
82
55740
79
56460
8
56620
192
57060
79
58490
32
58710
83
58930
84
59310
73
59640
82
59750
65
59860
82
60030
69
60140
32
60300
84
60410
85
60580
84
60740
84
60850
79
61130
16
61350
49
61510
49
61680
49
61790
49
63490
32
63600
32
63930
16
64040
79
64310
75
64640
188
64860
32
65520
80
65630
69
65850
82
65960
32
66180
79
66350
71
66510
71
66620
73
66840
32
67170
72
67280
79
67500
32
67720
68
67770
65
67940
84
68160
79
68380
190
68540
190
68710
190
68930
32
69420
77
69590
76
69810
85
69970
73
70080
83
70240
65
