30180
67
30290
97
30620
114
30790
111
31010
32
31340
68
31390
65
31780
110
32000
105
32110
101
32210
108
32320
101
33480
8
33640
8
33750
8
33860
8
34030
8
34140
8
34740
97
34960
110
35130
105
35240
101
35350
108
35460
101
35730
44
35950
13
36330
111
36610
103
36770
103
36880
105
37050
32
37270
109
37380
97
37430
110
37650
116
37820
101
38150
110
38370
102
38860
8
39080
103
39360
111
39570
32
39790
108
39900
97
40010
32
40230
112
40340
114
40510
111
40730
109
40890
101
41110
115
41280
115
41330
97
41500
32
41610
100
41720
97
41830
32
41940
99
42100
97
42270
115
42320
97
42710
46
42980
13
43580
115
43750
111
43970
110
44130
111
44350
32
44680
113
44850
117
44900
105
45340
44
45560
32
45890
115
46330
118
46830
8
47320
100
47480
114
47590
97
48090
105
48200
97
48360
116
48470
97
48640
32
48860
115
48970
117
49190
108
49410
32
49630
108
49740
101
50010
116
50230
116
50340
111
50560
44
50780
32
50890
99
51050
111
51220
105
51380
32
51490
99
51660
97
51770
112
51880
101
51990
108
52100
108
52260
105
52480
32
52700
98
52810
97
53090
103
53200
110
53360
97
53580
116
53750
105
54020
32
54570
45
54840
32
55060
105
55280
108
55450
32
56270
112
56440
114
56660
105
56880
109
57040
111
57260
32
57480
109
57590
97
57920
103
58080
103
58190
105
58250
111
59020
13
60940
108
61110
97
61220
32
63690
112
63850
111
64020
108
64240
116
64400
114
64570
111
65170
110
65390
105
65660
116
65770
101
65880
32
67310
232
67590
32
67970
117
68190
110
68360
32
69180
111
69560
98
69670
98
69950
108
70170
105
70440
103
70550
111
71650
46
71820
46
71930
46
72150
32
72370
111
72590
32
72750
110
72910
111
73740
63
74670
32
74840
32
76810
32
77090
101
77250
32
77420
116
77530
97
78460
97
79120
8
79560
110
79780
116
79890
111
80060
32
80270
112
80380
101
80550
114
80660
32
80880
102
80930
97
81100
116
81480
8
81540
114
81870
32
82360
113
82530
117
82640
97
82910
108
83080
99
83350
111
83520
115
83630
97
83790
32
84230
104
84390
111
84610
32
84720
99
84830
111
85050
110
85270
116
85380
114
85550
111
85710
108
85820
108
85880
97
86040
114
86100
116
86210
111
86540
8
86700
8
86920
8
87800
116
88020
111
88290
13
88730
115
88900
101
89010
32
91150
113
91370
117
91480
97
91810
108
93070
99
93290
117
93510
110
93680
111
93900
32
94120
44
94120
109
94280
105
94450
32
94830
104
94880
97
94990
32
95760
8
95870
8
96040
8
96150
8
96260
8
96370
8
96530
8
97140
109
97360
105
97520
32
97740
104
97850
97
97960
32
98130
115
98350
99
98560
114
98730
105
98840
116
99000
116
99110
111
99440
46
99660
13
00710
84
00930
117
01150
32
01310
97
01810
8
02350
115
02960
101
03180
105
03400
32
03620
117
03780
110
04000
111
04170
32
04330
100
04440
101
04500
105
04720
32
04940
112
05160
105
06470
249
06860
32
07130
102
07300
101
07460
100
07630
101
07790
108
07960
105
08620
32
09170
45
09390
32
10210
110
10430
111
10650
110
10760
32
11030
112
11200
97
11420
115
11640
115
11750
97
11860
32
12020
103
12190
105
12350
111
12410
114
12570
110
12790
111
12960
32
13070
115
13280
101
13390
110
13610
122
13780
97
14160
8
14380
8
15430
122
15540
97
15650
32
15810
99
15980
106
15980
104
16030
101
16360
32
16640
8
16800
8
16960
8
17070
8
17730
104
17840
101
18010
32
18120
116
18280
105
18780
8
19490
117
19990
13
20860
44
21250
109
21410
105
21580
32
21800
112
21910
101
22070
110
22180
115
22350
105
22510
32
22730
112
22840
101
23060
114
23170
32
23450
117
23670
110
23830
32
24000
97
24320
116
24490
116
24650
105
24760
109
24980
105
25200
110
25370
111
25640
44
25810
32
25920
101
26030
32
27020
115
27240
101
27350
110
27510
116
27790
97
27950
32
28170
105
28330
108
28500
32
28830
98
29050
105
29270
115
29380
111
29710
103
29980
110
30150
111
30370
32
30480
100
30590
105
30970
32
31520
114
31740
105
32230
99
32340
111
32450
114
33000
100
33110
97
33330
114
33500
116
33610
105
34320
8
34490
8
34600
8
35420
114
35750
109
35910
105
35910
111
36190
32
36300
99
36460
104
36460
101
36680
13
37290
101
37510
115
37620
105
37730
115
38720
116
38830
105
39430
44
39650
32
43160
101
43270
32
43440
99
43600
104
43710
101
43820
32
43990
104
44100
97
44210
32
44760
8
45640
105
45860
32
46130
112
46350
105
46510
97
46950
99
47060
101
47230
114
47340
101
47450
32
47610
99
47780
104
47830
101
48000
32
48110
97
48330
110
48550
99
48820
104
49650
39
49920
32
50190
105
50250
111
50520
32
50690
109
50800
101
50910
32
51070
110
51180
101
51350
32
51510
114
51730
105
51900
99
52060
111
52230
114
53000
100
53160
105
53770
32
54090
105
54310
110
54700
118
54860
105
54970
97
55140
110
55630
100
55910
111
56020
116
56240
105
56950
13
57340
117
57550
110
57660
32
57880
109
58100
105
58160
111
58380
32
58540
112
58870
101
59040
110
59310
115
59480
105
59640
101
59860
114
59970
105
60630
110
60850
111
61130
46
61620
32
62220
13
62720
67
62940
101
63160
114
63380
116
63490
111
63820
44
63980
32
64200
116
64370
117
64640
32
64860
104
64910
97
65080
105
65300
32
65520
118
65630
105
65900
116
65960
97
66180
32
66400
112
66620
105
67990
249
68320
32
68590
102
68760
97
68870
99
69140
105
69310
108
69420
101
70080
33
70680
32
74530
113
74690
117
74800
97
75080
115
75190
105
75460
32
75680
113
75850
117
75950
97
76170
115
76280
105
76500
32
76670
99
76780
101
76940
114
77270
99
77440
111
77600
32
77820
105
77990
108
78210
32
78370
109
78540
111
78700
100
78810
111
79090
32
79630
100
79800
105
81560
13
81890
97
82110
117
82440
116
82550
111
82820
109
82930
97
83210
116
83370
105
83700
122
83860
122
83970
97
84140
114
84300
101
84410
32
84690
113
84850
117
84960
101
85180
115
85290
116
85400
101
85510
32
85900
109
86120
105
86170
101
86340
110
86340
32
86500
114
86670
105
86780
115
86890
112
87050
111
87160
115
87320
116
87430
101
88640
44
88860
32
91440
101
91610
32
91940
102
92050
97
92160
114
92270
116
92600
105
92820
32
92930
115
93150
99
93310
114
93480
105
93750
118
93860
101
94080
114
94140
101
94250
32
94570
113
94740
117
94850
97
95070
108
95340
99
95510
111
95670
115
95840
97
96060
44
96280
32
96440
109
96550
97
96830
103
96880
97
97160
114
98040
105
98310
13
98580
115
98750
101
98860
109
99080
112
99240
114
99300
101
99410
32
99630
108
99740
97
99900
32
00070
115
00290
116
00400
101
00620
115
00780
115
00950
97
01060
32
01170
99
01330
111
01500
115
01550
97
02650
44
02810
32
02920
97
03310
100
03420
32
03690
111
03970
103
04190
110
04410
105
04630
32
05230
116
05400
117
05610
111
05780
32
06000
109
06110
101
06330
115
06490
115
06550
97
06820
103
06990
103
07100
105
07150
111
08090
46
08200
46
08360
46
08800
32
09620
99
09790
105
09900
97
09950
111
10830
44
11000
32
11160
32
11380
44
11380
109
11550
108
11770
117
11880
105
11930
115
11990
97
