15850
16
16010
67
16120
65
16400
82
16510
79
16780
32
16780
16
17220
68
17990
8
18540
16
18700
68
18810
65
19200
78
19360
73
19470
69
19580
76
19690
69
19860
188
20130
13
20900
192
21450
69
21560
32
21730
67
21890
79
22050
78
22220
32
22380
86
22440
69
22660
82
22770
79
22930
32
23150
80
23320
73
23430
65
23590
67
23700
69
23920
82
24030
69
24200
32
24910
67
25080
72
25130
69
25300
32
25460
84
25620
73
25840
32
26010
73
26230
78
26390
86
26560
73
26610
79
26830
32
26940
81
27110
85
27220
69
27440
83
27550
84
27770
79
27990
32
28150
77
28210
69
28430
83
28590
83
28650
65
28870
71
29030
71
29090
73
29140
79
29410
32
29520
68
29630
73
29800
32
29910
82
30020
73
30180
78
30400
71
30620
82
30730
65
30950
90
31010
73
31170
65
31390
77
31500
69
33590
78
33810
84
33970
79
34190
13
34470
80
34520
69
34740
82
34800
32
35020
73
35180
76
35350
32
35460
68
35680
69
35900
75
36390
8
36610
76
36830
73
36940
90
36990
73
37100
79
37600
83
37710
79
37980
32
38040
67
38150
65
38370
70
38480
70
38590
69
39140
8
39300
192
39740
8
40240
222
40510
69
40560
32
41610
8
41830
8
41940
8
42100
8
42710
8
42870
8
43040
8
43530
8
43530
8
43590
8
43640
8
43640
8
43700
8
43750
8
43750
8
43810
8
43810
8
43860
8
43920
8
43920
8
43970
8
44020
8
44020
8
44190
8
44410
8
45180
32
45560
80
45620
69
45780
82
45840
32
46060
73
46220
76
46390
32
46440
68
46610
69
46720
76
46940
73
47100
90
47160
73
47320
79
47980
8
48970
79
49080
83
49130
79
49350
32
49570
67
49790
65
50230
70
50400
70
51220
222
51550
69
51710
32
51880
67
51990
72
52100
69
52210
32
53530
189
53800
32
54020
83
54190
80
54350
79
54630
78
54900
84
55010
65
55340
78
55450
69
55830
65
56050
78
56380
8
56660
77
56770
69
56880
78
57100
84
57100
71
57210
69
57700
8
57810
8
58140
69
59070
32
59350
189
59620
32
59840
77
60010
73
60230
32
60390
72
60500
65
60610
73
60890
13
61220
79
61710
82
62150
8
62320
8
62480
8
63030
32
63360
79
63470
82
63580
32
63850
79
63910
82
64070
65
64240
32
64460
79
64730
70
64900
70
64950
69
65170
82
65390
84
65450
79
65720
190
65940
13
68800
16
69240
16
69290
78
69460
79
69680
78
69840
32
70000
83
70060
79
70280
32
70390
67
70500
72
70660
73
70880
32
70940
65
71160
66
71320
66
71490
73
71710
65
71870
32
72090
65
72260
66
72530
8
72700
86
72920
85
73080
84
73080
82
73520
32
74010
8
74120
8
74780
79
74950
32
75170
76
75220
65
75330
32
75550
66
75610
69
75770
76
75940
76
76050
65
76100
32
76380
73
76490
68
76650
69
76820
65
76980
32
77090
68
77200
73
77420
32
77640
80
77800
79
78300
8
78570
8
79400
70
79510
65
79620
82
79780
32
80000
77
80110
69
80280
84
80390
84
80550
69
80770
82
80830
69
80930
32
81370
81
81540
85
81700
69
82030
76
82140
76
82310
65
85550
32
85710
76
85990
85
86320
68
86700
8
86920
83
87090
83
87200
85
87420
79
87690
83
88080
65
88730
32
89390
77
89500
65
89720
67
89890
67
89940
72
90160
73
90330
69
90660
8
90930
78
90990
69
91150
84
91260
84
91370
65
91480
32
91700
73
91870
78
92030
32
92190
83
92250
65
92410
76
92520
65
92630
32
93570
82
93730
73
93900
85
94060
78
94280
73
94390
79
94560
78
94780
73
95160
190
95330
32
95490
16
95600
67
95820
69
95930
82
96090
84
96310
79
96530
32
96810
192
97140
69
97250
32
97410
67
97520
72
97580
69
97740
32
00100
82
00270
73
00380
83
00490
80
00650
79
00760
69
00980
84
01090
84
01200
79
01420
32
01590
65
01700
76
01810
76
01860
65
02080
32
02520
67
02630
65
02740
82
03070
67
03180
65
03340
83
03510
83
03620
65
03730
32
03890
67
04060
72
04170
69
04280
32
04440
67
04770
222
05160
192
05430
69
05600
32
05760
65
06420
8
06590
8
06750
8
07350
8
08290
69
08450
32
09170
8
09330
8
09990
192
10210
69
10370
32
11310
65
11470
76
11640
32
11860
80
12080
73
12130
65
12300
78
12520
79
12680
32
12790
65
13070
85
13290
76
13400
69
13620
190
13780
190
13950
190
14380
32
17350
78
17520
79
17730
78
17900
32
18060
67
18340
222
18610
192
18940
69
19050
32
19220
67
19330
79
19550
78
19770
70
19930
82
20040
79
20260
78
20590
84
20700
79
25700
192
25970
69
26960
32
28230
190
28940
13
29100
16
29320
85
29490
78
29650
32
29870
77
29930
65
30310
71
30480
73
30640
32
30750
79
31520
8
31690
8
32180
67
32780
79
33000
32
33220
67
33330
65
33610
70
33770
70
35750
222
36790
69
36900
32
38060
67
38280
82
38500
69
39760
77
39920
79
40030
83
40140
79
40420
188
40580
32
40800
80
40970
82
41080
79
41460
70
41630
85
41850
77
41960
65
42180
84
42290
79
42620
32
43710
8
44210
188
44430
32
47390
78
47500
69
47670
76
47780
76
47890
65
48000
32
48160
68
48270
79
48550
83
48770
69
48880
32
49040
67
49100
72
49210
69
49320
32
49480
83
49700
67
49870
69
50470
70
50580
76
50750
73
50860
65
50960
77
51130
79
51350
32
51950
8
52120
8
52280
8
52390
8
52500
8
52670
8
52720
8
52890
8
53660
69
53930
71
54040
76
54260
73
54370
65
54540
77
54700
79
54860
32
55080
78
55300
79
55410
73
55740
190
55850
190
56020
190
56460
32
57060
69
57230
68
57340
32
57890
79
58160
71
58320
71
58380
73
58600
32
58760
80
58820
69
59040
82
59090
32
59260
68
59370
73
59530
32
59810
80
60190
73
60410
192
60580
85
60910
32
62000
71
62280
82
62440
65
62940
84
63210
73
63320
83
63540
16
63710
49
63820
49
63980
49
64090
49
64260
49
65030
13
69470
16
69640
76
69800
65
69910
32
70080
80
70240
82
70520
79
70740
68
71070
8
71230
83
71890
83
72000
73
72170
77
72330
65
72390
32
72660
86
72770
79
72940
76
73210
84
73260
65
73590
188
73760
32
73870
81
74030
85
74140
65
74250
78
74360
68
74530
79
74690
32
74970
86
75080
79
75240
82
75410
82
75740
73
76780
8
76940
65
77660
73
77880
32
78210
67
78320
79
78540
78
78810
81
78980
85
79090
73
79200
83
79360
84
79470
65
79580
82
79800
84
80020
73
80240
32
80510
85
80730
78
80900
32
81170
65
81280
76
81560
84
81670
82
81720
79
82000
32
82770
80
82990
82
83150
69
83370
83
83590
84
83700
73
84030
71
84190
73
84250
79
84410
83
84580
73
84960
8
86280
79
86500
32
87000
77
87110
69
87330
83
87490
83
87600
65
87820
71
88040
71
88150
73
88200
79
88480
188
88700
32
89800
80
90130
82
90240
79
90510
86
90570
69
90790
82
90950
79
91660
192
92100
79
92270
32
92540
73
92710
76
92930
32
92980
67
93090
65
93150
80
93310
80
93530
85
93750
67
93970
67
94080
73
94300
78
94520
79
94740
190
94960
32
95070
16
95290
65
95730
78
95840
90
96000
73
96170
32
96330
78
96550
79
96720
188
96880
32
97050
77
97210
65
97540
71
97650
65
97760
82
97980
73
98150
32
98310
76
98420
65
98530
32
98700
67
98810
73
98910
79
99080
67
99300
67
99350
79
99520
76
99630
65
99850
84
99960
65
00400
32
01280
189
01500
32
01660
77
01720
69
01830
32
01990
78
02100
69
02210
32
02430
72
02540
65
02700
78
02810
78
03030
79
03200
32
03420
80
03470
65
03690
82
03750
76
03860
65
04080
84
04190
79
04410
32
04520
67
04630
79
04740
83
05120
192
05510
73
05730
32
06060
66
06170
69
06270
78
06380
69
06660
16
06770
49
07870
32
08030
32
08140
16
08310
77
08360
65
08580
82
08690
73
08800
65
08910
32
09020
16
09190
76
09460
85
09570
73
09680
83
09740
65
30550
8
