03519
16
03629
67
03819
65
04570
82
04720
79
04941
32
05081
16
05221
68
05421
65
05702
78
05882
73
05982
69
06082
76
06182
69
06303
188
06503
13
06623
69
06883
67
07064
67
07164
79
07424
84
07514
73
07805
32
08015
76
08175
222
08446
85
08656
76
08866
84
09017
73
09237
77
09417
79
09637
32
10709
67
11180
65
11270
77
11470
80
11660
73
11730
79
12021
78
12161
69
12251
32
12451
68
12532
65
12932
71
13052
76
13243
73
13453
32
13453
16
13703
83
13884
84
13964
65
14074
84
14294
73
14464
32
14575
16
14695
85
14855
78
15045
73
15165
84
15286
73
15516
190
15766
13
17369
16
17489
85
17649
78
17809
73
18029
84
18110
69
18350
68
18480
32
18720
65
18911
73
19101
82
19662
76
19842
73
20042
78
20123
69
20333
68
20683
8
20783
83
20994
32
21174
69
21254
32
21444
84
21575
65
21735
76
21895
69
22226
66
22346
65
22426
78
22616
73
22826
32
23027
80
23117
69
23307
82
23427
77
23808
69
24048
84
24198
84
24278
69
24539
78
24699
68
24819
79
25490
188
25500
75
25981
8
26592
32
26782
83
26962
84
27042
65
27323
83
27523
69
27924
82
28184
65
28374
32
28915
65
29045
76
29176
76
29246
69
29376
32
29756
55
30017
32
30147
68
30327
79
30628
86
30818
82
30928
69
31088
73
31299
32
31519
80
32120
65
32580
82
32911
73
33982
8
34944
84
35184
73
35254
82
35324
69
35535
188
35755
32
35955
73
36095
76
36266
32
36366
67
36476
72
36566
69
36696
32
36937
86
37087
85
37277
79
37427
76
37618
32
37748
68
37888
73
38078
82
38178
69
38299
32
38489
67
38619
72
38709
69
38829
32
38930
65
39020
32
39230
80
39320
65
39490
82
39741
84
39801
73
39971
82
40051
69
40171
32
40342
68
40482
65
40732
32
41203
8
41694
76
41824
76
41914
65
42014
32
42224
80
42525
82
42705
79
42845
83
43015
83
43126
73
43346
77
43426
65
43576
32
43676
83
43867
69
44087
84
44257
84
44387
73
44588
77
44648
65
44798
78
44898
65
44988
32
45209
80
45359
79
45619
84
45789
82
45880
69
46070
73
47732
191
48073
68
48233
79
48483
86
48684
82
48774
69
48914
73
49124
32
49274
68
49365
73
49535
32
49705
78
49895
85
50076
79
50246
86
50296
79
50496
32
50586
69
50777
83
50957
83
51157
69
51367
82
51448
69
51528
32
51728
80
51788
82
51858
69
52088
83
52279
69
52389
78
52519
84
52619
69
52779
32
52980
73
53160
78
53320
32
53410
68
53551
73
53721
80
53841
65
54202
82
54412
84
54582
73
54782
77
54882
69
55013
78
55183
84
55263
79
55473
188
55674
32
55744
65
56134
32
56675
68
56855
69
56945
76
57136
73
57336
90
57466
73
57606
65
57877
82
58257
86
58378
73
58588
32
58678
68
58768
69
58858
76
59008
76
59139
65
59239
32
59399
77
59579
73
59669
65
59800
32
60010
80
60110
82
60180
69
60400
83
60631
69
60711
78
61041
90
61121
65
61472
190
62133
32
63585
16
63665
83
64036
80
64106
69
64276
82
64356
79
64556
32
64667
67
64767
72
64867
69
64967
32
65117
78
65287
79
65478
78
65648
32
65728
65
65848
66
65988
66
66179
73
66259
65
66429
84
66609
69
66730
32
66890
83
67070
69
67240
77
67421
84
67711
8
68352
8
68722
78
68993
82
69524
8
69694
84
69864
73
69954
84
70084
79
70285
32
70545
84
70695
82
70966
79
71186
80
71336
80
71466
79
71687
32
72047
76
72177
65
72298
32
72458
77
72648
73
72758
65
72878
32
73079
77
73199
65
73309
78
73519
67
73629
65
73830
78
74010
90
74090
65
74240
32
74701
8
75011
188
75182
32
75392
73
75492
79
75712
32
75893
76
75983
65
76123
32
76333
86
76443
79
76564
83
76744
84
76924
82
77054
65
77185
32
77525
76
77705
222
78046
72
78246
79
78436
32
78547
83
78717
69
78807
78
78997
84
79107
73
79258
84
79508
65
80389
32
82102
8
82672
188
82843
32
82953
16
83133
57
83403
83
83514
79
83724
78
83894
79
84074
32
84265
67
84325
65
84455
82
84545
65
84655
32
84836
86
84916
69
85126
82
85216
73
85557
16
85697
191
85937
48
86768
8
87119
35
87299
35
87870
8
88170
8
89753
79
89933
16
90353
191
90664
48
91976
188
92146
32
92296
69
92396
32
92547
67
92647
72
92797
69
92877
32
96883
77
97093
73
97313
32
97794
83
98305
84
98585
73
98685
65
98826
84
99567
8
00558
84
00658
69
00778
32
00979
80
01039
82
01209
69
01490
80
01600
65
01810
82
01920
65
02130
78
02311
68
02441
79
02641
32
02811
85
03002
78
03272
222
03462
32
03613
65
03813
67
03983
67
04073
79
04414
71
04524
76
04724
73
04804
69
04964
78
05125
90
05215
65
05305
32
05876
67
06026
79
06236
78
06377
32
07037
66
07138
65
07248
78
07398
68
07508
65
07618
32
07899
77
08209
85
08359
83
08480
73
08610
67
08710
65
09020
76
09110
69
10392
77
10783
8
11093
188
11254
32
11454
80
11534
65
11784
82
11975
84
12135
89
12355
32
12445
67
12575
79
12746
78
12916
32
13026
67
13176
79
13467
78
15109
8
15500
67
15600
65
15850
67
15970
79
16121
76
16221
65
16331
32
16441
69
16571
32
16751
80
16872
65
17082
83
17352
84
17482
73
17743
67
17903
67
17993
73
18163
78
18374
73
18624
188
18804
32
19305
69
19415
32
21478
79
21648
83
21789
80
22019
73
22169
84
22269
79
22279
73
22520
32
22740
68
23381
222
23671
79
23882
78
24082
79
24222
82
24713
69
25394
190
25614
13
26025
16
26125
83
26445
80
26826
8
27257
8
28158
16
28218
77
28408
73
28619
32
28709
65
28849
83
28969
80
29089
69
29320
84
29460
84
29670
79
29860
32
30021
68
30121
73
30301
32
30471
78
30621
79
30802
78
30982
32
31082
68
31192
79
32574
8
33045
8
33586
80
33746
79
33996
84
34076
69
34207
82
34417
32
34928
82
35068
73
35268
77
35368
65
35589
78
35789
69
36790
82
36890
69
37041
32
37501
68
37702
69
37952
76
38583
85
38693
83
38793
65
38893
32
39023
68
39124
65
39284
76
39424
76
39584
222
39755
65
40235
67
40405
67
40496
79
40736
71
40866
76
41066
73
41147
69
41327
78
41497
90
41567
65
42408
188
42599
32
42699
69
42799
32
44101
13
44381
77
44581
73
44762
32
44992
80
45082
82
45172
69
45473
80
45653
65
46174
82
46324
79
46514
32
46634
65
46715
32
46905
70
47025
65
47095
82
47265
69
47375
32
47706
73
47876
76
48066
32
48157
67
48297
76
48487
73
48597
67
48878
75
49058
32
49268
80
49378
69
49579
82
49659
32
49879
85
50059
78
50139
65
50250
32
50360
68
50550
69
50640
76
50770
76
50871
69
50971
32
51191
85
51391
76
51632
84
51752
73
51932
77
52012
69
52142
32
52423
77
52553
65
52673
73
52843
76
53054
32
53154
83
53715
80
53815
69
54005
68
54075
73
54346
84
54426
69
54566
32
54756
68
55908
73
56238
32
58321
8
58722
8
59062
65
59303
32
59523
16
59633
65
59944
76
60354
66
60434
65
60534
78
60715
73
60945
188
61165
32
61446
69
61566
32
61706
68
61766
65
61906
32
62147
81
62297
85
62417
69
62617
83
62708
84
62968
79
63268
32
63469
76
63579
65
63919
66
64270
84
64540
79
64760
80
65441
190
65672
32
65762
67
65892
73
65972
65
66062
79
66253
32
66383
67
66483
73
66593
65
66683
79
67084
32
67715
8
68406
188
68606
32
68746
83
68826
65
68926
76
69157
85
69347
84
69417
73
69617
32
69758
65
69818
32
70028
67
70178
76
70719
8
71070
8
71440
16
71590
86
71971
8
72131
16
72321
67
72572
76
72762
65
72892
85
73163
68
73273
73
73353
65
74284
190
74504
32
74685
77
74865
76
75115
85
75205
73
75276
83
75336
65
