71920
16
72090
67
72250
65
72360
82
72580
79
72800
32
72970
16
73190
68
73300
65
73520
78
73740
73
73790
69
73900
76
74010
69
75220
188
75440
13
75770
71
75930
82
76040
65
76210
90
76260
73
76480
69
76540
32
76700
80
76760
69
76980
82
77090
32
77250
76
77420
222
77690
73
77960
78
78350
70
78460
73
78620
78
79670
8
79670
187
79830
8
80000
8
80110
8
80270
8
80380
8
81100
222
81320
32
81590
73
82690
78
83020
70
83180
73
83400
78
83620
73
83950
84
84450
192
84670
65
84780
32
85000
68
85110
73
85270
32
85430
77
85490
69
85710
83
85870
83
85930
65
86200
71
86370
71
86420
73
86700
32
87360
67
87470
72
87580
69
87690
32
87850
77
88020
73
88180
32
88290
83
88400
65
88460
84
88730
73
88950
32
89110
77
89170
65
89280
78
89440
68
89500
65
89880
78
90320
68
90490
79
91370
32
91640
189
91920
32
92140
83
92250
73
92740
8
93010
8
93620
83
93730
69
93840
32
94060
78
94280
79
94500
78
94660
32
94770
67
94880
73
95160
32
95650
70
95870
79
95930
83
96150
83
96200
73
96470
32
97130
84
97350
85
97680
188
97850
32
98010
76
98070
65
98180
32
98340
77
98510
73
98620
65
98730
32
98890
67
99060
65
99170
83
99390
69
99500
76
99660
76
99770
65
99880
32
00050
68
00150
73
00320
32
00540
80
00650
79
00810
83
00980
84
01090
65
01200
32
01310
83
01420
65
01580
82
01690
69
01970
66
02130
66
02240
69
02300
32
02520
80
02630
82
02850
65
03010
84
03230
73
03400
67
03450
65
03620
77
03730
69
03890
78
03940
84
04050
69
04220
32
04380
83
04600
69
04770
77
04990
80
05040
82
05150
69
05320
32
05480
86
05650
85
05810
79
06140
84
06200
65
10370
32
11090
16
11140
57
11520
77
11690
79
11960
68
12130
85
12350
76
12510
79
12730
32
13010
73
13230
78
13450
70
13560
73
13560
79
13830
78
14550
8
14710
8
14820
8
15420
79
15750
78
15920
69
16140
87
16960
83
17900
188
18060
188
18230
188
18280
16
18390
48
19930
8
20090
8
20200
8
20370
8
21030
190
21190
190
21360
190
22180
16
22400
48
22670
13
25260
16
25370
78
25530
79
25750
78
25910
32
26190
192
26460
69
26570
32
26740
67
26900
72
27010
69
27120
32
27340
79
27560
71
27780
71
27840
73
28060
32
28220
77
28390
85
28550
79
28720
73
28830
65
28940
32
29100
68
29160
65
29320
76
29430
76
29540
65
29700
32
30420
86
30640
79
30970
71
31080
76
31300
73
31350
65
31520
32
31630
68
31740
73
31900
32
32120
70
32230
65
32340
82
32400
69
32560
32
32840
16
33600
81
33770
85
33880
69
34040
83
34150
84
34430
79
34650
32
35200
16
35310
222
35530
32
35800
67
35910
79
36190
77
36350
80
36570
73
36850
84
36950
79
37230
16
37340
222
38990
188
39150
32
39870
83
40030
84
40090
65
40250
32
40420
68
40470
73
40690
32
40910
70
41020
65
41130
84
41240
84
41460
79
41680
32
41790
67
41900
72
42010
69
42120
32
42280
77
42450
73
42670
32
42720
69
42890
82
43000
79
43220
32
43440
80
43490
82
43710
69
43880
83
44150
65
44370
32
45140
85
45300
78
45470
32
46240
73
46460
77
46620
80
46730
69
47010
71
47170
78
47390
79
47560
188
47720
32
48710
69
48820
32
48980
68
49090
65
49200
32
49590
66
49810
82
49920
65
50300
86
50360
65
50470
32
50850
82
50960
65
51400
71
51510
65
51730
90
51890
90
51950
65
52170
32
52330
16
52440
57
52660
68
52830
69
53160
71
53270
76
53490
73
53710
32
53820
65
53980
78
54150
78
54310
73
54590
32
55250
55
55410
48
55630
16
55790
48
58380
37
58540
37
58650
37
58760
37
58870
37
58980
37
59090
37
59200
37
59360
37
59470
37
59580
37
59690
37
59860
37
59970
37
60570
8
60740
16
61070
57
63700
39
63810
39
64310
39
64310
39
64360
39
64420
39
64420
39
64470
39
64530
39
64530
39
64750
39
64970
39
65080
39
65190
39
65350
39
69690
32
69910
76
70020
79
70240
32
70460
77
70620
65
70680
78
70950
84
71060
69
71340
78
71830
68
72380
8
72490
71
72710
79
73920
190
74140
13
74410
16
74850
16
74910
16
74910
16
74960
16
75020
16
75020
16
75070
77
75240
65
75350
32
75460
81
75620
85
75730
65
75840
78
76060
84
76230
79
76450
32
76500
68
76720
85
76940
82
77050
69
77160
82
77380
65
77760
222
78370
8
79360
192
79630
65
79800
32
80130
81
80400
85
80570
69
80790
65
80950
84
81060
65
81220
32
81440
73
82050
8
82210
8
82380
8
82490
8
82820
8
83420
83
83590
84
83640
65
83750
32
83970
73
84140
77
84360
80
84410
82
84520
69
84690
83
84800
65
85120
16
85290
191
85510
32
86280
16
86440
81
86720
85
87320
65
87430
78
87710
84
87820
73
88040
32
88260
77
88310
69
88530
83
88640
73
88860
32
90450
68
90670
79
90950
66
91390
8
91500
86
91720
82
91830
65
92160
78
92320
78
92920
79
93090
32
93310
80
93420
65
93690
83
93860
83
93970
65
94190
82
94240
69
94410
32
94630
80
94740
82
94960
73
95180
77
95290
65
95400
32
95510
67
95670
72
95730
69
95890
32
96820
73
96880
79
97150
32
00500
83
00780
77
00890
69
01050
84
01220
84
01270
65
01440
32
01550
68
01660
73
01880
32
02040
84
02100
82
02260
79
02590
86
02650
65
02810
82
02870
69
02980
32
03200
76
03410
222
03630
32
03850
73
04070
78
04900
86
05060
73
05230
84
05340
79
05610
32
05890
16
05940
222
06220
32
06490
83
06660
69
06880
32
07090
72
07150
65
07260
73
07480
32
07640
86
07750
79
08080
71
08190
76
08360
73
08470
65
08910
190
09020
190
09180
190
09290
16
09400
222
09570
32
10450
32
10720
78
11210
69
11540
76
11710
76
11760
65
11870
32
12040
77
12260
73
12310
65
12480
32
12920
77
13030
65
13140
73
13300
76
14070
16
14400
191
14670
13
15720
16
15940
72
16100
79
16380
32
16540
85
16710
78
16760
65
16820
32
17040
80
17150
82
17260
79
17420
80
17590
79
17860
83
18020
84
18080
65
18520
16
18900
186
19120
32
19450
80
19560
69
19730
82
19950
67
20060
72
20170
69
20330
32
20770
8
20990
222
21270
32
22690
78
22910
79
23130
78
23240
32
23520
70
23630
65
23790
73
24010
32
24120
65
24230
78
24400
67
24510
72
24560
69
24730
32
24950
84
25060
85
25280
32
25490
76
25660
222
25990
69
26210
83
26370
80
26480
69
26650
82
26810
73
27090
77
27200
69
27360
78
27420
84
27580
79
28520
188
28630
32
28850
77
28960
65
29120
78
29280
68
29340
65
29670
78
29890
68
30000
79
30110
67
30220
73
30440
32
30930
79
31100
71
31260
78
31480
73
31650
32
31760
71
32030
73
32140
79
32310
82
32470
78
32690
79
32850
32
33510
85
33680
78
33730
65
33840
32
34010
77
34120
65
34230
73
34390
76
34610
32
35380
86
35710
8
36100
78
36370
85
36530
79
37410
86
37520
65
38460
188
38620
32
38900
68
38950
73
39280
86
39390
69
39560
82
39780
83
39830
65
40050
32
41040
68
41090
65
41310
76
41420
76
41530
69
41640
32
41750
65
41860
76
42030
84
42140
82
42300
69
42630
16
42800
191
43400
32
43570
32
43890
77
44110
76
44330
85
44440
73
44500
83
44550
65
