22450
16
22620
67
22780
65
22890
82
23110
79
23330
32
23380
16
23600
68
23710
65
23930
78
24150
73
24260
69
24320
76
24430
69
24590
188
24810
13
25140
68
25250
79
25420
80
25530
79
25750
32
25970
85
26130
78
26240
32
26410
76
26620
85
26790
78
27060
71
27170
79
27390
32
27780
83
27890
73
27940
79
28110
76
28160
69
28380
78
28550
90
28660
73
28770
80
29150
8
29320
8
29920
8
30090
8
30200
8
30300
8
30410
8
31130
76
31290
69
31570
78
31790
90
31950
73
32010
79
32280
188
32450
32
32670
82
32780
73
32940
69
33160
67
33330
67
33380
79
33600
77
33770
73
33930
32
34090
81
34200
85
34420
73
34640
32
34810
65
34860
32
36620
77
36730
65
36840
78
37060
84
37170
69
37390
66
37770
8
38050
78
38160
69
38320
82
38430
69
38540
32
38760
76
38980
222
39260
32
39480
73
39640
77
39860
80
39970
69
40250
71
40410
78
40580
79
41130
32
41340
80
41450
82
41510
69
41730
83
41840
79
42110
190
42770
13
45570
16
45740
80
45960
73
46120
85
46510
222
46730
32
47110
86
47170
79
47330
76
47550
84
47660
69
47770
32
47940
72
48100
79
48320
32
48490
80
48650
69
48760
78
48920
83
48980
65
49200
84
49200
82
49530
79
50680
8
50960
8
51950
79
52170
32
52330
68
52380
73
52600
32
52820
70
52880
65
52990
82
53260
76
53430
79
53590
188
53760
32
53920
67
53980
73
54200
32
54420
72
54580
79
54750
32
54970
80
55190
85
55350
82
55520
69
55630
32
55790
80
55900
82
56010
79
56500
86
56610
65
56720
84
57000
79
57220
32
57330
83
57440
65
57710
66
57880
65
57990
84
58210
79
58430
32
58540
68
58590
65
58700
32
58920
67
59030
65
59200
83
59310
65
59910
16
60290
49
60680
13
60790
13
61060
77
61120
65
61280
32
61390
83
61610
84
62000
8
62160
8
62330
8
62490
8
62600
8
62770
8
63640
77
63700
65
63860
32
63970
83
64080
84
64300
79
64520
32
64580
67
64690
65
64850
86
65070
79
65240
76
65350
79
65570
32
65730
68
65790
73
65950
32
66120
83
66230
73
66340
83
66450
84
66560
69
66830
77
66940
65
67000
32
68310
77
68480
73
68700
32
69080
68
69140
65
69360
86
69470
65
69520
32
69740
85
69910
78
70020
32
70240
70
70290
65
70510
84
70620
65
70890
76
71110
32
71610
78
71720
69
71880
84
72100
83
72320
86
72710
8
72980
67
73090
65
73260
80
73370
69
73530
32
73640
69
73810
82
73970
82
74080
79
74140
82
74900
32
75180
77
75560
8
75840
78
76000
79
76220
78
76390
32
76440
65
76610
80
76770
80
76880
69
77050
78
77160
65
77210
32
77930
80
78090
82
78140
79
78580
86
78640
65
78800
86
78970
79
79190
32
79460
65
79570
32
79740
67
79850
76
80070
73
80230
67
80400
67
80510
65
80780
82
80890
69
81000
32
81220
73
81390
76
81610
32
81770
76
81990
73
82150
78
82370
75
82760
190
82920
190
83090
190
83310
32
84190
13
84740
16
84850
78
85010
79
85180
78
85340
32
85500
69
85720
222
85890
32
86160
84
86330
85
86490
84
86660
84
86770
79
86930
32
87100
67
87150
79
87320
83
87430
73
87590
222
87870
32
88030
80
88140
69
88310
82
88580
70
88690
69
88800
84
88910
84
89130
79
89350
32
90610
81
90830
85
90940
73
91380
188
91550
32
94180
67
94290
72
94400
69
94510
32
94790
67
94900
73
95060
32
95230
80
95390
79
95450
83
95610
83
95720
73
95890
65
96000
77
96160
79
96380
32
96650
70
96710
65
96820
82
96930
69
97530
190
97700
190
97810
190
97970
190
00120
32
00610
16
00770
67
00990
79
01160
77
01380
85
01540
78
01650
81
01760
85
01930
69
02090
188
02310
13
02810
78
03030
79
03190
78
03360
32
03470
83
03580
79
03740
32
03960
80
04450
73
04840
85
05220
222
05440
32
05610
67
05720
79
05830
83
05940
65
05990
32
06270
82
06380
65
06540
67
06710
67
06820
79
06980
78
07200
84
07260
65
07370
82
07590
89
07590
84
07910
73
08680
8
08850
8
09070
8
09890
84
10000
73
10330
190
10610
32
10770
32
11270
80
11430
79
11700
84
11870
82
11980
69
12140
73
12360
32
12470
68
12580
73
12690
82
12970
83
13410
8
13520
84
13740
73
13900
32
14670
67
14780
72
14950
69
15050
32
15160
83
15270
84
15330
65
15660
83
15820
69
15990
82
16150
65
16260
32
16430
86
16540
65
16700
68
16810
79
17030
32
17140
65
17250
32
17470
67
17640
69
17750
78
17860
65
17970
32
18190
70
18350
85
18520
82
18680
79
19120
8
19780
8
20330
79
20490
82
20600
73
20880
188
21040
32
21150
69
21260
32
21370
67
21480
72
21540
69
21650
32
21810
83
21920
79
22140
78
22310
79
22520
32
22580
65
22740
82
22910
82
23020
73
23240
86
23350
65
23460
84
23570
65
23680
32
23840
73
24010
78
24170
32
24560
85
24830
70
25050
70
25220
73
25440
67
25550
73
25660
79
25880
32
25990
67
26090
73
26090
79
26700
8
27140
8
27800
79
27910
83
28070
73
28460
222
28680
32
28900
84
28950
65
29120
82
29340
68
29450
73
29670
32
29880
80
29940
69
30100
82
30320
67
30380
72
30490
69
30710
222
30930
32
31150
73
31310
78
31480
32
31640
77
31700
65
31860
84
32030
84
32190
73
32410
78
32520
65
32690
84
32800
65
33020
32
33730
72
33950
79
34170
32
34720
71
34940
73
36260
192
36480
65
36640
32
36920
70
37030
65
37130
84
37300
84
37520
79
37740
32
37850
50
38070
188
38230
32
38340
69
38450
32
38560
68
38670
73
38780
67
38890
79
39110
32
39880
66
39990
69
40100
78
40270
32
40540
68
40650
85
40760
69
40870
32
42240
8
42570
188
42740
32
42900
84
43070
79
43230
82
43450
84
43560
69
43670
32
43950
68
44000
65
44110
32
44330
80
44490
79
44710
82
44820
84
44990
65
45260
82
45370
69
45480
32
45650
67
45760
79
46530
8
47520
79
47740
78
48010
32
48230
77
48340
69
48610
188
48830
13
49160
85
49330
78
49490
65
49550
32
49770
69
49990
222
50210
32
50430
73
53450
8
53780
8
53940
8
54050
8
54220
8
54330
8
54440
8
54550
8
55150
32
55430
85
55590
78
55640
65
55750
32
56300
192
56630
69
56740
32
57020
85
57180
78
57350
32
57510
80
57680
79
57840
222
58010
32
58230
32
58340
32
58560
77
58670
65
58890
80
59000
80
59110
65
59320
90
59540
90
59650
79
59820
83
59930
65
60260
188
60420
32
61030
72
61190
65
61300
32
61630
66
61910
85
62130
82
62350
79
63220
8
63500
82
64100
79
64380
32
64540
67
64710
73
64870
79
64980
67
65200
67
65310
79
65420
76
65530
65
65750
84
66030
79
66190
32
66300
69
66410
32
66580
78
66740
79
66850
67
67070
67
67120
73
67180
79
67400
76
67510
69
67620
188
67780
32
68000
76
68170
222
68280
65
68500
76
68830
84
68990
82
69050
65
69210
32
69380
69
69540
222
69760
32
70150
76
70260
69
70420
71
70580
71
70690
69
70860
82
70910
73
71130
78
71350
65
72780
188
72950
32
73330
78
73500
73
73610
69
73770
78
73990
84
74040
69
74210
32
74810
71
74980
82
75030
65
75250
83
75470
83
75640
73
75800
32
75910
16
76020
57
76190
65
76350
32
76570
80
76680
65
77120
82
77290
84
77340
69
77510
32
77720
76
77940
222
78160
32
78270
32
78490
85
78820
79
79150
86
79260
79
79700
188
79810
32
80970
8
81130
8
81730
16
82060
48
82340
188
82500
32
82610
69
82720
32
83380
77
83440
65
83660
82
84150
77
84260
69
84370
76
84540
76
84590
65
84810
84
84980
73
85190
78
85300
65
86240
188
86400
32
86510
65
86620
32
87230
80
87340
82
87450
79
87890
86
87940
65
88050
32
88550
68
88660
79
88870
32
89200
66
89420
73
89810
77
90080
66
90360
79
90580
32
90800
80
91020
73
91180
67
91350
67
91460
79
91570
76
91730
79
91950
190
92120
190
92280
190
92880
32
94700
87
94970
65
95250
87
95850
188
95960
32
97110
70
97280
73
97440
78
97660
73
97770
84
97880
79
98050
32
98210
76
98380
79
98540
32
98650
83
98820
80
98930
65
99090
90
99260
73
99310
79
99590
16
99750
49
