06600
16
06760
67
06870
65
07150
82
07310
79
07530
32
07640
16
07750
68
07920
65
08190
78
08410
85
08520
69
09790
8
09890
8
10770
73
10940
69
11320
76
11430
69
11600
188
11820
13
12090
82
12260
73
12370
69
12590
67
12750
67
12860
79
13080
77
13300
73
13520
32
13630
81
13790
85
13900
73
14180
188
14340
32
14560
80
14670
82
14780
79
15110
78
15390
84
15500
65
15610
32
15770
65
15770
32
15990
70
16100
65
16210
82
16320
69
16430
32
16650
73
16820
76
16980
32
17150
67
17200
79
17420
77
17640
80
17860
73
18020
84
18130
79
21040
32
21260
80
21430
65
21760
84
21920
84
22030
85
22200
73
23630
84
23790
79
24120
190
24400
13
25050
16
25270
73
25490
69
26100
82
26980
73
27200
32
27420
76
27690
222
27910
32
28570
65
28840
86
28950
69
30220
86
30380
79
30600
32
30770
80
30880
82
30990
79
31210
77
31480
69
31700
83
31870
83
31970
79
32360
188
32520
32
32740
80
32910
79
33070
73
33240
32
33400
78
33570
79
33790
78
33950
32
34170
76
34340
222
34610
32
35270
72
35490
79
35660
32
35870
70
35980
65
36090
84
36200
84
36420
79
36640
188
36860
32
38180
78
38350
79
38570
78
38730
79
38900
83
39060
84
39170
65
39390
78
39610
84
39720
69
39830
32
40050
73
40210
76
40380
32
37960
67
38070
65
38240
70
38350
70
38790
192
39120
69
39280
32
40600
67
40820
72
40990
69
41150
13
41540
73
41640
69
41860
82
41920
73
42140
32
42300
77
42520
73
42690
32
42850
72
42960
65
43070
73
43290
32
43510
71
43620
69
43680
78
43900
84
43950
73
44170
76
44390
77
44500
69
44610
78
44830
84
44890
69
45000
32
45220
79
45540
70
45650
70
45760
69
45820
82
45980
84
46260
79
46590
190
46750
190
46970
190
47360
13
47740
83
47910
80
47960
69
48180
82
48240
79
48460
32
48570
67
48680
72
48790
69
49060
32
50160
81
50430
85
50490
69
50710
83
50760
84
50980
79
51200
32
51260
69
51420
83
51640
80
51750
69
51920
82
52030
73
52190
77
52300
69
52410
78
52580
84
52680
79
52900
32
53180
83
53290
73
53340
65
53510
32
53620
65
53730
78
53890
67
54060
79
54220
82
54330
65
54440
32
54660
73
54830
78
55050
84
55100
69
55270
82
55490
69
55650
83
55820
83
55820
65
56360
78
56580
84
56640
69
56970
16
57130
186
57350
32
58180
72
58400
79
58560
32
58670
65
58840
86
59060
85
59280
84
59390
79
59660
32
60100
85
60260
78
60540
222
60760
32
60980
73
61140
78
61420
84
61580
69
61750
82
61910
82
62020
85
62240
90
62300
73
62460
79
62630
78
62680
69
62900
32
63400
68
63450
65
63510
32
63720
80
63830
65
64050
82
64160
84
64270
69
64440
32
64550
68
64600
69
64770
76
64930
32
65150
80
65210
82
65320
79
65650
70
65920
190
66250
32
66640
16
67080
16
67130
16
67190
16
67190
16
67240
16
67300
16
67300
16
67350
16
67350
66
67570
85
67680
65
67680
83
67840
83
67950
79
68120
76
68280
73
68500
77
68830
8
69000
78
69220
188
69380
32
70100
69
70210
32
70650
78
70870
73
70870
79
71190
78
71910
8
72070
8
72240
8
72840
79
73120
78
73280
32
73500
72
73720
79
73940
32
74270
79
74330
83
74440
65
75040
84
75310
79
75530
32
75640
67
75750
72
75970
73
75970
69
76190
68
76360
69
76520
82
76740
71
76850
76
77020
73
77620
32
78010
68
78120
73
78340
32
78500
82
78660
73
78830
77
78940
65
79050
78
79210
69
79540
82
79650
69
79820
32
80040
85
80200
78
80370
32
80590
80
80700
79
80920
222
81140
32
81300
32
81520
68
82020
8
82230
76
82400
73
82620
222
82840
32
82950
65
83390
32
83720
71
83940
85
84050
65
84320
82
84540
68
84650
65
84760
82
85200
77
85420
73
86570
188
86740
32
86900
80
87070
82
87230
73
87950
77
88060
65
88170
32
88440
68
88550
73
88770
32
88880
65
88990
86
89100
69
89270
82
89320
69
89490
32
89700
67
89870
79
90090
78
90360
83
90530
73
90640
68
90860
69
91020
82
91080
65
91350
90
91520
73
91570
79
91740
78
91850
69
91960
32
92070
68
92180
65
92290
32
92560
80
92620
65
92840
82
93000
84
93110
69
93220
32
93440
77
93600
73
93710
65
93880
188
94040
32
94760
80
94980
69
95140
82
95310
67
95470
72
95580
69
95800
222
96020
32
96130
83
96350
84
96410
65
96790
86
97060
79
97230
32
97340
83
97560
67
97720
82
97830
73
98160
86
98270
69
98550
78
98820
68
98930
79
99150
32
99370
85
99540
78
99700
32
99870
77
99920
69
00140
83
00360
83
00420
65
00690
71
00850
71
00960
73
01070
79
01290
32
01400
68
01510
73
01680
32
01840
86
01950
73
02170
84
02230
65
02500
76
02610
69
02720
32
02940
73
03110
77
03270
80
03550
79
03770
82
03990
84
04100
65
04370
78
04480
90
04530
65
04700
32
04810
65
04860
32
05140
71
05360
85
05520
78
05630
69
05800
84
05910
84
06730
73
07060
16
07170
186
07450
32
07610
32
07780
73
07990
32
08210
65
08490
86
08710
82
08760
69
09090
66
09200
66
09310
69
09420
32
09590
67
09810
82
09970
69
10190
68
10360
85
10580
84
10690
65
10850
32
11510
80
11620
65
11840
90
12000
90
12110
65
12330
188
12550
32
12660
68
12770
65
12880
76
13050
32
13270
77
13430
79
13600
77
13710
69
13870
78
14040
84
14150
79
14370
32
14480
67
14590
72
14750
69
14860
32
15410
83
15520
73
15680
65
15790
77
15960
79
16180
32
16290
68
16400
73
16670
82
16840
73
17060
77
17280
80
17390
69
17610
84
17770
84
17880
65
18050
73
18270
16
18430
49
19140
32
19860
16
20020
65
20240
32
20460
80
20630
82
20740
79
20900
80
21070
79
21180
83
21840
73
22000
84
22170
79
22390
188
22550
32
22710
80
22820
69
22990
82
23210
67
23320
72
23430
69
23650
222
23870
32
24030
78
24250
79
24420
78
24580
32
24750
67
24860
79
25080
73
25300
78
25570
86
25680
79
25850
76
26180
71
26390
73
26610
32
26720
65
26830
78
27000
67
27050
72
27220
69
27330
32
27550
76
27770
85
27880
73
28100
32
29310
78
29470
69
29640
76
29800
76
29970
222
30180
69
30400
83
30620
80
30730
69
30950
82
31010
73
31230
77
31340
69
31450
78
31610
84
31720
79
32000
16
32110
191
32380
32
33920
83
33970
65
34190
82
34300
65
34580
222
34800
32
34910
32
35070
82
35240
73
35400
67
35510
79
35730
78
36010
79
36120
83
36280
67
36450
73
36830
66
37050
73
37220
76
37330
69
37540
16
37710
191
38260
32
38370
32
38530
32
38860
77
39030
76
