01406
16
01407
67
01645
72
01725
51
02285
8
02375
69
02545
32
02705
83
02785
79
03165
78
03365
78
03515
79
04174
190
04275
32
04544
16
04545
81
04765
85
04815
69
04985
83
05106
84
05195
65
05344
32
05524
77
05644
65
05814
84
05964
84
06035
73
06184
78
06284
65
06374
32
06534
83
06614
79
06734
78
06825
79
06934
32
07114
80
07174
73
07254
85
07484
222
07604
32
07774
65
08003
68
08173
68
08223
79
08373
82
08513
77
08673
69
08833
78
08913
84
09033
81
09904
187
09916
8
09924
65
09932
8
10033
8
10813
65
11012
84
11093
79
11223
32
11342
67
11852
72
11932
69
12342
32
12532
77
12632
65
12742
73
13162
190
13292
32
13582
16
13583
73
13741
78
13881
32
14063
80
14192
85
14199
73
14851
8
15021
8
15291
73
15371
85
16290
222
17241
188
17350
32
17510
77
17720
73
17820
32
17920
68
18090
69
18260
86
18300
79
18440
32
18900
8
19070
8
19270
8
19450
8
19620
8
19779
8
19959
8
20119
8
20310
8
20629
32
20859
72
20919
79
21079
32
21259
68
21339
79
21499
86
21590
85
21769
84
21839
79
21919
32
22099
69
22159
32
22308
68
22599
86
22809
82
22889
79
23388
8
23548
8
23708
8
23978
79
24058
86
24278
82
24328
79
24548
222
24678
32
24808
83
24968
80
25138
79
25228
83
25338
84
25428
65
25648
82
25938
77
26128
73
26228
32
26377
73
26538
78
26628
32
26937
80
27827
8
27927
65
28077
85
28167
84
28247
79
28467
66
28657
85
28767
83
28907
32
29067
80
29157
69
29216
82
29426
67
29506
72
29657
69
29766
222
30346
32
30596
72
30826
79
31076
32
31256
76
31347
65
31406
32
31585
77
31796
67
31975
67
32566
8
32725
8
32805
65
32975
67
33155
67
33195
72
33275
73
33465
78
33565
65
33675
32
33825
68
34005
65
34155
76
34325
76
34745
8
34995
32
35455
67
35644
65
35764
82
35925
82
36034
79
36245
90
37264
90
37444
73
37584
69
38973
82
39014
69
39913
190
40073
32
41122
16
41124
81
41433
85
41493
69
41673
76
41822
76
42742
8
42922
8
43082
8
43262
8
43692
8
45459
16
46804
16
48149
16
48210
73
48370
76
48480
32
48620
80
48700
82
48810
79
48980
66
49740
76
49810
69
49950
77
50060
65
50160
32
50300
68
50489
69
50599
76
50740
76
51110
65
51249
32
51439
77
51600
73
51699
65
51780
32
52209
77
52289
65
52509
67
52669
67
52749
72
52850
73
53029
78
53119
65
53219
32
53538
69
53658
222
53719
32
53958
85
54149
78
54238
32
54819
66
54958
79
55188
76
55388
76
55618
79
55748
32
56028
83
56188
85
56357
76
56488
32
56738
80
56868
65
57410
82
57427
65
57677
70
57807
65
58057
78
58447
71
58547
79
58667
32
58758
65
58977
78
59097
84
59257
69
59407
82
59797
73
59847
79
60027
82
60446
69
60596
32
60786
83
61057
73
61196
78
61286
73
61606
83
61746
84
61936
82
62017
79
63716
188
64235
8
64545
32
64635
67
64745
65
64895
85
64985
83
65165
65
65385
84
65484
79
65545
32
65714
83
66125
8
66274
68
66354
65
66485
32
66744
85
66954
78
67154
32
68394
84
68653
73
68813
90
68914
73
68963
79
69153
32
69613
67
69703
72
69814
69
69863
32
70313
72
70433
65
70563
32
70743
80
70813
69
70973
78
71033
83
71203
65
71343
84
71433
79
71523
32
71772
66
71852
69
71973
78
72063
69
72133
32
72282
68
72323
73
72442
32
72522
70
72682
65
72812
82
72892
69
72992
32
73372
82
73502
69
73942
84
74112
82
74212
79
74452
77
74522
65
74711
82
74951
67
75042
73
75202
65
75951
32
76421
83
76551
85
77121
76
77311
76
79171
65
80660
8
80880
8
81070
8
81280
8
81529
8
81710
83
81890
69
81989
78
82189
90
82429
65
82509
32
82799
65
83019
83
83169
83
83279
73
83539
70
83969
8
84009
67
84268
85
84419
82
84538
65
84699
82
84899
83
85029
73
85108
32
85238
67
85358
72
85448
69
85498
32
85658
78
86038
69
86218
83
86378
83
86547
85
87097
78
87207
79
87348
32
87468
70
87568
79
87687
83
87868
83
88027
69
88168
32
90037
68
90167
73
90497
69
90646
84
90826
82
90976
79
91376
190
91717
32
92457
16
92556
76
93026
222
93176
65
93356
83
93515
83
93596
73
93965
67
94135
85
94225
82
94355
65
94576
90
94645
73
94715
79
94865
78
94946
69
95075
32
95415
72
95515
65
95586
32
95915
79
96025
82
96145
77
96294
65
96375
73
96494
32
96845
80
96934
65
97105
71
97234
65
97385
84
97474
79
97554
32
97704
68
97855
65
97984
32
99463
85
99673
78
99794
32
99944
80
00114
79
00343
222
00503
32
00653
69
00883
68
01073
32
01373
69
01543
222
01683
32
01853
86
02063
69
02282
78
02473
85
02573
84
02672
79
03253
32
03413
73
03663
76
03703
32
03932
77
04092
79
04312
77
04432
69
04523
78
04642
84
04692
79
04782
32
05052
68
05322
73
05452
32
05581
80
05751
79
05831
82
05992
82
06081
69
06201
32
06342
82
06472
73
06651
77
06742
69
06942
68
06992
73
07072
79
07201
32
07361
65
07581
76
07761
32
07911
68
08021
65
08122
78
08291
78
08410
79
08521
32
08691
83
08770
85
09001
66
09141
73
09241
84
09400
79
09660
190
09790
32
10130
16
10131
78
10300
69
10620
76
10820
76
10980
222
11200
79
11290
67
11440
67
11600
65
12080
83
12169
73
12219
79
12400
78
12579
69
12759
32
12879
70
13049
65
13179
82
13289
79
13539
222
13679
32
13869
65
14019
78
14119
67
14249
72
14309
69
14429
32
14569
82
14619
73
14869
77
14989
69
15138
84
15749
84
16128
69
16308
82
16388
69
16478
32
16658
65
16768
32
16948
80
17138
79
17218
83
17347
84
17388
79
17538
32
17677
73
17838
76
17948
32
19037
78
19177
79
19257
84
19427
84
19507
79
19677
76
19847
73
20107
78
20127
79
20837
32
20986
67
21076
72
21206
69
21227
32
22256
81
22436
85
22526
65
22686
76
22846
67
22926
72
23036
69
23086
32
23256
83
23406
73
23586
77
23786
80
23866
65
24045
84
24126
73
24305
67
24465
79
25035
78
25206
69
25355
32
25505
65
25625
72
25895
8
26055
8
26315
72
26375
65
26485
32
26585
68
26774
69
26985
67
27085
73
27204
83
27374
73
27854
8
28084
79
28144
32
28374
68
28534
73
28664
32
28824
67
28994
69
29064
82
29274
67
29414
65
29544
82
29614
69
29674
32
29824
68
29924
73
30013
32
30103
70
30264
79
30354
82
30853
90
31063
65
31234
82
31323
69
31503
32
31883
76
32033
65
32143
32
32333
78
32433
79
32753
84
32943
84
33093
84
33193
69
33612
8
33792
8
33853
69
34062
32
34292
68
34392
73
34482
32
34762
16
34763
83
34952
65
35052
78
35682
32
35942
16
35943
71
36192
73
36263
79
36461
86
36671
65
36811
78
36981
78
37152
73
37281
32
38861
68
39080
69
39220
76
39401
76
39630
222
39700
69
39870
83
40000
84
40130
65
40291
84
40360
69
40530
32
40620
83
40870
67
41170
79
41230
82
41430
83
41610
65
41880
190
42060
32
42840
16
42869
68
43039
69
43200
84
43369
84
43479
79
44789
8
44959
8
45138
8
45299
8
45589
8
45859
16
45860
79
46008
82
46099
65
46228
32
46448
67
46509
72
46689
69
46728
32
46988
72
47078
79
47188
32
47408
77
47488
69
47678
83
47838
83
47878
79
47988
32
48098
65
48207
32
48408
80
48908
65
49027
82
49277
84
49357
69
49507
32
49667
73
49838
76
49938
32
50127
77
50287
79
50457
78
50567
68
50677
79
50737
32
51876
68
52006
73
52156
32
52496
81
52576
85
53107
69
53306
83
53506
84
53576
69
53726
32
53896
73
54066
78
54216
70
54375
79
54475
82
54596
77
55006
65
55265
90
55345
73
55415
79
55565
78
55846
73
55965
32
56165
73
56395
77
56565
80
56725
79
57355
82
57545
84
57656
65
57934
78
58064
84
58225
73
58405
83
58564
83
58625
73
58834
77
58924
69
59524
32
59724
80
59924
79
59984
83
60134
83
60204
79
60713
32
61693
84
61844
79
61954
82
62113
78
62223
65
62363
82
62453
69
62793
32
62943
65
63113
32
63473
32
63893
8
64203
76
64273
65
64762
86
64912
79
65013
82
65142
65
65592
222
65972
190
66142
32
66422
16
66423
67
66642
73
66712
65
66822
79
67041
188
67172
32
67421
16
67423
82
67612
79
67781
66
68002
89
