91648
16
91655
220
93484
8
94642
16
94904
79
95104
71
95274
71
95344
73
95514
32
95705
72
95833
79
96144
32
96723
85
96923
78
97023
32
97173
67
97273
79
97435
78
97503
83
97613
73
97753
71
97893
76
98082
73
98143
79
98433
188
98573
32
98743
83
98883
69
98993
32
99443
72
99513
65
99652
73
99803
32
00222
86
00332
79
00482
71
00592
76
00682
73
00763
65
01223
32
01344
68
01431
73
01503
32
01603
83
01792
86
01893
65
02161
71
02312
65
02442
82
02661
84
02731
73
02842
32
03041
85
03292
78
03681
8
03841
8
04172
81
04291
85
04401
65
04521
76
04641
67
04761
72
04880
69
04921
32
05150
77
05340
73
05541
78
05720
85
05831
84
05930
79
06190
188
06310
32
06470
86
06630
65
06650
81
06730
73
06910
32
07250
8
07420
8
07569
8
07860
73
08049
32
08180
65
08299
76
08469
76
08580
65
08739
32
08880
80
08929
65
09049
71
09169
73
09320
78
09400
65
09519
32
09639
68
09839
69
09910
76
10079
76
10141
65
10239
32
10462
16
10569
80
10709
73
10838
88
11019
65
11319
82
11459
32
11518
16
11649
57
11659
119
11919
81
12058
85
12188
69
12328
76
12558
73
13048
8
13328
76
13368
73
13538
32
13648
67
13748
72
13849
69
13898
32
14089
72
14178
65
14318
78
14478
78
14538
79
14688
32
14758
82
14869
69
15058
65
15447
76
15497
73
15617
90
15837
90
16047
65
16217
84
16337
79
16457
32
17024
16
17067
77
17481
79
17489
78
17856
83
18007
69
18096
84
18558
82
19016
8
19196
8
19338
8
19476
84
19606
69
19716
82
19856
83
20496
32
20766
16
21147
55
21305
32
21425
67
21555
79
21856
190
22035
32
22317
80
22375
69
22445
82
22515
32
22695
67
22835
65
22965
80
23085
73
23175
82
23594
67
23774
73
23944
16
24044
48
24535
188
24654
32
24834
67
24915
73
25454
8
25614
8
25864
78
25965
69
26064
76
26234
76
26374
65
26493
32
26604
83
26753
69
26924
90
27014
73
27083
79
27224
78
27293
69
27403
32
27563
83
27703
72
27773
79
27913
82
28113
84
28233
83
28553
188
28653
32
28793
67
28883
72
29033
69
29353
8
29494
8
29774
222
29883
69
29972
222
30593
32
30753
76
30823
65
30933
32
31002
86
31323
69
31329
82
31362
70
31922
83
32022
73
32092
79
32413
8
32562
8
32732
8
32902
8
32994
83
33161
73
33202
79
33552
78
33741
69
33831
32
33961
73
34101
78
34182
84
34301
69
34561
71
34751
82
34881
65
35091
76
35220
69
35301
32
35451
68
35520
73
35811
32
36381
65
36491
76
37270
67
38150
8
38320
8
38489
8
38669
8
39059
8
39259
69
39449
71
39560
76
39640
73
39779
32
39880
83
40049
72
40056
74
40120
79
40269
83
40610
8
40769
8
40929
8
41209
79
41349
82
41541
84
41619
83
41759
32
41960
68
42130
65
42278
32
43668
81
43778
85
43878
69
44048
83
44078
84
44108
84
44198
65
44308
32
44548
88
44554
67
44618
65
44968
8
45127
8
45297
8
45459
8
45628
8
46297
8
46427
65
46587
32
46720
67
46837
65
47018
83
47157
65
47287
32
47397
82
47479
69
47647
65
47797
76
47887
73
47987
90
48167
90
48377
65
48518
84
48676
73
48916
188
49027
32
49506
77
49576
69
49746
78
49817
84
50516
8
50676
8
50846
8
51015
8
51176
8
51356
8
51585
32
51662
16
51775
57
52057
80
52225
85
52305
82
52505
84
52675
82
52715
79
52905
80
53065
80
53276
79
53575
32
54064
67
55046
222
55115
69
55234
222
55484
32
55614
83
55716
79
55884
76
56065
79
56194
32
57345
77
57414
69
57583
84
57723
65
57864
222
57994
32
58133
68
58334
69
58383
76
58503
32
58594
67
58713
79
58883
82
59103
84
59174
79
59303
32
60823
68
60942
73
61042
86
61233
69
61293
82
61552
84
61633
69
61784
78
62092
84
62192
73
62302
83
62484
83
62562
73
62753
77
62902
79
63352
67
63502
72
63822
8
63992
8
64272
32
65261
67
65371
72
65481
69
65561
32
65691
83
65782
73
65871
32
65992
86
66160
69
66351
68
66501
69
66641
32
66781
80
66881
82
67011
73
67182
77
67230
65
67350
32
67461
68
67650
69
67730
76
67890
76
68080
222
68230
73
68380
78
68470
73
68620
90
68751
73
68800
79
69071
32
69450
69
69799
8
69859
68
70049
69
70130
76
70140
79
70230
32
70349
83
70580
79
70909
8
71019
8
71189
8
71350
8
71600
32
71729
83
71819
79
71939
80
72070
82
72199
65
72409
67
72490
73
72659
84
72768
65
72939
84
73079
79
73168
32
74188
67
74508
65
74598
82
74838
84
75089
79
75278
79
75458
78
75578
32
75778
68
75938
69
76087
76
76248
76
76327
65
76418
32
76567
68
77067
8
77337
68
77418
73
77527
83
77827
78
77957
69
78187
89
78828
16
78979
48
79236
190
79427
32
79822
16
79896
67
80136
79
80786
8
81296
8
81715
16
81988
16
82056
84
82235
73
82345
32
82485
67
82535
79
82695
78
82766
83
82895
73
83006
71
83115
76
83315
73
83375
79
83485
32
83625
73
83787
78
83895
32
84065
80
84115
65
84235
82
84425
84
84515
73
84685
67
84745
79
84926
76
85006
65
85116
82
85235
69
85695
188
85804
32
88044
73
88214
76
88334
32
88453
67
88653
82
88824
79
88954
84
89233
8
89403
8
89565
8
89863
79
89993
84
90763
187
90783
8
90853
82
91294
8
91454
8
91543
82
91802
84
91863
79
92042
32
92312
83
92402
85
92563
76
92752
76
92822
65
93652
32
95711
76
95773
65
95961
77
96162
80
96281
65
96491
68
96711
65
97681
188
97762
32
98750
81
98860
85
98980
69
98990
82
99100
76
99280
76
99560
8
99720
8
99890
8
00370
76
00520
76
01019
79
01190
32
01309
67
01391
72
01449
73
01599
65
02019
77
02110
65
02279
84
02369
79
04019
32
04447
16
04719
222
06730
16
06767
84
06998
79
07197
78
07449
89
07657
83
08197
8
08467
222
08687
83
09107
32
09247
71
09377
65
09507
77
09657
69
10381
16
10687
222
10937
32
10996
16
11116
57
11366
77
11536
73
11706
32
11906
80
11966
65
12076
82
12156
69
12362
16
12547
48
12686
32
12856
69
12946
32
13075
81
13206
85
13345
69
13525
76
13697
76
15155
79
15305
32
15505
67
15635
72
15754
69
15845
32
17314
80
17385
82
17444
69
17674
67
17836
69
18024
68
18194
69
18384
32
18793
73
18943
76
19024
32
19105
67
19334
82
19873
8
20093
79
20543
8
20713
8
21074
76
21254
85
21473
78
21494
71
22023
79
22232
77
22324
69
22452
84
22633
82
22753
65
22912
71
23073
71
23152
73
23223
79
23322
32
23473
68
23642
73
23972
83
24132
69
24272
78
24703
8
24873
8
25082
78
25212
69
25452
89
25592
65
25732
78
25882
79
26911
32
26998
16
27121
57
28271
83
28561
73
28660
32
28762
68
28880
79
29010
86
29230
82
29300
69
29390
66
29580
66
29742
69
29860
32
29990
67
30070
72
30140
73
30240
65
30440
77
30520
65
30650
82
30730
69
30860
32
31080
79
31430
8
31653
16
31789
222
32167
16
32229
79
32409
70
32529
32
32931
16
33009
66
33169
73
33219
82
33649
68
33859
83
34166
16
34269
222
34578
32
35088
79
35218
32
35428
81
35488
85
35588
65
35709
76
35878
67
36248
79
36348
83
36488
65
36618
32
36708
68
36868
69
36948
76
37108
71
37818
8
38239
32
38377
71
38539
69
38637
78
38748
69
38877
82
38957
69
39175
16
39359
48
39617
32
39757
67
40067
8
40237
8
40546
188
40656
32
40767
71
40896
65
40976
82
41107
65
41276
78
41377
84
41526
73
41637
83
41917
67
42017
79
42086
32
42686
49
43046
53
43346
32
43565
77
43735
73
43885
78
43966
73
44417
8
44635
85
44697
91
44700
84
44836
73
44965
32
45125
68
45216
73
45297
32
45505
68
45655
73
45765
86
45955
69
46018
82
46215
84
46265
73
46485
77
46575
69
46704
78
46766
84
46905
79
47034
32
47284
80
47405
85
47566
82
47725
79
48054
190
48254
32
48551
16
49254
65
49844
8
50468
16
50503
68
50685
69
50845
84
51013
84
51043
79
51143
32
51303
81
51393
85
51503
69
51693
83
51703
87
51773
84
51813
79
51893
32
52074
68
52343
8
52514
8
52672
8
52842
8
53223
8
53423
84
53503
79
53633
32
53743
68
53914
69
54053
84
54332
8
54474
8
54652
8
54812
8
55402
188
55532
32
55672
68
55834
69
55981
84
56112
84
56191
79
56261
32
56431
84
56493
91
56495
85
56642
84
56821
84
56883
79
57121
76
57131
186
57221
32
57541
8
57701
8
57861
8
58112
190
58281
32
58443
16
58551
84
58731
73
59001
32
59130
83
59270
65
59391
76
59501
85
59550
84
59731
79
59930
32
62330
8
62560
75
62670
32
63009
8
63169
8
63389
188
63509
32
63669
65
63799
32
63939
80
64019
82
64099
69
64309
83
64429
84
64569
79
64760
188
64829
32
64978
65
65098
32
65219
68
65320
79
65509
77
65748
65
65879
78
65958
73
66220
188
66279
32
66439
16
66528
82
66708
79
66889
66
66928
69
66989
82
67208
84
67328
79
67878
32
68308
8
68608
190
68614
191
69097
8
69348
32
69517
16
69607
67
69898
73
70007
65
70118
79
