86285
83
86725
8
87086
16
87115
83
87385
65
87805
8
88084
73
88175
65
88278
77
88419
79
88584
32
88636
84
88754
79
88845
82
89024
78
89134
65
89287
84
89584
73
89694
32
89845
65
89974
76
90124
76
90184
69
90304
32
90454
67
90514
79
90684
77
90843
80
91024
73
91236
76
91296
65
91484
90
91588
73
91664
79
91813
78
91913
73
92133
32
92363
77
92493
65
92604
84
92833
85
93193
8
93294
84
93453
85
93582
84
93733
73
93955
78
94164
69
94503
190
94653
32
94974
16
99861
81
00201
85
00271
69
00480
83
00600
84
00701
65
00821
32
01151
83
01350
69
01570
82
01770
32
02162
8
02213
91
02215
65
02390
32
02580
67
03039
8
03569
67
03642
73
03743
32
03860
83
03999
65
04161
82
04259
65
04429
222
04579
32
04769
73
04939
76
05019
32
05402
16
05459
80
05809
85
06028
78
06100
71
06259
79
06438
76
06949
8
07364
79
07699
8
07922
76
08131
79
08678
190
08907
32
09340
16
10382
16
10537
77
10717
65
10951
82
11687
67
11837
79
11937
32
12350
16
13366
66
13537
79
13677
84
13846
84
13957
65
14036
32
14176
69
14266
32
14543
16
14566
67
14826
73
15038
78
15117
90
15275
73
15386
65
15535
32
16116
80
16199
65
16280
82
16465
84
16535
69
16805
67
16897
73
17086
80
17165
65
17505
8
17575
69
17686
82
17817
65
17978
78
18149
78
18275
79
18454
32
20704
73
20875
78
21694
8
21893
8
22393
8
22478
8
22562
8
22646
8
22728
8
22812
8
22897
8
22979
8
23064
8
23146
8
23230
8
23314
8
23397
8
23481
8
23564
8
23648
8
23732
8
23815
8
23899
8
23982
8
24066
8
24150
8
24233
8
24318
8
24406
8
24484
8
24569
8
24652
8
24736
8
24818
8
24902
8
24987
8
25069
8
25284
8
25482
8
25673
8
25974
16
26112
70
26322
73
26492
76
26633
69
27042
8
27292
77
27402
32
27541
80
27651
82
27731
69
28062
86
28161
73
28311
83
28471
84
28572
79
29025
16
29192
186
29631
32
30885
16
30920
83
31081
67
31221
79
31384
80
31540
69
31550
82
32101
8
32240
8
32311
82
32380
69
32520
78
32640
68
32720
79
33111
32
33450
16
33512
70
33740
79
33800
82
33950
82
34079
69
34290
83
34400
84
34549
69
34649
82
35001
190
35219
32
35468
16
35559
77
35750
73
35879
32
36069
67
36122
72
36179
73
36279
69
36489
68
36570
79
36700
32
36828
80
36899
69
36959
82
37190
67
37249
72
37419
69
37499
222
37639
32
38188
73
38281
79
38459
32
38568
83
38648
73
38738
65
38878
32
39028
67
39230
79
39597
83
39698
73
39898
222
40021
32
40138
83
40219
73
40408
78
40448
84
40568
69
40807
84
41217
73
41337
84
42047
8
42247
67
42289
79
42827
32
42967
73
43127
78
43257
32
43407
85
43587
78
43682
32
43777
67
43846
79
44006
78
44107
84
44197
69
44379
83
44410
84
44549
79
44627
32
44786
73
44956
78
45066
32
45187
67
45286
85
45317
73
45855
32
46058
76
46106
65
46296
32
46505
82
46546
80
46755
79
47058
76
47376
8
47515
8
47695
8
47875
8
48375
80
48489
82
48596
79
48767
76
48836
73
49008
83
49175
83
49295
73
49444
84
49715
65
49905
222
50020
32
50230
80
50314
65
50495
71
50615
65
51194
190
51294
32
52328
16
53273
65
54143
76
54314
76
55053
8
55246
8
55403
8
55916
16
55975
77
56232
73
56442
32
56623
69
57022
8
57252
80
57352
69
57392
82
57575
77
57662
69
57855
84
58003
84
58111
79
58206
32
58344
68
58432
73
58522
32
58632
82
59061
73
59222
70
59342
79
59781
82
60251
85
60451
77
60671
73
60684
56
61164
8
61341
8
61655
85
61881
76
62034
65
62142
82
62221
69
62378
32
63170
73
63260
32
63400
80
63520
69
63660
78
63790
83
63900
73
64030
69
64170
82
64302
73
64613
32
65040
84
65159
69
65343
83
65380
84
65530
69
65800
222
65910
32
66139
69
66331
83
66492
80
66799
82
66889
69
67180
83
67330
83
67419
73
67775
16
67889
186
68280
32
68540
16
70561
16
72513
16
72838
81
73670
85
73738
69
73987
83
74066
84
74192
65
75087
32
75187
83
75366
69
75377
82
75550
65
75925
188
76026
32
76247
80
76327
82
76386
69
76568
83
76746
83
76816
79
77026
32
78185
73
78356
76
78867
32
78999
67
79105
73
79311
82
79525
67
79605
79
80164
76
80314
79
80415
32
81394
67
81604
85
81764
76
81925
84
82114
85
82194
82
82364
65
82704
73
82924
76
83464
8
83614
8
83853
76
83954
69
84035
32
84163
73
84314
76
84454
32
85406
8
85574
8
85733
8
86433
8
86633
16
86722
186
86952
32
87244
16
87362
222
87833
73
88264
76
88442
32
88562
80
88692
85
89123
78
89242
71
89375
79
89562
76
89712
79
89961
16
90145
222
90721
188
90804
32
91031
86
91188
69
91341
82
91781
82
92070
65
94502
222
94760
32
94952
80
95055
82
95162
79
95751
73
95890
69
96063
84
96219
84
96316
65
96499
84
96623
79
96763
32
96889
73
97049
76
97170
32
97299
70
97399
73
97562
76
97949
77
99048
32
00089
8
00353
16
00428
186
00593
32
00740
16
00788
222
01707
16
01778
83
01978
67
02147
79
02318
80
02497
82
02600
69
02777
78
02858
68
02968
79
03108
32
03554
16
03817
70
04087
79
04136
82
04337
82
04636
69
04816
83
04917
84
05036
69
05157
82
05390
16
05567
222
06707
188
06826
32
09895
8
10075
8
12895
91
13534
18
13673
37
13884
37
14085
37
14293
37
14494
37
14723
37
14944
37
15204
37
15673
37
15930
37
18939
18
19102
39
19342
39
19562
39
19783
39
20002
39
20251
39
20502
39
20744
39
21181
39
21911
39
23140
190
23311
32
24647
16
24850
67
25192
79
25380
77
25489
69
25640
32
25880
79
26030
71
26122
78
26210
73
27070
8
27570
8
27654
8
27736
8
27820
8
27904
8
29308
8
29490
8
30000
8
30510
8
34229
37
35096
67
35179
79
35327
77
35436
69
35546
32
35726
79
35847
71
35938
78
36006
73
37316
32
40005
77
40096
65
40245
82
40546
69
41035
8
41137
84
41205
69
41386
68
41456
73
42005
222
42414
32
42556
69
42635
32
42796
77
42886
91
42888
69
42955
82
43164
67
43246
79
43455
76
43924
69
44128
68
44189
73
44409
222
45056
188
45198
32
45957
18
46075
39
46263
39
46453
39
46657
39
46843
39
47023
39
47203
39
47393
39
47603
39
47783
39
47963
39
48157
39
48342
39
48533
39
48724
39
48924
39
51002
83
51242
65
51395
82
51922
8
52093
8
52271
8
52756
83
52941
65
53042
82
53143
91
53146
65
53251
222
53403
32
53571
80
53681
82
53802
79
54481
73
54810
69
54960
84
55110
84
55264
65
55420
84
55901
79
56030
32
56159
85
56390
78
56509
32
56600
70
56718
73
56863
76
57354
77
57610
32
57729
68
57820
73
57899
32
58012
83
59039
8
59819
83
59939
69
60172
67
60259
79
60419
78
60500
68
60638
65
60778
32
60959
86
61050
73
61184
83
61358
73
61428
79
61688
78
61828
69
62068
190
62299
32
62601
16
62878
76
65357
8
65520
16
65887
73
66086
76
66217
32
66498
70
66606
73
66746
76
67096
77
67209
32
67386
68
67466
73
67536
32
67736
81
67849
85
67949
91
67951
69
68486
83
68596
84
68717
65
68826
32
68950
83
69106
69
69186
82
69306
65
69438
32
72376
69
72494
222
72635
32
72865
73
73035
78
73128
84
73244
73
73714
84
73827
79
74024
76
74145
65
74279
84
74394
79
74534
32
75159
16
75334
39
75834
39
75917
39
76001
39
76085
39
76169
39
76251
39
76335
39
76419
39
76502
39
76586
39
76670
39
76753
39
76836
39
76920
39
77004
39
77087
39
77171
39
77254
39
77338
39
77422
39
77505
39
77588
39
77672
39
77755
39
77840
39
77923
39
78006
39
78090
39
78173
39
78258
39
78341
39
78424
39
78507
39
78591
39
78675
39
78758
39
78842
39
78925
39
79009
39
79093
39
79178
39
79260
39
79343
39
79427
39
79511
39
79595
39
79873
39
80492
39
81442
8
82926
16
83476
8
83673
16
83732
186
83741
76
83931
32
84693
8
84861
8
85010
32
85130
16
85201
222
85475
16
85580
83
85845
67
85950
79
86110
80
86270
82
86840
69
86950
78
87062
68
87120
79
87260
32
87480
222
87500
70
87960
8
88143
8
88344
16
88421
70
88650
79
88721
82
88910
82
89180
69
89369
83
89450
84
89570
69
89673
82
90010
16
90149
222
90653
188
90748
32
91080
69
91228
222
91339
32
91520
76
92010
65
92138
32
92229
83
92329
84
92448
79
92548
82
92698
73
92798
65
93300
32
93438
68
93579
73
93777
32
93917
85
94108
78
94227
32
94927
69
95097
88
95388
189
95587
83
95947
67
96167
82
96267
73
96437
84
96597
84
96697
79
96837
82
96876
69
97366
8
97867
8
97950
8
98033
8
98117
8
98200
8
98285
8
98536
8
98746
8
98916
8
99096
8
99246
8
99546
8
99825
79
99965
32
00066
83
00215
67
00415
82
00497
73
00615
84
00786
84
00856
79
00985
82
01055
69
01195
32
05164
65
05489
85
05907
84
05994
79
07243
8
07437
8
07613
8
07794
8
22298
79
22518
82
22648
77
22798
65
22909
73
23148
32
23298
73
23981
8
24158
8
24339
8
24528
8
24667
8
24827
8
25000
8
25272
67
25342
72
25498
69
25598
32
25760
78
25829
79
25969
78
26110
32
26288
72
26397
65
26490
32
26657
80
26777
73
26837
85
27097
222
27222
32
27387
73
27558
76
27657
32
27817
67
27896
79
28047
82
28166
65
28356
71
28526
71
28587
73
28626
79
28746
32
28976
68
29096
73
29170
32
29316
83
29556
67
29826
82
29957
73
30066
86
30256
69
30396
82
30476
69
30856
32
31036
80
31096
69
31156
82
31335
32
31525
78
31616
79
31750
78
33225
8
33415
8
33595
8
33770
8
33944
8
34119
8
34295
8
34475
8
34996
188
35114
32
35284
78
35355
69
35554
222
35684
32
35834
68
35954
73
36045
32
36854
70
37044
82
37104
69
37294
81
37474
85
37753
69
37913
78
38043
84
38213
81
38228
65
38763
8
38913
8
38933
65
39073
82
39135
69
39245
32
39594
76
39842
85
39924
73
39943
79
40152
71
40457
8
40623
8
40774
8
41042
79
41122
71
41242
72
41312
73
41482
32
41712
80
41793
91
41796
85
42002
66
42162
66
42335
76
42412
73
42562
67
42653
73
44661
32
44791
69
44881
32
45054
67
45172
72
45306
69
45925
32
46071
80
46110
69
46194
82
46371
67
46431
73
46530
79
47030
222
47250
32
47410
86
47493
73
47590
86
47760
69
47850
32
47990
69
48100
73
48410
8
48571
8
48790
73
48850
83
48999
79
49165
76
49210
65
49374
84
49461
79
49569
32
49869
78
49940
69
50069
76
50919
8
51079
8
51253
8
51499
73
51681
78
51798
32
52448
8
52620
8
52778
8
53020
78
53128
69
53228
76
53358
32
53429
83
53578
85
53648
79
55148
32
55298
65
55447
80
55608
80
55668
65
55817
82
56018
84
56511
65
56827
77
56957
69
57058
78
57157
84
57317
73
57477
78
57578
79
59906
32
60846
73
61008
78
61116
32
61370
16
61435
78
61576
69
61706
87
61865
32
62087
16
62206
89
62345
79
62445
82
62958
75
63205
190
63385
32
63678
16
65205
76
65514
65
65625
32
65784
83
65904
84
66104
79
66454
82
66605
65
66985
8
67206
73
67254
65
67784
32
68793
8
68963
8
69133
8
69314
8
69493
8
69613
8
69833
8
70033
8
70203
8
70374
8
70665
16
70793
73
71177
8
71319
16
71422
76
71602
79
71712
32
71824
83
71933
80
72102
85
72255
84
72302
78
72942
8
73102
8
73291
78
73392
84
73462
79
73572
32
73684
67
73772
73
73913
78
73971
69
74244
77
74415
65
74612
84
74821
82
75497
8
75992
8
76075
8
76160
8
76244
8
76331
8
76411
8
76861
8
78480
8
78663
8
78840
8
79340
8
79424
8
79508
8
79591
8
79800
8
79999
8
80140
8
80310
16
80469
73
80640
76
80809
32
80939
84
81020
69
81172
77
81589
65
85178
32
85288
86
85388
65
85588
82
86688
8
86877
8
87378
8
87461
8
87547
8
87628
8
87712
8
87795
8
87880
8
88087
8
88297
8
88938
16
89020
67
89219
79
89391
78
91136
8
91318
8
91480
8
91646
8
91986
32
92102
16
92216
76
92416
222
92616
73
92770
78
92885
67
92967
91
92970
79
93126
78
93207
84
93399
82
93445
79
93585
32
94105
67
94176
79
94355
78
94485
32
94735
85
94930
78
95006
32
95386
71
95495
73
95575
79
95965
8
96134
8
97044
73
97064
79
97244
86
97454
65
97584
78
97705
69
97974
32
98284
82
98404
65
98563
71
98694
65
98923
90
99114
90
99194
79
99284
32
99374
68
99460
91
99462
73
99534
32
00075
67
00164
79
00343
76
00493
79
00583
82
01083
69
01233
32
01523
67
01642
79
01802
78
01932
32
03356
76
03442
65
03523
32
03707
80
03762
65
03951
83
04092
83
04197
73
04223
79
04403
78
04492
69
04582
32
04732
80
04791
69
04881
82
04972
32
05111
76
05221
65
05323
32
05403
83
05572
67
05771
82
05821
73
05991
84
06152
84
06272
85
06362
82
06451
65
08710
188
08820
32
09010
80
09093
69
09190
82
09461
77
09523
69
09681
84
09840
84
09961
69
10071
82
10200
65
10561
8
11060
8
11144
8
11231
8
11311
8
11394
8
11478
8
11561
8
11649
8
11729
8
11812
8
12229
8
12449
32
12553
67
12649
79
12789
83
12910
84
13069
82
13139
73
13279
78
13340
71
13492
69
13608
82
13702
65
13829
222
13928
32
14388
76
14573
222
14818
85
14958
79
15168
77
15318
79
15448
32
15829
65
16038
32
17068
82
18177
73
18247
84
18448
82
18537
79
19907
86
19987
65
20136
82
20187
69
20287
32
20459
73
20617
76
20696
32
21028
67
21146
79
21236
82
21356
65
21547
71
21716
71
21837
73
21856
79
22326
32
22485
68
22577
73
22676
32
23106
86
23325
73
23475
86
23664
69
23858
82
23926
69
24036
32
24195
80
24544
8
24725
76
24795
65
24978
32
25127
80
25196
82
25726
79
26014
80
26325
82
26465
73
26535
65
26649
32
26774
86
26954
73
27044
84
27169
65
27296
32
28194
8
28985
190
29263
32
29512
16
29576
70
29763
73
29913
78
29973
65
30123
76
30283
69
33162
32
34922
83
35076
67
35202
79
35392
78
35452
84
35574
65
35722
84
35872
79
36123
32
36391
80
36434
69
36601
32
37051
187
37061
8
37123
82
37281
32
37621
8
37795
8
37941
8
38031
82
38212
32
38361
85
38552
78
38610
32
38751
70
38841
73
39000
76
39255
77
39360
32
39534
82
39597
73
39751
67
39900
67
39953
79
40060
32
40162
68
40260
73
40340
32
40700
66
40894
85
40980
79
41460
78
41590
73
41710
32
42399
86
42579
65
42719
76
42899
79
42970
82
43089
73
44019
8
44519
8
50356
82
50836
8
51339
8
51421
8
51504
8
51588
8
51671
8
51757
8
51839
8
51921
8
52006
8
52088
8
52175
8
52256
8
52339
8
52424
8
52507
8
52593
8
52776
8
52986
8
53376
8
55076
67
55216
72
55325
69
55419
32
55565
70
55685
65
56255
32
62613
8
62793
8
62975
8
63153
8
63372
8
63583
8
63784
8
70125
18
71210
8
71403
8
71600
8
71822
8
72009
8
72219
8
72429
8
72630
8
72859
8
73190
8
74531
16
74629
67
74852
73
75009
65
75090
79
75309
188
75429
32
75667
16
75729
82
75939
79
76149
66
76188
69
76289
82
76439
84
76539
79
76546
73
77628
8
