81234
16
81235
67
81454
73
81564
65
81654
79
81863
32
82233
8
82543
188
82693
32
82873
79
83023
71
83183
71
83263
73
83403
32
83673
72
83733
79
83872
32
84043
81
84152
85
84262
65
84333
76
84473
67
84573
79
84672
83
84882
32
85333
8
85482
65
86622
32
86722
68
86882
65
86922
32
87151
67
87761
8
88261
8
88345
8
88429
8
88512
8
88596
8
88679
8
88764
8
88846
8
88930
8
89013
8
89097
8
89321
8
91850
86
91970
73
92590
8
92760
8
92940
8
93089
8
93240
8
93419
8
93580
8
93740
8
93899
8
94079
8
94239
8
94769
8
95839
190
95928
32
96199
16
96200
83
96378
69
96488
32
96679
67
96819
222
96918
69
97008
222
97108
32
97288
85
97468
78
97578
65
97668
32
97798
67
97888
79
97998
83
98128
65
98258
32
98358
67
98498
72
98578
69
98668
32
98838
78
98928
79
99067
78
99468
32
99567
83
99638
79
99848
80
99997
80
00157
79
00277
82
00497
84
00558
79
00677
32
00767
83
00847
79
01027
78
01057
79
01167
32
01677
76
01717
69
01817
32
01937
80
02016
69
02137
82
02286
83
02377
79
02506
78
02596
69
02686
32
03077
67
03196
72
03286
69
03317
32
03476
78
03566
79
03676
78
03786
32
03886
83
03957
73
04066
32
05086
67
05165
85
05305
82
05426
65
05605
78
05696
79
05875
32
07545
68
07615
73
07695
32
07855
78
08065
79
08115
78
08364
32
08555
68
08694
65
08835
82
08894
69
08984
32
09904
70
10014
65
10224
83
10394
84
10484
73
10794
68
10864
73
10914
79
11054
32
11184
65
11333
71
11444
76
11494
73
11624
65
12263
8
12443
32
12573
65
12963
76
13063
84
13253
82
13324
73
13553
190
13743
32
14733
16
14734
73
14903
78
14992
32
15082
81
15222
85
15322
69
15493
83
15572
84
15702
32
15712
65
15892
67
16002
65
16192
84
16312
69
16832
8
17022
8
17192
8
17371
8
17761
8
17971
8
18322
32
18751
8
18921
65
19051
32
19221
67
19361
65
19551
84
19631
69
19881
71
20000
79
20140
82
20291
73
20421
65
20510
32
20660
67
20721
73
20871
32
20990
83
21090
79
21230
78
21321
79
21440
32
21570
81
21670
85
22050
65
22390
8
22441
69
22620
76
22800
76
22940
73
23060
32
23159
67
23259
72
23380
69
23420
32
23900
80
24090
65
24230
82
24360
76
24449
65
24609
78
24729
79
24889
32
25289
65
25499
76
25609
32
25699
67
25760
73
25919
78
26059
69
26229
188
26689
8
26958
77
26999
65
27179
188
27349
32
27588
67
27649
79
27798
76
27948
79
28039
82
28178
79
28308
32
28458
67
28578
72
28668
69
28758
32
28908
70
29008
85
29208
78
29838
8
30088
77
30168
65
30287
78
30428
79
30577
32
30717
73
30897
78
31047
32
31247
80
31337
82
31397
69
31557
83
31677
69
31797
78
31927
90
32157
65
32267
32
33611
68
33626
32
33633
73
34236
8
34396
8
34626
73
34766
32
34916
78
35006
79
35126
78
35246
32
35356
70
35476
85
35645
77
35765
65
35926
84
36006
79
36145
82
36285
73
36405
32
36555
69
36676
32
37065
81
37235
85
37305
69
37475
76
37625
76
37735
73
37845
32
37925
67
38045
72
38145
69
38195
32
39025
80
39144
65
39355
82
39595
71
39764
72
40054
8
40214
8
40285
67
40454
72
40474
69
40864
71
41044
71
41174
73
41284
65
41394
78
41533
79
41683
32
42063
73
42243
78
42334
32
42483
68
42563
79
42744
80
42924
80
43093
73
43203
65
43323
32
43463
70
43513
73
43673
76
43773
69
44393
8
44443
65
44533
32
44702
83
44783
85
44893
32
44982
83
45143
84
45303
82
45412
65
45642
68
45842
69
45942
32
46062
73
46222
78
46342
32
46432
67
46592
85
46652
73
46802
32
47082
81
47202
85
47291
69
47482
83
47492
87
47522
84
48041
8
48191
8
48262
84
48452
79
48562
32
48681
67
48731
79
48911
77
49081
80
49231
79
49281
82
49491
84
49761
65
50851
32
51690
68
51810
73
51920
70
52081
70
52150
73
52280
67
52390
79
52560
76
52640
84
52790
65
52980
222
53210
32
53980
65
54099
76
54190
32
54360
84
54549
82
54670
65
54880
70
55030
70
55139
73
55239
67
55369
79
55519
32
55943
16
56059
57
56749
84
56809
73
56978
80
57178
79
57469
32
58048
67
58108
79
58248
68
58389
65
58478
32
58628
68
58708
73
58798
32
58978
77
59078
65
59258
67
59398
67
59478
72
59518
73
59768
78
60118
69
60207
32
61517
68
61607
73
61747
69
61877
84
62047
82
62157
79
62277
32
62807
84
63096
65
63646
8
63807
8
64177
76
64276
65
64426
32
64606
77
64637
65
64876
67
65036
67
65076
72
65116
73
65316
78
65377
65
65506
32
65615
68
65796
69
65875
76
65985
32
66265
67
66465
82
66536
69
66735
84
66805
73
66986
78
67105
79
67235
32
67375
68
67445
73
67525
32
67665
84
67785
85
67875
82
68035
78
68095
79
68235
32
68415
67
68555
72
68645
69
68755
32
69025
65
69225
83
69345
80
69444
69
69635
84
69804
84
69894
65
70024
78
70124
79
70294
32
70355
85
70894
8
71134
73
71274
76
71374
32
71524
77
71673
79
71834
77
71984
69
72075
78
72213
84
72313
79
72483
32
72804
66
72984
85
73064
79
73273
78
73353
79
73533
32
73683
80
73813
69
73873
82
73953
32
74173
82
74253
73
74313
85
74463
83
74593
67
74693
73
74853
82
75213
69
75362
32
75502
65
75603
32
75802
80
75902
65
76082
83
76222
83
76352
65
76442
82
76532
69
76612
32
76742
83
76912
69
76972
78
77112
90
77272
65
77372
32
77493
70
77499
82
77592
65
77982
8
78151
8
78282
65
78421
82
78512
69
78622
32
79561
85
79731
78
79831
32
79951
70
80151
82
80222
79
80361
78
80421
84
80522
65
80671
76
80831
69
80920
32
81090
67
81111
79
81320
78
81420
32
81630
67
81681
72
81750
73
81890
32
82520
71
82840
8
83010
8
83340
188
83450
32
83620
71
83930
73
83970
85
84200
83
84300
84
84420
65
84619
77
84700
69
84799
78
84909
84
84950
69
85110
32
86149
65
86299
82
86459
82
86559
73
86678
86
86819
65
87229
32
87929
78
88009
69
88098
76
88228
32
88358
83
88578
69
88928
83
89948
8
90158
78
90218
83
90308
79
90438
32
90617
79
90798
80
90968
80
91127
79
91217
83
91337
84
91448
79
91851
16
92677
48
93307
190
93516
32
93940
16
93976
66
94167
69
94286
78
94396
69
94557
32
94836
79
95136
8
95276
8
95516
188
95646
32
95796
79
95826
71
95995
71
96076
73
96186
32
97335
72
97386
79
97555
32
97695
86
97775
73
97925
83
98035
84
98165
79
98235
32
98435
85
98605
78
98795
79
98935
32
99065
67
99144
72
99255
69
99315
32
99635
72
99765
65
99865
32
00434
73
00814
8
00904
86
01044
73
01214
78
02134
84
02354
79
02484
32
04373
73
04513
76
04634
32
04783
80
04843
82
04913
69
05353
77
05563
73
05603
79
06352
32
07552
73
07662
68
07772
73
07822
79
08012
84
08142
65
08252
32
08381
68
08562
69
08642
76
08792
76
08991
222
09071
65
09222
78
09361
78
09471
79
09741
190
09901
190
10051
190
10211
190
10371
32
11772
16
11773
72
11951
65
12051
32
12230
80
12290
65
12430
82
12650
67
12731
72
12850
69
13120
71
13300
71
13440
73
13520
65
13660
84
13770
79
13860
32
14170
73
14340
78
14440
32
14570
68
14640
79
14829
80
14999
80
15149
73
15249
65
15619
32
15779
70
15809
73
15979
76
16289
65
16689
190
16849
190
17019
190
17179
190
17439
32
17589
83
17729
85
17889
76
18048
76
18139
69
18318
32
18469
83
18569
84
18748
82
18869
73
19398
83
19608
67
19838
69
20288
190
20458
190
20627
190
20767
190
20908
32
21227
67
21308
79
21488
78
21738
85
22117
8
22297
32
22457
85
22627
78
22717
32
22837
70
22957
85
23307
71
23467
79
23617
78
23767
69
24027
8
24177
8
24346
8
24496
8
24607
82
24786
79
24936
71
25176
8
25326
8
25436
71
25586
79
25736
78
25836
69
26356
190
26506
190
26686
190
26866
190
27135
32
27256
67
27375
72
27465
69
27545
32
27726
78
27865
83
28225
8
28266
65
28445
83
28645
67
28745
79
28885
78
28955
68
29145
69
30054
86
30126
65
31834
32
32054
73
32194
76
32264
32
32424
83
32774
69
32903
77
33043
65
33514
70
33654
79
33794
82
34523
79
35483
32
41811
86
42121
73
42380
67
42501
73
42660
78
42721
79
43450
190
43610
190
43800
190
44350
8
44560
8
44990
32
48199
16
48200
83
49119
8
50204
16
52157
16
52159
68
52327
69
52487
84
52617
84
52708
79
52777
32
53007
81
53107
85
53247
69
53427
83
53487
84
53586
79
53668
32
53817
65
53997
78
54067
67
54197
72
54278
69
54366
32
54526
81
54627
85
54747
65
55216
8
55237
69
55426
83
55556
84
55756
222
56076
79
56236
71
56386
71
56446
73
56556
32
56666
73
56806
76
56906
32
57076
77
57245
73
57316
79
57426
32
57516
68
57635
79
57755
86
57955
69
58035
82
58155
69
58326
32
58526
76
58705
222
58865
72
58945
79
59085
32
59175
70
59285
65
59425
84
59605
84
59745
79
59995
190
60124
32
60548
16
60655
67
60875
73
61074
65
61194
79
61384
188
61405
75
61494
32
61984
8
62424
8
62574
32
62814
16
62815
82
63004
79
63214
66
63404
89
