40490
16
41986
85
42176
78
42346
65
42526
32
42646
67
42735
79
42875
83
43056
65
43156
32
43317
67
43615
72
43715
69
43795
32
43965
77
44145
73
44265
32
44495
80
44705
79
44865
84
45075
82
45145
69
45324
73
45425
32
45564
67
45685
72
45724
73
45784
69
46096
68
46275
69
46474
82
46555
69
46734
32
46924
69
47034
32
48223
83
48414
69
48534
32
49084
67
49235
65
49354
77
49543
66
49775
73
50143
65
51173
8
51363
8
51523
8
51682
8
51853
8
52013
8
52333
80
52512
85
52572
79
52862
222
53002
32
53152
67
53342
65
53622
77
53802
66
53922
73
54071
65
54201
82
54292
69
54362
32
55111
81
55141
85
55301
65
55371
76
55521
67
55651
79
55761
83
55901
65
56081
188
56181
32
56532
80
56621
69
56721
82
56791
32
56951
81
57001
85
57231
65
57400
78
57481
91
57483
84
57571
79
57661
32
57781
82
57840
73
58000
71
58090
85
58180
65
58311
82
58480
68
58570
65
58900
32
59020
73
59211
84
59290
85
59440
79
59540
73
59930
8
60080
8
60250
8
60410
8
60649
32
60790
84
60909
85
61020
79
61109
73
61429
32
62239
69
62409
83
62509
80
62639
69
62790
82
62898
73
63108
77
63259
69
63359
78
63669
84
63809
73
64188
188
64318
32
64558
83
64738
69
64808
32
65228
84
65318
85
65448
84
65658
84
65800
222
66018
65
66148
78
66648
8
68307
68
69098
32
69737
85
69926
78
70056
32
70186
84
70366
82
70466
65
70677
84
70856
84
71286
79
71396
32
72156
73
72325
78
72445
73
72626
90
72817
73
73216
65
73695
83
73845
83
73936
73
74026
32
74155
65
74345
83
74625
32
74965
8
75105
8
75296
32
75374
83
75535
67
75754
82
75844
73
76026
86
76225
69
76395
82
76484
69
76565
32
76694
73
76864
78
76935
32
77084
73
77234
78
77335
71
77534
76
77634
69
78203
83
78374
69
78883
190
79063
190
79243
190
79743
32
80157
16
80443
79
80663
86
80813
86
80923
73
80963
79
81123
32
81253
67
81403
72
81493
69
81523
32
81772
81
81863
85
81922
73
82093
32
82872
78
82972
79
83102
78
83222
32
83342
80
83542
79
83622
83
83782
83
83893
79
84022
32
84182
70
84302
65
84422
82
84492
69
84582
32
84742
65
84902
76
85032
84
85222
82
85302
79
85412
32
85531
67
85671
72
85761
69
85811
32
86341
84
86531
82
86631
65
86893
84
87062
84
87202
69
87301
78
87400
69
87691
82
87971
77
88160
73
88291
32
88820
8
89110
188
89260
32
89430
78
89531
79
89670
78
89770
32
89890
86
90090
79
90200
82
90350
82
90431
69
90560
73
90680
32
90809
69
90989
83
91160
83
91319
69
91429
82
91510
69
91580
32
91750
67
91800
79
92009
83
92189
84
92389
82
92409
69
92701
84
92889
84
93079
84
93100
79
93350
32
93780
8
93929
8
94098
8
94408
79
94558
32
94699
65
94909
68
95028
32
95198
65
95328
76
95448
84
95638
82
96219
69
96328
32
96468
68
96618
85
96727
69
96838
32
96987
83
97169
69
97368
84
97507
84
97577
73
97787
77
97907
65
97989
91
97991
78
98157
69
98321
32
98497
68
98587
73
98707
32
99358
69
99557
83
99646
80
99828
69
99997
82
00117
73
00366
77
00517
69
00606
78
00747
84
00947
69
01437
8
01636
73
01776
32
01887
80
01996
69
02096
82
02216
32
02456
65
02676
86
02826
69
02966
82
03056
69
03176
32
03685
73
03838
78
03905
70
04045
73
04205
67
04306
73
04425
65
04635
84
04755
79
04875
32
05085
81
05195
85
05325
69
05485
76
05665
76
05795
73
05926
32
06035
65
06235
84
06414
84
06444
85
06974
65
07104
76
07344
73
07394
32
08104
186
08624
189
08736
16
08864
48
09453
190
10244
8
10733
190
10983
32
11613
16
11783
67
12043
77
12102
81
12613
188
12743
32
13553
83
13602
79
13762
78
13842
79
13942
32
14092
65
14172
32
14352
77
14412
69
14632
84
14833
65
15012
222
15171
32
15511
66
15603
79
16071
88
16211
32
16771
69
16901
32
19160
65
19350
68
19451
32
19670
85
19880
78
19970
32
20190
66
20940
8
21440
8
21523
8
21607
8
21690
8
21774
8
21857
8
21941
8
22024
8
22108
8
22191
8
22275
8
22359
8
22442
8
22526
8
22609
8
22693
8
22777
8
22919
8
23099
8
23369
68
23459
32
23679
85
23858
78
23940
32
24119
66
24229
79
24420
88
24539
32
24718
69
25298
32
25568
77
25938
90
26638
8
26708
69
26988
90
27168
90
27287
79
27427
32
27507
68
27657
65
27787
76
27957
76
28019
65
28167
32
28258
70
28367
73
28537
78
28619
69
28968
188
29097
32
30337
80
30437
82
30506
69
30697
83
30807
84
30897
79
31006
32
31926
77
32106
73
32236
32
32356
80
32576
79
32696
84
32886
82
32966
69
33405
8
33455
65
33616
73
33746
32
33856
68
34185
73
34285
82
34356
69
34436
32
34745
83
34885
69
34955
32
35125
73
35275
76
35385
32
35596
83
36245
73
36335
83
36455
84
36565
69
36745
77
36865
65
36955
32
37624
80
37854
69
37974
78
38104
83
38264
65
38354
32
38494
68
38574
73
38665
32
38984
82
39244
73
39274
85
39424
83
39574
67
39784
73
39975
82
40024
69
40183
32
40523
65
40733
68
41113
8
41293
32
41414
82
41553
73
41673
67
41793
79
41953
78
42023
79
42143
83
42313
67
42553
69
42633
82
42833
77
43052
73
43152
32
43332
79
43494
86
43882
85
44062
78
44232
81
44362
85
44452
69
45042
32
45262
73
45302
79
45472
32
45572
83
45722
65
45841
82
45942
79
46181
222
46351
32
46561
78
46632
69
46742
76
46871
32
47003
77
47161
79
47291
78
47381
68
47511
79
48761
32
49089
16
49260
186
49551
189
49701
16
49810
48
50190
32
59121
16
59267
77
60487
8
63685
16
63806
73
63836
73
64195
69
64415
82
64536
73
64655
32
65045
8
65205
8
65386
8
65545
8
65715
8
66145
69
66345
82
66515
73
66605
32
66795
65
66885
66
67045
66
67205
73
67314
65
67405
77
67575
79
67735
32
67905
70
68086
65
68934
8
69114
8
69284
68
69414
73
69534
83
69874
80
70004
85
70086
91
70088
84
70234
65
70373
84
70473
79
70564
32
70735
85
70894
78
70984
65
71193
32
71343
68
71513
69
71623
76
71763
76
71873
32
71993
69
72383
8
72525
8
72563
69
72703
32
72874
80
72984
73
73064
85
73283
222
73372
32
73593
66
73633
69
73774
76
73933
76
73992
69
74075
32
74232
80
74282
65
74393
82
74592
84
74642
73
74862
84
75022
65
75372
8
75442
69
75583
32
75723
67
75903
72
75962
69
76072
32
76233
73
76322
79
76601
32
76812
82
76931
73
77022
69
77341
83
77711
67
77852
65
77972
32
78161
65
78281
32
78431
82
78571
73
78731
67
78881
79
79011
82
79190
68
79301
65
79421
82
79480
69
81730
190
82809
32
83651
16
83740
84
83949
73
84049
82
84189
65
84339
84
84439
65
84550
32
85099
70
85181
73
85349
78
85409
79
85548
32
85639
65
85789
76
85969
76
86188
222
86389
85
86559
76
86688
84
86808
73
86988
77
87148
79
87408
188
87538
32
87958
67
88108
65
88238
82
88319
73
88448
67
88529
65
88648
32
88758
68
88808
73
88908
32
89118
65
89427
71
89529
79
89707
78
89768
73
89957
83
90257
77
90417
79
90707
188
90988
32
92927
67
93007
79
93168
78
93246
32
93376
65
93546
78
93876
8
94136
16
94456
8
94705
16
94756
65
95005
78
95055
68
95275
82
95365
65
95556
83
95685
32
95895
68
95966
73
96046
32
96556
78
96765
85
96845
79
96925
86
97065
79
97135
32
97335
68
97465
65
97655
76
97824
76
97884
65
98135
32
98294
78
98374
79
98524
83
98664
84
98875
82
98944
65
99364
188
99524
32
99944
73
00124
78
00564
83
00674
79
00904
77
01064
77
01104
65
01294
32
01454
84
01645
85
01653
84
02213
84
02543
79
02663
32
02763
69
03153
222
03263
32
03373
83
03483
84
03973
65
04173
84
04253
79
04403
32
04563
80
04652
69
04753
82
04993
70
05193
69
05652
84
05832
84
06012
79
06622
188
06813
32
07111
69
07231
32
08064
16
08162
67
08353
73
08521
78
08612
67
08751
73
08891
65
09161
32
09371
80
09432
69
09561
82
09731
8
09881
8
10043
8
10210
8
10482
188
10600
32
10781
80
10850
69
10931
82
11071
32
11220
68
11260
73
11360
32
11532
80
11670
85
11700
73
12160
8
12322
8
12550
73
12580
85
12800
222
12960
32
13669
8
13889
188
14020
32
14649
65
15001
8
15229
72
15291
65
15379
32
15798
82
15860
69
16238
71
16358
73
16468
83
16588
84
16778
82
16859
65
17048
84
17159
79
17248
32
17408
84
17508
85
17608
84
17770
84
17848
79
18209
190
18418
32
19584
16
19893
16
20097
70
20427
73
20627
78
20977
222
21187
79
21267
82
21367
65
21527
32
22017
72
22107
79
22297
32
22417
70
22517
73
22676
78
23178
8
23677
8
23760
8
23844
8
23927
8
24011
8
24095
8
24178
8
24262
8
24345
8
24646
8
24936
65
25185
76
25395
77
25465
69
25585
78
25675
84
25755
69
25875
32
26226
72
26287
79
26416
32
26535
70
26606
73
26755
78
26855
73
27005
84
27165
79
27535
32
27915
8
28215
190
28385
32
28544
16
28695
82
28886
79
29055
66
