83453
16
83454
68
83662
79
83822
80
84022
80
84432
8
84671
79
84801
32
84902
84
85101
82
85131
69
85295
32
85352
71
85471
73
85531
79
85701
82
86042
78
86082
73
86241
32
86374
68
86446
73
86531
32
86724
65
86933
83
87131
83
87361
69
87551
78
87631
90
87831
65
87891
32
88071
69
88340
67
88511
67
88641
79
88940
77
89093
73
89260
32
89381
84
89480
79
89590
82
89760
78
89870
65
89990
82
90070
69
90174
32
90320
65
90619
76
90780
76
90903
65
91200
32
91330
67
91409
79
91570
77
91750
80
91890
73
92059
76
92149
65
92349
90
92379
73
92429
79
92589
78
92670
69
92779
32
92891
68
93079
69
93210
76
93359
76
93500
65
93639
32
93760
70
93849
79
93959
82
94129
77
94269
32
94389
68
94478
73
94578
32
94859
84
94919
69
95088
83
95190
84
95260
79
95338
32
95509
81
95608
85
96134
79
96149
84
96303
73
96628
68
96748
73
96888
65
96987
78
97167
65
97450
190
98547
8
98777
32
99047
16
99048
220
99217
186
99610
189
00021
16
00337
190
00817
8
00986
8
01166
8
01546
8
01960
16
02146
186
02806
189
03166
16
03167
190
06764
32
07615
8
07774
8
07964
8
08146
8
08854
8
09234
190
09454
32
11219
16
12903
16
13003
86
13011
32
13633
8
13822
8
17966
16
26046
16
26139
68
26458
79
26799
80
26958
79
27128
32
27288
84
27468
82
27529
69
27748
71
28078
8
28268
32
28407
71
28469
73
28548
79
28698
82
28818
78
28868
73
29008
32
29117
68
29218
73
29278
32
29398
65
29608
83
29777
83
29887
69
30018
78
30127
90
30330
65
30408
32
30540
68
30626
73
30707
32
30877
78
31057
85
31106
79
31257
86
31347
79
31466
32
31806
76
31867
69
32507
32
32687
80
32746
65
32876
82
33016
79
33187
76
33286
69
33376
32
33596
78
33686
79
33836
78
33966
32
34675
86
34885
69
34986
78
35146
71
35236
79
35386
78
35495
79
35566
32
35815
78
35955
65
36135
84
36205
85
36359
82
36555
65
37202
76
37208
73
37367
188
37554
32
37735
76
37864
65
38004
32
38168
77
38246
69
38377
78
38485
84
38564
69
38955
32
39094
67
39264
69
39324
82
39534
67
39644
65
39724
32
39895
65
40344
82
40555
71
40724
79
40904
77
40987
69
41114
78
41464
84
41583
73
41733
32
41834
67
41964
72
42083
69
42303
32
42473
78
42575
79
42697
78
42783
32
42893
84
43063
82
43163
79
43263
86
43583
65
43693
32
43833
69
43914
32
44133
77
44322
73
44392
32
44513
82
44602
73
44752
84
44926
82
44982
79
45162
86
45282
79
45402
32
45542
65
45642
32
45772
83
45935
67
46144
82
46302
73
46422
86
46631
69
46812
82
47032
32
47442
8
47512
69
47651
32
47744
68
48561
69
48672
76
48825
32
49051
78
49252
73
49341
69
49472
78
49571
84
49651
69
49733
32
49911
67
49942
79
50140
77
50311
69
50491
32
50630
65
50865
76
50872
32
51030
83
51170
79
51381
76
51405
73
51543
84
51690
79
51970
190
52090
32
52390
16
52391
80
52552
79
52631
84
52860
82
52930
69
53089
73
53189
32
53300
81
53411
85
53570
65
53800
83
53870
73
53969
32
54100
70
54510
65
54632
82
54829
77
55029
73
55120
32
55319
85
55529
78
55909
65
56029
32
56178
77
56374
73
56479
83
56651
83
56689
73
56729
79
56909
78
57009
69
57101
32
57268
80
57429
79
57660
69
57838
84
57988
73
58158
67
58253
65
58508
188
58628
32
58798
78
58988
85
59238
8
59388
8
59628
85
59820
78
60308
65
60447
32
60538
84
60607
69
60817
77
60947
65
61197
84
61408
73
61490
67
61657
72
62066
65
62296
8
62467
8
62656
65
62856
32
62997
80
63077
82
63147
69
63316
68
63410
73
63607
76
63688
69
63859
84
64006
84
64106
65
64186
32
64386
67
64436
79
64606
77
64716
69
64806
32
65326
76
65429
69
65506
79
65936
8
66089
8
66325
79
66405
32
66705
69
66845
222
66960
32
68395
73
68545
76
68675
32
70224
16
70225
222
70515
67
70617
65
70735
78
70826
84
70897
69
71384
8
71424
65
71524
82
71604
69
71744
32
71906
68
72153
69
72256
76
73043
8
73204
8
73373
8
73673
73
73843
76
73928
32
74053
84
74137
69
74283
77
74673
80
74832
79
74943
32
75053
65
75215
78
75273
68
75383
65
75482
84
75603
65
75983
8
76212
79
76616
16
76682
222
77173
32
78721
80
78772
69
78843
82
78944
32
79534
16
79535
71
79743
85
79891
67
80021
67
80321
73
80490
78
80615
73
80623
75
80741
32
81130
8
81291
8
81623
32
82321
16
82620
57
82830
67
82901
72
83053
69
83150
32
83320
76
83480
79
83600
32
83880
68
83950
73
84150
67
84230
72
84479
65
84800
82
85120
8
85270
8
85499
73
85550
65
85663
82
85759
65
85850
32
86029
69
86209
83
86299
80
86510
76
86516
75
86579
73
86659
67
86979
8
87149
8
87309
8
87688
73
87798
67
88031
65
88349
8
88798
73
88868
84
88979
65
89098
77
89189
69
89323
78
89379
84
89888
69
89988
32
91307
73
91488
78
91608
32
91778
85
91957
78
92040
65
92128
32
92287
67
92447
65
92577
78
92908
90
93151
79
93640
78
93717
69
93857
32
94276
68
94370
73
94427
32
94596
67
94696
85
94736
73
94867
32
95026
78
95146
79
95246
78
95347
32
95416
82
95520
73
95646
67
95776
79
95870
82
96056
68
96116
79
96205
32
96316
73
96476
76
96576
32
96716
78
96815
79
97018
77
97176
69
97266
32
97616
8
97836
188
97945
32
98085
77
98185
65
98505
32
00995
68
01794
8
02664
8
02844
8
03034
8
03217
8
03384
8
04033
190
04203
190
04368
190
04507
32
04743
67
04857
77
04973
81
05134
32
05843
76
06283
8
06543
73
06713
76
06743
75
06806
32
06912
86
07342
8
07512
8
07713
8
07975
32
08072
86
08282
69
08352
82
08532
83
08652
79
08712
32
08921
69
09112
83
09252
65
09432
84
09581
84
09663
79
09751
32
09912
69
10082
222
10192
32
10511
16
10512
222
11371
67
11461
65
11561
78
11691
84
11784
65
11962
82
12273
69
12390
32
12511
73
12670
76
12761
32
12881
84
12950
69
13074
77
13221
80
13391
79
13500
32
14191
65
14310
78
14380
68
14503
65
14610
84
14750
79
14860
32
14980
83
15120
65
15239
82
15350
65
15490
222
15583
32
15723
73
15863
76
15979
32
16129
77
16340
73
16409
79
16969
32
17080
84
17150
69
17329
77
17610
65
18024
16
18026
222
18809
16
18810
48
19079
190
19379
32
21467
16
22061
79
22278
75
22557
188
22658
32
23307
79
23489
75
23731
188
23837
32
24158
76
24327
79
24431
32
24588
83
24657
79
24797
32
25277
8
25727
188
25857
32
25986
83
26136
84
26246
79
26356
32
26506
80
26566
82
26659
69
26826
78
26956
68
27148
69
27266
78
27436
68
27515
79
27606
32
27776
84
27856
69
28026
77
28185
80
28385
79
28665
188
28795
32
30924
77
31034
65
31498
32
35213
78
35324
79
35473
78
35594
32
35804
69
35933
222
36123
32
36306
78
36393
69
36503
77
36663
77
36753
69
36883
78
37037
79
37163
32
37316
67
37387
79
37562
77
38085
8
38383
76
38562
80
38802
32
38862
65
39122
8
39282
8
39312
65
39442
32
39602
77
39782
73
39862
65
40221
188
40371
32
42771
78
42831
79
42981
78
43063
32
43250
69
43381
222
43481
32
43641
70
43770
65
44074
73
44480
8
44570
67
44721
73
44881
76
44970
69
45070
32
45241
80
45260
65
45440
82
45883
76
45970
65
46120
82
46200
69
46321
32
46480
68
46590
73
46661
32
46800
68
47219
8
47470
78
47570
73
47709
69
48279
78
48359
84
48399
69
48519
32
48919
32
49010
79
49459
78
49708
8
49899
8
50049
8
50668
67
50749
79
50878
78
50989
32
51168
85
51338
78
51408
32
51538
84
51618
69
51828
83
51968
88
52258
8
52408
8
52447
88
52558
84
52678
32
53148
66
53288
79
53527
88
53651
32
53860
67
53917
72
54057
69
54078
32
54247
78
54357
79
54477
78
54617
32
54870
84
54948
73
55067
32
55257
80
55407
85
55487
79
55777
222
55949
32
56326
78
56417
69
56536
77
56696
77
57046
8
57576
77
57736
69
57836
78
57996
79
58126
32
58356
82
58426
73
58546
83
58636
80
58786
79
58981
78
59057
68
59215
69
59345
82
59436
69
60315
190
60515
32
61305
8
62244
32
63044
8
63204
8
63344
32
63584
16
63586
57
63844
79
64004
32
64174
78
64294
79
64415
78
64534
32
64684
86
64984
85
65094
79
65413
76
65583
69
65968
16
66284
48
67523
190
67703
32
68126
16
68503
67
68772
77
68842
81
69002
32
69882
65
70012
76
70162
76
70253
65
70406
32
70493
70
70642
73
70792
78
70872
69
70962
32
71082
65
71204
78
71312
67
71414
72
71562
69
71651
32
72331
79
72441
71
72601
71
72661
73
72761
32
72914
67
73301
69
73442
32
73573
76
73761
222
73941
72
74026
79
74167
32
74251
70
74360
65
74501
84
74655
84
74771
65
76060
190
76380
32
76690
16
76691
65
77290
32
77410
68
77500
79
77682
77
77760
65
77869
78
77989
73
78450
188
78569
32
78669
67
78779
73
78850
65
79019
79
79253
188
79429
32
79982
16
79983
82
80179
79
80340
66
80429
69
80470
82
80669
84
80719
79
