14465
16
14466
69
14715
67
14910
67
15065
79
15235
77
15415
73
15525
32
15835
81
15895
85
15964
73
16345
188
16464
32
16594
83
16764
69
16874
32
17024
78
17094
79
17244
78
17355
32
17425
82
17634
73
17944
67
18064
79
18357
82
18544
68
18614
79
18733
32
18904
77
18994
65
19124
76
19234
69
19323
32
19483
81
19543
85
19694
69
19933
83
20033
84
20103
79
20244
32
20333
68
20483
79
20564
86
21093
82
21163
69
21373
66
21534
66
21603
69
21763
32
21893
69
22084
83
22523
83
22703
69
22834
82
22963
69
23132
32
23352
76
23582
222
23772
85
23972
76
24174
84
24271
73
24485
77
24624
79
24781
32
25801
66
25951
79
26112
88
26263
32
26661
67
26761
72
26881
69
27121
32
27251
82
27351
73
27482
69
27601
77
27781
80
27960
79
28221
190
28353
32
28758
16
29371
67
29601
79
29731
83
29890
65
29990
32
30130
68
30220
73
30349
82
30420
69
30700
16
30701
191
31040
32
31620
68
31870
73
32080
32
32149
84
32209
69
32449
8
32609
8
32760
8
32909
8
33149
8
33480
16
33481
68
33751
73
33910
32
34069
84
34139
69
34248
77
34399
80
34569
79
34638
32
34799
78
34869
69
34979
32
35238
69
35339
222
35429
32
35608
80
35689
65
35868
83
36018
83
36129
65
36268
84
36378
79
36628
188
36718
32
37288
77
37468
73
37581
32
37938
82
38477
73
38597
67
38708
79
38818
82
39011
68
39088
79
39177
32
39317
81
39417
85
39547
65
39666
78
39810
68
39898
79
39997
32
40386
73
40556
78
40677
65
41296
8
41566
73
41706
90
41899
73
41969
65
42306
73
42966
190
44167
32
44408
16
44409
69
44605
82
44688
79
44827
32
44995
85
45210
78
45560
32
45745
80
45915
79
46095
86
46265
69
46385
82
46575
32
47205
8
47454
79
47594
32
47719
80
47914
73
48024
67
48175
67
48244
79
48447
76
48594
79
48674
32
48797
68
48904
79
49015
84
49165
84
49294
79
49364
82
49504
65
49667
78
49743
68
49843
79
49913
32
50087
73
50296
78
50343
32
50473
67
50676
69
50785
82
50983
67
51034
65
51175
32
51293
68
51384
73
51523
32
51653
85
51863
78
52013
65
52153
32
52353
73
52526
68
52703
69
52804
78
52863
84
53013
73
53263
84
53535
65
53693
222
53822
32
54012
80
54232
82
54452
80
54942
8
55205
79
55282
80
55531
82
55694
73
55811
65
56001
188
56112
32
56322
77
56392
65
56552
32
56845
80
56991
79
57072
73
57401
188
57481
32
57981
71
58051
73
58161
79
58271
82
58431
78
58501
79
58621
32
58711
68
58821
79
59030
80
59214
79
59320
32
59461
71
59550
73
59610
79
59710
82
59790
78
59900
79
60210
188
60370
32
61170
82
61241
73
61360
71
61470
65
61620
32
61990
68
62199
79
62410
80
62590
79
62709
32
62929
82
63019
73
63159
71
63309
65
63690
188
63859
32
64122
84
64239
65
64649
84
65032
8
65078
83
65209
84
65342
79
65468
32
65729
68
65838
79
66002
80
66709
79
66868
32
67028
84
67128
65
67503
83
67628
84
67738
79
67957
188
68059
32
68247
77
68457
73
68588
32
68618
83
69278
79
69477
78
69537
79
69977
32
70337
70
70487
65
70617
84
70797
84
70917
79
71019
32
71127
83
71266
84
71446
82
71548
65
71777
68
72137
65
72266
32
72506
73
72656
78
72786
32
72907
81
73016
85
73136
69
73336
83
73416
84
73496
73
73616
32
74057
66
74176
79
74296
88
74455
32
74766
84
74848
69
75036
83
75155
84
75338
85
75385
65
75616
76
75725
73
75905
32
76055
69
76265
68
76436
32
76595
79
76665
82
76805
65
77025
32
77170
82
77225
73
77525
69
77715
83
77894
67
77994
79
78145
65
78264
32
78834
8
78997
8
79176
32
79294
65
79455
32
79524
83
79726
67
79954
82
80184
86
80573
8
80806
73
80834
86
81087
69
81274
82
81354
69
81443
32
81553
68
81615
73
81873
78
82053
73
82133
69
82263
78
82563
8
82713
8
82873
8
83023
8
83413
32
83652
78
83773
73
84393
69
84572
78
84663
84
84752
69
84862
32
85292
80
85362
69
85432
82
85545
32
85785
85
85982
78
86122
32
86262
73
86432
78
86562
84
86732
69
86832
82
86972
79
87075
32
87251
80
87722
8
87972
66
88052
79
88251
88
88391
32
88573
68
88643
73
88751
32
88831
84
88961
69
89165
83
89261
84
89350
79
89431
32
89571
83
89741
69
89851
78
89971
90
90151
65
90211
32
90420
67
90550
72
90631
69
90900
8
91060
8
91210
8
91440
78
91500
69
91700
77
91850
77
91901
69
92240
78
92320
79
92481
32
92570
65
92779
67
92940
67
93040
79
93159
82
93369
68
93809
8
94099
71
94239
69
94369
82
94599
77
94772
73
94879
32
94949
68
95089
73
95149
32
95299
65
95479
86
95659
69
95760
82
95939
76
96089
79
96204
32
96289
70
96399
65
96551
84
96721
84
96808
79
97178
190
97818
32
03256
16
03339
67
03527
69
03566
82
03796
84
03898
79
04066
32
04446
76
04526
65
04910
32
05335
77
05516
73
05606
65
05716
32
06695
67
06825
65
06965
80
07335
65
07495
67
07595
73
07775
84
07885
65
08105
222
08245
32
08356
68
08475
73
08555
32
08745
83
08925
73
09095
78
09175
84
09254
69
09437
83
09507
73
09624
32
09794
78
09934
79
10054
78
10145
32
10354
78
10434
69
10604
32
10924
72
11014
65
11124
32
11424
71
11554
85
11643
65
11824
68
11964
65
12214
71
12334
78
12493
65
12723
84
12823
79
13253
188
13383
32
13757
80
13803
69
13883
82
14043
79
14494
222
14812
32
15013
79
15133
82
15253
65
15362
32
15637
80
15822
79
15892
83
16063
83
16152
79
16302
32
16412
83
16532
73
16613
67
16812
82
16942
73
17281
8
17447
8
17602
8
17761
8
17852
67
18022
73
18132
82
18372
86
18582
69
18751
82
18813
69
18882
32
19041
85
19771
8
19941
8
20111
8
20281
8
20451
8
20753
8
20910
8
21071
8
21161
82
21351
73
21522
86
21690
69
21870
82
21941
69
22070
32
22410
85
22621
78
22710
32
23160
80
23290
65
23460
80
23560
69
23671
82
23780
32
24250
68
24554
73
24692
32
24960
49
25130
50
25299
32
25509
80
25570
65
25759
71
25910
190
26029
32
26329
80
26409
69
26489
82
26650
32
27848
85
28039
78
28159
65
28803
32
28908
67
28998
79
29152
78
29248
70
29479
69
29638
82
29718
69
29907
78
30037
90
30267
65
30438
32
31171
80
31417
65
31647
82
31868
76
31947
65
32077
78
32167
68
32297
79
32807
32
35306
68
35490
69
35630
76
35768
32
35856
67
35965
79
36136
76
36306
79
36429
82
36546
69
36665
32
36777
68
36945
69
37019
76
37206
76
37545
65
37635
32
37857
66
38016
79
38255
84
38416
84
38555
73
38645
71
38815
76
38895
73
38965
69
39125
84
39335
84
39465
65
39565
32
39694
68
39865
65
40204
8
40474
222
40506
65
40694
67
41026
81
41134
85
41274
65
41479
32
42125
67
44013
8
44293
80
44363
82
44693
8
44873
8
45052
8
45153
67
45624
8
45867
32
46032
80
46083
82
46163
69
46322
83
46496
69
46573
78
46653
84
46752
69
47202
32
47352
83
47435
85
47632
76
47812
76
47912
65
48082
32
48272
77
48482
73
48531
65
48662
32
49291
83
49441
67
49621
82
49733
73
49842
86
50231
65
50351
78
50511
73
50641
65
50861
190
50991
32
51405
16
51601
81
51801
85
51841
69
52051
83
52230
84
52530
69
52650
32
52800
83
52911
73
53290
222
53423
32
53510
67
53810
72
53890
69
54010
32
54122
83
54211
79
54380
78
54490
79
54560
32
54700
67
54830
79
54940
83
55110
69
55219
32
55350
67
55610
72
55710
69
55792
32
55939
84
56142
69
56259
77
56440
80
56519
82
56650
65
56804
78
56989
79
57269
188
57389
32
57729
67
57851
72
57929
69
58029
32
58208
82
58279
69
58441
78
58489
68
58688
79
58898
78
58978
79
59128
32
60149
77
60321
73
60468
71
60548
76
60778
73
60888
79
60958
82
61402
73
61657
188
61837
32
62057
67
62138
72
62270
69
62367
32
63237
84
63346
73
63457
32
63677
65
63947
76
64127
76
64197
69
64329
78
64437
65
64736
78
64857
79
64976
32
65077
65
66016
8
67105
65
67296
68
67396
32
67496
65
67686
70
67855
70
68035
82
68127
79
68306
78
68345
84
68666
65
68876
82
68937
69
69085
32
69295
76
69415
65
69456
32
69765
86
69875
73
70033
84
70075
65
71654
188
71755
32
71894
83
72044
69
72096
77
72584
80
72654
82
72724
69
72854
32
74565
8
74743
8
74914
8
75103
8
75263
8
75443
8
75603
8
75786
8
75944
8
76232
190
76433
32
76849
16
79024
65
79361
32
80342
80
80411
82
80472
69
80651
83
80741
84
80801
79
81001
188
81091
32
81371
16
81373
82
81551
79
81731
66
81811
69
81891
82
82101
84
82151
79
