19773
16
20782
16
21448
16
21449
85
21628
78
21858
222
22028
65
22358
8
22528
8
22668
8
23508
78
24017
222
24107
65
24317
76
24657
84
25427
82
25596
65
25716
32
25827
83
25996
69
26147
84
26307
84
26396
73
26566
77
26696
65
26806
78
26976
32
27086
67
27176
79
27346
77
27526
73
28368
8
28396
8
28566
8
28735
8
29125
8
29276
65
29365
32
29555
67
29615
79
29805
77
29995
73
30145
78
30245
67
30515
73
30635
65
30825
190
31005
32
31365
16
31366
65
31695
76
31814
69
32225
8
32455
76
32514
69
32704
32
32844
83
33014
80
33364
65
33494
76
33644
76
33724
69
33824
32
34014
80
34244
65
34424
83
34904
81
35034
85
35184
65
35313
32
35423
69
35543
32
35753
80
35844
65
36033
83
36263
81
36483
85
36564
69
36743
84
36933
84
37063
65
37313
188
37453
32
39712
77
39792
65
39952
78
40062
71
40252
73
40342
65
40532
84
40632
69
40811
32
40982
69
41372
8
41422
65
41571
32
41681
67
41881
82
41942
69
42162
80
42292
65
43071
80
43161
69
43331
76
43510
76
43601
69
43780
32
44010
16
44011
57
46590
79
46960
32
47070
83
47160
73
47249
32
47409
68
47479
73
47629
67
47809
69
47889
32
48029
83
48089
79
48290
76
48459
79
48539
32
48639
68
48819
69
48889
76
49049
76
49120
69
49249
32
49379
82
49469
73
49589
83
49749
65
49908
84
49958
69
50409
32
52348
8
52731
16
52818
191
53232
16
53407
48
57087
32
58785
69
58925
32
59025
83
59176
73
59285
32
59396
84
59636
79
59945
82
60075
78
60226
65
60345
32
60515
65
60635
32
61015
76
61115
65
61285
86
61335
79
61515
82
61595
65
61745
82
61795
69
62235
190
62404
32
62824
16
62825
79
63054
71
63234
71
63334
73
63724
16
63725
186
63994
32
64214
83
64374
69
64474
77
64644
73
64804
78
64864
65
65084
82
65174
73
65253
79
65754
190
65933
32
67356
16
68030
16
68563
70
68783
73
68863
83
69022
83
69172
65
69333
82
69492
76
69662
79
69772
32
70712
83
70802
85
71032
66
71592
8
71751
8
71951
8
72121
8
72281
8
72462
8
72622
8
72791
8
72971
8
73121
8
73291
8
73451
8
73791
16
73792
73
73991
76
74161
32
74270
84
74350
73
74591
84
74731
79
74901
76
75081
79
75211
32
77070
69
77280
222
77399
32
77620
81
77720
85
77839
81
77850
65
77909
76
78599
8
78769
8
78939
8
79159
65
79729
76
79839
67
79979
79
80379
83
80548
65
80629
32
80748
68
80939
69
81028
76
81188
32
81328
84
81428
73
81668
80
81908
79
82298
16
82299
186
82488
32
82668
16
82669
222
83117
82
83188
69
83437
76
83528
65
83928
90
84028
73
84077
79
84238
78
84567
73
84717
32
84817
84
84987
82
85077
65
85147
32
87266
69
87427
78
87566
83
88006
69
88146
77
88326
66
88476
76
88616
69
88706
32
88916
76
89016
69
89186
65
89345
82
89426
78
90005
74
90185
78
90295
71
90435
32
90735
8
90905
8
91065
8
91235
8
91755
8
92255
8
92338
8
92422
8
92505
8
92589
8
92672
8
92756
8
92839
8
92923
8
93007
8
93090
8
93174
8
93384
8
93715
16
93716
66
93914
65
94174
71
94324
71
94434
73
94594
78
94714
71
94834
188
95014
32
95363
16
95364
66
95514
79
95694
79
95774
83
95943
84
96054
73
96203
78
96343
71
96553
32
96813
69
96913
32
97103
65
97353
76
97503
71
97583
79
97713
82
97793
73
98003
84
98253
77
98423
73
98512
32
98832
16
98833
77
98973
79
99113
78
99172
84
99293
69
99393
82
00072
8
00242
32
00482
16
00483
67
00622
65
00802
82
00902
76
01102
79
01525
16
01652
222
03301
190
03541
32
04302
16
04421
83
04721
80
04760
69
04861
82
04991
79
05151
32
05291
67
05420
72
05500
69
05571
32
05741
76
06040
65
06190
32
06360
80
06440
65
06620
83
06810
81
06920
85
07030
65
07200
84
07540
8
07759
8
07880
69
08039
84
08200
84
08330
65
08420
32
08749
78
08880
79
08890
78
09099
32
09669
77
09819
73
09939
32
10179
65
10329
66
10469
66
10638
73
10719
65
10829
32
10919
68
11079
65
11209
84
11289
79
11409
32
11528
65
11668
76
11818
76
11898
65
11988
32
12088
84
12168
69
12349
83
12448
84
12548
65
12678
32
13048
69
13178
32
13278
67
13498
72
13658
69
13737
32
13897
81
13998
85
14078
73
14268
78
14388
68
14487
73
14927
32
15067
82
15167
73
15277
69
15457
83
15617
67
15707
65
15857
32
16087
65
16237
32
16416
78
16506
79
16636
78
16737
32
16837
70
16987
65
17127
82
17367
32
17576
65
17786
68
17936
68
18046
79
18166
82
18327
77
18407
69
18546
78
18616
84
18766
65
18906
82
18966
69
19096
32
19296
76
19396
65
19506
32
19736
80
19906
76
19986
65
20146
84
20456
69
20695
65
21025
190
21315
32
24185
16
24186
72
24334
79
24504
32
24644
65
24774
80
24944
80
25044
69
25164
78
25264
65
25374
32
25474
83
26064
69
26144
78
26244
84
26353
73
26513
84
26613
79
26743
32
26853
73
27004
76
27093
32
27854
16
28053
66
28183
69
28283
82
28463
78
28523
65
28673
82
28933
68
29243
79
29453
188
29562
32
29682
83
29853
69
29912
77
30103
66
30153
82
30292
65
30402
32
30532
67
30642
72
30752
69
30822
32
30992
73
32202
8
32531
79
32652
71
32812
71
32891
73
33031
32
33112
86
33252
65
33441
68
33581
65
33791
78
34201
79
34351
32
34452
69
34801
8
34891
65
35010
32
35131
83
35350
67
35511
69
35751
71
35870
76
35931
73
36111
69
36430
82
36591
69
36720
32
36900
76
37180
222
37310
65
37440
66
37620
73
37730
84
37860
79
38130
32
38310
80
38340
69
38479
82
38560
32
38739
76
38820
69
38909
32
39079
78
39180
79
39310
90
39480
90
39639
69
39849
190
39989
32
40249
16
40250
65
40439
78
40509
67
40679
72
40709
69
40838
32
41008
81
41108
85
41179
69
41388
83
41528
84
41618
79
41738
32
41959
77
42108
79
42269
77
42328
69
42468
78
42538
84
42658
79
42738
32
42848
83
42948
73
43038
32
43128
65
43338
86
43498
86
43538
73
43738
67
43824
73
43988
78
44098
65
46067
188
49756
8
50996
190
51166
190
51346
190
51516
190
51676
32
51995
69
52195
68
52315
32
52485
73
52545
79
52695
32
52865
78
52965
79
53076
78
53204
32
53374
83
53455
79
53665
32
53856
65
53964
78
54045
67
54184
79
54324
82
54424
65
54534
32
54754
78
54824
69
54974
77
55134
77
55235
69
55344
78
55464
79
55585
32
55714
76
55813
69
55884
32
56354
77
56494
79
56594
68
56734
65
56834
76
57013
73
57134
84
57283
65
57393
222
57523
32
57793
80
57893
69
57963
82
58034
32
58183
70
58293
65
58433
82
58703
71
58803
76
58833
73
58953
32
59103
85
59273
78
59403
32
59543
82
59633
69
59813
71
59912
65
60102
76
60292
79
61262
32
61686
16
62242
186
62531
189
63272
16
63292
57
64501
32
65600
16
65602
86
65750
65
66210
32
66400
66
67220
8
67520
8
67770
66
67940
66
68210
85
68290
79
68750
222
68939
32
69189
84
69259
69
69380
78
69799
84
69929
69
70029
82
70209
79
70659
222
70839
32
70929
68
71029
73
71129
32
71209
70
71369
73
71668
8
71848
8
72068
73
72218
78
72268
70
72418
79
72538
82
72718
65
73078
8
73308
77
73379
65
73458
82
73768
77
73968
73
74368
190
74497
32
74847
16
74848
78
75017
69
75308
76
75667
32
75787
70
75957
65
75997
82
76457
8
76597
8
76647
82
76797
65
76957
84
77107
84
77187
69
77337
77
77537
80
77687
79
77817
32
77896
65
78046
78
78067
67
78786
72
78866
69
78966
32
79746
81
79826
85
80106
69
80336
83
80466
84
80566
65
82075
32
82225
70
82545
65
83315
8
83615
8
83705
83
83885
69
84185
83
84345
83
84434
73
84504
79
84635
78
84735
69
84845
32
84964
68
85054
73
85164
32
85578
16
85624
222
85854
67
85984
79
86154
77
86324
80
86473
73
86653
76
86734
65
86894
90
86983
73
87073
79
87184
78
87313
69
87873
16
87875
222
88133
32
88254
69
88403
222
88493
32
88993
84
89093
69
89214
82
90082
77
90243
73
90403
78
90463
65
90702
84
90813
65
91132
190
91292
32
91542
16
91543
67
91752
73
91762
79
91862
65
92511
8
92662
8
93022
65
93252
79
93411
32
93571
65
93691
32
93852
84
93922
85
94031
84
94201
84
94231
73
94541
188
94641
32
94901
16
94902
82
95091
79
96040
66
96140
82
96181
69
96311
82
96590
84
97120
8
97270
8
97430
8
97541
69
97610
82
98030
8
98180
8
98340
8
98470
69
98510
82
98710
84
98800
79
