42558
85
42748
78
43228
222
43358
65
43498
76
43588
84
43818
82
44008
79
44118
32
44228
71
44328
73
44408
79
44528
82
44678
78
44727
79
44857
32
45217
69
45348
222
45488
32
46417
73
46557
78
46637
73
46787
90
46898
73
47017
65
47217
84
47297
79
47557
188
47637
32
47867
85
48047
78
48217
222
48317
65
48667
76
48796
84
48967
82
49087
65
49226
32
49316
83
49486
69
49636
84
49806
84
49876
73
50076
77
50167
65
50456
78
50656
65
51635
188
51815
32
52455
85
52705
78
53025
222
53225
65
53355
76
53455
84
53644
82
53725
79
53854
32
54065
76
54164
85
54435
78
54645
69
54864
68
55014
73
55265
222
56434
190
56534
32
57274
16
57443
81
57723
85
57754
69
57933
83
58054
84
58154
65
58343
32
58623
77
58663
65
58853
84
58983
84
59053
73
59203
78
59273
65
59383
32
59603
83
59823
79
60002
78
60103
79
60182
32
60293
65
60463
78
60783
68
61002
65
61142
84
61262
79
61382
32
61592
65
61702
32
61882
80
61952
82
62032
69
62242
78
62392
68
62612
69
62741
82
62832
69
62902
32
63612
8
64112
8
64195
8
64279
8
64362
8
64446
8
64611
8
64791
8
65041
8
65251
70
65441
65
65700
82
65771
69
65840
32
66041
82
66120
73
66261
67
66380
72
66441
73
66480
69
66831
83
66950
84
67050
65
67171
32
67330
80
67370
69
67460
82
67561
32
67710
73
67900
32
68150
66
68550
85
68650
79
68919
78
68980
73
69110
32
69310
77
69450
69
69579
78
69689
83
69909
65
71279
32
71370
69
71549
68
71629
73
71759
83
71969
85
72958
190
73159
32
73592
16
74937
16
75637
75
75708
65
75898
75
76077
75
76358
73
76388
79
77147
188
77217
32
81736
85
81925
78
81985
65
82106
32
82245
86
82305
79
82485
76
82506
84
82676
65
82776
32
82955
67
83045
72
83165
69
83235
32
83415
77
83605
73
83675
32
83795
68
84355
69
84524
67
84634
73
84755
68
84904
73
85015
79
85504
8
85634
8
85874
79
85984
32
86144
73
86194
79
86304
32
86774
8
88204
32
88373
72
88463
65
88623
78
88783
78
88903
79
88944
32
89133
73
89223
32
89353
67
89703
79
89863
77
90043
80
90124
85
90222
84
90393
69
90553
32
91042
8
91103
82
91202
32
91393
82
91542
79
91622
84
91782
84
91853
73
92132
32
92292
76
92512
79
92552
82
93222
79
93642
190
93792
190
93982
190
94162
190
94352
32
94552
16
94553
68
94881
69
95251
86
95591
79
95701
32
95831
84
95941
79
96041
82
96161
78
96251
65
96391
82
96481
69
96551
32
96680
68
96820
79
96981
77
97071
65
97171
78
97281
73
97360
32
97570
77
97631
65
97831
84
97981
84
98060
73
98250
78
98321
65
98470
32
98650
80
98710
69
98750
82
98890
32
99080
80
99450
8
99539
82
99689
73
99820
84
00149
73
00249
82
00389
65
00540
82
00630
69
00749
32
00949
84
01049
69
01974
83
01981
83
01988
69
02109
82
02409
65
02629
32
02729
69
02878
32
03528
80
03599
82
03758
73
03958
77
04098
79
04228
32
04648
66
04798
76
04978
79
05148
67
05618
75
05768
75
05808
69
06008
84
06178
84
06278
79
06937
8
07437
8
07521
8
07604
8
07688
8
07772
8
08007
8
08347
75
08517
75
08596
69
08757
84
08916
84
08988
79
09247
190
09417
32
12195
16
12197
78
12346
79
12455
84
12535
65
12665
32
12846
80
13025
79
13096
83
13245
73
13315
84
13465
73
13536
86
13725
65
13855
32
14015
69
14165
222
14275
32
14365
67
14535
72
14585
69
14705
32
14864
70
14945
79
15064
82
15225
83
15374
69
15475
32
15714
83
15894
79
16124
78
16174
79
17294
32
18093
8
18594
8
18677
8
18761
8
18844
8
18928
8
19011
8
19095
8
19178
8
19262
8
19423
8
19743
68
19873
79
20003
86
20263
82
20313
69
20683
73
20802
32
20933
69
21132
83
21323
83
21502
69
21672
82
21733
69
21812
32
21963
73
22122
78
22213
32
22372
80
22402
82
22552
73
22752
77
22822
65
22932
32
23072
79
23332
32
23532
73
23702
78
23792
32
23902
83
24042
69
24232
67
24391
79
24552
68
24571
78
25052
8
25201
8
25451
78
25641
68
25971
65
26111
32
26241
70
26321
65
26861
83
26991
67
27201
73
27391
65
28890
188
28980
32
29090
67
29540
8
30040
67
30179
79
30279
83
30449
73
32479
222
32659
32
32859
73
33009
76
33099
32
33329
82
33439
79
33759
8
33948
8
34209
80
34288
82
34378
79
34568
66
34759
76
34928
69
34999
77
35188
65
35308
32
35468
68
35638
69
35718
76
35838
32
35998
80
36068
82
36179
65
36358
78
36477
90
36628
79
36777
32
36888
68
36998
79
37167
86
37338
82
37438
69
37617
66
37788
66
37877
69
37987
32
38088
69
38257
83
38447
83
38617
69
38767
82
38847
69
38987
32
39197
80
39327
73
39397
85
39627
222
39737
32
39857
79
39987
32
40227
69
40606
8
40816
77
40936
69
41016
78
41107
79
41237
32
41436
82
41516
73
41616
83
41736
79
41906
76
42006
84
42016
82
42165
79
42546
8
42716
8
43835
79
44145
190
44635
32
49435
16
49464
87
49471
83
49634
79
49984
8
50143
8
50313
8
50603
16
50604
83
50833
80
51363
8
51583
79
51732
78
51833
79
51992
32
52192
83
52242
79
52422
76
52583
79
52702
32
52952
65
53062
32
53252
77
53322
69
53442
84
53632
81
53639
65
54172
8
54322
8
54422
65
54552
222
54731
32
55152
66
55231
79
55432
88
55571
32
55711
69
55802
32
56011
78
56082
79
56241
78
56391
32
56691
83
56842
79
56848
80
56911
32
57321
8
57471
8
57640
32
57771
71
57840
73
58011
65
58130
222
58241
32
58430
80
58440
79
58540
73
58630
85
59000
8
59170
8
59330
8
59540
73
59600
85
60020
8
60690
85
60909
222
61059
32
61170
67
61269
72
61379
69
61420
32
61569
83
61739
67
61929
82
62019
73
62129
86
62289
69
62409
82
62519
69
62599
32
63039
8
63279
188
63419
32
63559
73
63719
78
63869
32
64061
80
64129
73
64209
85
64449
222
64589
32
64808
83
65059
66
65149
65
65328
71
65428
76
65618
73
65678
79
65818
32
66028
77
66168
79
66338
76
66408
84
66518
79
66608
32
66768
80
66898
73
66998
85
67238
222
67378
32
67487
68
67658
69
67747
76
67827
32
67947
83
68057
79
68198
76
68327
73
68358
84
68527
79
68697
32
69047
69
69237
32
69537
65
69797
68
70147
8
70547
8
70797
80
70867
69
70937
82
71037
32
71167
79
71896
71
71976
78
72076
73
72196
32
72756
80
72847
65
73016
82
73126
79
73305
76
73435
65
74255
32
74386
67
74465
72
74635
32
75145
8
75185
69
75325
32
75365
83
75545
67
75745
82
75835
73
75965
86
76105
79
76235
32
76774
67
76904
65
77055
78
77125
67
77324
69
77785
76
77934
76
78155
79
78294
32
78464
68
78684
85
78794
69
78884
32
79264
79
79394
32
79504
84
79684
82
79753
69
79864
32
80034
76
80134
69
80273
84
80443
84
80574
69
80733
82
80793
69
80933
32
81164
16
81165
57
81423
79
81563
86
81713
86
81763
73
81932
65
82073
77
82154
69
82273
78
82373
84
82453
69
82603
32
83223
8
83422
188
83543
32
83692
79
83752
82
83872
65
83963
32
84122
67
84232
72
84372
69
84443
32
84672
72
84772
79
84962
32
85921
78
85982
79
86101
84
86211
65
86432
84
86532
79
86631
32
86761
73
86921
76
87001
32
87101
70
87211
65
87371
84
87561
84
87652
79
87971
188
88081
32
88211
69
88391
83
88550
83
88611
79
88721
32
89381
72
89451
65
89560
32
89940
83
90060
77
90180
69
90380
83
90550
83
90600
79
90710
32
90830
68
90920
73
91020
32
91360
80
92629
65
92769
76
92850
69
93009
83
93179
65
93319
82
93519
83
93769
73
94153
16
94349
48
94639
190
94849
32
95282
16
97348
67
97658
79
97838
77
98047
85
98258
78
98377
81
98507
85
98677
69
98977
32
00777
84
00837
85
00977
84
01136
84
01197
79
01277
32
01516
67
01586
73
01667
79
01906
222
02066
32
02576
188
02936
8
03116
8
03416
188
03546
32
03796
77
03906
65
04326
8
04526
73
04531
85
04615
32
04795
72
04876
65
04985
32
05145
76
05505
8
05655
8
05815
8
05975
8
06145
8
06305
8
06544
32
06765
72
06844
65
06954
32
07075
76
07154
65
07375
83
07625
67
07785
73
07835
65
08025
84
08114
79
08254
32
09274
83
09355
79
09534
76
09694
79
09823
32
09964
85
10144
78
10224
65
10304
32
10433
82
10544
73
10663
71
10813
65
10934
32
11253
65
11403
32
11503
68
11633
73
11713
83
11883
79
12353
8
12573
80
12732
79
12973
83
13064
73
13213
90
13313
73
13382
79
13572
78
13793
65
14153
8
14212
69
14342
32
14532
16
14533
57
14812
79
14942
82
15092
65
15272
32
15462
78
15532
69
15722
65
15972
67
16442
8
16661
78
16722
67
16881
72
16941
69
17351
32
17581
80
17721
73
17751
85
18081
222
18231
32
18631
81
18701
85
18821
69
19021
76
19191
76
19241
65
19641
16
19642
48
19647
120
19941
188
20341
8
20640
190
20770
32
21214
16
21610
65
21850
78
21940
67
22569
72
22640
69
22739
32
22899
80
22950
69
23059
82
23129
32
23309
79
23459
71
23789
71
23899
73
24049
32
24209
79
24669
8
24899
72
24989
79
25138
32
25269
70
25339
73
25668
78
25828
84
26498
8
26718
73
26788
84
26898
79
27148
188
27238
32
27448
67
27568
73
27648
65
27748
79
27898
32
28148
16
28149
82
28307
79
28508
66
28557
69
28617
82
29168
84
29248
79
