87444
79
87535
71
87693
71
87744
73
87904
32
88053
73
88203
78
88284
73
88433
90
88574
73
88643
79
88853
32
89003
73
89223
76
89273
32
89775
83
89863
79
90043
76
90153
73
90313
84
90502
79
91264
32
91382
82
91542
73
91635
84
91763
79
92742
8
93242
8
93328
8
93414
8
93493
8
93577
8
93662
8
93744
8
93961
8
94184
8
94363
8
95341
82
95461
73
95631
84
95721
85
95831
65
95971
76
96271
69
96481
32
99310
68
99403
73
99962
8
00149
8
00850
8
01040
8
01539
8
01623
8
01706
8
01791
8
01876
8
01958
8
02099
8
02292
8
02459
8
02579
81
02749
85
02819
69
03001
83
03088
84
03201
79
03318
32
03499
82
03583
73
03730
84
03828
85
03899
65
04028
76
04178
32
04579
8
04678
69
04810
32
04918
67
05028
79
05289
77
05458
80
05628
73
05858
76
05952
65
06137
84
06258
73
06378
86
06468
79
06651
32
06877
67
06890
70
06912
79
07101
78
07240
32
07538
8
07697
8
07911
8
08057
8
08968
8
09427
68
09478
79
09656
80
09828
79
09958
32
10327
77
10412
65
10526
78
10676
71
10876
73
10956
65
11116
84
11196
79
11326
32
11606
65
11706
78
11837
90
11946
73
12186
67
12326
72
12431
69
12595
222
13546
32
15435
65
16394
8
17264
73
17434
78
17537
32
17736
77
17814
65
18053
84
18147
84
18254
73
18404
78
18484
65
18703
84
18793
65
19163
190
19466
32
20416
16
22403
16
22532
67
22832
85
22844
73
22852
72
23862
8
24032
8
24223
8
24381
8
25694
16
25791
79
25981
86
26121
86
26181
73
26241
79
27302
32
27431
67
27546
72
27661
69
27721
32
27896
76
28010
69
28191
32
28383
77
28595
73
28603
85
28641
69
28802
32
29170
8
29322
8
29480
8
29573
69
29730
32
29921
80
30010
69
30040
82
30240
70
30332
79
30480
82
30649
77
30720
65
30929
78
31032
67
31240
69
31469
83
31679
32
31989
78
32099
79
32229
78
32339
32
32779
8
32949
8
33120
8
33299
8
33449
8
33609
8
33809
32
34009
32
34049
79
34061
78
34200
78
34339
32
34653
8
34800
8
34958
8
35108
8
35451
78
35558
79
35739
78
35858
32
36011
80
36188
79
36278
83
36408
83
37091
65
37229
78
37369
79
37511
32
37680
69
38118
83
38337
83
38517
69
38707
82
38747
69
38877
32
39057
68
39250
69
39407
76
39567
76
39757
69
39887
32
40066
77
40258
73
40366
71
40537
76
40757
73
40817
79
41317
82
41436
73
41626
32
41917
67
43485
79
43665
78
43805
32
43936
73
44088
76
44215
32
44355
80
44459
82
44555
79
44656
71
44985
8
45035
67
45240
69
45405
83
45565
83
45615
79
45735
32
45955
68
46235
73
46465
71
46654
69
46886
83
47054
84
47155
73
47295
86
47399
79
47644
32
47844
73
47994
78
48100
32
48284
70
48293
67
48345
79
48813
8
48994
8
49164
8
49774
67
49844
79
50003
82
50156
83
50274
79
50513
190
50624
32
50918
16
50973
71
51173
73
51242
85
51362
83
51437
84
51524
79
51624
32
51843
73
51934
69
52074
82
52193
73
52313
32
52586
68
53132
8
53203
83
53322
69
53482
78
53584
84
53692
73
53852
86
53932
79
54402
32
54592
76
54795
65
54804
32
55174
82
55312
65
55897
8
56051
8
56221
8
56361
8
56526
8
56672
65
56831
76
56971
76
57071
65
57222
32
57385
82
57524
65
57701
71
57853
73
57884
79
58491
8
58640
8
59324
8
59335
68
59356
73
59420
79
59950
32
60220
76
60281
65
60391
32
60492
91
60494
82
60682
65
60901
71
60980
73
61060
79
61270
78
61380
69
61550
32
61690
68
61889
69
61969
76
62530
76
62781
222
62939
65
63130
66
63289
66
64089
73
64149
79
64538
67
64839
67
65159
79
65489
32
65730
80
65955
79
66148
77
66239
69
66371
82
66488
73
66611
68
66808
73
67048
83
67477
8
68252
8
68747
8
68831
8
68916
8
68998
8
69087
8
69166
8
69277
8
69876
80
70037
79
70146
83
70257
84
70807
32
71606
80
71677
65
71857
83
71986
84
72136
79
72406
190
72556
32
73892
16
73897
67
74136
79
74335
78
74379
84
74575
82
74636
65
74869
82
74995
73
75096
65
75318
77
75396
69
75505
78
75575
84
75669
69
75835
32
76275
65
76405
76
76584
76
76725
65
76845
32
76959
67
77154
82
77215
69
77384
68
77564
69
77694
78
77827
90
78054
65
78344
32
79404
67
79494
72
79605
69
79663
32
79816
83
79895
73
80003
65
80143
32
80355
85
80564
78
80814
32
80998
77
81193
73
81348
78
81504
79
81613
82
81773
32
81936
65
82153
70
82495
70
82682
76
82813
85
82953
83
83092
83
83164
79
83263
32
83423
68
83484
73
83682
32
84072
83
84235
65
84422
78
84523
91
84525
71
84692
69
84883
85
85388
8
85672
8
89101
85
89170
69
89310
32
89441
65
89611
32
90270
8
90421
8
90890
65
90970
76
91100
32
91260
67
91461
69
91470
82
91939
86
92110
69
92469
76
92610
76
92779
79
92843
80
93389
8
93669
32
95002
65
95119
32
95319
80
95399
82
95508
79
95619
86
95928
79
96019
67
96138
65
96278
82
96322
69
96450
32
97109
84
97238
65
97401
76
97510
69
97579
32
97718
65
97890
66
98038
66
98648
8
98807
8
98988
8
99987
70
00147
69
00297
78
00447
79
00649
77
00781
69
00920
78
01077
79
03766
188
03879
32
04036
76
04167
65
04315
32
04457
82
04578
65
04755
71
04865
73
04895
79
05065
78
05185
69
05309
32
05625
69
05856
32
06775
85
06981
78
07525
32
07664
80
07844
79
08364
67
08424
79
08547
32
08688
68
08804
73
08898
86
09055
69
09145
82
09567
83
09954
65
10154
188
10187
190
10777
8
10943
8
11234
190
11424
32
11862
16
12035
73
12423
8
12510
16
12663
76
12866
65
12944
32
13162
81
13293
85
13394
65
13533
78
13603
84
13972
8
14122
8
14295
8
14462
8
14663
8
15063
81
15165
85
15274
65
15453
78
15482
84
16042
84
16113
73
16502
8
16641
8
16892
73
16922
84
17032
65
17173
222
17341
32
17432
68
17534
73
17643
32
17762
83
17945
65
18196
78
18311
71
18463
85
18561
69
18651
32
18824
65
19151
8
19213
67
19370
72
19461
69
19592
32
19651
65
19802
82
19971
82
20131
73
20215
86
20320
65
20461
32
20636
65
20773
76
20880
32
21001
67
21170
69
21240
82
21450
86
21580
69
21880
76
22020
76
22201
79
22290
32
22390
69
22530
222
22660
32
22882
67
23010
79
23101
83
23213
84
23320
65
23500
78
23679
90
24082
8
24120
84
24189
69
24339
32
24540
16
24815
57
25930
55
26088
53
26459
48
26649
32
26880
77
27008
76
27669
32
27968
68
28019
73
28138
32
28238
83
28389
65
28548
78
28628
71
28818
85
28938
69
29038
32
29227
65
29378
76
29488
32
29587
83
29727
69
30157
67
30217
79
30357
78
30457
68
30597
79
32831
16
33207
48
80504
188
80644
32
80801
73
80951
76
81042
32
81191
77
81331
79
81431
84
81541
73
81681
86
81751
79
81871
32
82160
80
82270
69
82330
82
82450
32
82641
67
82710
85
82760
73
82951
32
83760
67
83900
222
84060
69
84233
222
84860
32
85009
76
85279
222
85390
65
85550
66
85689
66
85869
73
86044
79
86349
67
86479
67
86539
79
86649
32
87332
68
87389
79
87708
8
87849
8
88049
80
88209
79
88248
83
88378
84
88518
32
88748
80
89258
65
89438
83
89528
84
89608
79
89718
32
89878
69
90018
222
90228
32
90433
67
90509
72
90598
69
90668
32
90818
80
90888
69
90958
82
91048
32
91498
77
91548
65
91651
78
91747
84
91817
69
91978
78
92097
69
92208
82
92317
69
94266
32
94668
81
94751
85
94847
69
95037
83
95118
84
95186
65
95336
32
96039
81
96117
85
96237
65
96335
78
96546
84
96658
73
96979
84
97105
65
97216
222
97356
32
97476
67
97556
79
97696
83
97785
84
97887
65
97995
78
98256
84
98325
69
98478
32
98635
73
98765
76
98859
32
98967
67
99115
69
99195
82
99385
86
99504
69
99665
76
99804
76
99964
79
00074
32
00217
68
00428
69
00624
73
00955
8
01044
67
01164
73
01245
68
01440
69
01534
32
01734
68
01774
73
01935
32
02254
83
02346
79
02844
83
02938
80
03274
69
03414
78
03504
68
03675
69
03808
82
03904
69
03965
32
04105
81
04205
91
04207
85
04323
65
04443
76
04577
83
04703
73
04963
65
05165
83
05271
73
05523
32
05763
65
05904
76
05974
84
06153
82
06176
65
06323
32
06823
65
06932
84
07102
84
07172
73
07302
86
07312
71
07402
73
07742
8
07892
8
08142
73
08182
84
08272
65
08372
222
08851
188
09205
8
09501
190
09661
190
09821
190
09982
190
10101
32
10231
73
10411
78
10681
32
10833
65
10951
76
11301
84
11471
82
11520
69
11611
32
11741
80
11821
65
11932
82
12050
79
12211
76
12331
69
12460
32
12710
68
12982
69
13161
67
13212
73
13340
68
13630
69
13740
32
13961
67
14051
72
14180
69
14290
32
14590
222
14641
69
14930
32
15311
8
15460
8
15600
8
15720
69
15849
222
16009
32
17499
79
17559
82
17639
65
17719
32
17849
68
17911
73
17999
32
18121
68
18241
79
18530
82
18828
77
18995
73
19069
82
19149
69
19508
76
19517
186
20028
8
20188
8
20769
190
20978
32
21835
16
24281
16
24669
79
24867
82
24957
65
25127
32
25317
69
25456
222
25936
32
26169
79
26278
82
26356
65
26479
32
26596
67
26689
72
26786
69
26829
32
27018
86
27076
65
27286
68
27421
79
30325
8
30495
8
37835
68
37962
65
38123
32
38853
65
38923
32
39092
80
39126
82
39195
69
39342
78
39492
68
39692
69
39842
82
39902
69
39995
32
40152
85
40321
78
40415
32
40531
67
40633
91
40635
65
40865
70
41031
70
41121
69
41681
222
41971
32
42182
80
42213
69
42271
82
42372
32
42723
76
42818
69
43002
78
43131
73
43250
82
43311
69
43410
32
43671
71
43934
76
43942
73
44210
32
44500
69
44662
70
44821
70
44891
69
45060
84
45240
84
45290
73
45394
32
45470
68
45672
69
45760
76
45930
76
46110
222
46180
65
46370
66
46500
66
46659
73
46730
79
46900
67
47050
67
47140
79
47380
190
47539
32
47713
16
47789
67
47929
73
48019
65
48100
79
48284
188
48449
32
48658
16
48729
82
48911
80
48919
79
49069
66
49409
8
49549
8
49678
8
49923
79
50098
66
50169
69
50238
82
50429
84
50448
79
