98008
16
98082
71
98333
85
98493
65
98603
82
98772
68
98893
65
99053
32
99532
84
99613
73
99742
32
99932
77
00022
65
00132
78
00222
68
00442
69
00602
82
00702
69
01173
73
01292
32
01401
68
01572
69
01622
76
01772
76
01851
69
01942
32
02292
72
02300
66
02401
65
02492
82
02801
8
02951
8
03101
8
03231
8
03482
66
03641
65
03811
82
04261
90
04481
69
04642
76
04792
76
04861
69
05051
84
05572
84
05661
69
05831
188
05950
32
06100
77
06220
65
06382
32
06650
76
06721
69
06840
32
07010
72
07130
79
07280
32
07430
71
07560
73
07630
65
07889
222
08039
32
08149
83
08319
80
08412
69
08589
68
08629
73
08759
84
08829
79
08949
32
09239
8
09389
8
09479
69
09609
32
09729
65
09789
76
09929
32
10119
66
10269
79
10329
84
10488
84
10589
65
10678
32
10839
69
11208
32
11369
73
11509
82
11609
69
11738
73
12208
8
12349
8
12500
8
12638
69
12718
82
12888
73
13249
77
13658
8
13838
32
13997
77
14158
73
14268
32
14438
72
14608
65
14857
32
15017
68
15227
69
15367
84
15547
84
15637
79
15757
32
15907
67
15977
72
16097
69
16177
32
16756
84
16888
76
17158
8
17307
8
17557
79
17563
76
17637
69
17806
32
18036
8
18177
8
18338
8
18476
8
18736
76
18916
32
19296
8
19396
69
19506
32
19596
65
19755
86
19956
82
20026
69
20476
66
20655
66
20895
69
20976
32
21165
85
21206
84
21336
73
21675
76
21735
73
21905
90
22075
90
22275
65
22415
84
22496
69
22625
32
22755
76
22885
85
23005
73
23168
32
23325
80
23415
69
23505
82
23614
32
24534
67
24654
65
24804
80
26154
8
26304
8
26465
8
34781
82
34841
73
34981
69
35181
77
35401
80
35561
73
35691
82
35772
69
35871
32
36030
81
36120
85
36510
69
36690
83
36790
84
36860
65
36980
32
37140
70
37211
79
37350
82
37500
77
37990
190
38150
32
38389
16
38480
80
38650
69
38657
82
39229
67
39300
73
39350
79
40049
222
40959
32
41459
83
41529
79
41669
78
41719
79
41819
32
41998
65
42248
32
42399
67
42459
79
42598
82
42798
84
42818
82
42858
79
43048
32
43338
8
43478
8
43638
8
43958
79
44038
32
44228
68
44288
73
44398
32
44559
65
44958
82
45078
79
45238
77
45338
69
45438
78
45968
8
46097
8
46237
8
46417
8
46747
71
46837
79
47047
77
47327
69
47467
78
47587
84
47648
73
47917
188
48069
32
48257
78
48586
8
48666
67
48796
72
48897
69
48947
32
49206
78
49297
79
49436
78
49537
32
50086
69
50157
222
50256
32
50436
76
50556
83
50906
8
51005
65
51116
32
51217
83
51346
84
51465
69
51656
83
51855
83
51965
65
52076
32
52215
67
52277
79
52405
83
52555
65
52685
32
52845
68
52945
73
53025
32
53445
69
53625
83
53785
83
54245
8
54395
8
54554
8
54664
65
54844
86
55105
69
55414
82
55454
69
55634
32
55724
65
55994
82
56114
79
56274
71
56953
8
57085
8
57193
71
57334
79
57795
69
57876
77
58153
8
58303
8
58533
77
58593
69
58713
78
58803
84
58916
73
59043
32
59183
67
59263
79
59413
82
59613
84
59683
73
60003
188
60083
32
60182
65
60313
78
60383
67
60533
72
60592
69
60692
32
60822
83
61103
32
61462
8
61503
69
61632
32
62112
80
62182
69
62252
82
62342
79
62572
222
62732
32
63261
80
63441
79
63491
73
63681
32
63852
76
63921
65
64001
32
64201
81
64271
85
64422
65
64503
78
64601
84
64701
73
64871
84
64981
65
65131
222
65241
32
65331
68
65431
73
65511
32
65641
67
65752
79
65911
83
66111
69
66191
32
66442
67
66521
72
66640
69
66681
32
66853
85
67030
78
67131
79
67291
32
67410
82
67541
73
67640
69
67870
83
68030
67
68180
69
68280
32
68390
65
68491
32
68580
83
68740
67
68940
82
69050
73
69160
86
69310
69
69470
82
69559
69
69640
32
70000
69
70240
222
70389
32
70579
76
70670
65
70789
32
71179
83
71329
84
71410
69
71609
83
71759
83
71869
65
73568
190
73719
32
76402
16
84794
16
84925
79
85815
71
85984
71
86055
73
86204
32
86574
77
86744
73
86854
32
87044
72
87164
65
87265
32
87434
83
87743
67
88024
82
88253
73
88373
84
88544
84
88653
79
88724
32
88973
85
89165
78
89263
32
89763
82
89864
65
90043
71
90183
65
90423
90
90583
90
90843
79
90982
32
91053
67
91183
72
91244
69
91323
32
91463
67
91553
79
91693
78
91802
79
91922
83
92072
67
92252
69
92572
86
92653
79
92782
32
93022
65
93152
76
93312
76
93373
69
93522
32
93662
77
93763
69
93951
68
94012
73
94362
69
95053
190
95201
190
95371
190
95661
8
95801
8
95951
8
96181
188
96341
32
96521
72
96611
65
96711
32
96840
84
96961
79
97021
82
97451
8
97590
8
97661
82
97811
79
97911
86
98020
65
98180
84
98311
79
98411
32
98590
76
98720
65
98810
32
98981
77
99142
73
99211
65
99270
32
99450
72
99520
79
99730
77
99831
69
99910
32
00109
80
00210
65
00350
71
00779
69
01069
32
01300
83
01499
85
01649
32
01769
73
01919
78
01989
84
02161
69
02289
82
02510
78
02629
69
02879
84
03879
188
04019
32
04199
73
04358
78
04429
67
04629
82
04698
69
04908
68
04970
73
05178
66
05338
73
05498
76
05618
69
05949
188
06058
32
06858
83
06928
79
07117
66
07127
78
07158
79
07687
8
07837
8
08017
8
08188
8
08357
8
09457
78
09546
79
09727
78
09877
32
10036
83
10218
69
10327
78
10447
84
10506
73
10818
86
10946
79
11076
32
11866
8
12036
8
12206
8
12365
8
12526
8
12686
8
12846
8
13006
8
13136
86
13307
69
13495
68
13647
69
13815
86
13935
79
14065
32
14255
81
14335
85
14505
76
14535
69
15145
8
15275
8
15395
69
15525
76
15665
32
15856
82
15944
65
16114
71
16264
65
16524
90
16684
90
16765
79
17214
32
17404
68
17944
8
18444
8
18528
8
18611
8
18695
8
18778
8
18862
8
18945
8
19029
8
19112
8
19196
8
19279
8
19363
8
19504
8
19673
8
19835
8
19993
8
20153
8
20463
79
20573
32
20813
81
20863
85
21033
69
21053
76
21463
32
21603
67
22014
8
22073
82
22183
65
22332
71
22443
65
22692
90
22853
90
22923
79
23062
32
23253
68
23373
65
24192
190
24353
190
24512
190
24891
190
25141
32
25201
16
25321
57
25492
83
25631
84
25732
79
25842
32
26003
67
26102
79
26255
78
26351
84
26511
65
26801
78
27141
68
27251
79
27482
16
27561
48
28101
190
28272
190
28441
190
28801
32
45495
49
45585
50
45785
32
45995
65
46125
78
46285
78
46425
73
51466
16
51823
49
53202
32
53309
16
53404
79
53522
82
53602
65
53692
32
53862
76
53982
85
54082
73
54292
32
54432
76
54514
69
54682
71
54852
71
54962
69
55063
32
55862
8
56003
8
56181
8
56781
8
56941
8
57112
8
57311
84
57511
82
57801
79
57941
86
58051
65
58161
32
58291
76
58411
65
58491
32
58891
77
59050
73
59151
65
59200
32
59321
72
59391
79
59580
77
59671
69
59910
32
60120
80
60170
65
60320
71
60480
69
60540
32
60730
69
60870
32
61061
77
61220
73
61330
32
61470
77
61560
65
61690
78
61771
68
61900
65
62880
8
63031
8
63210
8
63349
8
63509
8
63599
68
63789
73
63899
67
64060
69
64121
91
64123
32
64329
67
64359
72
64520
69
64649
32
65028
69
65109
222
65219
32
65309
83
65489
80
65648
79
65748
83
65928
65
66108
84
66198
79
66268
32
66388
68
66538
65
66608
32
66828
68
66890
85
67028
69
67118
32
67318
65
67408
78
67568
78
67698
73
67898
188
67987
32
68118
67
68218
72
68328
69
68388
32
68518
70
68568
65
68747
76
69247
8
69487
32
69667
76
69877
222
69997
69
70117
76
70237
69
70428
84
70597
84
70777
82
70837
79
71107
84
71187
69
71497
67
71627
78
71747
73
71946
67
72046
79
72197
32
72556
65
72666
76
72806
76
72926
65
73106
32
73276
70
73406
73
73497
65
73656
84
74186
32
74325
69
74416
32
74565
67
74646
72
74775
69
74816
32
86562
70
86671
65
86841
32
87001
80
87102
65
87211
82
87421
84
87483
69
87592
32
91270
65
91380
78
91500
67
91560
72
91730
69
91760
32
92181
68
92359
69
92440
76
92960
76
93160
222
93249
69
93429
83
93599
69
93699
82
93950
67
94031
91
94033
73
94239
84
94319
79
94469
32
94572
16
94649
57
95149
73
95320
78
95449
32
95659
81
95719
85
95879
65
95919
76
96149
67
96308
72
96448
69
96539
32
96678
77
96818
79
96918
68
97048
79
97158
32
97258
83
97398
84
97578
82
97658
65
97798
78
97928
79
98048
32
98219
67
98318
72
98458
69
98520
32
98788
78
98878
79
99008
78
99078
32
99407
72
99507
79
99598
32
99747
67
99838
65
99997
80
00178
84
00217
73
00427
79
00857
8
00987
8
01137
8
01377
73
01383
85
01457
84
01547
79
01687
32
01917
8
02067
8
02217
8
02647
8
02797
84
02916
79
03026
32
03357
66
03486
69
03566
78
03766
69
04026
16
04237
120
04239
48
04517
190
04646
32
04851
16
04906
65
06035
8
06749
16
06785
84
06985
73
07125
32
07255
68
07405
73
07545
82
07615
69
07915
73
08055
32
08315
76
08355
65
08704
8
08854
8
08994
65
09144
76
09255
84
09554
82
09674
69
10024
32
10154
73
10314
78
10344
84
10514
69
10644
82
10714
69
10924
83
11084
83
11194
65
11344
78
11405
84
11523
73
11714
83
11873
83
11964
73
12133
77
12253
69
12334
32
12483
67
12583
79
12683
83
12873
69
12983
32
13103
83
13233
85
13353
32
13693
67
13913
79
14053
83
14153
84
14313
85
14412
73
14662
188
14753
32
14963
77
15052
65
15162
32
15482
83
15523
79
15950
66
15955
78
15962
79
15968
32
16372
70
16472
73
16632
78
16952
8
17093
8
17252
8
17422
8
17582
8
17741
8
17904
8
18152
78
18241
79
18411
32
18531
70
18601
73
18751
78
18831
65
18961
76
19211
77
19311
69
19401
78
19501
84
19571
69
19651
32
19781
65
19961
82
20110
82
20281
73
20371
86
20451
65
20601
84
20721
79
20821
32
20980
65
21080
76
21220
76
21360
65
21480
32
21580
70
21631
73
21790
78
21853
69
21950
32
22060
68
22550
69
22680
76
22800
76
22900
65
22990
32
23090
70
23160
79
23300
82
23430
77
23580
65
23960
8
24169
190
24359
32
24519
16
24569
67
24749
73
24860
65
24939
79
25159
188
25609
32
25799
65
26039
32
26219
80
26309
82
26379
69
26529
83
26649
84
26730
79
26918
188
27249
32
27471
16
27589
82
27818
80
27824
79
27978
66
28268
8
28430
8
28588
8
28828
79
29038
66
29148
69
29209
82
29418
84
29457
79
