32546
16
32709
68
33078
73
33418
32
33648
78
33858
85
33939
79
34078
86
34188
79
34318
32
34688
73
35219
8
35367
83
35549
67
35747
82
35828
73
36328
86
36407
79
36517
32
36657
73
36837
78
36927
32
37067
81
37237
85
37328
69
37507
83
37637
84
37768
65
37797
32
38057
67
38187
65
38407
83
38658
69
38896
76
39056
76
39386
65
40286
32
40396
68
40476
73
40616
32
40716
84
40756
69
40936
83
41016
84
41136
79
41435
190
41646
32
45588
16
50263
16
53267
16
53382
81
53731
85
53852
69
54032
83
54121
84
54231
65
54312
32
54471
77
54571
65
54721
84
54882
84
54943
73
55101
78
55191
65
55301
32
55421
78
55511
79
55641
78
55761
32
55981
72
56051
79
56231
32
56391
65
56611
78
56710
67
56870
79
56950
82
57521
65
57621
32
57780
70
57880
65
58020
84
58180
84
58370
79
58820
32
58989
78
59190
73
59299
69
59409
78
59529
84
59600
69
59690
32
59851
73
59890
68
60060
32
60639
8
60799
8
60969
8
61079
68
61209
73
61319
32
61629
85
61769
84
61960
73
62250
76
62379
69
62709
190
62919
32
64635
16
64698
83
64938
79
65157
78
65188
79
65348
32
65418
65
65567
82
65728
82
65838
73
66187
8
66799
73
66947
86
67048
65
67277
84
67307
79
67797
188
67917
32
68127
72
68177
79
68337
32
68447
80
68527
82
68608
69
68778
83
68857
79
68986
32
69076
85
69286
78
69426
65
69536
32
69676
67
69736
73
69816
79
70016
67
70186
67
70336
79
70556
76
70738
65
70906
84
70997
65
71186
188
71256
32
71495
79
72026
8
72307
72
72376
79
72595
32
72757
76
72815
69
72995
84
73136
84
73215
79
73315
32
73525
76
73615
69
73715
32
74905
77
75025
65
75125
73
75284
76
75435
32
75585
69
75685
32
75815
70
75885
79
76024
82
76214
83
76354
69
76454
32
76584
81
76994
8
77394
81
77564
85
77625
69
77824
87
77831
83
77883
84
77983
65
78104
32
78354
8
78524
8
78683
8
78853
8
78974
83
79103
8
79395
8
79583
83
79743
84
79975
65
80063
32
80283
69
80443
222
80573
32
80892
32
80943
65
81242
8
81403
8
81743
32
81932
76
82132
65
82282
32
82422
80
82512
82
82642
73
82822
77
82913
65
82992
32
83692
65
83852
84
84013
84
84131
73
84271
66
84292
86
84762
8
84931
8
85081
86
85251
73
85321
84
85471
65
85701
222
85861
32
86135
67
86231
72
86322
69
86381
32
86491
83
86701
82
87232
8
87301
69
87362
82
87582
86
87730
69
87831
32
88080
65
88160
32
88440
81
88501
85
88650
65
88750
76
88870
67
88990
79
89110
83
89230
65
89390
32
89504
16
89610
57
89909
77
89970
69
90070
32
90219
76
90389
79
90489
32
90670
65
90831
85
90931
71
91129
85
91219
82
91509
79
91669
32
92539
80
92600
69
92681
82
92919
67
93069
72
93789
69
93979
222
94128
32
94318
65
94438
76
94529
84
94708
82
94738
73
94938
77
95008
69
95158
78
95220
84
95678
73
95817
32
96079
68
96429
8
96547
84
96668
73
96738
32
96877
83
97008
84
97188
82
97268
79
97648
90
97827
90
97897
79
98007
32
98677
186
98791
16
99028
48
99237
48
00426
190
00607
32
03689
16
03815
80
04015
65
04265
83
04505
81
04645
85
04725
65
04935
32
05065
69
05375
222
05485
32
05895
86
06105
67
06554
8
07244
73
07405
67
07486
73
07684
78
07814
65
08124
190
08325
32
08518
16
08584
73
08744
76
08883
32
09014
84
09103
65
09333
86
09395
79
09555
76
09703
79
09803
32
09973
69
10053
222
10163
32
10383
66
10563
73
10673
65
10773
78
10913
67
11013
79
11403
190
11753
32
11848
16
11972
76
12183
65
12263
32
12492
66
12582
79
12682
84
12852
84
13012
73
13102
71
13222
76
13302
73
13452
65
13582
32
13782
69
13912
222
14021
32
14322
77
14432
69
14741
90
14912
90
15091
65
15191
32
15432
80
15552
73
15671
69
15841
65
15921
78
16281
8
16431
8
16681
78
16781
65
16901
190
17061
32
17296
16
17411
72
17521
79
17650
32
17821
85
18011
78
18091
65
18180
32
18321
76
18490
65
18640
77
18780
65
18901
80
19090
65
19380
8
19540
8
19720
8
19970
80
20090
65
20500
68
20661
65
20729
32
20939
85
21059
83
21349
8
21500
8
21579
83
21750
85
21859
76
22009
32
22099
67
22160
79
22309
77
22489
79
23311
8
23479
8
23659
8
23819
8
24199
8
24738
32
24888
84
25018
65
25258
86
25329
79
25508
76
25678
79
26058
190
26258
32
26457
16
26548
73
26708
76
26818
32
26967
77
27158
79
27268
85
27448
83
27629
69
27728
32
27978
69
28188
222
28307
32
28547
79
28647
84
28817
84
28898
73
29117
67
29208
79
29567
190
29837
32
31837
76
32006
79
32167
32
32686
8
32846
8
33005
8
33122
16
33246
76
33425
79
33555
32
33705
90
33895
65
33976
91
33978
73
34146
78
34255
79
34385
32
34535
69
34685
222
34775
32
34985
78
35055
69
35285
82
35395
79
36134
188
36264
32
36515
73
37084
76
37194
32
37295
83
37414
73
37504
83
37624
84
37734
65
38214
8
38354
8
38536
8
38714
8
38864
8
39054
8
39204
8
39354
8
39534
8
39903
8
40153
190
40333
32
40449
16
40503
73
40653
76
40774
32
40843
83
40983
73
41073
83
41163
84
41583
69
41744
77
41853
65
41982
32
42632
79
42742
80
42893
69
42974
82
43082
65
43232
84
44442
73
44622
86
44712
79
44892
32
45011
67
45142
72
45221
69
45311
32
45541
85
45623
83
45741
79
45901
32
46071
69
46221
32
46631
8
46911
222
47071
32
47441
79
47531
83
47751
32
47970
88
48990
190
49270
32
52325
16
53156
16
53219
83
53449
79
53631
78
53710
79
53859
32
53989
81
54119
85
54190
65
54398
83
54479
73
54648
65
54888
32
55038
65
55368
8
55510
8
55689
8
55858
32
56018
65
56138
76
56298
76
56378
65
56469
32
56618
70
56838
82
57008
85
57128
84
57298
84
58207
65
58448
188
58557
32
58697
78
58797
79
59477
78
59637
32
59717
83
59798
79
59926
32
60036
80
60147
73
60197
85
60446
222
60537
32
60687
67
60786
72
61197
69
61346
32
61456
83
61667
67
61876
82
61946
73
62216
86
62336
69
62550
16
62706
186
63016
32
63197
84
63296
73
63715
8
63786
69
64106
32
64955
8
65125
8
65395
73
65605
32
65765
80
65956
79
66075
83
66235
83
66285
79
66446
32
66734
67
66835
73
67014
84
67135
65
67284
82
67374
69
67584
188
67704
32
67804
83
67944
69
68064
32
68214
86
68264
85
68364
79
68424
73
68624
32
68844
85
69025
78
69154
65
69234
32
69503
67
69804
90
70004
78
70533
8
70693
8
70804
65
71003
78
71113
90
71243
79
71444
78
71533
69
71663
32
71773
68
71893
73
72043
32
72375
16
72423
71
72623
85
72783
67
72952
67
72993
73
73163
78
73224
73
73571
16
74042
186
74292
222
75101
16
75192
76
75491
65
75602
32
75702
82
75813
65
75992
71
76252
90
76431
90
76611
65
76721
32
77031
8
77171
8
77341
8
77491
8
77571
65
77771
90
77934
90
78091
65
78162
32
78311
68
78411
73
78511
69
78661
84
78831
82
78901
79
79001
32
79121
65
79270
32
79740
8
79950
76
80080
32
80272
66
80320
65
80460
78
80541
67
80640
79
80750
32
80960
77
81021
69
81200
83
81380
67
81460
79
81620
76
81690
65
81880
86
81960
65
82539
32
82739
66
82849
73
82980
82
83209
82
83470
65
83599
32
83910
67
83999
72
84039
73
84189
65
84370
82
84489
65
84579
32
84729
69
84838
32
84958
83
85148
69
85318
86
85469
69
85759
78
85899
32
86348
85
86508
80
86838
188
86958
32
87727
69
87968
32
88778
68
88997
8
89159
8
89257
68
89429
32
89587
73
89747
76
89878
32
90049
83
90107
79
90247
82
90397
82
90477
73
90607
83
91017
79
91156
32
91637
73
91976
8
92186
73
92536
8
92626
68
92866
73
93036
32
93156
70
93226
79
93436
83
93987
83
94156
69
94305
84
94476
84
94516
69
94656
32
94756
69
94885
32
95006
68
95215
69
95405
78
95545
84
95616
73
95715
32
95815
83
95985
69
96085
77
96245
66
96306
82
96417
65
96665
68
96795
65
97165
8
97226
86
97514
8
97684
8
97714
86
97765
65
97954
32
98084
68
98195
65
98306
32
98644
80
98794
85
99034
66
99354
66
99574
76
99644
73
99774
67
99913
73
00504
84
00693
65
00804
222
01264
188
01413
32
01633
67
01694
79
01843
77
01963
69
02053
32
02453
73
02613
32
03053
86
03153
73
03263
83
03393
73
03532
32
03773
65
03883
76
04042
76
04152
69
04303
32
04472
80
04573
65
04692
82
04792
69
04983
84
05112
73
05232
32
05332
68
05432
73
05532
32
05613
81
05713
85
05803
69
05891
76
06032
32
06191
80
06321
73
06481
67
06632
67
06682
79
06852
76
07001
79
07132
32
07252
65
07372
85
07481
84
07563
79
07771
71
07981
82
08082
73
08301
76
08551
188
08691
32
08861
77
08922
69
09091
78
09152
84
09351
82
09431
69
09501
32
09640
73
09791
32
09911
83
09990
79
10181
71
10252
78
10380
73
10500
32
10801
77
10990
73
11080
69
11210
73
11340
32
11490
83
11630
69
11780
71
12090
82
12199
69
12420
84
12501
91
12504
73
12669
32
12870
76
12979
73
13161
32
13220
82
13579
79
13769
77
14169
66
14629
65
14789
86
14919
65
15139
78
15278
79
15438
32
15600
86
15659
73
15838
65
15968
32
16128
73
16338
32
16540
84
16669
73
16749
82
17286
16
17438
222
17989
190
18128
32
18317
16
18368
65
18538
78
18668
67
18758
72
18887
69
18928
32
19417
79
19557
71
19707
71
19817
73
19947
32
20137
72
20217
79
20368
32
20497
70
20587
73
20750
78
21127
73
21257
84
21366
79
21587
190
21747
32
21971
16
22087
82
22326
79
22506
66
