83644
16
83845
79
84165
71
84245
71
84456
73
84696
32
84936
72
85157
79
85377
32
85657
70
85777
65
85898
84
86068
84
86308
79
86549
32
86789
85
86949
78
87169
32
88662
78
88872
85
89072
79
89393
86
89593
79
89913
32
90554
73
91025
8
91446
84
91806
73
92006
80
92137
79
92417
32
92697
68
92818
73
93058
32
93308
67
93428
65
93629
83
93709
73
93949
78
94190
79
94871
16
95391
190
96353
8
96473
16
96633
186
97034
32
98075
72
98235
79
98516
32
98796
83
99037
67
99237
82
99517
73
99717
84
99888
84
00008
79
00328
32
01320
16
01520
222
01770
32
01991
71
02231
79
02471
89
03072
16
03573
16
03583
222
04194
32
05586
78
05716
69
05956
76
06127
76
06297
65
07058
37
07258
37
07389
37
07559
37
07839
32
08470
8
08801
37
09001
32
09592
35
10193
32
10513
67
10633
65
10833
83
11034
69
11434
76
11615
76
11775
65
11855
32
12296
68
12456
69
12546
76
12736
32
12977
76
13177
79
13477
71
13678
73
13918
78
14118
32
14318
69
14449
32
14729
80
14889
79
15130
73
15610
32
15851
72
16091
79
16411
32
17293
83
17413
67
17934
73
18254
65
18615
67
18775
67
19015
73
19236
65
19296
84
19576
79
19816
32
21579
69
21819
78
22140
84
22220
69
22510
82
23502
188
23742
32
23982
67
24223
79
24784
83
25064
73
25304
67
25465
67
26025
72
26436
69
26877
222
27157
32
27437
32
30231
84
30281
73
30562
32
30842
72
31083
79
31293
32
31573
73
31814
78
32034
86
32274
73
32435
65
32515
84
32795
79
33035
32
33276
85
33516
78
33716
32
33997
69
34247
83
34457
80
34588
69
34758
82
34878
73
35118
77
35249
69
35369
78
35609
84
35809
79
36070
32
36901
67
37031
69
37352
82
37712
84
37912
65
38233
77
38303
69
38383
78
38583
84
38704
69
38874
32
39425
77
39555
79
39795
76
39915
84
40035
79
40276
32
40877
83
40967
73
41227
71
41437
66
41447
78
41648
73
42559
8
42779
8
43030
8
43661
78
43821
73
44161
70
44242
73
44482
67
44762
65
44882
84
45123
73
45664
86
46054
79
46985
32
47266
186
47506
189
47666
16
47907
48
52303
32
52614
16
52894
86
53094
65
53335
66
53505
66
53825
69
54196
222
55878
32
56910
190
58943
32
59273
16
59463
79
59784
71
59904
71
60104
73
60345
32
60905
80
61066
65
61306
82
61907
76
62107
73
62317
65
62358
77
62518
79
62798
32
63099
68
63299
73
63659
32
64060
77
64260
79
64461
85
64741
83
64871
83
65112
69
65292
32
65512
65
65632
76
65873
32
66113
76
66273
73
66473
77
66634
79
66884
78
67205
69
68286
190
68797
32
76738
16
77059
83
77379
73
77620
32
77860
80
77990
82
78190
69
78481
78
78851
68
78931
79
79152
78
79352
79
79672
32
80504
52
80744
32
81145
85
81345
79
81665
86
81996
65
82827
190
83067
32
83358
16
83428
83
83748
73
83989
32
84269
83
84429
69
84870
80
85030
65
85230
82
85351
65
86072
78
86282
79
86552
32
87514
73
87754
32
88085
82
88305
79
88555
83
88715
83
91189
8
91700
8
91730
8
91770
8
91800
8
91840
8
91870
8
91910
8
91940
8
91980
8
92010
8
92040
8
92080
8
92110
8
92150
8
93803
83
94163
66
95545
65
95565
84
95565
84
95575
79
95575
78
95585
79
95736
32
95986
73
96176
32
96667
82
96787
79
97108
83
97278
83
97368
73
98379
32
98399
67
98399
79
98409
78
98419
32
99060
67
99140
73
99351
82
99671
67
99791
65
00032
32
00512
49
00633
32
00953
72
01243
71
01724
32
02205
68
02375
73
02676
32
02926
90
03166
85
03627
67
03727
67
03907
72
04027
69
04148
82
04648
79
04989
32
05229
16
05470
57
05990
85
06231
78
07232
8
07593
8
07833
8
08514
16
08664
57
11298
80
11498
73
11658
85
11939
222
12179
32
12349
32
12550
79
12790
32
12990
77
13231
69
13431
78
13671
79
13992
32
15985
67
16185
73
16435
78
16826
81
17036
85
17156
69
17317
32
17597
67
17797
85
18038
67
18198
67
18288
72
18408
73
18488
65
18809
73
18979
16
19169
48
31948
190
32548
32
32789
16
32989
83
33550
73
33790
32
34271
77
34441
79
34682
78
34922
84
35052
65
35212
32
35893
85
36404
78
36534
65
36654
32
37055
67
37255
79
37536
78
37816
70
37896
69
38337
90
38377
73
38497
79
38667
78
38747
69
38868
32
39108
16
39268
57
39819
50
40460
48
40580
48
41361
32
41561
77
41682
76
41882
16
42042
48
42483
32
43524
68
43644
73
43845
32
44085
80
44205
65
44446
78
44616
78
44776
65
44976
32
45457
68
45577
65
45697
32
46138
77
46378
79
46539
78
46779
84
46979
65
47069
82
47240
69
50835
37
51346
37
51376
37
51416
37
51446
37
51486
37
51516
37
51556
37
51586
37
51976
37
52577
16
52858
57
53298
78
53499
66
53699
32
55191
40
56142
188
56343
32
57354
37
57855
37
57885
37
57925
37
57955
37
57995
37
58035
37
58065
37
58105
37
58135
37
58376
37
58546
37
59017
16
59257
222
59497
32
59898
17
60268
39
60479
39
60649
39
60819
39
61059
37
61540
16
61821
222
62361
32
63042
35
63914
67
63994
72
64074
69
64204
32
64565
83
64765
69
64965
78
65095
78
65256
79
65496
222
65736
32
65936
32
66187
78
66357
79
66507
78
66668
32
66988
77
67148
79
67369
78
67649
84
67809
65
67969
16
68130
49
68891
48
70894
190
71244
32
71565
16
71725
83
72055
73
72336
32
72656
65
72816
71
72937
71
73137
73
73257
85
73577
78
74379
71
74819
69
74939
32
75380
73
75620
76
75841
32
76161
83
76361
85
76602
67
76762
67
76852
79
77153
32
77473
68
77593
73
77794
32
77994
85
78154
78
78314
32
78555
76
78725
73
78925
77
79005
79
79406
78
79526
69
80728
32
80928
69
81098
32
81339
76
81459
65
81619
32
81779
83
81980
67
82030
79
82230
82
82550
83
82911
8
83031
90
83191
65
83352
32
83912
71
84113
82
84313
65
84834
84
84954
84
85154
85
85394
71
85915
73
85995
65
86156
84
86286
65
95860
190
96080
32
96240
16
96320
73
96541
78
96901
70
97021
73
97382
78
97502
69
97662
32
98063
83
98113
73
98343
32
98593
77
98754
79
98954
78
99194
84
99355
65
99595
66
99915
8
00156
78
00166
32
00326
79
00566
32
00767
73
01007
32
01688
8
01888
8
02048
8
02169
8
02329
8
02890
79
03130
32
03330
73
03531
32
03771
66
03941
73
04061
65
04181
78
04502
67
04742
72
04983
73
06064
32
06184
69
06345
32
06905
83
07106
73
07346
32
07546
65
07636
71
07757
71
07917
73
08037
85
08277
78
08478
71
08678
79
08848
78
08988
79
09229
32
09469
80
09629
73
09790
65
09880
78
10030
79
10260
32
10501
80
10661
73
10781
65
10871
78
11021
79
11222
32
11472
65
11632
76
11853
32
12333
67
12453
79
12694
77
12814
80
12934
79
13415
83
13655
84
13775
79
14747
38
15428
40
15878
36
17190
17
17400
39
17881
16
18202
57
18642
67
18732
79
18863
76
19063
32
19303
83
19383
79
19544
76
19664
73
19864
84
19984
79
20195
32
20515
80
20725
73
21036
90
21196
90
21276
73
21767
67
21847
79
22037
32
22237
68
22328
73
22528
32
22748
83
22888
65
23009
76
23129
69
24451
16
24691
189
25572
8
25753
16
25893
48
26213
32
27185
40
28396
190
28637
32
30990
16
31190
65
31471
32
31671
81
31801
85
31891
69
32052
83
32132
84
32372
79
32612
32
32853
80
33053
85
33293
78
33504
84
33624
79
33904
32
34785
83
34866
73
35106
32
35507
77
35627
69
35827
84
35997
84
36117
69
36288
32
36738
84
36929
85
37089
84
37209
84
37299
79
37529
32
37730
73
37890
78
38100
32
38381
70
38591
82
38871
69
38992
69
39472
90
39673
69
40704
82
40954
188
41155
32
41355
80
41515
69
41675
82
41796
32
41996
81
42126
85
42206
65
42326
76
42567
67
42667
72
42787
69
42907
32
43148
79
43468
82
43748
65
44469
190
44710
32
44850
16
44970
73
45190
78
45691
8
45932
77
46092
80
46212
79
46492
82
46693
84
46823
65
46983
78
47223
84
47303
69
47624
16
47864
49
48505
8
48766
16
48986
186
49266
32
49867
82
50108
73
50428
67
50588
79
50829
82
51069
68
51279
65
51439
84
51640
69
52080
86
52160
73
52401
32
52601
68
52691
73
52922
32
53222
84
53352
73
53633
82
53793
65
53873
82
54193
76
54374
79
54614
32
54934
70
55175
85
55415
79
55656
82
55816
73
56056
32
56296
85
56457
78
56607
32
56897
80
56907
79
57148
222
57368
32
57508
32
58419
80
58419
82
58429
73
58690
77
58820
65
59381
32
60212
68
60933
73
61173
32
61414
77
61544
65
61664
78
61904
71
63417
73
63547
65
63667
82
65540
76
65760
79
66000
32
66201
16
66441
57
66761
65
66922
76
67162
77
67252
69
67332
78
67462
79
67743
32
67943
77
68063
69
68384
90
68514
90
69075
222
69275
32
69475
79
69726
82
69966
65
70287
188
70457
32
70617
77
70737
65
70867
32
70978
73
71098
79
71278
32
71939
67
72159
79
72400
78
72760
68
73161
8
73361
83
73922
73
74723
71
74963
76
75123
73
75244
69
75404
82
75494
69
75774
73
76055
32
76295
85
76546
78
76956
222
77166
32
78679
79
78959
82
79079
69
79199
84
79330
84
79450
65
79650
16
79890
49
81082
48
81843
190
82124
32
82444
16
82684
83
82965
73
83205
32
83425
80
83676
85
83876
79
84156
222
84407
32
84567
32
84727
65
84968
67
85088
67
85178
79
85408
77
85649
80
85829
65
86029
71
86270
78
86390
65
86510
82
86670
69
86870
32
87191
67
87281
79
87481
78
87682
32
88082
66
88252
73
88533
83
88893
67
89054
79
89254
84
89414
84
89544
73
89755
78
89955
73
90155
32
90395
83
90566
69
90686
67
90846
67
90926
72
91127
73
91367
32
91487
16
91607
57
92448
84
92729
73
92929
80
93059
79
93300
32
93780
16
93931
222
94181
32
94622
76
94872
73
95102
78
95343
71
95503
85
95623
69
96624
32
97065
68
97185
73
97426
32
97626
71
97706
65
97856
84
97956
84
98167
79
98317
16
98437
222
98677
48
99318
190
00520
32
02593
16
02713
66
02873
85
03074
79
03915
8
04115
8
05117
85
05277
79
05437
78
05637
32
05918
68
06018
73
06258
86
06378
69
06619
82
06909
84
07019
73
07260
77
07390
69
07470
78
07590
84
07750
79
08101
16
08231
49
08912
32
11346
16
11626
66
11786
65
11987
67
12197
73
12437
188
12677
32
12888
65
12998
78
13118
78
13318
65
14480
13
17555
8
