50898
16
51058
69
51338
67
51509
67
51829
79
52109
77
52310
73
52590
32
52871
81
52991
85
53191
73
55264
190
55825
32
56265
16
56506
81
58188
8
59140
16
59460
16
59971
16
60001
16
60041
16
60071
16
60101
16
60141
16
60171
16
60181
76
62104
65
62284
32
62524
77
62685
73
62815
65
62935
32
63185
86
63426
73
63666
84
63826
65
64147
188
64387
32
64627
73
64838
78
65088
32
65348
81
65429
85
65589
69
65789
83
65949
84
66270
79
66510
32
66751
80
66881
69
67081
82
67241
73
67401
79
67722
68
68042
79
68844
188
69054
32
69294
78
69454
79
69615
78
69825
32
70115
79
70756
70
70917
70
71037
82
71237
69
71477
32
71998
71
72719
82
72879
65
73320
78
73881
68
74001
73
74281
32
74762
83
75002
80
75283
85
75523
78
75763
84
76044
73
78047
32
83154
8
83635
16
83835
186
84095
32
84316
65
84436
86
84556
86
84676
69
84887
78
85127
84
85367
85
85608
82
85728
69
85948
32
86188
83
86349
84
86629
79
87030
8
87230
8
87390
8
87600
8
88111
188
88322
32
88642
83
88842
84
89083
79
89363
82
89643
73
89764
69
89924
32
90244
68
90364
65
90525
32
91005
82
91206
65
91566
67
91696
67
91817
79
92057
78
92778
84
92868
65
92998
82
93319
69
95512
32
95672
69
95762
32
95912
67
96003
79
96203
83
96363
69
96523
32
97485
83
97605
73
97805
77
97965
73
98186
76
98306
73
98787
190
99107
32
99468
16
99668
81
99988
85
00149
73
00309
78
00509
68
00679
73
00960
188
01190
32
01470
68
01631
79
01991
86
02111
69
02312
78
02632
68
02762
79
03043
32
03283
80
03403
79
03604
73
04405
188
04605
32
04805
65
04925
76
05056
76
05136
65
05256
32
05656
70
05747
73
05917
78
06077
32
06357
70
06448
73
06678
78
06798
69
07089
188
07329
32
07609
83
07769
69
07970
77
08130
80
08250
76
08450
73
08771
67
08861
69
09212
77
09302
69
09422
78
09622
84
09702
69
09903
32
10143
68
10233
73
10473
71
10754
73
11034
84
11234
65
11325
82
11565
69
11805
32
13798
85
14008
78
14169
32
14369
80
14449
79
14689
222
14970
32
15090
32
15210
68
15340
73
15621
32
15861
82
15991
79
16512
66
16642
65
16722
32
16963
83
17123
85
17363
76
17483
76
17604
65
17734
32
17974
84
18134
65
18375
83
18695
84
19026
73
19146
69
19346
82
19747
65
22070
188
22310
32
23142
82
23422
73
24303
80
24664
82
24784
73
25265
8
25946
79
26106
80
26226
79
26506
78
26947
71
27107
79
27348
32
27558
85
27718
78
28039
222
28279
32
28479
69
28720
83
28920
80
29040
69
29240
82
29330
73
29491
69
29651
78
30332
90
30532
65
30612
32
30973
67
31133
85
31373
76
31494
73
31734
78
31864
65
32104
82
32345
73
32465
65
35660
16
35860
186
36220
32
36941
67
37062
82
37222
69
37763
80
37883
69
38163
83
39755
190
44472
32
44753
16
44953
76
45153
222
45434
32
45634
65
45834
76
46115
84
46195
82
46355
65
46525
32
46766
83
46926
69
47246
82
47366
65
47607
32
48017
70
48498
8
48899
72
49099
79
49339
32
49620
83
49780
80
49870
69
50431
82
50641
73
50881
77
51002
69
51122
78
51332
84
51412
65
51552
84
51873
79
54627
32
55138
68
55348
85
55508
69
55628
32
56069
82
56349
73
56590
80
56750
73
57110
69
57351
78
57511
73
57761
32
58032
80
58162
69
58322
82
58482
32
59244
67
59444
82
59604
69
60005
80
60125
69
60365
83
60565
32
60926
83
61006
65
61206
84
61567
8
61817
76
61937
65
62098
84
62218
69
62378
32
62578
16
62739
57
63059
65
63339
78
63780
90
63980
73
64541
188
64781
32
65302
71
65623
65
66344
76
66544
76
66704
69
66985
84
67145
84
67345
69
67626
83
69538
188
69789
32
70219
77
70349
69
70510
84
70750
65
71071
222
71371
32
71531
32
71902
70
72022
65
72463
82
72543
73
72783
78
72863
65
72993
32
73274
78
73474
79
73714
82
74235
77
74355
65
74435
76
74596
69
74686
32
74876
69
74926
32
75367
77
75527
69
75697
84
75938
65
76298
222
76618
32
77299
32
78411
66
78691
76
78772
69
79062
32
79773
78
79973
79
80104
73
80384
82
80584
16
80825
48
86653
16
86973
186
87765
32
90218
80
90468
82
90749
79
91109
83
91350
67
91550
73
91750
85
92071
84
92231
84
92511
79
95906
32
97388
16
97779
57
98300
65
98420
32
00503
70
00703
73
00953
76
01154
69
01434
84
01564
84
01725
73
01975
32
02315
80
02476
73
02836
67
02996
67
03036
79
03247
76
03527
73
05240
16
05400
48
05720
188
05881
32
06201
84
06411
79
06922
8
07132
8
07313
8
07553
8
08344
32
08474
16
08635
187
08955
32
09356
84
09436
79
09716
77
09796
20
11088
65
11288
32
11929
8
12089
8
12250
20
12500
65
12821
32
13101
16
13421
57
13662
65
13782
32
14142
68
14303
65
14593
68
14753
73
14924
78
15084
73
15284
32
15524
80
15655
73
15895
67
16055
67
16336
79
16496
76
16656
73
17938
32
18178
80
18298
73
18479
67
18639
67
18679
79
18839
76
18999
73
19080
16
19200
48
19881
32
20091
16
20281
187
20532
32
20852
66
20942
69
21183
83
21383
67
21543
73
21663
65
21904
77
22034
69
22625
76
22765
76
22925
65
26560
32
27161
69
27482
32
29485
70
29605
85
29845
78
30085
71
30426
76
30546
73
30826
32
31427
77
31557
73
31718
83
31918
84
32158
73
32449
32
32729
16
32919
187
33290
32
33530
77
33691
79
33971
90
34131
90
34291
65
34492
82
34612
69
34902
76
35063
76
35183
65
36535
190
36815
32
37136
16
37376
79
37696
84
37837
84
38077
73
38437
77
38558
69
38878
16
39118
49
39719
32
39920
16
40080
73
40280
78
40440
32
40681
80
40841
65
41011
82
41131
84
41412
73
41932
67
42093
79
42263
76
42433
65
42593
82
42804
69
43244
188
43485
32
43765
86
44005
79
44286
82
44446
82
44566
69
44766
73
45007
32
45287
83
45488
69
45658
71
45858
78
45978
65
46349
76
46479
65
46759
82
46880
69
47000
32
47240
73
47440
76
47681
32
47881
77
48021
73
48302
83
48592
84
48712
79
48912
32
49153
68
49273
73
49513
32
49684
70
49814
85
50014
78
50334
71
50895
72
51015
73
51216
32
51576
83
51737
85
52017
82
52187
71
52307
69
52708
76
52788
65
52948
84
53199
73
53439
32
54170
68
54340
69
54420
76
54581
76
54701
65
55101
32
55582
16
55702
66
55943
85
56143
73
56383
84
56473
79
56674
78
56834
73
57034
32
57234
16
57355
57
57675
83
57835
69
57965
32
58166
78
58286
79
58486
78
58646
32
58847
83
59047
66
59167
65
59297
71
59538
76
59698
73
59818
79
60018
16
60139
48
63133
186
63614
32
63974
67
64094
79
64325
78
64605
84
64865
73
65026
69
65426
78
65556
69
65677
32
66077
86
66197
65
66317
82
66598
73
66838
32
67399
84
67559
73
67760
80
67880
79
68441
8
68711
73
68721
57
69192
8
69552
32
69873
68
70033
73
70233
32
70674
70
71004
85
71184
78
71425
71
71585
72
71865
73
72386
32
72586
16
72827
57
73157
84
73237
82
73388
65
73588
32
73828
67
74039
85
74199
73
74439
32
74599
65
74720
78
74850
67
74970
72
75050
69
75170
32
76252
80
76422
79
76823
82
77263
67
77383
73
77664
77
77954
8
78195
78
78315
73
79306
16
79587
48
79837
188
80037
32
80318
67
80398
79
80558
83
80758
65
81199
8
81459
84
81579
65
81780
32
82341
85
82541
78
82701
32
82871
80
82991
79
83192
222
83432
32
83552
32
83783
77
83863
69
83993
78
84153
79
84393
32
84674
68
84834
69
84924
76
85044
76
85245
222
85445
32
85645
79
85886
82
86206
79
87248
32
87688
69
87808
32
88029
78
88159
79
88329
78
88539
32
88740
69
88900
222
89140
32
89260
32
89501
78
89641
73
89761
69
89841
78
90082
84
90202
69
90362
32
90652
77
90773
65
90893
76
91053
69
92335
16
92605
49
93747
32
94228
16
94388
73
94588
78
94909
83
95109
79
95389
77
95560
77
95650
65
95930
32
96251
86
96381
69
96541
32
96751
76
96921
79
97162
32
97522
67
97612
79
97883
78
98684
83
98744
73
99035
71
99355
76
99485
73
99615
79
00967
32
01208
16
01488
57
02009
78
02209
66
02449
32
03211
76
03531
65
03621
32
03861
66
04022
85
04182
73
04703
84
04783
79
05143
78
05304
73
05544
32
05784
78
05904
79
06105
78
06245
32
06445
77
06575
73
06816
32
07056
80
07186
65
07306
71
07467
65
07707
16
07907
49
08348
48
09389
190
11082
37
11583
37
11613
37
11653
37
11683
37
11723
37
11763
37
11793
37
11833
37
11863
37
11903
37
11933
37
11973
37
12003
37
12043
37
12073
37
12113
37
12143
37
12183
37
12223
37
12254
37
12294
37
12674
16
12794
39
13355
66
14647
35
17912
32
18192
16
18472
66
18673
65
18803
67
19083
73
19674
188
19995
32
22909
65
23149
78
23359
78
23640
65
