61191
16
61702
16
61742
16
61772
16
61802
16
61842
16
61872
16
61912
16
61942
16
61983
16
62013
16
62043
77
62253
65
62413
32
62613
81
62734
85
62824
65
63024
78
63435
68
63725
222
64005
32
64246
69
64526
222
64857
32
65017
32
65498
67
65588
72
65708
69
65868
32
66108
70
66269
73
66479
78
66599
73
66799
83
66960
67
67090
69
67250
32
67571
81
67731
85
67861
69
68021
83
68111
84
68432
79
68672
32
68912
69
69113
83
69293
80
69403
69
69563
82
69724
73
70014
77
70094
69
70335
78
70535
84
70705
79
71026
16
71536
16
71566
16
71606
16
71636
16
71676
16
71706
16
71747
16
71777
16
71807
16
71847
16
71877
16
71917
16
71947
16
71987
16
72017
16
72057
16
72087
16
72127
16
72157
16
72197
16
72207
49
72688
191
73129
49
74621
32
74821
16
74981
86
75141
65
75272
32
75512
66
75672
69
76033
72
76403
188
76684
32
77164
78
77325
79
77535
78
77695
32
77895
77
77996
73
78276
32
78476
82
78636
73
79007
67
79127
79
79327
82
79528
68
79738
79
79978
32
80279
80
80479
73
80679
85
81050
222
81290
32
81451
32
81611
68
81751
73
81991
32
82202
67
82322
79
82442
83
82642
65
82812
32
83133
86
83253
79
83453
76
83904
69
84184
86
84385
79
84585
32
84815
80
84936
65
85096
82
85416
76
85546
65
85707
82
85947
69
86267
190
86438
190
86598
190
86838
32
87099
16
87219
65
87509
72
87910
188
88110
32
88561
71
88801
73
89041
65
89322
222
89813
188
90053
32
90413
83
90654
73
90984
222
92186
188
92466
32
92787
68
92917
73
93197
32
93598
85
93798
78
94009
32
94329
82
94449
73
94670
83
94950
84
95110
79
95441
82
95561
65
95761
78
96082
84
96172
69
97534
32
97774
77
97904
65
98145
82
98435
79
98635
67
98886
72
99246
8
99446
67
99567
72
99737
73
99937
78
00137
79
00418
32
00668
16
00828
57
01309
65
01469
78
01720
67
01800
72
01920
69
02040
32
02300
80
02471
73
03432
8
03592
90
03763
90
04003
69
04203
82
04323
73
04584
65
04784
16
05024
48
05836
32
06677
17
06887
37
07258
37
07628
39
08309
73
08970
35
10092
67
10212
72
10332
69
10462
32
10743
83
10863
73
11103
32
11273
84
11434
82
11554
79
11874
86
12004
65
12105
32
12345
73
12545
78
12796
32
13877
76
14158
85
14408
78
14768
71
14929
79
15209
32
15540
16
15740
68
16020
79
17512
82
17753
65
17953
32
18113
16
18334
78
18614
65
18854
80
19065
73
19425
76
19625
73
20707
188
20957
32
21198
81
21318
85
21398
65
22089
83
22209
73
22409
32
22620
65
22740
76
22860
76
23060
222
23311
32
23551
73
23751
78
23952
67
24202
82
24362
79
24683
67
24803
73
24933
79
25133
32
25374
67
25464
79
25744
78
25985
32
26305
67
26545
79
26796
82
26996
83
27156
79
28648
32
28929
16
29049
86
29259
69
29540
82
29780
67
29940
69
30191
76
30351
76
30591
73
32274
16
32514
186
32844
32
33776
69
33936
222
34216
32
34377
32
34627
77
34747
79
34947
76
35108
84
35248
79
35528
32
35809
67
35939
65
36059
82
36339
73
36540
78
36830
79
37070
188
37311
32
37591
83
37761
73
38002
32
38282
77
38402
65
38462
78
38663
71
38863
73
39033
65
39194
32
39474
66
39594
69
39724
78
39885
69
40125
188
40365
32
40696
76
40856
79
41136
82
41267
79
41587
32
41947
83
42068
79
42268
78
42438
79
42699
32
43019
83
43179
73
43430
77
43670
80
43830
65
43960
84
44221
73
44501
67
44661
73
44872
83
44992
83
45122
73
45322
77
45563
73
45803
32
45963
69
46774
190
46935
190
47095
190
47295
32
47505
83
47626
73
47906
32
48106
83
48237
80
48397
69
48557
78
48767
68
48928
69
49048
32
49408
80
49528
79
49859
67
50019
79
50259
16
50460
49
50950
32
51531
73
51852
69
52022
82
52142
73
52423
32
52983
83
53194
69
53394
82
53634
65
53875
188
54085
32
54285
80
54365
69
54526
82
54706
32
54946
69
55106
83
55277
69
55397
77
55637
80
55807
73
55928
79
57129
188
57420
32
57660
65
57820
66
57981
66
58151
73
58271
65
58391
77
58521
79
58762
32
59082
77
59202
65
59613
78
59853
71
60064
73
60194
65
60314
84
60594
79
60835
32
61085
85
61245
78
61405
32
61646
77
61726
69
61856
78
62016
85
62217
32
62427
77
62547
65
62707
82
62948
79
63198
67
63318
67
63408
72
63569
73
63739
78
63939
79
64951
32
65231
16
65511
57
65752
73
65962
78
66242
83
66443
65
66603
76
66733
65
66893
84
67054
65
67294
32
71240
16
71520
187
72201
32
73703
84
73873
65
74114
74
74314
73
74614
78
76447
32
76687
79
76888
32
77128
83
77419
80
77619
73
77739
69
77939
68
78029
73
78230
78
78350
73
78510
16
78630
48
78951
32
79552
80
79722
69
79882
82
80002
32
80974
49
81174
50
81334
32
81665
69
82025
85
82275
82
82436
79
82716
32
82876
65
83007
32
83287
84
83367
69
83537
83
83657
84
83898
65
84178
16
84419
49
85590
32
85811
16
86321
16
86361
16
86391
16
86431
16
86462
16
86502
16
86532
16
86562
16
86602
16
86632
16
86672
16
86702
16
86742
16
86772
16
86812
16
86842
16
86882
16
86912
72
87112
65
87243
78
87363
78
87483
79
87733
32
87894
65
88014
78
88144
67
88274
72
88354
69
88474
32
88765
68
88925
69
89055
73
89306
32
89546
66
89666
85
89866
79
90077
78
90197
73
90437
32
90718
68
90848
79
91048
76
91329
67
91339
86
91819
8
91979
67
92180
69
92430
84
92590
84
92710
73
93672
8
93842
8
94002
8
94143
8
94323
8
94854
69
96336
84
96466
84
96586
73
96947
32
97227
69
97477
88
97678
84
97758
82
97998
65
99771
32
99931
69
00071
32
00321
85
00522
78
00722
32
01493
79
01774
84
01924
84
01974
73
02194
77
02314
79
02635
32
03156
84
03726
69
03967
222
04207
32
04367
32
04658
65
04778
76
04938
76
05068
65
05148
32
05389
77
05469
69
05639
78
05799
84
06160
65
07332
190
09094
32
09304
16
09465
76
09655
222
09865
32
10106
85
10306
78
10426
73
10716
67
10997
65
11157
32
11437
80
11608
69
11888
67
12008
67
12138
65
12379
32
12659
69
13020
222
13240
32
13370
32
13570
67
13661
72
13811
69
14271
188
14512
32
14752
69
14962
83
15123
83
15283
69
15493
78
15613
68
15734
79
15974
32
16304
77
16555
85
16755
83
16875
83
17045
85
17286
76
17536
77
17656
65
17777
78
17917
73
18197
188
18478
32
18898
78
19108
79
19279
78
19449
32
19769
83
19890
69
20050
82
20340
86
20581
79
20821
78
20961
79
21201
32
21342
65
21632
76
21973
67
22133
79
22333
76
22493
73
22984
67
23104
73
23445
32
23805
69
23935
32
24296
81
24416
85
24536
69
24747
83
24947
84
25227
79
25468
32
25758
78
25758
77
26559
8
27090
69
27250
32
27541
76
27661
73
27901
77
28071
73
28312
84
28432
65
28552
32
28802
85
28963
78
29203
32
29644
80
29724
79
29974
222
30214
32
30335
32
30605
76
30845
222
31086
32
31326
16
31526
85
31977
8
32217
85
32418
83
32588
79
34921
32
35202
80
35322
69
35492
82
36824
8
36984
8
37144
8
37355
67
37475
79
37795
77
37895
69
38016
32
38226
76
38386
79
38707
67
38837
65
39117
76
39237
69
39358
32
39608
80
39728
69
39888
82
39968
32
40659
80
40780
65
41020
83
41150
83
41230
65
41350
82
41471
69
41601
32
41851
85
42051
78
42212
65
42262
32
42502
83
42662
69
42873
82
43043
65
43604
84
43774
65
44465
190
44665
190
44825
190
45316
32
45637
16
45917
67
46167
79
46368
77
46538
85
46698
78
46979
81
47079
85
47199
69
47319
32
47840
86
48080
69
48210
32
48431
76
48591
79
48831
32
49031
67
49162
79
49362
78
49642
83
49803
73
50013
71
50213
76
50373
73
50494
79
50734
16
50894
186
51145
32
51305
73
51465
78
51625
32
51836
67
51956
79
52156
78
52396
70
52647
82
52807
79
53027
78
53788
84
53908
79
54239
32
55361
65
55561
32
55891
81
56092
85
56332
69
56773
71
56943
76
57063
73
57383
32
57984
83
58245
80
58415
69
58735
78
58896
78
59066
65
62401
189
63572
80
63893
79
64133
76
64253
76
64584
73
88829
32
89199
67
89279
72
89400
69
89560
32
89850
83
90010
84
90131
65
90291
78
90461
78
90661
79
90902
32
91102
65
91232
76
91432
32
91713
68
91843
73
92123
222
92364
32
92504
32
92684
76
92804
65
93055
32
93375
68
93535
69
93656
76
93786
76
93946
65
94066
32
94236
16
94357
68
94607
79
94847
82
94968
65
95298
32
95699
16
96099
57
97061
86
97281
73
97401
65
97521
32
98132
16
98372
83
98613
65
98983
78
99504
84
99804
222
00085
32
00325
16
00566
65
00936
71
01176
79
01297
83
01467
84
01747
73
01988
78
02158
79
02448
32
02749
16
03259
16
03289
16
03330
16
03360
16
03400
16
03430
16
03470
16
03500
16
03540
16
03570
16
03600
16
03640
16
03680
16
03710
16
03740
16
03780
16
03810
16
03850
55
04131
32
04651
16
04892
67
05102
79
05383
77
05583
80
05713
65
06074
78
06354
89
06835
188
06965
32
07165
80
07285
69
07445
82
07576
32
07776
73
07976
78
08227
84
08347
69
08547
78
08787
68
08918
69
09038
82
09238
67
09518
73
11091
16
11331
48
11662
190
11822
190
12002
190
12333
32
15217
16
15457
73
15677
32
15848
83
15948
79
16108
76
16308
73
16549
84
16639
73
16919
32
17840
67
17971
65
18091
82
18331
73
18612
32
18982
83
19102
65
19303
76
19463
85
19673
84
19793
73
20034
188
20234
32
20404
65
20524
78
20685
78
20855
65
