65530
16
65770
69
66141
67
66301
67
66461
79
66702
77
66922
73
67142
16
67463
49
68224
32
68725
16
68925
81
69325
85
69486
69
69656
83
69936
84
70097
73
70377
32
70657
85
70938
76
71218
84
71298
73
71509
77
71669
73
71959
32
72270
84
72390
69
72670
77
72871
80
73031
73
73311
32
73632
83
73762
79
73962
78
74122
79
74403
32
74603
83
74723
84
74893
65
75054
84
75454
73
75735
32
82725
73
82965
78
83366
67
83606
65
83776
83
83936
73
84177
78
84377
65
84547
84
84828
73
86060
190
86230
190
86390
190
86720
32
87441
65
87602
78
88002
90
88163
73
88523
32
90246
82
90406
73
91247
71
91407
79
91968
78
92208
70
92369
73
92649
32
92939
68
93140
222
93380
32
93580
65
93700
78
94021
83
94181
73
94462
65
95543
32
95703
69
95904
32
96424
70
96665
65
96835
82
96955
69
97155
32
97436
76
97656
222
97897
32
98057
69
98217
83
98578
80
98698
69
98868
82
99068
73
99309
77
99389
69
99549
78
99749
84
99909
79
00160
32
01231
69
01402
82
01522
65
01682
32
01882
68
02083
73
02283
70
02403
70
02533
73
02774
67
02874
73
03064
76
03354
69
04666
16
04947
49
05427
32
09984
16
10224
68
10825
79
11146
77
11266
65
11396
78
11556
73
11877
32
12317
80
12437
65
12638
82
12728
84
13048
79
13329
32
13569
80
13699
69
13900
82
13980
32
14220
76
14340
65
14500
32
14981
16
15221
83
15542
65
15622
82
15902
68
16063
69
16193
71
16433
78
16633
65
16834
188
17034
32
17294
81
17385
85
17505
73
17665
78
17835
68
18035
73
18356
32
18596
77
18716
73
19007
32
19247
65
19528
83
19648
83
19848
69
20048
78
20289
84
20369
69
20579
82
20789
79
21470
222
21911
32
22151
16
22662
16
22692
16
22732
16
22762
16
23193
32
23513
16
23754
57
24194
65
24365
78
24525
67
24645
72
24725
69
24845
32
25126
68
25336
65
25616
71
25676
76
25797
73
26077
32
26277
69
26488
83
26608
80
26728
69
26888
82
27088
73
27349
77
27429
69
27519
78
27629
84
27800
73
28080
16
28280
48
29482
32
29883
80
30043
69
30203
82
30323
32
30664
65
30784
76
30984
77
31074
69
31194
78
31325
79
31605
32
31966
89
32326
8
32566
85
32767
78
32887
65
32927
32
33528
68
33698
69
33898
67
33938
73
34139
78
34259
65
34409
32
34719
68
34850
73
35080
32
35320
71
35521
73
35721
79
35851
82
36051
78
36262
73
38024
190
39977
32
41299
16
41499
68
41740
65
41900
32
42180
68
42350
79
42591
77
42671
69
42791
78
42911
73
43152
67
43282
65
43402
32
43602
65
43722
32
44003
77
44083
69
44293
82
44453
68
44854
8
44974
67
45094
79
45235
76
45315
69
45475
68
45635
73
45996
222
46356
32
46486
32
47237
83
47448
65
47728
82
47888
79
48129
222
48369
32
48529
32
48710
65
48880
76
49040
76
49160
65
49300
32
50953
67
50973
79
50973
78
50983
70
50983
69
50993
82
50993
69
51153
78
51323
88
51804
8
52004
90
52205
65
52375
32
54328
83
54448
85
54688
32
54979
16
55139
83
55269
69
55670
77
55790
65
55830
78
56070
84
56321
73
56601
67
56801
32
57042
16
57202
87
57332
69
57652
66
57853
32
58013
65
58173
32
58333
16
58454
67
58664
72
58824
73
58984
65
59505
32
59745
16
59946
57
60547
16
60667
67
60827
65
61228
48
62189
8
62389
8
62750
8
63090
86
63341
73
63551
67
63711
73
63952
78
64072
79
64312
32
64512
65
64673
32
64883
16
65113
67
65283
65
65764
71
66045
76
66165
73
66205
65
66445
69
66455
82
66776
73
67737
8
67897
8
68097
8
68899
82
69029
73
69269
16
69429
48
70391
17
70551
37
70721
37
71853
37
72894
16
72894
17
73015
37
73655
8
74016
17
74226
39
77701
79
78022
86
78112
69
78272
83
78512
84
79274
32
79554
68
79754
73
79995
32
80806
35
86794
188
86955
32
87165
80
87255
79
87455
73
87706
32
88497
77
88677
73
88917
32
89438
82
89638
65
89759
71
89879
71
90119
79
90239
73
90490
85
90730
78
90980
71
91101
69
91221
32
91541
16
91701
68
91962
73
92082
69
92402
71
92643
79
93364
188
93604
32
93804
65
94085
70
94215
70
94415
73
94666
84
94826
84
94906
73
95146
65
95267
77
95397
79
95637
32
95917
85
96158
78
96278
65
96368
32
96558
77
96689
65
96889
67
97009
67
97209
72
97410
73
97690
78
97890
65
00214
17
00344
37
00514
37
00684
37
00855
37
01485
32
01636
16
01836
57
02196
67
02317
79
02517
78
02717
32
02918
76
03088
65
03168
32
03448
84
03528
69
03729
78
03929
68
04209
65
04500
16
04770
48
06022
35
06783
32
08946
69
09587
188
09827
32
10428
8
10629
8
11310
32
11550
16
11830
57
12441
68
12561
79
12682
80
12802
79
13082
32
13322
65
13493
86
13573
69
13693
82
14654
32
15215
70
15335
65
15456
84
15576
84
15896
79
16177
32
16387
85
16547
78
16747
32
17028
71
17278
73
17799
82
17919
79
18159
32
18360
65
18520
32
18730
16
18850
78
19011
79
19291
82
19612
65
20252
16
20553
48
22345
32
22626
67
22756
73
22996
32
23237
68
23357
73
23557
82
23758
73
23998
71
24208
73
24328
65
24448
77
24609
79
24889
32
26572
76
26822
85
27072
78
27353
71
27513
79
27713
32
27954
73
28154
76
28394
32
28594
16
28835
80
28965
65
29165
82
29366
67
29606
79
29886
32
30097
68
30257
69
30267
51
30387
76
31429
8
31629
8
32230
76
32550
32
33712
16
34022
71
34353
69
34833
78
34994
78
35244
65
35484
82
35765
71
35885
69
36025
78
36265
84
36556
85
39791
188
40031
32
40952
70
41032
73
41243
78
41403
79
41653
32
42965
65
43165
32
43376
16
43536
78
43666
85
43947
79
44467
82
44587
79
45709
32
45829
69
45949
32
46230
80
46350
79
46520
73
46801
32
47001
65
47121
32
47321
16
47832
16
47842
67
48052
65
48293
76
48413
65
48573
32
48773
16
48934
71
49174
79
49414
78
49615
79
49815
78
50015
69
50175
32
50376
16
50496
57
50866
83
51107
85
51307
76
51547
32
51748
77
51868
65
51998
82
52118
69
52399
16
52559
48
53801
190
54482
32
55002
16
55233
78
55493
69
55613
76
55854
32
56094
80
56214
65
56384
82
56665
67
56785
79
57065
32
57226
68
57386
69
57556
76
57837
32
57997
16
58237
71
58517
69
58718
78
58878
78
59048
65
59168
82
59409
71
59529
69
59689
78
59849
84
60060
85
60330
32
60610
67
60811
222
61091
32
61852
69
62373
222
62653
32
62774
32
65568
85
65848
78
66018
65
66259
32
67450
71
67560
79
67731
76
67931
65
68051
32
68211
67
68302
72
68422
69
68542
32
68822
83
68942
73
69223
32
69473
80
69754
85
69994
79
70314
222
70595
32
70715
32
70955
80
71076
69
71236
82
71446
67
71566
73
71566
79
72528
8
72968
8
73249
79
73529
82
73689
82
73769
69
73940
82
74020
69
74260
32
74460
65
74581
32
74821
80
74981
73
75191
69
75392
68
75552
73
75832
32
78156
69
78276
32
78596
76
78797
222
78977
32
79217
73
79418
68
79578
69
79828
65
80068
32
80629
83
80830
65
81110
82
81230
69
81430
66
81601
66
81771
69
81851
32
82011
68
82131
73
82372
32
82652
70
82752
65
82873
82
83003
69
83173
32
83453
85
83654
78
83814
65
83904
32
84335
71
84545
73
84785
84
84915
65
85036
32
85436
76
85677
73
86157
222
86648
190
86968
32
87369
16
87609
65
87900
32
88140
16
88300
67
88420
65
88661
76
88781
65
88911
32
89071
16
89192
71
89392
79
89552
78
89672
79
89883
78
90083
69
90163
32
90403
73
90564
78
90804
86
90924
69
91255
67
91335
69
93808
17
93978
37
94149
37
94359
37
94930
37
95290
8
95491
16
95731
86
95971
73
96252
67
96372
73
96532
78
96692
79
96913
32
97073
65
97203
32
98164
46
98815
35
99456
40
00458
32
02140
67
02300
73
02541
32
02781
83
02881
48
02921
79
03162
78
03642
8
03803
8
03973
8
04173
8
04353
8
04514
8
05355
73
05595
32
05795
83
05886
79
06046
78
06206
79
06446
32
06687
68
06847
69
06967
76
07087
76
07218
69
07338
32
07818
66
07939
69
08099
76
08219
76
08319
69
08449
32
08850
71
09010
82
09250
79
09531
84
09691
84
09781
69
09941
32
10142
16
10342
57
11263
16
11464
71
12185
8
12986
16
13186
222
13426
32
13667
68
13827
69
14027
76
14828
32
15349
16
15710
66
15920
85
16291
69
16451
32
16731
77
16861
65
17412
82
17502
73
17703
78
17863
79
18063
16
18574
16
18604
16
18644
16
18674
16
18704
16
18744
16
18774
16
18784
222
19245
48
20567
188
20767
32
20927
67
21047
72
21138
69
21258
32
21458
83
21578
73
21819
32
22099
82
22189
65
22309
71
22469
71
22630
73
22750
85
22960
78
23160
71
23321
79
23521
78
23641
73
23651
79
23851
32
24723
8
24893
8
25444
8
25694
79
25894
32
26215
83
26295
79
26455
76
26615
79
26816
32
27026
73
27186
78
27346
32
27547
66
27667
65
27867
82
28108
67
28358
65
30992
16
31232
186
31753
32
32193
83
32314
80
32474
69
32724
82
32864
73
33025
65
33145
77
33265
79
33505
32
33906
68
34026
73
34276
32
34677
82
34797
73
34917
85
35158
83
35398
67
35558
73
35809
82
35929
69
36079
32
36279
65
36440
68
36600
32
36880
65
37080
78
37361
68
37491
65
37531
82
37812
67
38062
73
38302
16
38633
49
41847
32
42048
16
42248
66
42488
69
42699
72
43149
188
43430
32
43750
65
43990
78
45473
8
45673
8
46865
67
46995
73
47235
32
47515
82
47636
73
47796
69
48156
8
48277
83
48437
69
48567
78
48767
84
48887
73
49068
65
49148
77
49308
79
49588
32
50109
65
50229
76
50470
32
50650
77
50810
73
50980
79
51221
32
51621
82
51742
73
52062
84
52182
79
52222
80
52352
82
52753
78
52873
79
53564
8
53724
8
53895
8
54095
8
54776
82
55016
78
55176
79
55457
32
55777
68
55978
65
56098
76
56218
76
56388
65
56508
32
56749
77
56869
73
57310
78
57430
73
57710
189
57991
86
58161
65
58281
67
58401
65
58601
78
59042
90
59202
65
59603
32
59933
83
60053
65
60144
82
60344
68
60504
65
63298
190
63859
32
64019
65
64179
78
64300
78
64470
65
