61948
16
62148
76
62349
222
62589
32
62829
72
63030
79
63270
32
63591
82
63721
73
64001
70
64161
65
64292
84
64452
84
64772
79
65093
16
65333
49
65934
49
66174
49
66635
32
67076
72
67366
79
67666
32
67947
83
68157
67
68317
72
68558
73
68758
65
69129
67
69319
67
69599
73
69719
65
69850
84
70090
79
70410
32
71282
16
71562
222
71933
69
72173
83
72493
67
73094
8
73295
8
73495
8
73815
16
74016
222
74296
32
74576
69
74817
83
75017
67
75337
16
75458
222
77060
16
77340
49
77581
49
77821
49
78502
32
78712
16
78953
67
79163
72
79273
69
79393
32
79754
80
79954
65
80044
76
80204
76
80565
69
80966
16
81286
49
81486
49
81727
49
82327
32
82568
16
82848
86
83559
65
83719
32
84000
66
84130
69
84370
72
84971
190
85802
32
86684
16
86884
84
87205
79
87495
82
87775
78
87976
73
88096
65
88226
77
88416
79
88657
32
88897
65
89067
76
89348
32
89588
67
89748
73
89948
78
90199
71
90399
72
90599
73
90770
65
90890
76
91170
69
92762
190
93283
32
93804
16
93924
76
94165
85
94295
73
94575
32
94815
83
94976
69
95136
32
95416
78
95536
69
95667
32
95907
83
95987
84
96107
65
96348
32
98030
84
98160
82
98320
65
98641
78
98971
81
99172
85
99342
73
99582
76
99702
76
99863
79
00103
32
00353
78
00524
69
00644
76
00814
76
00974
65
01155
32
01435
83
01475
85
01635
65
01765
32
02056
77
02176
65
02376
82
02657
73
02897
78
03017
65
03147
32
04459
8
05140
84
05220
65
05431
32
05751
78
05871
69
06072
76
06312
32
06472
70
06632
82
06803
73
07043
71
07283
79
07804
190
14914
32
15916
16
16346
80
16637
69
16797
82
17037
32
17318
67
17518
85
17678
79
18039
67
18169
69
18840
82
19050
76
19301
79
19501
188
19741
32
20142
76
20342
79
20542
32
20803
80
20963
82
21203
69
22125
78
22966
8
23467
8
23507
8
23687
8
23847
8
24047
8
24318
8
25069
84
25670
79
26671
76
27352
71
27903
79
28384
32
28624
76
28834
65
28914
32
29155
67
29235
65
29355
82
29696
78
29816
69
29936
32
30697
68
30897
65
31138
76
31298
76
31378
65
31508
32
31708
77
31829
65
32189
82
32470
73
32670
78
32790
65
32910
84
33201
65
33531
188
33771
32
33972
83
34182
67
34302
79
34503
76
34663
65
34863
78
35143
68
35274
79
35434
76
35554
65
35674
32
36115
66
36195
69
36285
78
36365
69
36485
32
36726
16
36886
57
37206
83
37447
79
37657
80
37937
82
38218
65
40411
84
40531
84
40852
85
41062
84
41222
84
41292
79
41523
32
41693
68
41933
65
42053
32
42294
83
42464
80
42584
69
43185
90
43305
73
43465
69
43586
32
44307
8
44547
188
44747
32
45108
71
45318
85
45438
83
45639
84
45879
73
46199
32
46360
69
46450
32
46920
86
47000
69
47211
82
47451
68
47691
85
48012
82
48252
69
48493
32
48653
67
48753
72
48873
69
49634
32
50375
83
50536
73
50816
32
51056
65
51257
80
51417
80
51637
73
51918
67
52038
67
52158
73
52438
67
52558
65
52779
78
52979
79
53179
16
53460
49
54451
48
61611
32
61812
69
61902
32
62132
76
62262
65
62463
32
63364
70
63484
65
63604
67
63765
67
64045
73
64055
79
64255
79
64976
8
65577
32
65978
82
66178
79
66739
83
66819
79
66979
76
67180
65
67300
82
67420
69
67550
32
67991
78
68111
69
68191
76
68351
76
68572
222
68772
32
69012
79
69172
76
69333
73
69463
79
72177
188
72377
32
72617
83
72858
65
73068
76
73188
65
73388
78
73749
68
73909
79
74069
76
74230
65
74360
32
74520
69
74680
32
74941
80
75301
69
76223
80
76383
65
76543
78
76783
68
76913
79
77104
76
77224
65
77434
190
77675
32
77835
16
78035
81
78316
85
78476
65
78566
78
78766
68
78886
79
79167
32
79387
69
79477
222
79718
32
79838
32
80078
66
80238
69
80328
76
80489
76
80609
65
80729
32
80929
67
81019
79
81140
76
81300
79
81580
82
81821
73
82061
84
82381
65
83623
32
83823
65
84585
8
85826
8
86708
188
86948
32
87188
69
87429
83
87589
84
87679
82
87789
65
88110
71
88280
71
88480
79
88761
32
89682
68
89922
65
90092
76
90253
76
90413
65
90573
32
90813
77
90934
65
91104
82
91384
73
91625
78
91785
65
91905
84
92145
65
92346
32
92906
86
93027
69
93237
82
93437
68
93638
85
93888
82
94008
69
94329
188
94569
32
95290
71
95530
85
95650
83
95811
84
96051
73
96291
32
96462
69
96582
32
96822
83
96982
80
97103
69
97543
90
97673
73
97834
69
98154
32
98595
69
98715
32
99236
76
99436
73
99636
32
00397
77
00517
69
00918
82
01279
8
01439
84
01599
84
01689
79
02010
32
03041
78
03161
69
03291
76
03422
76
03582
65
03702
32
04143
80
04283
69
04884
78
05795
84
05885
79
06045
76
06166
65
06286
32
06486
67
06616
79
07928
78
08088
32
08299
76
08419
65
08499
32
08779
67
08910
65
09030
82
09360
78
09440
69
11003
190
16761
32
17001
16
17161
68
17462
79
17582
80
17702
79
17963
32
18203
85
18323
78
18483
32
18724
80
18844
79
19134
222
19495
32
19655
32
24412
65
24612
71
24732
71
24892
73
25013
85
25253
78
26174
71
26415
79
26615
32
26825
73
26985
76
27186
32
27346
76
27506
73
27947
81
28067
85
28197
73
28438
83
28838
8
29079
68
29169
79
29439
32
29840
82
29970
73
30170
77
30290
65
30531
83
30731
84
31011
79
32614
32
32894
68
33064
69
33144
76
33265
76
33385
65
33515
32
33715
77
33835
65
34046
82
34326
73
34606
78
34727
65
35007
84
35127
65
35247
32
35418
16
35568
57
36099
80
36770
8
37410
83
37571
79
37821
83
38101
84
38222
65
38422
78
38722
90
38802
73
38923
65
39043
76
39243
77
39373
69
39453
78
39664
84
39704
69
39874
32
40074
73
40235
76
40435
32
40675
86
40795
73
40966
78
41206
79
42678
16
42999
48
43339
32
48096
69
48256
32
49298
76
49458
65
49658
83
49898
67
49989
73
50119
79
50399
32
50760
67
50890
85
51050
79
51531
67
51651
69
51781
82
51901
69
52502
188
52672
32
52833
65
52953
32
53193
70
53313
85
53474
79
53754
67
53844
79
54044
32
54285
78
54445
79
54605
78
54765
32
55006
84
55216
82
55456
79
55697
80
55817
80
55937
79
56218
32
56348
65
56448
76
56999
84
57089
79
57369
188
57690
32
60804
80
60934
69
61135
82
61295
32
61575
85
61735
78
61906
32
62106
66
62226
69
62507
76
62747
32
62947
80
63067
79
63308
222
64710
190
65190
32
65511
16
65631
80
65992
69
66082
82
66362
32
66723
69
66963
83
67173
69
67293
77
67494
80
67664
73
67864
79
80613
32
81774
8
82015
188
82195
32
82395
80
82515
69
82676
82
82796
32
83046
85
83206
78
83387
32
83667
80
83827
65
83917
73
84038
79
84318
32
84598
68
84959
222
85239
32
85440
79
85760
82
85880
69
87723
190
91158
32
96235
8
96736
8
96776
8
96806
8
96846
8
96876
8
96916
8
96946
8
97237
8
97437
8
97597
8
97767
8
97968
8
98809
222
99049
32
99289
79
99610
82
99730
69
99850
84
99970
84
00141
65
00341
32
00862
69
01102
32
01342
77
01423
69
01703
90
01823
90
02264
65
05228
191
05669
68
05789
85
05909
69
06069
32
06350
79
06630
82
06720
69
07872
190
08272
13
08893
16
09254
81
09574
85
09694
65
09865
78
10065
68
10185
79
10425
32
10626
69
11307
8
11507
8
11667
8
11838
8
11958
8
12118
8
12298
8
12539
8
13700
16
13941
76
14141
65
14311
83
14511
67
14712
73
14872
65
14992
82
15202
69
15413
32
16684
80
16845
79
17055
73
17375
32
25087
82
25407
65
25567
70
25727
70
25888
82
26048
69
26408
68
26539
68
26699
65
26979
82
27140
69
28381
190
28582
32
28782
16
28912
84
29112
65
29152
71
29443
76
29563
73
29683
65
29924
82
30284
76
30444
79
31005
32
31285
65
31376
32
31766
70
31896
69
32017
84
32187
84
32307
69
33549
188
33789
32
34230
8
34350
8
34871
190
35111
32
35351
16
35552
80
35752
65
35952
83
36112
83
36203
65
36363
82
36723
69
37084
32
44004
8
44504
8
44545
8
44575
8
44765
8
44925
8
45125
8
45366
8
45686
16
45927
84
46207
79
46567
71
46818
76
46978
73
47138
69
47298
82
47459
69
48620
32
49301
65
49462
71
49702
76
49782
73
49982
79
50543
188
50924
32
51324
67
51525
65
51925
78
52095
78
52216
69
52336
76
52496
76
52616
65
52897
188
53147
32
53427
65
53547
76
53708
76
53868
79
54108
82
54228
79
54469
32
54679
69
54919
32
55200
16
55400
57
55801
83
56001
79
56201
80
56482
82
56612
65
56702
84
56862
84
57183
73
57623
8
57904
85
58064
84
58184
84
58304
79
59226
16
59426
48
60027
32
60588
84
60708
85
60908
84
61038
84
61198
73
61439
32
61679
73
61920
32
62160
67
62360
72
62520
73
62961
79
63241
68
63332
73
63652
32
63892
68
64013
73
64213
32
64694
71
64814
65
65014
82
65495
79
65775
70
65865
65
66065
78
66266
79
68098
190
68389
32
68549
16
68669
80
68870
65
69070
83
69190
83
69400
65
69520
82
69641
69
69751
32
69981
76
70101
65
70231
32
70472
86
70552
69
70722
82
70963
68
71163
85
71644
82
71764
65
73566
190
73807
32
73927
16
74127
83
74327
67
74448
65
74578
76
75179
68
75299
65
75619
82
75739
69
75830
32
76060
73
76220
76
76430
32
76631
84
76711
85
76871
84
78393
84
78493
79
78694
32
78894
69
78974
32
79295
83
79455
69
79655
82
79865
86
80026
73
80266
82
80346
69
80486
32
80646
67
80777
79
80987
78
81187
32
81628
80
81748
79
82189
76
82329
69
82569
78
82810
84
82940
65
84452
190
87616
32
88287
16
88558
69
88868
32
89309
65
89389
78
89589
67
89709
72
89830
69
89920
32
90200
80
90280
69
90481
82
90611
32
90851
79
91132
71
91302
71
91462
73
91742
32
92544
69
92954
222
93235
32
93365
32
93605
70
93765
65
93855
84
94006
84
94206
65
94456
16
94727
49
95408
32
96970
16
97130
77
97330
79
97541
76
97981
84
98031
73
98272
32
98552
66
98672
65
98793
67
99073
73
99313
32
99524
69
99644
32
99924
65
00044
66
00205
66
00405
82
00525
65
00615
67
00735
67
01016
73
01216
79
01657
8
02017
188
02258
32
02658
65
02898
78
03039
78
03199
65
