27152
16
27482
82
27793
73
28093
69
28333
67
28494
67
28614
79
28814
77
28974
73
29175
16
29455
49
29916
32
30276
16
30787
16
30817
16
30847
16
30887
16
30917
16
30957
16
30987
16
30997
65
31318
67
31448
67
31728
73
32049
68
32249
69
32339
78
32539
84
32740
73
33100
188
33301
32
33541
83
33621
79
33781
78
33941
79
34262
32
34462
83
34592
84
34713
65
34833
84
34953
65
35113
32
35914
68
35994
65
36235
67
36806
8
37116
86
37276
86
37356
69
37557
82
37727
79
37977
32
38238
80
38358
79
38638
67
38839
79
39129
32
39409
68
39570
73
39810
76
40010
73
40291
71
40411
69
40531
78
40771
84
40851
69
41062
32
41422
85
41853
76
42133
84
42414
73
42694
77
43025
65
43305
77
43425
69
43505
78
43826
84
43946
69
44427
190
44627
190
44827
190
45108
32
45428
16
45829
73
47311
76
47591
32
48022
70
48302
65
48553
84
48683
84
48963
79
49284
32
49524
69
49724
222
49965
32
50125
32
50285
67
50405
72
50525
69
50696
32
51206
77
51377
73
51657
32
51897
83
51937
79
52108
78
52268
79
52508
32
52749
85
52989
78
53710
32
54391
66
54471
69
54631
76
54832
32
55072
80
55172
79
55452
222
55713
32
55933
32
56234
73
56444
78
56684
67
56854
65
57135
83
57375
73
57696
78
57856
65
58016
84
58297
65
62883
32
63334
67
63494
79
63704
78
63945
32
64385
77
64586
73
64786
76
64946
76
65066
69
65236
32
65397
67
65517
79
65637
83
65958
69
66118
32
66518
68
66598
65
66839
32
67119
70
67199
65
67410
82
67690
69
68601
188
68842
32
69402
83
69603
65
69783
73
70063
188
70274
32
70554
68
70674
73
70955
32
71155
81
71325
85
71526
69
72597
71
72717
76
72968
73
73228
32
73468
73
73749
78
74069
67
74269
65
74550
83
74750
73
75071
78
75201
65
75361
77
75441
69
75531
78
75772
84
76132
73
76393
32
76593
67
76673
72
76833
69
77033
32
78355
86
78516
65
78676
32
78876
65
78966
32
79357
70
79597
73
79767
78
79938
73
80218
82
80348
69
80478
32
80639
67
80799
72
80879
69
80999
32
81280
80
81360
79
81580
73
81860
32
82461
8
82662
8
82822
8
83022
8
83823
68
83983
69
84464
86
84624
73
84865
32
85145
70
85265
65
85355
82
85476
69
85606
32
86046
77
86247
73
86457
76
86617
76
86747
69
86828
32
87038
67
87118
79
87318
83
87559
69
87639
32
87839
69
87929
32
88169
78
88290
79
88460
78
88660
32
89221
78
89341
69
89461
32
89702
67
89832
79
90072
78
90353
67
90593
76
90793
85
91034
68
91314
73
91594
32
91955
78
92045
69
92285
83
92406
83
92526
85
92806
78
92886
65
93808
190
94048
32
94328
16
94609
86
94769
65
95250
32
95570
66
95690
69
95851
72
96331
190
96491
190
96692
190
98534
32
99966
16
00367
69
00647
32
00968
80
01088
79
01288
73
01569
32
01889
81
01979
85
02130
69
02300
83
02420
84
02710
79
03001
32
03381
87
03662
69
03792
69
04032
75
04152
69
04313
78
04553
68
04723
32
05084
69
05294
186
05795
8
06876
222
07117
32
07277
32
07497
83
07617
84
07738
65
07868
84
08379
79
08619
32
08859
85
09070
78
09280
32
09560
68
09690
73
09851
83
10051
67
10341
82
10462
69
10582
84
10862
79
11143
32
11343
83
11543
67
11583
72
11793
73
12194
70
12314
79
13356
16
13636
186
14037
32
14718
65
14918
32
15439
80
15559
65
15799
82
15879
84
16040
69
16280
32
17041
73
17251
76
17492
32
17662
16
17892
222
18183
32
18383
82
18543
73
18824
71
18944
85
19114
82
19394
71
19555
73
19755
84
19915
79
20276
32
20556
68
20656
73
20897
32
21097
68
21257
69
21417
77
21618
79
22018
67
22188
82
22429
65
22709
90
22839
73
23070
65
23230
32
24662
8
24982
16
25223
222
25503
32
25633
32
25914
70
26074
82
26234
65
26595
78
26875
67
26995
69
27156
83
27356
69
29118
32
30070
16
30310
57
30631
65
30791
32
31191
67
31322
72
31402
69
31532
32
31772
76
31972
73
32263
86
32383
69
32583
76
32744
76
32914
79
33194
32
33394
83
33515
73
33595
65
33755
78
34075
8
34316
77
34476
79
34716
32
34967
65
35127
82
35247
82
35488
73
35768
86
35888
65
35988
84
36299
73
36619
16
36900
186
37420
32
38542
83
38782
69
38983
78
39143
84
39303
73
39543
82
39864
83
40024
73
40304
32
40625
70
40745
69
40985
76
41186
73
41516
67
41757
73
42007
32
42287
80
42448
69
42698
82
42978
67
43098
72
43219
69
43619
186
44020
8
44260
222
44541
32
44701
32
45702
72
45822
65
45943
32
46183
86
46383
73
46543
66
46904
8
47184
78
47395
84
47515
79
47795
32
49788
67
49988
72
50229
73
50509
82
50669
65
50910
67
52913
37
53083
37
53253
37
53423
37
53594
37
53764
37
54004
16
54164
39
54885
16
55086
67
55847
35
56648
188
56848
32
57049
85
57249
78
57409
32
57689
85
57850
79
58060
77
58180
79
58420
32
58681
68
58761
73
59001
32
59202
68
59402
69
59562
83
59732
84
59853
82
60013
65
60734
16
61004
49
61525
48
64519
32
64800
80
64920
69
65130
82
65190
32
65431
73
65631
76
65831
32
66112
82
66232
69
66392
83
66552
84
66873
79
67153
32
67474
83
67724
69
67924
77
68205
66
68445
82
68605
65
68725
32
69006
73
69206
78
69486
86
69567
69
69767
82
70288
78
70488
79
71890
188
72090
32
72371
70
72491
65
72581
32
73172
70
73332
82
73532
69
73813
68
73973
68
74143
79
74434
32
75315
69
77428
188
77638
32
77919
68
78129
82
78339
65
78579
77
78750
77
78910
65
79070
32
79280
68
79481
69
79641
73
79881
32
80102
68
80422
82
80743
65
80913
77
81083
77
81243
73
81524
188
81764
32
82395
76
82605
65
82806
32
83086
16
83246
74
83366
85
83687
86
83807
69
83927
32
84288
72
84378
65
84538
32
84818
86
85029
73
85229
78
85509
84
85610
79
85850
32
86050
76
86251
79
86451
32
86691
83
86851
67
87172
85
87492
68
87653
69
87773
84
87943
84
88263
79
88664
16
89024
49
89265
49
89505
49
91388
8
91548
8
91869
32
92980
16
93261
67
93701
79
93902
78
94102
32
94302
73
94512
76
94753
32
94953
83
95033
79
95193
76
95394
73
95674
84
95794
79
96115
188
96335
32
96696
83
96976
70
97096
65
97226
67
97387
67
97587
73
97717
65
97837
84
98198
79
98438
188
98648
32
98889
73
99109
77
99269
77
99349
69
99550
82
99640
73
99870
84
00000
65
00120
84
00401
79
00681
32
01082
67
01282
85
01482
76
01683
79
01923
32
02123
67
02213
72
02334
69
02454
32
02854
76
03015
65
03175
32
03385
67
03545
79
03746
78
03986
84
04066
82
04266
65
04627
68
04787
68
04877
73
05068
83
05198
84
05478
73
05678
78
05959
71
06199
85
06440
69
08553
190
09193
32
12979
16
13149
86
13339
69
13510
82
13790
73
14030
32
14271
67
14351
79
14591
71
14792
76
14952
73
15072
79
15282
78
15483
73
15763
32
16003
81
16123
85
16254
69
16494
76
16654
75
16664
76
16784
73
17656
8
17826
8
17986
8
18547
76
18897
73
19458
32
19699
68
19859
69
19989
76
20149
76
20360
222
20600
32
20810
16
20960
73
21211
78
21451
84
21531
69
21691
82
22453
188
22653
32
22813
67
22933
79
23093
77
23304
85
23504
78
23784
81
23905
85
24065
69
24866
190
25417
32
27139
16
27460
65
28852
8
29022
16
29292
83
29623
79
29823
78
29983
79
30234
32
30554
82
30684
73
30805
85
30965
83
31165
67
31405
73
31606
84
31776
73
32016
32
32217
65
32387
32
32667
80
32868
82
33148
69
33428
78
33669
68
33869
69
34109
82
34510
83
34750
69
34951
76
35071
69
35231
32
35471
65
35712
86
35842
69
36012
78
36292
68
36453
79
36693
32
37094
73
37294
76
37534
32
37815
49
38055
48
38295
48
38776
16
39287
16
39327
16
39347
16
39387
16
39417
16
39457
16
39457
53
40258
32
40739
68
40899
69
41059
76
41179
76
41310
65
41470
32
41750
84
42031
73
42441
70
42561
79
42842
83
43042
69
43252
82
43363
73
43563
65
43723
32
44084
80
44244
82
44454
69
44654
83
44855
69
44935
78
45135
84
45215
69
45376
32
45656
65
45826
76
45946
76
46107
79
46347
32
46507
83
46627
84
46717
65
47158
68
47438
73
47559
79
47839
32
48720
68
49001
65
49201
76
49321
76
49441
65
49531
32
49762
76
49942
79
50222
82
50343
79
50583
32
50863
80
51024
65
51194
82
51284
84
51524
69
51845
16
52125
49
52966
32
56351
16
56672
73
57313
78
57713
32
58314
8
58514
8
58695
8
59055
16
59296
78
59456
79
59656
78
59856
32
60137
67
60337
222
60617
32
60778
69
60988
222
61268
32
61389
32
61829
68
63421
65
63782
86
63902
86
63982
69
64153
82
64313
79
64633
32
65715
80
65875
79
66356
8
66616
73
66816
85
67177
222
67497
32
67898
32
68539
71
68779
73
68869
85
69080
83
69240
84
69520
73
70432
90
70522
73
70682
65
70922
32
71163
65
71323
32
71523
81
71683
85
71804
69
72014
83
72134
84
72414
79
72665
32
72865
77
73035
79
73396
78
73786
68
74067
79
75108
190
75309
190
75509
190
76671
32
78744
16
78984
66
79184
65
79465
67
79625
73
79945
32
80346
16
80826
55
81147
32
81848
65
82088
66
82208
66
82649
82
82849
65
82970
67
83130
67
83330
73
83610
188
83831
32
83991
65
84111
78
84271
78
84432
65
