95114
16
95394
79
95675
71
95795
71
95965
73
96245
32
96526
72
96766
79
97006
32
97287
70
97407
65
97527
84
97687
84
97928
79
98208
32
98459
85
98699
78
98919
65
99140
32
99620
71
99861
82
00021
65
00301
78
01082
8
01283
8
01443
8
01683
8
02124
67
02244
65
02484
90
02645
90
02805
65
03015
84
03336
65
04047
16
04207
186
04487
32
04738
68
04898
79
05098
80
05218
79
05499
32
05699
65
05819
86
05949
69
06110
82
06430
32
06710
83
06911
67
07161
82
07361
73
07562
84
07682
84
07802
79
08082
32
08683
81
08773
85
08884
65
09124
83
09294
73
09575
32
09815
84
10015
85
10336
84
10496
84
10656
65
10937
32
11217
76
11698
8
11878
8
12038
8
12639
73
13080
8
13280
79
13520
32
13921
73
14081
76
14321
32
14482
77
14622
73
14782
79
15062
32
15343
77
15543
69
15783
83
15914
83
16114
65
16234
71
16394
71
16555
73
17356
78
17516
79
17836
32
18117
72
18277
79
18477
32
18718
83
18848
67
19088
72
19329
73
19569
65
20010
67
20130
67
20330
73
20410
65
20570
84
20821
79
21181
32
21822
16
21962
222
22223
32
22383
69
22583
83
22784
67
23104
16
23304
222
23825
32
24306
32
24586
16
24937
57
27110
77
27230
65
27480
76
27641
69
27841
68
28081
69
28402
84
28522
84
28682
79
28962
32
29283
86
29533
73
29774
16
29974
49
30735
16
30935
48
31336
32
31716
69
31997
32
32397
67
32578
79
32698
83
32828
73
33148
222
33409
32
33549
32
34030
72
34230
79
34470
32
34731
67
34891
65
35251
78
35732
67
35892
69
36093
76
36213
76
36333
65
36613
84
36864
79
37144
32
37425
84
37665
85
38416
84
38556
84
38837
79
39347
16
39678
49
40239
32
40479
16
40719
83
41080
80
41160
69
41330
82
41490
79
41771
32
41931
67
42091
72
42171
69
42332
32
42812
81
43013
85
43143
69
43343
83
43503
84
43824
79
44104
32
44465
78
44635
79
44825
78
45146
32
46347
8
46848
8
46888
8
46918
8
46948
8
46988
8
47018
8
47058
8
47088
8
47129
8
47159
8
47199
8
47229
8
47269
8
47299
8
47329
8
47369
8
47519
8
47699
8
47860
8
48100
8
48460
16
48701
69
48981
32
49182
67
49302
79
49432
83
49512
73
49953
222
50273
32
50433
32
51755
69
52236
67
52356
67
52516
79
53097
77
53267
73
53508
32
53828
81
53948
85
54269
65
54669
222
54950
32
55070
32
55240
67
55400
72
55521
69
55681
32
57163
8
57664
8
57704
8
57734
8
57944
8
58104
8
58545
32
58825
67
58905
72
59066
69
59146
32
59546
82
59717
73
59997
83
60197
67
60598
82
60798
73
61199
86
61329
79
61569
32
61830
84
61990
85
62150
84
62270
84
62390
79
62751
190
63112
32
63312
16
63552
65
63933
76
64043
76
64163
79
64564
82
64684
65
66126
188
66366
32
66567
67
66767
73
67728
67
68760
8
69100
8
69300
8
69861
68
70142
73
70422
67
70582
69
70672
86
71003
79
71363
188
71604
32
71804
67
71904
72
72064
69
72385
32
73216
79
73537
71
73667
71
73867
73
74117
32
74478
83
74598
73
74838
32
75199
80
75329
65
75529
82
75850
76
75970
65
76170
32
76451
68
76571
73
76891
32
77172
67
77332
73
77582
78
77823
71
77983
72
78183
73
78343
65
78684
76
78844
69
82279
190
82519
32
82760
16
82880
73
83080
76
83321
32
83561
80
83721
82
83861
73
84062
77
84242
79
84462
32
84723
80
84883
82
85003
79
85253
66
85494
76
85614
69
85894
77
86055
65
86295
32
87116
68
87316
69
87366
76
87597
32
87797
67
87997
73
88248
78
88448
71
88618
72
88818
73
88989
65
89109
76
89309
69
89520
32
91432
69
92033
222
92904
32
93665
32
98182
84
98302
82
98542
79
98823
86
98943
65
99063
82
99384
76
99584
79
99824
190
00075
32
00315
16
00435
73
00555
79
00796
32
01036
72
01196
79
01397
32
01637
84
01847
82
01927
79
02208
66
02688
8
02929
86
03089
65
03249
84
03530
79
03810
32
04371
85
04571
78
04731
32
05012
83
05132
73
05372
77
05623
80
05823
65
05953
84
06193
73
06554
67
06724
79
06925
32
07245
77
07365
65
07726
67
07856
69
08066
76
08186
76
08276
65
08397
73
08517
79
10630
32
11111
67
11271
72
11591
69
11912
188
12152
32
12402
83
12603
85
12883
32
13123
79
13324
82
13604
68
13724
73
13965
78
14125
65
14365
90
14455
73
14535
79
14696
78
14856
69
15056
188
15377
32
17450
84
17660
73
17880
32
18121
80
18241
82
18401
79
18842
67
19042
85
19282
82
19443
65
19683
32
21045
85
21245
78
21365
65
21455
32
21656
83
21856
80
22016
65
23008
76
23178
76
23418
65
24129
32
24410
79
24630
80
24780
80
24980
85
25231
82
25351
69
25511
32
25752
85
25992
78
26112
65
26242
32
26603
67
26763
79
26923
83
27244
67
27444
73
27564
65
27765
32
28045
68
28205
73
28496
32
28736
67
28856
73
29056
78
29297
71
29537
72
29737
73
29938
65
30058
76
30228
69
32742
190
33102
32
33623
16
34124
16
34154
16
34194
16
34214
80
34544
69
34745
82
34865
32
35105
73
35305
76
35506
32
35746
77
35866
73
36046
79
36287
32
36527
80
36647
82
36818
73
37068
77
37228
79
37428
32
37669
69
37869
83
38159
80
38240
69
38480
82
38600
73
38880
77
39011
69
39091
78
39261
84
39381
79
39622
188
39782
32
40032
73
40162
79
40403
32
40583
77
40703
73
40903
32
41144
83
41194
79
41384
78
41514
79
41795
32
42075
65
42235
67
42355
67
42636
79
42876
78
43117
84
43237
69
43367
78
43607
84
43687
65
43808
84
43888
65
44048
32
44298
68
44418
73
44619
32
44859
85
45059
78
45180
65
45270
32
45500
67
45790
79
46321
83
46562
67
47002
8
47202
8
47373
8
47573
8
48124
83
48334
80
48494
65
48855
76
49015
76
49135
65
52170
32
52410
16
52690
57
53211
52
53411
32
53572
67
53702
72
53862
73
54062
76
54343
73
55745
32
63406
8
63686
16
64007
49
64567
48
66370
37
68603
8
69525
32
69885
84
70045
79
70366
84
70486
65
70726
76
70967
73
71287
188
71497
32
71858
51
71978
32
72178
67
72299
72
72539
73
72759
76
72879
73
73200
32
73440
68
73630
73
73741
83
73941
79
74382
83
74542
83
74622
65
74742
84
74872
65
75113
16
75273
49
76264
39
77176
190
77496
32
82844
16
83084
76
83324
65
83565
32
84526
83
84807
80
84927
65
85447
76
85608
76
85768
65
85898
32
86138
69
86379
222
86619
32
86779
32
86940
83
87060
84
87140
65
87270
84
87390
65
87791
32
88592
83
88912
85
89233
68
89393
68
89633
73
90004
86
90204
73
90485
83
90685
65
90885
32
91136
73
91386
78
91666
32
91987
51
92327
32
92688
65
93048
82
93209
82
93329
79
93529
83
93890
84
94210
73
95862
32
96103
16
96263
57
96724
80
96884
69
97525
90
97645
90
97775
73
98006
32
98206
73
98376
78
98616
84
98696
69
98777
82
99057
73
99257
16
99618
48
00018
32
00739
51
01220
8
01501
69
01701
32
02141
50
02302
32
02542
83
02822
80
02993
69
03313
90
03473
90
03634
65
03754
84
03954
73
04194
78
04475
73
05406
188
05646
32
05857
67
05937
72
06067
69
06157
32
06388
83
06518
79
06688
78
06848
79
07089
32
07369
83
07449
84
07569
65
07659
84
07980
73
08340
32
09091
65
09412
67
09572
67
09782
85
10063
82
10303
65
11054
84
11265
65
11665
77
11795
69
11916
78
12156
84
12276
69
12556
32
14119
83
14399
85
14720
82
14970
71
15250
69
15721
76
15811
65
16051
84
16292
73
17013
190
17844
32
18525
16
19036
16
19066
16
19096
16
19136
16
19166
16
19206
16
19236
16
19276
16
19306
16
19346
16
19376
16
19416
16
19446
16
19476
16
19516
16
19546
16
19587
16
19617
16
19657
16
19687
16
19717
16
19757
16
19787
16
19827
16
19857
16
19867
67
20187
72
20388
69
20668
32
21309
78
21429
69
22150
222
22471
32
22631
32
24223
69
24313
222
24554
32
24714
32
24834
68
24994
69
25475
76
25715
32
26316
67
26516
73
27077
78
27398
71
27558
72
27768
73
27929
65
28219
76
28379
69
29331
32
29651
83
30252
85
30612
82
30893
71
31013
69
31454
76
31574
65
31784
84
32024
79
32265
32
32465
65
32545
32
33026
81
33116
85
33266
69
33466
83
33597
84
33877
79
34117
32
34438
80
34678
85
34879
78
35129
84
35289
79
35690
16
36050
191
36651
32
36931
16
37092
73
37372
76
37612
32
37893
83
38133
69
38374
71
38534
85
38734
73
38864
84
38984
79
39205
32
39565
68
39725
69
39846
76
40006
76
40126
65
40256
32
40457
83
40657
84
40937
79
41258
82
41348
73
41658
65
42740
32
43020
65
43221
76
43461
32
43701
80
43982
82
44142
79
44582
83
44743
83
44793
73
45043
77
45153
79
45394
32
45714
77
45874
69
46355
83
46475
83
46675
65
46766
71
46896
71
47096
73
47256
79
47457
16
47737
49
48618
32
48809
16
48969
80
49249
69
49419
82
49580
32
49860
79
50301
71
50461
71
50581
73
52374
32
53295
73
53656
32
53976
83
54096
79
54256
76
54417
73
54737
84
54837
73
55118
32
56990
66
57070
65
57231
67
57631
73
58012
188
58292
32
58533
83
58773
65
58933
76
59133
85
59454
84
59694
73
59975
188
60175
32
60415
65
60545
66
60706
66
60886
82
61046
65
61166
67
61297
67
61537
73
62849
188
63089
32
63450
69
63730
67
63930
67
64691
190
64892
190
65092
190
66374
32
66614
69
66895
67
67415
67
67736
190
67976
190
68257
190
70490
32
71051
65
71221
78
71391
78
71551
65
72463
13
