57386
16
57786
69
58267
67
58427
67
58628
79
58918
77
59158
73
59439
32
59719
81
59879
85
60090
73
60370
188
60611
32
60851
67
61011
79
61251
77
61382
69
61542
32
61862
80
61982
82
62183
79
62473
77
62663
69
62914
83
63074
83
63284
79
64005
190
64286
32
64566
16
64807
65
65247
76
65387
76
65548
79
65878
82
66158
65
66439
188
66639
32
66839
76
66960
65
67090
32
67330
83
67530
84
67851
79
68211
82
68532
73
68662
65
68902
32
69223
69
69383
222
69633
32
69754
32
70114
81
70274
85
70395
69
70605
83
70645
84
70885
65
72007
16
72428
186
72938
32
73539
76
73860
85
74160
78
74360
69
74561
68
74761
73
75121
222
75442
32
75632
32
76473
83
76634
69
76874
82
77034
65
77335
32
78506
67
78747
222
78987
32
79147
69
79347
82
79478
65
79758
78
79958
79
80199
32
80439
73
80679
78
80890
32
81130
80
81370
82
81531
79
81801
71
82041
82
82282
65
82482
77
82682
77
82812
65
83013
32
83533
73
83814
32
84014
16
84214
77
84425
79
84665
68
84825
69
85066
78
85226
65
85476
32
85637
16
85877
67
86157
73
86438
84
86558
89
86848
32
87049
16
87329
82
87569
65
87810
77
88380
66
88671
76
88831
69
89071
82
89352
83
90193
188
90473
32
90834
65
91004
76
91245
76
91405
65
92166
8
92376
8
92536
8
92817
8
93858
65
93979
76
94139
76
94229
65
94389
32
94910
82
95070
65
95511
83
95671
83
95881
69
96041
71
96332
78
96452
65
96572
32
96773
16
96973
67
97303
79
97664
76
98104
79
98425
78
98665
73
98946
65
99156
32
99336
16
99697
83
00097
79
00338
78
00538
79
00828
82
00999
65
01519
188
01720
32
01920
65
02090
32
02451
16
02651
67
02971
79
03152
76
03282
76
03362
69
03612
71
03733
78
03933
79
04213
190
29329
32
29500
16
29660
68
29860
69
30141
67
30381
73
30781
68
30882
73
31042
65
31132
77
31252
79
31512
32
31673
68
31793
73
32073
32
32324
65
32404
78
32644
68
32844
65
32854
82
33215
69
34056
32
34256
16
34497
57
35598
73
35799
79
36039
32
36880
8
37121
188
37331
32
37471
16
37631
68
37932
73
38172
69
38533
71
38753
79
39314
188
39554
32
39754
16
39915
77
40075
65
40285
82
40565
73
40726
65
40926
32
41086
16
41297
84
41497
69
41697
82
41937
69
42218
83
42428
65
42709
188
42949
32
44191
17
44361
37
44772
37
45092
16
45262
39
45943
84
46474
35
48677
16
48918
82
49238
79
49598
66
49719
69
49929
82
50099
84
50219
79
50480
32
50680
69
50810
32
51051
16
51251
80
51411
65
51571
79
51822
76
52102
79
53154
17
53284
37
53484
16
53614
39
53995
80
54686
35
55287
16
55607
48
57209
190
57460
32
58221
65
58421
80
58601
80
59022
8
59182
8
59342
8
59583
16
59863
65
60234
80
60394
80
60514
69
60835
78
60965
65
61085
32
61405
65
61686
82
61846
82
61976
73
62257
86
62377
73
62577
65
62667
77
62828
79
63088
32
63368
76
63529
65
63749
222
64029
188
64270
32
64540
67
64660
79
64900
77
65061
73
65261
78
65862
67
65992
73
66192
65
66393
32
66533
65
66663
32
66943
80
67074
73
67434
86
67564
69
67725
82
67925
69
68406
190
68806
32
69407
16
69687
67
69978
79
70178
83
70378
65
70468
32
70749
70
70919
69
71119
82
71600
69
72161
8
72371
8
72572
8
72852
65
73052
82
73182
69
73543
188
73833
32
74074
67
74194
79
74354
83
74554
65
74725
32
74905
78
75065
79
75346
32
75826
187
76267
8
76467
8
77188
78
77388
32
77649
70
77779
65
77949
82
78230
69
78430
188
78670
32
80733
68
80934
69
81184
67
81424
73
81785
68
81945
73
82065
65
82195
77
82326
79
82606
32
82826
68
82946
73
83197
32
83477
68
83687
65
83848
82
83968
69
84128
32
84409
85
84619
78
84779
32
85059
80
85100
79
85380
222
85630
32
85750
32
85871
68
85991
73
86191
32
86441
84
86562
69
86802
77
87002
80
87122
79
87333
32
87533
65
87583
76
87773
32
88454
67
88544
69
88785
76
88945
73
88945
79
89386
8
89526
8
90968
79
93131
8
93331
8
93492
8
93692
73
93982
69
94383
76
94543
79
95264
16
95504
186
95805
32
96105
67
96195
73
96436
32
96756
67
96876
79
97157
77
97397
80
97808
82
97888
73
98048
65
98168
77
98329
79
98619
32
98899
85
99140
78
99340
32
99620
80
99751
65
99951
78
00111
73
00392
78
00632
79
01874
32
02124
16
02294
57
03776
85
03987
78
04147
32
04387
80
04467
79
04728
222
05008
32
05128
32
05379
68
05499
73
05659
83
05859
67
06100
85
06390
84
06510
73
06751
66
06951
73
07171
76
07291
69
07612
16
07812
48
09264
32
09545
83
09745
65
09905
76
10186
83
10426
73
10756
67
10917
67
11037
73
11237
65
11407
32
11608
69
11848
32
17376
67
17616
82
17787
65
18427
85
19118
84
19559
73
31416
32
31626
69
31747
32
32107
67
32267
69
32388
32
32598
76
32768
79
32998
32
33239
77
33399
65
33559
78
33850
71
34090
73
34210
65
34651
77
34851
79
35091
32
35382
83
35582
69
35742
68
35903
85
36103
84
36273
73
36554
32
36754
73
36994
78
37234
32
37525
77
37645
65
37805
67
37966
67
38166
72
38376
73
38657
78
38857
65
42302
188
42782
32
43784
65
43874
76
44084
32
44455
82
44575
73
44825
80
44986
65
45126
82
45486
79
45727
32
46207
68
46408
65
46568
76
46738
76
46858
65
46938
32
47179
80
47349
73
48150
79
48431
71
48551
71
48751
73
48951
65
49432
190
49682
32
51064
16
51385
80
51545
79
51705
73
51946
32
52236
83
52476
77
52597
69
52777
84
52927
84
53007
69
53217
32
53398
68
53478
73
53718
32
53979
80
54099
73
54790
86
54870
69
54990
82
55190
69
55681
190
55921
32
56082
16
56202
67
56452
73
56652
32
56933
70
57013
65
57143
67
57263
67
57464
73
57544
65
57664
77
57834
79
58034
32
71824
67
72065
79
72355
82
72515
65
72635
71
72796
71
73036
73
73286
79
73527
32
75289
8
75610
188
75810
32
76010
65
76341
67
76701
81
76861
85
77062
73
77262
83
77502
84
77753
73
77993
65
78073
77
78233
79
78474
32
78724
73
78964
32
79205
66
79365
73
79605
71
79856
76
80016
73
80176
69
80336
84
80497
84
80707
73
81428
188
81959
8
82279
32
82560
69
82770
68
82940
32
83181
69
83381
78
83621
84
83711
82
83982
73
84112
65
84232
77
84392
79
91613
190
08247
32
08407
16
08567
78
08727
65
08978
84
09258
85
09899
65
10620
8
10981
82
11151
65
11471
76
11732
77
11852
69
11942
78
12182
84
12342
69
12663
188
12943
32
14866
83
15036
85
15277
66
15517
73
15968
84
16088
79
16288
32
16539
68
16699
79
16879
80
16959
79
17240
32
17440
65
17560
86
17730
69
17810
82
18091
32
18411
86
18531
65
18622
82
18862
67
18982
65
19102
84
19393
79
19643
32
19843
76
19963
65
20124
32
20334
83
20494
79
20855
72
21175
8
21375
71
21496
76
21626
73
21866
65
22988
32
23428
68
23589
69
23749
76
25001
76
25201
222
25481
32
26363
65
27004
82
27124
69
27454
65
27655
32
28976
67
29097
79
29377
78
29697
67
29788
69
29908
82
30148
84
30469
73
30789
190
30949
190
31119
190
31360
32
31680
73
31881
78
32081
73
32411
90
32532
73
32652
65
32822
32
33102
65
33223
32
33503
80
33623
73
34424
79
34795
86
34875
69
34995
82
35115
69
35356
16
35526
49
54243
32
54964
16
55284
69
55525
32
55845
80
56005
79
56186
73
56867
86
57027
69
57157
32
58198
8
58399
8
58579
8
58739
8
58950
8
59450
73
59570
79
59851
86
60101
69
60822
32
61703
80
61864
69
62024
82
62234
32
64998
80
65198
73
65399
85
65719
222
65960
32
66130
32
66290
68
66410
73
66631
32
66871
77
67001
69
67362
90
67482
90
68163
222
69775
32
70216
79
70576
82
70736
65
72279
32
72449
69
72569
32
72809
78
72980
79
73060
73
73340
32
73621
67
73821
69
73941
32
74231
78
74352
69
74472
32
74802
83
74963
84
75243
73
75363
65
75563
77
75704
79
75984
32
76314
83
76515
79
76725
84
76855
84
76975
79
77216
32
77496
85
77696
78
77907
32
78227
79
78508
84
78668
84
78748
73
78998
77
79159
79
79409
32
79659
80
79820
73
80100
78
80340
79
82063
188
82303
32
82513
65
82714
66
82874
66
82954
65
83154
83
83204
84
83365
65
83605
78
83805
90
83975
65
84096
32
84316
65
84476
76
84616
76
84797
222
85077
32
85157
65
85317
83
85518
67
85648
73
85808
85
86048
84
86169
84
86449
79
87821
188
88101
32
88352
77
88472
65
88562
32
88822
76
89023
79
89223
78
89423
84
89554
65
89714
78
89874
73
90114
32
90315
68
90525
65
90605
76
90805
32
91046
80
91186
65
91306
76
91727
67
91897
79
92498
190
93019
32
93339
16
93579
80
93750
79
93950
73
94911
188
95472
8
95752
32
95993
65
96113
86
96243
86
96403
73
96564
69
96684
78
96764
69
96894
32
97535
73
97735
76
97936
32
98096
77
98266
73
98546
82
98667
65
98987
67
99107
79
99237
76
99398
79
99638
32
99878
73
00119
78
00399
83
00960
80
01090
69
01330
82
01451
65
01551
84
01861
79
02072
16
02272
186
02512
32
03033
83
03233
77
03353
69
03564
84
03684
84
03804
69
03964
32
04084
68
04215
73
04455
32
04695
80
05016
73
05256
79
05617
86
05717
69
05877
82
05997
69
06398
16
06678
49
07079
32
07329
16
07559
69
07810
32
08010
67
08130
79
08260
83
08341
73
08661
222
08991
188
09192
32
09372
73
09532
78
09692
32
09933
77
10103
69
10544
90
10664
90
10794
79
11024
32
11585
65
11675
76
11916
32
12156
70
12236
65
12567
78
13047
71
13167
79
13488
188
13688
32
15491
88
15811
8
16022
90
16182
79
16582
77
16863
80
17063
69
17273
84
17394
84
17634
73
17794
65
17884
77
18014
79
18295
32
18495
83
18615
79
18976
84
19146
84
19226
79
19507
32
19707
73
19907
76
20117
32
20358
80
20478
65
20598
76
20798
67
20969
79
21259
32
21590
70
21680
73
21880
78
22000
79
22281
32
22481
65
22761
76
22932
76
23092
65
23452
32
24053
70
24173
73
24414
78
24504
69
24624
32
24864
68
25025
69
25155
76
25395
32
25675
67
25756
79
25996
78
26256
67
26336
69
26457
82
26697
84
27017
79
27378
190
27708
32
28149
16
28389
67
28600
72
28760
69
28850
32
29080
78
29251
79
29451
78
29631
32
29982
69
30102
222
30352
32
30512
32
30673
83
30843
84
30923
65
31083
84
31364
79
31684
32
32565
77
32816
65
32976
76
33176
69
33537
188
33747
32
34308
68
34468
79
34628
80
34749
79
35269
32
35590
84
35680
85
35880
84
36000
84
36161
79
36481
190
36771
32
37813
16
38173
83
38414
65
38574
76
38784
85
38985
84
39105
73
39365
32
39525
69
39696
32
39976
66
40096
65
40216
67
40427
73
40707
188
40947
32
41468
65
41678
78
41839
78
41999
65
