09513
16
09794
67
10034
73
10154
65
10324
79
10525
16
10795
49
11206
32
11606
69
12007
67
12177
67
12297
79
12538
77
12778
73
13058
32
13499
81
13589
85
13739
73
14020
32
14270
70
14390
73
14631
78
14761
65
14881
76
15171
77
15292
69
15372
78
15612
84
15732
69
16333
188
16573
32
16894
68
17134
79
17254
80
17385
79
17665
32
18536
81
18707
85
18827
65
18947
76
19187
67
19277
72
19428
69
19518
32
19958
71
20199
73
20399
79
20599
82
20800
78
20960
79
21200
32
21400
68
21531
73
21771
32
21931
83
22091
73
22292
76
22412
69
22622
78
22953
90
23073
73
23203
79
23443
188
23704
32
24895
80
25066
69
25226
82
25346
32
25586
76
25707
65
25827
32
26037
83
26197
69
26438
67
26558
79
26758
78
27038
68
27169
65
27369
32
28050
80
28330
85
28541
78
28821
84
28981
65
29111
84
29272
65
29472
32
30433
83
30634
85
30844
76
31094
32
31375
67
31615
73
32326
78
33167
71
33368
72
33568
73
34129
65
34449
76
34579
69
35290
190
36692
32
37163
16
37363
79
37884
82
38525
68
38735
85
39016
78
39416
81
39536
85
39897
69
41730
16
42240
16
42250
186
43753
32
44353
81
44514
85
44594
65
44874
78
45155
68
45315
79
45555
32
46837
83
46997
73
47238
32
47478
68
47638
69
47888
67
48049
73
48249
68
48409
69
48650
32
49731
68
50092
73
50492
32
50893
70
50973
65
51133
82
51253
69
51454
32
51754
73
51994
76
52275
32
64112
8
64953
32
65634
67
65914
73
66716
78
67116
71
67276
72
67477
73
67677
65
67837
76
68047
69
68208
188
68408
32
68809
66
69049
73
69329
83
69449
79
69690
71
69930
78
70050
65
70261
32
71733
83
72213
67
72494
79
72854
78
73215
71
73375
69
73656
76
73786
65
74066
82
74467
76
74747
79
75498
32
75749
69
76029
32
76660
77
76980
69
77261
84
77431
84
77511
69
77671
82
77992
76
78152
79
78392
32
78553
65
78683
32
79203
77
79284
65
79524
82
79764
73
80005
78
80165
65
80285
82
80415
69
80575
32
81897
78
82028
69
82148
76
82388
32
82709
86
82909
73
83109
78
83430
79
86033
32
86274
65
86394
76
86674
77
86754
69
86875
78
87085
79
87325
32
87926
49
88126
50
88247
32
88647
79
88927
82
89048
69
89168
32
89488
80
89729
82
89899
73
90139
77
90460
65
95046
186
95337
32
95807
81
95847
85
95978
73
96138
78
96378
68
96538
73
97380
32
97740
83
97940
69
98181
188
98381
32
98581
83
98942
85
99232
80
99393
80
99553
79
99803
78
99973
73
00134
65
00254
77
00454
79
01936
188
02177
32
03098
83
03218
73
03418
32
03579
68
03739
69
04139
67
04380
73
04500
68
04670
69
04770
32
05531
67
05611
72
05732
69
05822
32
06092
83
06453
73
06733
32
07704
86
08025
85
08225
79
08426
76
08546
69
08706
32
09036
77
09197
65
09317
78
09918
71
10118
73
10238
65
10398
82
10559
69
10719
32
11360
67
11760
73
12081
78
12481
71
12642
72
12892
73
13363
65
13573
76
13733
69
14014
32
15726
83
16006
65
16247
66
16327
65
16537
84
16778
79
17058
32
17499
83
17619
69
17859
84
17869
82
18500
8
18981
8
19431
82
19552
65
20923
188
21164
32
21645
86
21775
69
22135
78
22215
69
22416
82
22616
68
22776
73
23097
222
23387
32
23567
32
23808
77
23928
65
24409
84
24539
84
24659
73
24919
78
25039
65
25320
32
26512
66
26772
73
27052
83
27253
79
27493
71
27693
78
27813
65
27904
32
28364
84
28605
73
28885
82
28965
65
29125
84
29606
8
29766
82
29926
69
30107
32
30788
70
31108
85
31429
79
31789
82
31909
73
32140
32
32340
73
32500
76
32700
32
32941
67
33221
73
33622
78
34062
71
34223
72
34423
73
34864
65
35104
76
35194
69
35354
32
35595
68
35755
65
35885
76
36165
32
36526
70
36776
82
37057
69
37337
69
37778
90
38018
69
38228
82
38389
32
38549
69
38789
32
39670
86
39991
69
40992
78
41153
69
41593
82
41804
68
42004
73
42284
222
42585
32
42755
32
43506
83
43826
69
44117
82
44277
65
44517
32
45319
77
45479
69
45719
84
45879
84
46160
69
46320
82
46640
76
46901
79
47341
32
49505
78
49705
69
49945
76
50115
76
50236
65
50436
32
50716
77
50837
65
51077
82
51367
73
51618
78
51778
65
52098
82
52459
187
52459
8
53060
8
53260
8
54021
65
54382
84
54502
65
55543
190
56975
32
57186
16
57336
71
57586
73
57746
65
58027
222
58467
188
58668
32
58868
76
59028
65
59349
32
59829
77
59950
65
60240
82
60560
73
60841
78
61001
65
61482
84
61642
65
62123
190
62363
190
62603
190
63805
32
64086
16
64356
82
64807
73
65127
67
65247
69
65448
84
65608
84
65728
65
66249
32
66769
68
68562
73
68852
32
69093
66
69213
65
69413
83
69533
69
69814
32
69934
16
70174
57
70505
81
70745
85
70905
69
71066
76
71226
76
71396
65
71596
32
71917
67
72037
72
72157
69
72317
32
72558
80
72688
79
72928
73
73169
188
73409
32
73609
65
73729
76
73890
76
74020
65
74180
32
74380
70
74501
73
74741
78
74941
69
75151
188
75352
32
75552
65
75712
32
75953
77
76083
69
76203
32
76523
80
76724
73
76884
65
77014
67
77174
69
77295
32
77465
68
77625
73
77865
32
78546
80
78807
73
79087
85
79528
222
80529
16
80890
48
81320
186
81891
32
82762
86
82963
73
83173
78
83333
79
83534
32
83774
82
84174
79
84415
83
84575
83
84755
79
85036
32
85316
16
85596
57
86157
84
86318
73
86518
80
86638
79
86918
32
87439
66
87639
65
87930
82
88330
66
88451
69
88651
82
89051
65
90053
188
90293
32
90974
66
91094
65
92166
82
92296
79
92456
76
92617
79
92817
32
92977
83
93177
69
93298
32
94139
83
94299
73
94429
69
94589
84
94670
69
94850
32
95220
82
95501
73
95701
67
95861
67
96021
72
96232
73
96983
188
97193
32
97434
77
97514
65
97634
32
97914
82
98155
73
98415
67
98535
67
98655
72
98815
73
99056
32
99336
68
99456
65
99667
86
99837
86
99927
69
00087
82
00228
79
00468
16
00668
49
01069
48
03652
188
03853
32
06056
67
06256
65
06497
78
06657
78
06777
69
07017
76
07188
76
07348
65
07788
188
08069
32
09271
67
09591
72
09831
73
10032
79
10322
68
10562
73
10803
32
11323
68
11444
73
11724
32
12004
71
12175
65
12335
82
12655
79
13186
70
13306
65
13667
78
13867
79
14087
188
14328
32
15369
71
15570
73
15890
78
16100
69
16381
80
16581
82
16791
79
17192
188
17432
32
19425
65
19625
71
19866
76
20026
73
20156
79
21067
188
21278
32
23952
82
24192
79
24512
82
24953
8
25233
83
25594
77
25674
65
25965
82
26205
73
26445
78
26646
79
26886
188
27126
32
27727
83
27927
65
28488
76
28889
86
29139
73
29259
65
30060
188
30301
32
30581
65
30781
76
30942
76
31122
79
31402
82
31683
73
32043
8
32284
79
33445
188
33806
32
34487
16
34637
222
34927
32
35208
83
35408
79
35729
70
35849
70
36009
82
36209
73
36460
84
36580
84
36700
79
36940
32
37141
77
37301
73
37421
83
37631
84
37952
79
38312
16
38543
222
38873
32
38993
32
39394
16
39674
57
40115
67
40676
79
40996
69
41236
222
41637
32
42118
8
42318
8
42478
8
43079
73
43199
79
43520
69
43960
222
45162
32
45633
32
46394
67
46674
73
46915
80
47165
79
47375
76
47495
76
47736
65
48497
188
48697
32
48978
67
49108
65
49228
82
49829
79
50109
84
50229
65
50390
32
50510
69
50600
32
50800
83
51001
69
51281
68
51491
65
51692
78
51902
79
52182
32
52463
84
52553
82
52793
73
53274
84
53594
65
53875
84
54155
73
54476
32
54716
70
54836
73
55016
78
55257
73
55537
16
55848
48
58011
190
58251
32
74785
16
75065
77
75315
69
75516
84
75676
84
75796
69
75916
82
76037
69
76798
32
78680
76
78881
65
79081
32
79401
67
79532
65
79612
82
80052
78
80172
69
80453
32
82055
73
82255
78
82416
32
82776
85
83017
78
83177
65
83347
32
83668
67
83908
73
84108
79
84549
84
84669
79
84909
76
85070
65
85310
32
85550
67
85680
79
85921
78
86281
32
86562
84
86802
85
87002
84
87132
84
87253
73
87513
32
87854
81
87984
85
88104
69
88264
83
88384
84
88665
73
89145
32
89386
73
89556
78
89846
71
90197
82
90327
69
90607
68
90808
73
90928
69
91128
78
91369
84
91489
73
91709
32
91909
16
92310
57
92871
73
93071
76
93271
32
93552
86
93712
73
93912
78
94273
79
94553
32
94763
68
94934
69
95294
86
95374
69
95495
32
95855
67
96105
79
96386
80
96746
82
96947
73
97517
82
97718
69
97798
32
98038
76
98128
65
98248
32
98489
67
98569
65
98659
82
98970
78
99100
69
99380
16
99540
48
99821
32
00021
69
00141
32
00902
76
01063
65
01263
83
01463
67
01713
73
01874
65
01994
82
02154
69
02234
32
02475
73
02675
78
02885
32
03125
70
03286
82
03416
73
03706
71
03947
79
11618
190
12659
32
12940
16
13180
67
14031
79
14552
77
14672
69
14842
32
15243
67
15443
85
15643
79
15974
67
16064
69
16184
82
16575
76
16825
79
17146
16
17646
16
17686
16
17716
16
17747
16
17787
191
18578
32
19098
67
20300
8
20901
16
21222
65
21582
32
21943
68
22063
79
22303
77
22463
65
22593
78
22834
73
23194
16
23505
49
24226
32
24626
16
24827
73
25067
32
25307
83
25387
79
25548
76
25718
73
26078
84
26199
73
26599
32
26920
66
27040
65
27280
67
27440
73
27801
188
28041
32
29964
65
30966
78
31126
78
31446
65
