00074
16
00275
81
00715
85
00885
69
01076
83
01236
84
01436
65
01717
32
02358
69
04280
222
04641
32
06433
32
06714
76
06874
65
07114
32
07395
77
07565
73
07725
65
07926
32
08286
80
08526
82
08687
73
09047
77
09207
65
10289
32
13123
8
13634
8
13664
8
13694
8
13734
8
13764
8
13804
8
13834
8
13874
8
13904
8
13944
8
14215
8
14415
8
15016
73
15186
76
15386
32
15547
77
15707
73
15887
79
16127
32
16368
80
16528
82
16698
73
16979
77
17099
79
17339
32
17579
84
17620
69
17790
83
17910
84
18190
79
18431
32
18671
80
18761
69
18921
82
19042
32
19322
76
19562
222
19803
32
19933
69
20133
83
20414
80
20454
69
20704
82
20824
73
21105
77
21225
69
21345
78
21465
84
21595
79
22747
190
23027
32
24029
16
24469
69
25190
188
25351
32
25591
84
25711
65
25831
78
26032
84
26162
79
26402
32
26642
80
26763
69
26883
82
27083
32
27364
67
27484
79
27734
77
27894
73
28135
78
28415
67
28655
73
28816
65
28936
82
29056
69
29306
32
30097
65
30418
86
30658
82
30788
69
31029
73
31269
32
31509
85
31710
78
31870
65
31950
32
32150
68
32281
79
32521
77
32641
65
32761
78
33042
68
33362
65
36236
16
36747
16
36777
16
36797
186
37178
32
38219
71
38339
76
38540
73
38820
32
39020
65
39191
67
39311
67
39431
69
39711
78
40002
84
40162
73
40442
32
40703
69
40833
222
41113
32
41274
32
41514
77
41634
69
42035
71
42155
76
42315
73
42445
79
42766
32
43757
70
43887
65
44058
82
44488
76
44749
73
45349
32
45870
67
45990
79
46271
78
46471
32
46711
76
46932
222
47212
32
47492
65
47733
80
47973
73
48294
67
48414
69
48734
32
49756
79
49956
80
50116
80
50357
85
50647
82
50767
69
51108
32
52189
67
52269
79
52510
78
52710
32
53351
76
53431
69
53751
32
54112
86
54192
69
54362
82
54442
69
54683
32
55043
76
55204
69
55374
84
55494
84
55614
69
55734
82
55854
69
56105
32
56345
65
56465
67
56636
67
56716
69
56876
78
57156
65
57156
84
58438
8
58679
8
59370
84
59530
65
59650
82
60010
8
61893
84
62134
69
62534
16
63035
16
63065
16
63085
191
66700
32
66950
16
67181
73
67431
76
67671
32
67962
71
68202
85
68362
65
68523
73
68803
79
70245
32
70526
69
70726
222
70986
32
71146
32
71307
67
71397
72
71557
69
71677
32
71928
76
72048
65
72168
32
72368
77
72528
73
72649
65
72779
32
73139
84
73260
65
73460
83
73620
84
73860
73
74021
69
74261
82
74541
65
74712
32
74992
83
75112
73
75353
32
75553
70
75643
65
75763
32
76003
85
76194
78
76354
32
76594
80
76694
79
76935
222
77175
32
77315
32
77516
73
77756
32
77996
67
78127
65
78367
90
78487
90
78647
73
78888
32
79529
83
79619
85
80500
79
80670
73
82182
32
82343
16
82503
57
82863
65
83104
78
83584
90
83715
73
84506
188
84706
32
84916
77
85036
73
85197
69
85397
73
85677
16
85918
49
86398
48
87039
32
90034
8
90314
188
90474
32
90675
73
90835
78
91005
32
91205
80
91325
65
91486
82
91646
84
91926
73
92527
67
92768
79
92968
76
93138
65
93298
82
93499
69
94140
16
94640
16
94650
186
95171
32
95932
80
96132
69
96303
82
96553
32
97064
65
97304
86
97434
69
97554
82
97715
69
98035
32
00429
80
00599
69
00799
82
00889
32
01120
69
01370
83
01570
69
01971
77
02502
80
02742
73
02902
79
03463
32
03944
76
04064
65
04264
32
04555
69
04715
32
05075
67
05235
79
05446
78
05646
32
05856
76
06057
222
06307
32
06427
65
06587
67
06708
67
06838
69
06998
78
07168
84
07369
79
07659
32
09171
16
09371
57
10293
80
10533
65
11334
85
11655
83
11825
65
12296
16
12736
48
36310
37
36671
16
36901
186
37131
32
37642
72
37812
79
38063
32
38343
68
38583
79
38864
86
39084
85
39284
84
39525
79
39805
32
40126
82
40366
73
40967
83
41167
80
41287
79
41768
78
42209
68
42369
69
42529
82
42619
69
42779
32
42980
65
43100
76
43350
32
43631
84
43751
69
44031
76
44192
69
44953
70
45153
79
45393
78
45674
79
46054
190
46214
190
46415
190
47146
39
51252
32
51812
68
51973
69
52173
86
52373
79
52694
32
53855
66
54096
65
54336
82
54857
8
55187
84
55348
84
55468
69
55908
82
56109
69
57230
188
57390
32
57551
73
57721
78
57931
32
58091
83
58292
69
58692
81
58813
85
58933
65
59413
78
59734
90
59934
65
60215
188
60475
32
61436
69
61797
32
62037
69
62278
32
62598
65
62918
80
63139
73
63579
67
63780
69
63920
32
64240
82
64481
69
64931
84
65132
82
65332
79
65612
86
65692
69
65893
82
66173
83
66343
79
67195
32
70870
8
71230
186
71551
32
72272
80
72432
69
72592
82
72753
32
73113
65
73323
86
73444
69
73654
82
73734
69
73934
32
74255
73
74495
78
74775
86
74896
69
75136
67
75306
69
75587
32
78190
76
78431
222
78711
32
79222
65
79562
80
79763
73
80093
67
80253
73
80614
78
80934
79
82136
188
82416
32
83138
68
83338
69
83538
86
83698
79
83979
32
84459
66
84580
65
84750
82
85741
8
86142
84
86302
84
86472
69
86753
82
86873
69
87534
32
91259
37
91760
37
91800
37
91830
37
91870
37
91910
37
91940
37
91980
37
92010
37
92050
37
92080
37
92120
37
92150
37
92191
37
92221
37
92261
37
92291
37
92331
37
92361
37
92401
37
92441
37
92471
37
92511
37
92541
37
92581
37
92611
37
92651
37
92681
37
92721
37
92761
37
92791
37
92831
37
92861
37
92902
37
92932
37
92972
37
93002
37
93042
37
93082
37
93112
37
93152
37
93182
37
93222
37
93252
37
93292
37
93322
37
93362
37
93392
37
93432
37
93462
37
93502
37
93763
37
94264
37
94294
37
94334
37
94364
37
94404
37
94444
37
94474
37
95135
37
95345
37
95836
39
97308
8
97588
16
98099
16
98129
16
98159
16
98189
187
99882
39
00382
39
00412
39
00452
39
00482
39
00773
39
00943
39
01975
16
02175
17
02616
17
03587
46
03757
46
03887
46
04048
46
04218
46
04388
46
04548
46
04709
46
04869
46
05039
46
05590
8
06922
39
07422
39
07462
39
07493
39
07533
39
07893
35
13321
65
13521
80
13802
73
14122
67
14242
73
14493
78
14693
79
15134
32
15764
16
15965
187
16566
32
17247
66
17367
65
17567
82
17737
82
17857
65
17978
32
18178
83
19099
80
19300
65
19540
90
19710
73
19790
65
20071
84
20241
82
20561
73
21042
67
21132
69
25999
16
26199
186
26480
32
26760
67
26850
72
26971
69
27091
32
27411
80
27571
65
27692
76
27852
76
28022
69
28343
16
28653
49
30616
32
30896
16
31137
73
31417
78
31747
83
32028
79
32408
77
32609
77
32819
65
35212
188
35423
32
36354
73
36494
79
36735
32
37105
68
37225
73
37466
32
37666
83
37756
79
37916
76
38077
73
38357
84
38477
79
38757
32
39999
76
40119
69
40360
32
40720
77
40840
65
40961
73
41161
76
41401
32
41642
76
41772
69
41932
32
42172
83
42373
67
42613
82
42773
73
43454
86
43574
79
43855
32
44175
85
44456
83
44586
65
44866
78
45147
68
45327
79
45567
32
45928
71
46168
76
46288
73
46609
32
46809
65
47009
80
47210
73
47500
67
47620
73
47901
32
48161
65
48321
76
48522
32
48722
80
48802
79
49052
83
49213
84
49533
79
49773
32
49934
68
50104
69
50344
71
50474
76
50645
73
50945
32
51306
65
51586
67
51756
67
51836
69
52037
78
52197
84
52397
73
52718
32
53278
80
53399
69
53559
82
53679
32
53889
86
54049
73
54250
65
54370
32
54600
68
54720
73
54921
32
55161
85
55331
78
55502
32
55742
86
55862
69
56022
67
56142
67
56303
72
56483
73
56683
79
56924
32
57204
82
57324
69
57484
84
57645
65
57975
71
58095
71
58376
73
58626
79
60268
32
60589
80
60669
69
60829
82
60959
32
61120
67
61280
85
61440
73
62602
32
63353
69
63483
222
63763
32
63884
32
64124
77
64204
69
64565
71
64685
76
64845
73
65015
79
65296
32
66768
85
67248
83
67409
65
67569
82
67739
69
68410
32
68891
76
69131
222
69351
32
69522
65
69682
83
69922
67
70163
73
70463
73
70924
32
71565
78
71725
79
71925
78
72125
32
72366
69
72566
83
72726
84
72857
69
73217
83
73457
79
73708
188
73868
32
74078
67
74158
72
74279
69
74369
32
74639
67
74759
79
74889
83
75010
73
75370
222
75691
32
75811
32
76932
83
77133
73
77373
32
77734
69
77974
222
78254
32
78394
32
78875
83
79156
73
79396
67
79596
85
80117
82
80237
73
80518
32
81118
67
81209
72
81369
69
81649
32
83372
67
83612
72
83812
73
83932
85
84173
78
84774
81
84894
85
85054
69
85334
32
85775
69
86837
8
87958
76
88118
79
88339
32
88970
76
89140
69
89340
71
89510
71
89551
69
89731
32
90452
67
90732
79
90983
82
91143
82
91223
69
91583
84
91744
84
91904
65
92234
77
92355
69
92395
78
92635
84
92955
69
04983
37
05483
37
05523
37
05554
37
05594
37
05624
37
05664
37
05704
37
05734
37
05774
37
05804
37
05844
37
05874
37
05914
37
05954
37
05984
37
06024
37
06054
37
06094
37
06124
37
06164
37
06465
37
08748
35
09589
32
09830
16
09990
57
10310
81
10511
85
10631
69
10801
83
10921
84
11001
65
11242
32
11522
70
11642
82
11803
65
12053
83
12213
69
12373
32
13375
77
13495
73
13775
32
14056
83
14256
69
14536
77
14897
66
15147
82
15308
65
16469
32
17150
83
17270
67
17791
82
18112
73
18352
84
18472
84
18632
65
18753
32
18993
73
19113
78
19323
32
19524
85
19684
78
19844
32
20044
73
20285
84
20445
65
20615
76
20735
73
20896
65
21016
78
21216
79
21496
32
21817
85
22017
78
22217
32
22518
80
22618
79
22898
222
23399
32
24060
190
24220
190
24381
190
24581
32
25622
16
25823
222
26063
32
26303
80
26424
79
26664
80
26784
79
27034
76
27155
65
27355
82
27635
69
27956
16
28196
222
28837
49
29438
48
31371
190
31731
32
31972
16
32252
66
32532
69
32773
72
35006
188
35256
32
35847
76
35977
69
36097
32
36338
77
36458
73
36698
69
36859
32
37219
82
37319
73
37760
71
37960
72
38080
69
38241
32
39332
76
39482
69
39602
32
40013
72
40213
79
40454
32
40734
82
40864
73
41025
69
41225
77
41505
80
41706
73
41956
84
42086
69
42957
190
43208
32
43448
16
43718
65
44029
32
44309
80
44449
82
44650
69
44890
83
45211
84
45351
79
48706
190
48946
32
49126
16
49246
66
49407
65
49497
67
49727
73
53763
190
