10037
99
10177
105
10309
97
10724
32
11160
8
11381
111
11606
32
11751
99
11862
105
11974
97
12074
111
12202
32
12468
0
12624
68
12851
110
12999
105
13099
101
13227
108
13383
101
13750
44
13890
32
14087
99
14167
104
14291
101
14357
32
14483
116
14567
105
14687
32
14880
114
14992
97
15197
99
15357
99
15428
111
15647
110
15763
116
15842
111
15958
32
16313
111
16493
103
16650
103
16724
105
16996
0
17126
63
17366
32
21847
0
21986
83
22242
116
22337
111
22469
32
24087
99
24182
104
24323
105
24438
97
24595
99
24719
99
24803
104
24914
105
24993
101
25087
114
25211
97
25319
110
25431
100
25522
111
25662
32
25815
118
25907
105
26023
97
26462
32
26639
109
26771
97
26830
105
27008
108
27185
13
27385
99
27469
111
27678
110
27827
32
27967
105
28148
108
28276
32
28464
115
28556
105
28721
103
28792
110
28945
111
29069
114
29118
32
29253
0
29613
79
29820
108
30005
105
30133
118
30229
105
30357
101
30432
114
30525
32
30649
0
30812
77
31023
105
31171
99
31263
104
31371
101
31547
108
31753
44
31881
32
32025
100
32111
101
32205
108
32354
108
32482
97
32610
32
32841
0
33014
67
33302
121
33645
98
33822
101
33892
114
34123
98
34255
111
34371
116
34669
105
34830
99
34974
115
37526
46
37679
32
37810
0
38436
69
38683
0
38847
32
39056
117
39232
110
39336
97
39416
32
39519
100
39640
105
39740
116
39868
116
39984
97
40343
32
40665
115
40919
118
41063
105
41260
122
41400
122
41593
101
41766
114
41844
97
41954
13
42260
99
42388
104
42468
101
42534
32
42790
112
42906
114
43006
111
43138
100
43266
117
43382
99
43583
101
43649
32
43804
117
43984
110
44076
32
44179
115
44277
105
44453
109
44618
117
44823
108
44922
97
45097
116
45188
111
45373
114
45451
101
45622
32
46418
100
46497
105
46613
32
46713
114
46829
111
46945
98
47061
111
47153
116
47293
32
48667
99
48808
104
48883
101
48987
32
49159
115
49251
105
49371
32
49580
99
49704
104
49836
105
49985
97
50075
109
50266
97
50378
32
51223
119
51272
101
51531
98
51696
111
51820
116
52073
115
52189
46
52403
32
53251
0
53414
73
53608
111
53740
32
53909
104
54049
111
54153
32
54301
108
54442
97
54513
13
54666
118
54778
101
54853
114
55070
115
55116
105
55146
111
55379
110
55503
101
55587
32
55808
50
55936
46
56202
48
57847
46
58052
32
59018
0
59424
68
59598
105
59742
32
59964
119
60009
101
60175
98
60372
111
60529
116
60738
115
60890
32
68470
109
68630
105
68746
32
68891
105
69088
110
69268
116
69347
101
69469
114
69510
101
69733
115
69878
115
69969
97
70118
32
70946
108
71058
97
71170
32
71281
115
71414
105
71607
109
71783
117
71976
108
72066
97
72298
122
72381
105
72424
111
72651
110
73285
101
73425
32
73582
100
73644
105
73750
32
73898
117
74071
110
74644
32
74861
114
74993
111
75113
98
75245
111
75361
116
75502
13
75751
99
75851
104
75979
101
76045
32
76200
115
76250
105
76364
32
76492
99
76551
104
76692
105
76825
97
76895
109
77061
97
77133
32
77573
107
77721
104
77894
101
77993
112
78134
101
78351
114
78507
97
78684
46
78889
32
80911
105
81156
108
81268
32
81428
112
81540
114
81640
111
81772
98
81864
108
81960
101
82064
109
82171
97
82279
32
82513
101
82723
0
82866
32
83119
99
83267
104
83346
101
83436
32
83884
107
84145
104
84374
101
84474
112
84586
114
84677
101
85175
8
85311
97
85775
8
85924
8
86080
101
86325
114
86474
97
86663
32
87034
105
87206
110
87334
32
87400
113
87558
117
87624
101
87783
115
87850
116
88076
111
88216
32
88396
109
88557
111
88851
109
89105
101
89192
110
89349
116
89489
111
89710
13
89948
110
90112
111
90264
110
90356
32
90476
102
90584
117
90793
110
90905
122
91013
105
91088
111
91286
110
91479
97
91587
32
92132
103
92210
114
92530
97
92694
110
92843
99
92951
104
93059
101
93465
0
94187
0
94342
58
94500
32
94738
97
94833
32
94965
116
95048
114
95198
97
95379
116
95519
116
95582
105
95700
32
95901
115
95980
105
96108
32
96289
98
96401
108
96574
111
96750
99
96891
99
97019
97
97106
32
97255
116
97371
117
97478
116
97623
116
97747
111
97997
46
98525
32
00357
0
00516
83
00775
116
00903
111
02508
8
02673
8
02797
8
03091
0
03314
73
03529
111
03633
32
03805
104
03946
111
04045
32
04186
105
04375
110
04474
118
04590
101
04832
115
05081
116
05221
105
05366
116
05482
111
06075
13
06325
112
06457
97
06638
114
06712
101
06891
99
07031
99
07072
104
07222
105
07395
111
07572
32
08181
115
08362
117
08506
32
08744
113
08880
117
08964
101
09160
115
09272
116
09514
111
09662
32
09980
114
10117
111
10229
98
10348
111
10460
116
10601
116
10709
105
10889
110
11050
111
11850
44
11982
32
12231
99
12315
105
12455
32
12587
115
12841
116
12932
111
13049
32
13209
98
13337
97
13550
115
13657
97
13841
110
13940
100
14193
111
14346
32
14486
97
14586
108
14710
99
14830
117
15011
110
15102
101
15222
32
15371
114
15487
105
15667
99
15824
103
16304
8
16501
101
17086
114
17283
99
17456
104
17580
101
17850
44
18532
32
18761
113
18857
117
18890
105
19089
110
19172
100
19269
105
19523
13
19732
118
19812
111
19940
114
20088
114
20200
101
20308
105
20400
32
20584
99
20713
104
20792
101
20884
32
21081
102
21164
117
21365
110
21461
122
21577
105
21635
111
21825
110
21977
97
22170
115
22311
115
22479
101
22595
0
22815
33
23135
32
29150
0
29329
73
29580
108
29704
32
30063
115
30171
105
30339
103
30414
110
30556
111
30648
114
30748
32
30924
0
31039
77
31261
105
31418
99
31497
104
31622
101
31734
108
31850
32
32014
109
32195
105
32323
32
33013
8
33182
8
33326
8
33924
45
34234
105
34443
108
34623
32
34865
99
35074
114
35148
101
35279
97
35439
116
35596
111
35687
114
35774
101
35876
32
36109
100
36176
105
36293
32
36527
119
36643
101
36791
98
36988
111
37092
116
37329
115
37461
45
38184
13
38486
109
38663
105
38771
32
38976
115
39092
116
39200
97
39332
32
39541
100
39631
97
39709
110
39837
100
39925
111
40041
32
40181
117
40358
110
40490
97
40540
32
40698
109
40806
97
40901
110
41074
111
41186
32
41350
112
41442
101
41488
114
41573
32
41754
99
41862
97
42022
112
42231
105
42339
114
42686
101
42870
32
43003
99
43078
111
43332
115
43414
97
43544
32
43737
110
43881
111
44058
110
44170
32
44278
102
44386
117
44575
110
44707
122
44819
105
44868
111
45063
110
45227
97
56438
46
56627
32
57006
0
57963
71
58143
108
58335
105
58459
32
58600
105
58776
110
58900
118
58967
105
59077
101
59157
114
59256
111
59605
0
59763
32
60510
13
60788
112
60953
114
60998
101
61205
115
61394
116
61461
111
61589
32
62490
105
62687
108
62831
32
62955
115
63087
111
63195
102
63360
116
63654
119
63851
97
64072
114
64138
101
64272
32
64529
101
64674
32
66161
100
66285
101
66397
108
66554
108
66632
101
66778
32
66886
115
67010
112
67207
105
67287
101
67496
103
67579
97
67825
122
67888
105
67964
111
68146
110
68286
105
68410
32
68551
115
68646
117
68868
108
69000
108
69112
97
69207
32
69348
109
69448
97
69616
99
69748
99
69807
104
69933
105
70081
110
70217
97
70234
32
70400
99
70496
104
70604
101
70662
32
70788
104
70969
111
72963
32
73135
112
73259
101
73301
114
73520
99
73586
104
73712
101
74066
0
74776
8
74941
8
75089
8
75553
8
75782
13
76287
118
76403
101
76563
100
76645
101
76783
114
76833
101
76995
32
77192
115
77385
101
77525
32
78547
114
78679
105
78856
117
78964
115
79013
99
79099
105
79263
114
79371
97
79667
0
79805
32
79978
97
80094
32
80258
112
80455
111
80680
114
80869
116
81025
97
81206
114
81276
101
81374
32
81506
97
81602
32
81767
98
81891
117
82009
111
82240
110
82494
32
82719
116
82797
101
82932
114
83072
109
83237
105
83385
110
83582
101
83674
32
83830
105
84019
108
84167
32
84664
115
84792
117
84968
111
85092
32
85233
99
85316
111
85497
109
85641
112
85761
105
85910
116
85977
111
86089
32
86221
100
86301
105
86409
32
86565
105
87199
110
87428
118
87678
101
87859
45
88031
13
88188
115
88425
116
88517
105
88645
103
88712
97
89022
116
89142
111
89234
114
89308
101
89434
32
90068
100
90183
101
90299
108
90424
32
90621
98
90793
117
90901
103
91066
32
92145
97
92337
105
92522
117
92646
116
92737
97
92823
110
92963
100
93054
111
93357
109
93513
105
93613
32
93773
97
93857
32
93985
114
94085
105
94229
115
94300
111
94497
108
94613
118
94770
101
94869
114
94966
101
95159
32
95643
116
95784
117
96005
116
96145
116
96253
105
96417
32
96598
105
96807
32
97028
109
97197
105
97349
101
97465
105
97787
32
98235
112
98440
114
98540
111
98688
98
98804
108
98920
101
99032
109
99310
105
99794
46
