79034
105
79293
114
79295
101
79448
105
79608
32
80222
115
80374
105
80555
97
80655
109
80832
111
80952
32
81092
97
81200
110
81332
100
81561
97
81799
116
82028
105
82192
32
82304
97
82424
32
82577
0
82708
82
82806
111
82938
115
82993
105
83276
103
83408
110
83593
97
83749
110
83954
111
84273
44
84514
32
84832
97
84940
32
85469
8
85634
8
85745
100
85832
97
86658
105
86806
32
87254
109
87431
105
87583
101
87691
105
88074
46
88304
32
88759
0
89020
69
89195
114
89307
97
89395
32
89576
117
89765
110
89901
97
89934
32
90133
98
90297
101
90373
108
90522
108
90629
97
90923
32
91327
103
91402
105
91497
111
91558
114
91698
110
91822
97
91995
116
92091
97
93833
44
93982
32
94187
99
94254
111
94463
110
95045
13
95335
115
95475
111
95676
108
95857
101
95969
32
98561
101
98734
32
98943
97
99136
114
99276
105
99360
97
99508
32
99689
112
99833
114
99921
111
00328
102
00452
117
00645
109
00741
97
00962
116
01054
97
01129
32
01460
100
01576
105
01736
32
02026
102
02150
105
02232
111
02390
114
02506
105
02813
46
03090
32
04266
0
04437
65
04620
108
04744
32
04925
114
05028
105
05144
116
05277
111
05385
114
05525
110
05689
111
05813
32
05974
115
06053
105
06194
97
06269
109
06426
111
06538
32
06763
112
06919
97
07416
115
07548
115
07712
97
07857
116
08038
116
08494
8
09083
105
09187
32
09606
100
09787
97
09911
108
10670
32
10851
0
10941
67
11034
111
11239
109
11392
98
11467
105
11713
13
11889
0
12000
83
12215
116
12323
111
12476
99
12592
107
13922
44
14058
32
14380
115
14577
117
14839
108
14995
108
15156
97
15349
32
15509
115
15690
116
17702
97
17847
116
17975
97
18184
108
18450
101
18715
32
18985
112
19154
101
19220
114
19435
32
21760
0
21957
84
22070
111
22182
114
22282
105
22479
110
22652
111
22869
44
23025
32
23327
100
23419
111
23547
118
23704
101
23812
32
23944
97
24092
98
24245
98
24421
105
24602
97
24746
109
24911
111
25067
32
25228
102
25376
97
25521
116
25669
116
25833
111
25998
32
26231
97
26509
99
26726
113
26814
117
26896
105
27079
115
27333
116
27433
105
27723
46
28470
32
28638
0
28753
81
28919
117
28952
101
29132
115
29231
116
29307
97
29528
13
29818
118
29934
111
30131
108
30251
116
30444
97
30531
44
30692
32
30925
104
31118
111
31263
32
32026
102
32138
97
32311
116
32463
116
32547
111
32675
32
32847
112
33032
105
33193
117
33425
0
33593
32
33786
97
33959
99
34144
113
34202
117
34253
105
34428
115
34771
116
34902
105
35096
32
35280
105
35391
111
35570
32
35734
100
35899
105
36075
32
36511
0
36706
77
36832
97
37029
116
37153
116
37285
101
37462
46
37797
32
38576
0
40579
72
40774
111
40886
32
41087
112
41173
114
41233
101
41433
115
41512
111
42684
32
43302
117
43499
110
43655
97
43739
32
43940
103
44105
97
44747
8
45073
105
45289
99
45710
8
45842
97
46015
99
46155
99
46283
97
46690
32
47134
110
47238
101
47419
114
47522
97
47618
44
47924
13
48356
117
48553
110
48747
97
48812
32
49027
109
49164
97
49393
103
49505
108
49706
105
49781
101
49962
116
50094
116
50263
97
50468
32
51717
114
51849
111
51989
115
52182
97
52699
44
52815
32
53072
117
53305
110
53689
97
53837
32
54091
109
54207
97
54436
103
54519
108
54708
105
54804
101
54964
116
55093
116
55217
97
55349
32
56323
110
56447
101
56672
114
56837
97
57078
32
61962
8
62502
44
62654
32
63042
117
63234
110
63427
97
63493
32
63680
99
63764
105
63981
110
64114
116
64233
117
64357
114
64486
97
64711
32
64887
100
65020
105
65164
32
65426
112
65590
101
65682
108
65847
108
65983
101
67050
32
67290
115
67444
111
67608
116
67744
116
67905
105
68138
108
68274
101
68892
13
69097
99
69197
111
69434
110
69672
32
70039
116
70179
97
70323
110
70431
116
70596
105
70841
32
71362
102
71486
111
71610
114
71726
105
71919
32
73131
112
73255
101
73339
114
73432
32
73608
116
73728
117
73840
116
73985
116
74149
97
74215
32
74382
108
74535
97
74651
32
74827
108
75049
117
75262
110
75394
103
75502
104
75589
101
75815
122
75979
122
76124
97
76511
32
76691
0
76879
40
78546
110
78731
111
78908
110
79056
32
79172
97
79290
118
79420
101
79496
118
79713
111
79854
32
80168
99
80247
105
80448
110
80544
116
80692
117
80788
114
80874
101
81134
32
81311
105
81528
110
81656
32
81801
101
82459
102
82603
102
82731
101
82912
116
83052
116
83131
105
83321
0
83497
41
88098
46
88319
13
88556
0
88712
67
88806
111
88978
115
89304
0
89658
104
90038
8
90202
97
90318
108
90474
116
90565
114
90618
111
90856
0
90995
63
91181
32
91322
0
91493
77
91679
105
91779
32
92118
112
92258
97
92447
114
92541
101
92708
32
93803
110
94029
117
94266
108
94414
108
94530
97
94687
46
94839
32
95165
0
95341
77
95467
97
95700
116
95816
116
95960
101
96084
32
96241
104
96340
97
96424
32
96597
116
96638
114
96760
111
96888
118
96984
97
97177
116
97235
111
97345
32
97526
117
97718
110
98073
32
98545
103
98754
105
98788
111
99217
8
99354
8
99902
105
00111
117
00672
98
00817
98
00900
105
01097
110
01254
111
01358
32
01547
100
01642
105
01762
32
02097
113
02209
117
02296
101
03254
108
03395
108
03604
105
03914
13
04143
108
04271
101
04590
103
04705
103
04854
101
04962
114
05126
105
05275
115
05431
115
05519
105
05716
109
05872
105
05968
32
06096
99
06237
104
06328
101
06412
32
06738
115
06927
101
06998
109
07147
98
07263
114
07444
97
07560
110
07740
111
07917
32
08596
102
08674
97
08849
116
09009
116
09089
105
09229
32
09312
100
09425
105
09540
32
10207
99
10294
97
10467
114
10640
116
10768
97
12430
46
12619
32
12848
0
13043
76
13262
111
13406
32
13603
104
13731
97
13839
32
14004
105
14715
110
15373
100
15635
111
15734
115
15879
115
15995
97
16159
116
16381
111
16497
32
16698
103
16777
105
16873
97
17203
0
17367
32
17693
111
18105
103
18241
103
18337
105
18627
46
18965
13
20440
0
20768
66
20967
101
21127
104
21405
44
21586
32
23361
105
23603
108
23739
32
24118
116
24226
117
24317
116
24462
116
24582
111
24694
32
24899
99
24990
105
25135
32
25263
101
25547
0
25786
32
25967
32
26261
99
26887
111
27230
115
27487
116
27668
97
27824
116
29037
111
29169
32
29322
108
29490
97
29566
32
29916
109
30077
111
30217
100
30313
105
30647
99
30776
97
30892
32
31149
99
31241
105
31365
102
31497
114
31694
97
31830
32
32044
100
32143
105
32276
32
32465
101
32783
117
33053
114
33314
111
33596
32
35019
51
35338
54
36032
32
36468
0
36729
40
37093
99
37193
105
37338
114
37543
99
37683
97
37765
0
37874
41
38165
46
40790
13
41157
0
41352
76
41539
97
41700
32
41860
103
41944
105
42026
97
42177
99
42321
99
42449
97
42573
32
42981
8
43186
44
43314
32
43434
99
43538
104
43670
101
43859
32
44023
101
44271
0
44421
32
45217
108
45599
0
45779
111
46053
103
46193
103
46341
101
46482
116
46622
116
46702
111
46797
32
46930
112
47127
105
47303
117
47495
0
47667
32
47844
99
48001
111
48141
115
49192
116
49316
111
49477
116
49580
111
50178
8
50318
8
50543
115
50669
111
50672
112
51185
8
51714
44
51858
32
52043
99
52159
111
52396
115
52609
116
52701
97
52869
118
52961
97
53110
32
53448
49
53722
53
53870
32
54079
101
54341
117
54449
114
54614
111
54855
46
55740
32
56090
0
56475
80
56626
114
56713
97
56845
116
56949
105
57211
45
57424
13
57531
99
57620
97
57773
109
57848
101
57990
110
58065
116
58147
101
58246
32
58426
117
58615
110
58763
97
58797
32
58967
109
59198
117
59201
105
59285
115
60332
8
60496
8
60653
8
61108
105
61265
115
61441
101
61606
114
61714
105
61814
97
62092
46
63260
32
63780
0
63992
73
64268
108
64379
32
64593
112
64749
114
64865
111
64981
98
65097
108
65229
101
65370
109
65580
97
65583
32
66768
101
67413
0
67609
32
68029
99
68145
104
68241
101
68316
32
68841
100
68874
97
69020
32
69210
117
69370
111
69542
109
69707
111
69803
32
69959
115
70018
105
70131
32
70292
116
70366
114
70436
111
70556
118
70656
97
71193
32
71381
116
71530
97
71666
110
71766
116
72234
105
72479
115
72640
115
72707
105
72921
109
73087
111
73289
32
73443
13
75563
100
75612
97
75835
32
76105
100
76201
111
76394
110
76538
110
76650
97
76740
32
76895
109
77035
111
77224
108
77899
116
78075
111
78290
32
79052
109
79241
101
79316
110
79461
111
79698
46
79887
32
80051
0
80275
80
80437
101
80565
110
80678
115
80769
111
80877
32
81033
99
81182
104
81290
101
81344
32
81491
105
81700
108
81840
32
82522
115
82605
97
82698
98
82855
97
82967
116
83225
111
83409
32
83894
99
83985
105
84122
32
84270
115
84378
105
84474
97
84654
32
84944
108
85335
0
85482
97
85647
115
85816
115
86401
97
86651
108
87171
116
87251
111
87383
32
87458
118
87596
101
87687
114
87791
111
87903
32
88011
101
88111
32
88255
112
88329
114
88436
111
88592
112
88692
114
88812
105
88879
111
89102
46
