29630
67
29740
73
29900
65
29960
79
30070
32
30230
16
30340
68
30450
65
30560
78
30720
73
31000
69
31160
76
31380
69
31440
188
31600
32
31820
68
31930
79
32100
80
32260
79
32430
32
32540
65
32700
86
32810
69
32920
82
32980
69
33140
32
33250
69
33690
8
33800
65
33910
86
34240
85
34400
89
34840
8
35010
84
35120
79
35390
32
36000
85
36220
78
36330
32
36490
80
36550
79
36820
222
36990
32
37150
32
37700
68
37760
73
37920
32
38140
80
38250
82
38360
79
38630
66
38630
76
38690
69
38800
77
38960
73
39070
32
39240
67
39290
79
39510
78
39620
32
39950
16
40170
16
40230
16
40340
16
40340
78
40560
69
40780
84
41000
83
41050
67
41220
65
41650
80
41820
69
42640
188
42970
32
43300
68
43470
73
43630
13
43740
82
43800
69
43960
67
44070
69
44180
78
44240
84
44350
69
46760
8
46980
8
47200
8
47370
8
47590
8
47750
8
47920
8
48080
8
48250
8
48960
8
49290
13
50000
68
50110
73
50220
32
50330
82
50440
69
50550
67
50660
69
50830
78
50990
84
51050
69
51760
188
51930
32
53080
83
53300
84
53350
79
53460
32
53630
80
53790
82
53960
79
54070
86
54230
65
54400
78
54510
68
54620
79
54780
32
54950
65
55060
68
55170
32
55440
85
55610
83
55720
65
55880
82
55990
69
56100
32
56270
16
56430
79
56590
80
56700
69
56760
82
56920
65
57310
190
57530
32
58520
16
58740
80
58900
69
59010
78
59180
83
59230
79
59400
32
59510
68
59560
73
59670
32
59780
69
59950
83
60050
83
60270
69
60440
82
60490
69
60600
32
60770
76
60930
222
61100
32
61320
85
61540
78
61700
73
61760
67
61810
65
62250
13
62420
65
62580
32
62970
73
63190
78
63350
83
63520
69
63680
82
63840
73
63950
82
64120
69
64280
32
64450
73
64610
32
64890
68
65000
65
65220
84
65330
73
65440
32
65600
67
65710
79
65880
78
66100
32
66480
81
66650
85
66700
69
66870
83
66980
84
67200
79
67310
32
67690
66
67850
82
68020
79
68290
87
68460
83
68620
69
68790
82
68900
16
69060
49
69230
49
69500
32
71150
16
71370
69
71590
66
71700
66
71860
69
71970
78
72080
69
72300
188
72470
32
72580
83
72690
65
72910
73
73290
32
73950
81
74010
85
74120
65
74230
76
74500
222
74670
32
74770
69
74940
192
75050
32
76150
32
76310
76
76480
65
76640
13
77030
78
77190
79
77360
86
77410
73
77630
84
77740
65
77960
192
78070
32
78620
16
78840
191
79110
32
79390
16
79940
86
79940
65
79940
32
79990
65
80100
32
80210
67
80320
65
80540
80
80710
79
80870
32
81040
68
81090
65
81200
32
81480
83
81530
79
81750
76
81920
79
82030
32
82240
65
82630
76
82630
76
82630
65
82740
32
83510
70
83620
73
83780
78
83950
69
84000
32
84110
68
84280
69
84390
76
84550
76
84660
65
84720
32
84880
76
85050
73
85270
78
85380
69
85540
65
89440
188
89600
32
89710
83
89820
79
90040
76
90150
79
90320
32
90430
67
90590
71
90590
72
90650
69
91200
8
91360
8
91530
8
92080
72
92240
69
92410
32
92630
78
92740
79
92960
78
93450
13
94050
70
94160
73
94270
68
94330
65
94490
78
94660
68
94820
79
95040
77
95210
73
95370
32
96200
68
96310
73
96470
32
96640
81
96750
85
96850
69
97020
76
97130
76
97290
79
97400
32
97510
67
97680
72
97730
69
97840
32
98010
82
98060
73
98280
77
98390
65
98610
82
98720
82
98890
65
99270
192
99600
32
99770
32
00320
67
00430
79
00640
77
00810
85
00970
78
01140
81
01250
85
01360
69
01520
32
01740
78
01960
69
02180
76
02350
32
04380
70
04490
73
04710
76
04820
69
04870
32
05040
67
05150
72
05310
69
05530
32
05750
83
05810
65
05970
76
06080
86
06190
73
06910
188
07070
32
07240
76
07400
79
07570
13
08220
77
08330
65
08440
78
08610
68
08720
79
08880
32
09050
65
09100
32
09210
67
09380
65
09540
80
09710
79
09820
32
10040
77
10150
65
10200
78
10370
85
10530
65
10640
76
10860
77
11030
69
11080
78
11250
84
11300
69
11520
32
12340
83
12510
69
12560
77
12780
80
12840
82
12950
69
13000
32
13170
73
13220
79
13500
190
15800
32
18720
16
18880
81
19150
85
19210
69
19430
83
19540
84
19650
65
19700
32
20030
77
20200
65
20470
84
20580
84
20690
73
20860
78
21020
65
21190
32
21630
67
21790
222
21900
32
22070
69
22230
192
22290
32
22400
32
22720
83
22890
84
23000
65
23110
84
23930
79
24040
32
24150
73
24370
76
24650
13
24980
83
25030
79
25250
76
25420
73
25580
84
25640
79
25800
32
25910
67
26020
79
26190
78
26300
83
26400
73
26570
71
26620
76
26840
73
26900
79
27010
32
27170
68
27230
73
27450
32
27720
68
27780
73
28930
80
29040
65
29210
82
29370
84
29430
73
29650
77
29700
69
29870
78
29980
84
30030
79
30300
188
30410
32
30580
73
30740
69
30800
82
30910
73
31070
32
31350
83
31570
69
31730
82
31900
65
32010
32
32610
73
32830
78
32890
86
33050
69
33220
67
33440
69
33600
32
33820
72
34040
79
35080
32
35410
71
35520
73
35740
73
36180
8
37170
79
37280
67
37390
65
37610
84
37880
79
37990
32
38160
65
38380
32
38710
13
38930
16
39040
84
39150
79
39370
77
39640
66
39700
32
39860
16
39970
82
40140
65
40250
73
40690
68
40850
69
40910
82
41070
32
41670
16
41890
16
41950
16
42000
16
42110
16
42170
16
42220
73
42500
86
44590
190
44910
32
45190
16
45460
16
45520
16
45570
69
45790
192
45850
32
46070
32
46290
73
46560
76
46670
32
46840
83
47000
69
47220
67
47280
79
47500
78
47660
68
47770
79
47880
32
48160
71
48270
73
48380
82
48480
79
48650
32
49030
68
49140
73
49250
32
49420
81
49530
85
49640
69
49800
76
49910
32
50130
71
50190
73
50240
79
50410
67
50520
79
50680
32
50850
67
50960
72
51070
69
51120
32
51670
70
51780
65
52000
67
52110
67
52270
73
52330
79
52820
32
53040
69
53650
188
53870
67
53980
79
54750
77
54910
69
57270
13
57990
80
58150
69
58150
82
58260
32
58590
84
58650
85
58760
84
58920
84
58980
73
59090
32
59360
73
59470
32
59740
16
59960
84
60070
79
60350
77
60570
66
60680
32
60840
16
60950
82
61060
65
61230
73
61670
68
61720
69
62050
82
65460
13
66720
8
67270
32
69520
188
69630
32
69910
68
70020
69
70240
86
70290
79
70460
32
70670
68
70780
73
70950
82
71000
69
71110
32
71940
67
72050
72
72160
69
72210
32
72430
76
72540
65
72650
32
72870
83
72980
69
73200
67
73260
79
73480
78
73530
68
73640
65
73750
32
74300
86
74410
79
74630
76
74900
84
75070
65
75180
32
75340
69
75510
192
75730
32
76220
13
76550
77
76660
79
76880
76
77050
84
77100
79
77210
32
77380
77
77490
69
77760
71
77820
76
78030
73
78090
79
78250
32
78420
68
78530
69
78640
76
78800
76
78970
65
79130
32
79350
80
80400
82
80730
73
80950
77
81110
65
81280
190
84410
32
84900
16
85120
73
85450
69
85560
82
85670
73
86330
32
86930
71
87590
8
88250
72
88470
79
88640
32
88910
82
88970
69
89180
67
89290
85
89620
80
89730
69
89840
82
90010
65
90120
84
90280
79
90450
32
91160
73
91330
32
91550
81
91660
85
91770
65
91990
84
92100
84
92260
82
92430
79
92540
32
92920
84
92970
82
93140
73
93250
68
93360
69
93470
78
93580
84
93690
73
94730
32
94950
68
95010
73
95780
8
95940
8
96430
13
97040
68
97150
73
97260
32
98470
16
98630
80
98850
79
98960
83
99130
69
99240
73
99400
68
99510
79
99730
78
99900
69
01050
188
01160
32
01320
76
01540
73
01650
32
01870
72
02040
79
02200
32
02860
73
03140
78
03250
83
03410
69
03580
82
03740
73
03900
84
04010
73
05110
32
07310
78
07470
69
07580
76
07750
76
07860
65
07970
32
08130
81
08300
85
08570
65
08790
84
08960
84
09070
82
09180
79
09340
32
09620
83
09730
84
09840
65
09890
84
10220
85
10390
69
10610
32
12470
68
12640
69
12690
76
12860
76
12910
65
13080
32
13190
83
13350
85
13460
68
13570
68
13680
69
13900
84
14010
84
14230
65
14560
13
14890
68
14940
73
15110
86
15220
73
15440
78
15600
73
15710
84
15820
65
16540
192
16650
32
16870
32
17030
69
17200
32
17310
83
17360
79
17580
78
17750
79
17860
32
18080
80
18190
65
18350
83
18510
83
18680
65
18840
84
19010
65
19170
32
20000
65
20110
76
20330
32
20490
76
20710
73
20820
86
20990
69
21040
76
21210
76
21370
79
21540
32
21760
68
21870
69
21980
76
22090
76
22300
32
22690
8
22910
65
23070
32
23680
77
23840
73
23950
83
24170
84
24280
69
24390
82
24560
73
24670
79
24830
83
24940
65
25160
32
25820
66
25930
73
26040
66
26200
76
26370
73
26420
79
26480
84
26530
69
26750
67
26810
65
29010
190
