82674
105
82859
101
82926
114
83092
105
83256
32
83339
115
83522
101
83682
114
83806
97
83906
32
84054
104
84247
111
84508
32
84701
118
84817
105
84929
115
85110
116
85217
111
85349
32
85498
117
85674
110
85814
32
86116
102
86202
105
86401
108
86788
109
87050
32
88282
100
88357
105
88473
32
88569
97
88717
118
88862
118
88965
101
89081
110
89205
116
89419
117
89644
114
89841
97
89942
0
90075
58
90238
32
90394
105
90595
108
90702
32
90843
116
90888
114
91071
101
91247
100
91359
105
91503
99
91676
101
91856
115
91952
105
92153
109
92317
111
92619
32
93156
99
93223
97
93377
118
93460
97
93535
108
93713
105
93922
101
94095
114
94199
101
94403
46
94609
13
94805
0
94925
76
95071
97
95174
32
95315
115
95536
116
95733
111
95909
114
96017
105
96113
97
96273
32
97457
45
97755
105
97951
108
98083
32
98256
112
98400
114
98476
111
98656
116
98784
97
98937
103
99206
111
99427
108
99754
8
99950
110
00050
105
00198
115
00391
116
00483
97
00671
32
00876
101
01133
0
01908
32
04935
0
05074
66
05268
97
05538
110
05654
100
05818
101
05967
114
06107
97
06340
115
06512
32
06656
0
06803
65
06965
110
07146
116
07262
111
07483
110
07611
105
07780
111
07976
45
08602
32
10408
110
10549
97
10794
114
10934
114
11074
97
11206
32
11359
100
11466
105
11639
32
11844
117
12049
110
13746
32
18982
97
19114
109
19279
98
19435
97
19955
45
20148
13
20240
115
20322
99
20889
105
21155
97
21384
116
21564
111
21655
114
21785
101
22394
32
23150
97
23387
114
23535
97
23679
98
23957
111
24874
32
25147
0
25482
40
25851
0
25977
66
26164
97
26263
110
26330
100
26444
101
26600
114
26756
97
26929
115
27085
32
27274
97
27503
112
27652
112
27844
117
28041
110
28197
116
28309
111
28571
0
28766
41
29102
32
29768
99
29884
104
30008
101
30140
32
30280
115
30372
105
30500
32
30660
105
31314
109
31458
98
31570
97
31751
116
31875
116
32043
101
32127
32
32417
105
32630
110
32774
32
32926
117
33131
110
33304
32
33654
97
33863
99
34016
99
34160
97
34276
109
34469
112
34593
97
34830
109
34970
101
35078
110
35190
116
35285
111
35883
13
36532
118
36648
105
36829
99
37038
104
37186
105
37359
110
37487
103
37603
111
37872
46
39347
32
40284
0
40414
77
40658
101
40750
110
40866
116
40940
114
41098
101
41230
32
41338
101
41610
0
41772
32
42131
111
42307
115
42451
112
42672
105
42898
116
42988
101
43127
32
43210
100
44192
101
44373
105
44517
32
44868
98
45016
97
45132
114
45329
98
45457
97
45605
114
45705
105
45853
32
46078
118
46174
105
46350
99
46523
104
46680
105
46852
110
46984
103
49227
104
49376
105
49896
44
50032
32
50245
103
50329
105
50522
117
50730
110
50798
103
51011
101
51224
32
52209
117
52406
110
52550
97
52699
32
52851
110
52983
97
53200
118
53534
13
53691
99
53786
111
53983
110
54111
32
54276
97
54358
32
54549
98
54649
111
54789
114
54953
100
55008
111
55130
32
55351
117
55564
110
55696
32
55982
114
56097
97
56223
103
56323
97
56528
122
56688
122
56759
105
56973
110
57185
111
58607
0
58754
58
58916
32
59109
105
59318
108
59426
32
59578
102
59710
105
59859
103
59966
108
60163
105
60229
111
60407
32
60523
100
60676
101
60808
108
60980
32
61258
115
61370
111
61510
118
61650
114
61855
97
62064
110
62281
111
62514
32
63136
100
63268
105
63400
32
63577
117
63814
110
64059
32
64741
118
64878
105
65094
108
65239
108
65334
97
65539
103
65692
103
65774
105
65834
111
67266
32
67382
99
67518
104
67610
101
67851
13
68032
99
68172
104
68300
105
68424
101
68596
100
68703
101
68926
32
69151
108
69861
0
70037
97
70161
105
70354
117
70445
116
70602
111
70920
32
72553
8
72795
8
72832
8
72869
8
73622
8
73823
8
73979
8
74148
8
74797
97
74962
105
75150
117
75230
116
75386
111
75506
32
75703
112
75741
101
75784
114
75902
32
76402
115
76551
99
76674
111
76892
110
76950
102
77136
105
77220
103
77364
103
77537
101
77637
114
77728
101
77812
32
77956
117
78149
110
78269
32
78397
116
78446
101
78629
114
78761
114
78905
105
79009
98
79113
105
79305
108
79389
101
79574
32
80062
110
80206
101
80386
109
80535
105
80627
99
80763
111
80992
46
81148
32
82178
0
82428
86
82578
105
82799
110
82894
101
83055
32
83280
101
83599
8
83755
8
83903
101
84091
32
84620
8
84760
8
84969
32
85425
8
85605
8
85766
8
85898
101
86450
110
86562
101
86642
32
86770
105
86967
110
87079
116
87153
101
87287
114
87423
114
87612
111
87698
103
87763
97
87913
116
87999
97
88477
13
89006
117
89195
110
89585
0
89716
97
89877
110
89993
122
90181
105
90301
97
90478
110
90586
97
90661
32
90854
105
91059
110
91163
100
91263
111
91374
118
91482
105
91683
110
91807
97
91963
32
92104
101
92179
32
92408
113
92524
117
92599
101
92781
115
92856
116
92978
97
93093
32
95709
100
95784
105
95909
99
96012
101
96193
32
96341
99
96449
104
96545
101
96685
32
97234
100
97362
111
97453
118
97602
114
97782
97
97955
110
98132
110
98353
111
98562
32
98864
101
99048
115
99172
115
99349
101
99546
114
99587
101
99737
32
99881
105
00086
110
00149
118
00299
105
00390
97
00543
116
00671
105
01547
32
01732
116
01781
114
01964
101
02112
100
02200
105
02328
99
02411
105
02693
13
02955
99
03062
97
03255
118
03351
97
03491
108
03668
105
03832
101
04013
114
04185
105
04584
32
04745
109
04877
97
04944
32
05109
105
05302
108
05413
32
05521
116
05596
114
05758
101
05927
100
06055
105
06163
99
06319
101
06605
115
06693
105
07197
109
07369
111
07534
32
07719
110
07879
111
08068
110
08232
32
08534
100
08662
111
09256
118
09420
114
09593
97
09917
0
10066
32
10296
101
10501
115
10645
115
10825
101
11022
114
11096
101
11642
32
18428
118
18560
105
19331
99
19443
104
19595
105
19780
110
19936
103
20081
111
20310
46
21396
32
22912
0
23115
76
23555
0
23764
117
23944
110
24089
105
24205
99
24321
111
25067
13
25204
115
25417
116
25466
114
25657
97
25731
110
25865
105
25943
101
26066
114
26206
111
26346
32
26498
101
26824
0
26980
32
27674
0
28092
66
28298
97
28443
110
28559
100
28703
101
28799
114
29109
115
30159
8
30315
97
30340
115
30814
32
32313
99
32429
104
32513
101
32677
32
33339
110
33490
111
33624
110
33756
32
34195
112
34950
117
35131
111
35590
0
35754
32
35975
101
36155
115
36312
105
36565
109
36669
101
36846
114
37043
115
37093
105
37279
32
38002
100
38084
97
38238
108
38386
108
38671
0
38884
117
39076
110
39221
105
39555
114
39760
115
39819
105
39947
32
40892
97
41000
105
41165
32
41499
99
41562
97
41752
118
41840
97
41988
108
42169
105
42244
101
42315
114
42416
105
42641
44
42814
13
43096
112
43317
117
43522
114
43617
32
43840
110
44011
111
44159
110
44320
32
44353
101
44560
115
44700
115
44865
101
45058
110
45174
100
45281
111
45410
32
45558
117
45755
110
45883
32
46015
103
46159
117
46267
101
46399
114
46551
114
46614
105
46796
114
46903
101
47499
8
47643
8
47738
101
47883
114
48577
111
48822
46
48946
32
49058
0
49262
73
49491
110
49633
105
49862
122
49937
105
50085
97
50181
32
50508
113
50591
117
50632
105
50840
110
50967
100
51047
105
51219
32
51412
105
51617
108
51749
32
52160
118
52260
105
52334
97
52485
103
52629
103
52662
105
52730
111
52892
32
53040
100
53120
105
53228
32
53384
113
53490
117
53583
101
53760
115
53811
116
54037
111
54679
13
54835
97
55089
114
55209
97
55381
98
55582
111
55747
32
56295
110
56864
101
57247
108
57432
108
58155
101
59549
32
59786
101
59991
115
60082
111
60271
116
60355
105
60503
99
60603
104
60715
101
60875
32
62301
116
62442
101
62594
114
62734
114
62858
101
62998
32
63098
100
63231
101
63343
108
63490
32
63846
110
64015
111
64139
114
64344
100
65479
32
65639
99
65735
111
65928
112
65994
101
66075
114
66249
116
66331
101
66510
32
66723
100
66811
105
66935
32
67184
102
67296
105
67491
116
67633
116
67822
101
68080
32
68766
102
68947
111
69107
114
69185
101
69384
115
69500
116
69628
101
69716
32
69892
100
69972
105
70205
32
70430
112
70886
117
71257
8
71470
105
71658
110
71803
105
72024
13
72200
101
72381
100
72481
32
72702
117
72911
110
73120
97
73228
32
73404
98
73544
114
73717
117
73950
109
74123
97
74279
32
75245
112
75466
114
75792
8
76029
111
76133
114
76362
116
76547
97
76962
116
77028
114
77206
105
77338
99
77519
101
77631
32
77734
100
77892
101
77967
105
78076
32
78253
110
78320
101
78518
105
79734
8
80072
109
80249
105
80458
99
80598
105
80807
32
81028
0
81134
86
81321
101
81404
110
81516
100
81681
111
81805
114
82240
0
82387
58
82585
32
83280
117
83476
110
83681
97
83854
32
84091
116
84141
114
84315
105
84512
98
84636
117
85042
0
85246
32
86349
99
86431
97
86609
110
86754
110
86894
105
87042
98
87182
97
87290
108
87456
101
88049
46
