24708
0
24887
79
25073
103
25222
103
25370
105
25530
32
25719
115
25803
111
26000
110
26157
111
26280
32
26425
112
26573
114
26632
111
26813
112
26921
114
27041
105
27107
111
27290
32
27389
97
27567
114
27711
114
27819
97
27907
98
28047
98
28171
105
28299
97
28464
116
28563
97
28646
32
28772
112
28850
101
28915
114
29106
99
29155
104
29657
0
30736
8
31410
101
31865
0
32045
32
32207
117
32410
110
32547
32
32576
99
32657
97
32863
118
32951
111
33132
108
33304
111
33416
32
33617
100
33737
105
34213
32
34795
114
34836
101
35039
116
35098
101
35175
32
35355
110
35467
101
35595
117
35670
114
35808
97
35916
108
36040
101
36840
32
37069
109
37246
105
37475
13
37620
115
37841
116
37924
97
38036
32
38114
102
38208
97
38368
99
38504
101
38596
110
38688
100
38808
111
38940
32
39084
105
39277
109
39426
112
39537
97
39722
122
39867
122
40019
105
40253
114
40323
101
40538
46
40731
32
40863
0
41022
80
41160
101
41193
114
41307
32
41455
108
41529
97
41636
32
41727
118
41844
101
41936
114
42089
105
42160
116
42302
97
42594
0
42756
32
42880
115
43012
111
43213
110
43362
111
43486
32
43715
116
43797
114
43944
101
44072
32
44168
103
44891
105
44957
111
45261
110
45381
114
45715
8
45856
8
45984
114
46132
110
46374
111
46830
8
47132
105
47260
32
47489
99
47597
104
47701
101
47763
32
47942
109
48087
105
48235
32
48392
102
48475
97
49052
13
49403
105
49596
109
49740
112
49864
97
50073
122
50242
122
50309
105
50633
114
50723
101
50999
0
51142
58
51316
32
52675
111
52916
114
53040
97
53164
32
53276
115
53392
105
53508
32
53834
98
53934
108
54097
111
54182
99
54319
99
54447
97
54587
32
54711
115
54827
117
54967
32
55112
117
55301
110
55404
97
55500
32
55681
102
56003
115
56131
99
56284
97
56440
110
56593
102
57235
32
57448
46
57641
46
57801
46
58071
32
58240
109
58356
97
58455
32
58612
100
58700
105
58816
99
58960
111
59092
32
59265
105
59360
111
59599
44
59772
32
63121
113
63217
117
63337
101
63465
108
63625
108
63700
97
64275
32
64431
115
64677
116
64751
101
64934
115
65075
115
65348
97
65537
13
66491
102
66704
115
66806
99
67232
97
67466
110
68051
102
69106
32
69481
102
69621
117
73057
110
73950
122
74041
105
74129
111
74319
110
74472
97
74584
32
75056
115
75188
117
75377
32
75970
116
76114
117
76231
116
76367
116
76531
101
76623
32
76788
108
76871
101
76979
32
77098
97
77284
108
77384
116
77458
114
77629
101
77789
32
78229
109
78345
97
78518
99
78682
99
78749
104
78879
105
79039
110
79172
101
79250
32
79433
115
79516
117
79645
32
79854
99
80111
117
80185
105
80550
32
81418
103
81526
105
81650
114
81750
97
81894
32
82363
113
82499
117
82585
101
82748
115
82876
116
82946
97
83089
32
83577
13
83818
98
83959
101
84050
110
84191
101
84683
100
84795
101
84955
116
85100
116
85224
97
85518
32
86200
114
86266
101
86449
116
86523
101
86657
32
87032
110
87160
101
87357
117
87506
114
87678
97
87835
108
87959
101
88836
44
88992
32
89266
115
89504
111
89696
108
89869
111
90001
32
90384
115
90524
117
90649
32
91291
115
91340
97
91507
110
91618
100
91759
111
91952
107
92132
97
92223
110
92402
32
92785
110
92974
111
93167
110
93331
32
93787
118
93895
117
94108
111
94293
108
94461
101
94545
32
94726
102
94842
117
95039
110
95154
122
95283
105
95365
111
95587
110
95728
97
96014
114
96099
101
96238
46
96480
32
97644
0
97873
69
98006
13
98118
99
98263
111
98561
115
98643
97
98810
32
99031
102
99121
97
99317
32
99489
113
99613
117
99709
101
99898
115
99977
116
00110
97
00214
32
00767
102
00996
115
01082
99
01274
97
01414
110
01623
102
01791
0
01930
63
02149
32
02568
0
02707
65
03032
115
03168
115
03349
101
03537
103
03674
110
03773
97
03881
32
04090
117
04283
110
04416
32
04608
99
04968
8
05079
118
05179
97
05303
108
05484
111
05632
114
05719
101
05869
32
05972
97
06082
32
06226
117
06431
110
06547
97
06659
32
07172
118
07340
97
07476
114
07605
105
07687
97
07878
98
08012
111
08015
105
08961
8
09133
8
09565
105
09762
108
09898
101
09994
32
10174
105
10371
110
10487
116
10562
101
10704
114
11209
8
11329
97
11854
46
12204
8
12373
8
12857
114
12947
97
13130
46
13505
32
13662
0
13781
70
13858
111
14007
115
14147
115
14433
101
14541
13
14738
97
15007
108
15229
109
15353
101
15461
110
15653
111
15798
32
15975
117
16172
110
16296
32
16488
118
16641
101
16882
116
17023
116
17163
111
17287
114
17353
101
17407
32
17551
110
17740
111
17905
110
18053
32
18209
97
18350
108
18490
108
18695
111
18773
99
18854
97
19053
116
19136
111
19277
32
19449
111
19614
32
19663
99
19826
104
19925
101
20000
32
20251
115
20384
111
20512
32
20652
105
20743
111
20994
44
21183
32
21615
117
21791
110
21928
97
22052
32
22698
118
22822
97
22970
114
23099
105
23173
97
23364
98
23431
105
23637
108
23753
101
23795
32
23970
105
24163
110
24262
116
24329
101
24463
114
24624
97
24732
32
24884
101
25149
0
25302
32
25551
112
25732
114
25816
111
25992
112
26083
114
26185
105
26234
111
26623
13
27168
105
27365
108
27481
32
27605
99
27672
111
27919
108
28419
109
28527
111
28756
0
28919
33
29116
33
29533
32
31090
0
31269
69
31493
112
31649
112
31897
117
32193
114
32337
101
32486
32
32609
99
32694
111
32810
115
32922
105
33175
0
33339
32
33528
101
33841
0
34293
32
34453
101
34642
32
34839
105
34914
111
35060
32
35204
100
35377
101
35553
118
35673
111
35830
32
35998
99
36163
101
36303
114
36500
99
36592
97
36813
114
36896
101
36973
32
37219
100
37339
105
37483
32
37632
109
37748
101
37945
116
38073
116
38218
101
38329
114
38421
101
38545
32
38677
97
38809
32
39180
112
39385
111
39529
115
39771
116
39822
111
39927
32
40067
108
40167
101
40283
13
41006
99
41166
111
41299
115
41512
101
41664
46
41821
32
43288
0
45000
69
45171
32
45295
113
45403
117
45511
101
45700
115
45816
116
45956
101
46023
32
46209
101
46465
0
46619
32
46881
118
47046
101
47116
114
47250
97
47350
109
47450
101
47574
110
47673
116
47776
101
47959
32
48739
111
48992
100
49100
105
49257
111
49729
115
49893
111
50867
44
50991
32
51172
115
51288
111
51481
112
51588
114
51755
97
51911
116
52055
116
52183
117
52320
116
52468
116
52564
111
52676
32
52820
99
52977
111
53174
110
53322
32
53762
103
53865
105
53948
111
54078
114
54210
110
54306
97
54495
116
54587
101
55067
32
55280
100
55364
105
55617
13
55762
99
55902
105
55997
101
56138
108
56314
111
56430
32
56505
115
56684
101
56848
114
56932
101
57084
110
57253
111
57393
32
57509
105
57722
110
57866
32
57978
99
58123
117
58188
105
58411
32
58621
116
58769
117
58897
116
59053
116
59234
111
59447
32
60324
118
60448
111
60556
114
60709
114
60800
101
60997
115
61210
116
61298
105
61430
32
61587
116
61636
114
61827
97
61951
110
62111
110
62208
101
62319
32
62415
99
62575
104
62659
101
62767
32
62895
97
62995
110
63293
100
63389
97
63561
114
63644
101
63782
32
63926
97
64115
32
64693
114
64813
101
65018
103
65117
111
65306
108
65336
97
65526
114
65616
101
65978
32
66118
108
66234
101
66386
13
66935
112
67023
97
67285
116
67481
117
67585
114
68264
110
68424
105
68557
101
68668
32
68801
100
68896
105
69004
32
69173
117
69354
110
69478
97
69560
32
69698
114
69732
101
69922
116
69997
101
70083
32
70251
110
70379
101
70487
117
70565
114
70671
97
70800
108
70895
101
71068
46
71322
32
73404
0
73597
60
73603
77
73734
97
74141
104
74804
8
74993
8
75165
8
75306
8
75567
0
75726
77
75933
97
76105
104
76383
44
76535
32
79007
115
79123
112
79239
101
79403
114
79483
105
79599
97
79707
109
79851
111
79975
32
80078
100
80188
105
80304
32
80399
114
80690
105
80936
115
81092
111
81289
108
81478
118
81627
101
81702
114
81811
101
81881
32
82040
105
82241
110
82389
32
82489
102
82547
114
82742
101
82903
116
83055
116
83208
97
83380
46
83553
32
84203
13
84853
0
85163
67
85306
111
85523
109
86675
105
86876
110
87052
99
87184
105
87242
111
87481
32
87581
97
87762
32
88278
112
88427
114
88535
111
88651
118
88783
97
88972
114
89042
101
89122
32
89273
105
89478
108
89602
32
90074
100
90168
101
90360
115
90475
105
90802
100
90929
101
91063
114
91321
105
91386
111
91553
32
91677
100
91785
105
91897
32
92102
114
92262
105
92516
109
92891
117
93104
111
93297
118
93437
101
93565
114
93649
101
93745
32
94031
116
94099
117
94222
116
94370
116
94980
111
95226
32
95390
105
95620
108
95764
32
96228
115
96409
119
96565
32
96831
112
96947
101
96996
114
98709
8
98873
8
99127
8
00303
8
00601
44
00766
32
00922
97
01086
99
01231
99
01343
105
01430
100
01517
101
01667
110
01759
116
01908
105
