92523
117
92736
110
92909
32
93094
103
93239
105
93284
111
93427
114
93673
110
93862
111
93994
32
94142
97
94335
115
94486
115
94580
111
94769
108
94847
97
95099
116
95212
111
95324
32
95453
100
95544
101
95640
108
95756
32
95953
50
96158
48
96307
48
96423
51
96616
32
98506
117
98712
110
98812
32
99005
112
99137
114
99278
111
99412
103
99500
114
99724
97
99865
109
99981
109
00154
105
00878
115
01030
116
01155
97
01303
32
01557
114
01632
101
02127
103
02251
105
02334
115
02536
116
02628
97
03404
32
03670
100
03765
101
04248
99
04396
105
04603
100
05228
101
05632
0
05852
58
06433
32
06754
0
07208
0
07550
118
07650
111
07973
103
08093
108
08307
105
08370
111
08657
13
09815
102
09923
97
10067
114
10133
101
10320
32
11635
105
11853
108
11940
32
12089
112
12180
114
12298
111
12378
103
12464
114
12635
97
12693
109
12836
109
12964
97
13048
32
13147
100
13243
101
13320
108
13418
32
13530
115
13703
101
13896
99
13963
111
14152
108
14337
111
14514
0
14629
33
14810
33
14954
33
15070
33
15854
0
17183
32
20277
105
20498
108
20623
32
20880
112
21013
114
21129
111
21225
103
21270
114
21477
97
21527
109
21701
109
21826
97
21974
32
22057
99
22220
104
22295
101
22444
32
22527
115
22578
97
22740
114
22860
97
23175
0
23318
32
23564
114
23643
101
23803
97
23880
108
24059
105
24143
122
24303
122
24448
97
24703
116
24883
111
25032
32
32574
13
33148
110
33317
111
33493
110
33626
32
33884
108
34065
111
34173
32
34346
97
34523
118
34639
114
34747
97
35097
0
35285
32
35568
109
35716
97
35828
105
35977
32
37754
102
37816
97
38031
116
38163
116
38263
111
38392
32
38601
110
38709
101
38898
115
39026
115
39134
117
39348
110
39561
111
39710
32
39866
97
39999
108
40163
116
40242
114
40413
101
40610
116
40743
116
40895
97
41100
110
41208
116
41369
111
41509
32
41808
98
41953
101
42073
108
42217
108
42398
111
42623
32
42898
101
43119
32
43511
114
43623
105
43731
99
43887
99
44008
111
44120
32
44325
100
44433
105
44582
32
44763
105
44887
100
45093
101
45233
101
45430
46
45781
13
49924
0
50119
73
50371
108
50499
32
50757
100
51080
8
51237
99
51333
111
51543
110
51654
100
52058
116
52223
116
52655
8
52852
8
53029
8
53801
100
53970
117
54179
116
54324
116
54440
111
54536
114
54664
101
54804
32
54977
100
55110
111
55214
118
55338
114
55515
97
55869
0
56029
32
56190
101
56391
115
56516
115
56697
101
56862
114
56936
101
57043
32
57231
102
57307
97
57508
109
57673
111
57805
115
57917
111
58548
32
58854
101
58979
32
59233
98
59344
114
59517
105
59727
108
59887
108
60011
97
60176
110
60309
116
60407
101
62105
44
62261
32
62698
112
62891
111
63011
115
63168
115
63276
105
63434
98
63485
105
63706
108
63932
109
64101
101
64249
110
64884
116
64933
101
65035
32
65184
117
65373
110
65602
13
65734
98
65912
101
65957
108
66103
108
66384
0
66573
117
66734
111
66907
109
67047
111
67337
46
67603
13
68441
8
68994
32
72169
108
72796
101
72949
32
73211
115
73372
105
73593
103
73701
108
73813
101
73942
32
75172
100
75328
111
75760
118
75877
114
76090
97
76168
110
76315
110
76476
111
76616
32
76699
101
76866
115
77002
115
77155
101
77336
114
77385
101
77485
32
77672
105
77882
110
78030
110
78211
111
78347
118
78432
97
78604
116
78696
105
78836
118
79009
101
79105
32
81701
109
81797
97
81892
32
82081
97
82177
108
82350
32
82576
99
82653
111
82889
110
83192
109
84329
8
84700
116
84782
101
84856
109
85063
112
85218
111
86129
32
86358
99
86421
111
86636
110
86890
115
87050
101
87224
114
87526
118
87674
97
87855
114
87938
101
88028
13
88359
117
88536
110
88652
32
88918
99
89034
104
89130
101
89205
32
89496
100
89579
105
89687
32
91295
97
91739
110
92070
116
92214
105
92387
99
92528
111
92749
46
92914
32
97673
0
97852
73
98083
110
98191
32
98324
113
98440
117
98548
101
98721
115
98784
116
99031
111
99143
32
99308
112
99392
114
99565
111
99651
103
99735
114
99963
97
00033
109
00168
109
00345
97
00445
32
02834
115
02974
105
03098
32
03352
100
03468
111
03597
118
03704
114
03902
97
04018
110
04154
110
04319
111
04447
32
04547
99
04656
111
04849
110
04917
102
04992
114
05115
111
05292
110
05400
116
05637
97
05818
114
05917
101
06258
13
06480
100
06596
105
06740
118
06864
101
06956
114
07195
115
07311
105
07419
32
07827
116
07935
105
08181
112
08374
105
08486
32
09416
100
09534
105
09705
32
10567
112
10740
101
10789
114
11033
115
11162
111
11358
110
11450
101
12729
32
12992
46
13172
46
13337
46
13599
32
13970
113
14111
117
14235
97
14384
108
14569
105
14652
32
14919
116
15006
105
15220
112
15401
105
15654
0
15785
63
15968
32
16124
0
16239
66
16389
101
16485
104
17837
44
18014
32
18292
117
18692
8
19067
100
19159
105
19267
32
19395
116
19527
117
19619
116
19768
116
19843
111
19947
32
20096
117
20277
110
20369
32
20513
112
20579
111
21004
0
22263
46
22459
32
23804
0
23962
71
24080
101
24208
110
24304
116
24370
101
24501
13
24730
112
24821
114
24865
101
25088
115
25236
97
25348
32
25432
100
25541
97
25669
108
25818
108
25918
97
25998
32
26138
115
26356
116
26405
114
26604
97
26688
100
26808
97
27175
44
27328
32
27857
103
28010
101
28154
110
28781
116
28884
101
29561
32
31099
101
31223
109
31319
101
31493
114
31697
115
31862
97
31945
32
32091
100
32191
97
32336
108
32493
108
32576
97
32733
32
32862
118
32982
105
33123
116
33218
97
33346
32
33616
113
33720
117
33978
111
34135
116
34243
105
34436
100
34568
105
34653
97
34784
110
34896
97
35081
46
35518
32
42716
0
43437
79
43669
108
43732
116
43783
114
43970
101
44057
32
44182
97
44350
13
44475
99
44591
105
44640
111
44924
0
45112
32
45868
110
46090
111
46324
110
46468
32
46787
112
46980
111
47108
115
47277
115
47377
111
47607
110
47787
111
47891
32
48085
109
48168
97
48314
110
48466
99
48540
97
48731
114
48833
101
48878
32
49102
103
49177
108
49374
105
49490
32
49910
111
50051
115
50179
112
50401
105
50525
116
50649
105
52722
32
52976
112
53113
101
53170
114
53273
111
53497
0
53673
32
54121
112
54222
101
54279
114
54360
32
54590
110
54763
111
54944
110
55084
32
55938
99
56054
111
56251
109
56424
112
56576
105
56692
101
56853
114
56935
101
57062
32
57223
117
57416
110
57548
97
57770
32
58502
13
58663
115
58757
99
58908
101
58994
108
59088
116
59200
97
59308
32
59543
98
59654
97
59762
110
59863
97
60027
108
60143
101
60304
44
60444
32
60734
103
60838
108
61024
105
61115
32
61288
111
61380
115
61508
112
61710
105
61858
116
61966
105
62090
32
63300
100
63404
111
63513
118
63604
114
64008
97
64311
110
64459
110
64697
111
65044
32
65480
101
65693
115
65826
115
66011
101
66200
114
66262
101
66449
32
68668
100
68780
105
68893
118
69013
101
69095
114
69278
115
69382
105
69506
32
69601
100
69673
97
69856
32
69980
113
70105
117
70171
101
70342
108
70486
108
70667
105
70783
32
70867
99
71029
104
71105
101
71245
32
71685
118
71804
97
71914
110
72066
110
72247
111
72845
13
73091
97
73288
32
73907
116
74056
117
74135
116
74276
116
74368
105
74480
32
74677
105
74803
32
75035
112
75131
114
75279
111
75353
103
75430
114
75617
97
75782
109
75934
109
76164
105
76317
32
76517
0
76758
40
77005
105
77121
32
77327
99
77435
111
77567
115
77684
105
77792
100
77940
100
78084
101
78273
116
78410
116
78486
105
78870
112
78960
114
79012
101
79257
122
79409
122
79635
101
79759
109
79956
111
80137
108
80310
105
80491
110
80623
105
80849
0
81020
41
83087
0
83324
0
83363
0
83401
0
83440
0
83477
0
83515
0
83554
0
83593
0
83630
0
83668
0
83707
0
83746
0
83783
0
83822
0
84337
0
84516
0
84901
32
85078
0
85316
0
85354
0
85392
0
85432
0
85469
0
85507
0
85545
0
85584
0
85622
0
85660
0
85698
0
85737
0
85775
0
85813
0
85852
0
85890
0
86178
0
87361
46
87530
32
87707
0
87805
69
88009
99
88142
99
88216
111
88318
32
88555
113
88647
117
88747
105
88926
110
89050
100
89166
105
89412
32
89613
108
89697
97
90020
13
90306
115
90393
99
90553
101
90625
108
90776
116
90949
97
91417
0
91728
58
91903
32
92558
103
92694
108
92904
105
93020
32
93201
111
93309
115
93429
112
93655
105
93758
116
93891
105
94031
32
94160
99
94296
104
94363
101
94492
32
94989
112
95129
97
95886
114
96115
116
96195
101
96461
99
96561
105
96783
112
96886
101
97002
114
97167
97
97320
110
97460
110
97653
111
97790
32
97963
97
98071
108
98235
108
98708
97
98925
32
99512
110
99692
117
99906
111
00322
118
00418
97
00591
32
01201
116
01242
114
01429
97
01603
115
01775
109
01956
105
02133
115
02282
115
02360
105
02433
111
02656
110
02773
101
03245
32
03941
46
04114
46
04274
46
