61603
109
61747
97
61831
109
62004
109
62079
97
62183
32
62311
109
62471
105
62604
97
62748
44
62900
32
63077
108
63201
97
63284
32
63538
113
63650
117
63732
101
63907
115
63982
116
64236
111
64265
105
65487
8
65636
8
66067
105
66146
111
66312
110
66420
101
66528
32
66716
101
66905
100
67070
101
67222
108
67362
108
67454
101
67582
32
67722
118
67810
111
67922
116
68000
97
68244
122
68307
105
68334
111
68609
110
68770
105
68918
32
69050
101
69146
108
69254
101
69447
116
69603
116
69771
114
69883
111
70096
110
70220
105
70340
99
70440
104
70564
101
70672
32
70946
101
71182
0
71358
32
72753
117
72950
110
73090
111
73230
32
73277
115
73479
112
73559
97
73756
115
73888
115
73983
111
74209
46
74656
13
75808
0
75971
65
76137
100
76298
101
76483
115
76635
115
76694
111
76835
32
76947
115
77047
105
77163
97
77255
109
77399
111
77531
32
77647
105
77828
110
77940
32
78043
102
78077
97
78283
115
78464
101
78540
32
78672
99
78735
111
78917
115
79162
116
79242
105
79415
116
79465
117
79656
101
79800
110
79900
116
79966
101
81803
0
81930
58
82096
32
82236
115
82429
116
82525
105
82673
97
82753
109
82909
111
83065
32
83157
100
83251
101
83394
102
83457
105
83646
110
83762
101
83878
110
84026
100
84187
111
84343
32
84568
105
84757
108
84885
32
84980
114
85040
101
85210
103
85290
111
85471
108
85583
97
85711
109
85802
101
85914
110
86010
116
86130
111
87043
13
87232
100
87396
101
89041
108
89186
108
89634
101
89733
32
89910
118
89985
111
90134
116
90224
97
90431
122
90510
105
90561
111
90780
110
90945
105
91101
32
91273
101
91410
108
91558
101
91767
116
91923
116
92096
114
92220
111
92429
110
92553
105
92669
99
92777
104
92889
101
93017
32
93262
0
93457
43
93741
32
94010
105
94219
108
94331
32
94500
114
94566
101
94737
103
94803
111
94993
108
95117
97
95213
109
95325
101
95424
110
95508
116
95632
111
95756
32
95856
97
96029
116
96161
116
96252
117
96322
97
96513
116
96593
105
96725
118
96825
111
97062
46
97405
32
97731
0
97886
69
98116
0
98264
32
98368
100
98484
105
98551
118
98675
101
98771
114
98944
116
99027
101
99135
110
99211
116
99285
101
99427
13
99746
112
99837
101
99900
114
02107
99
02263
104
02379
101
02753
0
03379
32
03814
105
04003
108
04115
32
04255
110
04367
117
04555
109
04692
101
04725
114
04814
111
04942
32
05021
100
05167
101
05243
108
05403
108
05539
101
05696
32
06390
112
06498
101
06548
114
06791
115
06841
111
07048
110
07147
101
07255
32
07424
99
07548
104
07648
101
07768
32
08798
115
08877
111
09078
110
09239
111
09363
32
09669
111
09862
105
10038
110
10114
118
10226
111
10406
108
10494
116
10564
101
10670
32
11081
110
11213
101
11354
108
11498
108
11590
97
12114
32
12368
100
12458
101
12617
102
12712
105
12901
110
13033
105
13230
122
13293
105
13365
111
13531
110
13627
101
13820
13
13870
100
14000
101
14088
108
14220
32
14574
109
14771
101
14940
100
15149
101
15366
115
15445
105
15655
109
15811
111
15983
32
16605
115
16834
116
17055
97
17171
32
17396
99
17618
114
17738
101
18177
115
18239
99
18429
101
18519
110
18637
100
18834
111
18998
32
19317
118
19461
105
19527
101
19710
112
19850
112
20027
105
20179
117
20403
0
22436
46
22609
32
23218
0
23381
80
23576
114
23675
105
23892
109
24000
97
25107
8
25316
8
25489
8
25637
8
25786
8
26241
0
26420
72
26566
111
26698
32
26903
99
26954
111
27156
109
27325
105
27481
110
27605
99
27725
105
27817
97
27994
116
28056
111
28186
32
28318
105
28409
111
33794
44
33990
32
35769
99
35853
111
36033
109
36141
101
37090
32
37230
114
37391
97
37539
112
37688
112
37787
114
37862
101
37984
45
38156
13
38284
115
38449
101
38529
110
38644
116
38724
97
38913
110
39093
116
39238
101
39410
32
39542
100
39670
101
39754
108
39899
108
39984
97
40070
32
40211
112
40252
114
40316
101
40458
112
40627
111
40718
115
40879
116
40979
97
41090
32
41219
99
41298
111
41491
109
41607
109
41796
105
41940
115
42089
115
42147
105
42228
111
42410
110
42534
101
43390
46
43535
32
43723
0
43895
83
44049
105
44197
32
44443
101
44682
0
44832
32
44960
97
45197
103
45346
103
45462
105
45618
117
45799
110
45858
116
45987
111
46107
32
46251
0
46325
83
46512
101
46677
114
46857
103
46986
105
47012
111
47039
105
47719
8
49663
32
49799
101
49919
32
50067
100
50224
105
50404
32
50856
8
51021
8
51165
8
51358
97
51583
32
51998
114
52114
117
52315
111
52451
116
52600
97
52772
13
53632
0
53775
71
53926
101
54005
114
54070
109
54202
97
54294
110
54434
97
54558
32
54674
101
54774
32
54986
0
55020
70
55170
114
55339
110
55388
97
55550
99
55674
111
55924
46
56084
32
56940
0
57144
73
57314
101
57381
114
57478
105
57614
32
57771
97
57927
110
58071
99
58183
104
58267
101
58359
32
58523
0
58621
68
58812
97
58920
110
59064
105
59164
101
59288
108
59412
97
59508
32
60206
101
60491
0
60647
32
60856
105
61069
110
61145
116
61215
101
61317
114
61546
118
61678
101
61758
110
61906
117
62063
116
62170
97
62367
32
63604
99
63683
111
63876
110
63984
32
64149
97
64256
108
64417
99
64500
117
64710
110
64825
101
65354
32
65519
105
65707
110
65896
116
66053
101
66229
45
66418
13
66615
114
66685
101
66880
115
67012
115
67140
97
67264
110
67397
116
67525
105
67645
32
67842
111
68500
115
68640
115
69185
101
69313
114
69522
118
69654
97
69875
122
69934
105
70001
111
70212
110
70344
105
71066
46
71296
32
76646
0
76793
78
77004
97
77185
116
77293
117
77401
114
77565
97
77669
108
77870
109
77957
101
78073
110
78141
116
78374
101
80440
8
80682
8
80719
8
80756
8
80794
8
80832
8
80868
8
80905
8
80943
8
80981
8
81017
8
81055
8
81092
8
81699
32
81908
0
82067
65
82281
108
82547
99
83124
8
83847
116
83937
114
84076
105
84220
32
84437
112
84504
101
84579
114
84806
115
84899
111
85127
110
85267
97
85480
103
85620
103
85728
105
85873
32
85985
99
86097
111
86322
105
86523
110
86699
118
86811
111
87000
108
87075
116
87208
105
87332
32
87610
102
87686
105
87866
110
87978
32
88373
100
88631
108
89075
8
89227
97
89351
108
89515
108
90116
0
90288
105
90477
110
90673
105
90870
122
90945
105
91026
111
91928
13
92501
110
92666
111
92847
110
92946
32
93102
104
93218
97
93363
110
93491
110
93631
111
93747
32
93891
109
94019
97
94135
105
94267
32
94622
109
94762
111
94903
115
95039
115
95130
111
95250
32
95387
99
95453
111
95636
109
95784
109
95876
101
95984
110
96136
116
96183
105
96737
46
96994
32
98519
8
98695
8
99559
44
99703
32
99852
109
99968
97
00039
32
00191
110
00376
111
00518
110
00681
32
00756
102
00828
97
00970
114
01021
111
01265
0
01416
32
01527
105
01701
108
01813
32
01913
108
02093
111
02241
114
02305
111
02409
32
02565
110
02717
111
02846
109
02970
101
03081
46
03230
32
05352
0
05509
97
05600
108
05781
116
05899
111
05903
114
06851
8
07020
8
07261
8
07434
8
07590
8
07900
0
08088
65
08189
108
08378
116
08452
114
08498
111
08735
0
08857
58
09060
32
11081
111
11205
114
11289
97
11413
13
11893
105
12098
110
12258
118
12358
101
12551
120
13343
8
13491
99
13643
101
13889
32
14150
100
14217
105
14331
32
14455
99
14575
104
14719
105
14839
97
14983
109
15115
97
15373
114
15614
108
15787
111
15927
32
16168
0
16421
0
16654
114
16732
101
16919
103
17035
111
17195
108
17323
97
17411
109
17551
101
17621
110
17724
116
17831
111
18044
0
18333
0
19153
32
19382
108
19575
111
19703
32
19843
99
19910
104
20060
105
20184
97
20283
109
20460
105
20637
97
20793
110
21164
8
21389
109
21578
111
21791
32
22202
0
22475
0
22651
108
22840
105
23037
110
23250
101
23422
101
23611
32
24002
103
24086
117
24164
105
24315
100
24511
97
24749
32
24905
112
25013
101
25063
114
25225
32
25353
105
25619
108
25868
13
26567
114
26616
101
26831
103
26899
111
27091
108
27183
97
28003
109
28195
101
28319
110
28480
116
28741
111
29128
0
29535
0
29873
44
30005
32
30489
99
30726
104
30854
101
30924
32
31132
115
31345
117
31525
111
31710
110
31842
97
31930
32
32114
109
32271
111
32460
108
32592
116
32663
111
32832
32
33057
112
33509
105
33681
117
33990
0
34158
32
35613
97
35762
112
35886
101
35945
114
36139
116
36239
111
36371
32
36515
97
36631
108
36783
108
36863
97
36958
32
37095
100
37203
105
37396
115
37519
99
37774
117
37987
115
38131
115
38190
105
38257
111
38492
110
38600
101
41216
46
41437
32
42277
0
42485
73
42724
110
42844
32
42988
102
43068
111
43256
110
43327
100
43510
111
44046
13
44385
101
44783
0
44995
32
45645
100
45745
105
45894
118
46062
101
46137
114
46311
116
46427
101
46571
110
46728
116
46818
101
48360
59
48541
32
48827
102
48918
111
49034
114
49223
115
49404
101
49471
32
49611
108
49768
111
49896
32
49955
115
50250
97
50374
114
50470
97
50770
0
50920
32
51501
109
51649
101
51725
110
51905
111
52050
32
52154
105
52363
108
52479
32
52570
103
52702
105
52777
111
52861
114
52975
110
53132
111
53227
32
53343
100
53459
101
53545
108
53684
32
54148
99
54247
111
54452
110
54576
115
54741
105
54913
103
55029
108
55206
105
55277
111
55528
46
55769
32
56003
0
56222
86
56445
101
56618
100
56790
114
56864
101
56958
109
57107
111
57311
46
