26102
0
26314
84
26460
105
26608
32
26708
104
26857
111
26977
32
27117
103
27257
105
27349
97
27708
0
27879
32
28194
115
28399
99
28540
114
28652
105
28730
116
28868
116
28948
111
29060
32
29204
111
29365
103
29506
103
29605
105
29888
0
29994
63
30197
32
30353
0
30525
83
30655
105
30864
110
30964
99
31113
101
31192
114
31342
97
31437
109
31554
101
31654
110
31762
116
31838
101
31946
32
32107
110
32259
111
32420
110
32544
32
32689
109
32813
101
32925
32
33094
108
33270
111
33419
32
33794
114
33935
105
34026
99
34159
111
34262
114
34435
100
34555
111
34688
32
34838
109
34949
97
35028
32
35168
110
35318
111
35473
110
35606
32
36025
102
36095
97
36188
13
36452
110
36633
117
36855
108
36995
108
37200
97
37345
46
37509
32
45918
0
46090
79
46232
103
46388
103
46464
105
46600
32
46797
104
46970
111
47078
32
47271
102
47350
97
47532
116
47684
116
48007
111
48175
32
49660
117
49869
110
49969
32
50150
112
50212
111
50701
0
50878
32
51083
100
51150
105
51266
32
52063
100
52183
105
52469
115
52543
99
53091
117
53288
115
53444
115
53503
105
53546
111
53757
110
53902
105
54172
0
54310
58
54489
32
55265
100
55365
105
55538
115
55636
99
55763
117
55956
115
56117
115
56150
105
56213
111
56420
110
56585
105
56721
32
57230
100
57293
105
57439
32
57583
108
57732
97
58443
98
58555
111
58922
114
59038
97
59211
45
59449
13
59633
116
59729
111
59857
114
59933
105
61972
44
62153
32
62411
100
62511
105
62619
115
62721
99
62832
117
62997
115
63161
115
63257
105
63307
111
63587
110
64115
105
64244
32
64878
114
64960
101
65063
108
65161
97
65312
116
65391
105
65516
118
65632
101
65748
32
65864
97
65959
108
66088
32
66197
115
66304
111
66408
102
66572
116
66745
114
67072
8
67176
119
67401
97
67610
114
67709
101
69900
32
70089
101
70197
32
70354
97
70450
105
70537
32
70811
110
70980
117
71193
111
71326
118
71409
105
71530
32
71799
115
71976
101
72141
114
72322
118
72430
105
72595
122
72715
105
72835
32
73238
100
73304
97
74009
32
74376
114
74450
101
74585
110
74644
100
74744
101
74858
114
74932
101
75035
13
75305
112
75554
117
75723
98
75880
98
75943
108
76173
105
76669
99
76793
105
77039
109
77264
32
77658
8
80810
8
81169
44
81322
32
81632
100
81878
105
82087
115
82190
99
82349
117
82514
115
82662
115
82703
105
82771
111
82986
110
83135
105
83275
32
83942
114
83991
101
84121
108
84229
97
84410
116
84490
105
84634
118
84803
101
84873
32
90745
97
90918
32
91129
112
91260
114
91352
111
91549
103
91705
101
91829
116
91974
116
92074
105
92206
32
92355
101
92450
32
92623
112
92723
114
92839
111
92939
103
93039
101
93204
116
93320
116
93415
105
93612
110
93773
105
94444
44
94584
32
94822
100
94918
105
95014
115
95088
99
95172
117
95339
115
95471
115
95520
105
95601
111
95784
110
95924
105
96247
13
96695
114
96744
101
96862
108
96958
97
97131
116
97223
105
97326
118
97491
101
97575
32
98169
97
98410
100
98502
32
98659
97
98811
112
98956
112
99137
108
99350
105
99416
99
99473
97
99684
116
99771
105
99898
118
99975
105
00104
32
00292
99
00401
104
00509
101
00575
32
00828
109
00975
105
01184
115
01430
116
01692
101
01789
114
01997
105
02092
111
02214
115
02368
97
02531
109
02610
101
02740
110
02836
116
02938
101
03134
32
04145
102
04281
117
04478
110
04635
122
04731
105
04810
111
04972
110
05068
97
05164
110
05328
111
05448
32
05593
97
05675
32
05854
116
05920
114
06103
97
06264
116
06405
116
06521
105
06798
46
07481
13
07771
0
07918
67
08105
104
08237
105
08366
115
08518
115
08610
97
08902
0
09077
32
09239
115
09422
101
09497
32
09634
113
09701
117
09830
97
09954
108
10070
99
10196
117
10367
110
10495
97
10573
32
10744
100
10893
105
11005
32
11133
113
11241
117
11309
101
11468
115
11542
116
11667
101
11733
32
11888
100
11963
105
12069
115
12145
99
12259
117
12403
115
12544
115
12619
105
12687
111
12845
110
13055
105
13207
32
13461
112
13682
111
13859
114
14004
116
14290
101
14410
114
14534
97
14872
0
15056
32
15654
97
15750
32
15907
117
16092
110
16208
32
16437
113
16541
117
16661
97
16793
108
16899
99
17034
104
17117
101
17780
13
17937
114
18077
105
18225
115
18350
117
18559
108
18626
116
18711
97
18827
116
18922
111
19048
32
19273
112
19462
111
19566
115
19662
105
20033
116
20158
105
20282
118
20379
111
20615
0
20725
63
20912
32
21080
0
21292
76
21499
111
21648
32
21800
115
21928
112
22028
101
22205
114
22273
111
22385
32
22598
112
22734
114
22850
111
23112
112
23261
114
23377
105
23442
111
23936
0
24380
33
24509
32
25637
86
26172
111
26304
114
26449
114
26577
101
26669
105
26764
32
27322
98
27503
101
27574
110
27703
32
27847
118
27983
101
28302
100
28418
101
28534
114
28629
101
28759
32
28871
99
29024
104
29110
101
29293
32
29911
102
30056
111
30184
115
30320
115
30525
101
30690
13
31470
116
31595
117
31678
116
31807
116
31927
111
32043
32
32312
116
32441
101
32557
109
32713
112
32838
111
32986
32
33345
112
33469
101
33511
114
33790
115
33870
111
33982
32
34236
46
34413
46
34561
46
34754
32
38430
109
38611
97
38759
104
39053
46
39226
32
42221
0
42400
73
42644
110
42752
32
42924
113
43008
117
43124
101
43305
115
43364
116
43587
111
43728
32
43864
105
43980
115
44209
116
44321
97
44429
110
44519
116
44618
101
44725
32
45035
115
45261
116
45352
111
45472
32
46228
97
46718
115
46769
99
46909
111
47110
108
47185
116
47290
97
47414
110
47555
100
47655
111
48048
32
48251
108
48412
97
48941
13
49122
115
49234
105
49399
103
49563
108
49679
97
49765
32
50167
100
50300
101
50387
108
50512
32
50553
99
50687
97
50815
114
50992
116
51075
111
51266
110
51361
101
51438
32
51602
97
51771
110
51931
105
52124
109
52252
97
52494
116
52634
111
52763
32
55300
0
55459
82
55593
111
55709
98
55829
111
55966
116
56353
101
56570
99
56682
104
58005
44
58117
32
58298
116
58398
105
58526
116
58618
111
58795
108
58943
111
59064
32
59200
105
59421
116
59505
97
59584
108
59774
105
59858
97
59994
110
60155
111
60311
32
62100
109
62261
111
62425
108
62562
116
62653
111
62863
32
63351
100
63540
105
63640
118
63805
101
64018
114
64231
115
64355
111
64710
13
65126
100
65212
97
65331
108
65475
108
65785
0
66103
111
66275
114
66376
105
66483
103
66575
105
66758
110
66848
97
66960
108
67118
101
67182
32
67341
0
67512
77
67630
97
67823
99
68028
114
68116
111
68277
115
68421
115
68529
46
70524
32
70770
0
70929
65
71031
32
71204
118
71263
111
71457
108
71524
116
71597
101
71681
32
71838
109
71994
105
72094
32
72210
100
72290
111
72495
109
72579
97
72703
110
72778
100
72888
111
73015
32
73171
112
73249
101
73277
114
73498
99
73547
104
73668
101
74023
0
74215
32
74671
110
74789
101
74924
108
75068
108
75200
101
75288
32
75501
116
75589
114
75759
97
75883
100
76023
117
76200
122
76267
105
76298
111
76526
110
76682
105
77130
13
77457
99
77565
97
77673
109
77854
98
77937
105
78029
97
78174
110
78328
111
78438
32
78591
99
78658
111
78859
109
79008
112
79144
108
79194
101
79344
116
79448
97
79835
109
79935
101
80051
110
80155
116
80241
101
80331
32
80512
105
80689
32
81159
110
81322
111
81495
109
81669
105
82517
46
82762
32
83850
0
84190
73
84447
110
84598
32
84770
102
84834
111
85048
110
85131
100
85259
111
85457
44
85573
32
85788
102
85947
114
86140
97
86214
32
86348
0
86463
77
86580
97
86803
99
86980
114
87076
111
87216
115
87365
115
87671
32
87880
101
88053
32
88250
0
88579
82
88688
111
88926
98
89058
111
89166
116
89359
101
89584
99
89676
104
90741
13
90898
99
91062
104
91137
101
91238
32
91387
100
91531
105
91627
102
91770
102
91879
101
91979
114
92070
101
92172
110
92450
122
92566
97
92682
32
92843
99
93257
0
93348
101
93700
0
94269
0
94630
63
94820
32
95042
0
95518
67
95649
111
95837
109
95941
101
96000
32
96142
110
96364
111
96532
109
96673
105
96817
32
97026
117
97272
110
97770
8
97941
8
98794
108
99092
0
99349
117
99546
110
99699
111
99807
32
00060
118
00201
97
00280
108
00414
101
00534
32
00690
108
00992
0
01277
97
01406
108
01570
116
01620
114
01771
111
04506
46
04703
32
04904
0
05118
77
05323
105
05455
115
05689
116
06428
111
07299
8
07835
101
07992
114
08103
105
08252
115
08400
115
08475
105
08670
109
08851
111
09121
46
