06514
99
06650
105
06766
97
06907
111
07120
32
07272
97
07368
32
07557
116
07669
117
07906
105
08298
8
08458
116
08615
116
08763
105
09454
46
09602
32
09751
0
09974
73
10226
111
10382
32
11045
8
11226
8
11394
8
11866
0
12021
79
12321
103
12478
103
12569
105
12722
32
13215
115
13294
111
13503
110
13664
111
13788
32
14098
115
14202
116
14306
97
14422
116
14538
97
14604
32
14771
97
14863
108
15036
108
15168
101
15288
32
15460
108
15572
97
16183
117
16363
114
16454
101
16604
101
16984
46
17221
32
17560
0
17747
83
18092
105
18224
32
18361
101
18609
0
18785
32
18966
108
19115
97
19227
117
19388
114
19417
101
19632
97
19796
116
19896
97
20356
32
20590
117
20779
110
20903
97
21493
32
21686
109
21862
105
21994
97
22127
13
22304
116
22374
101
22545
115
22673
105
22759
115
22991
116
23123
97
23231
44
23388
32
23532
109
23696
111
23889
108
24001
116
24085
111
24197
32
24358
98
24514
114
24699
97
24839
118
24947
97
27241
44
27406
32
27652
99
27796
104
27888
101
28380
8
28569
8
28738
8
29825
99
29949
104
30025
101
30117
32
30257
115
30316
105
30450
32
30562
99
30694
104
30838
105
30966
97
31066
109
31215
97
31298
32
31439
0
31602
80
31776
97
31864
111
32053
108
32169
97
32273
46
32437
32
32602
0
32748
72
32915
97
33032
32
33204
112
33288
114
33366
101
33565
115
33677
111
33798
32
33946
49
34102
48
34247
48
34926
8
35082
8
35275
49
35504
48
35896
32
36333
101
36431
32
36612
108
36882
111
37031
100
37219
101
39538
46
39836
13
40094
0
40371
72
40574
97
40661
32
40848
102
40938
97
41129
116
41290
116
41357
111
41498
32
41614
117
41807
110
41967
97
42095
32
42252
116
42306
101
42509
115
42593
105
42746
32
42878
105
43075
110
43138
116
43209
101
43364
114
43458
101
43674
115
43814
115
43926
97
44099
110
44231
116
44343
101
44455
32
44636
100
44724
105
44848
32
44996
0
45123
65
45263
73
45498
32
45995
97
46196
112
46334
112
46521
108
46722
105
46780
99
46850
97
47048
116
47114
97
47232
32
47352
97
47436
108
47597
108
47729
97
47807
32
47982
114
48098
111
48222
98
48338
111
48462
116
48578
105
48715
99
48863
97
48987
46
49148
32
51005
0
51180
79
51330
114
51454
97
51574
13
52257
113
52389
117
52469
101
52633
115
52749
116
52833
97
52929
32
53377
114
53489
97
53653
103
53728
97
53959
122
54088
122
54208
97
54332
32
54521
104
54653
97
54732
32
54930
108
55054
97
55137
32
55298
112
55459
111
55554
115
55687
115
55843
105
56008
98
56083
105
56292
108
60667
105
60860
116
60950
97
61257
0
61407
32
62268
100
62392
105
62537
32
62839
97
62971
110
63144
100
63242
97
63462
114
63544
101
63776
32
63924
97
64202
32
64658
102
64708
97
64894
114
64969
101
65030
32
65199
117
65392
110
65528
32
65632
115
65764
111
65893
103
66021
103
66177
105
66251
111
66413
114
66683
110
66876
111
67340
13
67780
100
68002
105
68134
32
68537
116
68624
114
68787
101
68902
32
69083
109
69191
101
69380
115
69504
105
69636
32
69931
105
70124
110
70272
32
70469
0
70600
83
70835
118
70963
101
71192
122
71308
105
71408
97
71650
32
72551
8
73202
44
73374
32
73847
105
74035
110
74143
32
74280
117
74485
110
74605
32
74769
102
74851
97
75139
109
75300
111
75444
115
75536
111
75684
32
75873
108
76018
97
76668
114
76829
111
77168
8
77300
8
77476
98
77600
111
77757
116
78084
8
78552
114
78724
97
79476
116
79600
111
79724
114
79812
105
79887
111
80065
32
80497
100
80625
105
80757
32
80906
114
81010
111
81142
98
81270
111
81394
116
81523
105
81740
99
81994
32
82494
8
83043
97
83232
32
83478
109
83655
111
84402
98
84530
105
84743
108
84855
101
89271
44
89581
13
90244
99
90344
104
90443
101
90509
32
90668
104
90764
97
90904
32
91166
115
91375
101
91544
100
91684
101
91784
32
92058
112
92149
114
92209
101
92429
115
92585
115
93211
111
93615
32
93767
108
94080
0
94581
117
94778
110
94938
105
95022
118
95235
101
95327
114
95552
115
95680
105
95808
116
95876
97
96202
0
96370
32
96543
100
96601
105
96743
32
96899
0
97063
79
97221
114
97334
101
97574
98
97711
114
97851
111
98109
46
98281
32
98778
0
99084
85
99303
110
99706
0
99846
101
00043
115
00167
112
00283
101
00468
114
00588
105
00663
101
00808
110
00907
122
01011
97
01127
32
01280
97
01513
102
01641
102
01753
97
01946
115
02058
99
02170
105
02359
110
02471
97
02583
110
02744
116
02850
101
04288
44
04477
13
05257
111
05369
115
05542
101
05715
114
05789
101
05891
105
06019
32
06208
100
06336
105
06452
114
06559
101
06851
44
07571
32
07840
112
08037
114
08157
111
08383
98
08511
97
08651
98
08743
105
08940
108
09113
109
09208
101
09349
110
09436
116
09515
101
09605
32
09777
113
09910
117
09985
97
10146
115
10270
105
10410
32
10502
100
10605
101
10699
108
10839
32
11012
116
11136
117
11219
116
11364
116
11464
111
11612
32
12522
103
12662
114
12847
97
13007
116
13123
117
13201
105
13335
116
14208
97
14365
46
14574
32
14864
0
15104
69
15190
32
15350
112
15539
111
15712
105
15921
44
16053
32
16214
99
16273
104
16419
105
16527
115
16675
115
16771
97
17368
0
18090
44
18279
13
18529
117
18702
110
18842
97
18938
32
19098
118
19153
111
19344
108
19410
116
19479
97
19595
32
19768
108
19876
97
20172
0
20322
32
20503
112
20749
111
20913
116
20963
114
21186
101
21256
98
21410
98
21534
101
21667
32
22184
115
22360
99
22476
111
22681
112
22797
114
22930
105
23058
114
23154
101
23318
32
23442
99
23554
104
23662
101
23732
32
23899
108
23999
97
24164
32
24320
0
24467
83
24666
118
24819
101
25077
122
25189
105
25309
97
25477
32
26071
108
26216
101
26336
32
26500
112
26713
105
26797
97
26941
99
27078
101
27214
32
27447
101
27608
32
28137
100
28265
101
28438
99
28566
105
28694
100
28806
101
28979
114
29045
101
29761
13
30007
105
30196
109
30442
112
30562
114
30775
111
31000
118
31149
118
31317
105
31449
115
31532
97
31618
109
31750
101
31850
110
31970
116
32028
101
32109
32
32259
100
32319
105
32463
32
32538
99
32651
97
32755
109
32920
98
32987
105
33104
97
33220
114
33306
101
33386
32
33602
118
33722
105
33838
116
33928
97
34059
46
34248
32
35866
0
36045
77
36215
97
36400
104
36569
32
36871
46
37035
46
37200
46
37373
32
39363
97
39463
108
39624
32
39962
109
40123
111
40304
109
40428
101
40540
110
40656
116
40739
111
40847
32
41004
108
41132
101
41244
105
41368
32
41545
101
41895
0
42557
32
42875
117
43068
110
43290
13
43466
112
43696
111
43921
99
44005
104
44137
105
44302
110
44466
111
44558
32
44739
116
44839
105
45011
116
45140
117
45503
98
45667
97
45775
110
45899
116
45990
101
46112
46
46734
32
46996
0
47283
78
47409
111
47505
110
47641
32
47822
115
47871
97
47981
32
48150
99
48249
104
48361
101
48473
32
48634
102
48725
97
48898
114
48948
101
49098
44
49234
32
49354
97
49462
110
49578
99
49703
104
49831
101
49939
32
51034
115
51215
101
51396
32
51714
101
51991
0
52156
32
52280
115
52428
116
52552
97
52636
116
52772
97
52953
32
53239
108
53355
101
53463
105
53583
32
53728
97
53868
32
53955
99
54081
104
54205
105
54297
101
55012
100
55152
101
55276
114
55400
109
55735
105
56086
13
56469
100
56585
105
56713
32
56858
97
57022
105
57227
117
57384
116
57565
97
57729
114
57854
108
58010
97
58106
32
58473
97
58990
100
59106
32
59238
97
59378
110
59632
100
59726
97
59885
114
59972
101
60053
32
60165
97
60257
108
60414
108
60715
0
60748
101
60938
115
61172
116
61341
101
61420
114
61703
111
61941
46
62138
32
66488
0
66708
73
66947
111
67067
32
67264
115
67356
112
67488
101
67677
114
67785
111
67909
32
68082
99
68190
104
68314
101
68380
32
68519
100
68635
101
68824
99
68952
105
69072
100
69289
97
69628
32
69821
112
69937
101
69999
114
70124
32
70273
105
70512
108
70516
59
70639
32
71027
8
71195
8
71425
32
71775
115
71899
105
72217
0
72511
13
72849
112
73030
101
73080
114
73319
99
73403
104
73511
101
74026
0
74199
32
74898
115
75018
105
75158
32
75311
116
75381
114
75556
97
75757
116
75901
116
76037
97
76214
32
76351
100
76434
105
76578
32
76711
117
76916
110
77334
0
77446
101
77643
115
77763
112
77911
101
78109
114
78281
105
78373
101
78525
110
78686
122
78834
97
79011
32
79686
99
79834
104
79917
101
80043
32
80130
100
80288
105
80396
102
80537
102
80628
105
80744
99
80836
105
81041
108
81234
109
81387
101
81499
110
81623
116
81709
101
81876
32
82988
115
83096
105
83232
32
83688
114
83792
105
84010
112
84121
101
84440
116
84540
101
84700
114
84873
97
85445
0
88925
8
89746
111
89963
99
90119
99
90292
97
90379
115
90456
105
90506
111
90705
110
90788
101
