00441
0
00620
67
00731
97
00972
114
01039
111
01185
32
01301
0
01411
68
01462
65
01646
110
01798
105
01914
101
02030
108
02150
101
02416
44
03147
32
06645
120
07040
8
07184
99
07324
111
07525
109
07903
0
08031
101
08381
0
09010
0
09246
63
09703
8
09961
32
10461
97
10561
110
10669
100
10768
97
10959
116
11095
97
11215
32
12002
108
12110
97
12193
32
12319
0
12433
80
12533
97
12602
115
12809
113
12905
117
13008
97
13290
0
13396
63
13615
32
15078
0
15201
78
15347
111
15552
105
15647
32
15780
115
15993
105
16145
97
16277
109
16425
111
16541
32
16637
115
16782
116
16873
97
16957
116
17170
105
17775
32
18061
98
18218
101
18304
110
18467
111
18639
110
18796
101
18920
44
19226
13
21316
105
21529
110
21674
32
21806
112
21954
97
22159
114
22332
116
22402
101
22480
32
23356
8
23537
8
23701
8
23858
8
24006
8
24159
8
24311
8
24459
8
24757
8
25359
100
25422
111
25620
109
25695
101
25803
110
25944
105
26019
99
26151
97
26241
32
26392
105
26577
110
26713
32
26869
103
26949
105
27118
114
27201
111
27345
32
33340
112
33472
101
33518
114
33668
32
34043
108
34179
97
34263
32
34476
112
34562
114
34777
118
35678
8
36183
111
36444
118
36524
105
36737
110
36829
99
36981
105
37113
97
37217
32
37491
116
37603
111
37694
114
37802
105
38027
110
38281
101
38462
115
38638
101
38738
32
38882
0
39090
40
39252
99
39400
111
39617
110
39794
32
41124
103
41236
105
41481
116
41589
97
41721
114
41824
101
41974
108
42123
108
42259
97
42460
32
42633
97
42951
13
43192
0
43335
80
43553
105
43767
110
43903
101
44079
114
44163
111
44352
108
44528
111
44742
32
45999
100
46094
111
46837
118
47002
101
47118
32
47258
97
47418
98
47571
98
47760
105
47884
97
47974
109
48133
111
48299
99
48302
32
48458
111
48655
109
48819
112
48848
101
48991
114
49073
97
49223
116
49298
111
49391
32
49536
117
49716
110
49849
97
49931
32
50458
116
50557
111
50673
114
50883
116
50973
101
51132
32
51640
8
51789
8
52240
97
52421
32
52598
108
52738
97
53178
8
53314
8
53454
97
53554
108
53767
32
54061
108
54395
105
54600
109
54744
111
54909
110
55081
101
55173
32
55354
118
55514
101
55606
114
55739
97
55839
109
55967
101
56075
110
56171
116
56269
101
56622
13
56940
115
57166
113
57261
117
57327
105
57481
115
57577
105
57766
116
57930
97
58016
0
58174
41
58429
32
62006
99
67154
8
67456
8
67923
32
68420
101
68592
32
68712
99
68869
101
68981
110
69113
97
69488
32
69697
97
69752
108
69902
108
70042
97
70096
32
70254
0
70369
76
70579
111
70646
99
70752
97
70985
110
71081
100
71175
97
71277
32
71389
100
71533
101
71632
108
71766
108
72075
0
72227
0
72358
65
72545
108
72721
97
72862
109
73083
98
73183
105
73343
99
73504
99
73595
111
75848
44
77266
32
78823
99
78955
104
79075
101
79163
32
79319
115
79395
105
79535
32
79732
116
79761
114
79863
111
79999
118
80143
97
80259
32
80420
105
80637
110
80878
13
81152
117
81337
110
81465
97
81548
32
81648
102
81689
114
81892
97
82255
122
82330
105
82382
111
82678
110
82887
101
83646
32
83912
100
83995
105
84128
32
88273
0
88432
82
88566
111
88812
109
89268
8
89448
8
90062
8
92525
117
92754
110
93125
32
93467
113
93608
117
93715
97
93827
108
93927
99
94084
104
94175
101
94259
32
94476
112
94568
97
94756
101
94917
115
94996
105
95193
110
95358
111
95490
32
95598
100
95779
101
95832
108
95987
108
96168
101
96389
32
96731
118
96847
97
96951
108
97095
108
97276
105
97416
32
97491
100
97593
105
97725
32
97882
0
98000
108
99201
8
99446
0
99577
76
99832
97
00045
110
00671
122
00767
111
00988
0
01119
41
01605
32
06334
127
09587
101
09731
32
09920
108
10133
117
10322
110
10397
101
10587
100
10654
105
10788
32
10953
105
11142
110
11326
118
11442
101
11619
99
11702
101
12783
0
12978
0
13149
0
13320
0
13474
0
13661
0
14228
13
16472
32
19336
100
19496
97
19579
105
19705
32
19894
109
20066
105
20202
101
20383
105
20548
32
20923
97
21030
32
21187
0
21313
82
21395
111
21551
115
21614
105
21841
103
21956
110
22048
97
22148
110
22312
111
24642
46
24822
32
25019
101
25131
32
25239
113
25347
117
25397
105
25587
32
25760
100
25868
105
26202
32
26375
110
26563
117
26789
111
26937
118
27033
111
27197
32
27427
112
27502
114
27626
97
27758
110
27911
122
28031
111
28240
32
30856
115
30997
117
31145
99
31289
99
31360
117
31583
108
31691
101
31853
110
31959
116
32091
111
32944
32
33513
105
33706
110
33923
13
34144
117
34329
110
34441
97
34524
32
34831
103
34910
105
34960
111
35098
114
35205
110
35285
97
35446
116
35545
97
35726
32
36085
99
36241
97
36357
108
36440
100
36582
105
36686
115
36842
115
36901
105
37087
109
37215
97
37343
46
37569
32
39020
0
39326
73
39467
101
39536
114
39613
105
39757
32
39877
115
39969
105
40101
97
40209
109
40361
111
40477
32
40666
97
41098
8
41173
115
41375
116
41479
97
41603
116
41727
105
41904
32
42052
97
42201
32
42604
99
42679
97
42938
115
43020
97
43102
32
43303
112
43385
101
43462
114
43543
32
43728
112
43745
114
43816
101
43992
110
44051
100
44143
101
44273
114
44470
99
44562
105
44904
13
45243
105
45650
8
45900
117
46080
110
46225
97
46283
32
46466
118
46545
97
46738
99
46834
97
46954
110
47106
122
47279
97
47387
32
47523
100
47623
97
47767
32
47907
116
48060
117
48232
116
48381
116
48505
111
48625
32
48785
105
48978
108
49094
32
49356
112
49463
97
49673
114
49771
101
49909
110
50390
116
50497
97
50674
100
50762
111
51889
0
52117
33
52253
33
53625
32
59628
0
59807
83
59949
111
60187
110
60335
111
60475
32
60668
116
60804
117
60892
116
61036
116
61128
105
61236
32
61558
116
61644
97
61767
110
61867
116
62258
111
62398
32
62951
99
63045
97
63264
114
63408
105
63524
32
63765
101
63918
32
64155
116
64259
97
64367
110
64467
116
64575
111
64735
32
64875
98
64983
117
65160
111
65345
110
65509
105
65937
13
67145
112
67261
101
67307
114
67404
111
67936
0
69314
32
70886
97
71010
32
71167
118
71258
111
71468
108
71547
116
71712
101
71792
32
75954
98
76050
105
76198
115
76289
111
76520
110
76968
8
77084
103
77281
110
77425
97
77687
32
78046
112
78162
114
78223
101
78365
110
78457
100
78539
101
78682
114
78772
101
78866
32
79047
108
79195
101
79249
32
79404
100
79520
105
79608
115
79812
116
79896
97
79992
110
80168
122
80390
101
80473
32
80650
112
80746
101
80795
114
80875
32
81026
116
81178
105
81274
114
81422
97
81562
114
81661
101
81771
32
81928
105
82137
108
82261
32
82352
102
82473
105
82553
97
82733
116
82796
111
83039
46
83293
32
83874
13
84095
0
84266
65
84469
100
84544
32
84714
111
84887
103
84970
110
85124
105
85240
32
85397
109
85529
111
85669
100
85761
111
85982
44
86110
32
87290
110
87430
101
87522
32
87666
97
87807
98
87979
98
88103
105
88292
97
88362
109
88521
111
88637
32
88830
97
88954
112
89110
112
89214
114
89362
111
89458
102
89598
105
89795
116
89944
116
90050
97
90173
116
90325
111
90506
32
90699
112
90810
101
90860
114
91034
32
91539
102
91621
97
91788
114
91821
101
91901
32
92044
117
92236
110
92360
32
92480
112
92562
111
92995
0
93163
32
93340
100
93456
105
93810
32
94064
108
94172
97
94765
118
94970
111
95143
114
95238
105
95977
13
96284
105
96484
110
96629
32
96728
99
96821
97
97096
115
97162
97
98032
44
98164
32
98454
116
98538
105
98763
112
98944
111
99060
32
99220
97
99348
112
99484
112
99621
101
99737
110
99816
100
99953
101
00069
114
00168
101
00326
32
01543
117
01764
110
02123
32
02312
103
02361
114
02499
111
02704
115
02857
115
02915
111
03033
32
03222
115
03317
112
03446
101
03638
99
03787
99
03846
104
04004
105
04209
111
04968
44
05116
32
05285
100
05457
101
05573
105
05721
32
06465
113
06581
117
06697
97
07068
100
07305
114
07401
105
07747
44
08357
32
08764
117
08969
110
09126
32
09468
98
09661
97
09833
115
10075
116
10175
111
10404
110
10496
101
11162
13
11383
112
11483
101
11532
114
11650
32
12005
116
12087
101
12213
110
12321
100
12482
101
13545
32
13725
99
14242
8
14722
99
14862
104
14962
101
15580
32
15797
101
16036
0
16219
32
16330
117
16540
110
16664
97
16746
32
17204
98
17286
97
17429
114
17524
97
17713
99
17866
99
17990
97
18138
32
18772
100
18912
101
19012
108
19160
108
20008
0
20261
47
20939
8
21314
0
21608
73
21855
107
21922
101
22186
97
22407
44
22580
32
22776
99
22864
111
23029
115
23234
101
23313
32
23478
99
23553
111
23681
115
23813
105
24127
0
25691
46
25851
32
26007
0
26225
99
26333
105
26497
97
26560
111
26694
32
26886
0
26997
67
27632
105
27760
97
27860
111
28615
32
28845
0
28955
67
29097
105
29217
97
29313
111
