34262
101
34491
98
35415
8
35555
98
36277
98
36490
101
37002
110
37142
101
37258
32
37467
111
37567
103
37711
103
37820
105
37930
32
38143
110
38300
111
38460
110
38592
32
38728
115
38807
111
38949
32
39109
112
39370
114
39530
111
39707
112
39839
114
39947
105
39996
111
40178
32
40302
99
40592
104
40728
101
40852
32
40939
99
41036
111
41164
115
41251
97
41336
32
41650
114
41736
97
41911
99
42067
99
42175
111
42380
110
42472
116
42566
97
42716
114
42913
116
43065
105
43347
46
43770
32
48745
0
48875
70
49094
117
49267
111
49399
114
49503
105
49647
32
49811
112
50000
105
50091
111
50385
118
50550
101
50678
44
52358
32
52639
100
52726
101
52860
110
52940
116
52989
114
53098
111
53328
13
54110
102
54197
97
54282
32
54422
117
54607
110
54723
32
54839
99
54856
97
55034
108
55166
100
55242
111
55370
32
55869
98
56094
111
56251
105
56439
97
56935
46
57107
32
57231
0
57362
83
57585
116
57725
111
57870
32
58034
97
58174
115
58270
112
58385
101
58606
116
58751
116
58899
97
59055
110
59135
100
60350
111
60555
32
60804
97
60928
108
61137
99
61297
117
61486
110
61634
105
61783
32
61931
115
62176
116
62276
117
62383
100
62461
101
62583
110
62683
116
62758
105
62886
32
62985
99
63143
104
63213
101
63388
32
63904
100
64016
105
64225
115
64335
99
64938
117
65143
116
65229
101
65412
114
65560
97
65672
110
65812
110
65968
111
66416
13
66714
105
66967
108
67107
32
67271
108
67363
97
67552
98
67724
111
67909
114
68073
97
68270
116
68458
111
68643
114
68710
105
68794
111
68960
32
69137
100
69236
105
69352
32
69549
115
69685
105
69785
115
70014
116
70100
101
70170
109
70326
105
70458
32
70618
111
70733
112
70823
101
70890
114
71039
97
71179
116
71328
105
71410
118
71528
105
71822
46
72002
32
72959
0
73783
80
74111
111
74353
105
74570
32
74815
100
74943
111
75026
118
75187
114
75282
111
75534
0
75708
32
76026
102
76110
97
76286
114
76348
101
76518
32
80490
100
81168
117
81292
101
81408
32
81581
99
81680
104
81825
105
81911
97
82081
99
82234
99
82292
104
82402
105
82472
101
82533
114
82623
101
82968
13
83524
99
83656
111
83845
110
83985
32
84449
0
84563
70
84705
114
84862
97
84982
110
85057
99
85182
101
85363
115
85440
99
85554
111
85722
32
85887
112
85962
101
86028
114
86104
32
86262
108
86346
97
86450
32
86638
113
86762
117
86854
101
87059
115
87288
116
87553
105
87603
111
87826
110
87982
101
88098
32
88804
100
88944
101
89044
108
89208
108
89320
101
89436
32
89515
118
89616
111
89744
116
89856
97
90101
122
90168
105
90231
111
90425
110
90553
105
90685
32
90784
101
90962
108
91078
101
91271
116
91407
116
91503
114
91627
111
91831
110
91980
105
92095
99
92191
104
92331
101
92516
46
93097
32
94247
0
94673
81
94945
117
95029
101
95185
108
95535
13
95663
99
95852
104
95918
101
96028
32
96285
118
96377
111
96525
114
96657
114
96789
101
96934
105
97058
32
97299
112
97479
111
97567
116
97731
101
97797
114
97995
32
98119
99
98211
111
98416
110
98576
116
98659
105
98816
110
98940
117
99052
97
99249
114
99314
101
99480
32
99693
111
99983
103
00123
103
00255
105
00589
44
00851
32
01201
105
01410
110
01534
118
01658
101
01895
99
02051
101
02191
44
02303
32
02549
101
02805
0
02961
32
03291
105
03512
108
03620
32
03869
115
03937
117
04133
112
04216
101
04285
114
04512
118
04583
105
04715
115
04851
111
05036
114
05128
101
05737
32
05994
112
06110
101
06171
114
06253
32
06377
105
06561
108
06730
13
06943
109
07107
105
07279
111
07395
32
07636
114
07720
111
07844
98
08008
111
08153
116
08281
116
08635
105
08868
110
09045
111
10753
0
10892
58
11074
32
11271
117
11484
110
11616
32
11776
115
11884
111
12198
102
12407
116
12616
119
12796
97
13284
114
13521
105
13823
110
14109
111
14330
32
14607
99
14723
104
14859
101
14927
32
15087
99
15146
111
15344
110
15440
115
15620
101
15748
110
15852
116
15938
101
16133
32
16298
100
16397
105
16545
32
17709
116
17758
101
17920
108
17988
101
18200
103
18357
117
18418
105
18568
100
18684
97
18885
114
18967
101
19081
32
19282
105
19551
108
20116
32
20361
112
20574
105
20666
99
20806
99
20898
111
21078
108
21222
111
21492
13
21992
0
22150
75
22381
104
22489
101
22653
112
22744
101
22878
114
22978
97
23170
32
23493
110
23669
101
23874
108
24042
108
24158
97
24395
32
24988
114
25088
97
25285
99
25437
99
25512
111
25709
108
25841
116
25929
97
26089
32
26167
100
26369
105
26505
32
26633
100
26691
97
26894
116
26981
105
27125
32
27266
114
27295
101
27429
108
27545
97
27790
116
27885
105
28013
118
28080
105
28202
32
28309
97
28388
100
28530
32
28646
97
28790
109
29035
98
29143
105
29227
101
29383
110
29454
116
29563
105
30884
32
32402
0
32626
40
32909
109
33045
97
33137
105
33257
32
33425
118
33525
105
33645
115
33874
116
33933
105
34139
0
34269
41
35208
46
36205
13
37202
0
37508
73
37755
32
37928
100
38030
97
38213
116
38268
105
38397
32
38509
114
38599
97
38782
99
38906
99
39030
111
39215
108
39323
116
39447
105
39595
32
40188
118
40365
101
40452
110
40604
103
40655
111
40857
110
41013
111
41129
32
41290
112
41474
111
41643
105
41751
32
41883
100
41985
97
42184
116
42247
105
42387
32
42531
105
42728
110
42852
32
43009
112
43104
97
43269
115
43506
116
43589
111
43730
32
43829
97
43884
100
44042
32
44230
117
44411
110
44575
97
44703
32
44908
114
44982
101
45173
116
45239
101
45365
32
45530
110
45654
101
45766
117
45848
114
45934
97
46062
108
46190
101
47001
44
47101
32
47257
99
47357
104
47453
101
47649
13
50171
97
50363
99
50548
113
50615
117
50691
105
50846
115
50966
105
51259
115
51350
99
51508
101
51616
32
51768
108
51880
97
51968
32
52221
116
52313
111
52506
112
52666
111
52903
108
53084
111
53216
103
53348
105
54248
97
54392
32
54722
100
54826
101
54904
108
55026
108
55323
0
55439
97
55570
109
55767
98
55859
105
55967
101
56111
110
56161
116
56220
101
56419
46
56591
32
57694
0
57905
80
58172
117
58381
114
58586
116
58636
114
58733
111
58930
112
59054
112
59234
111
59374
32
59563
108
59687
97
59736
32
59911
109
60059
105
60223
97
60306
32
60464
116
60498
101
60704
115
60780
105
60863
115
61105
116
61281
97
61923
32
62200
104
62377
97
62525
13
62722
115
62898
118
63016
117
63019
105
63919
8
64173
8
64685
105
64902
108
65094
117
65275
112
65415
112
65535
97
65732
116
65807
111
65955
32
66160
117
66365
110
66493
32
66884
115
67049
111
67140
102
67313
116
67469
97
67824
8
67936
119
68091
97
68272
114
68374
101
68687
32
69555
115
69679
105
69790
102
69922
102
70046
97
70239
116
70379
116
71187
111
71339
32
71612
99
71780
117
71889
115
72134
116
72226
111
72418
109
72558
105
72759
122
72899
122
73019
97
73277
116
73352
111
73492
32
74142
115
74278
117
74390
32
74534
100
74605
105
74722
32
74850
117
75031
110
75199
97
75307
32
75548
115
75677
112
75821
101
76009
99
76125
105
76274
102
76389
105
76485
99
76577
97
76721
32
76898
109
77021
97
77194
112
77338
112
77466
97
77950
13
78146
0
78342
40
78613
115
78834
110
79002
111
79438
114
79622
116
79689
0
79836
41
80099
46
80223
32
80367
0
80458
65
80572
32
80700
99
80820
104
80895
101
80987
32
81135
109
81291
105
81411
32
81762
115
81922
101
82099
114
82287
118
82403
101
82527
0
82658
63
82872
32
84063
0
84255
80
84457
111
84621
115
84762
115
84873
111
84977
32
85122
97
85204
110
85314
99
85426
104
85508
101
85576
32
86054
98
86166
117
86334
116
86466
116
86603
97
86743
114
86847
108
87019
111
87119
32
87287
112
87379
101
87454
114
87529
32
88189
113
88285
117
88409
101
88569
59
88657
32
88769
99
89588
8
89753
8
89913
8
90514
108
90686
32
90839
99
90951
104
91042
101
91125
32
91263
109
91452
105
91564
32
92391
13
93336
114
93436
105
93560
103
93643
117
93727
97
93903
114
94100
100
94162
97
94286
46
94457
32
96837
0
97392
69
97652
104
97929
44
98077
32
98209
0
98332
83
98530
105
98687
103
98762
110
98918
111
99022
114
99105
101
99259
44
99407
32
99685
113
99781
117
99893
97
00025
110
00258
116
00358
97
00461
32
00622
112
00721
97
00942
122
01038
105
01198
101
01302
110
01442
122
01554
97
01628
32
01836
99
01955
105
02091
32
02466
118
02550
117
02775
111
03016
108
03164
101
04819
46
04993
32
05222
0
05417
67
05547
105
05679
97
05876
111
06016
32
06278
99
06361
105
06517
97
06633
111
07291
44
07451
32
07595
0
07677
67
07852
114
07964
105
08075
115
