23565
105
23689
101
23730
114
23953
105
24122
32
24351
104
24557
111
24685
32
24865
102
24968
97
25111
116
25255
116
25314
111
25427
32
25576
101
25781
115
25970
97
26082
109
26246
105
26492
46
26668
32
27408
0
27583
67
27777
104
27901
101
28301
32
28615
115
28840
116
28886
114
29097
101
29322
115
29450
115
29611
0
29733
33
29881
33
30266
32
33426
0
33765
85
34013
110
34153
97
34240
32
34409
116
34497
111
34580
114
34737
110
34804
97
34978
116
35056
97
35158
32
35335
100
35414
105
35535
32
35622
99
35933
97
36195
112
36380
114
36466
101
36722
46
37158
32
39156
0
39455
78
39581
111
39697
110
39792
32
39981
115
40036
111
40218
110
40359
111
40629
13
41149
117
41338
110
41434
97
41562
32
41953
99
42081
104
42177
101
42261
32
42490
98
42610
111
42742
99
42923
99
43055
105
43220
97
43315
32
43488
109
43649
111
43829
108
43962
116
44090
111
44234
32
44403
109
44547
97
44643
32
44860
105
45001
101
45076
114
45197
105
45370
32
45684
100
45752
105
46188
8
46328
8
46468
115
46588
117
47526
32
48055
50
48349
53
48537
32
49843
99
49951
105
50091
114
50268
99
50457
97
50605
32
50778
99
50898
104
50986
101
51078
32
51210
101
51276
114
51474
97
51651
110
51832
111
52122
32
52489
110
52653
101
52765
32
52982
104
53167
111
53316
32
54314
109
54454
97
54566
110
54634
100
54716
97
54939
116
55018
105
55288
13
55477
118
55593
105
55903
97
56088
32
56989
115
57166
101
57250
105
57378
32
57603
111
57751
32
57932
115
58109
101
58273
116
58414
116
58558
101
59370
32
59608
46
59813
46
59973
46
60239
32
63828
100
63927
117
64027
101
64143
32
64494
108
64675
105
64795
32
64931
104
65104
111
65195
32
65328
99
65403
97
65577
99
65701
99
65813
105
65903
97
66091
116
66186
105
66314
32
66528
100
66652
105
66796
32
66944
98
67137
114
67294
117
67368
116
67503
116
67631
111
68807
0
68950
58
69100
32
69309
110
69490
111
69638
110
69778
32
69902
101
70129
0
71383
32
72078
112
72267
111
72383
115
72515
115
72619
105
73180
98
73264
105
73473
108
74366
101
74539
13
75205
99
75362
104
75466
101
75590
32
77454
0
77810
40
78029
97
78198
118
78322
101
78454
110
78582
100
78706
111
78859
32
79060
110
79232
111
79365
105
79505
32
79714
102
79798
105
79991
110
80139
105
80287
116
80363
111
80487
32
80607
105
80804
108
80904
32
81052
99
81152
111
81288
114
81493
115
81593
111
81725
32
81882
97
81998
32
82235
110
82521
111
83358
118
83498
101
83594
109
83787
98
83947
114
84128
101
84198
0
84355
41
84672
32
85848
113
85960
117
86076
101
86240
115
86328
116
86549
105
86682
32
86834
97
87027
114
87159
114
87303
105
87415
118
87527
105
87716
110
87909
111
88159
32
88554
99
88633
111
88835
110
89092
32
89502
117
89676
110
89889
13
90066
112
90235
114
90331
111
90430
103
90514
101
90679
116
90803
116
90890
111
91006
32
91098
100
91182
105
91294
32
91450
108
91534
97
91731
98
91867
111
91967
114
92063
97
92219
116
92323
111
92488
114
92563
105
92645
111
92832
32
94368
115
94550
118
94665
111
94882
108
94982
116
95110
111
95230
32
95359
105
95551
110
95667
32
95816
99
95940
111
96181
112
96326
112
96531
105
96655
97
98038
32
98226
99
98339
111
98421
115
98620
116
98728
105
98860
116
98952
117
99017
105
99172
116
99304
111
99440
32
99536
100
99640
97
99764
32
99929
117
00117
110
00266
32
00588
100
00700
97
00853
116
00977
97
01133
32
01294
98
01385
97
01530
115
01751
101
01980
32
02440
13
04965
100
05073
105
05197
32
05442
98
05595
101
05755
110
06013
32
06335
116
06385
114
06559
101
06720
32
07431
0
07654
40
08193
100
08289
105
08437
99
08545
111
08673
32
08886
0
09001
84
09046
82
09237
69
09551
33
09736
33
10507
41
10816
32
11077
101
11193
110
11342
116
11474
105
11566
116
11714
97
12311
0
13722
46
14230
32
16208
0
16436
78
16586
111
16730
110
16822
32
17059
99
17135
105
17263
32
17492
104
17697
111
17838
32
17978
118
18057
105
18169
115
18375
116
18450
111
18611
32
18783
112
18980
105
19137
117
19397
0
20152
0
20307
58
20457
32
20638
108
20880
105
21004
32
21233
104
21459
111
22356
13
22824
115
23017
103
23115
114
23266
105
23398
100
23542
97
23731
116
23843
105
24004
32
25973
101
26089
32
26262
115
26378
112
27061
101
27241
100
27357
105
27554
116
27670
105
27859
32
28643
97
28816
32
28895
99
29130
97
29326
115
29417
97
29608
32
29757
97
29885
32
30045
108
30173
97
30435
118
30616
111
30712
114
30828
97
31004
114
31103
101
31270
32
32082
117
32279
110
32411
32
32559
112
32625
111
33382
99
33474
104
33598
105
33767
110
33943
111
34051
32
34236
100
34287
105
34396
32
34634
112
34839
105
35016
117
35211
0
35586
112
35698
101
35760
114
35906
32
36278
117
36282
105
36803
8
36947
8
37370
105
37567
108
38375
32
38584
112
39558
114
39812
111
40284
45
41161
8
41322
115
41940
45
42141
13
42362
115
42461
105
42659
109
42807
111
42939
32
43112
97
43228
112
43372
112
43512
101
43604
108
43752
108
43925
111
44146
46
44950
32
46430
0
46602
69
46674
32
46873
117
47062
110
47227
111
47371
32
47503
102
47594
97
47765
99
47921
101
48029
118
48153
97
48265
32
48640
112
48865
117
48977
114
49047
101
49133
32
49282
105
49495
108
49611
32
49763
102
49867
117
49991
114
50253
98
50345
111
50502
32
50658
99
50822
101
50918
114
51115
99
51223
97
51363
110
51491
100
51567
111
51687
32
51843
100
51911
105
52043
32
52280
97
52716
114
52840
114
52968
97
53271
109
53791
112
53992
105
54104
99
54196
97
54373
114
54570
115
54706
105
55522
13
55901
115
56021
117
56279
103
56371
108
56556
105
56656
32
56796
115
56908
112
57016
101
57213
99
57361
99
57477
104
57646
105
59745
59
60019
32
60240
105
60486
114
60626
114
60867
105
61048
116
61172
97
61300
110
61379
116
61487
101
61719
32
61884
111
62085
108
62151
116
62202
114
62409
101
62578
32
63366
99
63607
104
63715
101
63924
32
64315
99
64435
97
64616
112
64716
114
64824
97
64972
46
68687
32
71016
0
71171
65
71403
100
71547
32
71704
111
71933
103
72029
110
72202
105
72512
109
73029
8
73213
32
73410
109
73612
111
74177
100
74248
111
74389
32
74570
112
74636
101
74676
114
74830
32
75217
114
75301
105
75563
115
75646
111
75824
108
75956
108
76047
101
76278
118
76434
97
76558
114
76933
109
77110
105
77267
32
77921
13
78288
100
78469
111
78678
112
78858
111
79003
32
79346
113
79478
117
79560
101
79719
115
79819
116
80161
97
80285
32
80547
116
80609
114
80767
105
80924
115
81149
116
81235
101
81410
32
81692
116
81768
111
81863
114
81979
110
82075
97
82248
116
82331
97
82516
32
83025
100
83338
0
83438
101
83627
115
83747
97
83851
109
84023
105
84216
32
85360
115
85456
111
85669
110
85813
111
85942
32
86106
97
86331
110
86443
100
86530
97
86733
116
86829
97
86969
32
87109
100
87200
97
87260
32
87419
0
87638
79
87845
108
87927
115
88082
101
88210
110
88403
32
89433
97
89549
32
89734
112
89808
114
89848
101
90010
110
90069
100
90165
101
90283
114
90359
109
90503
105
90769
13
91496
113
91616
117
91716
97
91853
108
91969
99
92093
111
92201
115
92325
105
92534
110
92686
97
92766
32
93457
100
93573
105
93737
32
93926
98
94075
117
94231
111
94404
110
94564
111
94806
46
95043
32
96584
0
96845
72
96983
111
97111
32
97271
112
97351
114
97429
101
97629
115
97704
111
97824
32
97976
117
98165
110
98302
97
98380
32
98628
116
98744
111
98827
114
99105
116
99189
105
99459
110
99587
97
99759
32
00701
99
00817
111
01026
110
01166
32
01295
115
01344
97
01478
108
01764
115
01846
97
02491
32
02745
100
03042
0
03153
97
03366
114
03543
97
03700
110
03848
99
04037
101
04970
32
05435
101
06255
13
06452
97
06786
114
06991
97
07180
110
07325
99
07497
101
07573
32
07746
97
07820
32
07966
99
08143
117
08494
98
08652
101
08799
116
08947
116
09031
105
09304
32
10797
115
10929
112
11251
97
11412
114
11633
115
11838
101
11995
32
12179
115
12275
111
12464
112
12540
114
12647
97
12804
44
12944
32
13295
117
13484
110
13640
97
13674
32
13828
118
13944
101
14035
114
14197
97
14329
32
14854
100
14912
101
15090
108
15287
105
15411
122
15527
105
15664
97
16678
32
18081
100
18181
105
18321
32
19142
100
19221
111
19418
108
19488
99
19627
101
19779
116
19915
116
20040
111
21305
46
21482
32
21654
0
21794
67
21899
105
22076
97
22168
111
