97703
105
97810
101
97872
114
97982
105
98130
32
98327
115
98504
101
98677
114
98792
97
99038
32
01190
105
01387
110
01519
32
01627
116
01697
101
01807
108
01907
101
02246
118
02345
105
02510
115
02577
105
02645
111
02824
110
02952
101
03010
32
03193
104
03905
118
03989
105
05319
8
05524
8
05709
8
06529
104
06701
111
06834
32
07071
118
07163
105
07287
115
07492
116
07600
111
07740
32
07929
105
08191
108
08351
32
08816
102
08891
105
09088
108
09698
109
09858
32
10160
0
10307
76
10461
97
10658
100
10831
121
10979
32
11144
0
11258
72
11474
97
11687
119
11860
107
13246
0
13507
33
13718
32
14563
0
14750
69
15082
0
15254
32
15569
105
15786
108
15914
32
16079
109
16243
105
16436
111
17228
13
17700
102
17788
105
17968
108
18161
109
18294
32
18466
112
18496
114
18580
101
18718
102
18768
101
18910
114
19038
105
19150
115
19367
116
19465
111
19773
46
19954
32
20547
0
20849
85
21024
110
21237
97
21438
32
21586
115
21820
116
21915
111
22007
114
22131
105
22206
97
22393
32
23120
98
23284
101
23388
108
23516
108
23721
105
23825
115
23965
115
24069
105
24295
109
24694
97
29250
44
29406
32
29862
100
29978
111
30094
118
30271
101
30419
32
30794
99
30878
105
31030
32
31365
115
31473
111
31670
110
31871
111
32136
32
32374
117
32628
110
32804
32
33159
99
33376
112
34011
8
34264
97
34797
112
34985
116
35357
8
36229
105
36390
116
36611
97
37261
110
37434
111
37631
13
37779
100
37866
101
37955
108
38100
108
38186
97
38292
32
38457
103
38613
117
38696
97
38850
114
39072
100
39345
105
39470
97
39658
44
39904
32
40088
0
40276
78
40471
97
40806
118
40946
97
41110
114
41235
114
41367
101
41536
44
41688
32
43289
101
43458
32
43946
8
44236
8
44688
0
45032
82
45324
105
45772
8
46009
117
46146
116
46630
103
46803
101
48125
114
48249
32
48421
0
48479
72
48662
97
48786
117
48906
101
49179
114
49700
44
49905
32
50240
101
50441
32
50783
117
51361
8
51578
108
51710
97
51792
32
52012
98
52168
101
52276
108
52416
108
52627
105
52630
115
52778
115
52870
105
53050
109
53223
97
53376
32
53698
0
54038
73
54277
115
54363
97
55100
98
56147
101
56295
97
56444
117
57746
44
57971
13
58439
0
58602
77
58873
105
59143
99
59223
104
59380
101
59496
108
59637
108
59789
101
59893
32
60041
0
60220
80
60399
102
60551
101
60691
105
60884
102
61016
102
61124
101
61228
114
62680
44
62849
32
64770
105
64995
110
65143
110
65255
97
65412
109
65592
111
65688
114
65766
97
65953
116
66090
105
66343
115
66500
115
66563
105
66785
109
67006
105
68498
32
68675
101
68743
32
68891
115
69080
101
69134
109
69317
112
69395
114
69464
101
69582
32
69771
117
69952
110
70100
105
70281
116
70421
105
70553
32
70714
109
70822
97
70942
32
71127
115
71316
101
71399
109
71556
98
72004
8
72225
112
72320
114
72403
101
73152
32
73329
100
73417
105
73545
118
73657
105
73817
115
73885
105
74098
13
74283
97
74435
32
74571
99
74699
97
74913
117
75020
115
75120
97
75265
32
75360
100
75490
101
75571
108
75706
108
75802
97
75889
32
76029
109
76092
97
76307
108
76451
101
76644
100
76744
105
76933
122
77000
105
77080
111
77271
110
77399
101
77543
32
78185
100
78297
105
78441
32
78586
117
78783
110
78915
32
79205
118
79301
101
79603
115
79697
99
79808
111
80251
118
80351
111
80496
32
80753
99
80865
111
81001
114
81134
114
81266
111
81378
116
81506
116
81679
111
82288
46
82542
32
82795
0
82958
76
83218
117
83267
105
83450
32
83622
100
83718
105
83842
32
83958
103
84094
105
84175
111
84339
114
84467
110
84631
111
84788
32
84989
101
85655
0
86263
13
86655
117
86872
111
87077
109
87209
111
87358
32
87534
101
87630
32
87819
108
88068
101
88184
105
88341
32
89453
105
89658
110
89802
118
89914
101
90074
99
90186
101
90348
32
90480
101
90728
0
90882
32
91054
102
91149
97
91223
108
91352
99
91452
111
91657
44
91797
32
92034
108
92199
97
93133
8
93281
101
93704
105
94063
32
94317
100
94384
105
94525
32
94661
110
94817
111
94937
116
95082
116
95218
101
95334
32
95499
101
95747
0
95907
32
96007
100
96104
111
96301
110
96461
110
96687
97
96819
32
97850
101
98026
32
98409
108
98622
117
98684
105
98907
32
99614
108
99823
117
00036
112
00196
111
00438
46
00611
32
01997
0
02165
84
02311
117
02391
116
02519
116
02631
111
02925
13
03377
112
03501
101
03560
114
03665
111
03925
0
04107
32
04284
115
04392
105
04520
32
04818
114
04942
105
05382
115
05474
111
05727
108
05916
118
06097
101
06245
32
06414
97
06538
32
06719
112
06797
97
06956
114
07137
116
07277
105
07405
114
07487
101
07601
32
08248
100
08322
97
08448
108
08609
108
08938
0
09102
105
09312
110
09411
99
09531
111
09716
110
09795
116
09875
114
09993
111
10121
32
10278
100
10617
8
10894
102
11001
114
11208
97
11466
32
11658
0
11898
78
12089
97
12230
118
12313
97
12470
114
12606
114
12698
101
12822
32
12942
101
13090
32
19609
117
19798
110
19922
32
20265
103
20340
105
20419
111
20629
118
20749
97
20862
110
21026
101
21668
13
21918
108
22062
97
22320
99
22651
8
22758
100
22947
114
23063
111
24114
44
24286
32
24484
100
24561
101
24780
116
24929
116
25247
111
25460
32
27742
8
27991
8
28156
8
28324
8
28473
8
28629
8
31521
0
31700
80
32012
104
32156
105
32374
108
32595
105
32816
112
32940
112
33157
101
34609
44
34794
32
35242
115
35592
99
35737
97
35869
112
36025
112
36100
97
36307
116
36374
111
36532
32
36672
100
36780
97
36843
108
36997
108
37141
101
37207
32
37350
112
37464
114
37647
105
38034
103
38109
105
38167
111
38390
110
38555
105
38703
32
38859
100
38962
101
39042
108
39185
108
39333
97
39506
32
39873
99
40001
105
40161
116
40310
116
40454
97
40759
0
40939
32
41367
105
41556
110
41696
32
41792
99
41928
117
42031
105
42169
32
42350
118
42442
105
42533
118
42714
101
43049
13
43359
105
43564
108
43696
32
43824
118
43940
101
44145
115
44248
99
44342
111
44539
118
44630
111
44868
46
45275
32
46553
0
47025
73
47240
32
47688
116
47738
114
47961
101
48574
44
48715
32
48903
99
48999
111
49208
110
49340
32
49521
108
49863
0
50019
97
50168
105
50364
117
50481
116
50601
111
50737
32
50841
100
50933
105
51065
32
51359
117
51596
110
52352
8
52525
8
52689
8
52850
8
53386
101
53448
108
53586
32
53799
99
53911
111
54124
110
54200
102
54298
101
54494
115
54650
115
54742
111
54870
114
54920
101
55086
32
55190
97
55298
32
55397
99
55522
97
55807
117
55940
115
56100
97
56244
32
56364
100
56574
101
56682
108
56814
32
56918
99
57042
117
57075
105
57314
32
57726
116
57808
114
57962
97
58074
100
58239
105
58452
109
58536
101
58656
110
58784
116
58872
111
59376
13
59735
105
59871
32
60420
100
60532
117
60681
101
60780
32
60921
105
61166
110
61323
110
61455
97
61547
109
61699
111
61783
114
62000
97
62290
116
62438
105
62615
32
62942
115
63025
111
63230
110
63387
111
63515
32
63651
97
64043
8
64142
115
64363
116
64451
97
64583
116
64675
105
64835
32
65401
99
65500
111
65705
110
65764
100
65827
97
65969
110
66122
110
66189
97
66387
116
66465
105
66623
32
67751
100
67857
97
68041
108
68193
32
68378
109
68478
97
68642
108
68807
101
69012
102
69107
105
69244
99
69416
105
69597
105
69639
111
70477
8
70654
8
71207
111
71456
44
71641
32
73242
116
73358
97
73474
108
73602
101
73763
32
73899
0
74090
73
74305
109
74494
112
74519
101
74657
114
74745
105
75071
117
75220
115
75781
13
76820
114
76960
105
77153
117
77277
115
77327
99
77671
105
77957
114
78069
97
78184
110
78330
110
78539
111
78748
32
79216
97
79340
32
79509
114
79625
111
79838
109
80011
112
80097
101
80240
114
80338
101
80441
32
80625
108
80967
0
81139
105
81349
110
81456
99
81540
97
81668
110
81833
116
81907
101
82135
115
82218
105
82423
109
82584
111
82728
32
82885
105
83098
110
83254
32
83662
117
84150
110
84315
32
84560
103
84636
105
84685
111
84779
114
84935
110
85116
111
85244
32
85425
100
85706
0
85781
101
85979
99
86063
108
86276
105
86396
115
86540
115
86632
105
87659
44
87981
32
88316
103
88386
105
88455
111
88625
114
88709
110
88901
111
89337
13
89680
97
89828
32
90722
8
90890
8
91314
115
91490
101
91622
110
91771
122
91911
97
92250
32
92491
110
92664
111
92861
116
93017
116
93194
101
93322
32
93479
101
93639
32
93828
110
94122
111
94299
116
94447
116
94644
101
94772
32
94912
115
95097
101
95181
110
95370
122
95478
97
95590
32
95815
103
95901
105
95987
111
96096
114
96196
110
96385
111
96622
46
96827
32
98946
0
99219
82
99378
111
99583
109
99712
97
99815
110
99964
116
00047
105
00192
99
00360
111
00565
44
00693
32
00890
112
00982
114
01114
111
01352
110
01492
100
02847
8
03007
8
03512
102
03615
111
03820
110
03924
100
04008
111
04197
44
04333
32
04486
105
04707
110
04798
116
04881
101
05007
110
05175
115
05280
111
06363
46
