60369
0
60616
65
60781
110
60878
99
60976
104
61487
39
61726
105
61898
111
61988
32
62151
115
62232
111
62415
110
62583
111
62649
32
62796
97
62914
108
63025
108
63174
97
63518
32
63845
100
63979
105
64103
115
64211
111
64323
101
64513
114
65055
8
65157
8
65277
8
65889
112
66005
101
66344
114
66567
97
66833
122
67036
105
67157
111
67342
110
67429
101
67950
44
68074
32
68269
110
68456
111
68646
110
68799
32
69007
104
69204
111
69296
32
69493
102
69661
97
69792
110
69988
116
70213
97
70442
115
70571
105
70705
97
73450
44
73615
32
75106
108
75257
111
75357
32
75501
115
75658
112
75781
97
76177
122
76291
105
76447
111
76880
32
77184
100
77294
105
77590
115
77702
112
77881
111
78540
110
78734
105
78932
98
79039
105
79206
108
79292
101
79851
13
80434
101
80685
96
80806
32
81071
116
81140
114
81359
111
81729
112
81840
112
82013
111
82748
44
82920
32
84716
101
85056
96
85190
32
85511
98
85907
114
86098
117
86233
116
86362
116
86491
111
86590
32
86797
110
86982
111
87141
110
87266
32
87392
97
87485
118
87597
101
87766
114
88093
101
88453
32
88726
115
89185
112
89295
97
89584
122
89730
105
89906
111
90417
32
90971
8
91100
8
91356
8
91424
8
91492
8
91560
8
91630
8
91697
8
91766
8
91833
8
91901
8
91971
8
92039
8
92107
8
92175
8
92320
8
92544
8
93134
97
93245
118
93373
97
93589
101
93762
114
93844
101
94192
8
94316
8
94457
8
94556
8
94741
101
94936
114
95055
101
95276
32
95689
115
95805
112
95919
97
96180
122
96620
111
97241
8
98055
105
98215
111
98308
32
98685
100
98791
105
99008
112
99108
115
99233
111
99487
110
99653
105
99977
98
00168
105
00356
108
00494
101
00566
32
00758
101
00896
32
01157
110
01355
111
01543
110
01677
32
01816
115
01834
100
01913
97
02030
112
02184
101
02411
8
02536
8
02666
8
02783
8
02916
97
03291
112
03448
114
03544
101
04078
8
04191
8
04317
101
04510
114
05213
32
05391
99
05520
111
05654
115
05863
97
06996
13
07475
102
07648
97
07830
114
08015
110
08190
101
09047
44
09183
32
09841
101
10098
96
10210
32
10581
112
10680
101
10926
103
11042
103
11160
105
11297
111
11395
32
11500
99
11651
104
11809
101
12167
32
12695
110
12913
111
13098
110
13105
98
13251
32
13783
8
13912
8
14207
32
14398
97
14563
118
14863
101
15060
114
15268
110
15461
101
15674
32
15825
101
15937
32
20048
97
20272
118
20740
8
20889
8
21743
115
21840
97
22000
112
22118
101
22271
114
22380
101
22504
32
22703
99
22900
111
23210
115
23358
97
23460
32
24035
102
24219
97
24387
101
24562
110
25153
8
25296
8
25455
101
25751
110
26105
8
26227
8
26324
114
26536
101
27213
8
28214
110
28368
101
28987
46
29313
32
29634
0
29775
77
29936
97
32162
104
32448
44
32651
32
33739
109
33844
97
34180
103
34390
97
34595
114
34703
105
35020
13
35500
112
35939
111
36650
116
36732
114
36981
101
37166
105
37275
32
37444
109
37583
101
37785
116
38164
101
38653
8
39264
116
39412
101
39629
114
40019
105
40344
8
40638
109
40823
105
40913
32
41126
97
41222
32
41473
115
41647
99
41813
114
41902
105
42132
118
42210
101
42376
114
42430
101
42508
32
42735
112
42911
111
43290
101
43534
115
43702
105
44202
101
44510
32
45940
101
46107
32
47917
8
48060
8
48626
8
49327
44
49468
32
49703
108
49710
107
49776
101
49906
32
50226
8
50356
8
50478
8
50707
101
50835
32
51033
99
51125
111
51339
110
51910
115
52055
105
52166
100
52367
101
52574
114
52822
97
53079
116
53210
101
53660
32
53905
112
53975
101
54076
114
54316
115
54430
111
54616
110
54747
97
54934
108
55790
105
56062
0
56291
63
56532
32
56817
0
57270
73
57449
110
57579
32
57806
111
58014
103
58192
110
58372
105
58429
32
59000
13
59268
99
59420
97
59498
115
59637
111
59727
32
59970
110
60176
111
60380
110
60513
32
61426
115
61530
97
61777
114
61837
101
62005
98
62132
98
62235
101
62350
32
63033
102
63189
97
64458
99
64562
105
64738
108
64828
101
64996
32
65178
115
65303
99
65531
114
65609
105
65834
118
65898
101
66068
114
66153
101
66176
32
66648
112
66814
111
66994
101
67191
115
67327
105
67487
101
67657
32
67827
99
67918
104
68053
101
68147
32
68756
114
68917
105
69065
101
69152
109
69951
112
70432
105
70600
97
70869
109
71199
8
71585
110
71784
111
71864
32
72193
116
72378
117
72562
116
72704
116
72810
111
72913
32
73199
108
73424
111
73558
32
73931
115
74260
112
74397
97
74760
122
74897
105
75052
111
75372
13
75971
100
76147
105
76281
115
76363
112
76513
111
76769
110
76967
105
77912
98
78130
105
78311
108
78400
101
79229
44
79390
32
79563
97
79880
110
80018
99
80123
104
80222
101
80308
32
80733
117
80779
115
80849
97
80980
110
81139
100
81223
111
81326
32
81646
118
81795
101
81892
114
82136
115
82207
105
82288
32
82456
108
82655
105
83351
98
83498
101
83658
114
83987
105
85179
46
85363
32
85525
0
85740
67
85951
104
86046
101
86202
32
86429
100
86536
105
86990
114
87051
101
87786
44
87915
32
88310
103
88561
108
88786
105
89055
32
89286
0
89507
34
89755
97
89928
32
90079
99
90262
97
90374
112
90553
111
90747
0
91390
34
91651
13
91983
115
92221
111
92409
110
92610
111
92698
32
92856
105
93098
110
93255
32
94097
8
94967
8
95424
109
95626
112
95772
111
96060
116
96614
8
96735
8
96886
8
97542
112
97702
111
98373
114
98556
110
99270
8
99438
97
99826
8
00210
116
00458
97
00551
110
00697
116
00798
105
00900
32
01026
105
01197
110
01335
32
01718
112
01894
111
02033
101
02213
115
02347
105
02524
97
03118
44
03266
32
03434
100
03644
97
03875
110
03994
110
04193
111
04287
32
04437
105
04607
108
04722
32
05132
114
05348
105
05596
116
05713
109
05938
111
07276
46
07474
32
07631
0
07754
77
07917
97
07926
115
08018
32
08456
8
08562
8
08835
32
09124
100
09192
97
09433
98
09437
118
09560
118
09709
101
10049
8
10186
8
10322
8
10458
8
10572
8
11211
97
11481
118
11598
118
11795
101
11926
114
11993
111
12075
32
12464
112
12702
117
12892
111
13058
105
13174
32
13407
114
13557
105
13729
99
13811
111
14011
110
14186
111
14341
115
14493
99
14669
101
14831
114
15487
101
15718
13
16400
100
16529
97
16666
108
16798
32
16926
109
17097
105
17246
111
17342
32
17627
109
17842
111
17960
100
18049
111
18156
32
18780
100
18863
105
18940
32
19272
98
19460
97
19692
116
19825
116
20017
101
20302
114
20700
101
20868
32
21256
115
21439
105
21830
8
21963
8
22531
115
22686
117
22892
108
23012
108
23120
97
23247
32
23567
114
23879
8
23991
116
24222
97
24440
115
24674
116
24876
105
24990
101
25202
114
25460
97
25571
32
25744
99
25847
104
25987
101
26073
32
26745
115
26837
111
27052
110
27235
111
27320
32
27449
105
27613
111
27703
32
28174
101
28307
32
28488
110
28706
111
28910
110
29121
32
29614
113
29628
9
29729
117
29870
97
29998
108
30488
8
30604
8
30737
8
30856
8
30996
8
31751
113
31866
117
31998
97
32089
108
32590
99
32768
117
32937
110
33557
13
33705
97
33833
108
34079
116
34194
114
34772
111
35027
0
35206
63
35417
32
35562
0
35969
87
36183
32
36607
8
36720
8
36911
0
37281
69
37462
32
37575
99
37709
111
37907
109
37914
110
38004
101
38387
8
38498
8
38618
101
38809
32
39096
105
39279
110
39684
102
39795
108
39986
117
40108
101
40293
110
40652
122
40842
97
40945
32
41226
108
41544
8
41670
8
41794
8
42593
97
43303
110
43516
111
43624
32
43906
105
44128
108
44220
32
44737
114
44878
105
45218
99
45328
111
45689
110
45911
111
46337
115
46510
99
46677
105
46924
109
47020
101
47733
110
47971
116
48101
111
48221
32
48435
108
48534
101
48705
32
51903
99
52071
97
52309
110
52556
99
52737
108
53261
8
53391
101
53551
108
53667
108
53766
97
54299
116
54497
117
54623
114
54655
101
55143
0
56041
62
56746
8
56975
0
57558
63
60325
32
61010
0
61261
87
61283
101
61726
8
61849
8
61969
0
62177
69
62383
32
62617
108
62712
101
63044
13
63569
112
63646
97
64405
117
64731
115
64921
101
65846
0
65949
63
66857
32
67200
0
67952
68
68136
97
68247
118
68380
118
68463
101
68638
114
68677
111
68785
32
69197
117
69367
110
69490
32
69624
103
69779
105
69937
111
70145
114
70245
110
70457
111
70538
32
70718
109
70907
105
70982
32
71218
112
71227
91
71472
111
71483
105
71777
8
71894
8
72001
8
72478
105
72588
97
72818
99
72960
101
73114
114
73158
101
73317
110
73452
110
73559
101
73929
8
74060
8
74184
8
74731
110
75079
8
75404
98
75527
98
75633
101
75755
32
76148
115
76236
97
76395
112
76500
101
76656
114
77123
110
77208
101
77309
32
77584
100
77660
105
77766
32
77948
112
78231
105
78407
117
79024
39
79324
44
79853
8
80473
46
80635
32
80783
0
81005
65
81186
118
81311
101
81812
116
82067
101
82223
32
82568
105
82746
110
82879
32
83087
112
83105
111
83168
114
83553
8
83692
8
83821
8
84242
13
84778
112
84929
114
85050
111
85187
103
85277
101
85635
8
85767
114
86099
109
86259
109
86573
8
86686
8
86840
97
87025
109
87137
109
87246
97
87433
32
87738
117
87911
110
88036
32
88114
115
88237
101
88326
109
88781
105
89014
110
89165
97
89723
114
89844
105
90004
111
90073
32
90252
112
90344
101
90418
114
90607
32
91115
102
91296
97
91542
114
92095
8
92225
8
92347
8
93335
100
93582
105
93744
114
94017
99
94131
105
94231
32
95032
105
95529
110
95705
32
95902
115
96107
111
96262
108
96477
100
96680
111
96875
110
97051
105
97131
32
97847
101
98055
115
98149
97
98446
116
98557
116
98813
97
98915
109
99085
101
99184
110
99325
116
99421
101
99560
32
99931
99
00100
111
00326
110
00486
101
00634
8
00890
8
00958
8
01026
8
01095
8
01163
8
01231
8
01299
8
01369
8
01437
8
01505
8
01573
8
01643
8
01711
8
01838
8
01977
8
02362
99
02503
111
02705
109
02823
101
02988
32
03711
102
03887
117
04077
110
04268
122
04371
105
04512
111
04694
110
04814
101
05347
8
05456
97
05761
32
05995
113
06132
117
06283
101
06500
115
06633
116
06747
97
07349
32
07705
118
07927
111
08033
115
08251
116
08351
114
08597
97
09108
13
09836
116
10138
101
10308
111
10429
114
10661
105
10877
97
11138
0
11333
63
12028
32
12201
0
12358
67
12595
105
12672
97
12770
111
13357
44
13510
32
13660
0
13766
86
13969
105
14026
118
14125
105
14263
97
14367
110
14410
97
