69773
0
70046
67
70277
105
70361
97
70443
111
70542
32
70926
0
71202
68
71360
97
71518
110
71700
105
71808
101
71946
108
72030
101
72730
46
73488
32
73658
0
74420
67
74479
111
74687
109
74771
101
74883
32
75342
112
75485
114
75653
111
75911
115
76071
101
76338
103
76527
117
76635
101
76738
32
76988
108
77444
39
77624
101
77884
115
78097
112
78228
101
78400
114
78794
105
79031
109
79163
101
79275
110
79398
116
79506
111
79904
0
80526
63
80946
32
81357
0
81626
67
81899
114
81964
101
82139
100
82237
111
82332
32
82655
97
82765
32
83163
114
83319
105
83495
108
83591
101
83759
110
83912
116
84015
111
84449
44
84587
32
84791
118
84904
105
85018
115
85227
116
85307
111
85413
32
85657
99
85786
104
85919
101
85986
32
86193
108
86292
101
86368
32
87072
8
87624
13
88793
112
88927
101
89004
114
89239
115
89320
111
89526
110
89632
101
89719
32
90344
115
90433
97
90662
114
90894
97
91061
110
91178
110
91340
111
91425
32
91572
105
91756
110
91871
32
92065
118
92232
97
92474
99
92622
97
93045
110
94034
122
94235
97
94807
44
94940
32
95147
111
95238
32
95358
97
95550
32
96495
99
96698
111
96963
110
97120
102
97275
101
97365
114
97485
101
97721
110
98428
122
98645
101
98884
46
99426
32
99735
0
00037
84
00530
117
00631
32
01226
118
01528
97
01660
105
01744
32
01924
105
02401
110
02561
32
03111
118
03309
97
03527
99
03661
97
03920
110
04127
122
04281
97
04502
32
05148
111
05422
13
05849
114
05986
105
06170
109
06281
97
06416
110
06850
105
07263
32
07392
97
07515
32
07980
118
08114
101
08322
103
08489
108
08685
105
08901
97
09208
114
09327
101
09750
32
10066
108
10599
39
10782
101
11090
115
11232
112
11331
101
11575
114
11804
105
12159
109
12255
116
12413
110
12542
101
12875
8
13007
8
13143
8
13362
101
13627
110
13748
116
14583
111
14804
0
15255
63
15657
32
15993
0
17243
77
17467
97
17585
32
18286
102
18471
111
18570
114
18867
115
19016
101
19124
32
19338
110
19349
98
19715
8
20216
111
20417
110
20540
32
20825
101
21138
96
21295
32
21616
99
21710
111
21878
109
21961
101
22035
32
22269
117
22477
32
22602
32
22996
8
23499
110
23620
32
23826
101
24000
115
24155
112
24235
101
24374
114
24534
105
24705
109
24796
101
24948
110
25048
116
25897
111
26530
8
26787
8
26856
8
26925
8
26994
8
27062
8
27130
8
27198
8
27268
8
27336
8
27514
8
27661
8
27804
8
27955
8
28555
110
28684
32
28915
101
29438
115
29704
112
29813
101
30502
114
30632
105
30794
109
30870
97
31022
110
31134
116
31239
111
31772
8
31894
8
32030
8
32145
8
32279
101
32525
110
32676
116
32826
111
33151
13
33915
100
34042
105
34152
32
34413
99
34505
104
34666
105
34836
109
34997
105
35210
99
35390
97
35538
32
35767
111
35878
32
36388
102
36529
105
36797
115
37296
105
37500
99
37728
97
38343
44
38474
32
38697
112
38719
101
38802
114
38939
32
39068
99
39286
117
39831
117
40153
8
40389
105
40475
32
40918
117
41097
110
41276
111
41367
32
41485
100
41562
101
41859
118
42062
101
42185
32
42344
115
42520
116
42609
97
42797
114
42858
101
42906
32
43430
115
43672
118
43830
101
44063
103
44281
108
44472
105
44618
111
44712
32
45109
103
45303
105
45456
111
45569
114
45719
110
45889
111
45977
32
46094
101
46232
32
46486
110
46703
111
46808
116
46922
116
47085
101
47191
32
47698
13
48006
112
48081
101
48170
114
48360
32
49104
115
49262
101
49482
103
49681
117
49860
105
49968
114
50157
108
50356
111
51798
46
54724
32
55509
0
55800
85
55999
110
56120
32
56240
103
56396
105
56562
111
56696
101
56700
114
57166
8
57315
8
57555
114
58132
110
58326
111
58409
32
58568
100
58709
97
58923
118
59043
118
59141
101
59286
114
59390
111
59500
32
59944
118
60077
111
60299
114
60418
114
60497
101
60627
105
60736
32
61309
115
61360
97
61583
112
61765
101
61952
114
62557
101
62739
32
63015
115
63184
117
63395
32
63777
99
63971
104
64061
101
64179
32
64288
116
64427
105
64665
112
65049
111
65153
32
66095
100
66230
105
66309
32
66485
99
66709
97
67571
99
67851
108
68290
8
68416
8
68742
108
68856
99
69464
111
69624
108
69810
105
70380
13
71118
115
71261
99
71411
101
71675
110
72053
8
72199
8
72846
105
73026
110
73209
116
73372
105
73504
102
74618
105
74874
99
75015
105
75352
32
75774
115
75858
105
75940
32
76235
98
76399
97
76858
115
76993
97
78099
8
78355
8
78426
8
78491
8
78559
8
78629
8
78700
8
78765
8
78833
8
78903
8
78971
8
79039
8
79170
8
79310
8
79457
8
79687
101
80205
110
80360
116
80486
105
80739
102
80836
105
80966
99
81172
105
81355
32
81598
115
81709
105
81821
32
82455
98
82571
97
82685
115
82820
97
82929
32
83336
113
83599
117
83736
101
83918
115
84102
116
84272
111
84375
32
85539
101
85728
115
85880
112
85975
101
86109
114
86253
105
86432
109
86537
101
86675
110
86803
116
86917
111
87487
44
87624
32
87828
111
87987
112
88086
112
88481
117
88657
114
88726
101
88837
32
89069
115
89227
101
89345
32
89758
113
89959
117
90109
114
90115
101
90260
108
90387
108
90659
8
90864
8
90995
8
91160
8
91314
101
91542
108
91665
108
91835
111
91959
32
92481
99
92673
104
92774
101
92910
32
93009
115
93544
116
93779
97
93878
105
94574
13
95549
99
95716
101
96451
114
96649
99
96823
97
97003
110
97147
100
97245
111
97356
32
97497
101
98094
96
98183
32
98395
100
98460
101
98716
108
98835
108
99082
39
99360
101
99638
118
99770
105
01026
100
01089
101
01266
110
01551
122
01703
97
01785
32
02005
115
02135
112
02255
101
02409
114
02542
105
02721
109
02803
101
02995
110
03114
116
03333
111
03339
105
03722
8
03839
8
03938
97
04500
108
04618
101
05262
32
05562
112
05691
101
05725
114
05879
32
06140
112
06349
111
06570
105
06664
32
06868
99
07072
114
07150
101
07365
97
07578
114
07672
101
08051
32
08469
117
08663
110
08736
97
08845
32
09369
116
09503
101
09898
111
10512
114
10687
105
10795
97
11309
13
11509
97
11684
32
11935
112
12003
114
12146
111
12424
112
13076
111
13253
115
13456
105
13558
116
13706
111
14522
46
15013
32
17256
0
17432
67
17602
101
17757
114
17910
111
18032
116
18050
32
18439
99
18768
8
18908
8
19046
8
19447
8
19571
116
19709
111
19803
32
19957
99
20083
104
20219
101
20307
32
20526
108
20624
97
20729
32
20989
115
21245
101
21536
99
21783
117
21939
114
22190
105
22364
116
22473
121
22591
32
22740
101
23116
96
23275
32
23723
109
23905
111
24051
108
24148
116
24254
111
24337
32
24882
105
25073
110
25219
116
25317
101
25416
114
25550
101
26035
97
26148
97
26597
8
26861
115
27107
8
27232
8
27332
115
27449
115
27578
97
28277
110
28375
116
28435
101
28693
46
28875
32
29015
0
29140
112
29305
101
29409
114
29450
32
30076
8
30209
8
30349
8
30480
8
30725
0
30960
80
31153
101
31237
114
31302
32
31873
117
32054
110
32185
32
32407
112
32491
101
32580
114
32781
105
32951
111
33169
115
33338
111
33676
8
33811
8
33952
8
34085
8
34231
8
34376
8
34797
8
34982
13
35590
112
35729
101
35742
119
35887
114
36495
8
36672
8
37253
114
37462
105
37604
111
37961
100
38068
111
38153
32
38333
97
38548
98
38715
101
39042
8
39640
8
39943
118
40042
101
40356
118
40772
111
40878
32
41086
99
41177
111
41378
109
41907
105
42078
110
42215
99
42357
105
42505
116
42946
8
43393
97
44068
116
44225
111
44320
32
44487
97
44591
32
44922
115
45210
116
45479
117
45641
115
45982
8
46078
100
46256
105
46342
97
46600
114
46688
101
46949
32
48486
117
48666
110
48784
32
49013
112
49174
111
49389
39
49604
32
49883
100
49983
105
50045
32
50251
99
50361
111
50592
115
50788
101
51395
44
51528
32
51697
109
51767
97
51869
32
52396
112
52554
111
52715
105
52818
32
53590
110
53792
111
53990
110
54271
13
54746
104
54938
111
55050
32
55218
109
55295
97
55442
105
55540
32
56188
109
56378
101
56688
115
56810
115
56943
111
57012
32
57180
105
57354
110
57473
32
57714
112
57833
114
58096
116
58339
105
58538
99
58701
97
58793
32
58963
110
59129
117
59356
108
59460
108
59613
97
60412
8
60667
8
60737
8
60805
8
60873
8
60942
8
61117
8
61253
8
61391
8
61534
8
61721
97
62262
116
62423
105
62577
99
62734
97
63035
32
63362
110
63539
117
63771
108
63881
108
63999
97
64567
46
64761
32
64935
0
65043
86
65222
104
65431
105
65564
115
65688
115
65756
97
66099
8
66228
8
66359
8
66499
8
66643
8
66780
8
66902
8
67158
0
67648
32
67917
0
68309
67
68557
104
68764
105
68890
115
69006
115
69115
97
69684
96
69938
44
70062
32
70396
102
70602
111
70707
114
70919
115
71080
101
71175
32
71592
117
71778
110
71880
32
72029
103
72161
105
72320
111
72453
114
72614
110
72813
111
73481
32
74267
109
74453
105
74529
32
75203
99
75327
105
75665
13
76201
116
76541
8
76651
114
76827
105
77035
109
77366
101
77675
116
77796
116
77910
101
78048
114
78177
111
78708
96
80281
46
80536
32
80702
0
80801
65
80968
109
81089
109
81559
101
81776
115
81908
115
81968
111
82040
32
82200
99
82296
104
82402
101
82481
32
82690
105
82842
111
82920
32
83240
110
83362
101
83452
32
83607
115
83718
105
83836
97
83959
32
84270
99
84460
97
84636
112
85001
97
85543
99
85711
101
86031
46
86167
46
86681
46
86978
32
87245
0
87491
80
87734
101
87831
114
87906
32
88123
97
88381
100
88452
101
88713
115
88817
115
88921
111
89358
32
89975
102
90124
97
90354
99
90455
99
90551
105
90697
111
90760
32
91072
105
91290
108
91993
13
92566
116
92748
117
92916
111
93019
32
93199
101
93728
115
94135
101
94548
8
94788
112
94804
111
94892
101
95252
8
95362
8
95497
101
95985
114
96138
105
96325
109
96456
101
96599
110
96713
116
96861
111
98040
0
98386
32
98866
8
98995
0
99218
33
99743
32
99898
32
00027
0
00267
86
00471
105
00508
118
00615
105
00776
97
00856
110
00891
97
