31159
99
31279
105
31406
97
31475
111
31599
32
32030
100
32136
97
32328
110
32487
105
32607
97
32754
108
32868
101
33570
8
33696
8
33825
8
33967
101
34534
108
34667
101
34886
44
35027
32
35253
105
35417
108
35495
32
35576
115
35765
101
35827
110
36175
115
36314
111
36436
32
37221
100
37349
105
37437
32
37591
99
37725
111
37888
108
38099
112
38346
32
38477
97
38758
8
38868
8
38975
97
39149
32
39534
109
39716
105
39785
32
39966
100
40065
105
40268
118
40432
111
40611
114
40835
97
40956
32
41162
109
41262
97
41365
32
42811
105
42978
108
43092
32
43195
116
43262
101
43405
109
43620
112
43804
111
43902
32
44298
97
44477
110
44605
99
44741
104
44822
101
45066
32
45255
101
45442
32
45933
110
46137
111
46328
110
46456
32
46557
114
46717
105
46812
101
47022
115
47224
99
47319
111
47397
32
47644
109
47753
97
47880
105
47960
32
48249
97
48333
32
48600
114
48738
105
48893
97
49026
110
49376
8
50179
8
50342
8
50497
8
51264
13
52456
8
52994
8
53158
8
53308
8
53439
8
53583
8
53709
8
53842
8
53990
8
54133
8
54282
8
54433
8
54587
8
54771
8
54963
8
55111
8
55245
8
55355
8
56008
13
57921
110
58119
111
58324
110
58814
32
59367
114
59532
105
59648
101
59823
115
60011
99
60122
111
60202
32
60457
109
60563
97
60716
105
60922
32
61097
97
61220
32
61714
114
61832
105
61938
119
61943
101
62035
110
62459
8
62607
8
63001
8
63201
101
63332
109
63572
112
64086
105
64242
114
64317
101
64388
32
64673
99
64763
111
64980
110
65111
32
65250
114
65332
101
65998
103
66126
111
66280
108
66388
97
66712
116
67016
8
67124
114
67287
105
67466
116
67765
97
67998
96
68095
32
68482
113
68658
117
68717
101
68887
115
69098
116
69277
111
69391
32
70012
116
70164
117
70460
111
70574
32
70920
115
71147
112
71296
97
71946
122
72076
105
72233
111
72576
13
72842
99
73018
104
73149
101
73242
32
73702
105
73905
109
74025
109
74195
97
74415
103
74540
105
74710
110
74892
111
74977
32
75168
112
75264
114
75383
101
76085
122
76220
105
76351
111
76547
110
76905
8
77137
115
77324
111
77569
32
77793
112
77909
101
78003
114
78092
32
78477
108
78882
39
79036
101
79296
115
79442
112
79535
101
79775
105
79925
116
80522
8
80904
8
81023
114
81306
105
81456
101
81543
109
81676
101
81800
110
81903
116
82203
8
82336
8
82486
8
82605
8
83093
109
83211
101
83329
110
83446
116
83596
111
83954
8
84080
8
84227
8
84358
8
84495
8
84608
8
84945
109
85072
101
85204
110
85310
116
85448
111
85939
32
86120
115
86355
116
86536
111
86671
32
87170
102
87331
97
87512
99
87653
101
87803
110
87860
100
88065
111
88762
32
89180
117
89362
110
89496
32
89610
101
89799
115
89968
112
90065
101
90745
114
90873
105
91063
109
91166
101
91304
110
91390
116
91655
111
92183
13
92722
97
93124
110
93318
99
93438
104
93722
39
93943
105
94117
111
94174
32
94376
99
94513
105
94695
111
94858
101
95099
96
95189
32
95464
100
95553
105
95645
32
95793
115
95959
99
96137
114
96286
105
96666
8
96813
8
96955
8
97086
8
97229
8
97362
8
97505
8
97637
8
98109
32
98474
113
98615
117
98718
101
98863
108
98992
108
99179
111
99253
32
99744
100
99840
105
99927
32
00133
115
00302
99
00505
114
00602
105
00850
118
00920
101
01073
114
01156
101
01191
32
01396
115
01549
101
01684
110
01916
122
02119
97
02268
32
02726
112
03085
117
03266
110
03423
116
03536
101
03808
103
03914
103
04096
105
04241
97
04443
116
04678
117
05883
114
06108
97
06747
32
06932
99
07107
111
07225
115
07425
105
07997
39
08321
32
08725
109
08939
105
09012
32
09893
115
10036
101
10392
110
10518
116
10878
111
11231
13
12239
112
12408
97
12625
114
12781
116
12924
101
13066
32
13359
100
13631
105
13779
32
14213
117
14419
110
14735
39
14961
97
15181
118
15299
97
15414
110
15617
103
15968
117
16123
97
16250
110
16583
103
17783
8
17924
8
18970
114
19137
100
19293
105
19404
115
19545
32
20130
8
20260
8
20386
97
20655
32
20808
115
21373
116
21535
105
21752
108
21941
105
22074
115
22292
116
22423
105
22569
99
22759
97
22949
44
23137
32
23342
109
23467
97
23714
8
23848
8
23987
8
24119
8
24367
32
24574
107
24583
109
24690
97
24784
32
25055
8
25196
8
25352
8
25474
8
25772
109
25896
97
26000
32
26323
99
26529
104
26626
101
26747
32
26871
97
27070
118
27152
97
27305
110
27628
103
27884
117
28070
97
28322
114
28504
100
28726
105
28820
97
29478
32
29740
99
30274
114
30524
101
30743
100
30916
111
31019
32
31077
99
31255
104
31341
101
31470
32
31913
13
32293
119
32648
8
32773
101
32973
115
33117
112
33233
101
33936
114
34011
114
34157
105
34362
109
34933
8
35048
8
35226
8
35598
105
35842
109
35956
101
36083
110
36171
116
36316
105
36582
32
36836
99
36952
111
37143
109
37272
101
37344
32
37837
113
38000
117
38161
101
38372
115
38595
116
38739
111
38829
32
39209
108
39427
105
39505
32
39645
97
39802
98
39935
98
40143
105
40287
97
40463
110
40481
98
40706
111
40825
32
41062
8
41202
8
41324
8
41638
111
41746
32
42223
103
42423
105
42668
97
43710
96
43891
32
44108
102
44282
97
44532
116
44644
116
44719
105
44803
32
45292
100
45474
97
45584
32
45826
0
46797
74
47478
121
47736
99
47923
101
48055
32
48228
99
48365
111
48787
8
48929
8
49068
8
49209
8
49348
8
49488
8
50299
111
50569
121
50922
99
51116
101
51210
32
51397
99
51507
111
51723
110
51853
32
52256
105
52435
108
53689
13
53878
102
54197
108
54416
117
54571
115
54699
115
54797
111
54916
32
55020
100
55119
105
55215
32
55822
112
55923
101
56136
110
56239
115
56403
105
56876
101
57052
114
57307
111
57591
32
57743
97
57847
32
58894
8
59167
105
59265
32
59474
102
59660
117
59901
116
60147
117
61498
114
61649
105
62085
115
62332
116
62447
105
62531
32
62722
112
62814
101
62877
114
63024
32
63326
116
63428
101
63627
110
64020
8
64157
8
64285
8
64897
8
65052
8
65195
8
65329
8
65722
101
66092
47
66364
111
66468
32
66803
100
67223
97
67456
100
67667
97
68262
105
68462
115
68669
105
68774
116
68901
105
69593
8
69730
8
69870
8
70015
8
70142
8
71191
105
71388
115
71616
115
72087
8
72582
116
72592
114
72702
105
73047
8
73169
8
73461
105
73586
32
73851
112
74013
101
74023
114
74158
116
74176
32
74547
8
74875
8
75184
32
75403
114
75452
101
75709
110
75884
100
75972
101
76126
114
76213
101
76254
32
76507
108
76586
97
76710
32
77100
112
77230
97
77828
114
77940
111
78118
108
78199
97
78668
13
79579
118
79755
101
79933
108
80108
111
80394
99
80665
101
80847
32
81713
101
82365
47
82643
111
82997
32
83725
99
84001
117
84260
98
84470
117
84917
99
85107
97
85263
32
85456
101
85758
8
85902
8
86039
8
86207
8
86350
8
86497
8
86633
8
86844
8
88703
112
88863
114
88986
105
89215
109
89411
105
89923
116
90070
105
90258
118
90498
97
91756
32
91936
97
92029
32
92273
112
92375
114
92497
111
92663
112
92879
111
93077
115
93349
116
93458
105
93873
97
94202
8
94348
8
94494
8
95030
105
95221
116
95295
111
95424
32
95643
100
95715
105
95772
32
95953
112
96076
114
96221
105
96407
109
96598
105
96761
116
97329
105
97518
97
97987
8
98143
118
98331
97
98614
32
98784
99
99008
114
99263
101
99984
100
00173
111
00300
32
00453
99
00584
104
00711
101
00816
32
01053
108
01141
97
01254
32
01498
112
01823
117
01998
110
02166
116
02253
101
02485
103
02604
103
02837
105
02952
97
03199
116
03446
117
03596
114
03884
97
04404
13
05105
100
05222
100
05528
8
05670
115
05795
105
05894
97
06206
8
06346
8
06482
8
06620
8
06765
115
06930
105
07028
97
07487
32
07790
115
08038
116
08127
97
08284
116
08446
97
08700
32
09052
105
09238
110
09407
116
09468
114
09628
111
10074
100
10200
111
10496
116
10600
116
11353
32
11858
8
12102
97
12261
32
12474
109
12692
111
12895
108
13009
116
13143
111
13264
32
14033
100
14249
111
14453
112
14611
111
14708
32
14876
108
14991
97
15112
32
15380
115
15565
99
15775
114
15873
105
16020
116
16137
116
16291
117
16887
114
17142
97
17265
32
17693
118
17868
101
18000
114
18189
97
18272
32
18461
101
18557
32
19000
112
19135
114
19286
111
19495
112
19633
114
20385
105
20542
97
21569
32
21764
101
22571
114
22802
97
22963
32
23126
99
23250
104
23383
101
23901
13
24902
8
26033
8
26735
105
26953
32
27193
108
27317
101
27714
8
27856
8
28210
13
28958
108
29107
101
29790
103
29919
103
30078
101
30431
118
30540
97
30641
32
31372
99
31522
104
31643
101
31754
32
32217
100
32496
118
32612
97
32716
32
33246
8
33373
8
33716
8
33888
97
34644
118
34730
101
34826
32
35304
105
35473
108
35570
32
36433
8
36565
8
36711
8
36858
8
36972
8
37294
97
37445
32
37961
117
38247
8
38460
105
38645
59
38653
108
39127
8
39224
8
40216
108
40765
118
41111
114
41344
105
41534
116
41691
109
41904
111
42318
8
42447
8
42590
8
42723
8
42867
8
42971
8
43390
32
43655
114
43825
105
43978
116
44113
109
44373
111
45753
32
46005
112
46098
101
46203
114
46362
105
46800
8
47636
111
47750
96
48067
32
48457
108
48597
97
48660
32
48861
112
49054
117
49217
110
49388
116
49771
101
50140
103
50263
103
50374
105
50552
97
50834
116
50995
117
51128
114
51502
97
51618
32
51782
101
51877
32
52290
113
52415
117
52645
105
53638
110
53795
100
53801
102
53992
105
54344
8
54461
8
54814
105
54938
32
55343
105
55533
108
55657
32
56019
114
56145
105
56313
116
56496
109
56709
111
56777
32
56976
112
57290
117
57527
111
58384
96
58552
13
58941
102
59133
97
59329
114
59463
32
59778
99
60033
109
60169
97
60286
110
60692
8
60826
8
60957
8
61072
97
61695
109
61927
98
62124
105
62233
97
62450
114
62513
101
62565
32
62793
105
62974
108
63065
32
63163
115
63336
101
63461
110
63867
115
64014
111
64026
112
64107
32
64529
8
64656
8
64845
32
64998
100
65128
105
65225
32
65844
117
66015
110
66149
97
66256
32
66733
102
66881
114
67146
97
67359
115
67567
101
68308
44
68719
8
71515
32
71796
109
71919
101
72134
103
72265
108
72463
105
72628
111
72729
32
72847
99
72983
104
73105
101
73162
32
73387
108
73460
97
73582
32
73816
112
73996
111
74088
114
74586
8
74692
8
74868
114
75067
111
75234
115
75341
115
75438
105
75601
109
75693
97
75812
32
76513
118
76766
111
76773
112
76920
108
77306
8
77433
8
78147
108
78335
116
78559
97
78922
13
79484
108
79615
97
79745
32
79875
114
80032
105
80189
109
80331
101
80564
116
80674
116
80950
97
