11398
0
11679
67
12078
105
12408
97
12724
105
13329
8
13855
111
14285
44
14454
32
14779
101
14997
99
15112
99
15368
111
15566
109
15738
105
15803
32
16013
99
16242
111
16413
109
16679
101
16758
32
17102
112
17486
114
17752
111
17982
109
18250
101
18428
115
18542
115
18835
111
18855
105
18944
32
19708
8
19998
8
20572
44
20707
32
21010
97
21129
32
21355
102
21465
97
21569
114
21727
101
22043
32
25465
105
25674
108
25801
32
26246
109
26432
105
26740
100
26838
111
27120
8
27249
8
27408
8
28055
105
28200
111
28287
32
28753
100
28925
111
29167
118
29340
101
29429
114
29560
101
30045
32
30438
112
30522
101
30597
114
30728
32
31529
108
31762
39
31953
101
32182
115
32313
112
32403
101
32593
114
38594
105
38774
109
38889
101
39027
110
39102
116
39259
111
40117
13
48681
8
49927
46
50934
13
68861
8
69845
13
76194
0
76945
68
77151
111
77383
118
77599
114
77697
101
77808
105
77931
32
78226
97
78482
110
78746
111
79160
8
79519
99
79757
111
79865
114
80060
32
80258
97
80665
8
80779
8
80949
97
81326
32
81608
102
81763
97
81987
114
82282
110
82375
101
82498
32
83898
52
84079
32
84521
115
84693
101
84759
32
84943
110
85146
111
85344
110
85587
8
85716
8
85862
8
85987
8
86122
8
86249
8
86394
8
87905
8
88619
51
88808
44
88958
32
89489
115
89667
101
89958
110
90307
8
90531
32
90848
110
91041
111
91223
110
91355
32
91399
115
91654
98
91965
97
92297
103
92441
108
92651
105
92816
111
93569
44
93715
32
93914
118
94360
101
94558
114
94716
111
94966
0
95532
63
98327
32
98443
0
98533
65
98680
118
98820
101
98898
118
99248
105
99784
32
00083
100
00152
101
00415
116
00545
116
00678
111
00782
32
01528
100
01621
105
01703
32
01888
109
01976
97
02121
110
02254
100
02352
97
02616
114
02812
110
02946
101
03039
32
03731
13
04438
100
04817
117
04951
101
09765
44
09922
32
10351
112
10538
105
10678
117
10941
39
11120
32
11316
116
11528
97
11693
114
11873
100
11990
105
12083
32
12368
110
12492
114
12501
101
12582
32
13021
8
13139
8
13264
8
13439
101
14023
32
14314
102
14529
97
14757
99
14870
99
14988
105
15172
111
15252
32
15721
117
16017
110
16698
32
16875
97
16976
108
17537
116
17654
114
17828
111
18951
46
21141
0
22487
0
22867
65
23111
114
23337
103
23551
111
23739
109
23845
101
23996
110
24103
116
24261
111
24491
32
24833
100
24984
8
25135
8
25265
8
25394
8
25514
8
25646
8
25778
8
25906
8
26042
8
26172
8
26342
8
26673
32
26765
0
26864
65
27458
114
27640
111
27655
105
28040
8
28357
103
28665
8
28786
8
28884
103
29073
111
29476
109
29573
101
29701
110
29801
116
29909
111
29992
32
30121
100
30195
101
30289
108
30394
32
30894
103
31053
105
31209
111
31300
114
31446
110
31658
111
31840
0
32176
58
32347
32
32577
105
32745
108
32834
32
32919
116
33008
101
33124
109
33345
112
33523
111
34315
46
34549
13
35161
0
35549
78
35753
111
35920
110
36052
32
36229
109
36396
105
36483
32
36698
112
36883
105
37018
97
37221
99
37362
101
37556
32
37939
113
38150
117
38288
101
38487
115
38703
116
39012
111
39121
32
39727
116
39819
101
39992
109
40240
112
40440
111
40538
32
40862
0
41532
34
41815
99
41963
97
42118
108
42125
59
42314
100
42471
105
42623
99
42730
99
42848
105
43021
111
43311
8
43563
8
43631
8
43700
8
43768
8
43835
8
43907
8
44035
8
44805
108
45017
100
45156
105
45293
99
45413
99
45489
105
45668
111
45844
0
46409
34
46924
44
47096
32
47303
109
47543
105
47663
32
48216
102
48400
97
48510
32
49667
109
49759
97
49888
108
50000
32
50020
101
50244
97
50434
108
50544
108
50657
101
50958
8
51077
8
51208
8
51338
8
51465
8
51710
8
51851
101
52078
32
52250
97
52373
108
52495
108
52853
97
53012
32
53478
99
53904
8
54056
103
54205
111
54375
108
54443
97
55089
46
55257
32
55418
0
55559
83
55793
101
55904
32
56716
100
56848
101
57054
118
57202
101
57278
32
57738
102
57949
97
58172
114
58332
13
59252
102
59455
114
59644
101
59879
100
59987
100
60099
111
60371
44
60527
32
60687
99
60898
104
61010
101
61100
32
61408
102
61601
97
61816
99
61943
99
62076
105
62265
111
62397
32
62994
8
63107
8
63242
97
63438
32
63896
102
64085
114
64178
101
64430
100
64545
100
64625
111
64704
32
64874
105
65073
110
65216
32
65389
109
65575
111
66064
100
66179
111
66274
32
66468
97
66752
112
66867
112
67043
114
67699
111
68058
114
68181
112
68397
105
68638
97
68943
114
69200
8
69331
8
69470
8
69605
8
69722
8
70323
112
70518
114
70640
105
70891
97
71161
116
71369
111
73239
0
73535
33
76159
32
77486
0
77826
83
78018
111
78262
110
78460
111
78542
32
79489
110
79710
111
80024
105
80288
111
80872
115
80967
97
81293
44
81417
32
81594
108
81751
111
82640
32
82748
115
82887
111
83594
44
83908
13
84121
99
84399
104
84515
101
84648
32
85179
99
85333
105
85430
32
85571
112
85729
111
85833
115
85956
115
86043
111
86104
32
86724
102
86875
97
87071
114
87159
101
87936
44
88087
32
88261
109
88507
105
88629
32
89029
112
89251
105
89471
97
89683
99
89870
101
89989
114
90107
101
90230
98
90359
98
90460
101
90618
32
07066
99
07226
104
07358
101
07403
32
07621
108
07693
97
07821
32
08003
109
08218
105
08346
97
08515
32
08724
103
08909
111
09071
108
09083
111
09197
97
09317
32
09684
102
10105
111
10299
115
10425
115
10595
101
10684
32
11095
8
11348
8
11416
8
11484
8
11553
8
11621
8
11762
8
11896
8
12044
8
12481
97
12606
32
13090
102
13239
111
13450
115
13572
115
13686
101
13800
32
14268
112
14490
105
14640
117
14933
39
15228
32
16256
114
16397
111
16678
98
16874
117
17055
97
17267
116
17811
8
17953
8
18079
115
18285
116
18524
97
19174
44
19423
13
20455
109
20569
97
20649
32
21452
112
21550
97
21728
114
21829
101
21890
32
22062
99
22159
104
22253
101
22316
32
22476
110
22664
111
22836
110
22950
32
23154
108
23306
111
23399
32
23488
115
23550
105
23700
97
25137
46
25419
32
26183
0
29738
0
30099
0
30384
69
31093
112
31213
112
31579
117
31651
114
31700
101
31813
32
32016
108
33426
39
33701
105
33901
110
34283
102
34404
108
34643
117
34750
101
34940
110
35124
122
35345
97
35463
32
35846
118
35991
101
36096
114
36326
97
36414
32
36652
110
36859
111
37032
110
37140
32
37250
101
37480
96
38532
32
38835
110
39424
8
39565
97
39742
110
39883
99
40028
111
40185
114
40400
97
40496
32
40799
97
41226
114
41353
114
41531
105
41747
99
42079
8
42187
8
42910
105
43233
118
43317
97
43513
116
43729
97
44273
13
44907
97
45140
99
45278
99
45362
105
45553
100
45652
101
45903
8
46056
8
46190
8
46481
8
46636
8
46798
8
46944
8
47282
8
48147
97
48572
46
49075
13
50022
0
50240
81
50438
117
50559
101
50741
115
50949
116
51299
39
51483
97
51700
110
51807
110
52006
111
52087
32
52255
100
52355
105
52525
99
52615
111
52880
110
53063
111
53154
32
53592
100
53607
115
53746
97
54082
8
54211
8
54443
115
54547
97
54802
114
55083
97
55256
8
55388
8
55546
8
55644
8
55793
8
56148
115
56233
97
56463
114
56639
97
56880
96
57004
32
57690
116
57789
101
57928
101
57979
114
58102
114
58265
105
58480
98
58670
105
58961
8
59087
8
59222
8
59356
8
59492
8
59601
8
60045
114
60163
114
60339
105
60954
98
61062
105
61254
108
61341
101
64877
46
65089
32
65410
0
65728
77
65905
97
65965
32
66272
102
66426
111
66520
114
66709
115
66862
101
66946
32
67084
116
67541
117
67702
116
67844
116
67884
105
68000
32
68504
103
68624
108
68811
105
68910
32
69150
97
69264
110
69392
110
69594
105
69675
32
69802
101
70292
96
70460
32
70754
99
70883
111
70998
115
71112
105
71914
39
72841
46
73448
13
79895
0
80073
76
80336
39
80842
105
81011
109
81210
112
81380
111
81490
114
81618
116
81872
97
82419
110
82595
116
82685
101
82784
32
82961
101
83075
32
83532
8
83619
96
83831
32
94904
99
95209
117
95355
114
95598
97
97069
114
97255
115
97380
105
97457
32
97774
98
97920
101
98061
110
98153
101
98280
32
98466
101
98565
32
99280
110
99485
111
99661
110
99786
32
00885
102
01119
97
01859
8
02002
8
02195
8
02668
32
04108
8
04257
8
04408
8
04559
8
04688
8
04959
8
05150
8
05866
46
06129
32
06303
0
06422
66
06640
104
06709
97
07369
8
07486
8
07646
97
08284
104
08535
44
08677
32
08909
99
09039
104
09152
101
09230
32
09381
110
09573
111
09895
105
10148
97
10246
32
10495
112
10576
97
10774
114
10974
108
11021
97
11744
114
11826
101
11917
32
12092
100
12192
105
12297
32
12485
105
12746
110
13308
102
13447
108
13668
117
13788
101
14033
110
14313
122
14554
97
15015
0
15402
33
16073
13
38335
0
38562
80
38783
97
39023
114
39140
108
39264
97
39917
8
40154
105
40235
97
40348
109
40533
111
40578
32
41001
100
41105
105
41174
32
42102
114
42325
97
42614
102
42735
102
42896
114
42917
101
43439
115
43563
115
43629
111
43807
114
43922
101
44146
8
44272
8
44401
8
44529
8
44650
8
45127
100
45245
100
45366
111
45693
114
45803
101
46228
32
46575
105
47019
8
47272
8
47340
8
47409
8
47477
8
47545
8
47613
8
47829
8
48531
101
48746
100
48870
100
49027
111
49232
114
49483
101
50535
44
50669
32
50902
105
51088
110
51236
118
51373
101
51587
99
51598
120
51817
101
52177
8
52290
8
52395
101
52736
0
53000
33
53670
32
53825
32
54120
0
54578
83
54856
116
54865
114
55064
111
55084
105
55148
32
55421
8
55555
8
55687
8
56055
8
56556
111
56635
32
56808
115
57117
116
57240
97
58148
114
58375
110
58540
117
59222
116
59324
101
59531
110
60102
100
60221
111
60308
32
60486
99
60554
111
60720
109
60811
101
60911
32
61283
117
61471
110
61591
97
61650
32
61840
109
61971
97
62412
116
62577
116
62833
97
63353
44
63554
13
64288
109
64420
97
64684
103
64891
97
65160
114
65332
105
65387
32
65588
101
65870
96
66004
32
66191
97
66294
108
66397
108
66538
101
66753
114
66985
103
67149
105
67419
97
67664
44
67782
32
67947
109
68029
97
68122
32
68302
97
68463
108
68588
108
68690
101
68860
114
69064
103
69246
105
69394
97
69553
32
69680
97
69777
32
69919
99
70582
111
70639
115
70752
97
70876
32
71660
8
72112
44
72251
32
72493
105
72673
110
72801
32
72905
97
73156
117
73351
116
73621
117
74150
110
74262
110
74495
111
74843
0
75210
63
75538
32
75790
0
76126
80
76330
114
76433
101
76576
32
77062
8
77174
8
77332
8
77713
101
77813
114
78060
32
78330
111
78587
114
78813
97
79065
13
79620
116
79784
105
79871
32
80037
108
80100
97
80410
115
80559
115
80771
99
81036
105
81399
8
81517
8
81654
8
82294
99
82441
105
82583
111
82883
44
83074
32
83559
102
83709
97
83940
114
84179
111
84660
96
84765
32
85060
117
85244
110
85377
32
85759
97
85887
108
86087
116
86202
114
86266
111
86369
32
86635
101
86953
120
87217
112
87326
32
87521
112
87706
105
87848
117
88694
39
88889
32
89292
116
89593
97
89799
114
90011
115
90380
8
90495
100
90624
105
90875
46
