02902
0
03146
69
03360
99
03474
99
03569
111
03759
109
03930
105
04020
32
04532
113
04697
105
04713
117
05191
8
05355
8
05834
117
06020
105
06031
111
06116
32
06265
97
06547
8
06675
8
06793
8
07051
32
07152
97
07791
32
08509
102
08636
97
08827
114
08904
101
08964
32
09478
108
09994
39
10259
117
10458
108
10634
116
10695
105
10870
109
11029
111
11082
32
11297
99
11589
97
11749
109
12270
112
12487
105
12623
111
12896
110
13063
101
13247
32
13412
100
13484
101
13572
108
13695
108
13779
97
14013
32
14254
115
14475
101
14631
114
14965
105
15095
101
15230
32
15463
112
15496
101
15564
114
15723
32
16181
108
16659
39
16832
101
17022
115
17166
112
17288
101
17449
114
17580
105
17766
109
17849
101
17991
110
18120
116
18227
111
19357
44
19665
13
20252
105
20452
110
20798
99
20953
114
21033
101
21215
100
21311
105
21762
98
22014
105
22184
108
22294
101
22378
32
22544
109
22645
97
22715
32
22963
118
23125
101
23258
114
23398
111
23483
32
23676
115
23910
116
24012
111
24094
32
24733
102
24877
105
25074
110
25156
101
25320
110
25503
100
26793
111
26907
32
27024
97
27199
110
27343
99
27526
104
28146
39
28382
105
28527
111
29682
46
30028
32
30250
0
30717
70
30934
97
31198
99
31333
99
31449
105
31608
111
31693
32
32151
97
32356
110
32497
99
32616
111
32720
114
32928
97
33003
32
33239
108
33348
101
33458
32
33685
109
33865
105
34288
101
35101
32
35255
115
35389
99
35669
117
35806
115
36047
101
36511
13
36855
112
36925
101
37040
114
37227
32
37730
101
37931
115
38042
115
38217
101
38416
114
38482
101
38805
32
38961
115
39131
116
39253
97
39310
116
39475
97
39657
32
40098
108
40351
39
40959
8
41100
8
41225
8
41347
8
41484
8
41612
8
41751
8
41883
8
42505
108
42861
39
43218
117
43480
108
43869
116
43969
105
44163
109
44253
97
44499
32
44794
97
44905
32
45975
102
46084
105
46279
110
46832
105
46955
114
47033
101
47381
32
03871
8
04621
44
04749
32
04940
109
05038
97
05165
32
05760
115
05943
112
06100
101
06248
114
06390
111
13112
32
24723
99
24916
104
25031
101
25151
32
25897
100
26307
8
26540
115
26740
101
26981
114
27739
99
28046
8
28152
118
28269
101
28553
32
30065
8
30187
8
30354
97
31406
0
31724
33
32442
32
87897
0
88068
65
88195
108
88315
108
88484
111
89151
114
89379
97
89659
44
89834
32
32983
113
33104
117
33228
97
33346
110
33469
100
34574
39
34754
101
35060
96
35249
32
35519
99
35639
104
35746
101
35835
32
36456
13
37090
99
37234
105
37316
32
37628
102
37809
97
38037
116
38044
114
38140
101
38168
32
38494
8
38640
8
38758
8
39171
101
39390
32
39727
117
39906
110
40053
32
40140
115
40218
101
40339
109
40530
105
41116
110
41220
97
41823
114
42037
105
42185
111
63953
32
84593
112
84670
101
84744
114
84904
32
85228
115
85352
112
86008
105
86128
101
86893
103
87151
97
87388
114
87580
99
87692
105
88370
32
95970
116
96080
117
96225
116
96370
116
96480
111
96613
32
97129
118
97136
99
97242
105
97644
8
97786
8
97942
8
98486
111
98603
32
98830
113
98987
117
99100
97
99276
108
99311
115
99887
8
00016
8
00169
115
00333
105
00449
32
00830
99
00986
105
01229
111
01613
96
01761
32
02053
99
02192
104
02372
101
02448
32
02645
102
02843
97
03081
116
03163
101
04174
0
04385
63
04981
13
05878
0
06701
67
06934
105
07031
32
07121
115
07207
105
07366
97
07475
109
07711
111
07829
32
08330
8
08487
8
08765
8
08939
8
09097
8
09228
8
09367
8
09497
8
09696
8
10257
0
10601
67
10890
114
11038
101
12197
100
12302
111
12391
32
12479
99
12673
104
12692
101
12859
32
13069
99
13358
105
13718
32
14044
115
14325
97
15021
8
15753
105
15858
97
16006
32
16540
116
16679
117
16806
116
16938
116
16996
111
17078
32
17297
105
17773
8
18288
117
18495
110
18654
32
33699
112
33942
117
34167
98
34283
98
34547
108
34736
105
34827
99
34945
111
35259
32
35521
112
35769
114
35899
111
36341
110
36486
116
36642
111
36743
32
37610
97
37795
100
37931
32
38333
97
38484
115
38699
99
38882
111
39055
108
40345
116
40636
97
41073
114
41799
118
41946
105
53746
44
53938
32
54710
97
54844
110
54981
99
55091
104
55184
101
55549
13
56028
109
56205
111
56375
108
56482
116
56601
111
56988
32
57514
105
57702
110
57825
116
57947
101
57995
114
58087
101
58668
115
58813
115
58988
97
59254
116
59382
111
82396
46
83006
32
55554
0
56012
68
56261
97
56410
110
56581
105
56718
101
56841
108
57276
101
57405
32
57891
109
58073
105
58151
32
58482
104
58568
97
58676
32
58809
100
58903
101
59140
116
59267
116
59348
111
59471
32
59752
99
59857
104
59980
101
60101
32
60774
101
60950
115
61118
105
61195
115
61413
116
61513
101
61618
32
62069
117
62253
110
62387
32
62517
116
62726
111
62836
111
62948
116
63204
108
63584
8
63708
8
63990
108
64192
32
64838
112
64896
101
64982
114
66727
32
67436
112
67550
114
67665
111
67856
118
68100
97
68297
114
68439
101
68584
13
68888
97
69048
32
70251
118
70406
101
70611
100
70780
101
70951
114
71026
101
71165
32
71557
115
71716
101
71846
32
72014
101
72287
96
72387
32
72745
112
72935
111
73077
115
73215
115
73291
105
73917
98
74137
105
74318
108
74403
101
74551
32
74827
115
75176
8
75257
101
75467
115
75836
115
76191
101
76423
114
76515
101
76735
32
77214
114
77371
105
77519
118
77592
111
78026
8
78237
8
78525
99
79050
111
79308
110
79537
111
79861
115
80049
99
80312
105
80507
117
80650
116
80812
111
81355
8
81640
105
81759
32
82150
100
82326
97
82420
108
82546
108
82662
97
82804
32
83331
8
83838
8
83935
8
84068
8
84198
8
84344
8
84922
97
85126
32
85339
112
85397
97
85595
114
85768
116
85965
105
86383
114
86415
101
86538
32
86675
100
86901
97
86981
108
87106
108
87210
97
87364
32
87859
112
87994
114
88088
111
88783
112
89644
114
89748
105
90002
97
91141
13
91506
115
91693
99
91885
114
92009
105
92137
116
92246
116
92419
117
92657
114
92870
101
93548
8
93707
97
93934
46
94150
32
94374
0
94798
85
94995
110
95139
32
95840
103
95957
105
96111
111
96216
114
96365
110
96543
111
96626
32
96792
111
96899
32
97358
108
97977
39
98102
97
98316
108
98552
116
98621
114
98700
111
98804
32
99001
108
99197
111
99310
32
99526
112
99699
114
99789
111
00444
118
00591
101
00714
114
00843
111
01109
96
02066
46
02201
46
02314
46
02715
32
03032
0
04037
77
04179
97
04360
32
04657
101
04980
96
05101
32
05813
112
06036
105
06426
8
06685
111
06841
115
06975
115
07149
105
07685
98
07871
105
08043
108
08118
101
08320
32
08483
99
08699
97
08748
112
08976
111
09497
8
09899
105
10050
114
10145
101
10770
13
11593
115
11750
101
11879
32
12017
113
12028
9
12111
117
12240
97
12342
108
12771
8
12894
8
13021
8
13159
8
13938
117
15157
97
15300
108
15847
99
16027
117
16222
110
17267
111
17352
32
17483
101
17754
96
17863
32
18420
99
18605
104
18789
105
18880
32
19014
100
19101
105
19226
99
19385
101
19493
32
19653
100
19768
105
19848
32
20065
101
20263
115
20397
115
20586
101
20749
114
20839
101
20937
32
21710
115
21837
111
22184
8
22312
8
22509
115
23094
111
23291
108
24070
97
24359
116
24655
8
24816
8
24873
116
25139
97
25239
109
25773
8
26088
110
26310
116
26437
111
26655
32
27415
100
27580
105
27832
103
27932
105
28654
116
28877
97
29014
110
29117
100
29257
111
29265
112
29291
32
29773
8
29894
8
30155
32
30376
108
30544
111
30886
103
30982
105
31203
110
31355
32
31520
101
31608
32
32134
112
32277
97
32479
115
32599
115
32817
119
33480
111
33613
114
33817
100
34240
44
34468
13
35080
111
35250
112
35372
112
35636
117
35747
114
35838
101
35926
32
36304
105
36521
110
36644
32
36859
113
37038
117
37165
101
37374
115
37617
116
37663
105
37769
32
38150
99
38217
105
38340
32
38738
115
38902
111
39137
110
39323
111
39444
32
39635
116
39680
114
40319
111
40491
112
40607
112
40819
105
40907
32
41119
112
41311
111
41516
99
41648
104
41818
105
41891
32
42099
99
42259
97
42489
114
42692
97
42944
116
43046
116
43368
101
43520
114
44488
105
44931
0
45064
63
45725
32
46964
0
47284
83
47505
97
47731
114
47832
101
47914
98
48049
98
48131
101
48261
32
49248
98
49348
101
49525
108
49642
108
49831
111
50331
32
50646
102
50798
117
50971
110
51232
122
51366
105
51560
111
52447
110
52590
97
52964
115
53086
115
53262
101
53490
13
53817
97
53933
110
54034
99
54176
104
54226
101
54405
32
54817
105
54989
110
55232
32
55548
113
55731
117
55815
101
55988
115
56206
116
56277
111
56389
32
56602
109
56791
111
56883
100
56988
111
57838
46
58132
32
61682
0
61869
109
61955
97
62203
103
62416
97
62583
114
62680
105
63074
115
63262
99
63391
101
63718
103
63829
108
63958
101
64060
105
64448
100
64544
110
64920
8
65042
8
65551
8
65648
8
65745
8
65915
8
66091
8
66237
8
66379
8
66886
8
67042
8
67196
8
67348
8
67483
8
67627
8
67896
0
68217
77
68367
97
68623
103
68831
97
69005
114
69095
105
69193
32
69471
115
69630
99
69811
101
70098
103
70215
108
70408
105
70542
101
71192
110
71749
100
71851
111
71922
32
72109
112
72222
97
72443
115
72569
115
72787
119
73295
114
73463
111
74014
100
74221
32
74480
108
74744
8
74868
8
75000
8
75133
8
75248
8
75738
111
75939
114
76156
100
76165
115
76333
32
76577
108
76748
111
77012
110
77744
8
77865
8
78164
117
78346
110
78528
103
78671
104
78848
101
78941
32
79141
97
79223
32
79898
115
80103
117
80327
102
80455
102
80631
105
80886
99
80994
105
81128
101
81294
110
82254
122
82597
97
83224
44
83462
13
83607
97
83901
106
84015
100
84391
8
84525
8
85629
8
87596
115
87742
101
87821
32
88019
110
88123
101
88184
32
88769
118
88851
97
89040
108
89135
101
89315
115
89433
115
89634
101
89703
32
89927
108
90012
97
90144
32
90383
112
90531
52
90539
101
91068
8
91182
8
91381
101
91872
110
91979
97
92327
46
92543
32
92625
0
92976
66
93170
101
93262
110
93349
101
93606
44
93798
32
94064
0
94181
66
94912
0
95485
8
95972
98
96074
101
96263
110
96447
101
96954
44
97087
32
97255
109
97417
105
97472
32
97611
115
97926
116
98016
111
98114
32
98496
97
98768
118
98884
118
99022
105
99227
99
99968
105
00376
110
00486
97
00651
110
01194
100
01333
111
01404
32
01527
97
01621
108
01753
108
01827
97
02240
32
02518
102
02749
105
02940
110
03014
101
03768
46
03887
46
04047
46
04949
32
05028
0
05203
70
05614
8
06503
102
06734
105
06899
101
07130
110
07528
8
07640
8
07962
110
08042
101
08343
0
08679
33
