56724
101
56941
99
57049
99
57189
111
57392
109
57565
105
57653
32
58031
9
58150
117
58617
8
58776
8
59585
113
59761
117
59918
105
59993
32
60141
97
60296
32
60696
100
61046
8
61128
102
61251
97
61458
114
61553
101
61692
32
62345
108
62786
39
62934
101
63140
115
63312
112
63398
101
63555
114
63777
105
64093
109
64231
101
64319
110
64461
116
64572
105
64576
111
64949
8
65060
8
65535
111
65706
44
65827
32
66333
111
66455
32
66652
109
66800
101
67052
103
67165
108
67335
105
67502
111
67879
44
68006
32
68204
105
68354
108
68433
32
68637
99
68823
97
68903
109
69358
112
69556
105
69743
110
69942
111
70347
8
70506
8
71061
111
71293
110
71443
101
71549
32
71758
112
71802
101
71882
114
72050
32
72659
108
73040
39
73315
101
74038
115
74153
112
74234
101
74414
114
74579
105
74745
109
74835
101
74967
110
75043
116
75186
111
76300
0
76638
33
77647
13
78968
0
79257
83
79357
79
79555
110
79738
111
79828
32
80052
8
80185
8
80318
8
80408
8
80990
111
81190
110
81366
111
81452
32
81605
112
81731
114
81836
111
82090
112
82243
114
82903
105
83048
111
83141
32
83449
116
83575
101
83749
114
84003
114
84244
114
84575
8
84998
105
85212
98
85385
105
85551
108
85667
101
85773
32
85920
97
86073
100
86188
32
86312
101
86522
115
86641
115
86749
101
86950
114
87027
101
87151
32
87393
108
87874
39
88249
117
88458
108
88463
59
88634
105
89093
8
89208
8
89398
116
89926
105
90099
109
90253
97
90315
32
90473
97
90552
32
90988
102
91128
105
91321
110
91520
105
91661
114
91745
101
91818
32
93218
100
93345
111
93522
112
93683
111
93770
32
93900
101
94108
115
94232
115
94408
101
94603
114
94708
101
94881
32
94992
115
95532
116
95623
97
95713
116
96069
13
97063
8
97163
8
97776
8
98671
97
98893
116
99108
97
99255
32
99474
108
99557
97
00103
13
00835
112
00999
114
01166
111
01758
105
02059
8
02159
8
02457
105
02664
109
02777
97
02883
32
03022
97
03140
32
03557
99
03567
118
03706
111
04110
8
04245
8
04762
111
04927
109
05091
105
05271
110
05458
105
05580
99
05851
114
06419
8
06570
8
07318
8
07527
99
08080
105
08188
97
08413
114
08508
101
12201
8
12432
0
13000
69
16535
46
16821
32
17084
0
17857
77
17932
97
18067
32
18850
99
19000
104
19515
8
20050
111
20280
115
20371
97
20523
32
20903
116
21013
105
21103
32
21213
115
21380
99
21558
114
21659
105
21896
118
22101
111
22306
110
22529
111
22671
32
23426
103
23572
108
23756
105
23819
32
23933
97
24039
108
24180
116
24251
114
24393
105
24792
0
25334
63
25544
32
25810
0
26035
67
26248
104
26453
105
26731
99
26847
99
27119
97
27313
8
27440
8
27546
8
27804
8
27947
8
28076
8
40236
0
40454
70
40729
111
40843
114
41068
115
41235
101
41393
32
41652
97
41751
32
42301
116
42403
101
42440
32
42643
110
42820
111
42985
110
43112
32
44175
13
44697
105
44900
110
44994
116
45139
101
45172
114
45293
101
45572
115
45694
115
45868
97
46132
32
46414
105
46600
108
46694
32
46790
99
46900
111
47192
110
47403
116
47673
101
47931
110
48108
117
48261
116
48369
111
48826
44
49202
32
50099
99
50245
111
50416
109
50521
101
50615
32
51139
98
51559
8
51686
8
52181
32
53182
115
54042
8
54360
8
54495
8
54631
8
54764
8
54883
8
55067
97
55209
110
55341
99
55469
104
55907
8
56022
8
56150
8
57476
110
57667
122
57798
105
58033
44
58185
32
58312
115
58433
101
58624
110
59076
122
59252
97
59306
32
59537
105
59708
108
59799
32
59917
102
60068
111
60147
114
60635
115
60824
101
61675
44
61813
32
61975
109
62068
97
62161
32
71823
97
71974
32
72412
118
72606
111
72796
108
72913
116
73027
101
73660
32
74163
105
74347
108
74567
13
74862
112
74983
114
75094
111
75392
98
75593
108
75682
101
75800
109
76240
97
76356
32
76593
112
76640
101
76739
114
76863
32
77131
115
77358
99
77653
114
77784
105
78436
118
78645
101
78794
114
78884
101
78962
32
79436
113
79525
117
79650
97
79746
108
79876
115
79986
105
80085
97
80847
115
81006
105
81314
32
81433
99
81551
111
81683
115
81885
97
82036
32
82407
101
82665
96
82787
32
82999
105
83174
108
83244
32
83416
112
83478
97
83690
110
83855
105
84006
99
84074
111
84161
32
84699
102
85298
8
85755
0
85956
34
86314
100
86446
97
86583
32
86864
102
87111
111
87303
108
87567
8
88106
103
88233
108
88431
105
88580
111
88669
32
89353
98
89566
105
89991
97
90116
110
90409
99
90670
111
91134
0
91525
34
92291
44
92524
13
93263
99
93467
104
93572
101
93679
32
93845
109
94029
105
94127
32
94262
112
94325
114
94376
101
94568
110
94697
100
94810
101
94920
32
95103
115
95257
101
95484
109
95831
112
95949
114
95979
101
96146
32
96544
113
96688
117
96796
97
96904
110
97024
100
97180
111
97289
32
97652
100
97738
101
97954
118
98059
111
98123
32
98285
105
98475
110
98637
118
98995
8
99080
99
99216
111
99436
109
99913
105
00094
110
00359
99
00524
105
00626
97
00820
114
00841
116
00917
101
01023
32
01389
8
01505
8
01625
8
01720
101
01985
32
02110
97
02210
32
02793
115
02951
99
03098
114
03197
105
03434
118
03522
101
03680
114
03748
101
03805
32
04315
113
04447
117
04548
97
04695
108
04913
99
05035
111
05156
115
05347
97
05459
32
06155
100
06311
97
06433
32
07499
13
07676
122
07859
101
08014
114
08238
111
08651
46
08795
46
08921
46
09805
32
09882
0
10765
70
10999
111
11169
114
11370
115
11608
101
11794
32
12247
97
12416
118
12579
114
12671
101
12894
105
12986
32
13148
100
13229
111
13600
118
13851
117
14024
116
14202
105
14520
8
14785
111
14898
32
15078
105
15287
110
15888
118
16009
101
16166
110
16322
116
16590
97
16775
114
16881
101
16966
32
17464
117
17648
110
17885
97
18063
32
19386
115
19649
116
19837
111
19987
114
20081
105
20284
97
20393
32
20539
97
20639
32
21221
112
21442
117
21621
110
21723
116
21939
97
22155
116
22346
119
22355
101
22772
8
22879
8
23023
101
23589
44
23742
32
23878
100
24079
97
25350
32
25522
115
25644
112
25671
101
26729
100
26967
105
27098
114
27555
116
27705
105
28484
13
29016
117
29200
110
29327
32
29477
103
29713
105
29883
111
30000
114
30125
110
30300
111
30705
32
30874
115
30976
105
31083
32
31212
101
31522
32
31767
110
32084
8
32465
117
32636
110
32825
111
32934
32
33386
110
33615
111
33890
44
34068
32
34276
109
34433
122
34816
8
34928
8
35479
99
35620
111
35837
110
35959
32
36266
117
36571
110
36717
32
36925
98
37067
101
37206
108
37302
32
37483
102
37622
105
37802
110
37897
97
38024
108
38107
101
38230
32
38364
97
38459
32
38937
115
39114
111
39303
112
39651
8
39726
114
40515
112
40642
114
40682
101
40920
115
41174
97
11074
44
11258
32
11517
99
11638
104
11767
101
11853
32
12025
109
12094
97
12614
103
12843
97
13050
114
13170
105
13471
13
13943
101
14135
114
14384
97
14487
32
14691
97
14778
110
14911
99
15055
104
15165
101
15496
32
16108
112
16450
105
16609
117
16861
39
17064
32
17196
100
17317
105
17572
118
17648
101
17753
114
17937
116
18049
101
18233
110
18305
116
18402
101
18578
32
19047
100
19132
105
19228
32
19404
113
19541
117
19633
101
19824
115
20067
116
20221
105
20341
32
21272
112
21388
101
21743
97
22344
8
23180
122
23339
122
23569
101
23901
116
24020
116
24127
117
24378
110
24397
98
24666
8
24798
8
24931
8
25348
105
25552
110
25737
105
25825
32
26034
115
26191
99
26391
114
26514
105
26610
116
26733
116
26836
105
26909
32
27129
97
27545
32
27978
99
28137
97
28201
115
28365
111
28940
46
29383
13
29704
0
29882
77
30053
97
30163
32
30324
116
30480
117
30575
32
30766
108
30933
105
31023
32
31186
108
31396
101
31627
103
31750
103
31849
105
37403
0
37593
63
37884
32
38111
0
38319
83
38502
101
38994
44
39128
32
39325
115
39424
105
39517
32
40601
8
41010
44
41165
32
41374
108
41554
105
41659
32
41880
116
41944
114
42057
111
42508
118
42708
105
42798
32
43325
100
43428
105
43656
118
43738
101
43866
114
44114
116
44256
101
44411
110
44484
116
45185
105
45385
0
45637
63
45853
32
46007
0
46134
67
46486
39
46599
101
46849
96
47054
32
47429
113
47540
117
47646
97
47783
108
47946
99
48152
117
48325
110
48527
111
48638
32
48811
99
48915
104
49041
101
49192
32
49581
104
49680
97
49790
32
50283
13
50673
115
50806
99
51020
114
51133
105
51242
116
51353
116
51437
111
51541
32
51808
99
51968
111
52392
115
52563
101
52665
32
52891
115
53022
101
53141
110
53360
115
53493
97
53725
116
53795
101
54200
0
54523
63
54935
32
56011
0
56334
83
56623
112
56788
101
56883
114
57164
111
57446
32
57686
100
57812
105
57927
32
58075
115
58433
8
58571
8
58731
8
58896
8
59509
115
59802
8
59893
100
60069
105
60160
32
60469
115
60624
105
60956
44
61080
32
61222
109
61298
97
61410
32
61948
102
62100
111
62206
114
62579
115
62740
101
62867
32
63063
110
63310
111
63533
110
63692
32
63939
105
64158
110
64876
8
65132
109
65306
112
65472
111
65756
116
66099
8
66227
114
66389
116
66688
97
67404
110
67796
8
67971
97
68554
8
69589
46
69782
32
70470
0
71438
65
71702
115
71942
112
72069
101
73141
116
73261
116
73372
111
74336
13
74643
105
74759
32
74916
100
75124
117
75301
101
75456
32
75714
101
75878
115
76044
112
76148
101
76339
114
76473
105
76655
109
76763
101
76888
110
76931
116
77092
105
77211
32
77443
100
77608
105
77719
32
78085
108
78312
117
78492
110
78634
101
78793
100
78877
105
79575
39
80421
8
81116
39
81447
46
81629
32
81753
0
81980
67
82212
105
82283
97
82380
111
82964
46
