69062
0
69240
67
69540
105
69564
97
69674
111
70188
46
70366
32
70524
0
70880
79
71221
103
71340
103
71456
105
71547
32
72052
114
72198
105
72394
112
72540
115
72708
111
72768
114
73313
8
73455
8
73561
8
73672
114
74242
111
74323
32
74611
118
74663
111
75039
8
75164
8
75287
8
75465
118
75570
111
75703
32
75963
97
76040
32
76545
115
76666
99
76867
114
77027
117
77291
118
77352
101
77458
114
77634
114
77646
101
77931
8
78120
8
78238
8
78329
8
78466
8
78590
8
79133
105
79390
118
79604
101
79748
114
79836
101
80142
32
80333
113
80486
117
80570
97
80747
108
80871
99
81000
111
81139
115
81330
97
81484
32
81742
112
81864
101
81951
114
82065
32
83093
108
83693
39
83899
101
84071
115
84269
112
84395
101
84575
114
84766
105
84956
109
85043
101
85194
110
85307
116
85456
111
86253
46
86460
32
89864
0
90130
77
90314
105
90394
32
90578
112
90797
105
90997
97
91814
8
91965
8
92100
8
92413
13
93164
112
93367
105
93490
97
93681
99
93883
101
94060
114
94126
101
94325
98
94465
98
94528
101
94670
32
95182
115
95267
97
95456
112
95548
101
95716
114
95749
101
95830
32
96800
112
97013
105
97136
117
97399
39
97580
32
97799
105
97940
110
98099
32
98161
100
98258
101
98461
116
98561
116
98861
97
99091
103
99213
108
99456
105
99583
111
99691
32
00197
99
00345
111
00561
109
00706
101
00803
32
01412
102
01611
117
01764
110
01943
122
02069
105
02230
111
02456
110
02581
97
03254
44
03400
32
03553
102
03648
111
03750
114
03936
115
04104
101
04239
32
04638
117
04832
110
04963
32
05340
103
05534
105
05701
111
05859
114
05988
110
06179
111
06324
32
07084
13
08651
99
08763
104
08951
105
09019
101
09229
100
09456
101
09548
114
09850
111
10906
96
11062
32
11281
97
11363
32
11848
0
12071
68
12166
97
12456
110
12636
105
12739
101
12890
108
13198
101
13697
32
14252
115
14456
112
14913
105
15021
101
15733
103
15948
97
16144
122
16305
105
16456
111
16633
110
16790
105
17574
46
17797
32
18041
0
18142
69
18367
96
18696
32
23192
8
23341
8
23467
8
23750
0
23980
73
24142
108
24208
32
24877
116
25029
105
25245
112
25374
111
25471
32
25865
100
25871
115
25970
105
26070
32
26456
8
26603
8
26734
8
27016
105
27129
32
27671
98
27820
97
28038
116
28152
116
28254
105
28265
117
28685
8
29130
116
30097
105
31001
8
31906
117
32168
114
32456
97
33183
32
33364
100
33504
97
33726
118
33843
118
33959
101
34108
114
34216
111
34326
32
34932
100
35178
105
35346
112
35456
101
35649
110
36262
8
36403
8
36542
8
36672
8
36802
8
37090
13
37922
100
38091
105
38258
112
38360
101
38530
110
38967
8
39118
8
39839
101
40267
110
40456
100
40623
101
40756
32
41368
100
41827
97
42075
108
42256
108
42338
97
42502
32
42902
110
43190
8
43456
109
43548
97
43711
110
43988
111
44170
32
44360
100
44465
105
44588
32
45089
99
45246
104
45456
105
45517
32
45791
98
45995
97
46234
116
46353
116
46686
101
47165
0
47409
63
47627
32
47805
0
48352
67
48590
111
48803
110
48952
32
49173
108
49262
97
49373
32
49598
109
49732
97
50124
99
50233
99
50357
104
50525
105
50679
110
50803
97
50873
32
51034
100
51039
102
51473
8
51715
97
51896
32
52179
115
52346
99
52531
114
52656
105
52888
118
52973
101
53112
114
53208
101
53281
32
53582
101
54149
96
54531
13
55038
112
55350
105
55523
117
55775
39
55992
32
56202
102
56361
97
56544
99
56620
105
56804
108
56920
101
57036
32
57274
112
57335
101
57456
114
57725
99
57930
104
58030
101
58284
39
58536
32
60142
99
60635
39
60799
101
61586
96
61712
32
61961
108
62085
97
62183
32
62297
113
62456
117
62521
97
62674
110
63351
8
64343
110
64553
116
64683
105
64876
116
65167
97
65380
96
65487
32
65736
100
65837
105
65938
32
66043
105
66248
110
66400
99
66489
104
66667
105
66846
111
66999
116
67310
8
67456
115
67635
116
67694
114
67754
111
68726
44
68865
32
69017
109
69104
97
69216
32
70057
8
70196
8
70340
8
70485
8
70698
8
71665
32
71810
101
71914
32
72611
108
72712
97
72833
32
72962
115
73070
112
73226
97
73475
122
73710
105
73793
97
74619
116
74805
117
74970
114
75284
97
75944
44
76170
13
76315
99
76525
114
76573
101
76764
100
76862
111
77291
44
77468
32
77619
99
78005
8
78250
109
78456
97
78501
32
79082
102
79219
111
79361
114
79530
115
79689
101
79795
32
79982
97
80071
110
80155
99
80313
104
80345
101
80583
32
81142
113
81312
117
81486
105
81592
32
82178
99
82474
39
82606
101
82919
96
83067
32
83641
117
83808
110
83934
32
84146
112
84290
111
84513
39
84702
44
85225
8
85516
32
85681
100
85788
105
85912
32
86580
100
86724
105
87071
102
87169
102
87333
101
87457
114
87569
101
87726
110
88342
122
88546
97
90964
32
92917
110
93097
101
93246
108
93490
32
94122
114
94162
101
94472
8
94622
8
94703
116
94779
101
94997
109
95273
111
95817
8
96226
112
96456
111
96508
32
96758
99
96903
104
97034
101
97318
13
97777
105
97989
110
98150
116
98292
101
98371
114
99811
99
99929
111
00136
114
00246
114
00377
101
01073
32
01356
116
01401
114
01765
97
01877
32
02456
117
02617
110
02758
32
03511
8
04605
97
04742
32
04961
108
05072
101
05519
116
05627
116
05752
101
05909
114
06161
97
06286
32
06392
101
06517
32
06776
117
06997
110
07798
39
07949
97
08192
108
08456
116
08476
114
08800
97
15338
44
15548
32
15732
101
15867
32
18375
113
18633
117
18741
101
18919
115
19116
116
19179
111
19286
32
20157
112
20408
117
20608
111
20868
96
20990
32
21154
97
21260
110
21396
99
21596
104
21690
101
22303
32
22780
100
22916
97
23119
114
23187
101
23261
32
23524
108
23949
39
24347
105
24551
100
24572
101
24871
97
25008
32
25381
13
26348
100
26488
105
26567
32
26762
99
26918
105
27125
111
28005
8
28187
8
28348
8
29201
99
29318
111
29541
109
29630
101
29775
32
30106
99
30312
105
30468
97
30900
115
31050
99
31228
117
31412
110
31581
111
31632
32
31802
105
31985
110
32097
116
32179
101
32270
114
32732
112
32873
114
32961
101
33694
116
33986
105
34074
32
34276
108
34365
97
34516
32
34730
116
34932
97
35057
115
35563
116
35699
105
35813
101
36709
114
36903
97
37543
44
37705
32
37868
99
37988
105
38159
111
38268
101
38525
96
38623
32
38842
115
39010
101
39140
32
39305
101
39635
96
39971
32
40264
117
40456
110
40551
97
40688
32
41457
8
41557
8
41850
32
41999
100
42177
97
42633
116
42772
116
42941
105
43120
108
43317
111
43599
103
43667
114
43917
97
44096
102
44269
111
44698
13
45343
111
45805
32
46039
117
46207
110
46370
32
47173
112
47270
114
47409
111
47613
102
47788
97
47961
110
47971
98
48456
8
48846
97
49389
8
49837
111
50165
46
50379
32
50516
0
50624
78
51237
97
51969
116
52456
117
53148
114
53584
97
53743
108
53861
101
54021
109
54688
8
55232
8
55472
109
55561
101
55728
110
55805
116
56022
101
56626
44
56788
32
56929
100
57074
105
57270
112
57333
101
57526
110
57808
100
58023
101
58142
32
58335
99
58491
110
58581
97
58817
104
58837
99
59114
8
59245
8
59386
8
59519
8
59677
8
59767
97
59943
110
60083
99
60193
104
60295
101
60455
32
60626
100
60731
101
60876
108
61008
108
61060
97
61335
8
61459
8
61616
8
61720
8
61863
97
62058
108
62152
108
62289
97
62456
32
62897
116
63127
97
63357
115
63572
116
63776
105
63912
101
64082
114
64303
97
65101
46
65337
32
65576
0
66053
84
66295
117
66510
116
66680
116
66829
111
67284
13
67816
99
67961
105
68149
111
68272
96
68456
32
68624
101
68857
96
69021
32
69377
105
69564
110
69688
116
69836
101
69898
114
70050
101
70366
115
70486
115
70677
97
71247
110
71409
116
71578
101
72521
44
72671
32
72915
99
73211
114
73340
101
73605
99
73708
111
73776
32
73977
99
74050
104
74219
101
74282
32
74509
109
74715
105
74989
8
75245
8
75313
8
75457
8
75462
8
75518
8
75610
8
75656
8
76026
8
76516
100
76643
105
76737
32
77124
8
77263
8
77847
105
77968
32
78306
8
78455
8
78712
111
78884
32
79015
99
79143
106
79166
104
79302
101
79628
8
79773
8
79926
8
80333
104
80456
101
80512
32
80720
109
80910
105
80975
32
81143
105
81319
110
81914
102
82047
111
82194
114
82329
109
82541
101
82772
116
83155
8
83529
114
83699
111
84118
96
84378
32
84991
115
85214
121
85220
117
85574
8
85774
8
86386
117
86600
105
86636
32
86846
114
86995
105
87732
115
87818
117
88050
108
88136
116
88512
97
88946
116
89152
105
89244
32
89457
101
89758
13
90188
115
90385
117
90591
108
90715
108
90771
101
90985
32
91292
116
91382
101
91517
114
91728
111
91886
114
92058
105
92160
101
92580
8
92722
8
92859
8
93004
8
93110
8
93600
111
93780
114
93953
105
94068
101
94248
32
94404
99
94520
104
94671
101
94780
32
95093
115
95339
116
95536
97
95676
110
95803
110
96037
111
96134
32
96610
100
96754
105
96881
101
97131
116
97238
114
97481
111
97642
32
97835
99
98173
8
98275
97
98456
32
98896
113
99117
117
99254
101
99457
115
99646
116
99768
105
99879
32
00132
101
00314
115
00746
101
00873
112
01382
8
01508
8
01757
112
01841
101
02563
114
02709
105
02881
109
02974
101
03103
110
03191
116
03334
105
04156
46
05256
32
05637
0
05853
66
06068
101
06166
110
06261
101
06397
32
06791
8
07140
44
07293
32
07517
112
07630
101
07713
114
07828
32
08333
111
08568
103
08673
103
08813
105
09142
13
09731
119
10025
8
10138
101
10457
96
10827
32
11141
116
11345
117
11457
116
11569
116
11639
111
12159
46
12361
32
12570
0
12693
65
12795
32
13043
112
13096
114
13129
101
13796
115
14003
116
14116
111
14457
46
