18696
98
18862
111
18977
110
19054
111
19378
8
19526
8
19665
8
19755
8
25310
0
25551
65
25751
110
25899
99
25907
118
26014
111
26383
8
26518
8
27209
111
27338
114
27512
97
27604
32
28029
117
28232
110
28385
32
28929
116
29031
101
29203
110
29294
116
29519
97
29706
116
29844
105
30105
118
30163
111
30266
32
30546
100
30636
105
30742
32
31263
101
31470
115
31670
112
31772
101
31953
114
32107
105
32286
109
32400
101
32537
110
32632
116
32775
111
32884
32
33114
112
33223
101
33285
114
33427
32
33954
116
34036
101
34385
46
34599
32
34848
0
35046
65
35219
32
35516
99
35690
104
35776
101
35908
32
36146
112
36361
117
36536
110
36632
116
36756
111
36830
32
37402
115
37551
111
37760
110
37940
111
38548
0
38776
63
39034
32
39425
0
40483
72
40672
111
40764
32
40973
112
41156
101
41254
114
41516
115
41640
111
41744
32
42212
8
42346
8
42494
8
42639
8
42764
8
42895
8
43234
13
43769
112
43878
119
43962
101
44351
8
44483
8
44984
101
45167
114
45363
115
45480
111
45621
32
45788
105
45945
108
46036
32
46185
99
46281
111
46487
110
46616
116
46806
111
47995
46
48181
32
48355
0
48487
83
48769
101
49071
32
49468
112
49610
101
49659
114
49786
111
50045
96
50206
32
50458
115
50640
101
50927
114
51130
118
51241
101
51369
32
51525
99
51642
104
51795
101
51858
32
52079
105
52242
111
52306
32
52606
118
52660
97
52832
100
52941
97
53034
32
53325
97
53388
32
53808
8
53984
97
54641
8
54929
118
55026
97
55157
110
55287
116
55397
105
55484
32
55745
111
55759
112
55931
108
56426
8
56577
8
57189
108
57390
121
57472
116
57528
114
57875
8
58029
8
58241
8
58843
116
58936
114
59175
101
59306
32
59476
97
60032
105
60155
32
60407
100
60545
105
60649
101
61013
99
61109
105
61184
32
61399
110
61596
111
61795
110
61924
32
62262
8
62401
8
62556
8
62701
8
62853
8
63651
44
63897
13
64183
110
64399
111
64595
110
64715
32
64847
99
65387
39
65545
101
65828
96
66125
32
66641
112
66772
114
66907
111
67916
98
68142
108
68256
101
68386
109
68553
97
70169
0
70591
33
71065
32
71383
0
71869
67
72127
111
72235
115
72311
97
72509
32
72713
114
72723
116
72853
105
72866
111
73151
8
73295
8
73426
8
73621
8
74238
116
74298
105
74391
32
74815
115
74989
99
75261
114
75374
105
75617
118
75706
111
75787
32
76001
111
76139
103
76272
103
76409
105
76820
0
77112
63
77410
32
77794
0
78072
67
78321
104
78434
101
78559
32
82204
115
82315
111
82548
110
82751
111
82826
32
82952
99
83041
111
83248
110
83409
116
83491
101
83614
110
83737
116
84046
97
84227
32
84416
100
84541
105
84554
111
84977
8
86329
32
86799
13
87057
115
88478
112
88657
111
88893
115
89077
97
89294
114
89492
109
89675
105
89894
32
90061
0
90208
40
91491
113
91671
117
91749
101
91907
115
92168
116
92278
111
92410
32
92775
102
92939
111
93048
114
93284
115
93464
101
93729
32
93938
101
94545
96
94689
32
94946
117
95143
110
95286
32
95422
97
95887
114
96285
103
96420
111
96601
109
96701
101
97189
116
97559
8
97840
110
97921
116
98179
111
98930
32
99205
117
99409
110
99425
32
99532
32
99855
112
00050
111
00360
8
00501
8
00630
8
01209
112
01381
111
01629
39
01852
32
02073
112
02150
101
02216
114
02471
115
02596
111
02812
110
02922
97
03055
108
03135
101
03975
44
04134
32
04298
109
04402
97
06145
32
06268
115
06410
105
06550
99
06664
99
06751
111
06966
109
07100
101
07416
13
08388
116
08468
101
08653
110
08665
109
08839
102
09361
8
09502
8
09941
100
10071
111
10217
32
11972
97
12149
32
12562
100
12743
105
12900
114
13203
108
13380
111
13494
32
13650
97
13773
32
14174
116
14337
117
14462
116
14562
116
14662
105
15547
44
15693
32
15922
110
16119
111
16315
110
16441
32
16576
101
16815
96
17025
32
17451
99
17612
111
17745
115
17864
105
18315
39
18546
32
18779
112
18881
114
19078
105
19363
118
19565
97
19775
116
19917
111
21179
0
21767
32
22011
0
22711
8
22920
0
23337
41
25839
46
26189
32
26565
0
27388
73
27570
108
27680
32
28017
109
28219
105
28570
111
28742
32
29020
118
29160
101
29392
115
29551
116
29668
105
29944
116
30044
111
30559
32
30705
100
30949
97
31111
32
31528
13
31784
115
32045
112
32408
111
32663
100
32897
97
33105
32
33475
8
33604
8
33739
8
34342
115
34440
97
34631
32
35033
97
35232
115
35354
115
35572
111
35808
109
36007
105
36544
103
36647
108
36864
105
36965
97
37111
32
37222
116
37410
117
37516
116
37649
116
37755
111
37841
32
38232
109
38350
101
38525
110
38815
97
38937
111
39119
32
39390
8
39528
8
39806
111
39956
32
40191
8
40329
8
40813
8
41265
111
41339
32
41579
99
41697
104
41813
101
41823
114
41946
32
42031
97
42418
8
42570
8
42709
8
43207
32
43352
97
43860
32
44394
117
44601
110
44738
32
44874
118
45099
101
45349
115
45551
116
45735
105
45939
116
46039
111
46134
32
46498
100
46671
97
46780
32
46989
115
47139
112
47322
111
47442
115
47635
97
48425
44
48568
32
48715
109
48784
97
48908
32
49579
113
49742
117
49872
101
50052
115
50250
116
50351
111
50831
13
51372
99
51646
114
51790
101
52041
100
52150
111
52261
32
52550
115
52655
105
52783
97
53187
32
53629
117
53827
110
53985
32
54167
98
54255
101
54381
110
54465
101
55115
46
55337
32
55523
0
55912
73
56668
32
57053
0
57505
34
57850
109
58009
101
58190
114
58348
105
58564
110
58676
103
58794
117
58966
101
59377
0
60025
34
60282
32
60835
8
60961
8
61302
32
61652
100
61987
114
62219
101
62707
115
62831
115
63233
0
63502
34
63714
32
63969
110
64186
111
64392
110
64525
32
64927
99
65138
114
65232
101
65468
100
65563
111
65640
32
66265
109
66455
105
66559
32
66852
115
67341
116
67492
97
67603
105
67857
110
68275
8
68393
8
68535
8
68846
105
68981
97
69499
110
69701
111
69760
32
70027
98
70128
101
70286
110
70396
101
71016
46
71347
13
74489
0
74649
67
74830
101
75029
114
75209
116
75344
111
75430
32
75602
99
75748
104
75829
101
75959
32
76360
101
76782
8
77113
105
77291
108
77375
32
77548
109
77800
97
78037
116
78111
114
78287
105
78298
111
78496
109
78693
111
78897
110
79059
105
79217
111
79304
32
79806
101
80033
96
80140
32
80381
117
80574
110
80705
32
80879
98
80982
101
81129
108
81209
32
81461
112
81555
114
81621
101
82166
116
82378
101
82870
115
83181
116
83290
111
83384
32
83556
112
83643
101
83689
114
83857
32
84033
102
84235
97
84490
114
84677
115
84843
105
84955
32
85141
117
85338
110
85488
32
86302
118
86572
115
87260
8
87403
101
87596
115
87791
116
87943
105
88111
116
88261
111
88700
13
89200
110
89380
117
89579
111
89742
118
89857
111
92765
32
92974
99
93120
104
93601
8
93736
8
93966
8
94511
44
94662
32
94803
101
94913
32
95078
99
95297
104
95395
101
95524
32
95769
118
95924
101
96127
115
96286
116
96446
105
96580
116
96694
111
97003
0
97541
33
97742
33
97888
33
00717
0
01362
0
01555
0
01732
0
01890
0
02657
8
03776
0
04226
0
04398
0
04558
0
04730
0
04888
0
05469
32
05754
0
06010
77
06195
105
06287
32
06462
114
06542
101
06745
110
06943
100
07049
111
07167
32
07218
99
07501
111
07727
110
07861
116
08020
111
08131
32
08303
99
08423
104
08558
101
08876
32
09465
113
09611
117
09892
114
10200
8
10324
101
10541
116
10870
97
11190
8
11393
115
11693
8
11809
8
11933
115
12441
116
12651
97
12742
32
13146
99
13271
104
13468
105
13888
97
14425
99
14534
99
14643
104
14835
105
14937
101
15071
114
15293
97
15550
116
15811
97
16517
13
17013
110
17215
111
17412
110
17549
32
17676
115
17779
105
17903
97
18233
32
18607
109
18787
111
18947
116
19102
108
19586
111
19847
8
19985
8
20098
8
20553
108
20751
116
20847
111
20961
32
21106
105
21321
110
21521
116
21625
101
22357
114
22441
101
22674
115
22792
115
22973
97
23090
110
23216
116
23280
101
23370
32
23635
112
23743
101
23813
114
24018
32
24596
110
24808
101
25041
115
25178
115
25398
117
25713
110
26375
105
26957
8
27469
111
27680
44
27846
32
28026
109
28146
97
28256
32
30354
97
30503
108
30707
109
30837
101
30943
110
31147
111
31227
32
31440
108
31628
111
31746
32
32149
101
32405
96
32514
32
32764
112
32850
101
32951
114
33085
32
33300
109
33393
101
34876
44
35059
32
35789
104
36000
105
36397
8
36537
8
37056
105
37303
104
37777
105
38033
104
39264
105
40146
46
40309
46
40432
46
40883
13
42021
0
42346
68
42578
111
42919
118
43068
101
43186
32
43472
115
43559
97
43904
8
44545
101
44699
105
44837
32
45438
97
45603
107
45611
108
45720
32
46103
8
46250
8
46514
8
47044
108
47231
32
47393
109
47593
111
47760
109
47883
101
47976
110
48104
116
48210
111
48478
0
48786
63
48983
32
49135
0
49266
71
49490
105
49549
97
49829
96
49976
32
50243
105
50457
110
50645
32
50808
118
50941
97
51162
99
51274
97
51440
110
51655
122
51823
97
51948
32
52495
8
52763
44
52924
32
53035
97
53195
115
53302
115
53454
117
53647
109
53846
111
54553
46
54691
46
54822
46
55869
32
56243
0
56542
77
56721
97
57024
104
58240
44
58399
32
58618
112
58700
101
58732
114
58859
32
59326
111
59459
103
59577
103
59641
105
59743
32
60543
116
60622
105
60716
32
61507
13
61989
108
62108
97
62320
115
62540
99
62635
105
62788
111
63961
46
64258
32
64461
0
64685
86
64907
105
64963
118
65071
105
65212
97
65297
110
65343
97
