71908
0
72215
86
72792
8
73051
0
73354
67
73568
105
73713
97
73821
111
74148
32
74340
0
74916
68
75180
97
75742
110
75941
105
76075
101
76201
108
76324
101
77237
44
77382
32
77498
115
77605
111
77783
110
77958
111
78019
32
78137
99
78263
111
78459
109
78652
112
78780
101
78873
108
79379
8
79509
8
79736
108
79822
101
80334
116
80541
109
80640
97
81418
8
81580
8
81908
97
82110
109
82226
101
82384
110
82464
116
82548
101
83160
32
83338
99
83442
111
83601
116
83720
116
83946
97
84085
32
84280
115
84837
8
85039
100
85136
111
85310
112
85472
111
85536
32
85686
105
85848
108
85920
32
86079
99
86176
111
86354
110
86531
99
86948
105
86957
111
87346
8
87473
8
88063
111
88662
114
88876
115
88957
111
89092
32
89282
112
89381
101
89445
114
89620
32
90060
8
90204
8
90340
8
90491
8
90622
8
91180
44
91313
32
91579
111
91588
112
91886
8
92003
8
92243
112
92360
101
92406
114
92564
32
92910
99
93076
117
93241
105
93356
32
93666
111
93965
103
94087
103
94173
105
94517
13
95187
117
95328
115
95422
119
95450
101
95825
8
95968
8
96782
101
96951
114
97436
111
97585
96
97729
32
98062
108
98457
97
98604
32
99017
112
99253
117
99434
110
99603
116
99680
101
99945
103
00058
103
00266
105
00417
97
00629
116
00816
117
00996
114
01206
97
01301
32
01463
101
01829
32
02362
110
02554
111
02737
110
02889
32
02972
99
03116
101
03323
114
03624
99
03761
104
03866
101
03998
114
04273
111
04474
96
04613
32
04867
100
04964
105
05060
32
06587
102
06760
97
06957
114
07034
101
07076
32
07379
101
07603
115
07818
112
07918
101
08163
114
08337
105
08528
109
08619
101
08768
110
08871
116
09014
105
09257
32
09521
108
09699
101
11697
8
11865
8
12120
13
12483
108
12629
101
12860
116
13124
116
13301
101
13513
114
13859
97
14574
114
14735
105
14821
32
15435
100
15485
105
15573
32
15752
110
15988
101
16179
115
16277
115
16425
117
16618
110
16716
97
16839
32
17423
115
17583
111
17771
114
17995
116
18244
97
19129
46
19399
32
19704
0
20007
77
20191
105
20276
32
20473
112
20677
105
20838
97
21004
99
21157
101
21274
114
21376
101
21508
98
21639
98
21766
101
22294
32
22807
97
22933
110
23045
100
23157
97
23422
114
23463
101
23641
32
23878
97
24428
59
24697
32
24953
8
25075
8
25582
108
25760
32
25985
109
26225
97
26486
114
26511
101
26634
32
26963
97
27222
100
27382
101
27690
115
27818
115
27912
111
28666
44
28819
32
28938
101
29057
32
29729
13
30281
102
30434
97
30627
114
30698
101
30752
32
30958
117
31152
110
31293
32
31503
108
31706
117
31880
110
31992
103
32094
111
32172
32
32520
98
32641
97
32880
103
33025
110
33267
111
33375
32
34082
101
36366
32
37137
8
37296
8
39059
115
39263
116
39359
97
39516
110
39631
100
39791
111
40448
32
40648
115
40839
101
41012
109
41193
112
41356
108
41529
105
41881
99
42095
101
42135
109
42351
101
42488
110
42616
116
42762
101
43273
32
43497
97
43624
32
43879
0
44205
34
44519
109
44717
111
44874
108
45001
108
45152
111
45277
0
46233
127
46367
8
46513
8
46768
8
46906
8
47038
8
47186
8
47323
8
47501
8
47665
0
48077
34
48317
97
48461
32
48691
109
49192
111
49371
108
49499
108
49674
111
49900
0
50182
34
50401
32
50599
110
50704
101
50877
108
50985
108
51616
39
51833
97
52147
99
52448
113
52636
117
52964
97
53192
32
54374
99
54469
111
54668
110
54819
32
54965
113
55110
117
55211
97
55318
108
55480
99
55617
104
55728
101
55819
32
56005
110
56187
117
56389
111
56567
116
56798
97
57003
116
57187
105
57422
110
57532
97
57918
13
58859
113
59724
117
59916
105
60018
32
60486
101
60636
32
60894
108
60994
97
61350
96
62208
46
63160
32
63441
0
63754
67
63975
104
64082
101
64207
32
64713
8
64874
8
65031
8
65184
8
65693
0
65933
67
66147
104
66250
101
66346
32
67018
98
67174
101
67357
108
67482
108
67651
111
67838
0
68386
33
69193
32
69338
0
69584
73
69790
110
70009
118
70211
101
70424
99
70522
101
70678
32
71086
110
71379
105
71552
101
71643
110
71804
116
72002
101
72237
32
72999
118
73101
97
73285
99
73410
97
73562
110
73692
122
74000
101
74132
32
74383
112
74502
101
74576
114
74757
32
75011
111
75139
114
75150
116
75675
8
75865
97
76439
44
76581
32
76776
115
76876
111
77044
108
77210
111
77306
32
78135
0
78498
84
78696
111
78702
112
78853
114
78921
105
79135
110
79409
111
79700
8
79843
8
79978
8
80126
8
80774
114
80932
105
81101
111
81649
8
81786
8
82287
8
83122
114
83239
105
84126
8
84273
8
84916
8
85164
114
85319
105
85535
110
85758
111
87001
46
87148
46
87273
46
87622
13
87997
0
88479
84
88643
85
88738
32
89055
100
89148
111
89313
118
89439
101
89532
32
89698
97
89811
110
90213
8
90357
8
90449
8
90596
8
90742
8
90895
8
91031
8
91171
8
91266
8
91612
0
92142
117
92385
32
92513
0
93296
68
93420
111
93593
118
93760
101
93953
32
94494
8
94637
8
94768
8
94922
8
95156
8
95627
100
95830
111
96100
118
96200
101
96332
32
96631
97
96782
110
96972
115
97340
100
97562
114
97825
97
98112
8
98266
8
98421
8
98517
8
99067
100
99241
97
99485
114
99875
8
00021
8
00467
114
00694
97
01223
105
01399
32
01614
105
01825
110
01975
32
02128
118
02780
118
03141
8
03401
97
03957
99
04116
97
04263
110
04367
122
04382
120
04736
97
05474
8
05612
8
05792
97
06096
0
06789
63
07042
32
07340
0
07996
83
08229
101
08351
112
08427
114
08629
111
08887
8
09033
8
09185
8
09326
8
09890
8
10104
0
10235
77
10424
105
10504
32
10695
112
10829
97
11041
114
11062
101
11164
32
11365
99
11465
104
11571
101
11695
32
17536
0
17552
0
17646
3
18305
8
18844
32
18937
0
19126
67
19404
108
19539
97
19832
117
20164
100
20304
105
20406
97
20623
32
20784
101
20916
32
21543
116
21749
117
21871
32
22069
115
22113
105
22342
97
22602
116
22694
101
22940
32
23318
116
23502
105
23705
112
23886
105
23996
32
24157
100
24318
97
24415
32
24917
118
25038
97
25236
99
25384
97
25514
110
25679
122
25911
101
26003
32
26353
97
26796
118
26893
118
27139
101
27282
110
27403
116
27590
117
27874
114
28098
111
28390
115
28515
111
28877
13
29402
8
29558
8
29729
8
30669
115
30854
101
31202
44
31423
13
31700
109
31889
105
31986
32
32151
115
32233
97
32341
32
32523
99
32627
104
32741
101
32832
32
33177
116
33348
117
33464
32
33830
8
33973
8
34510
105
34652
32
35137
99
35311
104
35505
105
35627
101
35829
100
36076
101
36232
114
36283
101
36813
8
37078
111
37282
96
37410
32
37939
100
38106
105
38268
114
38350
101
38580
116
38838
116
39260
97
39393
109
39497
101
39649
110
39753
116
39837
101
43903
44
44072
32
44306
112
44445
101
44484
114
44761
99
44916
104
45047
101
47309
47
47758
8
49519
39
49752
32
49989
100
50082
105
50179
32
50368
99
50528
101
50676
114
50843
116
50978
111
51088
32
51807
110
52046
111
52194
110
52335
32
52430
114
52592
105
52716
115
52809
112
53120
111
53276
100
54022
8
54688
110
54864
100
54986
105
55285
13
55879
97
56325
103
56447
108
56640
105
56694
32
57041
101
57225
115
57366
101
57484
112
57797
114
58017
105
58211
109
58304
101
58457
110
58556
116
58697
105
59052
8
59187
8
59326
8
59463
8
59608
8
59738
8
59893
8
59988
8
60160
8
60681
112
60904
101
61087
114
61368
105
61589
109
62314
101
62468
110
62572
116
62757
105
64130
32
64808
8
65449
46
65699
32
66563
0
71676
0
72317
83
72437
105
72559
32
72928
8
73361
44
73509
32
73635
115
73725
97
73974
114
74013
101
74175
98
74300
98
74400
101
74625
32
75294
98
75412
101
75601
108
75725
108
75940
111
76063
32
76779
97
76919
110
77017
100
77116
97
77359
114
77429
101
77500
32
77648
97
77776
108
78000
32
78185
109
78267
97
78960
114
79044
101
79125
32
80394
8
80651
44
80789
32
80966
109
81047
97
81128
32
81364
109
81455
97
82099
103
82318
97
82487
114
82573
105
82667
32
82790
97
82900
110
82980
99
83087
104
83181
101
83589
13
84151
115
84311
111
84480
108
84656
111
85160
32
85352
105
85577
110
85733
32
86629
99
86811
97
86890
115
87218
97
87897
8
88066
8
88217
8
88378
8
88890
117
89078
110
89175
97
89295
32
89669
99
90207
97
90378
115
90521
115
90542
97
90684
32
91132
8
91268
8
91391
8
91485
97
91977
32
92314
102
92535
114
92799
101
93123
115
93334
99
93350
120
93905
8
94248
97
94520
32
94658
97
94773
32
95264
100
95407
111
95783
114
95941
109
96139
105
96684
114
96794
101
97277
44
97408
32
97559
109
97644
97
97747
32
97944
110
98177
111
98367
110
98489
32
98865
105
99042
110
99176
32
99338
109
99524
111
99720
110
99834
116
00118
97
00441
103
00634
110
00738
97
00865
32
01460
100
01680
111
01861
118
02039
101
02166
32
02718
116
02872
117
03059
116
03165
116
03244
105
03687
13
03882
115
04107
101
04626
110
04787
116
04898
111
05092
110
05282
111
05875
32
06180
108
06505
39
06959
117
07150
114
07346
103
07484
114
07886
8
08734
101
08946
110
09417
122
09594
97
09692
32
10395
100
10539
105
10640
32
11408
97
11589
110
11737
100
11875
97
12054
32
12087
114
12147
101
12346
32
12680
8
12816
8
12947
8
13037
8
13299
114
13313
116
13725
8
14265
101
14407
32
14514
97
14633
32
15080
102
15253
97
15432
114
15515
101
15551
32
16126
102
16287
97
16525
116
16698
105
16718
117
17400
8
17820
99
18059
111
18275
115
18397
115
18471
105
19541
8
19676
8
20025
105
20413
115
20522
115
20759
105
21114
109
21245
101
21358
32
21790
112
21957
97
22198
115
22314
115
22471
101
22680
103
22791
103
22954
105
23109
97
23849
116
23942
101
25743
32
26948
115
27242
117
27673
13
27868
101
28061
32
29064
103
29418
105
29596
117
30521
39
30790
46
31264
32
31413
0
31678
67
31892
105
31978
97
32056
111
32686
44
32818
32
32912
0
33090
86
33318
105
33368
118
33482
105
33707
97
33812
110
33868
97
