04521
0
04854
67
05121
105
05205
97
05321
111
05447
32
05727
0
06133
101
06321
115
06517
112
06636
101
06810
114
07495
105
07667
109
07773
101
07928
110
07967
116
08197
111
09735
0
10087
33
10269
32
10615
0
10859
67
11093
111
11281
109
11385
101
11493
32
12177
118
12317
97
12420
32
12670
108
12791
97
12888
32
13206
118
13369
105
13517
116
13918
97
14339
0
14651
63
14914
32
15116
0
15345
69
15622
96
15753
32
15997
118
16143
101
16258
114
16392
111
16490
32
16585
99
16748
104
16817
101
16975
32
17858
118
18011
111
18186
114
18200
116
18299
114
18435
101
18686
115
18886
116
19349
8
19479
8
19616
8
19753
8
19873
8
20488
114
20954
101
21181
115
21389
116
21512
105
21606
32
21998
118
22495
8
23011
102
23178
105
23370
110
23527
105
23626
114
23709
101
23824
32
23974
97
24059
32
24458
0
24958
13
25178
0
25287
76
25702
117
25889
103
26381
108
26578
105
26723
111
27034
0
27439
63
27678
32
27857
0
28247
67
28458
104
28650
105
28780
115
28862
115
28967
115
29041
97
29565
8
29685
8
30383
97
30748
32
31587
8
31792
96
32075
32
32500
115
32662
101
32775
32
32999
110
33193
111
33358
105
33435
32
33632
112
33934
105
34140
103
34340
114
34474
105
34567
32
34808
97
34933
105
35131
117
35365
116
35622
97
35821
116
35961
110
36144
105
36245
32
36522
115
36531
100
36619
97
37001
8
37150
8
37876
97
38166
8
38305
8
38444
8
38593
8
38745
8
38929
8
39798
110
39951
116
40073
105
40174
32
40369
115
40455
97
40740
114
41351
101
42739
109
43171
111
43290
32
43858
109
43960
101
44150
110
44360
111
44458
32
44632
112
45159
105
45460
103
45713
114
45877
105
45981
32
46121
101
46239
32
47045
116
47209
105
47280
32
47504
108
48224
8
49067
108
49214
97
49663
8
49894
8
50204
13
50761
108
50858
97
51003
115
51206
99
51412
105
51536
97
51670
109
51868
111
52046
32
52520
102
52658
105
52831
110
53003
105
53265
114
53783
101
54434
46
54639
32
54853
0
55479
8
55832
46
55966
46
56459
32
56633
0
56981
101
57626
96
57762
32
57995
99
58112
104
58235
101
58321
32
58552
99
58648
105
58777
32
59043
8
59299
8
59366
8
59436
8
59504
8
59572
8
59640
8
59710
8
59778
8
59908
8
60168
0
60501
69
60966
96
61343
32
61521
99
61658
104
61795
101
61905
32
62505
99
62638
105
62700
32
62869
115
62944
111
63142
110
63343
111
63408
32
63794
115
63941
101
64100
109
64276
112
64371
114
64439
101
64564
32
64791
117
64964
110
65086
32
65179
115
65242
97
65448
99
65571
99
65619
111
65711
32
65898
100
65983
105
66078
32
66554
99
66844
111
66971
115
67256
101
67370
32
67504
100
67689
97
67768
32
68281
102
68490
97
68675
114
68749
101
68870
32
69030
101
69483
8
69602
8
70018
13
70172
101
70331
32
71064
105
71279
110
71420
32
71683
112
71923
105
72078
117
72369
39
72593
32
72765
115
73046
116
73299
97
73560
32
74701
97
74966
114
75079
114
75201
105
75482
118
75578
97
75736
110
75816
100
76769
105
76869
32
77124
108
77380
8
77496
8
77619
8
78140
111
78252
32
78575
108
78698
97
78827
32
79308
112
79549
105
79694
101
79849
110
79973
97
80101
32
80316
101
80593
115
80892
116
81082
97
81304
116
81369
101
81518
32
81707
99
81898
104
82001
101
82408
8
82540
8
82676
8
82793
8
83285
44
83429
32
83550
99
83692
104
83789
101
83879
32
84055
110
84293
111
84497
110
84619
32
84778
99
85134
111
85676
99
85863
105
86088
108
86274
105
86502
97
87118
8
87248
8
87381
8
87525
8
87649
8
88151
110
88334
99
88478
105
88659
108
88849
105
89109
97
89317
32
89557
105
89739
108
89811
32
90020
108
90100
97
90902
118
91086
111
91229
114
91751
111
92068
13
93210
8
94348
44
95212
13
97108
110
97265
101
97461
112
97577
112
97853
117
97988
114
98076
101
98145
32
98329
113
98449
117
98573
101
98719
101
98780
108
99348
8
99497
8
99678
101
99867
108
99982
108
00262
8
00392
8
00520
8
00824
108
00951
108
01137
111
01240
32
01679
110
01881
111
02032
114
02199
109
02328
97
02441
108
02541
101
02973
44
03128
32
03326
102
03455
105
03688
103
03868
117
04307
114
04453
105
04580
97
05398
109
05597
111
05779
99
05886
105
05972
32
06410
113
06652
117
06773
101
06979
115
07444
8
07735
108
07861
108
08061
111
08163
32
08680
101
09152
120
09421
116
09509
114
09808
97
10181
0
10625
33
10929
32
11198
0
11469
86
11712
111
11858
114
11974
114
12083
101
12197
105
12289
32
12619
101
12806
115
12906
115
13209
101
13392
114
13444
101
13578
32
13800
97
13932
108
14070
32
14554
13
15123
109
15239
97
15466
114
15533
101
15799
44
15927
32
16028
97
16245
110
16368
99
16508
104
16597
101
16730
32
16981
115
17186
101
17271
32
17545
112
17760
111
18340
105
18426
32
18688
109
18868
105
18923
32
19172
115
19338
99
19502
111
19743
116
19847
116
20016
101
20217
114
20791
101
21615
105
21701
32
21844
99
21949
111
22119
109
22224
101
22322
32
22855
117
24859
110
25002
97
25130
32
25603
98
25832
105
25930
115
26223
116
26303
101
26699
99
26956
99
27332
97
27515
32
27684
97
27845
108
27967
108
28057
97
28317
32
28635
103
28881
114
29056
105
29228
103
29358
108
29520
105
29634
97
29985
13
30299
101
30438
32
30624
97
30777
59
30896
108
31172
8
31297
8
31763
108
31878
108
32043
111
32178
114
32341
97
32451
32
32665
118
32764
111
33009
114
33166
114
33264
101
33453
105
33589
32
34096
101
34294
115
34415
115
34598
101
34773
114
34933
101
35339
97
35450
32
35934
8
36039
8
36340
32
37257
105
37470
110
37596
32
38299
117
38704
110
38890
32
39252
112
39440
111
39557
115
39787
116
39875
111
39975
32
40149
112
40379
105
40529
117
40809
39
41011
32
41361
102
41539
114
41649
101
41973
99
42295
8
42381
115
42594
99
42694
111
43524
46
43662
46
43791
46
44069
32
44239
0
44386
77
44613
97
45372
104
45789
44
45919
32
46127
108
46191
97
46671
32
46938
109
47168
105
47314
103
47433
108
47616
105
47786
111
48618
114
49472
13
49894
99
50109
111
50244
115
50427
97
50517
32
50733
115
51041
97
51281
114
51363
101
51570
98
51702
98
51781
101
51967
32
52330
101
52518
115
52640
115
52827
101
53014
114
53048
101
53220
32
53457
97
53596
108
53798
32
53990
109
54075
97
54408
114
54486
101
54627
32
54850
108
55045
111
55152
32
55466
115
55759
116
55839
101
56100
115
56226
115
56289
111
56361
32
56516
101
56630
32
57491
102
57632
97
57846
114
57912
101
58017
32
58140
116
58333
97
58450
110
58578
116
58700
105
58828
32
59341
98
59422
97
59794
103
60028
110
60219
105
60294
32
61725
100
61873
111
62043
112
62200
111
62273
32
62957
8
63086
8
63227
8
63376
8
63508
8
63731
97
63886
108
63896
107
64295
8
64385
8
65252
108
65598
32
65821
109
66021
97
66452
116
66582
116
66669
105
66870
110
67076
111
67387
13
68175
112
68313
114
68373
101
68589
115
68749
116
68842
111
68887
32
69153
101
69258
32
69597
97
69881
108
70080
32
70388
112
70549
111
70758
109
71020
101
71306
114
71519
105
71669
103
71782
103
71864
105
72024
111
72124
32
72689
116
73071
97
73291
114
73455
100
73598
105
73819
44
73974
32
74329
108
74481
101
74711
103
74821
103
75029
101
75859
110
76170
100
76266
111
76358
32
76468
101
76607
32
76790
100
76942
111
77432
114
77693
109
77801
101
77962
110
78136
100
78279
111
78386
32
79497
105
80362
108
80546
32
80722
114
80749
101
80977
115
81172
116
81253
111
81341
32
81487
100
81576
101
81641
108
81741
32
82444
13
83150
116
83307
101
83540
109
83754
112
83908
111
84641
46
84926
32
85204
0
85338
77
85469
97
86241
103
86585
8
87390
103
87492
97
87684
114
87763
105
87850
32
88583
97
88782
110
88894
99
89033
104
89121
101
89259
32
89993
117
90193
110
90292
97
90392
32
90973
98
91121
101
91277
108
91408
108
91549
97
91679
32
91846
0
92238
34
92635
118
92782
97
92878
115
93078
99
93258
97
93787
0
94132
34
94346
32
94451
115
94640
117
94841
108
94939
32
95048
108
95256
117
95431
110
95558
103
95672
111
95758
32
95960
109
96068
97
96385
114
96487
101
96772
32
97868
110
98095
111
98321
110
98442
32
98691
115
98788
97
99088
114
99106
101
99315
98
99438
98
99526
101
00191
13
00637
109
00752
97
00920
108
01004
101
01740
44
01888
32
01998
115
02150
111
02352
110
02564
111
02627
32
02808
97
02956
110
03082
110
03340
105
03455
32
03613
99
03702
104
03860
101
03946
32
04153
110
04383
111
04575
110
04709
32
04918
108
05077
111
05160
32
05607
102
05768
97
05961
99
06206
105
06376
111
06752
8
06882
8
07030
99
07312
105
07484
111
07685
32
08159
112
08413
105
08588
117
08887
39
09778
46
09919
46
10043
46
10391
32
10540
0
10923
67
11160
104
11356
105
11506
115
11623
115
11706
97
12325
96
12753
44
12874
32
13030
109
13156
97
13437
103
13634
97
13821
114
13972
105
14064
32
14415
108
14667
39
14796
97
15039
110
15153
110
15382
111
15938
13
16223
112
16348
114
16489
111
16909
115
17026
115
18061
105
18265
109
18444
111
19175
46
19303
46
19843
46
20514
32
20690
0
20841
65
20871
32
21912
112
21993
114
22070
101
22279
115
22826
116
23043
111
23233
44
23521
13
24393
8
24968
8
25824
44
25998
32
26291
9
26412
9
26677
0
27030
8
27295
8
27799
0
28067
86
28268
105
28288
118
28413
105
28562
97
28694
110
28707
97
