40799
0
41141
67
41365
105
41472
97
41560
111
41677
32
42045
8
42724
46
42899
32
43037
0
43154
79
43354
103
43491
103
43562
105
43678
32
43804
118
43813
99
43857
111
44079
109
44329
8
44470
8
44617
8
44748
8
45060
118
45175
111
45427
109
45694
8
45837
8
45975
8
46807
112
46969
114
47065
111
47224
118
47580
111
47832
32
48047
97
48152
32
48659
102
48819
97
48999
114
49062
101
49165
32
49567
117
49777
110
50069
39
50243
97
50530
108
50631
116
50702
114
50952
97
51035
32
52505
8
52647
8
52786
8
52944
8
53084
8
53224
8
53365
8
53673
32
53791
97
53924
108
54498
116
54590
114
54791
111
54901
32
55944
112
56155
101
56491
122
56631
122
56711
111
56802
32
56868
100
56966
101
57060
108
57185
108
57865
39
58026
101
58233
115
58396
112
58525
101
59435
114
59553
105
59750
109
59916
101
60104
110
60334
116
60530
105
60534
111
60920
8
61179
8
61774
111
62009
46
62194
32
62346
0
62496
76
63172
39
63348
101
63565
115
63809
116
63971
101
64704
8
64886
97
65157
116
65261
101
65951
13
66174
99
66368
111
66561
110
66742
99
66868
105
67049
108
67236
105
67328
97
67451
32
67665
105
67836
108
67912
32
68404
108
68599
97
69112
118
69301
111
69487
114
69606
111
69719
32
69967
97
72286
99
72411
99
72624
117
72857
109
74675
117
75061
108
75215
97
75709
116
75813
111
75911
32
76256
100
76393
117
76582
114
76598
116
76935
97
77352
8
77486
8
77866
97
78079
110
78271
116
78276
114
78372
101
78652
8
78775
8
78933
101
79187
32
79384
108
80009
39
80217
97
80492
110
80605
110
80861
111
80994
32
82777
44
82928
32
83112
115
83216
112
83335
101
83532
99
83797
105
83810
117
84265
8
84396
8
84544
101
85060
8
85208
8
85356
8
85503
8
85640
8
85783
8
85922
8
86052
8
86637
44
86761
32
86905
115
87021
112
87105
101
87317
99
87494
105
87583
101
87707
32
88184
113
88343
117
88475
101
88643
108
88755
108
88946
111
88957
105
89042
32
89193
99
89423
8
89549
8
89658
8
89923
32
90014
99
90174
104
90238
101
90366
32
90785
110
90999
111
91191
110
91321
32
91845
110
92067
111
92281
110
92465
32
92775
8
92916
8
93056
8
93212
8
93359
8
93519
8
93680
8
94092
8
94668
13
95515
110
95738
111
95926
110
96053
32
96235
115
96316
105
96445
32
96666
115
96808
109
96928
97
97553
108
97720
116
97883
105
98127
115
98274
99
98439
101
98566
32
98811
112
98898
101
98983
114
99585
99
99779
104
99919
101
00168
39
00460
32
00879
97
00980
108
01182
116
01282
114
01947
111
02049
32
02211
112
02440
105
02581
117
02835
39
03032
32
03271
117
03492
114
03706
103
03837
101
04015
110
04093
116
04248
101
04421
32
05188
115
05328
105
05419
32
05582
97
05784
99
05905
99
06002
117
06655
109
07415
117
07645
108
07760
97
07977
32
08361
116
08526
105
08721
112
08889
111
08990
32
09285
115
09666
116
09843
97
10215
99
10358
107
11227
46
11469
13
12002
0
13263
83
13467
101
13690
105
13795
32
14157
103
14367
105
14523
97
14770
96
14902
32
15158
105
15361
110
15565
32
15914
118
16075
97
16242
99
16394
97
16575
110
16738
122
16900
97
17246
0
18175
63
19295
32
19538
0
19912
83
20091
101
20229
32
20367
115
20533
105
20846
44
20983
32
21160
110
21359
111
21536
110
21662
32
21925
109
22108
105
22195
32
22358
115
22445
97
22556
112
22793
114
23042
97
23906
105
24014
32
24187
100
24298
105
24412
114
24521
101
24640
32
25034
113
25154
117
25269
97
25363
110
25506
116
25610
105
25703
32
25822
97
25956
110
26035
99
26203
111
26274
114
26476
97
26619
32
27020
100
27209
105
28248
13
29078
113
29317
117
29487
101
30029
115
30245
116
30463
105
30585
32
30872
112
31156
8
31313
115
31447
112
31545
97
31881
122
32036
105
32235
32
32429
109
32645
105
32768
32
33518
116
33657
111
34079
99
34196
99
34425
97
34567
32
34728
97
34835
110
34974
99
35164
111
35392
114
35678
0
36029
65
36595
8
37515
97
37988
0
38901
32
39818
82
39999
73
40109
69
40235
77
40578
8
40712
8
40849
8
40965
8
41832
114
41994
105
42118
101
42204
109
42444
112
42651
105
42965
114
43047
101
43869
44
44057
44
44310
8
44507
8
45097
46
45264
46
45441
46
45592
46
46049
8
49422
32
49801
0
50076
77
50257
97
50324
32
51070
99
51236
111
51459
109
51696
117
51880
110
51898
98
52004
113
52111
117
52229
101
52543
8
52685
8
52823
8
52944
8
53224
113
53386
117
54071
101
54170
32
54393
105
54559
111
54639
32
54806
112
54923
114
55116
111
56488
115
56662
101
56847
103
57009
117
57197
105
57380
114
57563
111
57923
96
58901
46
59190
13
65135
0
66916
69
67199
96
67292
32
67573
105
67890
109
68113
112
68289
111
68902
114
69076
116
69281
110
69364
97
69561
116
69636
101
69732
32
70004
8
70132
8
70279
8
70425
8
70546
8
70675
97
70942
110
71087
116
71193
101
71341
32
71745
105
71912
108
72020
32
72303
98
72445
114
72576
111
73007
119
73281
115
73463
101
73636
114
73820
32
74025
99
74263
104
74450
101
74585
32
75424
115
75510
105
75598
32
75796
117
75940
115
76036
97
76443
0
76807
63
77060
32
77219
0
77375
67
77616
97
77713
109
77951
98
78151
105
78256
97
78705
8
78833
101
79318
114
79402
101
79689
98
79801
98
79893
101
80002
32
80606
113
80727
117
80837
97
80939
108
81139
99
81289
111
82106
115
82223
97
82414
32
82635
115
83016
101
83202
32
83989
117
84111
115
84196
97
84395
115
84500
115
84747
101
85113
13
85624
8
85759
8
85981
8
86778
115
87051
105
87381
13
88160
108
88620
13
89087
8
90138
39
90208
0
90482
69
90856
120
91108
112
91269
108
91444
111
91690
114
91772
101
91985
114
93014
0
93473
63
93966
32
94276
0
94526
79
94706
112
94821
112
95052
117
95201
114
95289
101
95389
32
95606
101
96130
96
96250
32
96536
115
96695
111
96883
108
97033
111
97139
32
97338
117
97565
110
97683
97
97797
32
98368
113
98586
117
98662
101
98841
115
99032
116
99139
105
99308
111
99506
110
99633
101
99733
32
99999
100
00110
105
00200
32
00891
98
00898
110
01332
8
01859
97
02317
116
02436
116
02547
105
02757
116
02872
117
03161
114
03420
97
03702
0
03996
63
04195
32
04759
0
05206
69
05376
32
05616
108
05707
97
05884
32
06206
8
06301
8
06426
101
06606
32
06970
99
07143
111
08140
8
08270
97
08787
110
08952
99
09076
101
09197
108
09323
108
09416
97
10524
122
10702
105
10851
111
11025
110
11188
105
11497
13
12436
99
12615
111
12814
109
12939
101
13075
32
13837
105
14030
110
14227
116
14407
101
14461
114
15189
102
15335
101
15541
114
16301
105
17121
115
17315
99
17440
111
17641
110
17840
111
17997
0
18467
63
18660
32
19016
0
19329
67
19520
104
19649
101
19737
32
19943
100
20712
105
20944
100
21292
8
21407
102
21542
102
21690
101
21849
114
21969
101
22273
110
22838
122
23008
97
23107
32
23353
99
23706
39
23851
101
24076
96
24252
32
24538
101
24862
8
24991
114
25132
105
25256
115
25371
112
25530
101
26061
116
26180
116
26271
111
26368
32
26509
97
26625
32
26809
113
27540
117
27710
110
27830
97
28012
100
28102
111
28214
32
28341
99
28451
105
28461
117
28763
8
28899
8
29041
8
29175
8
29302
8
29438
8
29579
8
29688
8
29855
97
30084
110
30673
100
30864
105
30972
32
31312
8
31469
8
31772
111
31891
32
32069
99
32202
105
32323
32
33076
13
33533
102
33692
97
33854
99
34029
101
34238
118
34435
105
34515
32
34663
115
34804
99
35004
114
35106
105
35353
118
35439
101
35591
114
35666
101
35725
32
36658
105
36817
108
36919
32
37096
112
37210
101
37528
122
37647
122
37743
111
37852
32
38279
116
38383
114
38636
97
38842
116
38958
116
39021
111
39109
32
39276
100
39430
97
39547
105
39619
32
40181
112
40569
8
40806
0
41302
34
41552
0
41664
80
41885
114
42005
111
42988
8
43129
8
43267
8
43407
8
43558
8
43685
8
44003
32
44126
0
44719
34
44918
0
45025
73
45331
32
45502
0
45707
80
46296
114
46465
111
46676
109
46819
101
47018
115
47140
115
47219
105
47521
32
47629
0
47928
83
48650
112
49001
111
49385
115
49586
105
49751
0
50092
34
50652
0
51110
63
53336
32
53763
0
54052
85
54236
110
54375
32
54529
103
54680
105
54849
111
55220
114
55364
110
55596
111
55760
32
56059
13
56643
109
56815
105
56908
32
57060
112
57245
105
57392
97
57553
99
57757
101
57907
114
57968
101
58132
98
58252
98
58367
101
58658
32
58946
115
59990
97
60168
111
60352
101
60536
114
60784
8
60910
8
61040
8
61299
112
61458
101
61630
114
61712
101
61794
32
62566
116
62727
117
62839
116
62960
116
63125
101
63259
32
63765
113
63938
117
64050
101
64246
115
64448
116
64580
101
64778
32
65318
99
65544
111
65676
115
65842
101
66459
44
66654
32
66797
101
66895
32
67106
109
67193
97
67689
102
68055
8
68144
103
68348
97
68567
114
69105
105
69200
32
69431
108
69563
101
69871
103
69975
103
70201
101
70310
114
70721
101
70950
32
71298
113
71443
117
71545
97
71652
108
71820
99
71957
111
72069
115
72634
97
73043
13
73456
115
73634
117
73856
108
73993
108
74326
39
74539
97
74834
114
75103
103
75311
111
75588
109
75716
101
75832
110
75947
116
76176
111
76885
46
77295
32
77569
0
77797
80
78040
101
78263
114
78368
32
78835
111
79103
103
79218
103
79312
105
79419
32
79650
101
79931
96
80037
32
80256
116
80367
117
80479
116
80592
116
80785
111
81943
46
82258
32
82453
0
82696
67
82929
105
82999
99
83112
111
83209
97
83595
8
83725
8
83861
8
84139
97
84661
111
84848
44
85348
32
85575
9
86677
8
87532
0
87787
86
87990
105
88030
118
88142
105
88246
97
88353
110
88375
97
