16617
16
16827
78
17068
79
17278
78
17438
32
17628
83
17759
79
17959
78
18169
79
18450
32
19050
83
19211
73
19491
67
19821
85
20092
82
20202
65
20342
32
20573
67
20783
72
20913
69
21033
32
21284
76
21854
219
22035
69
22325
83
22676
80
22796
69
23066
82
23316
73
23537
77
23667
69
23777
78
24048
84
24318
79
24538
32
24688
68
24809
73
24999
32
25239
73
25339
69
25520
82
25750
73
26020
32
26171
83
26321
73
26451
65
26581
32
26751
65
26872
78
27162
68
27272
65
27493
84
27773
79
28083
65
28404
32
29045
8
29185
8
29545
32
29726
65
30036
32
30767
66
31008
85
31198
79
31488
78
31679
32
31959
70
32229
73
32430
78
32550
69
32930
190
33231
32
33862
16
34362
16
34402
16
34432
16
34463
16
34503
16
34533
16
34563
16
34583
72
34823
79
35093
32
35314
73
35504
76
35694
32
35905
83
36035
79
36275
83
36856
80
36976
69
37277
84
37407
84
37677
79
37948
32
38208
86
38218
67
38418
72
38759
69
39159
8
39320
8
39460
8
39580
8
40151
67
40351
72
40481
69
40601
32
40872
84
41312
8
41543
83
41673
73
42043
32
42444
83
42594
73
42704
65
42855
32
43135
66
43606
76
43776
79
44056
67
44187
67
44247
65
44417
84
44697
79
44938
32
45218
84
45448
85
45669
84
45789
84
46069
79
46280
32
46510
80
46870
82
47021
79
47191
80
47631
82
47772
73
47942
79
48222
32
48413
65
48983
76
49134
76
49244
65
49364
32
49614
70
49905
73
50145
78
50235
69
50666
190
51447
32
52208
16
52709
16
52739
16
52739
69
53149
219
53430
32
53860
86
53961
69
54211
82
54531
79
54822
32
55943
67
56164
72
56294
69
56414
32
56775
66
56895
65
57476
84
57616
84
57736
65
58397
86
58717
79
58968
32
59128
83
59298
85
59468
73
59779
32
60320
84
60420
65
60650
83
60850
84
61231
73
61471
32
61832
65
61982
76
62523
8
62903
32
63244
85
63434
78
63564
65
63655
32
63875
86
64075
69
64285
76
64436
79
64746
67
64916
73
65187
84
65327
65
65707
219
65988
32
66218
73
66428
77
66639
80
66959
82
67049
69
67931
83
68081
83
68271
73
68411
79
68622
78
68722
65
69002
78
69303
84
69413
69
69543
32
70404
80
70484
69
70705
82
70805
32
71536
76
71636
65
71776
32
72077
70
72237
82
72367
69
72437
84
72597
84
72687
65
72888
32
73619
68
73889
73
74190
32
74951
70
75221
73
75451
78
75672
73
75942
82
76092
69
76243
32
76513
65
76723
32
77494
8
77645
8
77815
8
78255
32
78466
69
78676
32
79728
68
79828
65
79928
82
81450
77
81660
73
81911
32
82061
65
82241
78
82472
73
82692
77
82782
65
82912
32
83153
69
83293
32
83803
67
83924
79
84244
82
84665
80
84805
79
85035
32
85216
65
85736
76
85967
32
86257
67
86537
73
86748
78
86868
65
86978
77
87118
69
88360
8
88580
8
88901
8
89662
69
89962
77
90042
65
91054
190
91294
32
91525
16
91685
73
91875
76
92095
32
92356
80
92516
79
92846
86
92937
69
93087
82
93387
79
93748
32
94559
66
94829
82
95140
79
95460
87
95751
83
96492
69
97123
82
97343
32
97633
78
97884
79
98084
78
98274
32
98505
72
98615
65
98765
32
99396
82
99566
69
99646
84
99786
84
00047
79
00237
32
00467
73
00628
76
00818
32
00958
67
01108
79
01479
76
01659
80
01809
79
04383
32
04563
69
04683
32
05134
83
05254
73
05505
32
05785
69
06166
219
06416
32
06736
82
07007
73
07307
66
07447
69
08309
76
08449
76
08589
65
08779
84
09080
79
09330
32
09460
65
09631
32
10762
67
10892
79
11143
78
11623
8
11914
84
12054
65
12625
78
12895
84
12975
65
13256
32
14808
76
15399
69
19485
8
19635
8
19785
8
19935
8
20717
79
20967
32
21237
76
21388
69
21588
83
21728
84
22008
79
22319
32
22850
67
23040
79
23260
78
23260
77
23481
80
23981
8
24252
8
24612
8
25293
77
25533
80
25674
79
26004
82
26164
84
26305
65
26665
77
27366
8
28177
77
28297
69
28378
78
28938
84
29069
79
29429
190
30370
13
31332
16
31582
81
31883
85
32143
69
32303
83
32554
84
32794
79
33014
32
33255
69
33475
219
33705
32
33976
84
34166
85
34386
84
34496
84
34757
79
34967
32
35117
81
35308
85
35428
69
35578
76
35708
76
35858
79
36109
32
37020
67
37621
72
37711
69
37831
32
38092
80
38262
79
38392
83
38542
83
38692
79
39063
32
39724
80
39864
69
40185
78
40495
83
40585
65
40695
82
40876
69
41747
190
42187
13
44150
16
44320
80
44661
69
44801
82
45032
32
45282
73
45442
76
45652
32
45913
82
45983
69
46173
83
46223
84
46584
79
49117
188
49358
32
49658
77
49848
73
50069
32
50339
84
50610
79
50890
67
51020
67
51120
65
51220
32
51821
82
52102
73
52572
76
52713
69
52903
71
53033
71
53163
69
53273
82
53424
69
53594
32
54585
68
54745
65
54936
67
55076
67
55216
65
55647
186
56137
8
57049
80
57229
79
58060
32
58731
84
59022
85
59282
84
59392
84
59693
79
59943
32
60083
83
60223
84
60484
79
60724
32
60924
77
60994
65
61215
84
61365
69
61505
82
61846
73
61966
65
62076
76
62226
69
63178
188
63418
32
64660
77
64800
65
64930
32
65491
16
65661
66
65902
85
66162
68
66262
65
66462
80
66572
69
66773
83
66873
84
67113
32
67233
69
68235
219
68505
32
68605
83
68796
73
69196
8
69427
79
69727
84
69867
84
70118
79
70348
32
70588
73
70748
76
70979
32
71169
83
71279
79
71450
76
72080
69
72922
188
73122
32
73332
83
73583
86
73683
69
73923
71
74203
76
74384
73
74514
65
74694
82
76427
83
78039
73
78289
32
78359
65
78530
32
78740
16
78870
66
79131
85
79441
68
79581
65
80503
70
80803
79
81163
75
81374
32
81604
69
81945
219
82205
32
82385
83
82596
69
82686
77
82896
80
83216
82
83327
69
83447
32
84268
85
84448
78
84769
219
84969
69
85179
83
85329
80
85480
69
85680
82
85950
73
86050
69
86271
78
86561
90
86661
65
86762
32
87142
76
87142
75
87362
85
88424
8
88554
8
89255
85
89465
77
89756
73
89956
78
90196
79
90527
83
90727
65
90877
32
91018
69
91879
32
93792
86
93882
69
94032
68
94112
69
94242
82
94332
69
94543
32
98799
84
98989
85
99209
84
99340
84
99570
73
99810
32
99961
81
00131
85
00201
69
00401
83
00531
84
00932
73
01172
32
01373
65
01503
76
02003
66
02284
69
02404
82
03375
73
03646
32
05789
77
05949
69
06169
78
06430
84
06590
69
06600
82
07541
8
07702
8
08513
82
08593
69
08813
32
09474
83
10185
73
10506
32
10906
76
11016
65
11257
86
11517
79
11818
82
12108
65
12509
188
12709
32
13350
66
13560
72
13640
69
13770
32
14031
67
14291
79
14491
77
14722
73
14932
78
15192
67
15473
73
15613
79
15873
32
16204
65
16324
32
16604
80
16755
69
16925
78
17235
83
17356
65
17436
82
17586
69
17886
32
18707
67
18928
72
19028
69
19148
32
19449
83
19639
73
19779
65
19919
32
20780
85
20981
78
21131
32
21371
73
21552
77
21762
80
21892
79
22192
82
22343
84
22453
65
22994
78
23214
84
23324
69
23454
32
24035
83
24546
84
24696
82
24926
85
25177
77
25287
69
25417
78
25637
84
25868
79
26068
32
26328
80
26378
69
26579
82
26739
32
26949
77
27160
73
27400
71
27670
76
27871
73
27981
79
28251
82
28381
65
28482
82
28662
69
28952
32
29493
76
29593
65
29743
32
30014
80
30344
82
30665
79
31075
68
31386
73
31786
8
33439
85
33669
84
33799
84
34019
73
34270
86
34500
73
34741
84
34881
65
35111
219
35351
32
35622
80
35782
69
36613
82
36733
83
36924
79
37545
78
37655
65
37775
76
38005
69
38105
32
38396
67
38596
72
38716
69
38806
32
38997
78
39077
69
39267
76
39497
32
39868
78
40088
79
40258
83
40399
84
40549
82
40829
79
41040
32
41380
68
41560
73
41781
80
41911
65
42151
82
42291
84
42852
73
43012
77
43133
69
43223
78
43443
84
43703
79
43934
32
44134
86
44364
73
44505
69
44585
78
44725
69
44825
32
45206
65
45877
77
46117
80
46307
73
46397
65
46638
77
46748
69
46858
78
47068
84
47188
69
47309
32
48250
83
48510
79
48801
84
48931
84
49181
79
49442
86
49532
65
49772
76
50012
85
50283
84
50393
65
50503
84
51435
79
51995
16
52336
49
52766
32
53267
72
53467
73
53678
72
53888
73
54178
32
54609
86
54839
73
55080
86
57213
8
57383
8
57563
8
65515
83
66176
90
66466
73
66596
65
