85099
16
85230
67
85410
65
85580
82
86491
73
86672
83
86832
83
86972
73
87182
77
87413
73
88354
188
88654
13
88815
13
89596
84
90327
8
91549
84
91779
79
92059
82
92460
78
92570
65
92740
84
92971
79
92971
73
93541
8
93682
8
94403
73
94633
32
94863
68
94984
65
95214
76
95324
76
95504
69
95624
32
95965
84
96095
69
96215
82
96345
82
96426
69
96656
32
97517
65
97818
76
98138
84
98228
69
98459
32
99881
8
00341
16
00662
219
01263
32
12599
8
13100
8
13140
8
13170
8
13200
8
13240
8
13270
8
13300
8
13340
8
13370
8
13410
8
13440
8
13470
8
13510
8
13540
8
13570
8
13610
8
13640
8
13670
8
13710
8
13741
8
13771
8
13811
8
13841
8
13881
8
13911
8
13941
8
13981
8
14011
8
14041
8
14081
8
14111
8
14151
8
14181
8
14211
8
14251
8
14281
8
14311
8
14351
8
16855
16
17105
67
17205
65
17316
82
17416
65
18077
8
18227
8
18377
8
18668
8
18868
16
19198
67
19519
73
19619
65
20300
79
20540
32
20600
16
21101
16
21141
16
21171
16
21201
16
21241
16
21271
16
21301
16
21341
16
21371
16
21402
16
21442
16
21472
16
21502
16
21542
16
21572
16
21602
16
21642
16
21672
16
21712
16
21742
16
21772
16
21802
86
22042
83
22042
65
22193
76
22423
188
23434
8
23585
8
23805
8
24196
8
24446
65
24776
76
25337
188
25628
13
25808
13
29153
72
29343
79
29553
32
29784
80
30054
82
30324
79
30565
86
30665
65
30765
84
31005
79
31286
32
31446
65
31546
32
31746
77
31816
65
31967
78
32267
68
32377
65
32487
82
32708
84
32998
73
33219
32
34570
68
34751
69
34921
73
35131
32
35332
77
35402
69
35622
83
35762
83
36023
65
36253
83
36643
8
36954
71
37074
71
37304
73
38196
78
38396
79
38837
8
39808
73
40018
32
40179
67
40289
79
40489
78
40639
32
40849
76
40940
65
41060
32
41250
77
41430
73
41591
65
41681
32
42522
67
42612
65
42702
82
43694
84
43784
65
43924
32
44405
85
44615
78
44875
71
45056
72
45236
69
45276
82
45476
69
45857
83
46077
69
46428
32
47018
77
47119
65
47249
32
48951
80
49141
69
49352
82
49432
32
49872
81
49983
85
50223
65
50373
76
50774
67
50984
72
51084
69
51194
32
51745
77
51985
73
52176
83
52306
84
52406
69
52526
82
53087
73
53247
79
53688
83
53838
79
54079
32
54289
77
54479
79
54759
84
54990
73
55240
86
55471
79
55671
32
55881
78
56091
79
56262
78
56822
32
57634
84
57864
73
58064
32
58285
86
58385
69
58555
78
58805
71
59056
79
59246
78
59436
79
59657
32
59927
82
60047
69
60157
67
60317
65
60618
80
60828
73
61119
84
61219
65
61339
84
62270
73
62811
190
63101
13
63672
16
63843
80
63983
65
64574
90
64754
73
65064
69
65194
78
65475
65
65956
190
67738
8
68269
8
68690
90
68820
65
69891
188
70322
8
71003
190
71253
32
72585
16
72825
83
73006
69
73346
73
73727
32
74258
83
74448
85
74618
73
74818
32
74999
77
75149
79
75349
78
75830
84
76070
73
76250
32
76501
73
76931
77
77062
77
77192
69
77773
82
77983
83
78123
65
78253
32
80076
78
80176
69
80326
76
80537
32
80677
16
80797
66
81037
69
81518
78
81788
67
82079
73
82670
86
82890
69
83401
78
83681
71
83771
65
84202
16
84482
219
91372
32
93896
16
94256
81
94557
85
94727
73
94977
32
96409
65
96550
32
96700
16
96840
66
97150
85
97441
68
97541
65
97761
80
97871
69
98132
83
98282
84
98603
32
99684
37
00185
37
00215
37
00255
37
00285
37
00325
37
00355
37
00385
37
00425
37
00806
39
01367
8
01507
16
02007
16
02047
16
02078
16
02108
16
02148
16
02178
16
02208
16
02248
16
02278
16
02308
16
02348
16
02378
16
02408
16
02448
16
02478
16
02508
16
02548
16
02578
16
02588
66
03570
37
04181
39
04681
39
04721
39
04751
39
04781
39
04821
39
04852
39
04882
39
05502
32
06113
67
06364
73
06564
32
06714
83
06794
79
06975
78
07155
79
07375
32
07756
83
07956
84
08046
65
08166
84
08447
69
08737
32
09448
71
09698
73
09849
79
10119
82
10560
78
10700
65
10820
84
11030
69
11241
32
11471
68
11531
73
11741
32
11852
83
11982
79
12142
76
12222
69
12392
32
12613
76
12853
85
13033
77
13224
73
13404
78
13614
79
13774
83
14055
73
14245
83
14395
83
14565
73
14776
77
14896
69
19493
32
19683
69
19803
32
20123
73
20464
69
20584
82
20895
73
21315
32
21806
65
22086
66
22237
66
22467
73
22587
65
22687
77
22938
79
23318
32
24760
69
25081
83
25291
80
25491
79
25912
8
26563
76
26733
79
27003
82
27104
65
27194
84
27504
79
27734
32
27955
85
28145
78
28345
32
31179
80
31330
69
31780
90
31930
90
32191
69
32551
84
32682
84
32942
79
33202
32
34064
68
34264
73
34494
32
34664
16
34805
85
35215
78
35596
71
35746
72
35856
69
35966
82
36227
73
36347
65
36457
32
36687
65
37238
76
37468
32
37639
67
37769
79
37989
78
38660
70
38921
73
39151
78
39261
69
39381
32
40513
67
40803
73
40993
78
41154
32
41374
76
41484
65
41614
32
41895
16
42065
83
42416
76
42556
79
43337
86
43447
65
43697
75
43888
73
43988
65
46431
37
46932
37
46972
37
47002
37
47032
37
47062
37
47102
37
47132
37
47172
37
47202
37
47232
37
47273
37
47303
37
47994
8
48294
79
48835
40
49105
37
49776
32
50157
80
50627
73
50748
69
50848
78
51058
79
51258
32
51398
68
51519
73
51739
32
52160
86
52410
73
52630
76
52780
76
52921
65
53111
71
53261
71
53411
69
53562
84
53692
84
53982
73
54373
32
58569
71
58729
82
59069
65
59190
90
59490
73
59630
79
59821
83
60041
73
60311
83
60492
83
60612
73
60822
77
61032
73
61463
190
61823
32
62394
8
62544
8
62945
32
63055
69
63165
32
63426
85
63616
78
63776
32
64037
80
64187
79
64377
219
64647
32
64958
70
65088
85
65288
79
65609
82
65869
73
66100
32
66340
68
66460
65
66670
76
66911
32
67181
84
67311
69
67592
77
67852
80
68062
79
75914
190
77356
32
43050
16
43551
78
43791
79
43992
78
44152
32
44362
83
44482
79
44813
32
45313
83
45514
69
45664
73
45864
32
46085
72
46175
65
46295
73
46475
32
46685
77
46826
65
47256
73
47557
32
48168
86
48428
73
48568
83
48738
84
48999
79
49249
32
49459
85
49630
78
49770
32
50090
70
50341
73
50511
76
50731
77
50841
69
50922
32
51142
68
51332
69
51482
73
51683
32
52223
85
52404
78
52574
32
53095
82
53215
69
53706
71
53936
73
54046
83
54206
84
54306
65
54497
32
55278
68
55478
69
55668
76
55819
76
56009
219
56339
69
56580
83
56820
84
57050
32
58082
8
58442
188
58593
32
58793
16
59023
83
59374
85
59614
76
59794
73
60065
67
61046
188
61256
32
61567
67
61807
72
61927
69
62028
32
63339
83
63530
73
63710
32
63910
73
64060
78
64281
84
64491
73
64701
84
64932
79
65082
76
65202
65
65302
32
65933
16
66434
16
66464
16
66494
16
66534
16
66564
16
66594
16
66634
16
66664
50
66935
16
67075
73
67255
76
67455
32
67716
71
67946
73
68046
65
68277
82
68497
68
68787
73
69008
78
69268
79
69488
16
69889
50
70309
32
70980
69
71111
32
71631
82
71711
65
71942
67
72092
67
72402
79
72583
78
72813
84
72913
65
73063
32
73304
85
73504
78
73674
65
73774
32
74255
66
74525
85
74876
70
75016
70
75116
65
75227
32
75467
83
75737
84
76008
79
76298
82
76518
73
76769
32
76859
65
77420
8
77550
8
77860
65
78121
32
78631
68
79252
219
79392
65
79683
77
79863
79
80124
82
80224
69
80354
32
80724
70
80875
82
80985
65
81165
32
82026
73
82227
76
82537
32
85611
70
85862
73
86132
71
86373
76
86563
73
86703
79
86923
32
87054
68
87184
73
87394
32
87634
85
87815
78
87965
32
88265
83
88405
65
88486
82
88756
84
89066
79
89407
32
97318
69
97479
32
97769
85
97939
78
98340
65
98620
82
99231
8
99682
32
00182
82
00283
65
00553
71
00663
65
00883
90
01024
90
01164
65
01314
32
01574
77
01795
73
02015
83
02175
84
02295
69
02516
82
02796
73
02946
79
03157
68
03717
8
03858
83
04118
65
04358
32
04739
69
04859
32
05119
85
05290
78
05440
32
05690
80
05810
79
06001
219
06281
32
06471
77
06592
65
06772
71
06882
65
07022
32
07383
67
07603
72
07693
69
07823
32
08344
78
08484
65
08985
83
09155
67
09466
69
09636
32
11108
78
11278
69
11649
8
11819
8
11959
8
12460
8
12500
8
12530
8
12560
8
12901
8
13371
73
13552
78
13832
67
14122
79
14383
78
14653
84
14823
82
14934
65
15074
32
15364
73
15565
78
15735
32
15995
85
16165
78
16326
32
16576
71
16796
73
16936
65
17197
82
17407
68
17718
65
17868
73
18058
78
18258
79
18479
32
18709
80
18889
73
19080
69
19180
78
19400
79
19610
32
19781
68
19911
73
20101
32
20331
76
20902
8
21082
65
21623
76
22274
66
22384
69
22555
82
22855
73
23085
32
23316
68
23416
73
23606
32
23826
77
23997
69
24057
76
24237
69
25258
190
25499
32
26560
8
27101
190
27251
190
28703
72
28924
79
29104
32
29304
80
29505
69
29675
78
29995
83
30095
65
30216
84
30486
79
30706
32
30957
32
31507
8
32218
67
32429
72
32529
69
32659
32
33330
67
34121
219
34301
69
34522
82
34612
65
34772
32
35523
80
35844
82
36104
79
36445
80
36765
82
36985
73
37146
79
37346
32
37817
81
38257
85
38357
69
38538
76
38698
76
38978
219
39098
65
39329
76
39669
8
39970
84
40390
77
40590
79
40801
83
41011
84
41402
8
41722
70
41812
69
41892
82
42063
65
42323
32
43034
76
43324
73
43655
219
44296
190
44987
32
47130
16
47340
65
47661
78
48001
89
48652
87
48732
65
49043
89
49303
32
51556
38
52057
38
52087
38
52117
38
52157
38
52187
38
52227
38
52578
38
52738
38
52908
38
53209
37
53709
37
53739
37
53779
37
53810
37
53840
37
53880
37
53910
37
53940
37
53980
37
54010
37
54050
37
54080
37
54110
37
54150
37
54180
37
54210
37
54250
37
54280
37
54320
37
54350
37
54380
37
54420
37
54450
37
54480
37
54521
37
54811
37
55011
37
55582
8
56443
40
56864
40
57365
40
57395
40
57425
40
57465
40
57495
40
57535
40
57815
40
58016
40
58176
40
58436
37
59468
80
59568
69
59878
78
59978
83
60139
79
60349
32
60569
67
60759
72
60860
69
60960
32
61210
83
61320
65
61410
82
61751
219
61961
32
62131
65
62242
32
62782
16
62903
84
63223
79
63934
82
64204
73
64435
78
64635
73
65186
8
65787
79
66007
32
66758
76
66868
65
66998
32
67449
80
67780
82
68060
79
68270
83
68461
83
68581
73
68761
77
68831
65
68941
32
69232
83
69452
69
69562
84
69662
84
69873
73
70053
77
70173
65
70303
78
70423
65
71315
190
71515
32
71595
16
71795
84
71986
85
72186
32
72466
67
72717
73
72867
83
73277
82
73368
65
74079
8
74229
8
74379
8
75020
32
75280
83
75371
65
75461
82
75571
65
75921
73
76272
16
76773
16
76813
16
76843
16
76873
16
76913
16
76943
16
76983
16
77013
16
77043
16
77083
16
77113
16
77123
219
79206
32
79567
16
79747
86
80007
73
80248
86
82961
37
83132
37
83532
37
84213
86
84293
65
84484
67
85145
73
85785
8
85936
8
86076
8
86376
8
86837
32
87468
66
87608
65
88079
67
89281
73
89591
32
