09041
16
09162
77
09272
65
09392
32
09562
83
09802
73
10203
219
10483
188
10634
32
11054
70
11154
65
11265
67
11375
67
11605
73
11695
65
11835
77
12056
79
12316
32
12837
85
12997
78
13137
32
13358
80
13498
79
13678
219
13888
32
14029
68
14139
73
14319
32
14549
69
14730
83
14850
80
14960
69
15150
82
15380
73
15561
77
15681
69
15781
78
16001
84
16222
79
16702
188
16883
32
17043
67
17183
72
17403
73
17694
83
17824
83
17914
65
18164
219
18415
32
18645
67
18855
72
18966
69
19066
32
19286
78
19296
77
19516
79
20037
8
20538
8
21089
79
21299
78
21469
32
21670
77
21850
73
22040
32
22250
80
22361
65
22581
83
22701
83
22981
73
23192
32
24083
81
24444
69
24564
85
24664
83
24874
84
25555
79
27648
8
27798
8
27949
8
28119
8
28970
8
29351
85
31844
69
32004
83
32245
84
32485
79
32705
32
33076
66
33306
82
33577
85
33807
84
33927
84
34167
79
34368
32
34548
77
34879
65
35009
76
35239
32
35509
68
35860
73
36080
32
36301
84
36481
69
36661
83
36901
84
36992
65
38253
190
38734
32
41969
8
42129
16
42349
77
64892
16
65392
16
65432
16
65462
16
65493
16
65533
16
65563
16
65593
16
65633
16
65663
16
65703
16
65733
16
65743
77
66073
69
66364
78
66614
79
66804
32
66975
77
67065
65
67455
76
67545
69
67766
32
68567
67
68837
69
69018
32
69148
83
69458
73
69598
83
69769
84
69879
69
70009
32
70239
73
70390
76
70580
32
70780
77
70940
79
71111
77
71221
69
71441
78
71661
84
71862
32
72002
69
72092
32
72463
84
72693
73
72893
32
73073
83
73574
65
73714
76
74235
86
74345
65
74445
32
74686
73
74866
78
75016
32
75146
81
75297
85
75417
69
75607
83
75687
84
75827
69
75958
32
76909
83
77149
73
77410
84
77610
85
77700
65
77900
90
78001
73
78171
79
78401
78
78571
73
78752
32
78902
68
79042
79
79383
86
79473
69
79593
32
80504
66
80744
73
81105
83
81315
79
81676
71
81846
78
81946
65
82036
32
83008
67
83589
72
83659
69
83789
32
84029
84
84239
85
84450
84
84550
84
84800
79
85001
32
86453
8
86643
8
86913
8
87074
8
87224
8
87394
8
88045
76
88155
65
88285
32
88666
77
88756
69
89046
78
89327
84
89437
69
89567
32
90258
83
90388
73
90519
65
90619
32
90869
67
91099
72
91260
65
91300
73
91860
82
91961
65
92271
32
92752
8
92882
8
93042
8
93172
8
93323
8
93803
73
93893
65
94304
82
94374
65
95265
188
95456
32
95706
80
95796
69
95976
82
96066
32
96287
81
96437
85
96537
65
96647
78
96998
84
97278
79
97499
32
97769
80
97899
79
98019
83
98190
83
98330
73
98570
66
98780
73
98971
76
99131
69
99441
190
99802
32
02896
16
03397
16
03427
16
03457
16
03497
16
03527
16
03567
16
03597
16
03627
16
03667
16
03697
16
03738
16
03748
67
04018
79
04368
77
04569
85
04729
78
04899
81
05089
85
05210
69
05320
32
05560
83
05670
73
05790
65
05901
32
07112
68
07213
79
07413
77
07503
65
07623
78
07853
73
08104
32
09235
69
09596
219
09836
32
10037
85
10227
78
10547
32
10798
65
10928
76
11208
84
11348
82
11599
79
11799
32
12019
71
12220
73
12390
80
12390
79
12490
82
13051
8
13472
8
13742
8
14283
79
14593
82
14954
78
15174
79
15394
188
15565
32
15775
77
15965
73
16155
32
16366
83
16586
69
16716
77
17127
8
17377
78
17607
84
17888
79
18168
32
18669
67
18949
79
19120
77
19610
66
19710
65
19891
84
20011
84
20241
73
20452
86
20532
65
20642
32
20772
69
20852
32
21082
70
21163
65
21804
84
21884
65
22314
76
22494
73
22685
83
22865
84
22865
82
22955
65
23436
8
23566
8
23736
8
24547
84
24628
65
24818
32
25739
73
25939
78
26170
83
26310
73
26470
69
26580
77
26691
69
27562
188
27772
32
28002
85
28153
78
28263
65
28333
32
28954
86
29164
69
29294
82
29394
65
29495
32
29695
16
29845
82
30105
79
30406
83
30536
83
30726
69
31077
76
31197
76
31287
65
31868
16
32198
49
32569
32
33681
16
33991
69
34251
32
34492
67
34782
79
34962
77
35163
85
35323
78
35533
81
35724
85
35814
69
35974
32
36264
86
36364
65
36915
68
36985
65
37156
32
38187
84
38347
82
38427
65
38588
32
38988
67
39269
73
39449
78
39749
81
39920
85
40020
69
40160
32
40791
71
41051
73
41181
79
41422
82
41592
78
41802
79
41812
73
42403
8
42804
8
43405
73
43665
32
46389
77
46479
69
46609
32
46840
78
46900
69
47030
32
47480
86
47711
79
47861
76
47981
79
48201
32
48432
86
48632
73
48742
65
48832
32
49023
73
49193
78
49333
32
49503
16
49664
65
50204
85
50665
83
50885
84
51026
82
51106
65
51426
76
51606
73
51696
65
51847
32
52017
69
52157
32
63824
77
63894
69
64014
32
64204
78
64204
69
64465
69
65046
8
65516
32
65707
83
65877
84
66117
79
66318
32
66518
85
66688
78
66818
32
67039
80
67159
79
67339
219
67539
32
67860
67
68130
79
68320
78
68461
32
68691
73
68861
76
69112
32
69782
77
70033
73
70193
79
70443
32
70854
67
70964
65
71084
83
71495
8
71775
82
72086
79
72316
32
73728
16
73898
65
75060
8
75561
8
75591
8
75631
8
75661
8
75691
8
75731
8
75761
8
75801
8
75831
8
75861
8
75901
8
75931
8
75961
8
75991
8
76031
8
76062
8
76102
8
76132
8
76162
8
76202
8
76232
8
76272
8
76302
8
76332
8
76362
8
76402
8
76432
8
76472
8
76502
8
76532
8
76572
8
76602
8
76632
8
76672
8
76702
8
76743
8
76773
8
76803
8
76843
8
76873
8
76903
8
76943
8
76973
8
77003
8
77043
8
77874
16
78145
84
78335
72
78475
65
78605
73
78836
76
79527
65
79837
78
80328
68
80568
73
80628
65
80778
32
80979
69
81049
32
81289
77
81389
69
81589
32
81990
8
82100
8
82711
69
83182
32
83672
78
83743
69
83863
32
84093
83
84273
84
84544
79
84754
32
84994
70
85215
73
85415
78
85495
65
85735
76
85926
77
86036
69
86146
78
86366
84
86446
69
86577
32
86867
68
87057
89
87057
85
87418
8
87989
8
88269
85
88359
69
88499
32
88710
83
88940
69
89050
84
89170
84
89401
73
89641
77
89731
65
89841
78
90002
69
90092
32
90693
73
90923
78
91133
32
91844
86
91944
65
92535
67
92625
65
92886
78
93196
90
93286
65
93567
188
93747
32
93857
67
94007
79
94107
83
94188
73
94839
219
95179
32
95690
70
95950
73
96210
78
96471
76
96501
65
96701
77
96811
69
96932
78
97182
84
97252
69
97412
32
98063
78
98283
79
98474
78
98644
32
98744
83
98904
32
98974
69
99485
78
99585
69
99746
32
99896
69
00266
8
00427
8
00667
8
00797
8
00947
8
01278
69
01458
8
01698
8
01969
69
02339
32
02750
78
02830
69
02940
32
03221
80
03301
65
04142
82
04462
76
04532
65
04683
32
08027
80
08308
73
08508
85
08829
219
18352
38
18663
39
19164
39
19204
39
19234
39
19264
39
19304
39
19334
39
19364
39
19404
39
19434
39
19464
39
19504
39
19534
39
19574
39
19604
39
19634
39
19674
39
19704
39
19734
39
19774
39
19804
39
19834
39
19875
39
19905
39
19935
39
19975
39
20005
39
20035
39
20075
39
20105
39
20135
39
20175
39
20205
39
20245
39
20275
39
20305
39
21116
65
21617
40
24141
32
24802
69
24972
32
25202
83
25362
73
25603
32
26043
71
26254
85
26344
65
26524
82
26724
68
26804
65
26925
32
28337
73
28517
76
28687
32
28867
77
29068
79
29308
78
29548
68
29689
79
29919
32
30209
69
30330
32
30610
67
30840
73
31181
32
31311
83
31511
73
31722
32
31942
71
32172
73
32533
8
32753
79
32883
68
33074
69
33164
32
33614
76
33714
65
33835
32
34125
86
34415
73
34676
84
34766
65
34916
32
35447
80
35547
69
35727
82
35827
32
36478
81
36609
85
36869
76
36999
69
37640
8
37780
8
38011
69
38481
76
38601
76
38712
65
38842
32
39142
67
39493
72
39613
69
39713
32
39903
69
40114
219
40364
32
40664
69
40785
32
40985
78
41195
79
41375
78
41375
77
41536
32
41886
8
41996
8
42687
32
42928
80
43008
69
43208
82
43368
32
43939
81
44290
85
44380
69
44530
76
44680
76
44790
79
45041
32
45431
67
45642
72
45722
69
45842
32
46022
83
46142
73
46363
32
46913
83
47034
65
47144
32
47324
68
47504
69
47624
76
47775
76
47895
65
48005
32
48856
86
49097
73
49347
84
49447
65
49587
32
50739
8
51620
188
51820
32
51901
68
52071
69
52221
73
52451
32
52762
84
53042
73
53202
80
53363
73
53553
32
53663
68
53803
85
54214
8
54905
73
55125
32
47879
68
48009
65
48119
84
48409
73
48640
32
48780
65
49451
83
49661
84
49821
82
49922
65
50012
84
50132
84
50542
73
50893
32
51784
8
52345
188
52535
32
55530
32
56311
68
56471
69
56912
71
57172
76
57332
73
57563
32
57773
73
57923
78
58133
84
58233
69
58344
82
58714
80
58995
82
59095
69
59175
84
59405
79
59956
8
60607
73
60947
188
61128
32
61238
68
61398
69
61538
73
61749
32
61889
67
62089
79
62329
77
64132
80
64372
73
64553
76
64673
65
64863
84
65113
79
65384
82
65644
73
67327
188
67537
32
68218
68
68398
69
68749
73
69470
32
69760
76
69950
73
70171
78
70411
75
70511
69
70761
82
71192
188
71382
32
71503
68
71673
69
71813
73
72083
32
73365
76
73525
79
73786
65
74287
68
74477
69
75528
82
76279
32
76460
69
76550
32
76830
67
77081
79
77231
83
77361
73
78302
219
78543
32
78823
86
79053
73
79194
65
79534
190
79835
32
80896
16
81056
80
81367
85
81547
79
81817
219
82098
32
82498
84
82849
85
83079
84
83189
84
83440
79
83690
32
83870
69
84051
83
84201
83
84411
69
84972
82
85072
69
85202
32
85873
65
86023
80
86174
80
86634
69
86885
83
87035
83
87125
79
88036
8
88167
8
88868
79
89118
32
89268
65
89388
76
89589
32
89869
70
90109
73
90560
76
90700
79
90930
32
91041
68
91171
73
91381
32
91611
85
91782
78
91942
32
92232
76
92413
73
92673
78
93464
75
93554
69
93805
82
94966
16
95247
219
95928
32
99293
16
99523
83
99703
69
00054
77
00304
66
00554
82
00695
69
01205
82
01315
69
01646
66
01776
66
01876
69
02026
32
03218
66
03318
69
03759
76
04149
8
04410
78
04600
32
05702
66
05932
85
06373
70
06493
70
06733
79
06934
32
07044
69
07144
32
07584
66
07845
73
08155
90
08275
90
08376
65
08546
82
08656
82
08976
79
10088
188
10348
32
11290
68
11370
65
11510
86
11650
86
11901
69
12111
82
12441
79
13052
190
13463
32
20663
16
21164
16
21194
16
21234
16
21264
16
21294
16
21334
16
21364
16
21394
16
21434
16
21464
16
21504
16
21534
16
21565
16
21605
16
21635
16
21665
16
21705
16
21735
16
21775
16
21805
16
21835
16
21865
16
21905
16
21935
16
21965
16
22005
16
22035
16
22065
16
22105
16
22135
16
22175
16
22205
16
22236
16
22276
16
22306
16
22326
67
22556
72
22646
69
22786
32
23027
86
23257
73
23517
84
23597
65
23798
32
24429
8
24809
188
24979
32
25230
67
25410
72
25500
69
25640
32
25821
86
26031
73
26271
84
26351
65
26472
32
26812
68
27022
73
27233
32
27353
83
27513
84
27623
69
28234
78
28495
84
28695
73
28875
32
29005
69
29075
32
29486
80
29826
82
30127
73
30577
86
30668
65
30918
90
31068
73
31208
79
31419
78
31589
73
31970
188
32190
32
34243
67
34443
72
34553
69
34663
32
34904
86
35184
73
35455
84
35565
65
35765
32
37948
67
38188
72
38269
69
38409
32
38619
86
39050
73
39330
84
39400
65
40672
188
41023
32
50035
76
50186
79
50416
32
50556
83
50706
67
50897
82
51237
73
51728
86
51978
79
52169
32
52299
65
52399
78
52639
67
52910
79
53180
82
53280
65
53420
32
53921
85
54101
78
54211
65
54272
32
54502
86
54752
79
54902
76
55143
84
55413
65
55563
32
55884
69
56034
32
56345
70
56615
73
56795
78
56985
73
57256
83
57486
67
57556
69
57696
32
58007
76
58117
65
58217
32
58498
82
59269
73
59549
71
59629
65
59749
32
60010
72
60110
69
60210
72
60320
69
60420
72
60531
69
60661
72
60761
69
