29319
77
29510
65
29650
32
30171
81
30311
85
30441
65
30551
78
30882
68
31142
79
31352
32
31593
70
31833
73
32033
78
32214
73
32464
83
32574
67
32684
69
32774
32
33095
81
33355
73
33736
8
34006
85
34106
69
34327
83
34517
84
34787
79
35078
32
36119
69
36370
83
36580
80
36670
69
36910
82
37141
73
37371
77
37471
69
37591
78
37852
84
38112
79
38483
16
38653
219
39023
32
39394
16
39895
16
39905
77
40105
73
40335
32
40455
83
40696
69
40806
77
41146
66
41407
82
41507
65
41617
32
41767
68
41907
73
42118
32
42198
65
42328
86
42538
69
42949
82
43279
76
43430
79
43670
32
43880
71
44161
73
44331
65
44862
221
45362
8
45583
219
46344
32
46604
70
46684
65
46815
84
46925
84
47205
79
47435
32
47886
77
48116
73
48307
76
48497
69
48627
69
49338
67
49568
73
49749
78
50310
81
50550
85
50630
69
51131
67
51241
69
51401
78
51672
84
51922
79
52152
32
52573
86
52843
79
52993
76
53324
84
53394
69
53664
32
53785
69
54025
32
55527
80
55757
85
55948
78
56158
84
56368
85
56498
65
56689
76
57159
77
57290
69
57370
78
57600
84
57710
69
57830
32
58171
79
58471
71
58692
78
58882
73
59092
32
59353
77
59513
65
59683
84
59793
84
60054
73
60534
78
60644
65
60745
32
61255
77
61466
73
61686
32
61976
82
62237
73
62607
84
62767
82
63058
79
63318
86
63559
79
63759
32
63949
76
64079
65
64190
32
64420
77
64640
73
64750
65
64870
76
65271
32
66283
221
66433
221
67144
8
67304
8
67454
8
67624
8
67775
8
68325
8
68696
65
69067
73
69257
76
69657
32
70288
67
70519
72
70629
69
70749
32
71009
77
71240
73
71480
32
73012
82
73192
73
73633
67
73913
79
74234
82
74394
68
74494
65
74615
32
75806
67
75986
72
76117
69
76247
32
76547
68
76768
69
76998
86
77238
79
77469
32
77689
70
77799
65
78029
82
78380
76
78570
79
78841
32
80393
65
80773
78
81044
67
81324
79
81565
82
81685
65
81795
32
82055
85
82235
78
82346
65
82476
32
83207
86
83457
79
83637
76
83948
84
84058
65
84889
190
85160
13
87533
16
87743
86
88014
69
88254
32
88474
66
88565
69
88695
78
88795
69
88915
32
89316
8
89566
188
89766
32
90427
76
90597
79
90838
32
91098
70
91208
65
91419
67
91549
67
91809
73
91939
79
92180
32
92310
65
92440
78
92690
67
92991
79
93261
82
93392
65
93512
32
95104
79
95374
71
95525
71
95745
73
95975
32
96125
69
96226
32
96516
80
96666
79
96836
73
97117
32
97357
67
97557
72
97758
73
98028
83
98158
83
98299
65
98669
219
98980
190
99240
32
03426
16
03927
16
03957
16
03987
16
04027
16
04057
16
04087
16
04127
16
04157
16
04187
16
04227
16
04237
76
04397
65
04507
32
04728
80
05028
82
05289
79
05409
83
06030
8
06190
8
06340
8
06490
8
06641
8
06801
8
07141
8
07352
16
07682
67
07862
69
08093
32
08313
76
08383
65
08513
32
08734
70
08814
65
08954
82
09304
79
09515
219
09755
32
09855
65
09975
32
10206
70
10446
73
10626
78
10807
73
11107
82
11498
76
11508
75
11998
79
12399
8
12539
8
13310
79
13540
32
13641
81
13821
85
13901
69
14081
83
14262
84
14352
65
14502
32
14782
83
14993
69
15133
84
15253
84
15483
73
15704
77
15784
65
15904
78
16004
65
16375
16
16815
219
17106
32
19279
79
19529
80
19669
80
20290
85
20611
82
20731
69
20851
32
21141
78
21372
79
21642
16
21792
219
22183
32
25307
67
25558
72
25788
73
26018
32
26359
80
26629
85
26840
79
27070
219
27370
32
27701
83
27821
65
28452
80
28602
69
28812
82
29173
76
29353
79
29664
16
29824
219
31326
13
32087
16
32348
67
32708
79
33489
77
33750
85
33990
78
34330
81
34511
85
34611
69
34771
32
35652
68
35843
69
36103
86
36353
79
36584
32
36854
68
37004
73
37555
82
37685
69
37845
32
39267
67
39498
72
39608
69
39738
32
40079
79
40409
71
40539
71
40800
73
41000
32
41461
72
41671
79
41871
32
42061
76
42162
65
42272
32
42502
84
42682
69
42833
83
43063
84
43163
65
43293
32
43774
86
44064
85
44385
79
44675
84
44815
65
44926
32
45116
69
45206
32
45456
78
45677
79
45877
78
46077
32
46187
83
46328
79
46548
32
46778
67
47039
79
47159
83
47359
65
47439
32
47790
68
48050
73
48361
82
48451
69
49743
188
49993
32
51415
80
51575
79
51836
84
51986
69
52116
82
52406
73
52707
32
53127
8
53268
8
53408
8
53708
8
54239
82
54319
69
54539
73
54740
32
54930
81
55120
85
55280
73
55481
78
55631
68
55731
73
55951
32
56202
70
56302
65
56392
82
56532
69
56813
32
57964
67
58195
79
58425
77
58525
69
58635
32
58996
71
59246
76
59426
73
59637
32
59827
73
60007
78
60248
71
60498
76
60608
69
60818
83
60999
73
61209
32
61419
69
61539
32
61800
80
61940
65
62210
82
62501
76
62621
65
63422
82
63512
69
63683
32
64203
68
64414
69
64544
76
64774
32
65065
84
65155
69
65375
77
65595
80
65766
79
66056
32
66847
80
66967
69
67158
82
67248
32
67428
69
67648
83
67859
69
68089
77
68349
80
68540
73
68710
79
70082
190
71995
32
72525
16
72946
83
73236
79
73457
78
73667
79
73897
32
74188
71
74428
73
74588
79
74869
82
75359
78
75470
65
75630
84
75810
69
75910
32
76711
66
76842
69
77022
76
77152
76
77242
69
77863
188
78123
32
78564
81
78734
85
78824
65
79355
83
79656
73
79846
32
80066
73
80286
78
80627
85
81709
83
82329
85
82460
65
82600
76
82820
73
83131
32
83802
80
83942
69
84132
82
84182
32
84482
16
84623
84
84873
79
85153
82
85424
73
85654
78
85885
79
86686
188
86906
32
87277
71
87517
73
87667
79
87917
82
88318
78
88408
65
88849
84
88959
69
89119
32
89790
85
89970
78
90141
32
90391
80
90531
79
90822
219
91172
32
92474
83
92634
67
92885
79
92975
83
93155
83
93495
69
93726
32
94557
68
94677
65
95278
76
95498
32
96179
86
96259
69
96660
78
96960
84
97241
79
97501
32
97892
82
98142
73
99003
78
99344
70
00335
82
00435
69
00986
83
01136
67
01277
65
01527
78
02348
84
02458
69
02869
32
03430
68
03550
73
03800
32
05132
71
05373
73
05543
79
05553
80
05833
82
06264
78
06484
79
06704
32
06795
69
06925
32
07335
84
07566
73
07706
69
08137
80
08367
73
08787
68
08908
79
09148
32
09378
76
09498
65
09609
32
09889
83
10059
69
10240
82
10360
65
11141
188
11361
32
11672
73
11922
68
12052
69
12192
65
12343
76
12483
69
12603
32
12823
80
12943
69
13114
82
13234
32
13514
83
13715
69
13915
82
13995
65
14135
84
14375
69
14516
32
14786
73
14946
78
15137
32
15367
84
15517
69
15747
82
15878
82
15978
65
16238
90
16408
90
16629
65
16809
32
17420
73
17610
78
17790
32
18031
16
18221
86
18592
73
18672
65
18862
32
19152
16
19313
80
19513
79
20084
90
20244
90
20474
79
20755
32
21315
16
21486
83
22016
84
22127
65
22828
68
22938
65
23509
32
23749
65
23859
32
24430
66
24680
65
24971
83
25111
69
25351
32
25431
68
25602
73
25802
32
26012
67
26233
72
26433
73
26613
76
26813
73
27134
32
27524
67
27665
79
27875
78
28045
32
28306
67
28406
65
28556
82
29197
78
29307
69
29407
32
29708
78
30038
65
30559
82
31110
71
31300
72
31520
73
31720
76
31841
69
32181
219
32451
32
32471
69
33503
32
36577
66
36728
65
37048
82
37318
79
37459
76
37679
79
39001
190
39271
32
40914
16
41414
16
41454
16
41484
16
41514
16
41555
16
41585
16
41615
16
41655
16
41685
16
41715
16
41755
16
41785
16
41815
16
41855
16
41885
16
41925
16
41955
16
41985
16
42025
16
42055
16
42085
16
42125
16
42155
16
42195
16
42226
16
42256
16
42296
16
42326
16
42356
16
42396
16
42426
16
42466
16
42496
16
42526
16
42566
16
42596
16
42626
86
42636
67
42846
72
43287
8
43457
8
44258
8
44509
16
44639
67
44829
72
44959
69
45070
32
45420
70
45520
65
45630
82
45771
69
46171
66
46291
66
46402
69
46512
32
47103
8
47213
8
47934
69
48154
82
48414
79
48625
32
48915
82
49165
73
49356
76
49446
65
49766
83
49887
83
50037
65
50137
82
50297
69
50598
32
50748
65
51279
78
51549
67
51759
72
51849
69
51980
32
52250
85
52400
78
52550
65
52630
32
52901
67
53161
79
53492
82
53722
68
54012
65
54193
32
54764
86
55234
8
55835
68
56005
73
56226
32
56476
86
56706
73
56927
79
57187
76
57407
73
57668
78
57918
79
59320
188
59570
32
59841
83
60001
69
60161
82
60302
65
60572
84
60692
69
60822
32
61113
84
61363
79
61824
67
61954
67
62074
65
62415
83
62525
65
62985
78
63096
65
64037
188
64277
32
64417
83
64608
69
64748
82
64858
65
65018
84
65169
69
65339
32
67302
67
67532
72
67642
69
67792
32
69234
84
69465
85
69675
84
69825
84
70076
79
70316
32
70466
83
70606
79
70797
77
70947
77
71037
65
71367
84
71598
79
71828
32
72169
67
72309
73
72509
32
72649
83
72779
73
72980
32
73280
82
73551
73
73801
84
74041
73
74171
69
74302
78
74432
69
74522
32
74892
70
75183
79
75453
82
75664
84
75944
85
76234
78
76375
65
76565
84
77506
73
77747
32
77937
67
78117
79
78398
77
78628
69
78758
32
79329
8
79479
8
79619
8
79770
8
79880
8
80050
65
80791
68
80891
32
81051
65
81182
86
81682
8
81832
8
82213
8
82363
8
82744
32
82954
86
83194
73
83435
86
83545
69
83775
82
83875
69
84046
32
84707
78
84937
79
85568
78
85788
79
86029
83
86129
84
86269
65
87400
78
87681
84
87761
69
87981
32
89313
73
89544
32
89794
84
89894
69
90665
8
90815
8
91146
8
91366
8
91867
76
91997
69
92097
32
92388
84
92488
69
92698
77
92918
80
93139
69
93379
83
93840
84
93910
69
94120
32
94631
69
94981
77
95192
79
95432
84
95682
73
95973
86
96073
69
96173
32
96333
68
96534
69
96654
76
96874
32
97916
8
98056
8
98206
8
98376
8
98807
67
99007
72
99137
69
99227
32
99668
83
99878
81
00159
85
00289
65
00539
83
00670
83
00770
65
01050
78
01270
79
01491
32
01781
73
01971
76
02172
32
02412
80
02532
69
02733
82
02983
73
03123
79
03323
68
03594
79
04435
190
