01073
69
01263
32
01554
67
01814
79
01924
83
02014
73
02235
219
02455
32
02685
80
02795
65
03006
82
03106
69
03306
32
04077
37
04578
37
04608
37
04648
37
04678
37
04708
37
04748
37
04778
37
04808
37
04848
37
04878
37
04908
37
05549
8
05679
16
06010
69
06461
40
06701
37
07252
32
07692
67
07883
72
07983
69
08083
32
08223
68
08373
79
08754
86
08964
82
09215
79
09825
219
10106
32
10326
77
10426
69
10597
84
10737
84
10877
69
10987
82
11197
69
11818
32
12449
71
12720
73
12890
85
13340
219
13581
32
13821
73
13991
76
14242
32
14712
71
15263
73
15423
85
16114
68
16265
73
16585
90
16735
73
16906
79
19319
188
19720
32
20461
85
20641
78
20841
32
21122
80
21262
79
21692
219
21983
32
22213
68
22333
73
22574
32
22744
81
22934
85
23024
69
23275
76
23765
32
24296
80
24446
79
25057
67
25318
79
25518
32
25758
67
25979
72
26079
69
26179
32
26399
77
26600
73
26810
32
26970
82
27160
73
27351
77
27421
65
27571
78
27781
69
29404
190
29654
32
33660
16
33830
77
34551
73
34771
32
35112
82
35242
69
35432
83
35552
84
35653
69
35783
82
36053
65
36544
219
36804
32
37075
85
37235
78
37425
32
37706
71
37966
85
38336
8
38567
73
38717
85
38937
83
39328
8
39438
68
39578
73
39869
90
39969
73
40109
79
40379
32
41000
83
41140
79
41301
76
41491
79
41711
32
41841
65
42262
8
42392
69
42583
32
43103
65
43233
32
43644
81
43874
85
43955
69
44135
76
44375
32
45437
80
45707
85
45907
78
46178
84
46428
79
46648
32
47079
66
47339
73
47640
83
47770
79
48080
71
48291
78
48621
69
48771
82
48902
65
49362
219
49653
32
49973
70
50163
65
50284
82
50904
78
50985
69
51125
32
51706
85
51876
78
52066
32
52707
85
52987
83
53098
79
53498
32
53739
66
53979
85
54189
79
54430
78
54650
79
54890
32
55010
69
55121
32
55371
80
55511
65
55731
82
55982
83
56272
73
56493
77
56753
79
56953
78
57184
73
57344
79
57724
83
57915
79
58275
190
59106
32
63453
16
63673
70
63943
79
64214
82
64344
83
64544
69
64624
32
65315
68
65516
73
65786
86
65856
69
66156
78
66477
84
66607
65
66717
82
66897
69
67148
32
67378
85
67558
78
67719
32
67959
80
68069
79
68259
219
68480
32
68680
77
68780
69
68900
78
69121
79
69321
32
69631
71
69882
73
70042
85
70362
68
70523
73
70843
90
70973
73
71124
79
71754
83
71845
65
71975
32
72245
77
72476
73
72716
32
73116
65
73467
73
73667
85
73928
84
74168
69
74308
82
74468
65
74849
219
75310
32
75700
8
75961
188
76141
32
76291
67
76421
72
76642
73
76932
83
77032
83
77142
65
77433
219
77643
32
77843
77
77933
65
78154
71
78254
65
78434
82
78714
73
78995
32
79676
86
79756
69
79946
82
80086
82
80177
65
80507
78
80627
78
80848
79
81068
32
81679
70
81939
85
82650
79
82860
82
83021
73
83241
32
83441
81
83662
85
84132
69
84313
76
84443
76
84533
69
84673
32
85144
67
85254
65
85434
82
85554
65
85664
84
85795
84
86045
69
86536
82
86826
85
87046
83
87848
8
88128
8
88739
73
88929
83
89109
84
89390
73
89640
67
89851
72
89941
69
90041
32
90251
67
90381
79
90622
77
90712
69
90842
32
91673
76
91923
219
92084
65
92344
71
92454
71
92685
82
92875
69
93095
83
93325
83
94187
73
94467
86
94697
73
94958
84
95148
65
95639
219
95969
32
98383
76
98493
65
98613
32
98873
80
99174
82
99294
69
99514
80
99675
79
00045
84
00145
69
00436
78
00786
90
00906
65
01077
32
03350
67
09359
72
09429
69
09589
32
09979
16
10350
56
10861
80
11021
79
11341
67
11552
72
11652
69
12012
16
12163
57
12603
32
13494
86
13765
79
13955
76
14246
84
14346
69
14476
32
14686
65
14866
85
15277
8
15507
73
15688
85
16008
84
16279
65
16529
78
16769
79
17741
190
17931
32
18001
16
18171
76
18281
65
18402
32
18752
83
19052
80
19123
65
19633
86
19743
69
20354
76
20565
68
20745
69
20935
82
21176
73
21256
65
21476
32
21887
80
22047
79
22297
84
22407
69
22497
82
23409
8
23519
8
24240
82
24320
69
24671
66
24791
66
24871
69
25001
32
25141
69
25372
83
25522
83
25712
69
25842
82
25932
69
26133
32
26563
80
26784
73
26954
85
27254
219
27565
32
28095
70
28186
65
28326
67
28626
73
28837
76
28937
69
29147
32
29427
77
29538
65
29648
32
30008
78
30239
79
30439
78
30599
32
30759
69
31030
219
31290
32
31420
67
31540
72
31701
69
31771
32
32001
77
32101
69
32332
32
32562
76
32662
65
32812
32
32932
83
33253
69
33563
78
33814
84
33904
65
34094
32
34885
78
34985
69
35166
76
35406
32
35696
83
35947
65
36217
78
36488
71
36718
85
36818
69
36948
32
37088
65
37179
32
37379
83
37829
8
37950
69
38320
83
38480
83
38911
69
39161
82
39262
69
39512
32
40523
83
40784
73
41044
78
41565
67
41855
69
41955
82
42126
65
42857
188
43057
32
43277
80
43347
69
43528
82
43608
32
43818
76
43958
79
44179
32
44359
77
44469
69
44569
78
44779
73
45220
8
45470
80
45480
79
46081
8
46202
8
46732
79
46993
32
47854
78
48054
79
48244
78
48415
32
48545
83
48745
84
48835
65
49396
77
49506
65
49687
84
49807
84
50057
73
51219
78
51319
65
51810
188
52621
8
53973
190
54243
32
54604
16
54934
77
55044
65
55164
32
55405
79
55785
82
55855
65
56006
32
56747
80
57107
82
57388
79
57398
73
58359
86
58990
79
59581
8
59751
8
59881
8
60552
86
60843
79
61103
32
64878
80
65219
82
65469
79
65720
86
65960
79
66200
32
66461
80
66821
82
67102
79
67402
86
67622
79
67893
32
68133
65
68283
32
68564
70
68694
65
68854
82
69225
77
69305
69
69425
78
69916
69
70086
32
70917
86
71017
69
71167
78
71408
73
71688
82
71758
69
71919
32
72179
85
72339
78
72529
32
72780
80
72900
79
73190
67
73401
72
73611
73
73891
78
74202
79
75003
190
75283
32
78017
38
78167
38
78528
37
79029
37
79059
37
79099
37
79129
37
79159
37
79199
37
79229
37
79269
37
79299
37
79329
37
79369
37
79399
37
79429
37
79469
37
79499
37
79529
37
79570
37
79600
37
79640
37
79670
37
79700
37
79740
37
79770
37
79800
37
79840
37
79870
37
79900
37
79940
37
79970
37
80010
37
80040
37
80070
37
80110
37
80140
37
80671
39
81242
8
81452
65
81923
40
82263
37
82644
40
83435
40
83746
37
84797
16
85538
13
86509
16
87010
16
87040
16
87070
16
87110
16
87140
16
87180
16
87210
16
87241
16
87271
16
87311
16
87341
16
87381
16
87411
16
87441
16
87481
16
87511
16
87541
16
87581
16
87611
16
87651
16
87681
16
87711
16
87751
16
87781
16
87811
16
87851
16
87861
69
88072
32
88422
80
88582
79
88753
73
89003
32
89283
70
89434
65
89544
67
89684
69
89874
78
90655
86
90896
79
91236
32
91376
68
91577
69
91917
76
93089
8
93219
8
93359
8
93500
8
93670
8
93790
8
93910
8
94551
86
94731
79
94932
32
95062
68
95252
69
95332
76
95442
76
95542
69
95693
32
95983
82
96294
73
96574
70
96894
76
96985
69
97215
83
97375
83
97455
73
97605
79
97826
78
98026
73
98296
32
98817
83
99027
85
99238
76
99478
32
99588
68
99899
85
00470
66
00600
66
00840
73
00990
79
01261
32
01781
83
02102
85
02573
76
02813
32
02973
67
03133
79
03364
78
03684
67
03774
69
04055
68
04235
69
04395
82
04595
69
04966
32
05357
73
05517
76
05737
32
05967
66
06048
69
06168
78
06298
69
06658
70
06929
73
07149
67
07309
73
07460
79
07750
32
08331
68
08531
69
08651
76
08902
32
09262
68
09643
85
10133
66
10254
66
10494
73
10634
79
10905
32
11165
79
11375
78
12196
8
12577
32
12817
78
13058
79
14890
190
16402
32
17013
16
17184
77
17344
65
17454
32
18135
68
18325
73
18596
32
19146
81
19367
85
19457
69
20188
83
20578
84
20849
79
21059
32
21279
78
21500
79
21680
78
21850
32
21980
83
22131
73
22351
32
22591
80
22782
85
23012
80
23513
8
23763
79
23973
219
24264
32
25125
83
25245
67
25445
82
25676
73
25946
86
26036
69
26197
82
26287
69
26427
32
26557
69
26657
32
26988
81
27208
85
27308
69
27749
73
28179
8
28320
8
28800
73
29011
78
29221
68
29371
73
29621
32
29802
69
30202
219
30403
32
30643
77
30733
69
31003
71
31244
76
31444
73
31584
79
31835
32
32145
84
32255
65
32415
67
32536
69
33848
82
34158
76
34348
79
35430
190
35720
32
37903
16
38334
77
38685
69
39015
78
39265
84
39436
82
39536
69
39706
32
40247
80
40447
69
40918
78
41108
83
41308
65
41809
86
42039
79
42230
32
42340
65
42460
76
42660
32
42891
66
42981
69
43131
78
43231
69
43672
70
43932
73
44172
67
44423
73
44553
79
44783
32
44883
68
45104
69
45184
76
45434
32
45755
68
46055
85
46436
66
46576
66
46836
73
46986
79
47257
32
47838
77
48028
73
48238
32
48499
86
48609
69
48779
78
48999
73
49270
86
49370
65
49470
32
49750
73
49931
78
50612
86
50722
69
50972
67
51062
69
51182
32
51523
73
51733
78
51994
32
52534
77
52635
69
52765
78
53035
84
53135
69
53306
32
54147
76
54407
219
54637
73
54858
78
55218
67
55489
85
55909
66
56140
79
56360
32
56530
68
56640
73
56861
32
57081
83
57271
84
57391
65
57782
78
58022
79
58323
84
58453
84
58573
69
63150
188
63480
32
64391
83
64562
73
64842
67
65113
85
65363
82
65533
65
65673
77
65834
69
65924
78
66134
84
66234
69
66364
32
66755
76
66855
69
67175
71
67256
65
67656
84
68347
79
68608
32
68958
65
69028
76
69299
32
71902
86
72183
79
72343
76
72523
79
72884
32
73545
78
73635
69
73765
76
73915
76
74025
65
74166
32
74436
84
74566
82
74847
79
75257
77
75497
66
75708
65
75828
32
76759
68
76960
69
77060
76
77190
76
77270
69
77420
32
77901
83
78081
67
78201
65
78352
76
78452
69
78572
32
78752
68
78892
73
79093
32
79243
16
79373
76
79623
85
79974
67
80084
69
80294
78
80585
84
80855
73
82237
78
82508
73
83429
188
84310
32
85292
67
85582
79
85752
73
85892
83
86653
8
86804
8
87074
83
87775
73
88035
219
88306
32
88616
83
88716
73
88937
32
89187
71
89417
85
90118
8
90269
8
90419
8
90559
8
90699
8
91330
67
91581
73
91811
32
92051
71
92272
85
92382
65
92702
82
92892
68
93003
65
93153
32
93734
76
93834
65
93954
32
94345
86
94605
73
94865
84
94955
65
95286
16
95506
219
99993
13
