25398
16
25508
80
25798
82
26029
73
26189
77
26369
79
26579
32
26700
69
26910
83
27220
80
27350
69
27561
82
27751
73
27981
77
28082
69
28192
78
28402
84
28632
79
28873
32
29373
68
29634
79
29764
80
30175
79
30495
32
31747
73
31897
76
32087
32
32608
86
33019
73
33189
65
33299
71
33419
71
33620
73
33790
79
34180
32
34731
73
34901
78
35042
32
35202
16
35312
79
35632
82
35873
73
36003
69
36594
84
36694
69
37976
8
38126
8
38817
78
39047
84
39137
69
39508
190
40940
13
41361
16
41761
70
42032
79
42302
82
42442
83
42632
69
42723
32
42993
65
43123
78
43384
67
43594
72
43674
69
43814
32
44255
68
44465
65
44946
76
45226
32
45797
82
46057
73
46348
84
46648
77
46829
79
47029
32
47119
68
47249
73
47459
32
47700
66
47790
65
47940
84
48070
84
48341
73
48581
84
48912
85
49202
82
49302
65
49562
32
53588
68
53819
79
54089
86
54289
82
54389
69
54710
66
54850
66
54930
69
55060
32
55781
82
56042
73
56282
83
56542
85
56803
76
57113
84
57203
65
57454
82
57624
69
57814
32
58415
67
58635
72
58726
69
58856
32
62882
83
63012
79
63242
78
63482
79
63683
32
63883
83
63983
84
64103
65
64203
84
64324
65
64534
32
65475
80
65776
69
65906
82
66126
86
66246
65
66557
83
66687
65
66797
32
67098
68
67218
65
67348
32
68800
85
68970
78
69101
65
69271
32
70112
78
70352
85
70573
79
71123
86
71254
65
71324
32
71714
83
71915
65
72095
71
72235
71
72325
69
72876
90
73006
90
73136
65
73257
32
73577
79
73907
82
74068
73
74208
69
74358
78
74618
84
74709
65
74989
76
75079
69
75319
32
81458
8
82079
190
82320
32
82550
16
82710
67
82960
76
83061
65
83671
77
83792
65
84523
8
84673
8
84833
8
84993
8
85224
65
86255
76
86516
77
86606
65
88108
190
88438
32
88769
16
88999
83
89420
65
89700
71
89790
69
90501
8
90642
8
90792
8
91002
8
91292
16
91573
83
91873
65
91973
71
92084
71
92214
69
92554
90
92664
90
92765
65
93135
190
93415
32
94407
37
94567
37
94707
37
94858
37
95008
37
95128
37
95268
37
95408
37
95549
37
96069
8
96210
16
96590
83
97391
40
97622
37
98353
32
98553
16
98743
68
98994
73
99254
83
99464
84
99554
65
99715
67
99835
67
00125
79
00436
32
02168
82
02408
73
02619
83
02769
80
02959
69
03200
84
03330
84
03570
79
03770
32
03901
65
04001
76
04121
76
04241
69
04381
32
05022
67
05283
79
05373
83
05573
69
05653
32
05964
70
06244
85
06474
84
06685
73
06865
76
07025
73
07235
32
07315
69
07426
32
07666
73
07856
78
08167
85
08417
84
08647
73
08818
76
08988
73
09238
32
09439
68
09599
73
10039
8
10130
69
10300
76
10450
76
10540
65
10680
32
10951
86
11211
73
11461
84
11552
65
11752
32
12433
8
13274
190
13625
32
14866
8
15367
8
15407
8
15437
8
15467
8
15507
8
15537
8
15577
8
15607
8
15637
8
15678
8
15708
8
15738
8
15778
8
15808
8
15838
8
15878
8
15908
8
15948
8
15978
8
16008
8
16298
8
16849
68
16999
69
17660
8
17821
8
18121
69
18401
32
18732
73
18912
78
19163
67
19433
79
19623
78
19843
84
19994
82
20254
79
20424
76
20534
76
20665
65
20875
66
21095
73
21256
76
21426
73
21626
32
21736
68
21906
69
22057
76
22187
76
22317
65
22648
32
23288
66
23689
8
23979
86
24210
73
24470
84
24560
65
25381
190
25902
32
26513
13
29317
16
29818
16
29858
16
29888
16
29918
16
29958
16
29988
16
30028
16
30058
16
30088
16
30128
16
30158
83
30339
69
30509
82
30659
69
31080
78
31300
73
31530
84
31731
65
32432
219
32602
16
32852
219
33333
32
36738
16
37148
67
37359
69
37499
82
37799
89
37809
84
38340
8
38610
8
39412
84
39712
79
39992
32
41405
78
41625
79
41825
78
41995
32
42126
83
42246
73
42456
32
42726
80
42977
85
43207
79
43678
219
43978
32
45601
80
45871
82
45951
69
46161
84
46231
69
46572
78
46682
68
46872
69
46993
82
47093
69
47243
32
47984
68
48144
73
48405
32
48665
65
48795
86
48955
69
49045
82
49186
69
49376
32
50027
67
50347
79
50437
83
50538
73
50818
219
51078
32
51229
83
51429
85
51579
73
51819
32
52090
68
52290
85
52430
69
52551
32
52951
80
53161
73
53362
69
54453
68
54654
73
54884
32
55064
81
55254
85
55355
69
55745
76
55875
76
56076
73
56376
32
56857
67
57127
72
57237
69
57778
8
57898
8
58058
8
58199
8
58349
8
58519
65
58810
32
59180
68
59370
69
59831
73
60051
32
60252
77
60462
79
60792
78
60923
65
61253
67
61473
72
61563
69
61834
76
61984
76
62264
73
62665
32
65609
66
65880
85
66250
68
66370
68
66621
73
66731
83
67081
84
67412
73
67893
32
73260
78
73360
69
73481
76
73701
32
76886
77
77136
79
77947
8
78137
8
78438
8
78588
8
78738
8
78908
8
79469
68
79589
73
79810
32
80280
16
80491
68
80831
79
81021
73
81352
32
81823
16
82033
83
82383
85
82654
84
82834
72
82914
69
84146
80
84527
190
86039
8
86219
8
87300
80
87691
188
87981
32
02813
8
02963
8
03293
32
04465
40
04876
40
06318
8
06989
79
07259
32
09082
76
09192
65
09362
32
13749
8
13929
8
14139
8
17484
8
17714
8
18636
80
18946
82
19196
73
19387
77
19477
65
19597
32
19827
68
20008
73
20198
32
20438
84
20648
85
20849
84
20969
84
21209
79
21410
32
21660
80
21800
69
22020
82
22261
67
22481
72
22611
69
22862
219
23132
32
23733
73
23933
78
24204
86
24294
69
24424
67
24534
69
24654
32
25385
68
25636
73
25856
32
25976
69
26206
83
26347
83
26517
69
26637
82
26727
69
26927
32
27388
68
27558
69
27779
78
28039
84
28169
82
28410
79
28680
32
29501
85
29681
78
29832
32
30132
65
30593
8
31003
87
31113
65
31324
84
31614
32
32495
80
32986
73
33156
69
33317
78
33527
79
33767
32
33857
68
33978
73
34198
32
34428
76
34669
85
34979
67
35059
69
35189
32
35320
69
35470
32
39245
65
39355
76
39746
66
39856
69
39996
82
40267
73
40517
32
40928
70
41148
82
41899
85
42109
83
42239
67
42490
73
42570
65
42930
78
43191
84
43401
73
43621
32
43722
69
43832
32
44072
67
44302
79
44463
76
44793
79
45164
82
45434
73
45644
32
45775
69
45895
32
49700
82
49961
73
50982
86
51092
69
51423
82
51994
66
52094
69
52284
82
52614
73
52935
32
55829
65
56019
90
56170
90
56400
85
56630
84
57131
8
57732
82
57862
82
58102
73
58313
78
58553
73
62649
32
63009
83
63110
79
63320
78
63520
79
63740
32
66444
78
66554
69
66685
76
66815
76
66965
79
67185
32
68017
8
68167
8
68557
8
68738
8
68898
8
69058
8
69549
65
69819
76
70049
32
70610
68
70710
73
70901
80
71021
65
71291
82
71702
8
71832
8
71972
8
72122
8
72253
8
72403
8
72553
8
72683
8
73134
80
73384
85
73655
82
73895
32
74035
83
74225
69
74336
77
74556
80
74826
82
74926
69
75027
32
75197
65
75347
76
75567
32
75718
68
75838
73
76028
80
76188
65
76409
82
76579
84
76809
73
77030
77
77120
69
77240
78
77510
82
77931
8
79022
84
79273
79
79483
32
79593
68
79723
73
79924
32
80154
73
80344
78
81266
8
81396
70
81526
79
81816
82
82127
77
82197
65
82407
84
82638
73
82928
67
83018
65
83138
32
84440
8
84941
8
84971
8
85001
8
85041
8
85071
8
85101
8
85141
8
85171
8
85912
8
86453
78
86784
70
87064
79
87374
82
87735
77
87855
65
88055
84
88286
73
88546
67
88626
65
88726
32
88836
68
88987
73
89177
32
89367
16
89507
84
89738
79
90028
82
90289
73
90519
78
90749
79
91050
188
91560
32
91831
78
92061
79
92281
78
92462
32
92592
83
92692
79
92952
32
93463
83
93653
69
93774
32
93994
77
94174
73
94374
32
94505
83
94625
79
94785
78
94975
79
95166
32
95296
83
95606
80
95807
73
95927
69
96187
71
96287
65
96427
84
96558
65
96898
190
97058
190
97239
190
98070
13
98591
65
98901
78
99241
89
99692
87
99762
65
00023
89
00984
190
01264
32
03237
16
03478
65
03708
68
03898
69
04018
83
04179
83
04359
79
04589
32
04819
78
05030
79
05220
78
05370
32
05651
83
05761
65
06121
80
06372
82
06472
69
06662
73
06852
32
07063
80
07363
82
07603
79
07744
80
08024
82
08254
73
08415
79
08705
32
09156
80
09386
73
09556
85
09957
219
10177
32
10347
67
10458
79
10628
83
10868
65
10998
32
11409
83
11589
67
11800
82
12040
73
12300
86
12370
69
12531
82
12601
69
12741
32
13722
78
13862
69
14403
221
15014
8
15275
219
15575
32
16216
67
16366
79
16486
83
16767
65
16897
32
17127
68
17347
73
17628
82
17718
69
17888
32
18739
8
19070
188
19230
32
19471
76
19571
65
19691
32
19911
68
20071
73
20232
83
20642
8
20903
71
21073
82
21193
69
21403
83
21534
83
21644
73
21764
79
21964
78
22074
69
22184
32
22885
83
23777
85
23977
76
24097
76
24207
65
24297
32
24588
83
25079
65
25609
71
25740
71
25820
69
26330
90
26471
90
26631
65
26741
32
27132
79
27422
82
27662
73
27772
69
27903
78
28163
84
28233
65
28423
76
28524
69
28674
32
29435
77
29625
73
29876
32
30366
72
30446
65
30607
32
31408
80
31568
79
31898
82
32039
84
32149
65
32259
84
32529
79
32750
32
32860
65
33000
32
33641
85
33831
78
33991
32
34222
80
34462
85
34783
78
35053
84
35323
79
35564
32
37326
77
37537
79
37837
82
38007
84
38248
79
38468
32
38768
73
38969
78
39159
32
39870
67
40110
85
40260
73
40481
32
41432
84
41622
85
41833
84
41963
84
42183
79
42394
32
42534
81
42654
85
42764
69
42914
76
43044
76
43205
79
43445
32
43685
67
43876
72
44006
69
44066
32
44296
86
44517
73
44657
69
44747
78
44887
69
44987
32
45889
68
46039
69
46229
84
46369
84
46590
79
46830
32
47180
69
47341
32
47751
83
47921
67
48152
82
48402
73
48612
84
48723
84
48933
79
49123
32
49253
83
49414
85
49674
67
49794
67
49894
69
50115
83
50265
83
50465
73
50796
86
50906
65
51066
77
51156
69
51246
78
51447
84
51537
69
51667
32
52318
80
52418
69
52618
82
52889
68
53059
69
53199
32
53850
68
54000
73
54221
32
54331
83
54581
73
54861
71
55062
78
55272
73
55552
70
55793
73
56053
67
56143
65
56304
84
56614
79
56884
32
57015
69
57175
32
57675
67
57926
79
58046
83
58146
73
58387
219
58647
32
59128
80
59348
73
59438
65
59598
78
59899
84
60129
73
60229
65
60480
77
60700
79
60890
76
61341
65
61621
32
62412
81
62673
85
62823
73
63053
32
63284
85
63444
78
63574
65
63624
32
63854
86
64085
79
64245
76
64505
84
64625
65
64706
32
64956
80
65086
69
65266
82
65357
32
65597
84
65797
85
66027
84
66158
84
66268
69
67079
16
67419
49
68100
13
