16759
81
16919
85
17080
65
17210
78
18492
68
19113
219
19253
69
19443
82
19693
79
19984
32
22818
80
23008
73
23249
67
23349
67
23469
79
23629
76
23839
79
24110
32
24741
77
24901
73
25081
32
25282
73
25442
77
25872
8
26443
78
26573
78
26653
65
26764
77
26954
79
27214
82
27314
65
27725
86
27945
79
28136
32
28236
68
28356
73
28556
32
28787
84
29087
85
29317
84
29427
84
29688
79
30028
188
30239
32
30749
67
31030
79
31290
82
31400
82
31510
69
31671
86
31901
79
32121
32
32201
68
32592
73
32862
69
33323
84
33473
82
33734
79
33904
32
34184
65
34365
73
34665
32
35066
65
35596
8
36377
67
36458
65
36708
78
36948
73
38470
13
39722
69
39872
32
40103
68
40173
65
40313
32
40574
77
40704
65
40924
82
41134
90
41285
73
41685
8
42346
79
42576
32
42656
65
43067
32
43358
70
43548
69
43948
66
44089
66
44209
65
45741
8
46172
82
46412
65
46512
73
46722
79
47063
32
49386
77
49596
73
49727
79
49957
32
50448
78
50658
79
50898
78
51029
78
51229
79
51499
32
51990
86
52230
69
52511
71
53021
76
53202
73
53292
65
53722
86
53823
65
58760
32
58880
83
59090
85
59451
76
59591
76
59721
65
59971
32
61403
67
61704
79
61984
82
62094
82
62215
69
62445
78
62685
84
62775
69
62946
32
64418
68
64618
73
64939
32
65860
67
65940
65
66070
86
66180
65
66491
76
66621
76
66821
73
67202
32
67843
68
68003
73
68253
32
69084
66
69996
85
70226
79
70386
73
76155
188
76355
32
76545
83
76886
85
77126
73
77376
32
77887
70
77997
65
78087
84
78218
84
78448
73
78678
32
78879
77
79059
73
79179
69
80401
73
81052
188
81252
32
81392
83
81552
85
81693
73
81933
32
82203
70
82314
65
82884
84
83015
84
83265
73
83685
32
84867
83
85959
85
86159
79
86319
73
88142
190
90856
32
91006
16
91166
69
91407
32
91617
65
91807
73
92078
32
92959
8
93089
8
93760
76
93970
32
94070
68
94411
73
94581
79
95232
32
96604
68
96794
69
97796
71
98026
76
98196
73
98407
32
98657
73
99278
78
99618
71
00500
8
00680
8
01181
8
01521
16
01731
73
01922
78
02272
71
02533
76
02833
69
02983
83
03304
73
03724
32
04265
78
04495
79
04686
78
04846
32
05367
67
05567
82
05707
69
05837
68
06008
69
06188
82
06348
69
06578
32
06809
77
06999
65
07149
73
07580
16
08081
16
08111
16
08151
16
08181
16
08221
16
08251
16
08281
16
08301
49
09102
13
32205
13
32426
16
32726
69
33016
32
33788
85
33858
81
33988
78
34048
65
34268
68
34529
79
34779
32
34879
65
35330
8
35480
8
35610
8
35740
8
35891
8
36021
8
36171
8
36311
8
36682
8
36972
8
58773
69
58974
32
59364
70
59625
85
59905
32
60756
78
60836
69
60977
76
61107
76
61217
65
61367
32
61908
78
62118
79
62369
84
62489
84
62609
69
62699
32
62809
68
62980
69
63090
76
63210
76
63330
65
63520
32
64311
76
64572
85
64792
78
65042
71
65373
65
65513
32
66094
83
66344
84
66545
69
66855
76
66965
76
67065
65
67206
32
67616
67
67847
79
68067
78
68217
32
68447
76
68538
65
68668
32
69188
67
69459
79
69919
68
70000
65
75828
67
76209
72
76299
69
76419
32
76719
84
76849
82
77130
79
77390
86
77480
65
77931
77
78051
77
78241
79
78452
32
78622
77
78812
73
78962
79
79163
32
79363
78
79563
79
79944
78
80064
78
80314
79
80665
32
82257
67
82468
82
82988
79
83489
67
83739
73
83970
70
84210
73
84360
83
84510
83
84651
79
84901
32
85171
83
85732
85
85953
76
86073
76
86163
65
86243
32
86483
67
86704
72
86934
73
87034
69
87274
83
87445
65
90078
188
90269
32
90509
67
91080
82
91380
79
91631
67
91921
73
92171
70
92422
73
92692
83
92822
83
92973
79
93223
32
94945
67
95276
79
95476
78
95636
32
95917
70
96207
79
96468
82
97038
67
97309
72
97399
69
97569
84
97689
84
97790
69
97950
32
98521
67
98731
72
98801
69
98911
32
99091
83
99242
73
99432
32
99702
85
00003
83
00093
65
00273
78
00473
79
00684
32
00764
65
00874
32
01094
67
01485
69
01605
78
01735
65
01895
32
03558
8
04539
190
04930
8
05180
188
05431
32
05661
69
06332
82
06402
65
06542
32
06752
83
07323
80
07463
79
07764
82
07974
67
08215
79
08395
32
08555
69
08765
32
09687
80
09997
85
10247
76
10458
73
10658
84
10918
79
11129
32
11219
68
11389
73
11579
32
11860
83
11990
65
12280
78
12561
71
12791
85
12891
69
13031
32
13312
69
13472
32
14103
68
14353
73
14564
32
14744
67
14904
82
15034
69
15405
77
15485
65
18990
190
19160
190
19311
190
19841
69
19991
32
20182
65
20282
76
20592
32
21373
76
21514
79
21794
82
22024
79
22255
32
22375
68
22505
73
22675
79
22936
32
24107
71
24368
79
24508
76
24668
79
25069
83
25199
65
25730
8
26391
79
26621
32
26871
78
27092
79
27272
78
27432
32
27733
67
27923
82
28063
69
28574
68
28744
69
28904
82
29045
69
29816
32
30016
77
30136
65
30276
73
31298
190
31468
190
31708
190
34943
83
35143
79
36005
8
36185
8
37076
13
39740
8
40651
83
40801
79
40982
80
41282
82
41402
65
41482
84
41603
84
41903
85
42113
84
42223
84
42454
79
42704
32
42814
65
43055
32
43686
81
43846
85
44076
69
44226
76
44347
76
44587
73
44897
32
48422
8
48923
8
48963
8
48993
8
49023
8
49053
8
49093
8
49123
8
49163
8
49193
8
49224
8
49264
8
49294
8
49324
8
49364
8
49394
8
49604
8
49794
8
49965
8
50115
8
50375
8
50616
8
50766
8
50956
8
52188
16
52478
49
59498
13
60740
77
60930
73
61351
8
61521
8
62272
86
62382
65
62523
66
62643
66
62723
69
63344
219
63564
32
63804
79
64045
71
64145
71
64335
73
64536
32
65497
77
65667
73
65877
32
66038
83
66178
79
66448
78
66719
79
66989
32
67480
68
67850
8
68101
70
68201
65
68301
84
68421
84
68541
65
68772
32
69393
85
69563
78
69693
65
69813
32
70063
67
70134
65
70454
78
70714
84
70795
65
70955
84
71225
73
71466
78
71566
65
74149
188
74800
32
75091
83
75241
80
75341
69
75531
82
75772
79
75982
32
76192
67
76373
72
76463
69
76573
32
76793
86
76883
65
77084
76
77374
71
77444
65
77845
32
78526
67
78626
65
78886
78
79137
84
79197
65
79367
82
79447
69
79607
32
80509
78
80599
69
80909
71
81129
76
81290
73
81490
32
81610
69
82011
83
82121
80
82281
69
82501
82
82732
73
82912
77
83002
69
83122
78
83393
84
83683
79
84194
8
85175
73
86317
32
86858
72
86928
69
87058
72
87138
69
87248
72
87358
69
87469
72
87569
69
