43878
16
44388
16
44418
16
44448
16
44488
16
44518
16
44549
16
44589
16
44619
16
44649
16
44689
16
44719
16
44759
16
44789
16
44819
16
44859
16
44889
16
44919
16
44959
16
44989
16
45029
16
45059
16
45089
16
45219
16
45720
16
45750
16
45790
16
45820
16
45850
16
45890
16
45921
16
45951
16
45991
16
46021
16
46051
16
46091
16
46121
16
46161
16
46191
16
46221
16
46261
16
46291
16
46331
16
46361
16
46391
16
46431
16
46461
16
46501
16
46531
16
46561
16
46591
16
46632
16
46662
16
46692
16
46732
16
46762
16
46802
16
46832
16
46862
16
46902
16
46932
16
46962
16
47002
16
47032
16
47062
16
47082
83
47413
79
47643
76
47773
69
47913
32
48114
83
48244
73
48775
8
49045
85
49406
32
49936
16
50327
66
50587
85
50838
68
50938
65
52410
80
52540
69
53001
83
53261
84
53471
32
53592
65
53752
78
53992
67
54182
72
54333
69
54413
32
54673
79
55004
70
55484
8
55634
71
55875
73
56015
73
56916
8
57057
8
57908
71
58218
73
58669
190
59019
32
61273
16
61393
83
61663
85
61883
73
62104
32
62474
71
62685
73
62845
85
63035
83
63506
84
63766
73
63996
32
64077
69
64287
32
64928
83
65238
85
65529
71
65759
76
65969
73
66200
32
66460
73
66620
78
66921
71
67211
73
67371
85
67722
83
67972
84
68303
73
68833
190
69164
13
71357
16
71858
16
71898
16
71928
16
71968
16
71998
16
72028
16
72068
16
72098
16
72128
16
72168
16
72168
78
72409
79
72609
78
72779
83
72939
79
74652
8
74812
8
75433
79
75854
83
76074
84
76164
65
76434
78
76645
84
76755
69
76905
32
77195
73
77396
76
77396
79
77596
32
77726
83
77816
79
77987
76
78097
69
78307
32
78788
80
78898
69
79689
8
80190
8
80220
8
80260
8
80290
8
80320
8
80360
8
80390
8
80420
8
80971
32
81402
83
81552
79
81702
76
81822
69
81952
32
82183
80
82794
69
83194
82
83855
77
83985
65
84306
78
84446
69
84546
32
84846
85
85027
78
85227
32
85527
73
85708
78
85938
73
86198
90
86319
73
86469
79
86699
32
86919
68
87100
73
87290
32
87500
77
87600
65
87721
76
87921
32
88071
68
88201
73
88412
32
88962
71
89223
79
89383
76
89473
65
89754
188
89964
32
90785
67
90975
72
91085
69
91176
32
91586
65
91816
65
92057
83
92417
85
93058
8
93219
8
93379
8
93839
83
93990
83
94210
85
94601
82
94761
68
95051
73
95332
84
95442
65
95742
219
96023
32
96273
73
96433
76
96663
32
96894
77
97004
65
97555
76
97775
32
97965
68
98116
73
98346
32
98827
71
99087
79
99317
76
99407
65
99688
32
00118
65
00429
83
00980
8
01110
68
01921
32
02282
65
02592
71
02852
79
03013
83
03163
84
03453
79
03784
188
04004
32
04905
86
05046
69
05256
82
05747
8
05757
221
05897
8
06077
8
06237
8
06678
81
06878
85
06978
65
07369
83
07509
73
07759
32
08450
85
08621
78
08741
65
08841
32
09222
67
09472
79
09682
78
09983
84
10183
82
10343
65
10684
68
10874
68
11004
73
11485
90
11685
73
11835
79
12066
78
12146
69
12266
32
12526
73
12717
78
12867
32
13137
84
13257
69
13538
82
13788
77
13998
73
14159
78
14409
73
15350
190
15711
13
24664
16
24934
79
25245
71
25385
71
25615
73
25845
32
26106
82
26286
73
26597
67
26917
79
27147
77
27368
73
27558
78
27858
67
28119
73
28249
65
28439
32
29340
8
29601
78
29801
79
30001
32
30823
73
31043
32
31293
77
31524
73
31674
69
31754
73
32034
32
32805
83
33116
70
33386
79
33657
82
34107
90
34408
73
34608
32
35269
78
35419
69
35509
76
35650
76
35750
65
35940
32
37202
8
37372
8
37522
8
37692
8
38073
8
38323
8
38674
8
39175
8
39215
8
39245
8
39275
8
39315
8
39345
8
40046
84
40176
69
40627
78
40917
84
40997
65
41117
84
41358
73
41628
86
41848
73
42069
32
42199
68
42319
73
42509
32
42660
65
42760
78
43030
68
43150
65
43250
82
43411
69
43661
32
43781
65
44412
86
44502
65
44853
78
45123
84
45363
73
45594
32
45964
78
46125
69
46776
76
47056
65
47557
8
47927
32
48248
76
48248
75
48498
85
48879
8
49379
8
50000
85
50190
78
50461
71
50761
79
51042
32
52494
77
52594
65
52724
32
52944
73
53135
78
53285
65
54106
82
54256
82
54477
69
55268
83
55498
84
55598
65
56009
66
56239
73
56409
76
56520
69
56640
32
56870
80
57170
82
57431
79
57701
67
57811
69
58052
83
58182
83
58633
79
58933
32
59153
68
59684
73
59914
32
60045
67
60175
79
60385
77
60605
80
60926
82
61026
69
61296
83
61777
8
62037
78
62168
83
62358
73
62508
79
62728
78
62829
69
62949
32
63590
68
63780
69
63920
76
64080
76
64281
65
64431
32
64671
76
64882
73
65132
78
66063
8
66564
8
66604
8
66634
8
66664
8
66704
8
66734
8
66764
8
67095
8
67345
69
67736
32
70470
71
70610
69
70920
78
71561
69
77420
8
77920
8
77960
8
77990
8
78030
8
78061
8
78091
8
78131
8
78161
8
78191
8
78231
8
78261
8
78291
8
78331
8
79122
8
79322
8
79503
8
79673
8
79873
8
80043
8
80224
8
80424
8
81055
67
81245
72
81335
69
81445
32
81666
77
81876
73
82116
32
82387
80
82537
79
83228
82
83388
84
83488
69
83799
82
83939
65
84420
219
84690
32
84850
65
85111
32
85691
67
86012
79
86192
77
86423
80
86683
82
86793
69
87063
78
87204
68
87394
69
87544
82
87634
69
87855
32
89066
69
89146
32
89637
71
89737
69
89998
78
90118
69
90318
82
90438
65
90989
82
91079
69
91189
32
91390
67
91550
79
91840
82
91940
82
92051
69
92301
84
92441
84
92541
65
92842
77
92932
69
93032
78
93232
84
93302
69
93443
32
94454
70
94604
82
94724
65
95105
83
95305
73
95576
32
96116
68
96247
73
96467
32
96737
76
96978
73
97188
78
97448
71
97689
73
97809
65
98189
8
98690
8
98720
8
98750
8
98790
8
98820
8
98850
8
98890
8
99321
8
99872
73
00092
78
00292
32
00803
76
01054
73
01294
78
01715
71
01945
85
02075
65
02215
32
03467
85
03647
78
03988
71
04228
72
04348
69
04478
82
04619
69
05400
83
05590
69
05860
188
06081
32
06371
67
07112
69
07353
80
07483
80
07703
79
07984
32
08484
85
08675
78
09135
71
09345
82
09636
79
10227
70
10527
73
10758
78
10898
78
11158
79
12500
190
13021
40
13501
40
14002
40
14042
40
14072
40
15034
37
15194
37
15364
37
15544
37
15715
37
15865
37
17347
109
17878
40
18469
40
19009
13
22845
40
22875
39
26330
38
26700
38
27181
39
27682
39
27722
39
27752
39
27782
39
27822
39
27852
39
27892
39
27922
39
27952
39
27992
39
28022
39
28052
39
28092
39
28122
39
28163
39
28193
39
28223
39
28263
39
28293
39
28323
39
28363
39
28393
39
33010
40
33320
40
34081
37
35994
13
39499
16
39819
83
40160
80
40310
69
40490
82
40741
79
41051
32
41662
68
41812
73
42032
32
42233
78
42443
79
42653
78
42864
32
43885
69
44146
83
44316
83
44496
69
44636
82
45257
77
45437
73
45628
32
45858
68
46018
73
46198
77
46569
69
46749
78
47040
84
47270
73
47550
67
47631
65
47911
84
48291
65
48472
32
48732
84
48972
85
49183
84
49303
84
49563
79
49784
32
49964
81
50114
85
50224
69
50364
76
50495
76
50675
79
50975
32
51676
67
51887
72
52007
69
52117
32
52788
77
53008
73
53219
32
53399
65
53519
86
54270
69
54490
86
54831
65
55231
32
55752
80
55922
79
56203
82
56343
84
56453
65
56563
84
56854
79
57144
32
58286
76
58376
65
58476
32
58716
80
59007
82
59277
73
59498
77
59628
65
60088
86
60209
69
60329
82
60479
65
60609
32
61791
65
61941
32
62181
16
62412
66
62652
85
62973
68
63063
65
63293
80
63453
69
63664
83
63854
84
64405
188
64645
32
65697
76
65787
69
65927
32
66748
76
66838
69
67159
90
67279
73
67419
79
67649
78
67840
73
68040
32
68611
68
68721
73
68921
32
69111
16
69232
73
69532
82
69792
73
70884
83
71224
90
71455
32
71966
83
72226
85
72466
76
73077
76
73217
69
73498
32
74049
67
74169
79
74359
76
74489
76
74679
73
74880
78
75000
69
75090
32
75250
68
75360
73
75571
32
75871
16
75971
66
76232
85
76502
68
76622
65
77894
188
78144
32
79977
81
80338
85
80418
69
80538
76
80668
76
80778
69
80948
32
82951
68
83142
73
83372
32
83562
16
83742
79
84053
82
84253
83
84584
73
84984
32
87969
65
88109
76
88249
76
88499
219
88790
85
89020
76
89310
84
89551
73
89751
77
89961
79
90192
32
90432
80
90622
73
90733
65
90833
78
91043
79
91243
32
91393
68
91504
73
91714
32
91954
85
92125
78
92455
32
95389
80
95509
65
96090
76
96160
65
96371
90
96591
90
96921
79
97272
32
97863
68
98013
73
98253
32
98534
16
98634
80
98914
69
99115
83
99275
84
00567
188
00767
32
01308
86
01568
73
01818
65
01979
32
02610
68
02800
69
03301
71
03541
76
03761
73
03982
32
04142
65
04292
78
04582
71
04853
69
05183
76
05474
73
06165
32
06886
78
07587
190
07817
32
08318
66
08738
72
08979
79
09229
16
09449
49
13946
13
14166
13
14997
8
21557
16
21697
67
22088
79
22328
78
22688
70
23009
73
23349
68
23510
79
23790
32
25903
78
26053
69
26304
76
26454
76
26574
65
26734
32
27395
77
27856
69
28036
77
28317
79
28687
82
28988
73
29118
65
29518
32
30370
8
30990
188
31241
32
33845
8
33995
8
37930
8
38431
8
38461
8
38501
8
38531
8
38561
8
38601
8
38631
8
38661
8
38702
8
38732
8
38762
8
38802
8
38832
8
39152
8
39382
8
39573
8
39773
8
39963
8
40254
8
40644
8
43278
16
43609
65
43879
84
44049
82
44320
79
44560
32
44750
68
45221
73
45551
82
46383
82
46653
86
46883
73
47074
32
47274
78
47504
79
47694
78
47875
32
48065
83
48205
79
48606
190
48916
32
50348
37
50849
37
50889
37
50919
37
50959
37
50989
37
51019
37
51049
37
51089
37
51119
37
51149
37
51189
37
51921
8
52421
40
52622
37
53633
16
53803
70
54084
79
54354
82
54524
83
54694
69
55045
32
55776
80
55936
79
56237
84
56397
69
56497
82
56788
73
57048
32
57579
8
57739
8
57889
8
58029
8
58690
82
58760
69
59101
73
59361
32
60162
73
60353
78
60563
83
60803
69
60933
82
61164
73
61454
82
61604
69
61755
32
63016
78
63297
69
63507
76
63667
76
63918
219
64148
69
64418
83
64619
80
64859
69
65150
82
65380
73
65580
77
65670
69
65790
78
66061
84
66311
79
66532
32
66702
81
66862
85
66992
69
67172
76
67483
67
67683
72
67793
69
67903
32
68564
70
68725
82
68855
65
69275
83
69476
69
69606
32
69846
73
70027
78
70167
32
70427
76
70627
73
70818
78
71088
71
71308
73
71318
85
71409
65
71849
8
71989
8
72500
8
73031
85
73131
65
73251
32
73522
77
73662
65
73872
71
74082
73
74183
65
74393
82
74483
65
74613
32
75154
76
75244
69
75374
32
75645
80
75945
82
76646
79
76786
83
76967
83
77127
73
77317
77
77397
69
77517
32
78559
86
78829
79
78989
76
79290
84
79370
69
79520
32
81383
69
81483
32
81793
83
82034
67
82324
79
82484
80
82825
82
83085
73
83356
82
83436
69
83716
73
83977
32
84658
83
84848
69
84958
32
85299
73
85469
76
85679
32
85799
67
86140
85
86350
79
86660
82
86761
69
86891
32
87051
68
87241
69
87351
76
87512
76
87602
65
87802
32
89064
77
89254
73
89464
32
89575
65
89785
84
89995
65
90346
83
90576
84
90806
73
90937
69
91197
82
91317
65
91507
32
92279
8
92789
8
92819
8
92849
8
92889
8
92919
8
92950
8
92990
8
93020
8
93320
8
93480
8
93661
65
93961
32
94562
84
94712
65
95053
83
95273
84
95513
73
95734
69
95854
82
95984
65
96094
32
96895
66
97005
65
97376
84
97506
84
97616
69
97746
32
98307
68
98558
73
98898
86
98998
69
99178
82
99419
83
99539
65
99799
77
99859
69
99980
78
00190
84
00270
69
00410
32
00530
65
00651
32
01211
83
01402
69
01552
67
07320
79
08021
78
08342
68
08422
65
08522
32
08732
68
08943
69
09063
76
09183
76
09323
65
09443
32
09894
76
10094
73
10294
78
10645
71
10895
85
10995
65
12287
188
12878
32
13108
72
13219
69
13329
72
13459
69
13559
72
13649
69
