52610
16
52780
80
54810
8
56180
16
56510
67
56780
72
56950
69
57060
32
57440
66
57720
82
57830
65
58320
86
58380
65
58490
32
58650
83
58820
79
59040
78
59200
79
59420
188
59640
32
60570
70
60630
65
60740
67
60900
67
61120
73
61290
79
61450
32
61670
76
62610
222
62880
69
63100
83
63490
80
63600
69
63820
82
64040
73
64250
77
64310
69
64420
78
64640
84
64860
79
65080
32
65130
65
65350
78
65630
67
65850
72
65900
69
66070
32
66450
68
66670
73
66950
32
67170
83
67220
65
67500
66
67550
65
67820
84
68260
79
70190
8
70630
8
70740
8
70850
8
70900
8
71010
8
71070
8
71180
8
71230
8
71340
8
71400
8
71500
8
71560
8
71670
8
71780
8
71830
8
71940
8
72000
8
72110
8
72160
8
72270
8
72330
8
72440
8
72490
8
72600
8
72820
8
73040
8
73870
222
74200
32
75130
69
75350
83
76010
80
76060
69
76340
82
76610
73
76830
77
76890
69
77220
84
77490
79
77770
32
78260
45
78430
45
78760
8
78920
8
79080
8
79800
78
80070
84
80400
79
80730
32
81010
65
81010
83
81610
8
82270
65
82930
8
83200
78
83530
67
83700
72
83810
69
83920
32
84030
68
84190
85
84190
73
84690
8
85180
8
85730
73
85900
32
86120
83
86220
65
86550
66
86610
65
86990
84
87270
79
87650
190
88480
8
88860
16
89300
49
89690
32
98250
69
98640
32
00510
8
00670
8
11110
16
11270
69
11490
32
11770
67
11990
71
12040
69
12480
8
12640
8
12810
8
12970
8
13690
32
14020
68
14350
73
14620
82
14680
69
14840
32
15060
67
15280
72
15390
69
15500
32
15720
80
15990
82
16050
69
16210
68
16650
8
17700
70
17810
69
17920
82
18250
73
18800
82
18910
69
19070
73
19290
32
19730
78
19950
79
20110
78
20280
32
20610
69
20830
83
20940
83
21100
69
21270
82
21320
69
21540
32
22590
81
22810
85
22970
73
23130
32
23350
73
23520
78
23680
32
23850
65
23960
84
24340
69
24890
8
25550
84
25990
69
26160
83
26270
65
26380
32
26760
80
26870
65
27200
90
27310
90
27580
69
27970
83
28190
67
28300
65
28410
32
28630
69
28680
32
33130
77
33190
65
33350
32
33740
80
34070
82
34170
69
34280
70
34340
69
34450
82
34830
73
35110
82
35220
69
35440
73
35710
32
36100
69
36320
83
36430
83
36650
69
36760
82
36870
69
37030
32
38620
65
38790
76
39060
84
39230
82
39500
79
39830
86
40000
69
40110
32
41210
77
41260
65
41480
71
41590
65
41750
82
42080
73
42300
32
42630
71
42850
73
42960
65
43730
222
44060
32
45270
32
45490
73
45710
78
45870
32
46860
16
46970
79
47250
82
47520
73
47630
69
47740
78
47960
84
48020
69
48240
32
49000
65
49170
32
49500
71
49720
79
50210
68
50490
69
50650
82
51150
77
51370
73
51530
32
51810
73
51970
32
52140
67
52250
79
52410
76
52630
79
52960
82
53230
73
53510
32
53620
69
53730
32
54060
73
54220
76
54440
32
54660
67
54770
65
55210
83
55380
73
55600
78
55760
79
56040
32
56310
68
56690
73
56910
32
57020
16
57130
66
57790
65
57900
78
58180
71
59000
75
59220
79
59660
75
59880
188
60100
32
61310
76
61750
65
61910
32
62410
70
62680
79
62960
82
63400
69
63610
83
64050
84
64160
65
64380
32
65760
68
65920
73
66200
32
66910
16
67400
16
67460
16
67570
16
67620
16
67680
65
68830
8
69000
8
69160
8
69380
8
70590
84
70870
72
70980
65
70980
83
71080
73
72070
8
72290
8
72900
73
73670
76
73780
65
74110
78
74440
68
74600
69
74760
83
74980
69
76080
188
76250
32
79160
76
79210
69
79380
32
79540
83
79710
80
79930
73
80700
65
80860
71
80970
71
81080
69
81250
32
82730
86
83170
8
83280
67
83440
72
83610
73
83720
65
83940
82
84050
69
84930
188
85090
32
85420
80
85480
69
85700
82
85910
83
86130
73
86350
78
86520
79
86740
32
86900
76
87010
69
87120
32
87670
80
87840
73
88000
79
88330
71
88440
71
88660
73
89270
69
89920
32
90690
8
91740
8
91900
8
92070
69
92400
32
93110
77
93270
79
93490
78
93880
83
94100
79
94320
78
94540
73
94810
67
95030
72
95140
69
95310
32
95910
69
96020
32
99260
76
99650
69
99870
32
04530
8
04700
8
04860
8
05080
8
05190
8
05630
8
07060
190
07390
32
09370
16
09640
69
09860
32
10140
73
10300
78
10580
86
10910
69
11070
67
11180
69
11290
32
11890
69
12110
67
12220
67
12500
79
12720
77
12940
73
13210
32
13600
8
14200
32
14480
81
14640
85
14810
73
14970
32
15190
73
15350
78
15460
32
15740
85
15900
78
16010
65
16120
32
16400
77
16510
65
16730
84
16840
84
17110
73
17330
78
17390
65
17550
32
17880
68
18160
73
18320
32
18540
80
18920
73
19030
79
19470
71
19640
71
19860
73
19970
65
20680
188
20900
32
21840
68
22000
73
22220
32
22880
80
23150
73
23150
79
23590
8
24360
79
24640
71
24750
71
24970
73
25080
65
25190
32
25630
66
25740
65
26120
84
26280
84
26720
69
26890
78
27220
84
27330
69
31610
8
32110
8
32160
8
32270
8
32330
8
32440
8
32490
8
32600
8
32660
8
32770
8
32820
8
32930
8
33040
8
33100
8
33210
8
33260
8
33370
8
33430
8
33540
8
33590
8
33700
8
33750
8
33860
8
33970
8
34030
8
34140
8
34190
8
34300
8
34470
8
34630
8
34960
8
35510
85
35680
78
35840
32
36060
80
36230
79
37050
186
37490
8
38310
222
38590
32
38810
78
38920
69
39140
82
39250
65
39410
32
39910
68
40070
73
40400
32
41220
80
41440
73
41610
79
41880
71
41990
71
42210
73
42320
65
42430
32
42540
69
42650
32
43200
84
43310
69
43530
77
43750
80
43920
79
44190
82
44300
65
44520
76
44740
73
44960
32
45010
69
45290
83
45560
84
45840
73
46110
86
46390
73
46610
32
46720
65
46880
32
47540
83
47930
80
48040
69
48200
82
48470
65
48690
84
49190
8
49960
82
50010
69
50180
32
50450
80
50730
82
50780
69
51060
71
51170
65
51330
82
51440
69
52050
32
52320
83
52480
80
52650
69
52810
82
52920
65
53030
82
53200
69
53360
32
53800
80
54080
82
54960
69
55890
71
55940
65
56110
82
56220
69
56380
32
56930
67
57150
72
57260
69
57370
32
57650
84
57870
85
58030
89
58030
85
58200
84
58860
8
59020
8
59350
8
60230
84
60390
84
60610
79
61000
32
61270
86
61380
65
61490
68
61660
65
61710
32
62210
66
62320
69
63690
78
63800
69
64240
190
64460
32
66930
16
67040
77
67150
65
67260
32
67530
80
67640
65
67860
82
68140
76
68300
73
68410
65
68520
77
68740
79
68960
32
69290
68
70120
222
70450
65
70660
76
70940
84
71050
82
71380
79
71600
32
72810
68
72920
65
73080
73
73470
188
73690
32
77480
80
77860
65
78020
82
78350
76
78570
73
78680
65
78790
77
79070
79
79670
32
81210
8
81700
8
81810
8
81870
8
81980
8
82030
8
82140
8
82420
8
82640
8
82750
8
82910
8
83080
8
83240
8
83410
8
83520
8
83680
8
83850
8
84010
8
84180
8
84340
8
85170
222
85440
32
85880
32
86430
65
86650
76
86920
84
87090
82
87360
79
87690
32
88570
68
88630
65
88850
73
89170
188
89340
32
89560
80
89670
65
89940
82
90270
76
90440
73
90550
65
90660
77
90820
79
91100
32
92250
68
92530
73
92800
32
06860
16
07030
77
07140
65
07250
78
07460
85
08230
8
08450
8
08620
8
08730
8
11040
38
11360
39
11860
39
11910
39
12020
39
12080
39
12190
39
12300
39
12350
39
12460
39
12520
39
12630
39
12680
39
12790
39
12850
39
12960
39
13070
39
13120
39
13230
39
13290
39
13400
39
13450
39
13560
39
13620
39
13730
39
13840
39
14220
39
14880
8
15100
16
15320
77
15760
40
16690
8
16800
8
16970
8
17130
8
18180
8
18340
8
18500
8
18670
8
18780
8
18940
8
19110
8
19600
8
20430
69
20590
82
20650
65
20810
32
21030
67
21250
79
21470
78
21750
83
21910
73
22180
71
22460
76
22620
73
22730
65
23010
84
23230
79
23450
32
23560
68
23720
73
23890
32
24110
78
24330
79
24490
78
24660
32
24820
83
25320
67
25540
82
25760
73
26030
86
26080
69
26190
82
26300
69
26410
32
26740
77
26910
65
27070
73
27240
76
27460
32
27790
84
27950
82
28280
79
28280
80
28780
8
29710
80
29820
80
30040
79
30310
32
30590
80
30640
69
30860
82
31300
83
31470
79
31740
78
31800
65
31960
76
32180
73
32400
32
32510
69
32620
32
32900
81
33120
85
33220
69
33440
83
33550
84
33660
65
33770
32
35040
80
35200
79
35480
84
35640
82
35860
69
36520
66
36630
66
36740
69
36900
32
37230
68
37510
73
38110
86
38220
69
38550
78
38880
84
38940
65
39320
82
39650
76
39760
79
39980
32
40090
69
40150
32
40420
73
40580
78
40860
86
40970
69
41240
67
41410
69
41460
32
57010
78
57230
79
57390
78
57560
32
57670
68
57830
69
57940
86
58050
69
58160
32
58710
68
58980
73
59200
86
59310
69
59480
78
59700
84
59810
65
59920
82
60250
76
60410
79
60690
190
60910
32
61130
16
61240
67
61400
82
61680
73
61790
83
61950
84
62230
73
62390
78
62500
65
62610
32
62880
69
63100
78
63430
84
63540
82
63650
65
63760
32
64040
69
64530
32
64700
69
64920
83
65080
67
65140
69
65300
32
65690
68
65800
65
66020
76
66130
76
67110
222
67440
85
67770
71
68210
8
68320
70
68540
70
68820
73
69810
8
69970
8
70080
8
70520
8
71180
222
71450
32
71730
85
72170
70
72280
70
72550
73
72770
67
72990
73
73100
79
73320
32
73430
69
73700
32
74140
73
74310
78
74420
32
74860
85
75460
70
75680
70
76010
73
76730
67
77000
73
77110
79
77330
32
77440
83
77550
79
77770
32
77990
67
78210
71
78590
8
79250
72
79360
69
79470
32
79690
70
79800
65
79910
32
80240
83
80460
79
80630
76
80740
79
80960
32
81120
83
81280
79
81450
76
81670
73
81890
84
82000
65
82110
82
82440
73
82770
188
82990
32
84690
16
85130
77
85290
65
85460
84
85620
84
85790
69
86120
79
86390
32
92160
78
92380
79
92540
78
92710
32
92870
83
92980
79
93200
32
93810
66
93860
69
94030
78
94140
69
94300
32
95130
67
95350
72
95460
69
95570
32
95840
70
95950
65
96830
188
97050
32
97380
83
97600
69
97710
78
97930
84
98150
79
98370
32
98480
83
98640
79
99140
76
99360
79
99680
32
00290
73
00510
32
00890
83
01110
85
01280
79
01440
73
01720
32
01990
67
02270
76
02540
73
02820
67
03200
75
03470
32
04130
67
04460
76
04680
73
04900
67
05730
75
06110
32
07810
68
07920
65
08310
32
08970
77
09020
65
09410
85
09680
83
09960
69
10070
32
11160
8
11330
8
11490
8
11660
8
11770
8
12370
79
12590
85
12870
83
13090
69
14190
188
14350
32
14460
69
14570
32
14790
68
14900
73
15120
32
15280
77
15390
69
15500
32
15720
83
15890
73
16380
32
17150
83
17700
69
17870
78
18140
84
18360
73
18630
82
18850
65
19180
222
19400
32
19840
32
20390
85
20560
78
20720
32
21000
84
21270
73
21550
67
21650
67
21870
72
21980
69
22260
84
22370
84
22640
73
22750
79
23030
32
23470
85
23630
78
23740
32
24020
80
24130
79
24900
222
25170
32
25390
78
25440
69
25660
82
25940
86
26210
79
26320
83
26430
79
26710
32
26930
68
27040
65
27150
32
27420
84
27530
65
27860
83
28140
84
28360
73
28580
69
28690
82
28850
65
30390
188
30880
32
31490
84
31710
73
31980
67
32090
65
32200
32
33130
8
33300
8
33460
8
34450
67
34670
72
34840
72
34950
69
35440
84
35550
69
37030
8
37200
8
37310
8
37470
8
37640
8
38190
67
38410
72
38520
69
38850
84
38900
69
39180
32
40110
84
40160
65
40380
67
41810
188
42030
32
43950
72
44010
69
44170
72
44230
69
44340
72
44450
69
44500
72
44610
69
45380
13
