57845
67
57955
65
58175
83
58426
80
58656
73
59077
84
59177
65
59537
32
60769
70
60859
65
60969
32
61410
80
61700
82
61981
79
62131
80
62762
82
62992
73
63132
79
63323
32
63523
85
63693
78
63853
32
64164
67
64264
65
64444
76
64665
68
64785
79
64985
32
65195
80
65316
65
65576
90
65696
90
66007
83
66217
67
66497
79
67389
8
67539
8
67689
8
68400
69
68600
83
68831
67
69121
79
69341
32
69442
81
69592
85
69732
73
69932
32
70032
68
70213
69
70413
78
70673
84
70803
82
71094
79
71585
32
71745
77
71855
65
71975
32
72246
67
72486
72
72696
73
72987
83
73107
83
73217
65
73738
219
73978
32
74228
67
74419
72
74529
69
74639
32
75050
67
75320
79
75450
83
75640
65
75821
32
76722
77
76912
73
77133
32
77273
65
77603
83
77844
80
77944
69
78134
84
78264
84
78344
65
78535
32
79446
70
79897
85
80107
79
80417
82
80728
73
80728
85
82020
8
82551
16
83051
16
83081
16
83121
16
83121
49
83502
32
85715
16
85905
69
86717
32
87768
67
88028
79
88109
83
88539
73
88950
219
89160
32
89250
65
89521
78
89751
67
89931
72
90021
69
90141
32
90262
83
90492
69
90622
32
91273
83
91453
79
91694
78
92074
79
92285
32
92545
70
92946
8
93286
71
93607
79
93997
8
94207
73
94318
65
94718
219
94948
32
95159
76
95239
69
95429
32
96771
67
97031
73
97212
78
97532
81
97672
85
97773
69
97963
32
98393
69
98524
32
98784
77
99014
69
99335
90
99455
90
99545
65
99675
32
00266
68
00486
73
00707
32
01007
85
01177
78
01358
32
02059
8
02269
8
02449
8
02610
8
02760
8
02920
8
04362
68
04532
69
04953
67
05454
73
05724
68
05804
79
06105
32
07156
68
07346
73
07627
32
08248
70
08758
65
08999
82
09189
69
09520
32
09900
81
10070
85
10201
65
10731
83
10902
84
11202
79
11432
32
11653
77
11833
73
12003
79
12233
32
12484
80
13806
8
14306
8
14347
8
14377
8
14417
8
14447
8
14477
8
14517
8
14547
8
14577
8
14617
8
14647
8
14687
8
14717
8
14747
8
14937
8
15138
8
17782
65
18142
80
18262
80
18553
82
18853
79
19123
70
19484
8
19634
8
19774
8
19915
8
20055
8
20205
8
22909
66
22999
65
23169
84
23289
84
23540
69
23680
82
23840
69
24241
32
25352
83
25563
85
25783
32
25943
81
26164
85
26234
69
26414
83
26514
84
26604
65
26734
32
27896
84
27986
65
28367
83
28597
84
28838
73
29188
69
29348
82
29448
65
29579
32
29949
73
30139
76
30340
32
30580
80
30981
82
31251
73
31411
77
31592
79
31862
32
32613
70
32923
76
33144
85
33274
83
33464
83
33614
79
33915
32
34706
68
34956
73
35147
32
35247
67
35387
79
35597
83
35798
67
36058
73
36158
69
36278
78
36569
90
36659
65
36779
32
40184
80
40274
69
40464
82
40565
32
40835
71
41065
76
41235
73
41456
32
41916
8
42087
8
42247
8
42517
8
43349
76
43559
219
43749
69
44210
78
44330
78
44450
69
44660
83
44861
73
45131
77
45321
79
45522
32
45622
69
45852
83
46213
80
46363
69
46603
82
46824
73
46994
77
47074
69
47194
78
47485
84
47755
79
47945
32
48206
71
48446
85
48666
78
48796
69
48977
84
49097
84
49367
73
49477
65
49638
77
50198
8
51370
78
51600
79
52071
190
52362
32
52942
16
53223
67
53443
72
53673
73
53944
83
54054
83
54164
65
54385
219
54645
32
54985
70
55246
79
55486
82
55656
83
55807
69
56017
32
56217
83
56488
84
56728
79
56948
32
57139
83
57529
67
57759
82
58020
73
58280
86
58360
69
58531
78
58791
68
58891
79
59131
32
59372
67
59622
79
59692
83
59882
69
59983
32
61565
84
61705
82
61986
79
62176
80
62296
80
62446
79
62707
32
62957
80
63097
69
63938
82
64279
83
64419
79
64709
78
64810
65
65090
76
65360
73
66312
32
67093
77
67193
65
67313
32
69116
73
69316
78
69466
32
69637
81
69837
85
69937
69
70127
83
70257
84
70518
79
70708
32
70918
77
71109
79
71309
77
71399
69
71569
78
71860
84
72150
79
72461
32
76216
78
76426
79
76617
78
76767
32
76957
77
77157
73
77358
32
78099
86
78329
73
78469
69
78509
78
78690
69
78850
32
82696
78
82896
73
82976
69
83106
78
83356
84
83437
69
83557
32
83817
68
83967
73
84168
32
84488
77
84608
69
84979
71
85229
76
85409
73
85560
79
85800
32
86151
67
86361
72
86431
69
86561
32
86912
83
87082
67
87272
82
87543
73
87803
86
87913
69
88043
82
88133
69
88264
32
89035
80
89746
69
90196
78
90337
83
90687
79
91068
73
91418
8
91578
8
92179
73
92480
82
92850
73
93391
8
93541
8
93812
69
94493
82
94733
73
94923
32
95134
73
95304
78
95474
32
95955
76
96155
73
96395
66
96495
69
96676
82
96916
84
97016
65
97557
219
97898
32
00752
69
00912
32
01723
83
01983
84
02264
79
02534
82
02745
73
02835
69
02985
32
03205
68
03285
65
03395
32
03656
82
03756
65
03896
67
04016
67
04297
79
04467
78
04757
84
04888
65
05058
82
05258
69
05629
32
07582
78
07842
73
07942
69
08072
77
08463
8
08703
78
08944
84
09054
69
09164
32
10245
84
10396
82
10666
79
10826
80
10976
80
11267
65
11477
32
12939
70
13029
65
13640
84
13951
73
14441
67
14582
65
14842
190
15323
32
16084
16
16364
69
16645
32
19479
8
20120
8
26649
8
26799
8
28522
190
28762
32
31496
16
31556
67
31797
72
31887
65
32037
32
32428
65
32528
76
32808
84
32958
82
33229
79
33469
32
33579
68
33709
73
33960
82
34050
69
35582
190
35832
32
39187
8
39688
8
39718
8
39758
8
39788
8
39818
8
39858
8
39888
8
39918
8
39948
8
39988
8
40019
8
40059
8
40459
8
41090
69
41200
32
41350
65
41541
76
41871
84
42061
82
42342
79
42592
32
42742
68
42853
73
43133
82
43233
69
44275
190
44505
32
45146
16
45647
16
45687
16
45717
16
45757
16
45787
16
45817
16
45857
16
45887
16
45917
16
45957
16
45987
16
46017
16
52477
16
52657
66
52877
85
53107
84
53228
84
53438
73
53548
65
53648
77
53818
79
54049
76
54149
65
54279
32
55231
83
55351
85
55821
76
56102
32
56913
82
57183
73
57324
68
57554
82
57554
69
57704
69
58816
8
58966
8
59136
8
59417
69
59977
82
60078
69
60418
190
60769
32
61740
16
61940
73
62151
77
62301
77
62381
65
62551
71
62761
73
62952
78
63122
73
63192
65
63312
77
63492
79
63703
32
63913
67
64073
72
64163
69
64284
32
64534
16
64674
68
64824
65
65165
78
65355
73
65495
69
65716
76
65836
69
65996
32
66968
8
67118
8
67228
8
67388
8
67538
8
67689
8
67819
8
68420
8
68600
16
68790
68
68910
65
69141
78
69361
73
69441
69
69571
76
69681
69
69872
32
70493
8
70643
8
70773
8
70913
8
71033
8
71174
8
71324
8
71454
8
71704
16
72035
68
72345
65
72445
78
72636
73
72796
69
72926
76
73036
69
73227
32
74018
76
74098
69
74298
71
74408
71
74528
65
74629
32
75229
81
75420
85
75530
69
75710
83
75800
84
76181
79
76471
32
76982
80
77333
82
77583
73
77763
77
77933
79
78174
32
78855
68
79055
69
79315
76
79516
73
79786
82
80077
73
80227
79
80577
190
81088
32
82370
16
82510
65
82841
76
82981
76
83111
79
83411
82
83501
65
83672
32
83882
77
84052
73
84253
32
85054
86
85124
69
85324
82
85444
82
85564
69
86005
66
86135
66
86275
69
86786
32
87738
86
88419
8
89520
68
89620
65
89740
32
89991
67
90231
72
90442
73
90572
69
90802
68
90992
69
91122
82
91653
71
91884
76
92044
73
92264
32
92374
67
92515
79
92745
83
92925
32
92965
65
93165
32
93566
8
93716
8
93846
8
94037
65
94337
32
95088
80
95188
69
95529
78
95809
83
95899
65
96000
32
96170
68
96290
73
96480
32
98603
8
99104
8
99134
8
99164
8
99204
8
99234
8
99274
8
99304
8
99334
8
99374
8
99404
8
99435
8
99475
8
99505
8
99535
8
99575
8
99605
8
99635
8
99675
8
99705
8
99745
8
99775
8
99805
8
99845
8
99875
8
99905
8
00506
32
00676
68
00847
73
01307
82
01538
71
01918
76
01928
75
02068
73
02269
32
02479
67
02649
72
02749
69
02859
32
03480
8
03621
8
03771
8
03911
8
04041
8
04191
8
04322
8
05033
73
05283
32
05704
67
05914
72
05984
69
06094
32
06304
83
06505
69
06585
32
06885
80
07016
69
07336
78
07646
83
07747
65
07837
32
07997
68
08097
73
08327
32
08628
82
08728
69
09549
8
09709
8
09870
8
10621
32
11953
68
12053
65
12393
82
12704
77
12914
73
13224
32
13885
85
14046
78
14206
32
14476
80
14807
82
14907
69
15157
77
15428
73
15598
79
16930
109
17381
66
17501
65
17651
84
17771
84
18062
73
18312
84
18512
85
18742
82
18863
65
19313
188
19524
32
20976
86
21216
73
21316
83
21476
84
21727
79
21947
32
22107
67
22278
72
22378
69
22478
32
22758
73
22939
76
23119
32
23369
80
23509
65
24461
82
24601
69
24881
79
25102
32
26323
67
26454
69
26574
32
26854
76
27435
219
27896
72
28126
79
28326
32
28557
71
28907
73
28997
65
29218
219
29498
32
31441
80
31601
79
31871
84
32092
82
32212
69
32883
66
33013
66
33153
69
33284
32
44029
80
44279
69
44690
78
45001
83
45101
65
45201
82
45351
69
45641
32
47925
65
48035
32
48486
85
48676
78
48836
32
49046
66
49267
82
49397
65
49687
67
50078
8
50228
8
50358
8
50498
8
50679
8
51260
8
51480
8
52271
85
52491
78
52672
32
55986
80
56087
65
56267
73
56447
79
56748
32
57278
68
57429
73
57639
32
63587
67
63838
73
63928
65
64198
66
64318
65
64459
84
64579
84
64819
73
65040
78
65140
69
65270
32
66522
68
66602
65
66702
32
67022
80
67223
73
68114
83
69286
67
69536
73
69746
78
69826
65
70127
188
70317
32
70798
8
70938
8
71599
190
71789
32
71899
16
72180
80
72620
65
72731
82
72871
69
73161
32
74313
67
74513
72
74593
69
74714
32
75705
65
76096
32
76646
16
76847
80
77037
65
77357
82
77658
73
77868
71
78068
73
78279
32
78970
76
79260
219
79661
85
79851
76
80081
84
80292
73
80462
77
80572
65
80662
32
80862
77
81043
79
81223
68
81413
65
81513
32
81674
83
81804
73
81944
65
82154
78
82365
79
82565
32
82755
76
82895
69
83046
32
83336
73
83586
78
84638
70
85219
82
85309
65
85840
68
86110
73
86350
84
86631
79
86971
32
91147
8
91498
188
91728
32
93491
80
94031
76
94152
65
94462
83
94833
84
95103
73
95353
67
95444
65
95574
32
96315
69
96415
32
96695
71
96966
79
97246
77
97386
77
97497
65
97637
32
99269
69
99539
32
00761
78
01012
79
01713
8
02414
73
02484
69
02694
78
02934
84
03004
69
03155
32
04226
80
04457
73
04637
85
05047
219
05658
188
05879
32
06019
68
06209
69
06259
76
06399
76
06510
65
06610
32
06890
83
07050
69
07211
82
07491
73
07771
69
08082
32
08663
8
08853
16
08963
190
09213
32
10125
78
10335
79
10545
78
10696
32
10916
72
11136
79
11347
32
12558
8
12689
8
12829
8
12989
8
13129
8
13259
8
13400
8
13530
8
13640
8
14081
32
14311
16
14681
50
15122
78
15342
79
15573
78
16013
8
16184
8
16604
8
18437
83
18487
79
18717
78
18928
79
19719
32
19989
67
20239
79
20390
77
20600
85
20810
78
21161
81
21331
73
21431
69
21722
8
21912
8
22563
85
22653
69
22793
32
23424
73
23594
76
23785
32
23965
77
24065
65
24255
83
24375
83
24626
73
24796
78
24996
79
26098
8
26258
8
27149
77
27770
80
27780
79
28561
8
29022
8
29573
79
29994
188
30174
32
30434
78
30655
79
30855
78
31025
32
31255
72
31466
79
31666
32
31926
66
32177
73
33028
83
33228
79
33619
71
33809
78
34039
79
34300
32
35121
68
35482
219
35602
65
35762
76
36062
84
36223
82
36583
79
37294
16
37745
50
38947
188
39137
32
39307
77
39387
65
39497
32
39818
67
40038
72
40288
73
40579
83
40709
83
40829
65
41310
219
41650
32
42151
83
42361
69
42462
32
42682
81
42802
85
42992
73
43223
32
44174
67
44304
69
44374
32
44605
76
44675
69
44795
32
45025
80
45156
79
45266
83
45426
83
45536
73
45706
77
45816
65
45907
79
46187
32
46828
8
46958
8
47098
8
47369
8
47639
65
48260
77
48430
79
48611
32
49402
59
49412
80
50203
8
50363
8
50784
8
50934
8
51124
8
51234
8
51735
8
51775
8
51805
8
51835
8
51875
8
52106
8
52536
8
53237
79
53448
32
53658
80
53828
79
53958
83
54098
83
54209
73
54339
65
54429
77
54609
79
54809
32
55020
80
55130
69
55350
82
55631
77
55921
84
56041
69
56151
82
56272
82
56742
8
56882
8
57033
8
57183
8
57614
69
58144
84
58275
84
58385
69
58475
82
58605
69
60127
190
60388
32
60628
16
60808
67
61179
8
61820
67
62060
73
62190
65
62280
79
64303
32
64554
67
64794
73
64894
65
64994
79
66516
190
67939
38
68439
38
68469
38
68509
38
68539
38
68569
38
68609
38
68640
38
68680
38
68710
38
68740
38
68780
38
68810
38
68850
38
68880
38
68910
38
68950
38
68980
38
69010
38
69391
40
69891
40
69921
40
69961
40
69991
40
70032
40
70062
40
70092
40
70132
40
70162
40
70192
40
70232
40
70262
40
70292
40
70332
40
70362
40
70402
40
70432
40
70462
40
70502
40
70532
40
