24632
16
24862
68
25002
69
25293
86
25543
79
25773
32
25853
68
26034
73
26274
82
26364
69
26484
32
26685
67
26875
72
26955
69
27075
32
27205
83
27376
79
27686
78
27886
79
28107
32
28367
80
28547
73
28758
85
29028
84
29148
84
29358
79
29499
83
29689
84
29919
79
30150
32
30270
83
30500
79
31061
68
31231
68
31411
73
31692
70
32112
8
32243
83
32693
70
32773
65
32884
84
33004
84
33104
65
33274
32
33564
68
34215
69
34446
76
35097
76
35217
76
35437
65
35868
8
36268
8
36469
65
36759
32
37200
82
37480
73
37630
85
37831
83
37961
67
38241
73
38502
84
38602
65
38732
32
38912
68
39092
69
39213
76
39433
32
39643
80
39813
79
40014
76
40144
76
40304
79
40545
32
40785
65
41055
76
41286
32
41556
67
41866
85
42267
82
42407
82
42758
89
43088
32
43929
86
44030
69
44220
82
44410
68
44610
69
45061
188
45291
32
45782
83
46032
79
46233
80
46543
82
46653
65
46763
84
46884
84
47214
73
47214
85
47745
8
48226
8
48927
85
49187
84
49297
84
49537
79
49748
32
49938
69
50258
219
50469
32
50589
83
50739
84
50819
65
50919
84
51020
65
51230
32
51761
85
51931
78
52071
65
52121
32
52362
66
52472
69
52652
76
52772
76
52902
65
52982
32
53183
83
53363
69
53573
78
53894
83
54004
65
54224
90
54434
73
54575
79
54765
78
54855
69
54975
32
55466
81
55756
85
55847
69
55997
76
56127
76
56277
65
56407
32
56608
68
57669
73
57960
32
59902
83
60113
69
60193
78
60433
84
60754
73
61034
82
61134
69
61274
32
63588
68
63758
73
64078
32
64309
78
64579
85
64769
79
65040
86
65290
79
65500
32
65741
73
65961
32
69276
68
69466
69
69586
76
69787
73
70067
67
70147
65
70327
84
70628
73
70838
32
71169
83
71269
65
71559
80
71739
79
72050
82
72340
73
72581
32
72841
84
73011
72
73131
65
73242
73
73512
32
73872
68
74053
73
74333
32
74924
80
75114
69
75435
80
75575
69
75845
82
76066
79
76316
78
76626
67
76757
73
77027
78
77247
79
77458
32
77578
69
77678
32
77908
76
78028
65
78239
84
78329
84
78549
69
78669
32
78820
68
78950
73
79180
32
79390
67
79591
79
80091
67
80242
67
80402
79
81513
188
81764
32
82635
73
82805
78
82966
32
83266
70
83546
79
83777
78
84187
68
84277
79
84538
32
84868
78
85099
85
85279
79
85619
86
85990
73
86200
32
86400
77
86501
65
86601
32
86881
71
87121
73
87232
65
87392
219
87652
32
87953
70
88033
65
88263
77
88463
73
88634
76
88854
73
88954
65
89104
82
89375
73
89745
190
90046
13
92389
38
92539
38
92700
38
92890
38
93170
39
93360
39
93911
8
94372
69
94923
40
95103
40
95253
40
95423
40
96064
16
96335
86
96465
65
96575
66
96685
66
96825
69
97456
219
97747
190
97997
32
99129
37
99289
37
99439
37
99589
37
99770
37
99900
37
00050
37
00621
8
00741
16
01021
86
01452
40
01712
37
02093
40
02554
39
02734
39
02894
39
03064
39
03235
39
03405
39
03565
39
04537
32
04857
16
05358
16
05358
73
05558
78
05828
86
06029
69
06189
67
06289
69
06429
32
07220
76
07401
79
07691
32
07891
83
08182
84
08422
73
08753
67
09193
75
09984
89
10255
32
11046
82
11336
73
11587
67
11667
69
11797
32
12107
67
12408
79
12628
78
12808
32
12999
77
13139
65
13459
78
13730
71
13970
79
14160
32
14371
76
14491
65
14691
83
14871
67
15122
73
15212
65
15412
84
15853
8
16123
86
16233
65
16323
32
16964
85
17145
78
17295
32
17545
80
17685
79
17996
67
18226
72
18316
69
18467
84
18587
84
18827
79
19037
32
19118
65
19238
32
19448
68
19638
69
19849
83
20029
73
20379
68
20540
69
20690
82
20790
65
20910
82
21100
69
22462
188
22693
32
23384
83
23464
65
23694
80
23794
69
24095
86
24175
65
24295
32
24595
85
24766
78
24916
32
25176
80
25316
79
26158
219
26418
32
26598
68
26748
73
26939
32
27219
66
27500
82
27930
85
28281
67
28551
73
28631
65
28821
84
29072
73
29332
67
29452
67
29763
73
29933
79
32316
32
32457
69
32597
32
35922
8
36272
68
36763
32
36973
69
37183
82
37294
65
37464
32
37754
84
37915
82
38215
79
38495
80
38616
80
38786
79
39056
32
39547
80
39697
79
39947
67
40198
79
40398
32
40538
68
40679
79
41349
76
41620
67
41770
69
43963
190
44224
32
44334
16
44614
65
44804
32
45075
80
45235
65
45375
82
45535
84
45696
69
45816
32
46567
73
46767
76
46988
32
47228
70
47328
65
47428
84
47548
84
47789
79
48039
32
48239
67
48430
72
48540
69
48620
32
48810
77
48910
65
49101
78
50352
67
50463
65
50733
86
50823
65
50943
32
51214
73
51374
76
51594
32
51995
77
52095
65
52285
78
52676
71
52956
79
53257
32
53537
77
53637
65
53727
32
53958
78
54188
79
54388
78
54568
32
54849
69
54989
82
55089
65
55209
32
55410
81
55640
85
55740
69
55920
83
56031
84
56291
79
56491
32
56682
73
56822
76
57012
32
57232
80
57483
85
57703
78
57983
84
58224
79
58494
188
58704
32
58965
71
59195
73
59295
65
59796
67
59916
67
60146
72
60267
69
60657
219
60898
32
61118
76
61228
69
61328
32
61579
80
61679
69
61959
83
62169
67
62270
69
62640
72
63021
8
63531
8
64252
72
64323
69
64453
32
64863
69
65013
82
65114
65
65704
78
65925
79
66135
32
66385
80
66776
82
67056
79
67227
80
67507
82
67747
73
67868
79
68088
32
68268
66
68488
85
68679
79
68929
78
69109
73
69340
78
69600
69
69931
190
70561
32
72264
13
73456
16
73646
73
73846
78
74137
70
74397
73
74587
78
74717
69
74808
32
75068
85
75228
78
75398
32
75629
67
75879
79
76069
77
76220
77
76320
69
76440
78
76650
84
76871
79
77081
32
77341
83
77491
85
77712
76
77842
76
78052
219
78313
73
78633
78
79004
83
79144
65
79144
81
79845
76
79975
65
80195
84
80315
65
80486
32
80966
8
81097
8
81247
8
81397
8
81527
8
81667
8
82779
75
83180
8
83380
76
83490
65
83670
84
83750
65
83901
32
84542
68
84662
73
84892
32
85162
80
85293
65
85463
80
85593
65
86074
89
86174
65
86294
32
86524
83
86735
69
86845
78
87135
90
87245
65
87356
32
88037
80
88147
65
88507
89
88988
8
89549
80
89629
65
90190
89
90410
65
90540
32
91271
67
91572
79
91782
77
92153
8
92373
78
92563
32
93695
67
93885
65
93995
82
94276
79
94536
84
94626
69
94766
32
94927
69
95067
32
95257
69
96379
8
96929
77
97030
69
97370
76
97450
69
98071
16
98211
190
98512
32
99283
86
99543
69
99713
82
99814
65
00064
77
00144
69
00264
78
00505
84
00585
69
00695
32
01226
66
01496
85
01716
79
01997
78
02117
65
03038
190
03339
32
08676
16
09177
16
09207
16
09247
16
09277
16
09307
16
09457
8
09608
8
10619
190
10859
32
11010
16
11230
83
11460
84
11590
65
12161
8
13013
82
13103
65
13473
78
13573
65
13704
32
14555
78
14645
69
14785
76
15015
32
15136
83
15376
69
15466
78
15736
83
15907
79
16147
32
16528
66
16788
85
16958
79
17199
78
17439
79
17719
190
17940
32
18300
16
18520
77
18631
65
18751
32
19562
80
19792
79
20083
67
20193
65
20533
188
20774
32
20914
83
21114
73
21435
219
21705
32
21845
67
22256
8
22897
8
23067
8
23918
219
24149
32
24399
67
24529
79
24779
78
24950
32
25170
76
25260
69
25390
32
25771
68
25891
79
26492
83
26712
73
26933
32
27433
66
27914
73
28555
83
29156
79
30137
8
30277
8
30428
8
30568
8
31169
80
31269
69
31459
82
31539
32
31860
84
31940
65
32220
78
32511
84
32591
69
32721
32
33011
80
33111
69
34123
82
34433
83
34574
79
34814
78
34944
69
35224
32
35935
66
36186
73
36446
83
36586
79
36927
71
37137
78
37267
65
37408
32
38900
83
39120
69
39270
77
39521
80
39771
82
39851
69
40001
32
40542
82
40812
73
41163
70
41443
76
41534
69
41764
84
41904
84
42034
69
42134
82
42235
69
42415
32
43366
82
43647
73
44147
70
44458
76
44558
69
44768
84
44918
84
45009
69
45119
82
45229
69
45429
32
46190
82
46471
73
46761
70
47051
76
47192
69
47412
84
47532
84
47642
69
47732
82
47863
69
48654
190
48914
32
49154
16
49395
86
49615
69
49765
68
50096
82
50266
69
50907
77
51127
79
51478
190
52379
13
