81320
79
81570
71
81691
71
81911
73
82201
32
82622
78
82832
79
83043
78
83183
32
83413
72
83623
79
83894
32
84895
67
85186
79
85286
83
85406
73
85646
219
85907
32
86197
70
86428
82
86498
69
86678
84
86828
84
86908
65
87099
32
87409
67
87559
79
87679
83
87780
73
88030
219
88491
32
89742
8
89893
8
90043
8
90183
8
90343
8
90484
8
91395
8
91766
188
91966
32
92136
78
92236
69
92346
76
92547
32
92767
83
92987
69
93087
78
93228
83
93338
79
93538
32
93919
67
94109
72
94239
69
94299
32
94490
78
94690
79
94870
78
95020
32
95231
68
95461
69
95691
86
95932
79
96132
32
96242
65
96362
78
96663
68
96763
65
96873
82
97033
69
97324
32
98035
68
98095
65
98225
32
98496
78
98946
69
99187
83
99337
83
99587
85
99858
77
99988
65
00118
32
00468
8
00609
8
01320
8
01911
78
01991
65
02111
32
02381
80
02491
65
02712
82
02862
84
02972
69
03092
32
03333
70
03533
82
03733
65
03904
32
04204
85
04384
78
04535
32
04975
81
05105
85
05236
65
05616
82
05967
84
06257
79
06477
32
06718
68
07198
219
07459
79
07789
82
07889
65
08881
190
09091
32
09221
16
10614
8
11094
32
11224
16
11395
80
11635
73
11926
85
12176
84
12326
84
12586
79
12717
83
12917
84
13187
79
13408
32
13698
83
13838
73
14069
32
14179
65
14509
86
14650
86
14870
73
15431
67
15571
73
15801
78
15931
65
16012
32
16653
76
16903
219
17173
79
17504
82
17654
65
17734
32
17934
68
18105
69
18195
76
18435
32
18666
80
18946
82
19046
65
19427
78
19727
90
19877
79
20158
32
21380
69
21580
32
21780
67
21900
79
22121
77
22331
73
22531
78
23122
67
23363
73
23513
79
23753
32
23903
65
24144
68
24344
32
24434
65
24855
86
24945
69
25115
82
25195
69
25335
32
25596
85
26147
78
26277
65
26447
32
27098
67
27348
69
27519
82
28049
84
28160
65
28410
32
29151
70
29261
65
29402
32
29832
8
30453
77
30533
69
30643
32
31274
78
31384
69
32486
82
32666
65
34769
190
35000
32
35080
16
35320
69
35551
32
35721
81
35861
85
35971
69
36132
83
36232
84
36512
79
36762
32
37433
77
37644
73
37874
32
38104
80
38265
79
38505
84
39106
8
39376
82
39527
84
39717
69
39997
82
40107
69
40488
66
40628
66
40698
69
40818
32
40989
65
41059
32
41289
67
41530
79
41860
78
42231
67
42661
76
42922
85
43212
68
43362
69
43523
82
43643
69
43883
32
44173
76
44394
219
44584
69
44844
83
45135
80
45265
69
45596
82
45846
73
46056
77
46166
69
46297
78
46837
84
47118
79
47348
32
48250
80
48700
73
48860
85
49111
219
49351
32
49582
73
49762
78
49912
32
50172
84
50803
8
51154
70
51314
82
51434
69
51534
84
51665
84
51775
65
51915
32
52215
80
52376
79
52486
83
52666
83
53367
73
54469
66
54699
73
54899
76
55190
69
57343
190
57563
32
57694
16
58194
16
58234
16
58264
16
58305
16
58335
16
58365
16
58405
16
58435
16
58455
82
58765
73
59106
70
59466
76
59586
69
60968
84
61109
84
61209
69
61509
86
61760
79
61970
32
62110
83
62491
85
62741
76
62941
32
63192
70
63272
65
63402
84
63512
84
63823
79
64043
32
64283
67
64504
72
64604
69
64694
32
65665
70
65836
79
66126
82
66356
83
66547
69
66707
32
67148
78
67388
79
67588
78
67789
32
68319
70
68420
65
68770
67
68890
67
69121
73
69251
79
69551
32
70403
77
70543
65
70853
73
71154
32
71504
76
71755
219
71885
69
72095
83
72325
80
72466
69
72726
82
72946
73
73147
77
73257
69
73407
78
73667
84
73908
79
74128
32
74428
80
75099
82
75310
73
75550
77
75640
65
75750
32
76091
68
76361
73
76552
32
76802
80
77092
82
77243
65
77844
77
78324
8
78635
78
78835
90
79015
79
80558
188
80758
32
80888
67
81078
72
81379
73
81689
83
81799
83
81930
65
82250
219
82531
32
82871
83
83101
69
83202
32
83442
76
83542
65
83682
32
83943
66
84033
65
84233
84
84373
84
84644
73
84894
84
85144
85
85495
82
85605
65
86026
32
86256
78
86366
69
86476
32
87007
82
87288
73
87498
83
87728
69
87929
78
88199
84
88309
69
88810
190
89090
32
90943
16
91073
73
91454
69
91594
82
91884
73
92105
32
92365
72
92586
79
92806
32
93166
86
93277
73
93507
83
93687
84
93948
79
94188
32
94408
85
94588
78
94759
32
95039
70
95460
76
96051
77
96772
8
97012
8
97553
8
97943
67
98044
65
98214
82
98584
84
98865
79
99275
78
99396
69
99486
32
99716
65
00027
78
00267
73
00487
77
00617
65
00948
84
01228
79
01439
32
01899
66
02200
85
02470
70
02570
70
02861
79
03131
188
03612
8
03852
190
04103
32
04643
8
04784
8
05535
188
05725
32
05975
71
06146
65
06697
8
07418
73
07528
65
07648
80
07778
80
08018
79
08389
78
08489
69
08720
83
08920
69
10522
188
10712
32
10933
73
12485
83
12816
80
13056
73
13587
84
14298
8
15149
82
15249
65
15329
84
15640
79
15890
32
16761
65
16932
32
23552
77
23692
69
24623
8
24793
8
25034
16
25314
77
25915
69
26396
84
26586
82
26887
79
27027
80
27197
79
27497
76
27728
73
27858
83
28299
190
28579
32
28950
16
29230
73
29450
78
29581
32
29861
82
30011
69
30111
65
30462
76
30802
84
30893
65
31203
219
31483
32
31804
68
32044
69
32174
76
32305
76
32405
65
32555
32
32725
83
33076
84
33366
79
33637
82
33897
73
33977
65
34107
32
34247
68
34378
73
34588
32
34828
77
34989
69
35249
84
35419
82
35760
79
35990
80
36150
79
36551
76
36791
73
37132
32
37813
8
38103
83
38874
32
39245
82
39355
69
39776
83
40166
84
40256
65
40667
86
40767
65
40877
32
41238
80
41408
79
41839
67
42029
79
42450
188
42800
8
43011
16
43131
190
43451
32
43902
76
44062
79
44312
32
44443
83
44733
67
45264
73
45384
69
45524
78
45915
90
46215
73
46285
65
46506
84
46836
79
47087
32
47617
80
47698
65
48038
90
48178
90
48369
65
48759
32
49150
8
49290
8
49981
79
51333
32
51603
67
51804
72
51884
69
52034
32
52274
67
52585
79
53166
83
53396
84
53546
82
53837
85
54017
73
54458
83
54648
67
54768
69
54868
32
55139
73
55339
76
55559
32
55840
82
56130
79
56400
66
56651
79
56951
84
57202
32
57642
80
57873
69
58053
82
58273
70
58363
69
58504
82
58654
82
59135
8
59775
8
60587
84
60717
84
61007
79
61378
188
61608
32
67617
76
67717
69
67908
32
68408
68
68729
73
69039
70
69159
70
69360
69
69510
82
69670
69
70191
78
70461
90
70662
69
70892
32
71182
68
71563
73
71883
32
72494
67
72755
76
72835
65
73135
83
73266
83
73456
69
73706
32
74227
70
74397
82
74507
65
74688
32
75549
80
75699
79
76130
86
76200
69
76450
82
76751
73
76971
32
77191
78
77312
69
78704
73
78924
32
79134
76
79325
73
79615
86
79725
69
79905
76
80046
76
80236
73
80466
32
80667
66
80757
65
80987
83
81097
83
81418
73
81648
32
81748
69
81878
32
82429
73
82680
76
83050
32
84082
80
84192
65
84612
68
84813
82
85163
79
85424
78
85504
69
85734
32
86175
65
86415
32
86816
8
87156
73
87357
32
87577
76
87737
73
88158
86
88238
69
88438
76
88538
76
88729
73
88949
32
89229
65
89390
76
89700
84
90301
8
91483
84
91933
73
92925
188
93175
32
94958
73
95489
32
95709
76
95789
65
96110
66
96370
73
96781
82
97051
73
97271
78
97552
84
97802
73
98032
32
98143
68
98343
69
98613
73
98874
32
99354
66
99455
65
99715
83
99815
83
00146
73
01307
70
01638
79
01908
78
02229
68
02499
73
05794
188
06114
32
07727
8
07857
8
08208
190
08488
32
12684
16
12844
77
13025
65
13115
32
13455
78
13716
79
13926
78
14126
32
14487
67
14877
219
14958
69
15288
76
15749
8
16560
219
16820
32
17041
76
17101
65
17271
32
17441
16
17551
77
18012
82
18303
73
18403
65
19124
8
19294
8
19454
8
19625
65
20235
82
20496
73
20596
65
20956
188
21177
32
21327
65
22479
8
22619
8
23090
8
23420
32
23661
67
24512
8
25714
8
26184
188
26415
32
26515
81
26735
85
26805
69
28117
76
28257
76
28368
65
28498
32
28748
86
28848
69
28968
82
29109
65
29199
32
29419
69
29579
32
30230
81
30461
85
30861
69
31001
76
31122
76
31252
65
31432
32
32053
70
32143
65
32474
76
32774
83
32874
65
32994
32
33225
77
33315
65
33435
32
33766
83
33996
69
34306
88
34647
73
35238
190
35518
32
36239
16
36570
73
36760
78
36940
32
37060
67
37241
79
37431
77
37671
80
37902
69
38312
78
38473
83
38643
79
38863
32
39194
67
39865
219
39925
69
40045
219
40125
69
40496
32
40856
8
41187
8
41617
32
41918
81
42088
85
42208
69
42408
83
42559
84
42629
65
42809
32
43129
67
43350
82
43500
69
43620
65
43921
84
44181
85
44451
82
44542
65
44722
32
45383
80
45864
69
46224
82
46454
70
46515
69
46705
84
46845
84
46955
65
47186
32
47796
67
48047
72
48137
69
48257
32
48538
65
48858
83
49008
83
49199
79
49409
77
49619
73
50360
71
50631
76
50821
73
51232
65
51542
32
52113
80
52323
73
52483
85
52734
219
52954
32
53074
65
53204
76
53415
32
54026
8
54366
65
54887
8
55438
76
55518
65
55688
32
56059
82
56159
65
56630
71
56720
65
56960
90
57080
90
57190
65
57321
32
57521
68
57711
69
57861
76
58102
32
58372
81
58592
85
58763
73
58983
78
59394
84
59644
79
59844
32
59945
69
60075
76
60195
69
60355
77
60716
69
60946
78
61256
84
61517
79
61757
32
62178
67
62408
72
62538
69
62779
32
63590
65
63770
32
63910
16
64041
77
64171
65
64331
82
64591
73
64662
65
65002
190
65282
32
66034
8
66204
8
66314
8
66444
8
66594
8
66735
8
66885
8
67085
16
67516
77
67626
65
67806
82
68077
73
68147
65
68517
190
68778
32
69278
8
69419
8
69559
8
69709
8
69839
8
69979
8
70090
8
70290
16
70600
77
70901
65
71031
82
71291
73
71361
65
72073
190
72273
32
72363
16
72683
69
72904
32
73014
65
73154
76
73425
84
73575
82
73875
79
74126
32
75357
8
76649
8
76820
65
76980
32
77270
67
77531
79
77631
83
77811
65
77921
32
78342
66
78682
85
78963
70
79083
70
79413
65
80345
190
80846
8
81076
16
81577
16
81607
16
81647
16
81667
190
81937
32
82598
73
82799
32
83009
66
83239
85
83409
79
83620
78
83800
73
83980
32
84110
68
84351
69
84501
76
85072
65
85533
8
86003
76
86143
65
86314
32
86754
83
87556
84
87886
79
88166
82
88407
73
88547
65
88777
32
88958
68
89438
8
90039
83
90200
79
90480
78
90710
79
90921
32
91101
68
91291
85
91411
69
91511
32
94626
84
94947
73
95217
90
95447
73
95738
32
96238
67
96459
72
96529
69
96699
32
96960
86
97040
69
97240
78
97991
8
98342
71
98522
79
98782
78
99103
79
99333
32
99453
65
00064
8
00515
68
00605
65
00805
76
00815
75
01436
8
01997
32
02287
71
02668
8
03039
16
03329
71
03599
73
03670
65
04070
80
04200
80
04361
79
04641
78
04731
69
08006
32
08266
72
08347
69
08467
72
08547
69
08647
72
08717
69
08827
72
08947
69
