53775
86
53915
69
54005
78
54125
69
54296
82
54476
68
54786
73
55067
219
55297
32
55427
65
55598
86
56909
69
57751
8
58251
8
58282
8
58322
8
58352
8
58382
8
58422
8
58452
8
58492
8
58522
8
58552
8
58592
8
58622
8
58943
16
59273
86
59624
69
59774
78
59904
69
60154
82
60335
68
60675
73
60966
219
61206
32
61376
65
61997
86
62057
69
62257
86
62458
79
62668
32
62929
67
63079
79
63289
77
63519
73
63700
78
64120
67
64351
73
64431
65
64591
84
64821
79
65002
32
65102
65
65192
32
65412
70
65472
65
65613
82
65723
69
65953
32
66223
76
66454
219
66604
69
66834
83
67205
80
67335
69
67575
82
67886
73
68106
77
68206
69
68337
78
68637
84
68887
79
70129
32
70350
77
70420
65
70600
32
70790
16
70930
77
71111
65
71311
84
71431
84
71832
69
72152
79
72333
32
72493
77
72653
73
72853
32
73034
72
73124
65
73224
32
73414
73
73584
78
73815
84
73925
69
74035
82
74145
82
74396
79
74636
84
74746
84
74997
79
75347
188
75537
32
76078
67
76419
79
76699
83
76889
73
77150
219
77420
32
78552
72
78782
79
78983
32
79203
80
79493
82
79573
69
79704
70
79784
69
79904
82
80224
73
80475
84
80765
79
81026
32
81416
82
81677
73
81927
78
82167
85
82368
78
82648
86
83069
8
83359
67
83589
73
83710
65
83890
82
84010
69
84150
32
86674
69
86824
32
87045
67
87295
79
87425
83
87515
73
87736
219
87956
32
88186
79
88427
71
88537
71
88927
73
89278
32
89989
82
90780
8
91511
67
91642
69
91722
82
91962
67
92182
79
92373
32
92493
68
92613
73
92823
32
93324
82
93554
73
93715
80
93825
65
94025
82
94175
84
94456
73
94716
82
94806
69
94916
32
95127
68
95197
65
95317
32
95607
81
95758
85
95858
69
95998
76
96138
76
96288
79
96499
32
97761
67
98161
72
98231
69
98402
32
99073
83
99493
65
99603
84
00214
8
00365
8
00875
84
00965
65
02157
86
02378
79
02588
32
02868
68
03019
73
03279
67
03379
69
03670
78
03850
68
04020
79
04020
73
04230
32
04631
8
04801
8
05352
32
05572
86
05673
69
05813
78
05993
69
06434
82
06614
68
06944
73
07235
219
07736
190
09608
190
09769
190
12523
83
12843
73
13144
219
13444
32
13675
79
13975
82
14075
65
14185
32
14386
77
14546
73
14746
32
15047
82
15267
73
15487
67
15708
73
15978
82
16128
83
16589
8
16839
68
17210
8
17350
8
17510
8
18091
79
18552
82
18722
68
18882
73
19263
8
19924
79
20164
32
20455
83
20545
84
20685
65
22107
86
22368
79
22598
32
28296
8
28597
8
28747
8
28917
8
29068
8
29218
8
29889
69
30149
82
30390
79
30830
32
31251
8
31411
8
31541
8
31722
8
32513
82
32753
73
33003
70
33304
76
33424
69
33574
84
33684
84
33775
69
33945
86
34205
79
34446
32
35147
83
35317
85
35537
32
35647
81
35778
85
35918
65
36038
78
36298
84
36589
79
36819
32
36979
70
37090
79
37881
83
38031
83
38191
69
38402
32
39203
80
39393
73
39724
65
39854
67
40014
69
40184
86
40415
79
40585
76
40675
69
40825
32
41296
8
41797
8
41837
8
41867
8
41897
8
41937
8
41967
8
42007
8
42598
8
42788
8
44190
66
44270
69
44431
76
44611
76
44791
79
45112
32
45362
65
45582
86
45662
69
45833
82
45923
69
46163
32
47055
85
47215
78
47635
32
48477
66
48727
73
48957
71
49208
76
49398
73
49528
69
49658
84
49789
84
50049
79
50269
32
51581
73
51812
78
51972
32
52242
84
52372
65
53915
83
54065
67
54165
65
54285
32
54686
80
54816
69
54986
82
55097
32
55457
76
55918
219
56108
16
56238
79
56549
82
56789
73
56879
69
57029
78
57270
84
57370
69
57771
32
63840
8
64110
188
64300
32
64541
73
64741
78
64871
32
65092
80
65182
65
65372
82
65532
84
65763
73
66013
67
66263
79
66424
76
66544
65
66734
82
66884
69
67195
32
68306
80
68416
69
68597
82
68727
32
69017
16
69238
66
69428
65
69979
78
71952
71
72623
75
72783
79
72963
75
75317
188
75527
32
77130
83
77470
79
77640
80
77951
82
78061
65
78171
84
78311
84
78632
73
78992
8
79273
85
79513
84
79643
84
79884
79
80174
32
80665
80
80755
69
80935
82
81196
67
81396
72
81486
69
81777
219
82027
32
82227
73
82407
78
82568
32
83169
16
83279
79
83539
82
83749
73
84320
69
84451
78
84681
84
84791
69
84901
32
85282
78
85512
79
85712
78
85863
32
86013
67
86143
73
86333
32
86634
83
86874
79
87064
78
87255
79
87455
32
87645
77
87765
65
88366
73
88567
32
88897
82
89318
8
89438
83
89628
84
89698
65
89819
84
89989
65
90369
32
91171
69
91972
8
92963
8
93244
188
93424
32
93664
83
93774
79
93985
80
94305
82
94385
65
94486
84
94636
84
94876
85
95096
84
95217
84
95477
79
95737
32
96549
80
96659
69
96839
82
97150
67
97350
72
97470
69
97991
219
98271
32
01867
81
02047
85
02548
69
02888
83
03179
84
03559
219
03669
65
03850
77
03980
77
04360
8
04511
8
05762
78
05903
78
06103
79
06333
32
06564
76
06754
69
06874
32
07165
86
07265
65
07475
78
07735
67
07826
65
08897
8
09047
8
09208
8
10029
8
10530
8
10720
8
10890
8
11070
8
11691
68
11852
79
12022
80
12192
79
12482
32
13033
84
13304
85
13534
84
13664
84
13925
79
14135
32
14355
73
14526
76
14736
32
15016
68
15657
69
15817
76
16038
73
16488
82
16749
73
16909
79
17580
109
18131
89
18682
8
19012
84
19102
69
19303
83
19483
73
20204
32
21396
72
21626
79
21907
32
22127
66
22347
73
22508
83
22848
79
23138
71
23359
78
23559
79
23779
32
24220
68
24370
73
24591
32
24851
85
25031
78
25182
65
25782
8
26283
8
26313
8
26353
8
26383
8
26423
8
26453
8
26493
8
26524
8
26554
8
26594
8
26624
8
26654
8
26694
8
26724
8
26924
8
27094
8
27635
67
27856
72
27956
69
28076
32
31241
8
31381
8
31531
8
31932
8
32332
69
32502
32
32923
73
33093
76
33304
32
33454
68
33674
69
33824
76
34015
73
34576
82
34806
73
34946
79
35767
109
36088
67
36298
79
36569
78
36919
67
37169
79
37470
82
37690
83
37981
73
38221
32
41566
65
41756
86
41997
82
42307
79
42538
219
42798
32
43028
66
43269
73
43419
83
43719
79
44040
71
44260
78
44480
79
44490
73
44741
32
44901
68
45792
8
45943
8
46103
8
46824
32
47174
83
47475
80
47655
69
47795
67
48046
73
48156
65
48256
76
48506
77
48617
69
48747
78
48997
84
49087
69
49228
32
50459
68
50640
73
50850
32
51942
66
52032
69
54495
76
54656
76
54736
69
54916
32
55367
86
55447
65
55958
67
56058
65
56308
78
56639
90
56889
69
57981
32
58451
68
58572
73
58832
32
59423
81
59533
85
59663
69
59773
76
59894
76
60004
69
60144
32
60404
86
60494
65
60875
67
61025
65
61205
78
61496
90
61646
69
61746
32
62357
67
62568
72
62658
69
62788
32
67946
84
68186
73
68396
32
68627
70
68737
65
68887
78
69017
78
69207
79
69408
32
69588
83
69738
67
69989
79
70269
82
70469
68
70590
65
70720
82
70890
69
71180
32
78892
84
79162
85
79323
85
79533
84
79793
79
80014
32
80124
65
80274
78
80514
67
80725
72
80855
69
80945
32
81165
76
81276
65
81356
32
81566
80
81786
85
81997
78
82247
84
82467
69
82678
71
82808
71
83269
73
83419
65
83539
84
84000
85
84300
82
84400
65
84771
190
85081
32
85662
16
85892
69
86113
32
86243
83
86383
73
86654
219
86884
32
87004
83
87154
84
87495
65
87835
8
88627
65
88957
86
89197
79
89448
32
90529
8
90670
8
90820
8
91000
8
91160
8
91311
8
91992
83
92202
84
92282
65
92382
84
92913
8
93774
86
94015
79
94215
32
94425
78
94656
79
94926
84
95016
65
95226
78
95447
68
95567
79
95797
32
96008
67
96188
72
96318
69
96438
32
97560
69
97991
219
98211
32
98431
85
98611
78
98772
32
99052
80
99162
79
99353
219
99583
32
99713
67
99833
72
00024
69
00524
32
01135
78
01346
79
01536
78
01686
32
01856
77
01967
69
02147
84
02257
84
02517
79
02718
32
02988
85
03168
78
03319
32
03569
80
03809
85
04040
78
04370
84
04580
79
04811
32
05221
78
05432
69
05622
219
05852
32
06473
8
06974
8
07004
8
07034
8
07074
8
07104
8
07134
8
07174
8
07204
8
07244
8
07274
8
07305
8
07345
8
07375
8
07405
8
07445
8
08316
84
08406
69
09378
86
09618
79
09818
32
09999
85
10149
78
10289
32
10519
80
10710
85
10930
78
11160
84
11431
79
11671
32
12362
78
12462
69
12743
219
13003
32
13213
85
13374
78
13484
65
13574
32
13754
86
14005
73
14245
82
14455
71
14756
79
14936
76
15036
65
15307
188
15677
32
16538
69
16669
32
16899
67
17129
72
17340
73
17620
83
17740
83
17840
65
18091
48
18091
219
18311
32
18521
77
18621
65
18832
71
18932
65
19082
82
19423
73
19703
32
20344
8
20845
8
20875
8
20915
8
20945
8
20975
8
21015
8
21045
8
21075
8
21115
8
21886
219
22137
32
22357
77
22457
65
22678
71
22778
65
22998
82
23278
73
23479
32
23639
81
23789
85
23949
69
24180
83
24300
84
24550
79
24771
32
24951
78
25131
85
25301
79
25552
67
25652
69
25792
32
26954
65
27094
76
27234
76
27425
219
27605
69
27805
83
28246
80
28336
69
28576
82
28807
73
29017
77
29117
69
29237
78
29478
84
29738
79
30089
32
30479
69
30629
32
32612
68
33013
8
33153
8
33474
68
34235
32
34415
69
34786
219
35006
32
35236
76
35487
219
35757
85
35957
76
36218
84
36448
73
36648
77
36749
65
36859
32
37129
67
37390
79
37490
83
37680
65
37820
32
38221
67
38441
72
38441
74
38551
69
38661
32
39162
13
39162
8
39332
8
39533
8
39683
8
40264
69
40414
32
41025
86
41315
79
41606
71
41866
76
42077
73
42247
79
42537
32
43138
8
43679
16
44009
49
44500
32
44971
16
45251
69
45592
67
45712
67
45962
79
46153
32
46283
81
46393
85
46563
73
46834
32
48226
65
48376
78
48777
8
48927
8
49187
8
50169
188
50399
32
50579
67
51220
8
52052
65
52172
78
52412
67
52572
72
52713
69
52793
32
52993
85
53153
78
53293
32
53514
80
53744
85
53964
77
54515
8
55196
78
55467
84
55717
79
55937
32
56198
69
56458
83
56849
67
57119
76
57219
65
57460
77
57560
65
57800
84
58041
73
58311
86
58621
79
58631
73
59032
8
60154
188
60354
32
60795
65
60945
68
61115
69
61285
83
61416
83
61776
79
62077
32
62948
70
63208
79
63489
82
63659
83
63809
69
64050
32
64370
83
64761
84
65051
79
65241
32
65462
85
65612
78
65752
32
65962
80
66103
79
66293
219
66533
32
66814
69
67094
83
67314
65
67525
71
67655
69
68126
82
68276
65
68526
78
68747
68
68897
79
69197
32
69327
69
69778
8
70579
77
70649
65
70780
32
71000
69
71340
219
71591
32
71911
80
72182
85
72642
82
72853
32
73073
86
73153
69
73293
82
73564
79
73784
32
73974
67
74165
72
74275
69
74405
32
74896
78
75036
69
75166
76
75296
76
75397
69
75547
32
75947
69
76718
109
77600
77
77700
65
78121
73
78331
76
78762
32
79142
82
79272
69
79392
65
79583
76
79783
73
80023
32
80224
78
80294
69
80414
32
80684
85
80955
83
81115
79
81345
32
81576
85
81746
78
81926
32
82187
83
82467
65
82577
67
82707
67
83048
79
83679
32
84049
68
84180
73
84390
32
84650
80
84881
85
85041
78
85281
84
85492
73
85722
32
85842
69
86072
83
86743
67
87044
76
87134
65
87455
77
87555
69
87955
78
88496
84
88757
73
89528
8
89668
8
89828
8
89968
8
90900
65
91250
84
91501
73
91861
86
92132
73
94095
190
94435
32
95366
67
95617
73
95777
79
96248
32
96628
8
96758
8
97289
8
97450
8
98341
67
99002
73
99122
65
99633
79
99923
16
00324
49
