90540
69
91031
98
91161
98
91401
101
91822
110
92393
101
92883
44
93294
32
94155
104
94466
111
94616
32
94866
100
95016
101
95187
99
95507
105
95797
115
96158
111
96328
32
96659
99
96859
104
97159
101
97330
32
97470
102
97680
97
97870
114
98311
111
98692
39
98892
32
99122
108
99853
39
02127
34
02497
69
02677
83
03028
80
03338
69
03519
82
03869
73
04069
77
04340
69
04851
78
05241
8
05391
8
05542
8
05682
8
05812
8
05972
8
06112
8
06263
8
06433
8
06553
8
06713
8
07424
97
07595
32
07815
99
08145
111
08486
115
08656
97
08826
32
09297
40
09818
59
10459
8
10899
108
11130
39
11580
101
11771
115
12101
112
12412
101
12562
114
12862
105
13103
109
13423
101
13764
110
14054
116
14455
111
14705
41
14955
32
15556
97
15917
108
16127
109
16457
101
16808
110
18070
8
18991
110
19241
111
19422
32
19592
117
19772
110
20073
97
20233
32
21024
118
21344
111
21525
108
21785
116
22035
97
32541
8
32761
8
32991
8
33702
8
33913
8
39290
118
39681
111
39861
108
40152
116
40783
97
41434
13
42465
97
42645
32
42816
115
43597
101
43817
116
43947
116
44248
105
44448
109
44768
97
45149
110
45459
97
45900
46
46100
32
52510
67
52850
111
53161
115
53521
105
53681
32
53962
100
54412
111
54803
118
55033
114
55193
101
55534
105
55724
32
56165
102
56415
97
56626
114
56826
99
57036
101
57206
32
57507
107
58008
8
58018
61
58218
108
58538
97
58749
32
59209
8
59380
8
59540
8
59690
8
59840
8
60331
107
60691
8
60892
108
61182
97
61352
32
61553
105
61753
110
61893
32
62684
100
63365
117
63616
101
63796
32
64166
109
64437
101
64607
115
64898
105
65058
32
65619
109
65899
101
66179
122
66320
122
67461
111
67672
32
67892
40
68373
100
68683
105
68943
99
69184
101
69534
105
69694
32
69965
115
70385
101
70616
116
70756
116
71006
105
71217
109
71567
97
72008
110
73129
101
74121
13
75453
45
75743
32
80280
8
82373
99
86048
13
88902
117
89193
103
89533
117
89774
97
90114
108
90425
101
90595
32
91817
100
92508
117
92788
101
92968
32
93309
109
93619
101
93799
115
94150
105
94320
32
94571
101
94781
32
95081
109
95392
101
95642
122
95752
122
96203
111
98706
41
99518
46
99738
32
00028
67
00309
111
00579
110
00910
116
01140
97
01511
110
01771
100
02111
111
02262
32
02542
99
02772
104
03043
101
03233
32
03884
113
04525
117
04825
101
05006
115
05336
116
05807
97
05987
32
06227
101
06738
39
06948
32
07139
108
07509
97
07679
32
08230
115
08381
101
08591
99
08951
111
09212
110
09512
116
09763
97
09953
32
10413
118
10734
111
10904
108
11185
116
11886
100
12116
97
12306
32
12577
42
12967
8
13238
40
13518
115
13678
101
13878
99
14429
111
14680
110
15180
100
15381
32
15601
116
15982
105
16192
109
16502
101
17293
44
17484
32
17854
115
18185
105
18385
32
18836
100
19206
111
19216
105
20768
8
21019
8
22000
105
22291
120
22821
8
23122
99
23372
101
24183
13
25615
99
25896
111
26166
115
26547
105
27048
39
27678
63
28079
41
28289
32
28520
99
28760
104
29040
101
29231
32
29671
101
29862
115
30022
101
30603
103
30983
117
31594
111
31754
32
31925
105
32135
108
32335
32
34498
115
35249
112
35600
101
35780
114
36171
105
36361
109
36671
101
37062
110
37322
116
37663
111
37843
32
38023
40
38274
108
38484
105
38875
99
39095
101
39466
110
39756
122
39956
97
40136
32
41168
112
41388
111
42189
101
42410
116
42750
105
43051
99
43291
97
43702
41
43912
32
44523
100
44843
111
45314
118
45594
114
45805
101
46225
105
46506
32
47737
40
48048
65
48489
66
48619
66
48929
79
50221
78
51974
45
52865
13
53836
68
54057
65
54467
78
54778
84
54978
69
55949
77
56240
69
56751
78
58022
8
58994
78
59314
84
59515
69
60135
32
60486
91
61097
115
61507
111
61738
110
61988
111
62158
32
62409
97
62899
110
63230
100
63420
97
63781
116
64141
111
64311
32
64572
97
64742
32
64882
99
65103
97
65583
112
65794
111
65984
32
66244
98
66505
101
66925
110
67296
101
68568
93
69529
41
69819
32
70811
102
71031
97
74366
114
74977
99
75197
114
75718
8
76048
101
76399
108
76760
97
76940
32
78682
112
79654
114
80074
111
80505
8
80755
105
80946
109
81266
97
81476
32
81667
100
81847
101
82308
108
82438
108
82748
97
82948
32
83159
101
83339
115
83559
116
83569
114
86003
8
86964
97
87235
116
87445
101
88957
46
90199
13
97500
66
97850
111
98421
105
98711
97
98882
32
99342
102
99573
97
00063
117
00514
115
00684
115
01055
32
01696
40
02096
115
02407
105
02557
32
02837
115
03008
99
03348
105
03929
118
04169
101
04329
32
04490
99
04810
111
05411
115
05762
105
06322
63
06693
41
06893
32
08305
115
09016
8
09307
110
09527
111
09727
110
09887
32
10118
115
10408
111
10769
110
11029
111
11209
32
11550
110
11840
101
12591
112
12742
112
13032
117
13312
116
13773
8
14043
114
14234
101
14384
32
14574
97
15075
114
15225
114
15596
105
15876
118
16157
97
16447
116
16807
111
16958
32
17208
97
17398
32
17699
109
18009
101
18230
116
18480
97
18901
39
19131
32
19401
101
19561
32
20012
104
20373
111
23467
13
24429
102
24749
105
24959
110
25180
105
25450
116
25811
111
25991
32
27733
108
28074
101
28244
32
28444
99
28775
111
29095
115
29256
101
29416
32
29937
34
30307
110
30537
111
30748
110
30878
32
31128
116
31319
114
32510
111
32690
112
32841
112
33031
111
33201
32
33522
112
33872
101
34012
114
34513
115
34924
111
35214
110
35465
97
35475
115
35845
108
36055
105
36416
34
36636
32
37067
100
37267
97
37427
32
37658
100
42905
105
43947
114
44137
101
44327
32
44998
40
45299
99
45669
105
45850
111
46210
101
46741
39
46901
32
47181
115
47382
99
48213
105
48543
118
48814
101
48964
114
49134
101
49545
41
49845
32
50767
8
50937
8
51097
8
51257
8
51428
8
51598
8
51818
8
52499
114
52870
105
53180
118
53421
101
53581
114
54382
101
54772
41
54933
32
55193
101
56074
13
57096
98
57617
8
58708
100
58888
101
59349
98
59459
98
59810
111
60030
32
60921
40
61662
109
61993
101
62494
103
62774
108
62964
105
63125
111
63265
32
63555
100
63926
111
64406
8
65808
105
65979
32
66229
100
66389
101
66710
118
67461
111
67661
32
68913
8
69073
8
69243
8
69384
8
69554
8
70485
34
70906
100
71066
101
71667
118
72168
111
72688
34
72999
44
73189
32
73399
99
73710
111
74010
110
74381
99
74731
111
75012
114
75192
100
75633
105
76183
63
76734
41
77575
32
83734
97
83995
114
84135
114
84335
97
84806
110
85126
103
85457
105
85737
97
85968
114
86418
109
86639
105
86829
32
87039
97
87209
32
87450
116
87870
105
88161
114
88351
97
88551
114
88712
101
88862
32
89092
97
89232
32
89623
118
91115
8
91295
8
92107
118
92327
97
92717
110
93008
116
93579
105
93769
32
94640
13
95011
99
95311
111
95531
110
95692
32
95952
100
96122
101
96473
105
96653
32
96893
100
97334
105
98035
115
98466
116
99007
105
99377
110
99798
103
00098
117
00308
111
00499
32
00709
40
01230
116
02181
114
02391
97
02572
32
03854
118
04384
105
04645
114
05115
103
05426
111
05586
108
05917
101
06137
116
06287
116
06487
101
06928
41
07208
32
08530
8
09151
44
09351
32
09552
105
09792
110
10303
99
10623
105
11094
115
11975
105
15410
32
15751
40
16902
99
17243
104
17493
101
17664
32
17844
115
18204
112
18525
101
18695
114
19446
8
19616
8
19777
8
19927
8
20077
8
20237
8
20387
8
21369
104
21609
101
21789
32
22030
115
22571
112
22871
101
23031
114
23392
111
23522
32
23822
105
24083
110
24353
99
24694
105
24984
115
25495
105
27818
118
28149
105
28379
41
28579
32
34378
8
34929
44
35499
13
36190
101
36371
32
36581
97
36911
102
37052
102
37372
105
37602
110
37913
105
38133
32
39145
40
39465
102
39796
105
40016
110
40256
105
40426
32
40747
97
41077
32
41388
115
42099
8
42269
8
42419
8
42600
8
42780
8
43000
8
43190
8
43351
8
44242
102
44663
105
44953
110
45243
111
45394
32
45624
110
45914
111
46135
110
46295
32
46595
97
46776
32
46946
115
47116
101
47437
32
47747
115
48048
116
48238
101
48448
115
48578
115
48879
105
49049
32
49660
109
49970
97
50141
32
50581
97
50982
108
51152
32
51422
114
51933
105
52204
101
52714
109
52975
112
53195
105
53646
109
53946
101
54347
110
54777
116
55288
111
55438
32
55799
100
55979
101
56370
108
56540
32
57021
102
57381
111
57391
105
57922
103
58202
108
58423
105
58563
111
59684
8
59845
8
60025
8
60165
8
60315
8
61347
103
61717
108
61928
105
62108
111
62468
41
63670
46
63920
32
64421
86
64692
105
64972
115
65262
116
65683
111
66564
13
67386
99
67626
104
67916
101
68077
32
68397
112
69138
117
69438
114
69619
101
69769
32
70059
111
70340
103
70470
103
70730
105
70921
32
71121
109
71371
105
71532
32
71792
97
72152
118
72293
118
72563
105
72984
99
73304
105
73574
110
73855
111
74045
32
74275
97
74646
108
74796
108
75097
97
75267
32
76128
115
76549
111
76919
115
77330
112
77831
105
78121
114
78331
97
78602
116
78932
97
79163
32
80324
99
80655
111
81115
110
81366
99
81806
108
82037
117
82317
115
82678
105
82838
111
83128
110
83409
101
84030
44
84210
32
84931
99
85231
111
85482
110
85782
102
87755
8
87905
8
88065
8
88216
8
89027
103
89397
111
90088
110
90349
102
90819
105
91010
111
91170
32
91350
105
91561
108
92252
13
93013
112
93323
101
93744
116
93904
116
94405
111
94625
32
97519
112
97850
101
98010
114
98140
32
99021
100
99482
111
99792
118
00003
101
00163
114
00333
101
00483
32
00774
99
01174
111
01405
109
01705
112
02016
105
02256
117
02526
116
02837
111
03027
32
03838
100
04229
105
04529
32
04920
115
05511
117
06162
8
06472
97
06823
108
07073
117
07333
116
07704
111
07844
32
08395
101
08595
32
08846
97
09186
114
09316
114
09697
105
10177
118
10468
101
10698
100
10939
101
11149
100
11329
101
11489
114
11700
99
12170
105
12391
32
13122
40
13472
97
13773
114
13903
114
14323
105
14604
99
14834
101
17338
8
17528
8
18169
115
18329
101
18970
110
19251
116
19561
105
19841
114
20052
99
20432
105
20673
41
21284
46
22435
13
