29632
69
29843
99
29993
99
30424
111
30664
109
30874
105
31074
32
31325
114
31665
105
31946
116
32286
111
32657
101
34009
8
34620
114
35361
110
35671
97
35982
116
36402
111
36843
46
37053
32
37333
77
37654
97
37854
32
38155
112
38495
101
38655
114
38936
99
39266
104
39537
101
39987
39
40158
32
41109
110
41349
111
41600
110
41790
32
42261
101
43803
8
44434
109
44924
101
45155
116
45265
116
45856
105
46056
32
47929
117
48389
110
48580
32
48860
99
49251
111
49501
117
49721
110
50022
116
50242
101
50392
114
51534
32
52335
40
53377
101
53787
8
54218
100
54688
105
55269
103
55660
105
55940
116
56221
97
56751
122
57092
105
57262
111
57462
110
57783
105
58694
13
59415
88
59606
32
59836
97
60737
108
60877
108
61218
97
61388
32
61638
109
61989
101
62169
116
62460
97
63301
44
63491
32
63701
99
64092
105
64242
111
64703
101
65083
39
65244
32
65524
97
65925
108
66045
108
66375
97
66545
32
66756
102
67066
105
67277
110
67567
101
67737
32
67877
100
68028
101
68488
108
68628
108
68769
108
69019
101
69029
114
69209
32
70581
8
70742
8
70912
8
71062
8
71913
101
72093
32
72424
109
72744
101
72945
100
73826
101
74006
115
74317
105
74597
109
74938
101
76259
46
76430
46
76600
46
77001
32
77611
112
77812
111
78202
116
78433
114
78643
101
79234
98
79384
98
79634
101
79825
32
80005
100
80215
97
80445
114
80596
101
80776
32
80936
99
81267
111
81597
114
81817
97
82408
103
82559
103
82879
105
83039
111
85032
41
85673
44
85993
13
88397
108
88727
39
89328
105
89619
100
89799
101
90049
97
90390
32
91381
101
91872
39
92042
32
92363
110
92623
111
92893
110
93514
8
94476
116
94706
97
94906
32
95687
100
95898
97
96078
32
96999
116
97190
101
97640
109
97961
112
99723
111
99873
32
00044
105
00274
110
00454
32
00795
67
01045
83
01245
32
02097
40
02397
97
02838
110
03168
122
03559
105
03869
44
04049
32
04260
99
04590
111
04831
109
05131
112
05822
117
06162
116
06393
101
06533
114
06703
32
06984
115
07184
99
07625
105
07925
101
08306
110
08896
122
09557
8
09898
99
10158
101
11620
44
11811
32
12462
99
12762
111
13092
115
13543
105
14024
39
14284
13
15716
114
16057
105
16347
101
16738
109
17028
112
17038
91
17349
105
17539
111
17749
32
18390
117
18640
110
19562
39
19882
97
20253
108
20563
116
20793
114
21024
97
21234
32
21695
114
22005
105
22466
103
22736
97
23908
41
24399
46
24649
32
25430
67
25771
111
25991
109
26321
101
26502
32
26742
105
26972
110
27213
105
27463
110
27824
122
28164
105
28344
111
28995
32
29276
110
29536
111
29536
112
29796
110
29937
32
30137
112
30477
97
30708
114
30908
101
31068
32
31729
109
32050
111
32300
108
32681
116
33161
111
34063
32
34673
112
34994
114
35384
111
35595
109
35905
101
35915
119
36556
8
37588
116
37728
116
37928
101
38719
110
39100
121
39601
8
39951
116
40201
101
41373
46
41734
13
42825
84
43186
105
43376
32
43526
112
43917
97
44387
114
44568
116
45159
8
45389
108
45689
101
45850
114
46270
111
47011
39
47051
59
47252
32
47882
8
48043
8
48423
32
48804
97
49234
108
49375
108
49515
111
49815
114
50046
97
50246
32
50416
100
50556
101
50977
108
51107
108
51428
101
51648
32
51848
118
52099
97
52479
99
52699
97
53270
110
53571
122
54512
101
54712
32
55133
40
55473
109
56004
105
56305
101
56495
32
57036
101
57196
32
57636
111
57997
114
58177
32
59249
111
59609
114
59880
97
60120
32
61722
91
62093
115
62413
105
62614
32
62894
100
63214
105
63505
99
63735
101
63936
32
64076
99
64446
111
64857
115
65318
105
69283
39
69874
63
70705
93
72207
13
72668
116
72868
114
73109
97
73279
115
73770
99
74110
111
74391
114
74631
115
74801
101
75272
41
77124
46
77505
32
78236
83
78587
111
79077
110
79298
111
79508
32
80059
115
80359
116
80599
97
80850
116
81210
111
81401
32
81581
105
81791
110
81811
98
81981
32
82582
65
83023
110
83303
100
83524
97
83874
108
84105
117
84395
115
84735
105
85046
97
86558
44
86728
32
87219
100
87559
111
87840
118
88060
101
88250
32
89102
104
89372
111
89562
32
89853
97
90404
118
90774
105
91155
8
91415
117
91715
116
92156
111
92386
32
92617
105
92817
108
93057
32
93678
112
94009
105
94550
97
94810
99
95060
101
95251
114
95431
101
95621
32
95841
100
96242
105
96452
32
98345
13
99296
118
99627
111
00128
8
00378
105
00658
115
01079
105
01349
116
01610
97
01880
116
02080
114
02271
101
02491
32
03032
40
03362
115
03563
99
03863
117
04173
115
04374
97
04544
32
04744
115
04904
101
05085
32
05265
115
05646
111
05906
110
06166
111
06347
32
06927
118
07168
101
07308
114
07809
110
08159
8
08440
98
08680
111
09030
115
09421
111
09822
44
10042
32
10963
109
11294
97
11474
32
11784
118
12115
111
12305
108
12806
8
13186
103
13777
8
13947
8
14128
8
14889
100
15780
101
16121
118
16481
111
16631
32
16972
114
17372
105
17983
101
18384
112
18975
105
19285
116
19826
8
20166
114
20357
101
20557
32
21368
116
21618
117
21879
116
22680
111
22880
32
23421
8
23591
8
24172
116
24503
111
24653
32
24983
119
25384
8
25724
113
26836
117
27126
101
27317
115
27557
116
28028
111
28178
32
28428
100
28649
97
29049
110
29209
110
29490
97
29840
116
30141
105
30471
115
30631
115
30952
105
31262
109
31563
111
32344
13
33295
102
33586
111
33896
114
34387
109
34757
46
34908
46
35058
46
36009
41
38823
32
44612
67
45453
8
46624
77
46965
97
47335
108
47726
97
48267
103
48527
97
49208
44
49448
32
49829
82
50350
111
50861
110
51932
100
52212
97
53955
44
54165
32
54946
65
55217
114
55467
99
55938
111
56669
115
56949
115
57640
8
58632
32
58942
100
59112
101
59443
32
60494
108
61175
97
61376
32
63509
70
63709
114
64100
111
64420
110
64771
116
64991
101
66944
105
67244
114
67524
97
67715
32
68155
40
68476
115
68816
105
69007
32
69337
115
69567
99
70589
105
70899
118
71150
101
71340
32
71460
99
71761
111
72101
115
72482
105
73303
39
73703
63
73904
32
74535
66
74835
111
76047
104
77379
63
78931
8
80483
46
80623
46
80824
46
81745
41
82176
44
82446
13
88645
67
88975
97
89857
100
90227
105
90768
122
91018
32
92350
40
92741
99
93261
105
93492
111
93872
101
94303
39
94513
32
94914
67
95625
97
95895
100
96236
105
96747
99
97107
119
97518
8
97868
101
98309
41
99340
44
99541
32
00021
83
00211
101
00702
118
01003
105
01193
108
01383
105
01724
97
01964
32
02965
40
04387
99
04758
105
04938
111
05299
101
05940
39
06260
32
07262
83
07562
105
07893
118
08203
105
08543
103
08924
108
09144
105
09475
97
10116
41
11998
44
12309
32
14061
71
14292
114
14512
97
15013
110
15353
97
15554
100
15754
97
15984
32
16315
40
16895
99
17186
105
17376
111
17767
101
18297
39
18478
32
18968
71
19199
114
19419
97
19780
110
20100
97
20380
102
20901
8
21242
100
21492
97
21983
41
23235
44
23565
13
24506
67
24797
111
25097
114
25298
100
25638
105
26329
98
26639
97
26850
32
27130
40
27421
99
28572
105
29464
111
29794
101
30205
39
30425
32
30866
67
31146
111
31436
114
31667
100
32087
111
32418
98
32708
97
33169
41
40309
8
40750
111
44926
44
45196
32
45887
83
46087
97
46698
110
46899
32
47149
74
47429
111
48100
115
48281
101
48551
32
48861
40
49172
99
49472
105
49653
111
50003
101
50404
39
50574
32
50884
83
51045
97
51545
110
51736
32
51976
74
52246
111
52587
115
52737
101
53218
41
54319
46
54560
32
55401
8
55601
8
57143
44
57344
32
57634
67
57874
97
58145
114
58846
98
59106
111
59757
110
60108
101
60288
100
60498
97
61089
115
61349
32
62431
13
63352
40
63653
99
63983
111
64724
8
64975
105
65285
101
65826
39
66026
32
66867
8
67038
8
67208
8
68269
111
68560
101
68920
39
69101
32
69531
67
69802
97
70052
114
70653
98
70893
111
71164
110
71514
101
71844
100
72175
97
72455
115
73136
41
73377
32
74508
91
74879
108
75199
101
75400
32
75700
117
75920
108
76221
116
76561
105
76812
109
77222
101
77392
32
77573
100
77883
117
78174
101
78354
32
78604
112
78995
101
79155
114
79345
32
80627
105
80827
108
80958
32
81308
109
81659
97
81909
114
82099
101
82690
44
82870
32
83131
108
83651
101
83832
32
84142
112
84563
114
84743
101
84973
99
85184
101
85364
100
85564
101
85985
110
86255
116
86586
105
86806
32
87898
112
88278
101
88458
114
88879
13
89620
105
90071
32
90371
109
90601
111
92594
110
92855
117
93035
109
93325
101
93776
110
94096
116
94457
105
94637
32
95639
101
95859
32
96109
112
96450
101
96640
114
96820
32
97551
108
97842
101
98032
32
98252
84
98473
65
98783
80
99094
65
99334
83
01237
46
01497
32
02849
8
03019
8
04191
93
04812
46
05022
32
08657
69
08838
32
09278
112
09459
111
09679
105
10290
46
10440
46
10580
46
11361
32
11862
109
12172
97
12373
32
12853
110
13024
32
13554
99
14346
39
14696
101
15137
39
15317
32
15527
112
16058
105
16619
117
16799
32
17070
115
17400
112
17700
97
17891
122
18181
105
18351
111
22027
33
22197
33
22357
33
22517
33
22688
33
22868
33
23078
33
