52134
86
52414
79
52865
71
53206
76
53426
73
53816
65
56560
46
56831
32
57432
65
57952
110
58273
122
58623
105
58794
111
58984
32
59965
34
60456
86
60817
79
61147
71
61447
76
61648
73
62018
65
62529
34
63130
46
64071
32
64702
67
64993
104
65253
101
65413
32
65684
99
66064
111
66395
115
66605
97
66765
32
67226
118
67546
117
67757
111
69058
8
70030
111
70200
108
70561
100
70751
32
70901
100
71262
105
71582
114
71762
101
71973
32
75688
8
75868
8
76019
8
76159
8
76299
8
76449
8
76599
8
76930
32
77280
100
77611
105
77971
114
78112
101
78302
32
78682
34
79273
83
79464
101
79654
32
80064
111
80415
103
80555
103
80826
105
81086
32
81917
104
82187
97
82528
105
82688
32
82889
118
83179
111
83610
103
83930
108
84160
105
84491
97
84661
32
84851
100
85162
105
85332
32
85913
102
86163
97
86414
114
86624
101
89278
13
90159
108
90459
39
90800
101
90990
115
91331
112
91631
101
91801
114
92172
105
92362
109
92693
97
93113
110
93384
116
93844
111
94846
63
95146
34
95487
32
97770
40
98621
67
99983
99
00494
8
01175
104
01505
105
01866
101
02437
100
02747
111
02877
32
03218
97
03408
32
03659
109
03979
101
04149
32
04320
115
04550
116
04740
101
04970
115
05091
115
05481
111
05692
41
07604
8
08375
46
08906
41
09147
32
18640
68
18991
105
19271
99
19552
105
19822
97
20162
109
20403
111
20583
32
20823
99
21044
104
21344
101
21524
32
22947
105
23197
108
23357
32
23988
34
24389
115
24549
101
24959
109
25480
8
25741
110
26001
115
26321
111
26482
32
26712
100
26852
101
27183
108
27323
32
27804
100
28104
111
28444
118
29025
118
29286
101
29436
114
29606
101
34724
34
34914
13
35845
99
36166
111
36436
110
36616
32
40732
100
41453
117
41884
8
42054
8
42234
8
42375
8
42535
8
42665
8
43396
39
43807
8
44027
91
44398
99
44708
111
45059
110
45790
32
46731
100
46981
117
47292
101
47482
32
47883
34
48594
118
49185
34
51077
93
51288
32
51969
109
52189
105
52369
32
52629
115
52960
112
53200
105
53491
110
53911
103
54122
101
54292
32
54502
97
54682
32
55053
102
55263
97
55444
114
55804
108
56004
111
56605
46
56886
32
58608
65
58788
32
59039
112
59339
114
59760
111
59920
112
60060
111
60381
115
60871
105
61112
116
61422
111
61723
44
61893
32
62063
112
62263
111
62454
105
62594
32
63135
103
63435
108
63625
105
63746
32
63976
101
64166
115
64487
105
64777
116
65057
105
65208
32
65408
100
65779
105
66069
99
67271
8
67982
118
68202
101
68392
114
68492
114
68703
97
69143
110
69264
110
69504
111
69764
13
70886
112
71206
117
71667
98
71797
98
72058
108
72258
105
72518
99
73410
105
75162
63
75422
32
78888
73
79068
110
79248
32
79869
111
80179
103
80390
110
80650
105
80790
32
81011
99
81251
97
81391
115
81722
111
81862
32
82162
97
82513
108
82623
32
83234
8
83474
109
83694
111
83945
109
84285
101
84676
110
85006
116
85457
105
86889
8
87039
8
87200
8
87370
8
87510
8
87660
8
88001
8
88271
32
88882
109
89092
111
89353
109
89723
101
90054
110
90354
116
90645
111
90825
32
91045
104
91326
111
91466
32
91686
97
92067
108
92357
116
92557
114
92738
101
92928
32
93098
99
93389
111
93679
115
93849
101
93999
32
94270
112
94600
101
94771
114
94911
32
95151
108
95512
97
95712
32
95892
116
96092
101
96243
115
96463
116
96723
97
98496
46
98686
32
99087
116
99587
105
00459
8
00629
8
01450
84
02061
105
02432
13
03052
112
03333
97
03593
114
03954
108
04284
101
04875
114
05386
111
05686
39
05877
32
06137
100
06497
101
06858
105
07028
32
07249
109
07469
105
07749
101
08100
105
08260
32
08540
101
08691
115
09061
112
09382
101
09542
114
09902
105
10103
109
10413
101
10724
110
11004
116
11314
105
11485
32
21549
102
21860
105
22070
110
22360
101
22791
45
23152
115
24243
101
25625
116
25785
116
26156
105
26326
109
26647
97
26977
110
27308
97
27668
108
27878
105
28029
32
28259
99
28620
111
28850
110
29030
32
29220
105
29411
108
29541
32
30292
83
30652
117
31023
115
31624
104
32004
105
33196
47
34668
83
35079
117
35329
115
35509
99
35900
105
37172
13
38123
40
38404
108
38824
101
39295
8
39686
97
39896
32
40777
115
40967
101
41178
99
41538
111
41779
110
42199
100
42399
97
42580
32
42860
99
43110
104
43741
101
43892
32
44162
104
44432
111
44583
32
44803
115
45003
99
45414
114
45724
105
46025
116
46165
116
46455
111
46606
32
47267
115
47567
116
47797
97
47988
32
48218
97
48418
100
48568
32
49099
110
49380
100
49680
105
49970
99
50221
97
50471
114
50942
101
51132
32
51503
117
51733
110
52114
97
52314
32
53145
118
53385
97
54076
114
54357
105
54647
97
55018
110
55428
116
55669
101
55839
32
56570
105
56920
116
57151
97
57491
108
57682
105
57972
99
59484
97
60556
32
61187
100
61357
101
61918
108
63430
105
64001
8
64822
111
65723
8
66394
108
66574
111
66875
13
67756
115
68197
116
68397
101
68617
115
68768
115
69088
105
70761
8
71381
111
71702
44
71872
32
72183
99
72463
111
72743
115
73104
105
73995
39
74185
32
74626
110
74887
105
75357
8
75567
111
75758
109
76048
97
76329
116
76579
97
76789
32
77580
100
77801
97
78001
32
78922
117
79814
110
80024
32
80875
114
81236
105
81486
109
82257
97
82688
110
84300
8
84470
8
84681
8
85282
110
85572
111
85772
109
86103
97
86754
116
87034
111
87214
32
87775
99
88226
117
88426
111
88807
99
89177
111
89327
32
89828
100
90189
105
90349
32
90549
110
90960
8
91200
98
91511
97
92141
114
92552
8
92712
8
92893
8
93624
66
93924
97
94174
114
94535
105
94755
32
95066
105
95266
108
95396
32
95687
99
96007
117
96257
110
96428
32
96738
110
96999
111
97209
32
98921
8
99492
109
99783
101
99953
32
00223
111
00504
114
00704
32
01104
110
01345
111
01575
110
01735
32
01876
109
02106
105
02887
13
03638
115
03999
111
04309
118
04459
118
04770
105
05060
101
05601
110
05901
101
06312
41
06823
46
07053
32
12561
68
12741
97
12942
32
13402
103
13783
105
14053
97
14514
39
14724
32
15265
116
15836
8
16276
118
16647
8
16917
99
17248
105
17438
32
17658
115
17999
111
18259
110
18520
111
18740
44
18890
32
19251
101
19431
115
19641
116
19842
101
20222
109
20483
112
20663
111
20923
114
21133
97
21464
110
21744
101
21905
97
22265
109
22586
101
22936
110
23196
116
23427
101
23587
32
23757
100
24048
105
24208
32
24568
115
24749
101
26902
103
27222
110
27553
97
27893
108
28084
111
28254
32
29175
117
29415
110
29586
32
29976
114
30237
101
30427
102
30777
117
31038
115
31408
111
31669
44
31829
32
32069
97
32490
108
32620
108
32951
97
33592
13
34343
112
34653
97
34883
114
35244
111
35404
108
35735
97
35885
32
37016
50
38248
32
40311
100
40692
117
40862
32
41373
8
41543
8
42484
117
42855
8
43075
105
43255
32
43556
113
43906
117
44217
101
44497
115
44888
116
45168
111
45339
32
45559
115
45749
99
45979
114
46310
105
46620
116
46741
116
47101
111
47331
32
47912
8
49044
58
49224
32
49645
116
49795
114
50005
97
50416
116
50566
116
50806
97
50967
115
51267
105
51427
32
51878
100
52218
105
52369
32
52819
97
53310
8
53801
34
54502
97
54902
110
55193
122
55553
105
57767
34
57997
32
58498
101
58668
32
58938
110
59199
111
59389
110
59609
32
59900
100
60220
105
60390
32
61021
34
61542
65
61963
110
62263
122
62614
105
62794
111
67521
34
70625
8
71066
97
74431
46
75733
13
79378
86
79598
101
79758
100
80029
111
80179
32
80399
99
80610
104
80850
101
81010
32
81631
109
81952
97
82402
110
82733
99
82993
97
83474
110
83764
111
83924
32
84255
52
84435
32
84826
114
85316
105
85687
103
85937
106
86498
8
86809
104
87099
101
87369
32
88271
99
88591
105
89192
114
90113
99
90374
97
90834
32
91325
8
91666
44
91816
32
92126
113
92457
117
92627
105
92867
110
93138
100
93428
105
93448
111
93618
32
94059
118
94279
101
94450
100
94710
114
95061
111
95231
32
95451
100
95782
105
95942
32
96152
99
96493
111
97654
110
97925
99
98245
108
98495
117
98786
100
98956
101
99156
114
99166
101
99367
32
99577
99
99908
111
00128
110
00288
32
00468
117
00959
8
03122
105
03342
108
05436
8
05556
8
06247
103
06527
108
06737
105
06998
13
08069
101
08240
115
08610
112
08951
101
09121
114
09481
105
09672
109
09982
101
10333
110
10623
116
10994
105
11134
32
11354
99
11675
117
11955
108
12165
105
12416
110
12726
97
13006
114
13447
105
14038
58
14258
32
16652
114
17012
105
17303
99
17523
101
17723
116
17843
116
18064
97
18284
32
18454
100
18625
101
18985
108
19145
32
19526
83
19866
117
20117
115
20317
99
20768
104
21018
105
23361
32
24303
40
25715
8
25955
8
26816
44
26977
32
27267
115
27598
111
27758
108
27918
111
28078
32
28309
99
28509
104
28759
101
33316
44
33496
32
33706
105
33927
110
34347
118
34578
101
34788
99
35018
101
35209
32
35369
100
35539
101
36220
108
38143
32
39275
112
39615
101
39835
99
41898
8
42649
115
42860
99
43120
101
43320
32
44262
99
44462
114
44803
117
45053
115
45494
8
45824
100
46165
111
46926
13
48288
115
48598
105
48768
32
48918
117
49399
115
49589
97
49750
32
50280
112
50881
101
51142
115
51352
99
51652
101
51923
32
54226
115
54446
99
54797
111
55107
116
55248
116
55468
97
55758
116
56189
111
56379
32
56590
105
56790
110
56940
32
57221
97
57811
99
58072
113
58412
117
58713
97
58893
32
59304
98
59574
111
59774
108
59884
108
60225
101
60455
116
60595
116
61106
101
61306
32
62468
40
62809
112
62979
111
63269
99
63580
111
64461
32
65603
109
65833
105
65993
32
66254
114
66454
97
66694
99
66824
99
67135
111
67365
109
67696
97
68076
110
68337
116
68747
111
68958
41
70079
46
70249
46
70390
46
71281
13
77890
67
78151
114
78551
101
78742
100
79072
111
79302
32
79613
100
79943
105
80094
32
80324
97
80584
118
80805
101
80975
114
81125
32
81365
102
81686
105
81886
110
82087
105
82357
116
82767
111
83288
46
83458
46
83609
46
84580
32
85261
108
85451
111
85592
32
85892
115
86333
112
86673
97
86853
122
87164
105
87334
111
88145
46
