37431
78
37672
111
37892
110
38052
32
38303
101
38673
39
38884
32
39114
99
39344
104
39605
101
39755
32
40045
111
40336
103
40466
103
40686
105
40836
32
41628
97
42078
98
42188
98
42439
105
42759
97
42939
32
43170
118
43490
111
43771
103
44141
108
44361
105
44782
97
44992
32
46475
8
46855
46
46985
46
47136
46
47686
32
48407
115
48738
111
48908
108
49088
111
49239
32
49469
99
49739
104
50050
101
50240
32
50460
109
50681
105
50851
32
51101
114
51432
105
51692
116
51912
101
52263
110
52513
103
52864
111
53014
32
53264
109
53555
111
54716
8
54867
8
55648
34
55978
109
56279
111
56629
114
56830
97
57160
108
57370
109
57681
101
58011
110
58322
116
58522
101
58973
34
59153
32
61016
13
63990
105
64190
109
64411
112
64761
101
65212
103
65452
110
65803
97
66133
116
66494
111
66674
32
66914
40
67335
117
67525
110
67835
97
68016
32
68316
112
68677
114
68837
101
69298
109
69608
101
69838
115
69959
115
70409
97
70579
32
70780
101
71220
39
71401
32
71641
117
71861
110
72042
32
72753
8
73313
97
73494
32
73744
112
74044
114
74465
111
74675
109
75026
101
75316
115
75467
115
75657
97
75917
32
76879
91
77399
99
77720
111
77940
109
78251
101
78391
32
78571
115
78922
105
79102
32
79332
100
79653
105
79943
99
80163
101
80334
32
80584
105
80794
110
80954
32
82146
73
82387
110
82977
103
83298
108
83648
101
83839
115
84019
101
84710
63
86663
13
87985
115
90258
8
91059
83
91410
105
91580
32
91840
102
92241
8
92541
100
92852
105
93192
99
93433
101
93583
32
93843
105
94053
110
94244
32
94504
73
94734
110
95085
103
95596
108
95926
101
96096
115
96277
101
97298
62
97749
8
98670
63
99031
32
00292
34
00673
73
00953
110
01244
103
01624
108
02065
101
02355
115
02526
101
03117
34
03367
32
04318
8
05129
44
05380
32
05871
99
06191
111
06411
109
06722
101
06872
32
07253
108
07473
105
08174
110
08675
103
08925
117
09215
97
09406
32
10187
118
10818
117
11018
111
11178
108
11489
101
11659
32
12140
108
12490
97
12680
32
14834
34
15154
73
15715
34
16836
32
20442
40
20912
99
21253
105
21413
111
21703
101
22184
39
22374
32
22555
108
22895
97
23917
13
25279
34
25689
105
26761
32
27091
109
27412
97
28243
105
29314
117
29585
115
30056
99
30486
108
30686
111
31257
8
31618
97
32309
34
34542
8
34702
8
34832
8
35423
8
36365
99
36705
111
36865
108
37166
97
37797
34
38267
63
38808
41
41102
93
42263
41
48122
46
48372
32
49744
79
50125
112
50766
115
50906
115
51517
46
51667
46
51807
46
52158
32
52758
104
53109
111
53279
32
53690
118
53980
105
54281
115
54631
116
54942
111
55092
32
55482
117
55683
110
55823
32
59819
34
60500
116
60650
121
60970
112
61311
101
61521
115
62152
34
62913
8
63113
8
63254
8
64355
111
64656
115
65166
34
65487
58
66008
32
66288
100
66689
8
66999
115
67289
111
67550
115
67820
116
68131
105
68401
116
68732
117
68932
105
69743
8
69903
8
70033
8
70184
8
70324
8
70454
8
70594
8
70755
8
72687
39
73589
8
74270
115
74560
111
74850
115
75161
116
75541
105
75822
116
76222
117
76393
105
76673
114
76843
101
77004
32
77264
108
77604
97
77775
32
78115
112
78476
114
78816
105
79006
109
79337
97
80048
13
80919
111
81240
99
81370
99
81740
111
82061
114
82211
114
82562
101
83072
110
83343
122
83563
97
83733
32
84875
100
85255
111
85616
8
85866
105
86017
32
86527
34
86858
112
87218
114
87379
101
87729
109
88060
101
88360
115
88510
115
88680
97
89361
34
90103
32
90954
105
91615
110
91795
32
92186
113
92566
117
92867
101
93037
115
93337
116
93658
111
93828
32
94108
116
94319
101
94489
115
94950
111
95100
32
96221
99
96552
111
96762
110
96922
32
97333
34
97673
112
98004
114
98364
111
98575
109
98915
101
99106
115
99226
115
99686
111
00237
34
02410
8
02601
8
03372
97
03953
34
04343
46
04583
32
05545
79
05855
114
06046
97
06206
32
07217
102
07448
97
07628
32
08179
112
08619
105
08810
117
09811
13
10582
115
10742
101
11363
110
11644
115
12024
111
12485
44
12645
32
12926
110
13216
101
13597
118
13697
118
13917
101
14067
114
14538
111
15109
63
16511
32
18924
91
19785
67
20106
111
20326
109
20657
101
20817
32
20967
100
21458
105
21848
99
22079
101
22479
118
22800
97
22980
32
24192
114
24372
101
24522
32
27717
71
28057
105
28208
111
28518
114
29039
103
29399
105
29560
111
30140
44
30341
32
30671
113
31182
117
31482
101
31893
108
32003
108
32173
111
32354
32
33255
112
33616
97
33816
122
33956
122
34327
111
34517
32
36720
40
37261
112
37481
111
37681
105
37922
32
38272
114
38623
105
38933
110
39274
115
39434
97
39774
118
40125
105
40385
116
40746
111
41327
41
41988
13
43540
100
43720
101
44131
108
44281
32
44722
102
45102
105
45282
108
45613
109
47746
46
47896
46
48036
46
49599
8
49759
8
49869
8
50240
32
50931
40
51271
111
51451
32
51732
100
51942
101
52533
8
52903
111
53795
118
54085
114
54225
101
54576
105
54716
32
54926
100
55267
105
55557
114
55738
101
55888
32
56058
100
56208
101
56639
108
56749
108
57100
97
57270
32
57841
34
58131
112
58882
8
59052
8
59183
8
59323
8
59473
8
59623
8
59763
8
59904
8
60585
34
61225
100
61386
101
61776
108
61896
108
62237
97
62427
32
62688
112
62988
101
63379
108
63509
108
63839
97
64280
108
64480
105
64741
99
65081
111
65241
108
65572
97
66683
34
67835
41
75696
93
76568
46
76778
32
77119
67
77449
111
77679
109
77940
105
78240
8
78490
117
78691
110
79101
113
79462
117
79712
101
80393
44
80604
32
80884
97
81064
32
81315
112
81625
114
81795
101
81956
115
82176
99
82546
105
82767
110
83117
100
83307
101
83468
114
83608
101
83778
32
83898
100
84079
97
84449
108
84559
108
84920
97
85110
32
85621
13
86542
109
86772
105
87043
97
87203
32
87774
110
88245
97
88725
116
89326
117
89597
114
89817
97
90157
108
90448
101
90648
32
91760
116
91950
101
92300
110
92551
100
93042
101
93492
110
93783
122
93963
97
94153
32
94414
97
94664
32
02015
100
02405
105
02686
98
03847
8
04488
99
05349
8
07282
118
07543
97
08083
103
08334
97
08584
114
08764
101
10166
44
10337
32
10517
111
10867
103
10988
103
11268
105
11428
32
12019
97
12340
118
12820
114
12980
101
13501
105
13641
32
13822
112
14102
117
14433
114
14593
101
14743
32
15083
117
15304
110
15434
32
15714
97
16075
114
16756
111
17557
109
17868
101
18208
110
18488
116
20141
111
20321
32
20902
100
21282
111
21883
8
22715
105
22865
32
23135
99
23476
111
23766
110
24227
118
24467
101
24587
114
24778
115
24968
97
28172
32
31147
8
33560
8
33730
8
33901
8
34672
13
37856
8
39970
13
41772
8
42233
8
42383
8
42543
8
42683
8
42824
8
42974
8
43114
8
43254
8
43635
13
44626
99
44967
111
45558
110
46559
118
46799
101
46960
114
47150
115
47330
97
47581
122
47941
105
48081
111
48272
110
48592
101
49133
58
49403
32
50395
76
50705
65
50915
32
51106
86
51356
65
51586
82
51937
73
52227
67
52428
69
52868
76
52978
76
53780
65
56363
46
56624
32
59648
8
59818
8
60169
32
61310
91
61741
115
62072
112
62422
101
62582
114
62883
111
63063
32
63924
110
64155
111
64355
110
64505
32
64725
115
65026
105
65306
97
65466
32
65707
116
65867
114
66278
111
66488
112
66638
112
66738
112
66898
111
67199
32
69713
8
69873
8
70003
8
70784
111
70954
32
71075
112
71415
101
71555
114
71746
115
72126
111
72396
110
72677
97
73027
108
73358
101
74119
93
75441
46
76953
32
77294
67
77504
101
77644
114
77814
116
78295
111
78565
13
79377
99
79657
104
79917
101
80108
32
81490
112
81790
101
81930
114
82080
32
82361
111
82781
103
82932
103
83222
105
83382
32
83593
40
83813
112
84194
101
84334
114
84484
32
84734
113
85095
117
85385
101
85566
115
85826
116
86076
97
86247
32
87118
115
87288
101
87538
116
87659
116
88109
105
88299
109
88610
97
89051
110
89651
97
90202
41
90393
32
90923
115
91254
111
91544
110
91805
111
91965
32
92085
112
92456
114
92676
97
92876
116
93187
105
93727
99
93968
97
94278
109
94589
101
94959
110
95209
116
95420
101
95580
32
95800
114
96181
105
96692
117
96962
115
97202
99
97593
105
97833
116
98104
111
98254
32
98534
97
98725
32
99496
13
00387
115
00818
116
01348
102
01579
97
01969
110
02380
103
02620
97
02951
114
03381
108
03742
97
05064
8
05244
8
05394
8
05554
8
05695
8
05845
8
05995
8
06115
8
06265
8
06987
102
07197
97
07597
110
07988
103
08248
97
08479
114
08839
108
09250
97
10842
44
11123
32
12074
113
12705
117
12855
105
13206
110
13436
100
13746
105
13897
32
14107
101
14477
39
14678
32
14858
109
15158
101
15499
104
15889
8
16150
103
16390
108
16580
105
16761
111
16921
32
17552
115
17712
101
17892
32
18734
109
18954
105
19114
32
19374
116
19585
101
20166
110
20416
103
20877
111
21037
32
21237
108
21608
39
21958
97
22229
114
23050
111
23260
109
23520
101
23861
110
24121
116
24782
111
25043
32
26425
118
26685
97
29008
8
29159
8
29780
86
30050
65
30310
82
30681
73
30961
67
31192
69
31612
76
31742
76
32083
65
32423
32
33044
112
33375
101
33525
114
33675
32
34056
108
34476
97
35107
13
36119
112
36549
114
36900
111
37220
115
37351
115
37631
105
38212
118
38632
8
40125
109
40405
97
40585
32
41316
118
41587
111
41747
108
42057
114
42458
8
42748
116
43009
97
43259
32
43970
40
44291
108
44651
101
45032
103
45152
103
45452
105
45622
32
48346
115
50770
101
51040
116
51161
116
51481
105
51671
109
51982
97
52392
110
52703
97
53894
41
56528
46
56799
32
58671
67
59202
114
61215
101
61395
100
61726
111
61846
32
61976
112
62287
114
62757
111
62928
112
63308
114
63629
105
63919
111
65021
44
65201
32
65882
100
66252
105
66503
32
66933
97
67795
8
67955
8
68115
8
68265
8
68375
8
68506
8
69387
46
69527
46
69657
46
71230
32
71430
100
71770
105
71941
32
72191
97
72471
118
72722
101
72922
114
73473
99
73683
101
74074
108
74434
97
74634
32
75556
102
75786
97
76117
116
76267
116
76607
97
78921
13
81134
13
81294
13
81444
13
81595
13
81735
13
81885
13
82045
13
82185
13
82336
13
82486
13
83447
8
83607
8
83758
8
83908
8
84048
8
84218
8
84379
8
84559
8
84709
8
85170
8
88294
8
90487
33
90638
33
90788
33
91639
13
