63785
85
64105
69
64285
83
64576
84
66298
79
67220
32
67921
68
68141
65
68612
78
68752
78
69092
65
69423
84
69853
79
70034
32
70835
70
71145
79
71496
82
71946
77
72127
32
72627
83
72808
69
73439
77
74380
66
74891
82
75251
65
75421
32
75732
70
76032
73
76413
8
76693
85
76884
78
77314
90
77665
73
77835
79
78025
78
78406
65
78796
82
78947
69
79167
32
79517
16
79577
77
79918
69
80379
71
80709
76
80949
73
81260
79
81490
32
82502
16
82782
57
83783
79
83994
32
20436
65
20857
76
21057
77
21368
69
23190
8
23340
8
23501
8
23651
8
24602
190
24752
190
24893
190
25664
16
25784
48
25994
32
26134
16
26655
16
26685
16
26715
16
26745
16
26785
16
26815
16
26845
16
26875
16
26916
16
26946
16
26976
16
27006
16
27046
16
27076
16
27106
16
27136
16
27176
16
27206
16
27236
16
27266
16
27296
16
27336
16
27446
8
27596
8
28558
32
29099
16
29609
16
29649
16
29679
16
29710
16
29740
16
29780
16
29810
16
29840
16
29870
16
29910
16
29940
16
29970
16
30000
16
30040
16
30070
16
30100
16
30130
16
30160
16
30200
16
30230
16
30260
16
30290
16
30330
16
30360
16
30391
16
30421
16
30461
16
30491
16
30521
16
30551
16
30591
16
30621
16
30651
16
30681
16
30721
16
30751
16
30781
16
30811
16
30851
16
30881
16
30911
16
30941
16
30981
16
31011
16
31041
16
31071
16
31102
16
31142
16
31172
16
31202
16
31232
16
31272
16
31302
16
31332
16
31362
16
31402
16
31432
16
31462
16
31492
16
31532
16
31562
16
31592
16
31622
16
31662
16
31692
16
31722
16
31752
16
31793
16
31823
16
31853
16
31883
16
31923
16
31953
16
31983
16
32013
16
32043
16
32083
16
32113
16
32143
16
32173
16
32213
16
32243
16
32273
16
32303
16
32343
16
32373
16
32403
16
32433
16
32474
16
32504
16
32534
16
32564
16
32604
16
32634
16
32664
16
32694
16
32734
16
32764
16
32794
16
32824
16
32864
16
32894
16
32924
16
32954
16
32984
16
33024
16
33054
16
33084
16
33114
16
33154
16
33185
16
33215
16
33245
16
33285
16
33315
16
33345
16
33375
192
35237
16
35748
16
35778
16
35808
16
35848
16
35878
16
35908
16
35938
16
35979
16
36009
16
36039
16
36069
16
36109
16
36139
16
36169
16
36199
16
36239
16
36269
16
36299
16
36329
16
36369
16
36399
16
36429
16
36459
16
36499
16
36529
16
36559
16
36589
16
36629
16
36660
16
36690
16
36720
16
36750
16
36790
16
36820
16
36850
16
36880
16
36920
16
36950
16
36980
16
37010
16
37050
16
37080
16
37110
16
37140
16
37180
16
37210
16
37240
16
37270
16
37310
16
37341
16
37371
16
37401
16
37441
16
37471
16
37501
16
37531
16
37561
16
37601
16
37631
16
37661
16
37691
16
37731
16
37761
16
37791
16
37821
16
37861
16
37891
16
37921
16
37951
16
37991
16
38021
16
38052
16
38082
16
38142
51
38973
16
39484
16
39514
16
39554
16
39584
16
39614
16
39644
16
39684
16
39714
16
39744
16
39764
50
40785
16
41296
16
41326
16
41366
16
41396
16
41426
16
41466
16
41496
16
41527
16
41557
16
41597
16
41627
16
41657
16
41667
49
41897
49
43269
32
43690
16
44050
73
44301
78
44641
84
44861
69
45042
82
45172
82
45693
85
45993
80
46614
84
47515
16
48036
16
48066
16
48096
16
48106
186
48306
32
48607
83
49438
82
49959
8
50339
69
50840
73
52062
13
52883
67
53213
79
53484
77
53874
80
54255
65
54515
82
54685
84
55266
8
55597
83
55917
79
56118
32
56548
84
56919
85
57109
32
57540
83
57770
84
57990
69
58180
83
58281
83
58641
79
58851
32
59262
77
59593
69
59763
68
59943
69
60143
83
60484
73
60744
78
61245
8
61505
77
61736
79
61936
32
62326
68
62627
73
62807
32
63128
80
63528
69
63688
82
63899
83
64289
79
64780
78
65130
65
65411
32
65811
69
67594
32
68475
72
68806
65
69176
73
69347
32
69647
82
70158
8
71059
65
71409
82
71540
82
71890
73
72211
83
72611
80
72781
79
73172
83
73683
84
74003
79
74204
32
74364
16
74444
57
74794
67
75155
79
75806
8
76066
73
76367
69
76757
222
76947
32
77228
82
77518
73
77809
83
78129
80
78329
79
78670
83
78980
84
79451
79
79711
16
79721
48
79982
32
81103
65
81544
76
81684
76
82025
65
82215
32
82525
77
82766
73
83096
65
83297
32
83487
68
83847
79
84218
77
84558
65
85039
78
85490
68
85720
65
87473
16
87983
16
88023
16
88053
16
88083
16
88114
16
88144
16
88184
16
88214
16
88224
49
88384
49
88544
49
88694
49
90287
32
90657
189
90877
32
91178
16
91308
79
91639
75
92189
188
92370
32
92860
16
92940
78
93191
79
93431
78
93641
32
93882
69
94042
82
94272
65
94443
32
94853
85
95043
78
95364
65
95534
32
95875
71
96105
82
96345
65
96776
78
96976
32
97267
82
97577
73
97938
83
98328
80
98528
79
98919
83
99149
84
99390
65
02584
188
04277
32
04577
16
04787
67
05118
79
05358
77
05719
85
05949
78
08543
16
08743
81
09274
85
09805
82
10636
8
10836
8
10996
8
11137
8
11297
8
11457
8
11697
8
12829
8
13490
67
13820
79
14051
77
14341
85
14552
78
14962
81
15333
85
15673
69
15934
32
16254
69
16534
82
16775
65
16945
32
17185
85
17396
78
17706
65
17886
32
18617
8
18798
8
18968
8
19108
8
19388
16
19679
85
19899
78
20260
65
20450
32
21151
82
21431
73
21762
83
22172
80
22383
79
22743
83
22994
84
23314
65
26889
188
27070
32
27450
65
27891
78
28442
67
28702
72
29022
69
29223
32
29493
83
31686
73
32157
67
32648
85
32888
84
33529
8
33849
82
34070
65
34480
77
34801
69
35171
78
35532
84
35742
69
35922
32
36403
78
36693
79
36934
78
37134
32
38616
16
38877
76
39257
65
39537
32
41090
82
41440
73
41741
83
42101
80
42281
79
42602
83
42852
84
43123
65
44264
188
44495
32
45146
77
45456
65
45706
32
45997
80
46437
79
46598
73
46968
188
47539
32
48250
73
48560
78
48751
32
48951
71
49181
69
49542
78
49862
69
50013
82
50243
65
50583
76
50944
69
51134
32
51985
67
52566
222
53097
69
53478
222
53718
32
54038
16
54158
76
54549
65
54759
32
55100
82
55480
73
55771
83
56131
80
56312
79
56592
83
56852
84
57143
65
58705
188
58885
32
59456
65
59666
32
59917
67
60678
79
61018
83
61189
65
61960
188
62190
32
63722
65
63953
32
64403
86
64994
8
65345
67
65545
72
65795
73
66516
188
66697
32
67117
81
67468
85
67798
65
68259
78
68549
68
68940
79
69470
188
69681
32
70412
80
70812
69
71033
82
71293
67
71634
72
71884
69
72415
222
73667
188
74998
190
75149
190
75399
190
76020
32
76591
69
77312
66
77442
66
77722
69
78093
78
78433
69
78944
188
79124
32
79375
68
79685
73
79976
82
80386
73
80556
32
81107
68
81438
73
81628
32
81938
78
82790
79
83851
188
84041
32
84292
78
84512
79
84752
78
84933
32
85443
67
85804
222
86185
69
86866
222
87066
32
87276
78
87577
69
87947
80
88057
80
88318
85
89219
82
89399
69
89569
32
89810
16
90030
85
90250
78
90601
65
90901
32
91793
82
92143
73
92464
83
92794
80
92974
79
93355
83
93615
84
93926
65
95588
190
95778
190
95969
190
96449
190
97100
190
01206
8
02258
8
02718
32
03109
16
03459
67
03760
79
04130
77
04461
85
04671
78
05022
81
05803
85
06123
69
06924
188
07115
32
07445
83
07766
85
07996
76
08146
32
08427
83
08607
69
08817
82
09218
73
09398
79
09768
188
09949
32
10189
80
10720
69
10950
82
11551
8
11731
8
12322
8
12703
79
13193
82
13444
65
13634
32
13874
16
13974
68
14285
79
14555
86
14826
82
14986
69
15356
66
15487
66
15917
69
16057
69
16268
32
16518
69
16728
83
16879
83
17039
69
17219
82
17369
69
17570
32
17790
70
18140
73
18341
78
18571
73
18852
84
19122
65
19482
32
20614
49
20794
49
20965
49
21595
32
22146
83
22577
73
22757
73
22927
73
24109
32
24750
49
24930
49
25100
49
25281
49
26082
49
29046
32
29787
190
