21722
73
22433
78
22723
83
23134
79
23384
77
23495
77
23895
65
24696
44
24887
32
25838
105
25998
111
26168
32
26649
110
26920
111
27080
32
27390
115
27751
111
27921
32
28051
112
28292
105
28522
117
29033
39
29674
32
29884
99
30204
111
30425
109
30735
101
30925
32
31196
100
31656
105
31937
114
32357
108
32528
111
32698
32
32928
40
33359
115
33549
99
33800
114
34180
105
34441
118
34681
101
34841
114
35232
108
39838
111
42703
44
42883
32
43233
97
43694
110
44105
122
44535
105
44665
32
45166
34
45467
108
45797
101
46178
103
46328
103
46608
105
46779
32
47089
115
47299
99
47540
114
47900
105
48181
118
48421
101
48551
114
49002
108
49192
111
49553
41
50474
8
51896
34
52847
41
54049
44
54350
13
59717
73
59958
78
60238
84
60579
69
60849
82
60999
82
61500
85
61770
80
62121
84
62341
32
62762
45
62952
32
64725
108
65095
97
65275
32
65636
116
65856
101
65997
114
66808
122
66958
97
67128
32
67419
112
67769
97
68019
114
68400
111
68570
108
68921
97
71785
100
72206
105
72376
32
72706
119
73237
8
73608
113
74118
117
74439
101
75010
115
75280
116
75480
101
75631
32
78114
8
78725
8
79356
97
79546
32
79997
110
80267
111
80548
116
80768
97
80938
32
81209
40
81840
99
82160
105
82591
8
82841
111
83081
110
83352
116
83802
105
84143
110
84343
117
84604
105
85084
97
85505
109
85735
111
85896
32
86166
97
86346
32
86567
99
87107
104
87318
105
87618
97
87929
109
88239
97
88800
114
89130
108
89481
97
89661
32
89811
99
90172
111
91133
8
91954
8
92125
8
92325
8
93216
101
93587
13
93927
99
94208
111
94498
115
94859
105
95349
39
99245
41
99495
32
00777
101
00978
114
01228
97
01478
32
03621
34
04122
110
04393
111
04643
110
05033
34
05234
32
05574
101
05724
32
06185
110
06476
111
06756
110
06936
32
07257
34
07737
110
08048
111
08569
34
09360
44
09600
32
19515
73
19775
78
20005
79
20155
76
20486
84
20726
82
20907
69
21067
32
21477
108
21848
97
22038
32
22439
116
22629
101
22799
114
23040
122
23230
97
23380
32
23981
112
24342
97
24692
114
25063
111
25243
108
25543
97
25734
32
26024
102
26425
8
26755
100
27046
105
27216
32
28137
113
28588
117
28858
101
29048
115
29529
116
29840
111
30010
32
30601
105
30851
110
31121
116
31352
101
31572
114
31682
114
32353
117
32604
112
33144
116
35979
13
37040
40
37381
97
37871
110
38272
122
38612
105
38763
32
39133
34
39474
73
39724
78
40085
84
40315
69
40515
82
40645
82
41026
85
41326
80
41677
84
42238
34
43620
41
43910
32
46374
100
48737
8
50590
101
51131
39
51301
32
51551
108
51932
97
52132
32
53474
99
53774
111
54225
110
54676
99
54906
97
55447
116
56078
101
56438
110
56709
97
56879
122
57199
105
57380
111
57600
110
57901
101
58091
32
58281
100
58662
105
58832
32
59122
100
59423
117
59723
101
59943
32
60364
112
60374
91
60685
97
61045
114
61366
111
61596
108
61946
101
62117
32
62347
100
62647
105
62918
115
63198
116
63569
105
63839
110
64130
116
64350
101
64881
58
65071
32
65942
34
66253
112
71761
97
72201
112
73453
8
74395
114
74795
111
74955
108
75716
97
76367
58
76848
8
77109
34
77729
13
78511
101
78681
32
79732
34
80243
100
80784
105
81285
34
83388
32
84189
45
84439
32
85270
70
85631
73
85851
78
86152
69
86322
32
86582
73
86803
78
87103
84
87323
69
87504
82
87634
82
88024
85
88305
80
88766
84
01274
32
03607
115
03747
101
03988
99
04298
111
04599
110
04899
100
05250
111
05460
32
05670
109
05971
101
06161
32
06682
108
07042
101
07232
32
07663
49
08274
48
09225
47
11218
32
11869
41
12430
8
12710
40
13151
49
13301
49
14683
8
14864
8
15044
8
15565
8
15735
8
16025
32
17487
40
17908
49
19891
49
21023
63
21243
32
21603
113
21914
117
22214
97
22705
98
23116
8
23556
100
23747
101
23937
32
24528
8
24698
8
25259
8
25719
116
25920
101
26100
32
26290
97
26531
99
26671
99
26981
105
27161
112
27392
105
27682
99
28564
104
28814
105
29174
97
30136
8
30306
8
30466
8
31318
99
31658
104
31868
105
32199
97
32359
32
32519
115
32890
111
33170
110
33431
111
34883
32
37106
13
39249
108
39630
101
39810
32
40040
118
40341
111
40511
108
40821
116
41142
101
46279
8
46440
8
46600
8
46740
8
46860
8
47020
8
47792
41
48012
32
49073
118
49344
111
49494
108
49764
116
49955
101
50115
32
50315
99
50546
104
50836
101
51006
32
51207
100
51527
101
51978
118
52288
111
52418
32
52889
102
53139
97
53360
114
53510
101
53680
32
54241
99
54902
111
55242
100
55413
101
55593
115
55843
116
56394
111
56604
32
57516
40
57756
112
58127
101
58297
114
58497
99
58768
104
59048
101
59479
39
59679
32
59949
101
60130
32
60460
112
60730
105
60951
117
61562
39
61762
32
62333
118
62593
105
63014
99
63344
105
63585
110
63845
111
65377
32
65928
97
66138
32
66349
116
66549
101
66709
32
66879
99
67110
104
67380
101
67540
32
68181
109
68532
101
68942
41
70605
13
73659
40
74030
101
74561
41
74971
115
75372
112
75852
101
76013
114
76433
105
76644
109
76964
101
77345
110
77755
116
78126
111
98325
32
01139
100
01460
111
01770
118
02041
114
02211
101
02551
98
02692
98
02952
101
03122
114
03763
111
04054
32
04394
40
04835
111
05145
115
05345
101
05776
114
05936
101
06307
105
06487
32
06818
100
07218
105
07669
101
07869
32
09852
83
10183
79
10463
78
10733
79
11034
44
11184
32
11504
68
11685
69
12035
86
12346
79
12686
78
13467
79
13998
44
14218
32
15721
86
16201
79
16482
71
16772
76
17043
73
17263
79
17483
32
17984
67
18234
72
18565
69
19406
13
20898
69
21559
83
21709
83
21900
69
22080
32
22460
83
22781
73
23051
65
23572
78
23832
79
24173
44
24343
32
24694
70
25014
79
25325
82
25515
84
25895
73
26196
83
26326
83
26637
73
26817
77
27127
65
27468
78
27758
84
27998
69
28169
32
28559
86
28870
79
29180
71
29471
76
29721
73
29901
79
30402
46
30562
46
30672
46
31644
32
32625
76
32876
39
33406
69
33577
82
34468
66
34738
65
34909
32
35109
86
35469
79
35720
71
36020
76
36220
73
36371
79
36511
32
36751
78
37192
78
37322
32
37562
67
38133
39
38564
69
38834
32
39185
78
39465
101
41017
8
41188
8
41338
8
41989
39
43932
78
44212
69
44553
80
44683
80
45133
85
45454
82
46886
46
47046
46
47206
46
49340
13
49720
76
49920
79
50081
32
50381
83
50571
65
50862
73
51052
32
51302
67
51613
73
52584
8
53285
79
53606
83
53786
65
53936
32
55699
85
55909
79
56089
73
56360
32
57001
8
57171
8
57321
8
57441
8
58032
80
58433
85
58693
79
58884
73
59014
32
59494
70
59735
65
59915
82
60125
67
60456
73
60636
32
60967
67
61297
79
61547
78
61738
32
61948
76
62339
65
62499
32
62759
84
63220
85
63520
82
63691
32
63991
69
64722
82
65273
66
65563
65
65744
32
66404
86
68928
46
69088
46
69739
46
70571
41
70811
32
80836
114
85552
32
97430
79
01696
101
01886
115
02016
115
02177
101
02357
114
02557
101
02697
32
03218
40
03629
100
03829
97
04039
32
04550
117
04760
110
04921
32
05211
112
05532
101
05772
122
05882
122
06283
111
07715
41
10869
13
12231
116
12442
114
12682
97
12852
115
13083
99
13403
111
13874
114
14064
115
14234
101
14955
46
15176
32
17179
72
17469
97
17649
32
17920
112
18070
111
18330
99
18661
111
18811
32
19091
100
19312
97
19502
32
19832
100
20153
105
20423
114
20593
101
20764
32
21495
77
21845
97
22166
116
22306
116
22496
101
22847
111
23037
32
23307
99
23538
104
23808
101
23998
32
24219
115
24950
101
25150
32
25441
108
25641
111
25831
32
26061
102
26302
97
26552
99
26692
99
26993
105
27133
111
27303
32
27654
117
27864
110
28165
97
28365
32
28625
118
28966
111
29126
108
29446
116
29697
97
29877
32
30027
97
30338
108
30498
32
30688
109
31359
101
31519
115
31690
101
31890
32
33182
13
34113
97
34504
108
34654
108
34804
111
35115
114
35365
97
35555
32
35776
99
36246
105
36417
32
36627
109
36967
101
37158
116
37288
116
37688
111
37869
32
41694
117
41915
110
42075
32
42405
97
43026
110
43176
110
43517
111
43837
32
03464
40
03975
97
04536
110
04876
122
05517
105
05758
32
06679
116
07019
117
07360
116
07480
116
08031
111
28992
8
29162
8
29312
8
29442
8
29542
8
29662
8
30183
32
30874
112
31095
105
31285
117
31715
39
31886
32
32186
100
32487
105
32647
32
32877
97
33338
110
33468
110
33839
111
35571
44
35731
32
36002
99
36352
111
36643
110
36993
116
37254
97
38115
110
38435
100
38826
111
39166
44
39317
32
39667
97
40198
110
40568
122
40959
105
41129
32
41480
101
41700
115
41910
99
42281
108
42611
117
44604
100
44785
101
45125
110
45696
100
46066
111
47789
44
48149
13
55100
78
55480
97
55951
116
56181
97
56532
108
56872
101
57052
32
57203
101
57363
32
58084
80
58485
97
58695
115
59125
113
59586
117
59967
97
18162
44
18853
8
19994
46
20144
46
20325
46
20845
32
21496
99
21957
111
22328
110
22838
116
23089
97
23559
110
23830
100
24180
111
24361
32
24461
111
24651
32
24961
101
25152
115
25382
99
25863
108
26193
117
26514
100
26674
101
27385
110
27856
100
28386
111
30449
63
30670
32
31561
102
31801
97
32182
105
32332
32
32603
116
33264
117
34445
46
34595
46
34756
46
38551
41
39493
46
39703
32
40474
70
40865
73
41135
78
41486
69
42167
33
42347
33
42507
33
42667
33
42827
33
42978
33
