15319
65
15509
32
15740
99
16070
111
16391
115
16671
116
17062
111
17222
32
17482
100
17923
8
18894
114
19485
105
19666
112
20066
101
21658
116
21869
101
22009
114
22500
109
22750
105
23401
58
23641
32
24432
86
24723
79
24993
71
25334
76
25574
73
25895
65
26345
46
27417
8
29370
46
29540
46
29730
46
30181
32
31092
99
31363
104
31663
101
31833
32
31983
99
32284
111
32644
115
32845
32
33596
118
34517
117
34717
111
34868
108
35869
32
36059
100
36450
105
36770
114
36921
101
37101
32
37421
118
37752
111
38162
103
38483
108
38723
105
39464
97
40045
46
40736
32
41347
67
41678
111
41898
109
42228
101
42429
32
42749
115
45583
105
46204
13
47897
102
48177
97
48818
47
51091
112
51612
117
51862
111
52283
39
52513
32
53615
97
54186
118
54456
101
54626
114
54827
101
55017
32
55768
86
56089
79
56599
71
56890
76
57080
73
57370
65
58082
44
58232
32
58452
105
58662
110
58813
32
61126
113
61677
117
62067
101
62348
115
62728
116
63169
111
63359
32
63740
97
65292
115
65442
115
65943
117
66203
114
66404
100
66734
111
66864
32
67165
101
67325
32
67635
105
68216
114
68367
114
68497
114
68697
101
68917
97
69278
108
69668
101
69889
32
72002
8
72172
8
72322
8
72473
8
72603
8
72723
8
73554
101
73734
97
74065
108
74415
101
74596
32
74806
103
75016
114
75307
105
75827
103
76118
117
76478
8
76709
105
76849
111
77179
114
77370
101
79292
32
80194
91
81696
115
82858
116
83559
111
83949
13
85011
112
85371
97
85622
114
86002
108
86343
97
86874
110
87134
100
87504
111
87675
32
87965
102
88416
8
88706
100
88866
101
89177
108
89337
32
89587
116
89788
101
90168
109
90459
112
90639
111
90889
44
91080
32
91410
113
91761
117
92021
101
92351
108
92492
108
92682
111
92892
32
93263
97
93543
116
94074
109
94344
105
95987
8
96778
105
97128
8
97359
111
97739
115
98260
102
98480
101
98651
114
99001
105
01054
99
01455
111
03558
93
05981
58
06142
32
06472
100
07824
105
08004
32
08255
102
08485
97
08775
116
08936
116
09216
111
09386
32
09637
101
10047
39
10228
32
10498
103
10949
105
11259
97
11870
39
12070
32
16076
65
16527
117
16757
116
17218
117
17478
110
17608
110
17899
111
19671
46
20072
13
22165
69
23036
32
24639
97
25360
32
25540
109
27473
101
28274
44
28464
32
28725
105
29235
110
29375
32
29736
97
30287
117
30647
116
30998
117
31318
110
31479
110
31769
8
31939
8
32089
8
32260
8
32470
8
33261
8
33652
65
34002
117
34313
116
34673
117
34954
110
35114
110
35344
111
35554
32
35865
118
36115
105
36406
101
36786
110
37107
101
37297
32
38769
115
39140
111
39420
110
39590
110
39871
111
40341
44
40552
32
40852
101
41063
32
42294
102
42825
117
43326
103
43456
103
43726
101
43887
32
44167
108
44568
97
44758
32
47332
8
47482
8
48273
39
48664
101
49094
110
49655
116
50566
117
50857
115
51177
105
51488
97
51648
115
52079
109
52599
111
53130
44
53350
32
53711
101
53921
32
54172
105
54382
108
54562
32
55614
100
55784
101
56004
115
56345
105
57076
100
57496
101
57667
114
58137
105
58338
111
59179
13
59930
100
60240
105
60411
32
60661
114
60811
101
61192
110
61532
100
61713
101
61883
114
62073
101
62354
32
64697
8
64887
8
65628
109
65869
105
66019
32
66289
117
66990
116
67301
105
67471
108
67751
105
68012
32
68312
101
68533
32
68953
116
69334
117
69604
116
69754
116
70005
105
70145
32
70525
113
73750
117
74091
101
74491
105
74661
32
74932
115
75082
101
75483
110
75733
116
76074
105
76334
109
76624
101
77045
110
77355
116
77836
105
78026
32
78357
101
78537
32
80480
97
81501
115
82283
112
82513
105
82863
114
83114
97
83294
122
83655
105
83825
111
84045
110
84286
105
84466
32
84716
99
84946
104
85227
101
85407
32
86729
102
86979
97
87560
110
87721
110
87961
111
88191
32
88672
108
88972
39
89553
117
89764
111
89994
109
90244
111
90444
32
90805
103
91035
114
91266
97
91706
110
92007
100
92197
101
92437
32
93409
13
12266
8
12777
111
16182
8
16843
101
36432
103
36672
114
37563
97
37894
100
38454
101
38635
32
41980
8
42160
8
42510
8
43512
110
43953
100
44113
101
44293
32
44483
101
44664
32
44864
100
45034
101
45304
103
45595
110
45915
115
45925
97
46106
32
46356
100
47287
8
47458
8
47618
8
47768
8
47928
8
48950
110
49260
97
49441
32
49611
100
49951
105
50121
32
50462
101
50682
115
50813
115
50963
101
51143
114
51283
101
51463
32
51674
118
51974
105
52305
115
52425
115
52785
117
53066
116
53316
97
53476
32
53757
108
54117
97
54308
32
54528
118
54858
105
55139
116
55379
97
55940
46
56180
46
56661
46
57052
32
58774
40
59816
115
60106
116
60457
111
60607
32
60747
108
61087
101
61368
103
61478
103
61728
101
62299
110
62590
100
62930
111
63100
32
63761
115
64202
117
64462
108
64593
108
64973
97
65554
8
65724
8
65854
8
66005
8
66145
8
67196
34
67657
83
68058
117
68308
108
68438
108
68829
97
69330
13
71312
115
71573
116
71803
114
72043
97
72244
100
72484
97
73085
34
73716
44
73966
32
80626
99
80856
101
81287
108
81627
101
81998
98
82278
101
82469
114
82589
114
82989
105
83340
110
83741
8
84011
109
84261
111
84472
32
84792
114
85193
111
85453
109
85814
97
86645
110
86965
122
87566
111
87796
32
91271
100
91452
101
97941
8
98101
8
98272
8
99223
44
99433
32
99604
109
99984
97
00415
110
00645
105
01056
102
01246
101
01406
115
01707
114
02167
8
02488
116
02788
111
02949
32
03199
100
03369
101
04310
108
04451
108
04811
97
05022
32
07505
98
07816
101
08036
97
08587
116
10359
32
11181
40
11841
115
12162
112
12492
101
12653
114
12973
111
13173
32
13444
115
13714
105
14225
97
14415
32
14515
115
14726
99
15056
105
15337
116
15457
116
15787
111
16628
13
21746
114
23979
13
28876
98
29157
101
29587
110
29888
101
30318
41
30539
32
31200
103
31440
101
31891
110
32181
101
32331
114
32542
97
32802
116
33163
105
33313
111
33814
110
34344
44
34555
32
38460
101
38701
32
41314
110
41625
101
42116
108
42246
108
42436
111
42636
32
42967
115
43167
99
43397
114
43708
105
44038
118
44289
101
44469
114
44609
101
44790
32
45551
113
45971
117
46262
101
46432
115
46672
116
46883
101
47043
32
47594
110
47854
111
48325
116
48555
101
49787
32
50508
40
50848
115
51139
105
51329
32
51569
102
51830
97
52020
32
52691
112
53001
101
53192
114
53332
32
53923
100
54313
105
54634
114
54824
101
55916
41
58019
32
58740
109
58960
105
59251
13
60092
115
60422
111
60683
110
60963
111
61123
32
61244
108
61594
97
61864
99
62776
105
63096
97
63477
116
63877
111
64028
32
64278
117
64889
110
65079
32
65490
112
65710
111
66091
99
66381
111
66611
32
66942
97
67533
110
67883
100
68083
97
68374
114
68544
101
68985
41
69486
46
69916
32
70998
79
71318
114
71539
97
71699
32
71959
99
72250
104
72560
101
72760
32
73121
108
73441
101
73632
32
73782
114
74172
105
75124
103
75394
117
76616
97
76866
114
77057
100
77437
111
79019
44
79230
32
79831
112
80211
101
80662
110
80982
115
81443
111
81603
32
81904
100
82344
115
82515
97
82825
114
83005
101
83316
98
83456
98
83716
101
83897
32
84257
109
84568
101
84858
103
85178
108
85389
105
85569
111
86280
13
87161
99
87392
97
87762
110
88183
99
88393
101
88754
108
88874
108
89184
97
89395
114
89545
101
89715
32
89875
116
90216
117
90446
116
90596
116
90887
111
91077
32
91337
101
91498
32
91928
114
92339
105
92629
115
92820
99
93541
114
93841
105
94182
98
94622
8
94903
98
94923
118
95173
101
95343
114
95523
101
95904
32
96375
100
96615
97
96785
32
97356
8
97546
8
97737
8
98308
8
98488
8
98678
8
98888
8
99069
8
99329
8
00050
118
00280
101
00441
114
00971
108
01302
101
01482
32
01622
100
01833
97
02013
32
02223
99
02454
97
02834
112
03014
111
04757
46
04897
46
05097
46
12018
8
15092
32
15833
109
16204
97
16404
32
16704
99
17015
105
17496
111
18657
39
18898
32
19158
99
19408
104
19699
101
19879
32
20069
101
20500
39
20720
32
21031
115
22963
99
23785
105
24065
116
24195
116
24486
111
24676
32
24986
101
26118
39
26328
13
27320
115
27540
99
28011
114
28361
105
28692
116
28812
116
29112
111
29293
32
29613
40
30034
80
30244
111
30585
110
30845
122
31185
111
31216
105
32537
8
32708
8
33359
105
33499
111
33699
32
33929
80
34220
105
34380
108
34781
97
35191
116
35722
111
36473
63
36924
41
37224
32
40679
101
40870
32
41130
112
41400
111
41641
105
42382
44
42542
32
42812
99
43083
104
43674
101
43844
32
44014
100
44315
105
44595
97
44936
109
45136
105
45386
110
45697
101
46177
44
46318
32
46608
100
46928
111
47219
118
47509
114
47680
101
47990
105
48180
32
48511
114
48871
105
49152
99
49442
111
49702
109
50103
8
50363
110
50664
99
50954
105
51245
97
51485
114
51675
101
52517
32
53268
116
53588
117
53899
116
54029
116
54379
111
54650
13
55761
100
55972
97
56142
32
56322
99
56552
97
56903
112
57143
111
57844
32
58215
113
58565
117
58836
97
59226
110
59567
100
60068
111
61259
44
61430
32
61950
103
62261
117
63442
114
63933
100
64184
97
64404
32
65085
117
65315
110
65435
32
65836
112
66066
111
74218
8
74348
8
74529
8
74699
8
74819
8
74959
8
75099
8
75240
8
75390
8
76191
97
76431
114
76652
100
76842
97
77012
32
77263
117
77503
110
77693
32
78084
112
78274
111
79085
39
79316
32
80007
40
80407
99
80718
111
80948
109
81329
101
81519
32
82540
8
82861
8
83011
8
83342
8
83532
8
84774
99
86216
8
87317
110
87518
111
87738
110
87878
32
88058
105
88249
108
88389
32
88709
102
89090
105
89270
117
89500
109
89851
101
90272
41
90532
32
92014
104
92305
111
92505
32
93486
111
93997
114
94177
32
94648
111
94988
114
95239
97
95439
32
95870
70
96290
73
96541
78
96781
73
97041
84
97362
79
98303
46
98624
46
98854
46
