98938
70
99178
114
02563
97
02733
115
02934
101
03094
32
03284
100
03695
105
03875
32
04165
115
04306
101
04786
110
05107
115
05537
111
05728
32
05948
99
06329
111
06539
109
06809
112
07060
105
07520
117
08021
116
08442
111
09053
46
09353
32
10134
67
10374
104
10665
101
10865
32
11035
99
11436
111
11857
115
12047
97
12247
32
12377
97
12918
99
13038
99
13399
105
13699
100
13849
101
14320
110
14601
116
14971
105
15171
32
15442
101
15933
39
16263
32
16684
117
16884
110
17224
97
17375
32
17635
102
17835
114
18086
97
18266
115
18416
101
18436
119
19798
8
20139
32
20649
100
21060
105
21220
32
21491
115
21641
101
22542
110
22873
115
23463
111
25186
13
26137
99
26518
111
26748
109
26989
112
27259
105
27639
116
28280
111
29192
63
29432
32
29833
65
30363
110
30684
122
31114
105
31565
44
31745
32
32026
99
32236
104
32496
101
32637
32
32827
99
33218
111
33889
115
34059
97
34239
32
34389
97
34850
99
34950
99
35521
105
35841
100
36002
101
36412
110
36683
116
37023
105
37203
32
37454
101
37914
39
38135
32
38405
117
38605
110
38926
97
39116
32
39457
102
39677
114
39917
97
40098
115
40268
101
41349
63
41980
8
42191
8
43542
8
43723
8
43853
8
44013
8
44734
34
45175
102
45335
114
45565
97
45746
115
45906
101
46066
32
46226
100
46647
105
46787
32
47058
115
47228
101
47849
98
48249
8
48520
110
48830
115
49311
111
49761
34
50042
46
50282
32
52696
8
53196
8
55079
63
55289
32
55680
81
56211
117
56481
97
56782
108
57112
101
58194
32
58955
115
59145
101
61388
8
61599
8
62320
13
63912
100
64403
8
64763
115
64933
101
65845
110
66165
115
66506
111
66686
32
66806
112
67187
111
67427
117
67798
8
68028
105
69520
105
70111
63
70351
32
70722
81
71313
117
71623
101
72244
108
73967
108
74137
111
74307
32
74537
99
74978
111
75379
109
75739
117
76190
110
76490
114
76881
8
77211
101
77832
63
78072
32
78563
73
78733
108
78894
32
79144
115
79354
101
79595
115
79975
116
80396
112
80706
8
80947
111
82619
63
82889
32
83600
113
84161
117
84392
101
84892
108
85033
108
85173
111
85343
32
85553
100
85904
105
86064
32
86194
109
86535
97
86785
114
87005
99
87386
105
87696
97
88648
63
00795
8
01416
81
04971
32
06514
81
06984
117
07265
97
07635
108
08156
101
08316
32
08777
109
09137
97
09578
114
09768
99
10419
105
10740
97
12342
13
13293
112
13664
111
13864
105
19112
63
19362
32
19653
77
19873
105
20033
108
20224
105
20554
116
20784
97
21005
114
21175
101
21866
44
22056
32
22387
97
22917
110
23218
100
23408
97
23819
116
24049
97
24239
32
24400
97
24590
32
25121
109
25431
97
25772
108
26092
101
26673
44
26843
32
27544
34
28485
77
28836
97
29036
114
29227
99
29617
105
29908
97
30478
34
33503
32
34294
108
34574
39
35065
97
35586
109
35826
105
36036
110
36617
8
37438
99
37699
97
37879
32
26578
8
31394
100
31715
105
31875
32
32106
110
32386
111
32616
110
32766
32
33037
112
33728
109
34048
105
34309
32
34849
8
35020
8
35160
8
35290
8
35831
109
36081
105
36242
32
36572
114
36973
105
37263
99
37553
105
37573
111
38174
8
38435
111
38785
100
39386
111
39546
32
39646
112
39887
105
40057
117
40548
39
41269
13
42000
99
42290
104
42581
105
43061
46
43762
46
43913
46
44694
32
45395
77
45705
97
45855
32
46056
113
46466
117
46897
97
47398
110
47748
116
47948
101
48099
32
48249
100
48419
97
48950
110
49090
110
49391
97
49641
116
49981
105
50332
115
50462
115
50923
105
51363
109
51694
101
51834
32
52014
114
52395
105
52695
103
52866
104
53106
101
53296
32
54047
104
54308
97
54488
32
54638
113
55049
117
55339
101
55559
115
55840
116
56090
97
56291
32
56481
115
56741
116
56921
114
57152
97
57512
109
57843
97
58153
108
58514
101
58854
100
59035
101
59265
116
59405
116
59625
97
59826
32
60146
102
60567
105
60807
110
61118
101
61378
99
63581
8
63791
8
63962
8
64122
8
64262
8
64563
13
65664
102
66015
105
66335
110
66636
101
66856
115
67206
116
67377
114
67607
97
68058
46
68248
32
68528
69
68709
32
68819
99
69209
111
69440
109
69790
101
69930
32
70141
97
70411
99
70551
99
70902
105
71262
100
71432
101
71823
110
72093
116
72304
101
72474
32
73656
104
73956
111
74116
32
74357
102
74597
97
74897
116
75038
116
75418
111
75629
32
77331
8
77501
8
77671
8
78473
8
78633
8
78793
8
79514
105
79674
32
80025
104
80315
111
80506
32
80776
102
81026
97
81397
116
81537
116
81858
111
82028
32
82368
97
82549
32
10940
108
11320
97
12061
99
12662
105
13433
8
13583
8
14435
115
14635
99
14965
105
15276
97
15777
114
16217
109
16438
105
16608
32
16678
105
16888
110
17209
99
18050
97
18240
115
18541
116
18721
114
18941
97
19192
114
19342
101
19542
32
19963
13
20674
117
20874
110
21665
39
22026
97
22356
108
22667
116
22867
114
23097
97
23308
32
23608
118
23959
111
24129
108
24459
116
24700
97
25240
46
25411
46
25531
46
25851
32
26282
110
26542
111
26763
110
26923
32
27033
109
27243
105
27383
32
27654
101
27794
114
27984
97
28155
32
28475
98
28755
97
28916
115
29186
116
29426
97
29757
116
30198
97
30398
32
31650
108
32010
97
32200
32
32331
100
32531
97
33212
110
33392
110
33993
97
34404
116
34724
105
35025
115
35585
109
35926
97
36126
32
36256
101
36437
115
36837
112
37178
101
37338
114
37608
105
37939
97
38439
110
38750
122
38960
97
39441
13
40022
109
40332
97
40823
110
41163
122
41584
105
41995
8
42225
111
42465
110
45610
105
45940
97
46431
110
46752
97
47172
46
47382
32
47653
69
47793
32
48194
112
48414
111
48614
105
48804
32
49395
113
50006
117
50257
101
50727
108
50898
108
51078
111
51268
32
51518
99
51739
104
52029
101
52039
119
52189
32
53351
8
53722
8
54072
32
54473
104
54803
111
54953
32
55324
115
55534
99
56145
114
56516
105
56826
116
56976
116
57227
111
57397
32
57667
101
58048
39
58218
32
58909
34
59330
110
59550
111
59770
110
59931
32
60161
116
60341
114
60732
111
60922
112
61082
112
61242
111
61443
32
62094
112
62424
101
62584
114
62765
115
63185
111
63606
110
63896
97
64217
108
64567
101
65098
34
65519
63
66400
13
66991
67
67592
104
68453
101
68603
32
68783
99
69114
105
69645
8
70596
111
71027
115
71207
97
71397
32
71668
118
72208
117
72449
111
72629
108
73020
32
73310
100
73670
105
74291
114
74452
101
74962
32
75743
110
76044
111
76284
110
76495
32
78017
8
78167
8
78317
8
78477
8
79048
34
79679
110
79970
111
80210
110
80370
32
80601
116
80791
114
81221
111
81422
112
81572
112
81702
111
81892
32
82523
112
82844
101
83014
114
83184
115
83985
111
84246
98
84666
8
84927
110
85207
97
85548
108
85868
101
86489
34
87050
46
87731
32
88432
69
88622
32
88953
113
89533
117
90044
105
90285
32
90755
109
91246
8
91496
112
91717
111
92788
116
92998
114
93189
101
93589
105
93750
32
94060
97
94681
116
94811
116
95011
97
95572
110
95993
8
96333
99
96494
99
96734
97
96974
114
97144
101
97315
32
97515
99
97876
112
97886
111
99418
8
99568
8
99728
8
00139
13
00880
99
01230
111
01491
110
01631
32
01821
108
02202
97
02382
32
02552
116
02863
116
03083
101
03554
109
03784
112
04205
101
04485
115
04755
116
05026
97
05246
32
05567
100
05947
105
06158
32
06398
99
06618
101
06778
114
07049
118
07329
101
07840
108
07970
108
08150
105
08361
32
08691
115
09392
117
09723
108
09903
32
10143
112
10514
101
10674
114
11045
115
11425
111
11896
110
12186
97
12507
108
13037
101
14119
44
14379
32
14930
8
15080
8
15962
46
16192
32
16653
81
17163
117
17434
97
17804
108
18385
101
18576
32
18916
112
19246
114
21129
8
21790
101
21950
114
22151
115
22641
111
23242
110
23563
97
23853
108
24154
101
24644
44
24815
32
25025
112
25255
111
25445
105
25626
32
25916
100
26126
101
26677
108
26868
32
27168
13
27909
100
28330
105
28780
112
29191
97
29481
114
29672
116
30052
105
30333
109
30663
101
31054
110
31344
116
31875
111
32355
63
32596
32
33076
68
33407
105
33607
32
33898
113
34338
121
34729
8
34959
117
35280
97
35590
108
35911
101
36081
32
36461
40
36872
113
37323
117
38354
105
38524
32
38675
111
38835
32
39175
97
39826
8
40367
97
40557
100
40748
32
40928
65
41288
108
41649
101
41849
115
42009
115
42150
97
42660
110
43071
100
43281
114
43662
105
43972
97
44493
41
49400
44
49630
32
50171
100
50662
105
50812
32
51343
101
51834
110
52144
116
52394
114
52404
101
52695
97
53416
109
53696
98
53997
105
55739
63
56010
32
56761
13
59104
69
59284
32
59625
103
60146
108
60426
105
60626
32
61327
101
61558
114
61708
114
62099
111
62439
114
62759
105
62769
111
63811
8
64192
32
64662
100
65784
105
65934
32
66435
111
66775
114
66966
116
67386
111
67717
103
67927
114
68157
97
68438
100
68888
8
69179
102
69439
105
69720
97
70681
63
70901
32
71112
77
71382
105
71873
99
72113
97
72293
32
72564
116
73004
111
73315
114
73966
110
74216
111
74376
32
74527
105
74767
110
75187
100
75618
105
76109
101
76339
116
76529
114
76920
111
77110
32
77401
97
77571
32
77921
99
78312
111
78833
114
78993
114
79163
101
79544
103
79684
103
79904
101
80105
114
80565
108
80776
105
82478
46
83429
32
88387
8
89248
46
89408
46
