26128
16
26358
71
26829
85
27369
65
27590
82
27810
68
28050
65
28892
32
29713
16
29903
57
30894
77
31185
79
31365
76
31686
84
32036
79
32216
32
32527
16
32627
80
33518
8
33749
80
33999
73
34309
69
34710
77
34960
79
35211
78
35501
84
35751
69
35932
83
36112
69
37384
188
37604
32
38185
67
38515
79
38756
77
39136
69
39347
32
39667
73
39907
78
40208
67
40508
73
40739
80
41109
73
41420
89
42020
8
43603
84
43823
32
44855
219
46036
83
46827
73
47018
32
47368
83
47578
67
47809
82
48119
73
50082
8
50252
8
50413
8
50863
8
51524
68
51895
73
52345
67
52586
69
54428
191
55099
83
55290
67
55560
82
55910
73
56191
86
56461
69
56652
32
56822
67
57142
79
57483
83
58074
73
58704
16
58885
191
61569
221
65885
13
67006
73
67247
78
67607
84
67868
69
68248
78
68559
68
70371
79
70692
16
71002
48
72294
188
72514
32
74077
67
74407
72
74728
69
74898
32
75068
83
75228
69
75539
67
75549
86
77141
8
77862
79
78142
78
78453
68
78803
79
78984
32
79414
77
79885
69
80245
32
80666
16
80856
57
81237
65
81467
32
82529
77
82769
73
83150
65
83520
16
83700
48
85203
188
85413
32
86224
69
86404
32
86655
81
86995
85
87175
73
87356
32
87586
78
87856
79
88087
78
88257
32
88477
67
88788
73
88968
32
89268
80
89539
73
89819
79
90230
86
90510
69
94556
188
94736
32
95137
81
95557
85
95878
69
96078
83
96319
84
96609
65
98602
13
99263
16
99403
57
99874
79
00034
32
00414
67
00745
79
01166
68
01376
69
01556
83
01826
84
02107
65
02598
16
02808
48
02998
32
03619
16
03889
68
04070
69
04290
86
04560
69
04821
32
05081
69
05301
83
05422
83
05582
69
05772
82
05952
69
06093
32
06523
76
06754
222
07144
85
07374
76
07765
84
08075
73
08306
77
08827
65
09347
188
09498
32
09758
76
10158
222
10629
85
10869
76
11270
84
11520
73
11821
77
12201
65
12792
32
13003
86
13293
79
13473
76
14164
84
14465
65
14715
32
15466
8
16728
188
16918
32
17559
76
17910
222
18450
85
18681
76
19332
84
19662
73
19933
77
20263
65
20443
32
21034
86
21304
79
21465
76
21775
84
22096
65
23367
13
24239
67
24559
74
25110
8
25360
72
25691
69
25911
32
29757
72
30638
79
30878
32
31830
16
31930
57
32220
88
32631
8
32931
67
33452
73
33642
79
34073
222
34353
16
34453
48
34724
32
37458
68
37718
65
37918
32
38289
67
38599
79
38820
77
39080
80
39531
73
39741
76
40512
65
42535
222
44538
16
44608
57
45009
82
45229
69
46421
16
46941
16
46971
16
47001
16
47031
48
48233
8
48383
8
48544
8
48694
8
48864
8
49545
16
49866
57
51197
222
51518
16
51738
48
54342
82
54562
69
55974
32
56856
81
57687
69
57907
83
58157
84
58458
79
58668
32
59690
68
59930
65
60291
78
60421
78
60741
65
61042
84
61392
79
61723
188
61893
32
62293
68
62514
65
62884
78
63034
78
63385
65
63695
84
63956
73
64296
83
64447
83
64747
73
65017
77
65318
79
67190
188
68633
32
69043
77
69364
65
69744
76
70045
69
70275
68
70445
69
70665
84
70806
84
71487
73
72037
8
72929
79
73169
188
73329
32
73550
77
73900
65
74221
76
74551
69
74821
68
75012
69
75252
84
75382
84
75733
73
76063
83
76203
83
76504
73
76724
77
77005
79
77495
188
77646
32
77986
83
78186
84
78347
82
78557
65
79108
77
79408
65
79749
76
80089
69
80419
84
80950
8
82472
68
82643
69
82883
84
83023
84
83324
79
83884
8
84305
188
84555
32
85417
8
85587
8
86388
79
86759
188
86929
32
87339
83
87550
84
87730
82
87950
65
88271
77
88591
65
88932
76
89222
69
89462
68
89693
69
89933
84
90073
84
90334
73
90634
83
90935
83
91095
83
91405
73
91636
77
91876
79
94480
8
94630
8
94770
8
94930
8
95701
73
95922
77
96152
79
96783
188
97774
32
98646
77
99076
73
99297
32
00518
13
01570
70
01780
69
01960
82
02581
77
03242
79
03983
32
04374
81
04764
85
04935
73
05506
190
05666
190
05826
190
06487
32
06677
16
07068
77
07398
79
07759
68
08310
85
08580
76
09872
79
10112
32
10673
16
10883
57
11274
70
11594
79
11915
82
12355
77
12746
48
14098
190
14438
32
15159
16
15260
73
15450
76
15570
32
16822
70
17072
65
17343
84
17473
84
17803
79
17994
32
18965
16
19105
57
19456
83
19636
69
20016
77
20026
188
20167
77
21228
8
21398
8
21969
80
22340
82
22510
69
23071
32
23742
77
23972
79
24202
79
24453
76
25274
8
25434
8
25975
8
26426
16
26806
79
26986
79
27958
76
28789
84
29150
79
29320
32
29981
80
30241
73
30612
69
33145
16
33265
57
33596
68
34107
16
34207
48
34667
77
34918
79
35188
78
35489
84
35719
69
35889
83
36059
69
37602
188
41317
8
41527
16
41678
189
42068
8
43110
16
43370
48
45683
8
46595
188
46765
32
47085
73
47296
76
47426
32
47626
77
47866
79
48157
68
48628
32
50320
79
50490
32
50771
68
51051
73
51241
32
51872
68
52243
73
52553
82
52723
69
53755
188
53895
32
54166
73
54386
78
54756
84
54977
69
55327
78
55648
68
56008
79
56228
16
56249
48
56539
32
56930
69
57330
222
57530
32
57791
67
58021
72
58301
69
59573
32
60174
80
60565
8
60775
79
61055
82
61366
77
61696
65
62027
73
62207
32
62638
78
62878
79
63118
78
63289
32
63569
83
63930
79
64100
32
64160
80
64881
73
65051
85
65432
222
65622
32
65872
67
66373
72
66894
69
67054
32
67214
67
67745
65
67925
83
68526
65
68947
188
69127
32
69478
67
69838
79
70048
77
70349
69
70920
188
71100
32
71400
81
71791
85
72111
65
72532
78
72882
68
73213
79
74605
188
74825
32
75757
80
76107
69
76287
82
76508
67
76878
72
77159
69
78581
222
78761
32
79192
83
79412
67
79652
82
80113
73
81955
86
82286
79
82757
191
83378
83
83588
67
83808
82
84139
73
84539
86
84840
69
85020
82
85180
69
85871
190
86272
32
91599
16
91880
76
92230
65
92441
32
94183
77
94484
73
94894
65
95084
32
96506
80
96827
82
97167
79
97618
83
97838
65
98579
32
99210
83
99501
84
99761
65
01464
32
02665
80
02976
69
03316
71
03446
71
03717
73
03867
79
04207
82
04458
65
04818
78
05139
68
05469
79
05980
13
06821
8
07382
32
08043
84
08233
69
08824
82
08974
82
09385
73
09725
66
10096
73
10306
76
10527
77
10847
65
11208
78
11558
84
11788
69
12429
188
13010
8
13911
188
14082
32
14312
78
14562
79
14813
78
14973
32
15333
71
15814
73
16245
65
16705
222
16916
32
17136
80
17497
69
17657
82
17817
32
18358
78
18688
79
18698
80
18909
73
19199
65
19449
32
19820
79
20010
32
20140
80
20521
69
20691
82
20901
32
21232
80
21592
65
24637
8
24837
8
25017
8
25188
8
25368
8
25538
8
25688
8
25849
8
26009
8
26179
8
26339
8
26490
8
27291
73
27621
65
27821
32
28092
79
28252
32
28382
80
28773
69
28943
82
29143
32
29904
80
30315
65
30706
85
31176
82
31467
65
32148
32
32628
16
32769
57
34171
222
34581
67
34822
72
35162
69
36274
8
36454
8
36624
8
37355
8
38266
67
39468
8
39859
222
40219
67
40460
72
40750
69
41241
222
42172
32
42983
72
43224
79
43484
13
44385
8
44776
32
45397
81
48381
8
48681
79
49443
82
49703
65
50324
77
50734
65
51085
73
51305
32
51816
67
52136
72
52637
73
52938
85
53198
83
53528
79
53719
32
54159
16
54249
57
54630
81
54940
85
55241
65
55451
83
55792
73
56132
16
56312
48
56513
32
56753
84
57314
85
57554
84
57694
84
57955
73
58155
32
58566
71
58966
76
59237
73
59447
32
59787
85
60108
83
60338
67
60639
73
60809
32
61089
65
61520
76
61640
76
61840
222
62271
65
62842
86
62962
86
63222
69
63583
78
63873
84
64214
85
64925
82
65235
65
65806
32
66337
16
66617
57
66928
67
67288
73
67569
84
67839
65
68019
90
68330
73
68490
79
68730
78
69351
69
69982
49
70152
49
70293
49
72956
188
73187
32
74388
72
75039
65
75400
73
75550
32
75800
82
76131
73
76411
67
76712
79
76962
78
77212
79
77533
83
77723
67
78124
73
78334
85
78604
84
80537
79
81358
188
81549
32
81829
76
82130
222
82680
72
82951
65
83271
73
83421
32
83642
84
84022
8
84283
82
84603
85
85164
8
86195
73
86486
67
86766
79
87027
78
87277
79
87637
83
87828
67
88248
73
88829
85
89060
84
89320
65
89710
16
90221
16
90261
16
90291
16
90321
16
90361
16
90391
16
90421
16
90452
16
90492
16
90522
16
90552
16
90582
16
90622
16
90652
16
90682
16
90712
16
90752
16
90782
16
90812
16
90852
16
90882
16
90912
16
90942
16
90982
16
91012
16
91042
16
91072
16
91112
16
91142
16
91173
16
91213
16
91243
16
91273
16
91303
16
91333
16
91373
16
91403
16
91433
16
91473
16
91503
16
91533
16
91563
16
91603
16
91633
16
91663
16
91693
16
91733
16
91763
16
91793
16
91833
16
91844
191
92034
16
92364
48
94197
190
94457
32
95018
16
95308
79
97141
75
97712
190
97912
32
98092
16
98253
83
98543
73
98864
65
99274
77
99545
79
99745
32
00586
65
00977
76
01117
76
02068
65
02279
32
02769
70
03120
73
03370
78
03721
69
04271
190
04502
32
07466
16
07556
77
07967
65
08197
32
08407
67
08638
72
08918
69
09108
32
09379
70
09799
73
10450
8
10721
85
10911
78
11221
90
11492
73
11662
79
11852
78
12203
65
12383
32
12894
66
13184
69
13505
78
14606
8
15678
78
15978
69
16148
32
16419
67
16769
79
17060
78
17220
32
17450
16
17591
78
17951
69
18181
84
18452
83
18642
67
18872
65
19233
80
19593
69
19824
32
20134
52
20795
190
21276
48
22798
16
23219
191
23609
32
25662
16
25862
70
26213
79
26523
82
26744
83
27054
69
27274
32
27705
78
27985
79
29568
190
29718
190
29888
190
30489
190
30649
190
30830
190
30990
190
31370
190
