40273
16
40574
79
40944
71
41075
71
41355
73
41525
32
42697
85
43007
83
43178
69
43348
82
43879
79
44059
32
44920
8
46002
222
46192
32
46322
16
46462
85
46703
78
46913
32
47504
78
47954
85
48135
79
48585
86
48956
65
49156
32
49607
66
49887
82
50298
79
50668
87
51329
83
51499
69
51660
82
52231
59
52401
32
52851
16
52992
77
53302
79
54814
90
55145
73
55355
76
55465
76
55906
65
57859
190
58049
32
58710
16
59221
16
59251
16
59291
16
59321
16
59351
16
59391
16
59421
16
59451
16
59481
16
59511
16
59551
16
59581
16
59611
16
59651
16
59681
16
59701
66
59982
69
60512
78
60813
69
60983
32
61153
83
61524
80
61864
69
62035
82
62736
79
62896
32
64859
8
65510
188
65660
32
66481
16
66681
83
67062
80
67382
69
67553
82
67953
79
68073
32
68324
86
68574
69
68714
82
68905
65
69245
77
69565
69
69976
78
70327
82
70487
69
71238
188
71408
32
71729
67
71949
72
72259
69
72430
32
73762
81
74212
85
74503
69
74693
83
74953
84
75204
65
75374
32
75604
16
75734
57
76505
67
76796
79
77186
83
77657
8
79059
68
79259
69
79430
83
79920
84
80251
65
83485
188
83656
32
83976
68
84297
79
84707
80
84888
79
85028
32
85368
67
85599
72
85879
69
86069
32
86249
83
86410
65
86630
82
86840
65
87231
222
87421
32
87591
80
87922
82
88342
79
88643
67
88853
69
89434
83
89995
83
90115
83
90265
65
90646
84
90896
65
91297
188
91467
32
91817
83
92098
84
92358
65
92609
84
92869
65
93039
32
93310
80
93620
82
93971
79
94331
67
94561
69
94782
83
94932
83
95052
65
95433
84
95713
65
96034
16
96114
48
96334
32
97566
83
97896
73
98237
65
99068
32
99669
86
99919
69
00099
84
00310
65
00650
77
00941
69
01251
78
01712
84
01932
69
02112
32
02363
69
02533
32
02833
80
03214
69
03564
32
04886
8
05547
82
05697
32
05878
68
06118
65
06459
86
06579
86
06809
69
06979
82
07380
79
07520
32
07690
76
08041
222
08391
85
08612
76
09052
84
09353
73
09583
77
09924
65
11055
190
11235
32
11446
16
11616
76
11956
222
12297
85
12517
76
12808
84
13068
79
13078
73
14690
8
15532
8
16243
73
16413
77
16723
65
16884
32
17234
86
17504
79
17655
76
17925
84
18195
65
18386
32
18586
67
18836
72
19127
69
19287
32
19477
83
19708
84
20018
79
20178
32
20459
65
20619
32
20759
67
21070
79
21270
77
21470
80
21660
76
21851
73
22021
76
22391
65
22612
82
22942
69
23153
32
23423
81
23823
85
24104
69
24304
83
24545
89
24555
84
25906
8
26287
8
26988
84
27329
79
27489
32
27589
79
28060
82
28200
82
28530
73
28751
80
28961
73
29131
76
29462
65
29872
78
30183
84
30393
69
30553
32
30904
77
31144
79
31464
68
31865
85
32115
76
32306
79
32586
188
32746
32
33027
67
33267
72
33527
69
33668
32
34058
16
34238
79
34539
83
34679
83
37613
16
37824
69
38124
83
38304
83
39035
85
39546
8
39776
73
39947
79
40137
78
40497
65
40678
32
40998
79
41329
83
41459
83
41639
69
44543
83
44694
83
45054
73
45364
86
45645
65
46015
77
46336
69
46676
78
47558
8
47858
84
48068
69
48279
32
48479
69
48779
68
49510
32
50712
69
50922
67
51063
67
51283
69
51483
83
51623
83
52064
73
52385
86
52635
65
52995
77
53286
69
53666
78
53987
84
54197
69
54397
32
54868
76
55229
69
55379
32
55799
77
56040
73
56490
69
56691
32
57442
71
59174
73
60016
65
60496
222
60686
32
60947
70
61197
65
61438
84
61838
73
62078
67
62409
79
63000
83
63350
69
63641
32
63881
16
64021
57
64342
68
64822
8
65103
70
65343
65
65794
84
66004
69
66234
67
66585
79
66996
83
67156
83
67937
73
68067
73
68448
77
68798
69
69139
16
69269
48
69559
188
69730
32
70070
83
70330
84
70561
82
70861
69
71122
83
71272
83
71442
65
71782
84
72063
69
72243
32
72443
16
72544
57
72874
83
73094
84
73285
82
73775
69
73996
83
74146
83
74296
65
74607
84
74947
73
75237
84
75388
84
75668
73
76309
77
76669
69
77070
16
77581
16
77621
16
77651
16
77681
16
77711
16
77751
16
77781
16
77811
16
77851
16
77881
16
77911
16
77941
16
77971
16
78011
16
78041
16
78071
16
78112
16
78142
16
78172
16
78202
16
78242
16
78272
16
78302
16
78332
16
78372
16
78402
16
78432
16
78462
16
78502
16
78532
16
78562
16
78592
16
78632
16
78662
16
78692
16
78732
16
78762
16
78793
16
78823
16
78863
16
78893
16
78923
16
78953
16
78993
16
79023
16
79053
16
79083
16
79123
16
79153
16
79183
16
79223
16
79253
16
79283
16
79313
16
79343
16
79383
16
79413
16
79443
16
79484
16
79514
16
79544
16
79574
16
79614
16
79644
16
79674
16
79704
16
79744
16
79774
16
79804
16
79834
16
79874
16
79904
16
79934
16
79974
16
80004
16
80034
16
80064
16
80104
16
80134
16
80165
16
80195
16
80235
16
80265
16
80295
16
80335
16
80365
16
80395
16
80425
16
80455
16
81747
8
81927
8
82097
8
82248
8
82448
8
83329
83
83469
83
83810
73
84010
77
84391
69
84711
16
84961
48
85152
32
86494
71
87054
73
87205
79
87505
82
87896
77
88426
8
88717
78
89037
65
89328
84
89518
69
90199
190
90409
32
92132
16
92232
81
92622
85
92943
69
93133
83
93384
84
93784
79
93944
32
96388
70
96718
73
96728
79
97179
8
97409
79
97690
82
98000
77
98190
32
98641
86
98911
65
99422
77
99673
80
99923
73
00293
82
00624
79
00794
32
01205
83
01445
84
01726
65
01956
32
02857
83
03328
85
04049
67
04189
67
04560
72
04780
73
05080
65
05521
78
05851
68
06202
80
06222
79
06382
32
07774
8
07894
8
08055
8
08195
8
08325
8
09156
78
09457
68
09757
79
09927
32
10218
86
10508
73
10829
65
10999
32
11189
68
11389
65
11570
32
11800
77
12171
69
12411
32
13272
79
14143
71
14444
78
14674
73
14854
32
15065
67
15275
65
15615
80
15976
65
16206
67
16567
73
16827
84
17068
65
17909
222
18119
32
18369
68
18780
73
18950
32
19421
67
19741
79
19982
77
20212
80
20563
79
20943
82
21163
82
22025
8
22255
32
22716
76
22936
73
23176
78
23697
8
23957
66
24208
69
24388
82
24548
65
24869
77
25169
69
25500
78
25800
84
26020
69
26221
32
26361
69
26541
32
27072
71
27402
73
27563
79
28314
67
28644
79
28965
83
29135
65
29475
77
29776
69
30086
78
30397
84
30607
69
30807
32
31048
80
31358
82
31719
79
32279
83
32470
65
33812
190
34002
32
34192
16
34352
67
34723
79
35334
83
35494
65
35694
32
36596
67
36976
72
38769
32
39390
8
40832
69
41042
32
41272
71
41683
73
41873
79
42454
83
42644
65
42995
77
43315
69
43676
78
44026
84
44287
69
44297
87
44797
8
45098
69
45308
32
46099
8
46230
8
46550
32
47692
72
47922
79
48092
32
48343
70
48553
65
48803
84
48933
84
49254
79
49444
32
49544
16
49745
57
49925
70
50305
8
50586
68
50906
73
51137
32
51387
67
51697
85
51858
73
51998
32
52198
71
52639
73
52829
79
53660
73
54241
83
54431
65
54802
77
55142
69
55503
78
55783
84
56004
69
56184
32
57205
72
57496
79
57676
32
57956
71
58267
79
58557
70
59128
8
59459
68
59749
85
59979
84
60460
79
60710
16
60800
48
61041
32
61732
70
62072
73
62313
78
62673
79
62863
32
63304
65
63705
76
63845
76
64075
222
64346
73
64576
78
64896
70
65117
65
65447
73
65818
8
66058
85
66348
83
67180
8
67440
84
67841
79
68131
32
68862
8
69012
8
69172
8
70164
83
70504
84
70805
79
70965
32
71225
71
71546
73
71726
79
71997
82
72417
78
72658
79
72838
32
72948
73
73198
78
73348
32
73589
67
73939
85
74130
73
74350
32
76012
222
76373
83
77074
84
77454
79
77625
32
78356
83
78606
84
78756
82
78957
65
79347
77
80178
65
80669
76
80989
69
81260
68
81450
69
81690
84
81811
84
82151
79
82722
8
83844
73
84134
83
84274
83
84635
73
84905
77
85125
79
85306
32
85606
69
85937
84
86117
32
86417
68
86628
65
88080
78
88270
78
89041
65
89432
84
89762
73
90063
83
90413
83
90854
73
91084
77
91314
79
91495
32
91585
16
91695
57
91975
65
92516
78
93437
90
93798
73
93968
32
94469
83
94739
84
94920
82
95150
65
95510
68
95721
65
96151
78
96281
78
96582
65
96902
84
97273
73
97643
83
97794
83
98104
73
98334
77
98615
79
99666
16
00017
48
00207
32
00788
16
01229
79
01629
82
02050
77
02210
32
02540
69
02951
222
03131
32
03732
69
04163
78
04413
84
04904
82
05124
65
05465
84
05845
79
06015
32
06416
78
06716
69
07077
76
07217
76
07518
65
07718
32
08249
77
08579
73
08860
65
09040
32
09360
66
09761
8
10031
86
10302
73
10622
84
10852
65
11043
32
11203
16
11413
57
11814
75
12204
8
13546
76
13867
65
14317
86
14628
79
14898
82
15139
65
15479
84
15759
73
16230
86
16521
65
16921
16
16951
48
17161
32
17412
69
17572
32
17822
78
18083
69
18453
76
18604
76
18884
69
19044
32
19665
77
19966
73
20296
69
20476
32
20907
71
21257
73
21408
79
21708
82
22429
78
22760
65
23040
84
23250
69
24011
32
24482
16
24672
57
24953
83
25113
69
25483
77
25754
80
26124
82
26285
69
26445
32
26685
76
27006
65
27356
86
27667
79
27947
82
28177
65
28408
84
28698
73
29219
86
29509
69
29790
16
29930
48
30340
190
30521
32
30551
16
30711
188
31232
8
31853
16
32083
77
32433
65
32604
32
32784
83
33114
80
33675
73
34016
71
34296
65
34697
77
34947
73
35278
188
35448
32
35728
67
36039
79
36249
77
36559
69
36720
32
36970
65
37371
67
37501
67
37791
73
38062
68
38232
69
38582
78
38963
84
39273
73
39454
32
39664
69
40104
222
40325
32
41346
83
41547
69
41707
32
41937
83
42117
69
42518
77
42878
66
43149
82
43369
65
43559
32
43910
67
44280
72
44831
69
45012
32
45482
79
45793
71
45943
71
46203
73
46374
32
46854
78
47105
79
47325
78
47475
32
47715
86
47996
65
48166
68
48356
65
48527
32
48747
80
49278
73
50019
85
50379
222
50550
32
50840
65
51160
76
51301
76
51861
65
52032
32
52242
70
52532
73
52783
78
53103
69
53414
16
53684
191
54065
32
55046
16
55306
70
55597
79
55917
82
56238
83
56468
69
56668
32
57139
80
57459
69
57469
82
58180
82
58621
67
58902
72
59162
69
59332
32
59522
68
59743
65
60294
86
60424
86
60714
69
60884
82
61265
79
61425
32
61665
69
62086
222
63088
32
65060
76
65301
222
66182
85
66392
76
66763
84
67093
73
67284
77
67614
65
67784
32
68195
8
68986
188
69196
32
69787
76
70058
222
70658
85
70869
76
71349
84
71670
73
71880
77
72100
79
72321
32
72852
86
73172
79
73322
76
73593
84
73823
65
73993
32
74183
67
74434
72
74684
69
74854
32
75265
76
75435
79
75606
32
75896
67
76226
79
76447
77
76697
80
76877
76
77068
73
77268
76
77418
79
78199
16
78530
49
78690
49
78860
49
79010
49
79171
49
79341
49
79511
49
79671
49
79832
49
80002
49
80172
49
80342
49
80513
49
80683
49
80853
49
81033
49
81194
49
81344
49
81524
49
81694
49
81865
49
82025
49
82205
49
82385
49
82756
49
