35238
67
35338
73
35458
65
35569
79
35839
32
36039
78
36270
8
36360
65
36480
76
36630
76
36700
65
36780
32
36921
70
37061
73
37231
78
37341
69
37441
32
37581
78
37722
79
37832
78
37882
32
38102
77
38232
73
38333
32
38443
82
38553
73
38733
67
38793
79
38963
82
39364
68
39494
79
39554
32
39725
80
39895
73
40065
85
40766
219
40916
32
41016
83
41137
69
41267
32
41477
65
41677
86
41808
69
42018
86
42158
79
42258
32
42549
71
42659
73
43300
65
43750
219
43830
32
44031
83
44211
67
44401
82
44501
73
44632
84
44762
84
44852
79
44922
32
45262
76
45553
219
45833
85
45853
73
46284
8
46474
76
46574
84
46654
73
46845
77
46995
79
47165
32
47386
79
47786
32
47996
77
48077
69
48197
78
48397
79
48627
190
49248
32
49999
77
50150
73
50250
32
50360
83
50750
65
50871
32
51011
67
51111
72
51231
69
51311
32
51702
72
51882
79
51982
32
52122
76
52463
8
52563
83
52643
79
52823
76
52964
79
53064
32
53184
80
53324
69
53645
78
53865
83
54045
65
54185
84
54346
79
54416
32
54556
68
54686
73
54756
32
55077
70
55187
65
55337
82
55828
76
56158
79
56348
32
56539
79
56739
80
56899
80
57100
73
57670
8
57791
8
57981
85
58271
8
58471
80
58652
85
58822
82
58902
69
59102
32
59303
77
59583
69
59703
32
59833
76
60004
79
60114
32
60174
83
60314
79
60494
78
60655
79
60745
32
60865
83
60975
79
61316
71
61716
78
62037
8
62117
65
62497
8
62658
78
62718
65
62828
84
62938
79
63168
190
63359
32
63609
78
63759
79
63899
32
64060
83
64150
73
64270
67
64490
85
64650
82
65141
65
65221
77
65401
69
65462
78
65552
84
65632
69
65832
32
65962
78
66072
79
66183
78
66203
32
66683
76
66894
219
67114
72
67304
79
67424
32
67665
70
67865
65
67995
84
68145
84
68276
79
68586
190
68806
32
68947
87
69097
85
69367
8
69507
8
69557
81
69668
85
69778
73
69928
78
70138
68
70248
73
70399
32
70619
68
70859
8
70949
67
71030
73
71140
32
71390
80
71480
82
71570
79
71881
86
72191
79
72381
32
72562
82
72682
79
72922
8
73062
8
73143
79
73173
82
73463
65
73864
190
75566
13
75746
80
75816
65
76057
90
76107
73
76417
69
76557
78
76708
90
76928
65
77098
32
77459
83
77689
69
77749
32
77919
78
78010
79
78390
8
78500
69
78580
32
78751
70
78871
65
79051
67
79211
67
79281
73
79422
79
79642
32
79832
85
80022
78
80183
79
80253
32
80433
73
80623
78
80734
32
80944
80
81094
73
81294
85
81525
219
82176
190
82516
32
82706
72
82897
79
83207
80
83387
69
83477
82
83638
79
83808
219
84068
8
84239
8
84389
8
84529
8
84669
8
84779
32
84920
80
85120
69
85200
82
85310
79
85520
219
85691
32
86101
85
86302
78
86412
65
86522
32
86712
84
86832
69
86972
82
87183
79
87423
8
87563
8
87623
79
87704
82
87944
73
88074
65
88284
190
88495
32
88915
71
89055
76
89146
73
89246
32
89356
69
89586
83
89726
83
89867
69
89927
82
90047
69
90377
73
90538
32
90708
85
90968
8
91108
8
91489
32
91659
85
91930
77
92090
65
92140
78
92360
73
92540
32
92771
78
92941
79
93031
78
93121
32
93252
83
93292
79
93442
78
93582
79
93642
32
93852
70
94013
69
94213
8
94353
8
94423
68
94443
69
94573
84
94674
69
94794
82
94984
77
95284
73
95495
78
95635
73
95745
83
95965
84
96116
73
96296
67
96506
73
97077
190
97247
32
97397
78
97528
79
97638
78
97738
32
97908
80
98068
79
98219
83
98379
83
98589
79
98799
78
99190
79
99330
32
99450
69
99661
83
99821
83
99921
69
00031
82
00312
76
00492
79
00582
32
00752
80
00852
69
00963
82
01543
32
01874
81
02004
85
02094
69
02244
83
02385
84
02445
73
02565
79
02585
78
02805
73
02955
32
03146
68
03256
73
03426
32
03697
86
03997
8
04017
69
04167
86
04297
79
04518
76
04698
85
04858
84
04948
73
05068
79
05089
78
05339
8
05479
8
05609
8
05729
8
05810
90
05930
73
06060
78
06130
79
06460
8
06591
8
06741
79
06881
78
06921
69
07081
32
07212
78
07312
65
07642
84
07993
85
08333
82
08584
65
08724
76
09004
190
09365
8
09455
69
09605
190
10446
32
10727
80
10867
69
10937
82
11057
32
11267
69
11468
83
11528
69
11688
82
12719
8
12920
77
13110
80
13270
73
13471
79
13621
32
13771
76
13871
65
13951
32
14122
84
14252
69
14622
79
14732
82
15023
65
15283
8
15594
73
15744
65
15914
32
16074
68
16184
69
16445
73
16745
32
17016
71
17136
73
17246
79
17566
67
17667
72
17767
73
17907
32
18217
67
18288
73
18388
32
18498
83
19069
80
19219
69
19690
8
19820
73
19930
69
20210
71
20391
65
20521
32
20961
67
21041
72
21192
69
21362
32
21492
73
21632
78
21702
32
21893
65
22023
76
22183
67
22303
85
22504
78
22874
69
23014
32
23375
83
23545
73
23715
85
23755
84
24346
8
24496
8
24607
84
24827
65
25137
8
25268
85
25518
65
25788
90
25858
73
25939
79
25969
78
26409
73
26559
32
26730
76
26870
65
27100
32
27561
83
27901
79
28142
76
28262
85
28622
90
28692
73
28743
79
28823
78
28913
69
29083
32
29213
77
29403
73
29424
85
29644
71
29894
8
30014
8
30044
71
30165
76
30265
73
30425
79
30645
82
30685
69
30966
32
31807
186
31897
32
32057
76
32157
65
32228
32
32428
82
32648
65
32758
78
32888
68
32999
79
33159
77
33299
73
33549
90
33730
90
33890
65
34150
90
34240
73
34311
79
34351
78
34461
69
34601
32
34721
68
34791
69
35042
73
37195
8
37345
8
37505
8
37625
8
37685
16
37856
190
37986
32
38396
85
38577
78
38787
65
38937
32
39248
83
39348
84
39538
65
39608
82
39899
84
40199
8
40359
8
40509
8
40570
82
40640
65
40750
84
40960
69
41210
71
41441
73
41641
65
41741
32
41861
67
41942
72
42052
69
42122
32
42602
86
42833
65
42913
32
43083
85
43213
78
43334
32
43484
80
43594
79
43854
219
43984
32
44145
68
44345
65
44395
32
44545
32
44746
85
44906
78
45056
65
45266
32
45447
80
45567
65
45737
82
45897
84
46097
69
46268
32
46798
69
46939
32
47159
85
47359
77
47520
32
48411
80
48561
79
48751
219
48932
32
49102
68
49192
69
49502
8
49623
65
49743
76
49873
76
50073
219
50334
76
50464
65
50644
8
50774
8
50854
65
50964
76
51085
84
51235
82
51726
65
51936
190
52166
32
52306
81
52407
85
52537
73
52747
78
52867
68
53007
73
53478
32
54379
65
54580
78
54720
67
54790
72
54840
69
54970
32
55130
76
55201
65
55321
32
55481
77
55631
73
55751
83
56042
8
56122
65
56222
32
56442
66
56583
65
56733
84
56883
84
56963
73
57244
84
57504
85
57804
82
58085
65
58265
32
58445
78
58555
79
58686
78
58786
32
59306
186
59417
32
59597
68
59657
69
59867
84
59957
69
60138
77
60288
73
61009
8
61329
8
61430
82
61540
77
61620
73
61770
78
61890
73
62010
65
62311
8
62862
83
62992
84
63112
73
63262
67
63573
65
63703
32
63853
69
64574
68
64714
32
65025
69
65505
8
65686
186
65696
80
65826
32
66136
8
66287
8
66397
32
66517
80
66587
69
66657
82
66767
32
67038
81
67098
85
67198
73
67308
69
67598
8
67739
8
67799
69
67949
85
68540
8
68600
83
68700
84
68810
79
68920
32
69201
67
69281
72
69541
69
69721
32
69862
73
70042
32
70302
77
70453
73
70743
69
71073
73
71194
32
71394
68
71514
65
71644
84
71774
73
71845
32
71995
83
72095
79
72245
78
72385
79
72485
32
72576
68
72666
73
72886
70
73066
70
73146
73
73307
67
73367
73
73777
76
73938
73
74158
32
74318
68
74458
65
74619
32
74949
85
75169
76
75289
73
75330
84
75920
8
76071
8
76211
8
76301
84
76391
73
76581
76
76681
73
76782
90
76922
90
77102
65
77322
82
77392
69
78144
32
78274
80
78354
69
78444
82
78504
32
78664
85
78865
78
79285
32
79395
65
79526
80
79686
80
79776
82
79866
69
80066
78
80337
68
80787
73
81388
84
81528
79
81649
82
81929
69
82079
190
82460
32
82570
69
82860
82
83101
71
83171
79
83281
32
83471
73
83732
79
83882
32
84042
83
84122
79
84242
78
84383
79
84473
32
84613
85
84763
78
84843
32
85033
80
85154
65
85344
83
85504
83
85785
79
85915
32
86095
65
86315
86
86696
65
86816
78
86936
84
87056
73
87147
32
87337
78
87437
69
87938
76
88088
76
88288
219
88298
48
88438
69
88769
8
88919
8
88999
69
89230
86
89420
85
89670
8
89850
79
90171
76
90291
85
90622
73
90652
79
91002
8
91152
8
91232
90
91333
73
91453
79
91483
78
91613
69
91793
32
92064
68
92144
69
92264
76
92434
76
92524
65
92785
32
93145
83
93285
80
93385
69
93676
68
94026
8
94137
67
94277
73
94417
69
94647
190
95038
190
95268
190
95859
32
96240
70
96280
73
96450
78
96610
73
96750
84
96961
79
97081
32
97221
80
97331
69
97912
67
98132
67
98323
65
98593
84
98923
79
99004
32
99184
77
99324
73
99474
32
99845
67
99915
73
00065
32
00175
83
00335
84
00616
65
00916
86
01417
79
01587
32
01687
65
01868
66
02058
73
02218
84
02368
85
