32261
80
32482
65
32592
82
32772
76
32862
65
33053
73
33303
8
33443
8
33533
73
33734
65
33854
77
34014
79
34094
32
34204
79
34294
71
34465
71
34685
73
34855
32
35005
68
35356
73
35486
32
35626
83
35757
80
35857
65
36027
77
36468
32
36568
69
36768
77
36838
65
37018
73
37259
76
37499
190
37689
32
37819
67
37890
79
38060
77
38080
69
38280
32
38350
83
38490
73
38781
32
39051
70
39181
65
39302
32
39452
65
39882
32
40583
83
40664
79
40824
80
40914
82
41184
65
41495
86
41625
86
41745
73
42026
86
42186
69
42286
82
42526
69
42837
32
42967
65
43538
68
43628
32
43808
85
43938
78
44048
32
44369
68
44459
73
44920
76
45030
85
45270
86
45340
73
45440
79
45631
32
45721
68
45861
73
45951
32
46332
68
46442
69
46552
67
46652
73
46802
83
46872
78
47203
8
47343
8
47553
78
47664
69
47854
32
48094
78
48345
8
48405
68
48485
73
48575
32
48715
77
48855
65
48996
73
49006
85
49206
76
49476
8
49626
8
49737
76
49847
32
49937
83
50087
79
50418
8
50578
85
50818
32
50938
67
51018
79
51179
69
51189
77
51770
8
51900
8
52050
77
52100
69
52290
32
52430
68
52661
85
53101
8
53212
73
53422
77
53502
65
53953
71
54113
82
54233
73
54503
82
54594
69
54814
32
54984
77
55094
65
55255
78
55505
71
55605
73
55725
65
55976
78
56116
68
56246
79
56336
32
57087
68
57197
79
57388
76
57698
67
57918
73
58069
32
58189
68
58309
73
58389
32
59090
8
59250
8
59370
8
59551
8
59701
188
59971
32
60112
67
60172
79
60312
77
60362
69
60622
32
60762
83
61193
80
61313
69
61453
78
61574
68
61684
69
61804
82
61874
69
62134
32
62245
65
62385
80
62505
82
62595
69
62765
78
63727
68
64027
79
64177
32
64428
77
64648
85
64768
84
64918
85
65149
73
66691
32
66841
83
66991
85
67292
8
67352
69
67482
78
67662
90
67853
65
67993
32
68504
71
68584
65
68734
82
68744
84
68844
65
68964
78
69165
90
69996
8
70156
8
71408
78
71728
65
71999
8
72079
90
72179
73
72389
65
72660
32
72880
65
73100
8
73160
69
73371
67
73521
67
73671
69
73711
32
73891
67
74062
67
74492
190
74833
8
74933
67
75213
8
75353
8
75484
8
75574
69
75864
67
76054
67
76225
190
76385
32
76535
77
76605
69
76735
78
76896
79
76976
32
77156
77
77346
65
77607
76
77727
69
77827
32
78007
67
78548
72
78708
69
78848
32
78919
78
79049
79
79149
78
79199
32
79369
83
79489
85
79489
73
79910
8
80040
8
80170
73
80331
32
80471
80
80591
65
80751
71
80881
65
81282
32
82414
80
82484
69
82564
82
82644
32
82884
82
82954
73
83155
67
83325
69
83906
86
84006
69
84136
82
84236
69
84396
32
84517
76
84867
69
84977
32
85128
77
85228
65
85348
73
85558
76
85909
32
86019
65
86129
76
86269
84
86429
82
86680
73
86810
77
87010
69
87040
78
87211
84
87321
73
87441
32
87691
83
87912
65
88012
73
88082
32
88212
67
88322
72
88452
69
88522
32
88773
83
88893
65
89023
76
89133
65
89414
83
89584
83
89714
79
89995
190
90435
32
91096
83
91196
69
91316
32
91577
86
91697
79
91907
71
91997
76
92098
73
92208
65
92358
77
92518
79
92638
32
92989
86
93129
69
93259
68
93369
69
93480
82
93550
69
93700
32
93850
73
94060
76
94140
32
94271
76
94331
65
94481
84
94621
79
94711
32
94982
80
95062
79
95212
83
95392
73
95573
84
95703
73
95893
86
96324
79
96394
32
96524
68
96654
69
96754
76
96884
76
97015
65
97145
32
97325
67
97415
79
97565
83
97746
65
98507
188
98677
32
99058
76
99388
219
99508
69
99698
83
99839
73
99949
83
00119
84
00229
69
00389
77
00409
78
00820
8
00980
8
01231
78
01381
90
01581
65
01791
32
01932
68
02042
69
02122
76
02272
76
02332
69
02653
32
02743
83
03043
80
03264
65
03684
77
03784
32
04055
77
04195
65
04295
73
04585
76
04706
32
04896
73
05086
77
05286
80
05397
69
05597
68
05747
73
06348
67
06468
72
06628
69
06849
32
07119
76
07289
65
07440
32
07600
68
07930
8
08070
8
08221
8
08351
8
08501
8
08641
8
08782
8
08922
8
09012
83
09062
67
09503
69
09623
32
09823
78
10103
8
10244
76
10354
65
10444
32
10724
69
11015
8
11165
78
11265
65
11686
83
11806
67
12196
73
12327
84
12727
65
12837
32
13038
68
13328
73
13418
32
13548
85
13859
8
14019
73
14149
78
14199
84
14309
69
14400
82
14510
69
14710
78
15041
8
15181
8
15351
78
15441
84
15561
69
15932
8
16062
8
16142
69
16162
84
16282
32
16443
65
16533
32
16713
80
16813
65
17384
71
17564
65
17684
77
17855
69
18115
78
18225
84
18335
69
18656
8
18826
79
18896
16
19056
190
19166
32
19277
67
19347
72
19457
69
19928
8
20148
73
20558
32
20719
80
20869
65
21119
71
21620
72
21740
69
21830
82
21890
69
22351
66
22491
66
22581
69
22732
32
22972
80
23052
69
23132
82
23282
32
23423
70
23703
8
23783
82
23803
73
24013
67
24194
69
24324
82
24694
86
24714
8
24835
69
24955
82
25095
69
25265
8
25425
8
25576
8
25696
8
25766
86
25916
69
25976
82
26076
69
26397
32
26657
86
26797
65
26908
76
27008
65
27138
78
27418
71
27518
65
27709
84
27829
69
27989
32
28159
68
28270
73
28360
32
28560
77
28650
65
28780
73
29191
76
29712
32
30333
76
30433
65
30543
32
30743
77
30863
65
31074
84
31234
84
31314
73
31564
78
31674
65
31835
32
32025
69
32125
32
32325
80
32405
65
32726
71
32876
65
33016
82
33157
69
33317
32
33477
76
33597
65
33687
32
33978
84
34078
69
34258
78
34569
8
34759
76
34849
69
35089
67
35260
79
35580
77
35780
16
35850
219
36071
32
36281
78
36361
69
36612
83
36772
83
36892
85
37182
77
37523
8
37703
78
37893
79
38184
190
38474
32
38644
81
38715
85
38835
73
38985
78
39175
68
39315
73
39526
32
39666
73
39796
78
39866
84
39956
69
40077
82
40237
78
40387
69
40577
84
40948
32
41348
78
41509
79
41589
78
41699
32
42009
80
42320
85
42590
79
43051
219
43111
32
43271
67
43371
72
43471
69
43562
32
43722
82
43812
73
43962
77
44032
65
44373
78
44483
69
44553
82
44683
69
45374
32
45494
71
45685
82
46205
65
46346
84
46566
85
46866
73
47097
82
47437
8
47517
84
47707
65
47888
32
48018
80
48088
69
48178
82
48479
32
48559
84
48709
85
48849
84
48999
84
49079
73
49380
190
49590
32
49690
65
49801
76
49951
77
50011
69
50171
78
50311
79
50451
32
50672
80
50812
83
51082
8
51223
8
51293
83
51383
80
51463
69
51663
82
51843
73
52114
65
52314
77
52564
79
52755
32
52825
67
52945
72
53025
69
53155
32
53326
82
53426
73
53586
77
53656
65
53786
78
54087
71
54197
65
54788
32
54978
67
55068
79
55198
83
55379
73
55599
219
56300
190
58453
32
58633
73
58713
69
58813
82
58954
73
59104
32
59374
72
59585
79
59715
32
59825
83
59925
69
60025
78
60105
84
60276
73
60436
84
60556
79
60636
32
60876
85
61047
78
61167
65
61357
32
61537
84
62088
69
62258
83
62429
73
62719
32
62879
77
63040
79
63230
76
63320
84
63510
79
63610
32
63771
73
63891
78
63931
84
64051
69
64171
82
64281
69
64702
83
64862
83
65072
65
65213
78
65343
84
65643
69
66334
32
31909
83
32019
85
32209
32
34122
77
34212
65
34612
73
34943
8
35123
78
35283
73
35484
80
35654
79
35834
76
35934
65
36195
90
36245
73
36325
79
36365
78
36485
69
36615
32
36725
68
36856
73
37026
32
37216
70
37366
73
37587
76
37637
69
37757
32
37857
68
38027
73
38158
32
38328
76
38508
79
38698
71
38869
71
38939
73
39079
78
39489
32
41713
8
42033
71
42544
190
42714
32
43095
85
43205
78
43305
65
43445
32
43575
84
43766
84
43936
8
44066
8
44096
65
44176
84
44346
84
44427
73
44647
86
44837
73
44987
84
45198
192
45568
8
45839
222
45929
32
46069
77
46259
79
46439
76
46530
84
46690
79
46830
32
46980
73
47110
78
47181
84
47271
69
47391
82
47491
69
47751
83
47932
83
48022
65
48172
78
48292
84
48412
69
48583
32
48893
67
48993
72
49123
69
49284
32
49404
80
49644
79
50045
84
50505
82
50565
69
50996
66
51156
66
51347
69
52568
32
53009
70
53179
82
53279
85
53379
84
53520
84
53640
65
53760
82
53900
69
54121
32
54311
85
54481
78
54591
32
54741
83
54872
65
55062
67
55252
67
55342
79
55452
32
55593
68
55733
73
55813
32
55993
81
56113
85
56234
65
56424
84
56634
84
56854
82
56965
73
57125
78
57355
73
57736
190
58256
32
58437
65
58557
76
58697
84
58837
82
58917
79
59028
32
59188
67
59268
72
59368
69
59478
32
59749
66
59939
82
60019
69
60309
86
60530
69
60710
84
60850
84
61261
73
61521
16
61691
49
61912
32
62032
67
62162
73
62282
65
62533
79
