00360
69
00690
83
01340
83
01510
67
01730
82
01780
73
01950
86
02110
69
02280
82
02330
69
02770
32
02940
79
03100
32
03210
78
03380
79
03490
78
03490
32
03650
83
03820
67
03980
82
04040
73
04200
86
04310
69
04420
82
04480
69
04750
32
04910
81
05020
85
05130
69
05240
83
05410
84
05520
79
05570
32
06120
69
06510
222
06670
32
06840
73
06950
76
07060
32
07170
80
07220
82
07280
79
07550
66
07720
76
07830
69
07940
77
08210
65
08490
190
09030
32
09140
83
09250
79
09530
68
10630
68
10740
73
10900
70
11290
83
11730
70
11950
65
12000
83
12060
82
12660
82
12770
69
12820
32
12990
73
13150
32
13480
66
13650
73
13870
83
14200
79
14310
71
14420
78
14530
73
14640
32
14690
83
14860
67
15020
69
15080
73
15240
78
15300
84
15460
73
15790
70
16010
73
16170
67
16280
73
16340
32
16450
68
16560
69
16720
76
16940
32
17160
71
17490
78
17600
85
17930
69
18100
84
18210
84
18260
73
18370
32
18540
80
18920
79
19140
80
19250
80
19420
73
20070
85
20180
82
20240
69
20620
32
20680
83
21010
65
21610
84
21670
84
22050
65
22220
82
22550
83
22770
69
22820
83
23590
78
23640
69
23810
32
23920
65
24030
32
24140
76
24300
69
24800
71
25020
71
25130
69
25240
82
25290
69
25570
32
25680
73
25950
76
26120
32
26340
71
26500
73
26610
79
26780
82
26890
78
27050
65
27270
76
27380
69
27490
32
27650
83
27710
85
27930
32
28090
73
28260
78
28260
84
28370
69
28480
82
29080
78
29740
69
29800
84
30400
190
30570
32
30620
16
30780
76
30950
65
31220
32
31390
68
31500
69
31660
67
31770
73
31770
79
31880
83
32930
83
33040
73
33150
79
33200
78
33310
69
33480
32
33640
78
34350
78
34520
79
34630
78
34680
32
35400
222
35840
69
35950
186
35950
222
36060
32
37380
186
37980
222
38090
32
38250
70
38310
65
38470
67
38690
73
38910
76
39020
69
39680
16
39850
186
39960
32
40290
69
40510
222
40620
32
40840
77
40890
69
41220
71
41330
76
41390
73
41610
79
41770
32
42150
65
42210
78
42370
68
42480
65
42700
82
42810
69
42980
32
43140
73
43250
78
43310
32
43470
67
44900
86
44960
65
45230
67
45340
65
45450
78
45720
90
45940
65
46490
32
46710
73
46880
78
47870
32
47980
67
48090
65
48200
78
48310
65
48580
68
48690
65
49130
32
49290
79
49460
80
49620
80
49730
85
49950
82
50060
69
50340
32
51550
65
51660
32
51820
84
51930
79
52970
75
53580
89
53850
79
54130
190
54950
16
55720
191
55830
32
56000
67
56110
79
56220
77
56270
69
56380
32
56650
83
56760
73
56820
32
56980
80
56980
79
57150
85
58190
85
58250
73
58850
79
59400
222
59680
32
59900
70
59950
65
60610
65
60830
82
60940
69
61050
32
61210
65
61270
32
61540
68
61930
69
62090
67
62370
73
62700
68
62810
69
62970
82
63030
69
64230
13
65390
78
65550
79
65660
78
65720
32
66270
69
66380
222
66490
32
66600
67
66710
72
66870
69
66930
32
67040
84
67150
85
67310
84
67470
84
67640
79
68080
73
68240
32
68680
81
68960
85
69290
69
69560
83
69670
84
69840
73
70000
32
70170
77
70280
69
70440
83
70610
83
70720
65
71150
71
71260
71
71320
73
71590
32
72310
86
72470
69
72690
82
72800
82
72910
65
73080
78
73240
78
73410
79
73520
32
73740
82
73900
65
74230
67
74400
67
74510
79
74730
76
74840
84
75000
73
75110
32
75440
73
75550
78
75600
32
75770
85
75880
78
75990
32
76260
76
76430
73
76590
66
76590
78
77800
82
78240
79
78520
32
79170
83
79340
84
79450
73
79670
76
79780
69
80220
32
80380
83
80490
80
80880
69
80990
82
81150
73
81430
65
81590
77
81760
79
81810
32
81920
67
81980
72
82090
69
82200
32
82300
73
82520
79
82690
32
82800
77
82800
78
82910
69
83510
69
83730
32
84170
76
84280
65
84780
32
84890
67
84940
65
85380
86
85600
79
85880
32
86370
69
86590
32
86920
73
86920
85
87140
76
87250
32
88900
76
89280
32
89450
71
89560
78
89720
85
90540
85
90760
78
91040
69
91090
84
91200
84
91640
73
91810
32
92080
70
92140
73
92360
78
93340
73
93510
83
93620
67
94110
69
94330
32
94390
67
94500
72
94550
69
94720
32
94770
68
94940
73
95050
86
95210
69
95320
78
95760
84
96370
65
96480
32
96640
82
96810
73
96970
67
97190
67
97300
79
97460
32
97570
65
97680
32
98120
83
98290
67
98560
65
98670
80
98840
73
99000
84
99110
79
99170
32
99390
78
99550
79
99660
84
99990
83
00100
84
00270
82
00490
79
00760
16
01090
16
01140
16
01200
16
01310
16
01360
16
01470
16
01640
16
01690
191
02020
32
02190
83
02350
69
02520
32
03730
67
03840
79
04060
77
04220
68
04930
78
04990
68
05150
79
05210
32
05590
77
06140
69
06310
32
06530
78
06690
79
06690
80
06800
78
06860
32
07080
72
07190
65
07350
32
07460
83
07570
79
07740
76
07900
79
07960
32
08120
83
08280
67
08390
79
08610
80
08780
73
08890
32
09000
83
09110
67
09220
73
09490
69
09660
78
09770
84
09880
73
10210
67
10320
73
11360
70
11470
73
11580
67
11800
73
12460
32
12510
76
13390
81
13610
85
13720
69
13940
83
14050
84
14220
79
14330
32
14660
70
14820
79
14880
82
15320
77
15640
190
16140
32
16250
67
16690
222
17240
69
17400
222
17570
32
18010
65
18120
76
18280
77
18500
69
18610
78
18780
79
18830
32
19050
85
19380
78
19540
32
19650
80
19760
82
20480
69
20590
77
20810
73
20970
79
21140
32
21360
80
21410
69
21690
82
21690
32
22350
73
22510
76
22570
32
22680
77
22730
69
23000
83
23170
83
23330
65
23500
71
23660
71
23720
73
23830
79
23990
32
24100
80
24320
85
25040
73
25810
85
26080
186
26190
222
27560
222
27780
32
27890
68
28060
73
28110
86
28330
69
28440
82
29490
84
29600
65
30090
69
30250
78
30250
84
30420
69
31020
16
31350
16
31410
16
31520
16
31570
191
31790
32
31960
78
32070
79
32180
32
32180
78
32290
83
32400
73
32450
32
32620
80
32730
79
32890
84
33060
69
33330
86
33930
65
34100
32
34260
79
34480
82
34650
71
34810
65
34980
78
35200
73
35200
90
35420
90
35580
65
35750
82
36080
65
36570
69
36680
32
36900
73
37070
32
37230
77
37340
69
37560
83
37720
83
37830
65
38050
71
38220
71
38380
73
38600
32
38710
73
38820
78
38930
32
39150
85
39320
78
39370
32
39810
78
40310
69
40470
87
40690
83
41240
71
41460
82
41570
79
41730
85
42280
80
42390
32
42560
68
42670
73
42780
32
43160
68
43270
73
43380
83
43550
67
43710
85
43990
83
44150
83
44210
73
44320
79
44430
78
44590
69
44760
32
44920
67
45080
79
45300
83
45520
73
46180
222
46240
32
46290
67
46460
73
46620
32
46790
68
47060
73
47230
86
47500
69
47670
82
47890
84
48110
79
48550
73
48870
66
49310
86
49420
65
49590
78
50080
77
50250
79
50360
32
50360
68
50470
73
50690
32
51130
219
51900
80
52060
73
52280
85
52550
222
52990
32
53160
65
53430
32
53430
65
53430
76
53600
69
55030
71
55190
71
55300
69
55410
82
55470
69
55800
32
56180
67
56230
79
56340
83
56560
32
56620
65
56950
83
57060
67
57280
82
57330
73
57660
86
57830
79
57990
78
58870
79
59200
32
59590
71
59690
76
59800
73
59970
32
60130
65
60460
76
60630
84
60790
82
60960
73
61070
32
61290
67
61450
79
61560
76
61730
76
61730
69
61890
84
62550
71
62720
72
62830
73
63540
16
63760
189
64310
16
64970
191
65130
32
65460
83
65630
80
65680
69
65850
82
66070
79
66120
67
66730
32
66950
67
67160
73
67330
32
67490
83
67600
73
67880
65
67990
32
68150
85
68260
78
68320
32
68480
67
68590
73
68700
78
68760
84
68980
65
69140
84
69360
82
69420
79
69640
82
69750
69
69970
32
70130
67
70240
72
70350
69
70520
32
70630
77
70730
73
71060
32
71230
68
71340
73
71720
67
71830
69
72110
32
74470
81
74630
85
74800
65
74850
78
75070
68
75240
79
75510
32
75840
68
75950
69
76230
86
76390
79
76500
32
76830
69
77220
83
77330
69
77440
77
77710
69
78530
77
78530
69
78640
84
78810
84
78920
69
79030
82
79080
69
79190
32
79300
68
79410
73
79520
32
79740
83
79850
67
80020
82
80070
73
80240
86
80400
69
80510
82
80620
69
81010
32
81060
67
81390
65
81610
86
81990
79
81990
76
82050
65
82210
84
82430
69
83090
32
83200
67
83370
73
83530
65
83750
79
83920
32
83920
71
84030
85
84140
73
84250
68
84410
79
