33315
16
33535
79
33876
8
34507
80
34657
65
34807
82
34987
84
35117
73
35298
84
35628
65
35839
32
36580
16
36720
73
36860
84
37040
65
37361
76
37571
73
37891
69
38232
8
38322
65
38462
189
39374
16
39534
69
39724
81
39844
85
39954
65
40615
68
40816
79
40906
82
41497
188
41667
32
41757
67
41867
72
42017
69
42107
32
42208
78
42318
79
42438
78
42458
32
42598
83
42748
79
42798
32
43910
68
44000
79
44321
86
44441
69
44581
32
44661
83
44761
73
44931
65
45112
32
45242
78
45402
69
45923
8
46113
186
46233
32
46323
83
46604
69
46724
32
47135
83
47255
73
47455
32
47555
83
48326
67
48547
82
48647
73
48887
86
49137
65
49258
32
49338
67
49478
79
49628
78
49728
32
50079
76
50169
65
50319
32
50640
81
50960
32
51501
70
51911
8
52052
68
52242
85
52572
8
52692
73
52843
32
53263
81
53413
85
53534
65
53904
68
54185
82
54385
79
54675
190
55136
32
55316
16
55697
70
55827
79
55947
82
56067
77
56157
65
56368
84
56728
8
56798
90
56928
73
56999
79
57079
78
57569
73
58300
8
58390
69
58631
16
58691
190
58901
32
59362
16
59903
16
59943
16
59973
16
60003
16
60043
16
60073
16
60103
16
60143
16
60173
16
60173
90
60353
79
60544
70
60694
70
60924
188
61225
32
61455
67
61615
85
62246
8
62386
8
62446
16
62526
67
62637
85
62877
67
63007
67
63117
85
63528
82
63668
69
63928
68
64099
68
64409
85
64790
32
65260
8
65440
188
65531
32
65651
16
65811
77
65971
65
66071
76
66272
73
66732
8
66782
68
66913
73
67043
78
67163
73
67293
32
67333
16
67433
56
67734
80
67844
65
68114
70
68315
82
68595
8
68745
8
69386
68
69546
82
69656
69
69917
16
70037
57
70718
188
70898
32
70988
67
71159
65
71169
20
71559
8
71659
16
71709
8
71789
67
71970
65
72170
85
72490
8
72641
8
72841
16
73252
8
73422
67
74213
8
74393
20
74634
16
74814
67
75124
65
75735
85
75925
83
76086
73
76296
79
76566
188
76716
32
76827
67
76907
79
77057
78
77107
84
77327
8
77488
8
77628
16
77638
8
77758
8
77828
67
77978
79
78169
78
78289
84
78469
69
78739
32
79080
8
79300
188
79360
32
79480
16
80031
16
80061
16
80091
16
80121
16
80161
16
80191
16
80221
16
80251
80
80442
82
80522
85
80792
90
80952
90
81263
79
81573
188
81884
32
83726
16
84117
83
84317
67
84437
73
84548
82
84638
69
85108
65
85519
188
85659
32
85799
16
86110
71
86280
69
86450
78
86530
84
86701
73
86981
76
87312
69
87532
188
87732
32
93661
69
94031
32
94331
80
94472
79
94672
73
94862
16
94932
219
95753
32
96334
67
96434
79
96595
77
96635
69
96775
32
96895
83
96985
73
97055
32
97416
82
97546
73
98818
8
98988
8
99068
67
99188
72
99389
73
99619
65
99759
77
99999
79
00360
8
00440
65
00700
86
00881
65
01011
78
01181
79
01341
32
01532
71
01632
76
01682
73
01792
32
01942
65
02042
76
02183
84
02353
82
02473
79
02874
8
02984
73
03154
16
03254
219
03705
189
04115
8
04486
32
04596
67
04696
79
04846
77
04886
69
05017
32
05147
83
05257
73
05307
32
06048
70
06138
65
06278
82
06879
222
07009
32
07170
65
07310
32
07680
83
07891
8
07971
70
08101
69
08311
83
08431
84
08642
69
08982
70
09213
70
09343
73
09563
8
09723
8
09853
8
09984
71
10124
71
10294
73
10494
65
10705
82
10815
69
10985
32
11135
65
11245
76
11416
76
11666
69
11836
32
12227
84
12407
82
12417
69
12497
69
13198
8
13499
32
13629
68
13699
69
13839
76
13979
32
14089
80
14220
79
14420
77
14550
69
14760
82
14851
73
15071
67
15161
67
15391
8
15572
8
15692
71
15832
71
15962
73
16062
79
16333
32
16503
73
16643
78
16723
32
16853
80
17114
73
17294
69
17424
78
17705
65
17815
32
18005
83
18105
73
18255
83
18406
69
18726
8
18866
8
18926
69
19067
78
19127
84
19507
8
19647
8
19697
83
19778
84
20248
65
20509
16
20619
219
20929
32
21550
71
21690
73
21840
65
22321
219
22642
8
23142
219
23303
32
23483
79
23483
71
23823
8
24304
71
24434
71
24604
73
24705
32
24985
83
25135
69
25265
77
25446
66
25526
82
25836
65
26076
32
26227
78
26347
79
26447
78
26487
32
26627
69
26848
83
27038
83
27148
69
27208
82
27629
67
27859
73
28089
80
28490
8
28580
32
28810
80
29121
73
29291
85
29842
191
30102
32
30403
66
30433
78
30503
69
30993
8
31134
8
31274
8
31444
78
31494
69
31684
83
31835
83
31915
85
32125
77
32415
8
32566
78
32706
79
32806
32
32916
73
33056
78
33126
32
33297
80
33617
8
33827
70
34318
8
34809
68
34949
73
35149
80
35270
65
35400
82
35570
84
35650
73
35830
77
35950
69
36031
78
36171
84
36331
79
36702
32
37022
8
37262
32
37683
8
37883
190
38013
32
38144
65
38234
76
38424
77
38494
69
38644
78
38815
79
38895
32
39015
83
39095
73
39195
32
39365
83
39676
8
39756
82
39816
69
40016
83
40166
80
40807
73
40978
82
41178
65
41418
32
41588
77
41679
69
41839
71
42009
76
42079
73
42320
79
42680
190
43641
32
48899
73
49380
8
50862
80
51012
69
51412
78
51543
83
51973
65
52053
32
52163
67
52294
72
52654
69
52744
32
52965
73
53165
79
53295
32
53505
72
53726
79
53886
32
54036
80
54276
85
54607
82
54697
69
54887
32
55288
68
55408
85
55508
69
55638
32
55779
84
55879
69
56089
83
56199
73
56309
83
56460
84
56580
69
57010
8
57171
73
57271
32
57441
83
57781
8
57862
67
57962
72
58052
69
58152
32
58312
83
58392
79
58512
78
58663
79
58713
32
58843
65
58963
78
59083
67
59394
8
59534
68
60105
65
60215
84
60385
73
60555
32
60686
73
60836
78
60896
32
61407
16
61537
67
61727
79
61827
82
61927
69
62258
65
62538
188
62658
32
62789
78
62919
79
63019
78
63059
32
63209
80
63309
69
63379
82
63540
32
63770
86
63930
69
64150
68
64251
69
64331
82
64411
69
64611
32
64751
73
64902
32
65062
77
65382
79
65552
78
65723
68
65803
73
66093
76
66273
65
66524
8
66654
8
66774
65
66854
76
66954
73
67736
188
67886
32
68036
77
68146
65
68226
32
68366
80
68537
69
68777
82
68887
32
69017
67
69188
85
69378
82
69568
65
69708
82
69989
69
70079
32
70269
73
70339
32
70469
84
70600
73
70790
84
71020
79
71220
76
71421
73
71561
32
71681
73
71811
78
71911
32
72022
83
72122
79
72673
70
73253
8
73303
86
73524
82
73674
65
73914
78
74275
8
74455
73
74575
77
74776
80
74876
82
74926
69
75116
83
75266
73
75276
83
75336
79
75396
78
75807
8
75957
8
76097
8
76238
8
76328
83
76458
73
76558
79
77009
78
77139
69
77269
32
77640
68
77830
65
77980
84
78120
79
78180
32
78260
67
78341
72
78441
69
78531
32
78801
76
79252
219
79552
65
79672
80
79833
80
80193
65
80323
76
80504
84
80774
79
80944
32
81115
76
81255
65
81665
8
81926
219
82436
72
82557
65
82647
32
82837
86
82907
73
83067
78
83087
71
83538
8
83608
84
83748
79
83949
32
86542
85
86692
78
87474
65
87584
32
87714
68
87814
73
87974
84
88154
84
88275
65
88385
32
88555
68
88645
73
88745
32
88896
84
89116
79
89286
82
89376
73
89506
78
89657
79
89727
32
89877
67
89967
72
90107
69
90197
32
90308
78
90408
79
90518
78
90568
32
90698
83
90828
79
91299
32
91399
67
91459
79
91599
77
91649
69
91800
32
91920
83
91980
73
92090
32
92320
67
92411
72
92631
73
92911
65
93162
77
93712
65
93943
190
94293
32
98990
16
99120
80
99260
69
99360
82
99451
32
99711
79
99891
82
00001
69
00352
8
00422
65
00492
32
00642
73
00772
32
00973
83
01063
79
01253
84
01433
84
01644
79
01884
84
02014
73
02505
76
02885
8
02925
84
03086
79
03286
76
03456
79
03707
32
03917
8
04047
8
04147
73
04257
32
04337
83
04468
79
04638
78
04808
79
05038
32
05209
71
05349
73
05699
85
05890
83
06030
84
06220
73
06521
188
07692
8
07943
190
08403
32
08734
67
09044
72
09144
73
09315
83
09465
83
09605
65
10436
8
10616
222
10737
32
10847
83
10957
69
11037
32
11207
82
11277
73
11488
85
11878
83
12018
67
12118
73
12439
82
12599
65
12729
78
12880
78
13040
79
13150
32
13260
65
13380
32
13651
70
13971
65
14051
82
14191
69
14312
32
14472
85
14612
78
14692
32
15223
66
15553
85
15744
79
15904
78
16024
32
16174
76
16274
65
16435
86
16585
79
16685
82
16835
79
17156
188
17296
32
17456
67
17546
79
17696
79
17716
76
18047
8
18197
8
18377
77
18477
69
18588
32
18728
76
18908
79
19008
32
19219
83
19379
84
19539
79
19619
32
19799
70
20040
65
20190
67
20420
68
20791
69
20941
8
21091
8
21171
69
21271
78
21382
68
21532
79
21712
32
21832
73
22103
79
22283
32
22413
82
22513
73
22754
69
22944
77
23134
80
23234
73
23475
69
23625
78
23745
68
23885
79
24075
32
24246
68
24756
8
24847
70
24937
73
25087
78
25377
69
25708
70
25988
8
26038
83
26168
67
26419
82
26769
8
26929
84
27140
8
27280
8
27370
84
27530
82
27691
73
27911
78
28061
69
28822
32
30014
73
30194
78
30635
8
31356
8
31556
68
31636
73
31726
32
31907
85
32087
78
32728
65
32858
32
32968
80
33108
65
33299
71
33489
73
33649
78
33669
69
33939
8
34120
65
34340
32
35021
87
35131
69
35171
66
35432
32
36112
68
36283
73
36363
32
36733
90
37064
8
37194
67
37374
65
37575
90
37735
90
37895
65
38075
84
38306
69
38586
32
38746
79
38997
71
39117
78
39227
73
39377
32
39627
71
39688
73
39788
79
39878
82
39998
78
40188
79
40529
32
40719
67
40829
73
41120
65
41350
79
41400
32
41610
71
42101
85
42211
73
42221
68
42401
79
