44295
69
44425
32
44646
83
44756
80
44836
69
44976
82
45066
73
45497
65
45577
77
45737
79
45867
32
45897
68
46028
73
46188
32
46208
69
46458
83
46629
83
46719
69
46789
82
46909
69
47069
32
47189
65
47370
82
47540
82
47680
73
47790
66
47800
86
48221
8
48361
8
48581
65
48932
8
49002
86
49142
65
49252
84
49433
73
49573
32
49673
65
49783
76
49923
76
50124
219
50344
85
50614
76
50714
84
50825
73
50995
77
51085
65
51225
32
51405
80
51616
85
51836
78
51936
84
52207
65
52357
78
52697
8
52777
84
52928
79
53198
8
53538
188
53579
65
53859
8
53999
8
54049
65
54179
188
54390
32
55672
68
55782
73
55842
32
56132
81
56232
85
56302
69
56473
83
56653
84
56893
65
57314
8
57474
79
57574
32
57734
76
57935
85
58085
78
58175
71
58656
72
58806
73
59347
83
59507
83
59607
73
59817
77
59998
79
60098
32
60238
80
60368
82
60498
79
60799
71
60929
69
61069
84
61209
84
61290
79
61370
32
61450
68
61570
69
61740
76
61790
32
62271
71
62441
85
62601
78
62692
69
62912
84
63062
84
63112
73
63222
32
63343
67
63763
72
63893
69
64003
32
64785
186
64935
32
65085
83
65205
84
65325
65
65426
84
65606
79
65676
32
65986
79
66066
83
66327
84
66477
65
66707
67
66818
79
66988
76
67058
65
67198
84
67448
79
67539
32
67669
73
67799
78
67889
32
68109
79
68270
71
68380
78
68540
73
68650
32
68800
77
68810
188
68921
79
69081
68
69501
8
69652
8
69872
8
70132
79
70132
73
70483
8
70743
78
70743
77
71324
8
71524
8
71685
68
71755
79
72015
68
72466
8
72586
32
72696
68
72906
65
73006
73
73127
32
73267
80
73437
82
73527
79
73707
80
73888
82
73988
73
74168
32
74418
67
74539
79
74749
76
74899
76
75039
69
75290
71
75790
72
76081
73
76832
16
77122
49
77693
32
78154
65
78274
78
78785
67
78835
72
79316
219
79556
73
79686
79
79796
32
79936
68
80047
69
80277
86
80477
79
80567
32
80788
68
80888
73
81058
82
81168
69
81388
32
81709
74
82029
8
82180
72
82370
79
82570
32
82730
82
82931
73
83111
83
83201
80
83321
69
83492
84
83632
84
83752
65
83852
84
84473
79
84553
32
85014
76
85234
219
85374
65
85575
67
85745
67
85915
79
85955
82
86486
68
86666
79
86816
32
87227
68
87347
73
87868
32
88028
78
88228
79
88429
78
88659
32
90401
65
90512
78
90622
67
90802
68
91173
8
91353
8
91433
68
91523
65
91703
82
91834
69
92064
32
92194
84
92384
82
92585
79
92785
80
92935
80
93045
79
93135
32
93456
86
93456
67
93656
69
94577
8
94718
8
94768
69
94878
76
95048
79
95138
71
95419
8
95499
67
95669
51
95709
32
96100
8
96250
8
96390
69
96801
32
97101
69
97211
32
97341
70
97502
65
97642
82
97802
69
97972
32
98143
84
98163
82
98303
85
99134
8
99284
8
99434
85
99545
84
99665
84
99935
219
99945
221
00416
65
00526
76
00907
8
01087
8
01227
8
01327
65
01427
76
01798
32
01918
80
02078
73
02719
191
02869
32
03070
85
03280
78
03450
79
03520
32
03811
85
04081
8
04231
79
04482
32
04682
68
04852
85
05022
69
05133
32
05273
77
05433
65
05583
73
06455
76
06565
32
06695
65
06935
76
07075
76
07156
65
07296
32
07396
83
07556
69
07726
84
07897
84
08137
73
08337
77
08548
65
08638
78
08738
65
09459
188
09579
32
09719
70
09799
79
09920
82
10070
83
10330
69
10490
32
10611
65
10751
78
10861
67
10961
72
11041
69
11151
32
11322
77
11482
69
11612
78
11792
79
12043
190
12243
32
13144
83
13274
69
13565
67
13605
79
13775
78
13855
68
14035
79
14506
32
14696
77
14777
69
14867
32
14997
80
15067
69
15177
82
15287
32
15548
80
15738
85
15918
78
16028
73
16409
90
16499
73
16579
79
16619
78
16759
69
18282
188
18402
32
18562
71
18732
85
18892
78
19003
69
19173
84
19333
84
19443
73
19543
32
19774
78
19924
79
20034
78
20134
32
20244
68
20345
73
20455
82
20905
222
21005
32
21256
81
21336
85
21476
65
21576
78
21726
68
21827
79
21877
32
22097
83
22307
79
22458
78
22598
79
22648
32
22748
65
22988
65
23299
82
23479
8
23609
8
23669
82
23809
82
23900
73
24160
86
24490
65
24611
84
24911
79
25292
32
25502
65
26123
76
26273
76
26363
65
26443
32
26654
85
26784
78
26894
68
27084
73
27234
67
27455
69
27785
83
27885
73
28006
77
28096
65
28216
32
28516
65
28947
8
29117
77
29237
65
29327
73
29548
76
29658
32
30068
73
30339
8
30409
69
30459
32
30649
77
30800
73
30880
32
31070
70
31170
65
31300
82
31631
222
31961
32
32041
65
32182
78
32272
68
32372
65
32552
82
32973
65
33223
8
33263
69
33343
32
33503
65
33764
86
33994
69
34104
78
34214
84
34345
73
34565
8
34715
8
34855
8
34976
8
35016
65
35186
78
35216
77
35266
84
35396
73
35637
8
35777
8
35917
8
35987
84
36117
73
36217
32
36378
65
36528
78
36888
8
36918
86
37239
65
37369
78
37669
84
37800
73
37990
32
38100
65
38290
86
38481
69
38551
78
38711
84
38821
73
38901
32
39011
65
39222
76
39372
76
39582
219
40343
73
40493
78
40674
68
40774
73
41044
8
41184
8
41245
70
41385
73
41515
78
41645
73
41775
84
41966
79
42196
190
42346
32
42476
80
42576
69
42677
82
42817
78
43187
8
43318
8
43468
78
43538
83
43768
65
44069
86
44269
79
49827
32
50007
73
50137
78
50308
79
50488
76
50508
84
50698
82
51199
69
52401
32
55515
17
55715
78
60032
72
60252
79
60342
32
60502
73
60673
78
60803
32
60893
77
61003
69
61103
78
61203
84
61464
69
61554
32
61774
85
61934
78
62415
219
62585
65
62745
80
63026
8
63206
76
63256
84
63426
82
63547
79
63867
32
66992
80
67092
82
67202
79
67402
71
67622
69
67783
84
67983
84
68133
79
68434
32
69786
68
69946
65
70096
32
70206
68
70737
8
70907
70
71278
65
71408
82
71508
69
71798
16
71889
190
72129
32
72259
82
72479
73
72640
67
72830
79
72980
78
73140
79
73291
83
73531
67
73761
73
73992
77
74022
69
74562
78
74633
84
74783
79
75103
32
75233
68
75334
73
75464
32
75604
69
75814
88
76115
8
76285
77
76445
79
76716
90
76916
73
77046
79
77096
78
77356
73
77677
32
77957
65
78078
32
78308
80
78378
65
78518
69
78538
82
78648
82
78959
8
79109
8
79249
8
79309
82
79480
84
79650
73
79780
82
79850
69
80120
32
80261
68
80531
65
80962
76
81212
76
83075
8
83175
32
83455
77
83585
79
83686
68
83816
79
84166
32
84937
68
85018
73
85168
32
94371
66
94451
65
94621
84
94812
84
94912
69
95042
82
95132
69
95322
32
95823
83
95873
85
96093
76
96224
76
96274
65
96374
32
96744
83
96965
8
97025
84
97195
65
97395
83
97525
84
97726
73
97876
69
97966
82
98086
69
98407
8
98477
65
98587
32
98707
68
98807
69
98938
76
99088
76
99158
69
99308
32
99468
80
99518
69
99588
82
99969
83
00129
79
00330
78
00400
69
00770
188
01071
8
01581
16
01671
190
01812
32
01912
83
02082
69
02092
52
02122
32
02773
8
02913
8
03003
32
03214
85
03384
78
03574
79
03784
32
04255
186
04375
32
04556
77
04706
79
04806
83
05106
67
05277
73
05477
79
05737
32
05898
83
06068
79
06068
80
06548
8
06639
86
06839
82
06999
65
07480
71
07650
73
07830
84
07981
65
08071
84
08471
79
09583
32
10554
65
10674
84
10855
84
10965
69
11065
78
11195
84
11345
79
11435
32
11926
83
12026
73
12126
32
12507
68
12587
79
12747
86
12948
82
13048
69
13288
66
13428
66
13488
69
13639
32
13769
80
13909
79
14109
84
14230
69
14360
82
15131
32
15571
82
15682
73
15812
67
15962
79
16142
78
16343
79
16523
83
16693
67
16813
69
16963
82
17054
69
17184
32
17304
67
17444
79
17584
83
17755
73
18295
219
18385
32
18776
79
18866
67
18996
77
19076
69
19427
32
20298
69
20519
85
20969
70
21079
79
21180
82
21420
73
21680
83
22091
8
22151
67
22231
79
22551
32
22802
83
22922
69
23232
67
23413
67
23513
65
23974
84
24224
79
24444
32
24544
83
24865
84
25185
78
25245
65
25486
8
25626
8
25666
65
25806
78
25886
67
26067
69
26417
8
26547
79
26868
190
27218
32
27398
77
27469
65
27629
71
27779
65
27919
82
28180
73
28360
32
28550
79
29321
8
29501
67
29672
79
30172
77
30393
66
30593
73
30823
78
30944
65
31214
78
31304
68
31484
79
31594
32
31675
65
31815
77
32255
8
32426
78
32516
67
32616
72
32736
69
32816
32
32976
73
33177
76
33297
32
33627
83
33728
73
33858
71
34058
78
34218
73
34579
70
34709
73
34839
84
35190
8
35300
67
35450
65
35580
84
35730
79
35811
32
35921
83
36071
69
36221
77
36341
69
36421
78
36512
84
36882
8
37042
8
37142
8
37203
65
37383
78
37403
32
37503
84
37643
73
37894
8
38064
8
38434
84
38514
73
38715
67
38925
79
39045
32
39205
68
39316
69
39406
76
39536
76
39666
69
39846
32
39977
80
40017
65
40157
82
40317
79
40487
76
40637
69
41138
32
41208
67
41338
73
41429
65
41559
79
