73822
16
73952
78
74102
79
74222
78
74352
32
74493
84
74603
73
74793
32
75083
72
75244
65
75654
79
75784
32
75955
65
76025
78
76205
67
76295
79
76415
82
76646
65
76786
32
77427
67
77507
72
77597
73
77697
69
77847
83
78008
84
78158
79
78238
32
78378
83
78518
69
78618
32
78779
73
79900
76
80471
32
80732
80
80842
82
80932
79
81102
71
81122
70
81643
69
81713
82
82164
82
82294
65
82394
77
82544
77
82594
65
82714
32
83315
70
83405
85
83556
78
83656
90
83756
73
83876
79
83906
78
84096
65
84437
32
84557
65
84677
78
84767
67
84857
72
84958
69
85038
32
85178
67
85258
79
85418
78
85779
32
86109
79
86300
80
86430
69
86520
82
86800
65
87481
188
87601
32
87742
77
87832
65
87922
32
88052
68
88152
65
88292
84
88453
79
88563
32
88703
67
88773
72
88903
69
88963
32
89063
78
89194
79
89324
78
89384
32
89704
72
89815
65
89965
73
90035
32
90205
68
90315
65
90526
84
90946
79
91036
32
91207
70
91457
69
91597
69
91777
68
92368
66
92508
65
92729
67
92839
75
92939
32
93149
78
93209
69
93410
70
93750
71
93830
65
93951
84
94091
73
94561
86
94732
73
94992
32
95162
78
95813
68
95903
79
96174
86
96354
69
96454
82
97115
82
97175
69
97325
66
97476
66
97596
69
97816
32
97896
65
98006
78
98157
68
98297
65
98687
82
98858
69
98998
32
99118
84
99218
85
99368
84
99509
84
99619
79
99709
32
00109
66
00340
69
00510
78
00650
69
02553
190
02873
32
05307
79
05497
80
05597
69
05697
82
05858
65
06228
32
06308
83
06459
69
06599
77
06799
66
06859
82
07079
65
07149
32
07370
85
07520
78
07660
32
07840
66
08031
85
08241
79
08411
78
08531
32
08732
66
08902
82
09303
79
09433
87
09813
83
09933
69
10094
82
10835
188
10945
32
11015
65
11115
78
11356
67
11466
72
11556
69
11646
32
11766
83
12006
69
12217
32
12407
83
12597
80
12667
69
13088
83
13268
83
13398
79
13529
32
13859
77
14089
85
14290
79
14370
82
14600
69
14750
32
14891
73
15041
78
15502
79
15712
80
15932
73
16403
78
16533
65
16883
84
17244
65
17394
77
17504
69
17605
78
17655
84
17735
69
17975
190
18396
32
23583
186
23683
32
23984
86
24144
69
24264
76
24444
79
24605
67
24755
69
24875
32
25035
69
25105
32
25326
83
25446
79
25676
80
25866
82
26037
65
26167
84
26357
84
26517
85
26678
84
26848
84
26948
79
27048
32
27238
78
27389
79
27499
78
27559
32
27919
70
28060
65
28310
32
28520
86
28660
69
28861
68
28971
69
29081
82
29161
69
29462
32
29642
83
29752
85
29992
76
30082
32
30193
83
30263
73
30463
84
30633
79
30703
32
30814
68
30874
73
30994
32
31334
82
31404
69
31655
80
31855
85
32125
66
32336
66
32436
76
32526
73
32596
67
32696
65
33257
32
33427
81
33517
85
33738
69
33848
76
34008
76
34098
65
34208
32
34349
83
34499
84
34629
85
35310
80
35490
73
35731
68
35931
65
36041
32
36231
80
36462
85
36872
66
37002
76
37052
73
37173
67
37393
73
37523
84
37874
222
38034
32
38164
67
38304
72
38384
69
38475
32
38615
83
38695
73
38785
32
38935
83
39065
79
39216
78
39356
79
39436
32
39676
77
39766
69
39977
83
40137
83
40197
73
40287
32
40397
73
40497
78
40618
32
40648
84
40808
69
41018
83
41188
84
41369
65
41499
32
41809
68
41899
73
41970
32
42270
70
42400
65
42841
82
43071
69
43672
32
44073
78
44223
69
44373
76
44533
76
44623
65
44754
32
44874
80
44954
82
45104
73
45284
77
45405
65
45535
32
45755
80
45825
65
46045
71
46386
73
46566
78
46807
65
47037
188
47167
32
47568
67
47708
79
47868
78
47958
32
48118
85
48349
67
48479
67
48669
69
48839
76
48970
76
49090
73
49160
32
49300
67
49420
72
49500
69
49601
32
49791
86
49901
79
50081
76
50201
65
50782
78
51003
79
51143
32
52054
69
52164
32
52375
84
52545
69
52845
65
53116
84
53346
73
54017
82
54107
73
54327
78
54488
73
54558
32
54638
67
54728
72
54818
69
54948
32
55088
83
55128
73
55309
32
55669
65
56010
80
56120
82
56250
79
56450
78
56651
79
56911
190
61087
32
70030
78
70190
79
70310
78
70410
32
70611
72
70811
79
70901
32
71222
67
71342
65
71482
80
71642
73
71712
84
71913
79
72093
32
72854
67
73154
79
73355
83
73515
65
73695
32
73966
83
74066
85
74226
67
74416
67
74516
69
74727
68
74867
69
74977
82
75117
69
75348
66
75498
66
75578
69
75688
32
75828
83
75968
83
75978
69
76169
32
78102
85
78262
78
78442
79
78522
32
78662
83
78762
73
78843
32
78963
73
79113
78
79203
84
79293
69
79423
82
79584
82
79704
69
80245
79
80405
77
80635
80
81016
69
81146
32
81316
65
81406
32
81607
77
81707
69
81937
84
82137
222
82368
32
82608
73
82999
68
83079
73
83169
32
83399
85
84841
81
84911
85
85122
69
85312
83
85422
84
85552
79
85632
32
85843
84
85983
69
86223
83
86353
84
86524
79
86574
32
86954
80
87014
69
87094
82
87505
67
87595
72
87896
69
88396
80
89137
186
89258
32
89388
83
89578
84
89818
32
90319
65
90399
32
90589
80
90870
69
90980
78
91150
83
91361
65
91501
78
91671
68
91771
79
91871
32
93043
65
93043
32
93043
67
93043
79
93043
83
93043
65
93143
32
93814
83
94385
67
94715
85
95096
82
95196
73
95386
86
95597
69
95727
82
95837
69
97269
190
97529
32
97830
16
97910
77
98150
65
98411
71
98621
69
99042
65
99552
82
99773
73
99973
32
00153
73
00394
76
00534
32
00674
80
00724
82
00874
79
01595
71
01746
65
02176
82
02286
65
02366
77
02507
77
02987
32
03067
65
03538
65
03628
32
03818
83
03989
73
03999
79
04139
32
04269
65
04840
67
05040
67
05221
79
05381
82
05661
68
06252
71
06432
65
06903
69
07003
32
07163
83
07374
69
07514
32
07974
67
08836
219
09156
186
09346
32
09927
85
10108
78
10278
32
10388
186
11099
80
11269
85
11510
78
11850
84
11980
79
12241
190
12571
32
12706
78
12786
79
12836
78
12846
32
12912
83
13147
65
13232
82
13307
69
13382
66
13467
66
13698
69
13838
32
13958
78
13993
65
14519
65
14589
78
14629
67
14684
72
14724
69
14794
32
14875
85
14910
84
14995
73
15105
67
15190
76
15425
76
15470
69
15515
32
15571
67
15681
78
15706
84
16111
79
16262
78
16312
84
16492
82
16582
79
16802
76
16952
76
17093
65
17213
82
17343
69
17553
32
17663
81
17823
85
18184
65
18314
76
18444
73
20317
32
20917
65
21288
69
21378
32
21879
81
22029
85
22189
65
22309
78
22439
84
22760
69
22890
32
23070
67
23210
79
23340
82
23521
82
23561
69
24061
90
24372
73
24522
79
24772
78
24952
73
25042
32
25173
83
25263
73
25363
32
25914
70
26224
65
26314
78
26474
78
26654
79
26705
32
26895
67
26945
72
27706
79
27886
78
27986
32
28096
73
28317
76
28397
32
28577
66
28577
78
28647
65
29138
65
29318
67
29368
74
29398
75
30049
74
30659
75
30870
83
31230
80
31450
65
31781
67
31921
69
32302
16
32322
20
32692
219
33193
32
33413
77
33473
65
33743
71
33924
65
34304
82
34544
73
34845
20
35135
32
35335
78
35455
69
35666
76
35826
76
35916
65
35946
32
36096
80
36186
82
36367
79
36387
73
36987
83
37148
83
37258
73
37488
77
37588
69
37748
32
38479
82
38649
69
39100
65
39340
76
39641
69
39871
83
40011
69
40231
32
41233
82
41543
73
41713
85
41934
83
42094
67
42354
73
43215
82
43345
69
43506
84
43596
69
43736
32
43906
65
44006
32
44176
84
44307
69
44447
82
44527
69
44637
78
45558
78
46159
78
46239
69
46309
82
46429
69
46710
32
46820
67
46870
79
47040
78
47110
84
47280
79
47350
32
47470
65
47611
78
47691
67
47801
72
47901
69
48021
32
48191
68
48281
73
48402
32
48602
81
48702
85
48842
69
49012
83
49143
84
49383
79
49753
190
49954
32
50114
67
50384
73
50604
65
51125
79
51215
32
51365
69
51455
32
51586
65
51746
76
51916
76
51966
65
52096
32
52246
80
52286
82
52417
79
52557
83
52747
83
52857
73
53077
77
53198
65
53308
32
53488
76
53608
69
53838
83
54129
84
54479
84
54669
84
54810
69
55060
82
55470
65
55911
32
56752
83
56882
65
57012
76
57143
85
57203
84
57343
73
57503
32
57633
71
57733
85
57863
73
57924
68
58164
79
