22810
189
23250
50
23410
32
23520
69
23740
86
23910
86
24020
73
24240
86
24400
83
24790
8
24900
65
25720
16
25890
49
26050
32
26440
67
26660
82
26710
69
26930
68
26980
79
27150
32
27200
67
27310
72
27420
69
27530
32
27920
78
28030
69
28410
65
28520
78
28630
67
28740
72
28800
69
28960
32
29070
65
29240
76
29350
32
29570
77
29680
73
29900
188
29950
73
30720
8
30830
8
31050
76
31160
73
31430
84
31540
65
31650
82
31820
69
32260
32
32640
70
32700
79
32860
83
33030
83
33140
73
33250
32
33300
67
33520
79
33630
83
33800
73
34240
222
34400
32
34510
67
34620
79
34780
78
34780
84
34950
69
35060
78
35170
84
35330
79
35440
32
35550
68
35720
73
35770
32
36160
69
36490
83
36650
83
36820
69
36870
82
36980
69
37150
32
37260
65
37700
82
37860
82
37970
73
38080
86
38240
65
38350
84
38520
73
38570
32
38680
65
38850
76
38960
76
39340
222
39620
85
39780
76
39950
73
39950
84
40110
77
40280
79
40390
32
40660
71
40770
73
40880
79
41100
82
41160
78
41430
79
41760
190
41980
32
42140
65
42310
76
42470
77
42580
69
42690
78
42860
79
43570
32
44070
76
44180
73
44560
222
44780
32
44890
65
45000
76
45110
32
45280
77
45440
73
45600
188
45600
76
45710
73
46040
8
46150
8
46540
8
46810
190
47250
8
47860
76
47970
73
48080
84
48300
65
48410
82
48570
69
49170
32
50710
71
50770
76
50820
73
50930
32
51210
85
51480
76
51590
84
51650
73
51870
77
51980
73
52090
32
52310
71
52470
73
52580
79
52740
82
52850
78
53020
73
53070
32
53240
68
53350
73
53570
86
53730
69
53840
78
53950
84
54230
65
54720
86
54780
73
54890
32
55270
70
55380
65
55550
78
55600
84
55710
65
55930
83
56530
65
56810
8
57030
77
57140
65
57300
32
57800
69
57960
32
58130
78
58180
69
58460
83
58620
83
58680
85
58900
78
59120
79
59230
32
59390
84
59500
73
59610
32
59780
67
59940
72
60100
73
60160
69
60760
68
60820
69
61040
67
61420
8
61480
86
61640
65
61970
32
62140
80
62360
73
62520
85
63070
222
63240
32
63400
78
63570
73
63680
69
63780
78
63890
84
63950
69
64280
190
64830
32
64940
81
65050
85
65100
73
65320
78
65930
32
66420
8
66590
8
66700
32
66860
79
66920
73
67190
8
67360
8
67570
79
68010
8
68230
73
68400
78
68510
86
68670
69
68890
67
69000
69
69170
32
69280
84
69390
73
69440
32
69720
70
69880
65
70100
78
70270
78
70380
79
70490
32
70650
83
71090
71
71800
79
72080
66
72190
66
72240
65
72410
82
72520
69
72680
32
72850
70
72960
73
73120
78
73290
79
73340
32
73510
65
73620
76
73780
76
73890
65
74110
32
74280
70
74390
73
74550
78
74660
69
74930
16
75260
16
75370
16
75370
49
75870
191
76310
8
76910
32
84330
66
84490
69
84710
78
85040
69
86410
190
86800
32
87350
80
87460
79
87620
73
88010
32
88280
77
88390
73
88500
32
88670
84
88720
79
89160
67
89380
67
89490
65
89650
32
89760
76
89980
65
90090
32
90310
83
90420
79
90590
76
90640
73
90750
84
90920
65
91140
32
92290
76
92350
69
92620
90
92680
73
92730
79
92790
78
92950
69
93220
32
93440
83
93550
85
95200
32
95480
74
95530
65
95700
86
95860
65
96140
32
96690
67
96960
79
97120
78
97230
32
97400
76
97620
79
97780
32
97890
83
98110
80
98110
69
98390
84
98500
84
98660
65
99160
32
99270
79
99490
76
99710
8
99870
8
00260
8
00420
67
00530
79
00690
76
00800
73
01190
78
01350
79
01460
32
01790
68
02010
73
02290
8
02400
69
02450
73
02620
84
03110
8
03280
32
03440
84
03500
73
03660
80
03940
73
04160
13
04700
68
04810
79
05200
66
05420
76
05530
69
05640
32
05750
73
05910
78
05910
84
06300
32
06460
76
06680
79
06850
78
07010
71
07510
32
07670
83
07780
72
07950
79
08050
82
08220
84
08380
32
08600
66
08770
89
09040
84
09150
69
09540
32
09700
69
09870
84
10200
69
10640
8
10800
67
10970
32
11190
69
11350
84
11630
67
12230
32
12390
80
12500
69
12560
82
13110
32
13770
70
13880
79
13930
82
14150
85
14700
8
14760
84
14870
85
15030
78
15200
65
15310
32
15470
78
15630
79
15800
78
15850
32
16180
68
16240
69
16460
86
16570
79
16730
32
16900
65
17060
78
17170
67
17280
79
17390
82
17670
65
17830
32
18050
83
18160
80
18380
73
18440
69
18770
71
18880
65
19040
82
19090
69
19260
32
19640
73
19810
32
20080
66
20250
73
20410
71
20580
32
20690
73
20800
78
20800
84
20960
69
21070
82
21350
8
21460
71
21570
69
21680
82
21730
69
22340
8
22720
32
22880
83
23160
8
23210
68
23320
65
23540
84
23650
79
23760
32
23870
67
23980
72
24090
69
24260
32
29590
78
29750
79
29860
78
29970
32
30080
83
30300
65
30350
90
30460
78
30570
78
30790
79
30900
32
31070
65
31120
78
31230
67
31400
79
31510
82
31620
65
31780
32
32330
67
32500
82
32610
69
32830
65
33100
82
33160
69
33320
32
33490
79
33710
71
33870
71
33980
69
34140
84
34250
84
34360
73
34420
32
34690
78
34910
85
35460
79
35680
86
35900
73
36180
190
36560
32
36620
80
36950
79
37220
86
37390
69
37490
82
37660
73
37770
32
37930
80
38150
65
38210
82
38430
71
38540
79
38760
76
38870
73
39140
190
39640
32
40300
82
40410
73
40680
80
40790
69
40960
82
41280
8
41340
84
41450
69
41610
82
41610
69
41940
32
42160
80
42270
69
42330
82
42490
32
42820
68
43650
85
43700
69
43870
32
44360
86
44470
79
44640
76
44690
84
44850
69
45020
32
45130
76
45350
65
45460
32
45510
83
45730
84
45790
69
46010
83
46170
83
46340
65
46450
32
46780
76
46830
69
47110
83
47160
73
47160
79
47270
78
47770
8
47930
8
48100
8
48210
8
48320
90
48430
73
48430
79
48530
78
48640
69
49360
32
49520
69
49630
222
49800
32
49960
68
50130
65
50350
86
50510
86
50680
69
50790
82
50900
79
51060
32
51280
85
51450
78
51720
65
51890
32
52050
82
52110
84
52160
79
52820
8
52980
8
53150
8
53260
84
53310
79
53480
82
53970
84
54080
85
54360
82
54800
65
55290
32
55400
65
55510
78
55680
68
55890
72
56220
8
56330
8
56440
67
56610
72
56720
69
56880
32
57050
83
57210
69
57490
32
57820
78
58090
79
58200
78
58420
32
62600
8
62760
8
63420
78
63530
32
63910
68
63970
69
64190
86
64300
79
64460
32
64680
82
64790
73
64960
80
65070
82
65180
69
65560
80
65840
65
66000
82
66170
69
67260
32
67650
68
67700
85
67810
69
67980
32
68200
76
68250
69
68580
90
68690
73
68750
79
68800
78
69240
73
69520
190
69680
32
69790
83
69900
69
70230
32
70340
67
70400
79
70510
78
70670
32
71490
52
71660
32
71770
79
71880
82
72210
69
72320
32
72430
68
72590
73
72700
32
72810
76
72920
65
73090
66
73250
79
73360
82
73470
65
73580
84
73750
79
73860
82
74080
73
74240
79
74300
32
74570
81
74620
85
74790
69
74950
83
75120
84
75230
73
75390
32
75560
78
75670
85
75890
73
76330
8
76490
79
76660
86
77430
73
78300
32
78410
78
78580
79
78690
78
78740
32
79070
73
79240
77
79400
80
79460
65
79570
82
79730
65
79950
78
80120
79
80230
32
80890
74
81000
65
81220
86
81330
65
81490
32
81660
65
81760
76
81930
76
82090
79
82260
82
82420
65
82590
32
82750
80
82860
79
83030
83
83140
83
83300
79
83470
78
83690
79
83910
32
83960
80
84460
85
84620
82
84730
69
85060
32
85170
67
85340
65
85500
77
85720
66
85880
73
85990
65
86100
82
86380
69
86760
8
86870
65
86980
82
87090
69
87700
32
87920
77
87920
78
87970
69
88360
8
88470
8
88850
69
89020
83
89120
84
89230
73
89400
69
89510
82
89670
190
90170
8
90280
69
90390
190
91270
32
91820
67
92040
222
92150
69
92700
32
93020
8
93300
191
93460
32
93680
8
93850
8
94070
222
94290
32
94340
65
94450
67
94560
78
94780
79
94950
82
95280
8
95440
8
95610
8
95770
8
95940
78
96050
67
96650
79
96760
82
97030
65
97200
32
97640
71
97750
69
97860
78
97910
84
98020
69
98130
32
98350
67
98630
72
98740
69
98850
32
98960
65
99180
82
99340
82
99450
73
99620
86
99730
65
99840
32
00000
68
00160
65
00380
76
00380
32
00600
80
00770
65
01810
8
01980
8
02250
67
02470
79
02640
82
02800
83
02910
79
03080
32
03190
68
03300
73
03460
32
03570
80
03630
65
03790
82
04120
8
04280
83
04390
67
04500
65
04720
76
05000
32
05110
68
05160
69
05550
71
07140
8
07520
8
07630
73
07850
32
08790
84
09060
82
09120
69
09340
32
09560
79
09610
32
10000
81
10160
85
10380
65
10550
84
10770
82
11480
8
11530
84
11640
82
12030
79
12190
32
12410
65
12470
78
12630
78
12800
73
13180
32
13460
70
13620
65
13900
190
14720
32
16590
189
16970
49
17520
32
17690
67
17850
73
17960
65
18070
79
