69223
68
69354
73
69424
32
69574
67
69814
72
69974
69
70075
32
70215
67
70315
79
70465
78
71026
8
71156
83
71326
65
71356
32
71557
83
71637
73
71837
80
72017
85
72228
79
72658
219
72728
32
72869
80
72949
65
73079
82
73379
76
74080
65
74170
82
74551
69
74751
32
74892
79
75112
70
75262
71
75462
8
76033
8
76153
71
76263
71
76384
73
76484
32
76584
83
76814
69
76904
32
77025
78
77175
79
77265
78
77355
32
77415
68
77515
69
77635
76
77786
76
77916
65
78016
32
78116
80
78216
65
78336
82
78537
84
78657
73
78937
84
79338
65
79468
32
79598
68
79698
69
79839
76
79969
76
80149
219
80319
73
80409
84
80630
65
80890
76
81030
73
81231
65
81361
32
81551
68
81661
73
81811
32
82062
73
82322
69
82683
82
83013
73
83374
32
83514
80
83634
79
83854
77
83955
69
84075
82
84425
73
84605
73
84666
71
84796
73
84936
79
85206
8
85347
8
85527
8
85637
8
85777
71
85917
71
86038
73
86078
79
86348
16
86378
190
86538
32
86668
80
86809
69
86849
82
87510
8
87680
71
87830
71
87860
73
87950
79
88070
32
88141
68
88221
73
88331
32
88451
67
88601
79
88912
83
89182
73
89432
219
89893
32
90153
78
90314
79
90414
78
90514
32
90644
80
90754
79
91045
69
91365
8
91385
84
91495
69
91686
86
91876
69
92297
8
92357
65
92427
32
92657
78
92727
65
92978
8
93118
8
93178
65
93278
78
93358
68
93568
65
93699
82
93839
69
94239
190
95511
32
97214
68
97314
85
97444
69
97584
32
97714
82
97835
73
98035
71
98425
79
98526
82
98636
73
98966
32
99116
78
99277
79
99357
78
99457
32
99607
83
99958
65
00228
8
00368
8
00408
65
00538
83
00849
83
01149
69
01380
71
01970
78
02101
65
02231
84
02541
73
02772
188
02902
32
03152
85
03332
78
03423
32
03573
71
03683
79
03893
76
03913
65
04284
8
04434
8
04524
65
04624
76
04724
32
04865
65
04985
78
05135
78
05305
85
05556
76
05676
76
05756
65
05856
84
06177
79
06307
32
06567
86
06727
65
06817
82
07018
73
07338
32
07599
70
07879
85
08109
79
08830
82
09011
73
09631
73
09722
71
10072
8
10272
8
10332
71
10443
73
10583
79
10803
67
11003
79
11134
32
11294
83
11434
69
11694
71
11905
78
12015
65
12175
78
12616
8
12796
76
12886
65
13026
84
13587
73
14178
190
14448
13
14949
78
15059
8
15730
8
16021
32
16201
77
16632
65
16752
32
16912
78
17022
79
17112
78
17162
32
17303
80
17433
79
17543
84
17723
69
17913
86
18394
65
18494
78
18674
79
18925
32
19265
70
19345
65
19466
82
19546
69
19706
32
19866
71
20016
73
20898
8
21038
8
21118
86
21238
73
21438
78
21509
67
21649
69
21759
82
21869
69
21949
32
22069
73
22300
76
22440
32
22710
71
22861
73
23001
65
23161
80
23311
80
23411
79
23572
69
23622
78
24202
8
24303
8
24513
78
24613
69
24753
32
24853
67
24954
79
25164
78
25204
84
25454
82
25685
79
25825
32
25925
73
26095
32
26356
84
26516
85
26626
82
27217
67
27627
72
27727
73
27958
16
28318
219
28669
32
28849
78
28959
79
29059
78
29109
32
29260
69
29420
82
29861
65
29961
32
30201
77
30321
69
30522
71
30642
76
30722
73
30872
79
30992
32
31072
67
31152
72
31263
69
31433
32
31643
70
31773
65
32154
82
32384
32
32955
70
33356
85
33826
79
33936
82
34057
73
34367
32
34497
76
34708
219
35078
73
35258
84
35328
65
35789
76
35969
73
36270
65
36710
32
36871
67
36951
79
37061
78
37161
32
37301
85
37512
78
37672
32
37782
65
37892
82
38203
66
38533
84
38853
8
39014
73
39124
84
39364
82
39585
79
39945
32
40175
69
40466
67
40476
18
41387
65
41968
8
42128
85
42228
68
42659
8
42689
65
42789
68
43050
79
43050
73
43530
8
43951
82
44241
69
44482
71
44682
78
44902
79
45022
16
45072
32
45223
56
45583
69
46024
67
46244
85
46645
65
47095
70
47276
79
47506
8
47666
8
47716
68
47786
79
47917
82
48027
73
48247
65
48347
78
48527
79
48718
16
48808
219
49078
57
50120
190
50320
32
52073
76
52313
219
52753
85
52934
78
53114
73
53284
67
53384
65
53845
32
54075
83
54476
9
57781
81
58061
65
58482
8
58682
85
58782
65
58982
78
59333
8
59413
68
59563
82
59784
65
59914
32
60114
67
60234
79
60374
78
60485
84
60575
82
60705
79
60815
32
60945
67
61035
85
61266
73
61426
32
61566
76
61807
219
62037
73
62157
84
62317
65
62447
76
62598
73
62878
65
62998
32
63178
65
63479
8
63649
72
63749
65
64160
32
64410
86
64470
73
64861
78
65051
79
65171
84
65512
8
65662
8
65732
84
65782
79
65872
32
66593
186
66684
32
66834
80
66954
82
67054
79
67214
80
67364
79
67745
8
67955
82
68055
73
68426
79
68556
32
68827
81
68957
85
69067
69
69237
76
69397
76
69538
65
69658
32
69798
68
69918
69
70028
76
70189
76
70409
219
70579
65
71070
82
71260
66
71480
73
71561
84
71861
82
72161
79
72412
190
72562
32
72732
77
72842
65
72943
32
73183
70
73343
65
73533
78
73684
78
73814
79
73884
32
74004
73
74134
32
74505
68
74595
83
74875
8
75015
8
75066
83
75126
79
75226
82
75436
84
75656
69
75947
71
76117
71
76237
73
76458
32
76688
79
76898
80
77068
80
77239
85
77479
82
77539
69
78501
32
79442
83
79522
79
79692
78
79832
79
79913
32
80033
84
80113
85
80393
84
80493
84
80634
73
80774
32
80974
70
81194
73
81455
78
81535
84
81765
73
82066
190
82576
8
82687
16
82957
219
83307
32
83938
86
84048
65
84139
32
84319
66
84399
69
84539
78
84689
69
84800
32
84900
67
84980
72
85040
69
85390
32
85611
65
85731
78
85871
67
85941
72
86081
69
86312
32
86582
76
86832
219
86943
65
87383
82
87594
66
87784
73
87864
84
88034
82
88124
79
88214
32
88415
76
88825
8
89446
83
89637
86
89797
69
90017
68
90107
69
90217
82
90608
8
90688
83
90778
69
91069
32
91329
68
91629
65
91880
86
92000
65
92120
32
92280
73
92390
32
92541
82
92651
73
92971
71
93222
79
93332
82
93492
73
93642
32
93762
65
93903
32
94053
67
94173
65
94333
83
94494
69
94954
8
95044
79
95215
32
95245
67
95365
79
95525
78
95555
84
95715
82
95865
79
95966
32
96416
71
96587
76
96667
73
96827
32
96977
65
97257
70
97398
82
97528
73
97668
67
97878
65
97989
78
98209
73
98539
188
98750
32
98870
67
98960
72
99040
69
99210
32
99340
80
99431
82
99771
8
99801
69
99861
82
01293
192
01393
32
01504
83
01664
69
01784
32
01944
76
02014
65
02114
32
02325
67
02695
8
02755
83
02866
79
03016
78
03166
79
03186
32
03306
67
03436
65
03687
86
03817
65
04057
84
04468
65
04588
190
04868
32
04969
79
05089
82
05419
65
06260
16
06341
219
06511
32
07132
83
07272
69
07492
69
07622
78
07763
71
08003
65
08243
76
08794
189
09615
84
09775
85
09916
82
10336
67
10406
72
10476
73
11087
65
11228
32
11398
73
11538
78
11718
86
12089
8
12119
71
12349
69
12660
8
12790
72
12920
73
13190
76
13250
84
13361
69
13891
82
14082
82
14342
65
14502
32
15003
8
15243
189
15374
71
15494
69
15594
82
15724
77
15854
65
16024
78
16205
73
16465
65
17447
188
17547
32
17827
85
17957
83
18117
65
18398
189
18668
66
18778
82
19009
65
19439
83
19760
73
19980
76
20060
69
20281
16
20381
219
21272
32
23215
79
23946
8
24176
78
24346
79
24457
32
24617
66
24727
82
25148
69
25378
83
25668
8
25839
8
25899
65
25929
83
26069
73
26289
69
26630
8
26790
76
26870
69
27000
32
27100
67
27211
79
27321
82
27421
69
27631
8
27791
8
27952
8
28112
8
28242
8
28492
189
29123
82
29454
8
29554
67
29664
79
29754
82
29824
69
30005
32
30345
8
30475
65
30575
32
30736
69
30936
32
31116
85
31256
83
31607
65
31867
32
32098
67
32188
79
32368
78
32839
84
33039
82
33179
79
33289
32
33389
67
33480
72
33850
73
34361
32
34791
186
34872
32
35102
82
35232
73
35422
77
35523
65
35993
83
36133
84
36334
79
36494
16
36644
219
37275
32
39568
65
39678
78
39739
67
39869
72
39929
69
40099
32
40269
76
40510
219
40770
73
40930
82
41201
76
41291
65
41421
78
41551
68
41812
65
41922
32
42032
83
42252
69
42412
32
42573
78
42883
69
43484
8
43614
219
43824
83
43945
8
44435
65
44736
8
44776
69
44946
32
45267
8
45417
219
45567
32
45677
65
45777
78
45877
68
46068
65
46228
84
46488
79
46749
8
46799
65
46999
190
47510
32
48381
186
48491
32
48701
73
48852
78
49022
85
49092
84
49272
73
49503
76
49603
69
49713
32
49853
82
49973
73
50284
77
50464
69
50614
84
50804
84
50955
69
51075
82
51455
69
51796
32
51936
73
52156
76
52267
32
52397
77
52777
65
53028
90
53298
8
53378
88
53448
73
53588
83
54099
67
54219
72
54580
69
54660
82
54870
77
55011
79
55211
32
55371
67
55481
72
55601
69
55692
32
55832
83
55992
73
56162
32
56743
186
56913
32
57043
82
57144
79
57314
84
57444
84
57564
79
