49437
79
49537
82
49687
77
49837
65
50178
73
50178
79
50328
32
50628
8
50769
8
51009
83
51089
32
51239
79
51500
8
51660
8
51820
8
51910
32
52080
83
52140
79
52301
78
52481
79
52501
32
52611
68
52771
73
52902
86
53082
69
53162
78
53282
84
53532
65
53693
84
53823
79
53903
32
54083
76
54123
65
54264
32
54394
80
54484
69
54594
82
54995
8
55035
67
55135
79
55245
82
55425
65
55636
32
55776
78
55876
69
55956
82
56196
65
56317
32
56397
68
56567
69
56917
76
57048
32
57118
80
57248
82
57348
79
57518
71
57769
69
58169
84
58309
84
58470
79
58720
190
58860
32
58990
69
59221
32
59311
83
59521
85
59751
67
59922
67
60102
69
60262
68
60372
69
60442
82
60713
222
60943
32
61194
80
61564
85
61864
82
61935
69
62025
32
62125
67
62225
72
62245
69
62325
32
62485
73
62616
32
62766
77
62936
73
63086
69
63447
73
63597
32
63747
68
63917
65
64038
84
64248
73
64488
32
64588
65
64719
76
64849
76
64929
65
65049
32
65189
70
65370
73
65540
78
65610
69
65760
32
65910
78
66081
79
66181
78
66251
32
66381
67
66461
79
66601
78
66792
86
66962
69
67062
82
67493
71
67663
69
67793
82
68063
65
68214
78
68354
78
68524
79
68604
32
68754
69
69165
32
69385
80
69485
82
69586
79
69756
68
69976
85
70086
82
70227
82
70447
65
70577
78
70727
78
70897
79
70968
32
71128
73
71649
76
71789
32
71959
70
71979
68
72420
8
72630
65
72760
76
72910
76
73011
73
73211
77
73311
69
73401
78
73471
84
73601
79
73691
32
73832
68
73932
69
74152
76
74252
32
74392
80
74513
82
74633
79
74773
71
75003
69
75104
69
75504
8
75584
84
75734
84
75835
79
76045
190
76185
32
76285
83
76375
79
76526
32
76886
71
77026
73
77377
65
77547
222
77647
32
77747
67
77898
72
78028
69
78118
32
78238
78
78408
79
78558
78
78649
32
78869
80
79259
8
79530
77
79630
73
79750
32
79900
83
80061
65
80151
76
80301
85
80401
84
80641
69
80732
82
80982
65
81132
73
81212
32
81383
78
81463
69
81733
65
81963
78
82194
67
82214
72
82424
72
82835
8
82955
69
83245
13
83716
80
83716
73
84537
85
85088
219
85428
190
86139
32
89514
67
89705
69
89815
82
90025
67
90105
72
90165
73
90275
65
90416
77
90576
79
90656
32
90766
65
90876
76
91036
77
91107
69
91227
78
91357
79
91437
32
91537
68
91657
73
91707
32
91878
83
92038
67
92238
82
92298
73
92468
86
92589
69
92709
82
92789
69
92859
32
93250
50
93610
81
93730
85
93830
69
94021
83
94311
84
94602
73
94742
32
94992
85
95182
76
95303
84
95363
73
95543
77
95663
73
95763
32
95893
84
96084
82
96174
69
96404
32
96514
69
96695
83
96835
69
96965
77
97185
80
97786
73
98337
32
99328
73
99449
78
99559
32
99599
70
99759
82
99849
69
00039
84
00190
84
00350
65
00500
32
00710
69
00921
32
01141
73
01291
78
01391
32
01572
66
01662
69
01852
76
02012
76
02112
65
02243
32
02383
67
02543
65
02723
76
02863
76
02994
73
03364
71
03544
82
03745
65
04235
70
04346
73
04526
65
04836
190
05197
32
05367
67
05507
79
05958
8
06128
72
06218
69
06288
32
06579
68
06669
73
06789
82
06879
69
07440
16
07610
219
07821
32
08061
79
08572
71
08702
71
08862
73
08992
32
09333
67
09463
79
09613
78
09713
32
09843
76
09954
65
10024
32
10134
80
10234
82
10324
79
10324
73
10504
77
10775
8
10925
8
11045
8
11195
73
11626
77
11746
65
11946
32
12097
76
12167
69
12597
90
12607
65
12698
73
12748
79
12838
78
13599
69
13719
32
13869
68
13999
73
14110
32
14270
76
14430
65
14580
66
14811
79
14961
82
15161
65
15492
84
15682
79
15772
82
15952
73
16283
79
16553
32
28150
65
28330
66
28490
66
28681
73
28771
65
28901
77
29051
79
29131
32
29301
83
29472
67
29582
79
29792
80
29942
69
30033
82
30193
84
30323
79
30423
32
30533
67
30653
72
30774
69
30874
32
31184
74
31294
65
31475
86
31595
65
31705
32
31945
80
32055
82
32166
79
32366
80
32706
69
32736
73
33187
8
33317
8
33518
82
33628
73
33718
79
33888
32
34229
78
34399
79
34529
78
34629
32
34709
86
34950
65
35971
190
36582
13
36882
67
37003
73
37063
32
37303
86
37373
79
37543
71
37603
76
37673
73
37874
79
38164
78
38374
79
38695
32
39486
65
39606
76
39766
77
39827
69
39977
78
40127
79
40207
32
40598
52
40708
48
40798
32
40998
82
41078
69
41088
82
41259
8
41399
83
41499
8
41789
8
41960
8
42050
83
42220
69
42450
67
42571
79
42741
78
42781
68
43302
73
43442
32
43582
80
43672
69
43772
82
44083
32
45174
70
45274
65
45445
82
45585
32
45765
70
45785
71
45825
73
46286
8
46436
8
46576
8
46686
71
46777
73
46877
82
46967
69
47257
8
47387
65
47508
82
47658
69
47828
32
48239
72
48399
69
48539
76
48679
76
48860
79
48950
32
49020
87
49170
79
49521
69
49871
8
49931
82
50181
76
50332
68
50572
190
50923
16
50953
8
51163
190
51253
32
51413
85
51573
78
51694
65
51874
32
52104
83
52395
8
52525
73
52655
83
52805
84
52955
82
53176
73
53566
8
53707
85
53867
90
53997
73
54017
79
54107
78
54247
69
54508
32
55139
68
55429
8
55539
83
55599
79
55790
76
56220
65
56360
77
56521
69
56581
78
56681
84
56761
69
57652
190
58233
32
60006
69
61057
8
61277
65
61338
78
61758
90
61898
73
61958
32
62119
80
62209
69
62289
82
62379
32
62529
67
62589
79
62750
77
63120
80
63290
73
63491
76
63591
65
63701
82
64011
76
64192
79
64502
190
64682
32
64843
80
64923
69
64983
82
65123
32
65584
70
65934
65
66044
82
66465
76
66625
79
66705
32
66835
69
67466
83
67536
69
67877
71
67977
85
68097
73
68298
82
68388
69
68628
32
68748
67
68979
72
69299
8
69419
73
69619
32
69950
86
70100
85
70300
79
70511
76
70611
65
70851
69
71122
8
71262
8
71352
69
71632
32
71943
81
72053
85
72243
65
72363
76
72654
8
72804
83
72874
73
73074
32
73415
76
73575
79
73645
32
73765
83
73906
84
74016
69
74587
83
74747
83
74857
79
74957
32
75087
84
75217
69
75378
77
75608
80
75748
79
76019
190
76159
32
76269
67
76399
65
76750
80
76920
73
77341
82
77571
65
77741
73
78062
32
78222
76
78292
69
78392
32
78512
70
78793
65
78933
67
79093
67
79434
69
79864
32
80044
83
80395
68
80415
8
80495
69
80926
8
81066
8
81106
68
81156
69
81376
71
81577
76
81677
73
81777
32
82047
83
82137
85
82368
84
82528
69
82678
78
83029
8
83199
8
83339
8
83499
8
83600
84
83740
69
84210
8
84351
85
84471
68
84581
69
84801
78
84891
84
85032
73
85192
16
85322
190
86303
32
87285
186
87415
32
87595
80
87896
8
88126
81
88286
85
88376
69
88577
83
88717
84
89158
65
89338
32
89588
76
89808
219
90019
73
90189
78
90359
70
90489
79
90600
82
90710
77
90760
65
90850
84
91050
73
91160
67
91411
65
91541
32
91721
68
91891
73
92012
32
92322
79
92422
71
92592
71
92863
16
92963
219
93233
8
93364
73
93514
16
93624
219
93854
32
94085
77
94175
65
94295
32
96148
8
97119
71
97259
65
97389
82
97580
73
97690
32
97790
65
97900
32
98080
67
98201
65
98351
83
98681
65
98801
32
99162
72
99542
65
99643
78
99783
78
99953
79
00053
32
00193
85
00384
78
00474
32
00684
80
00794
69
00934
78
01075
84
01245
73
01485
85
01736
77
01906
32
02106
56
02557
8
03218
55
03558
32
03668
67
03769
72
03889
69
04019
32
04450
86
04640
65
04860
32
05090
65
05211
76
05361
76
05441
65
05571
32
05681
86
05852
69
05972
76
06192
79
06382
67
06482
73
06633
84
06873
222
07063
32
07093
68
07213
69
07364
76
07524
76
07724
32
07844
65
08095
8
08245
8
08305
65
08505
32
08696
76
08876
85
08986
67
09186
69
09306
32
09477
69
09627
32
10078
81
10218
85
10318
73
10528
32
11660
73
11800
78
11880
32
12070
67
12121
79
12281
78
12541
70
12691
82
12852
79
13042
78
13102
84
13262
79
13342
32
14414
65
14494
72
15105
8
15315
66
15465
66
15646
73
15776
65
15896
77
16066
79
16176
32
16307
68
16377
69
16577
71
16677
76
16777
73
16877
32
17198
77
17979
50
18460
48
18980
32
19221
69
19411
32
22235
8
23136
32
23267
65
23347
78
23757
90
23958
73
24138
32
24348
83
24408
85
24689
76
24799
32
24939
77
25139
85
25330
79
25420
32
25660
8
25810
8
25930
8
26021
73
26161
79
26291
32
26481
86
26631
73
27012
67
27232
32
27433
50
27713
48
27953
32
29736
72
29846
69
29996
79
30006
80
30136
80
30697
8
30867
8
31008
8
31228
76
31368
76
31528
79
31619
32
31929
87
32059
79
32209
82
32410
76
32590
68
32860
32
33461
65
33581
78
33712
68
33832
65
34092
86
34212
65
34363
32
34673
81
34783
85
34943
65
35344
83
35474
73
35584
32
35915
80
36105
73
36275
85
37116
219
37207
32
37547
86
37727
69
37858
76
38038
79
38378
67
38508
69
