94083
83
94173
85
94313
32
94474
81
94564
85
95585
69
95716
76
95896
32
96066
76
96156
65
96327
71
96517
79
96667
32
96917
68
96998
69
97148
76
97228
32
97488
82
97629
65
97739
77
97909
79
97979
32
98270
68
98310
73
98430
32
98500
67
98610
79
98780
77
98850
69
99071
79
99632
190
99832
32
00042
77
00132
65
00213
32
00373
67
00493
79
00643
77
00703
69
00823
32
00994
78
01164
79
01264
78
01374
32
01545
69
01655
82
01875
65
02005
32
02095
67
02196
79
02326
83
02466
73
03357
219
03457
32
03588
67
03788
72
03898
69
04028
32
04269
67
04619
68
04709
79
04820
86
05050
69
05320
77
05861
86
06091
65
06222
77
06402
79
06672
32
06983
68
07173
65
07273
82
07894
70
07944
65
08064
82
08145
69
08445
16
08545
219
08796
32
08956
78
09086
79
09196
78
09246
32
09377
80
09507
79
09647
83
09777
83
09857
73
10318
65
10438
77
10578
79
10709
32
10819
83
10979
67
11169
82
11219
73
11380
86
11500
69
11640
82
11740
69
11940
32
11970
83
12251
69
12411
77
12581
80
12652
82
12702
69
12802
32
12942
76
13082
65
13122
32
13292
83
13493
84
13603
69
13793
83
13943
83
14104
65
14314
32
14324
67
14775
79
14885
83
15125
65
15426
32
15506
67
15606
79
15746
83
15876
73
16227
219
16327
32
16537
73
16788
76
16888
32
17299
67
17399
79
17549
77
17709
80
17869
85
17970
84
18130
69
18220
82
18861
32
19011
73
19171
77
19362
80
19452
65
19522
82
19772
65
20413
32
20564
77
20644
69
20864
71
21014
76
21084
73
21285
79
21525
190
21625
32
21765
77
21886
69
22076
84
22186
84
22356
73
22507
32
22717
67
22847
72
22957
69
23097
32
23228
85
23358
78
23418
32
23738
71
23819
73
23909
79
24039
82
24139
78
24309
79
24319
32
24530
83
24670
67
24840
82
24950
73
25080
86
25281
79
25381
32
25641
68
25802
73
25862
32
25962
67
26072
79
26292
83
26743
69
26923
32
27124
65
27214
76
27374
76
27554
69
27815
71
27835
70
28305
82
28446
69
28626
32
28776
69
29257
68
29517
85
29678
78
29748
32
30699
71
30769
73
31160
79
31300
82
31510
78
31691
79
31721
32
31951
68
32302
79
32692
73
32892
32
33313
67
33373
79
33513
83
33624
69
33784
32
33894
84
34054
82
34134
73
34385
83
34505
84
34936
73
35226
190
35797
32
35987
86
36057
85
36268
80
36278
79
36378
73
36528
32
36728
77
36869
69
37109
84
37239
84
37339
69
37850
82
37980
69
38491
32
38581
67
38711
72
38811
69
38932
32
39072
83
39232
67
39422
82
39493
73
39663
86
39903
79
40073
32
40274
65
40364
32
40524
86
40674
69
40794
76
40985
79
41365
67
41496
79
41516
73
41596
84
42517
65
42697
222
43469
32
43609
68
43709
73
43869
86
44019
69
44120
82
44260
83
44440
69
44580
32
44741
69
44851
32
45081
67
45251
72
45382
69
45472
32
45762
70
45932
65
46203
88
46794
67
46944
67
47004
73
47094
79
47194
32
47355
80
47775
85
48326
73
48326
85
49808
85
50219
219
50299
32
50569
79
50690
32
50840
77
50930
69
51040
78
51220
79
51281
32
51411
69
51531
82
51701
82
51841
79
52312
69
52703
82
52833
73
53103
32
53213
69
53334
32
53494
84
53584
85
53714
84
53874
84
54115
79
54235
32
54395
76
54606
219
54766
69
54986
83
55207
80
55497
69
55767
82
55948
73
56138
77
56208
69
56318
78
56338
84
56589
79
56719
32
56919
86
57190
65
57460
32
57620
65
57710
32
58211
81
58341
85
58451
69
58632
76
58712
32
58872
80
58972
65
59112
82
59323
69
59773
83
59834
69
59944
82
60034
69
60735
69
60925
69
61606
83
61616
69
62307
16
62588
219
62708
32
62898
78
63038
79
63139
78
63189
32
63309
86
63439
79
63539
82
63720
82
63790
69
63990
84
64391
69
64511
32
64671
77
64991
67
65462
73
65572
67
65662
65
66093
32
66644
82
66764
73
66944
84
67065
69
67365
78
67465
69
67565
82
67826
77
67976
73
68106
32
68226
82
68337
69
68537
83
68687
80
68767
79
69018
78
69358
83
69518
65
69629
66
69839
73
70129
76
70280
69
70720
32
70860
68
70961
73
71181
69
71321
76
71371
32
71551
71
72032
70
72112
65
72283
76
72423
76
72894
73
73084
77
73204
69
73264
78
73344
84
73464
79
73575
32
73685
68
73755
69
73935
76
74085
76
74626
219
74917
73
75097
77
75397
80
75568
69
76169
82
76239
69
76529
83
76759
65
77010
69
77821
190
78252
16
78382
219
79013
189
80585
190
80786
32
81156
69
81266
32
81376
80
81467
79
81637
73
82138
32
82368
86
82488
73
83119
85
83309
79
83390
73
83480
32
83670
77
83730
69
83900
84
84111
84
84421
69
84521
82
85012
69
85182
32
85262
67
85443
72
85813
69
85974
32
86154
67
86424
219
86614
69
86815
219
87065
32
87235
81
87336
85
87606
83
88227
65
88387
76
88437
67
88858
72
88958
69
89088
32
89529
67
89619
79
89819
76
89960
76
90250
69
90530
71
90751
65
90911
32
91031
77
91151
65
91402
71
91442
76
91602
73
92463
76
92544
73
92674
71
93185
78
93365
79
93465
32
93605
67
93635
72
93815
69
93966
32
94687
72
94807
65
94887
32
94997
73
95218
77
95378
80
95478
79
95648
83
96019
84
96289
65
96369
84
96650
79
96830
32
97050
76
97681
85
97942
78
98082
32
98182
80
98252
82
98312
79
98503
71
98663
82
98783
65
98893
77
99033
77
99114
65
99194
32
99404
67
99504
72
99614
69
99715
32
99805
73
99965
78
00015
86
00916
66
00996
65
01317
84
01487
84
01607
69
01738
32
01898
85
02088
78
03530
67
03641
65
03871
82
03991
82
04392
65
04472
84
04632
84
04902
69
05093
82
05403
73
05563
32
05634
67
05844
79
06004
78
06114
84
06144
32
06365
69
06946
77
07106
80
07246
79
07506
32
07927
67
08057
65
08268
83
08398
85
08628
65
08818
76
09309
69
09560
32
09800
77
09910
65
10040
32
11202
76
11272
69
11773
71
11933
71
12023
69
12194
78
12304
68
12444
79
12504
32
12835
81
12945
85
13065
65
13195
76
13335
67
13445
72
13596
69
13716
32
13876
70
13986
73
14197
76
14197
69
14407
32
14477
84
14687
73
14898
32
15108
84
15228
69
15418
83
15739
84
15949
32
16460
79
16620
32
16761
83
16841
69
17111
78
17361
83
17562
65
17702
84
17852
79
18223
16
18493
219
18764
32
18904
78
19034
79
19134
78
19204
32
19284
67
19375
73
19625
32
19745
86
20086
65
20156
86
20536
69
20727
86
21227
65
21368
84
21688
69
21788
32
21908
80
22169
69
22299
78
22549
83
22730
65
22900
84
23050
79
23180
32
23331
86
23561
69
23671
82
24322
79
24542
16
24603
219
25173
32
25354
67
25434
79
25614
69
25744
77
26425
69
26445
77
26525
32
27377
77
27727
69
27918
32
28038
80
28128
69
28228
82
28418
78
29149
78
29260
83
29440
65
29620
84
29901
69
30041
32
30141
68
30251
73
30341
32
30482
80
30562
82
30712
79
30892
84
30982
69
31283
71
31463
71
31563
69
31673
82
32074
86
32214
73
32364
32
32765
68
32945
65
33166
32
33306
81
33456
85
33496
69
33837
83
33937
84
34367
79
34698
32
34788
67
34928
65
35008
83
35209
79
35459
16
35589
219
36220
32
36441
66
36521
65
36621
83
36811
84
36991
65
37102
32
37182
80
37282
82
37342
69
37622
83
38193
78
38253
68
38313
69
38424
82
38534
69
38684
32
38814
73
39005
76
39115
32
39185
67
39285
79
39425
68
39635
73
39866
67
40036
69
40226
32
40617
74
40777
83
40958
32
41538
69
41629
32
41779
84
42270
65
42390
82
42690
79
42931
67
43011
67
43181
67
43662
65
43792
82
44142
76
44333
79
44633
190
45284
32
46155
66
46276
69
46406
78
46456
69
46616
32
46816
65
46897
78
46967
67
47087
72
47177
69
47277
32
47467
79
47718
71
47898
71
47998
73
48108
32
48179
83
48329
79
48489
78
48609
79
48729
32
48860
65
48990
82
49170
82
49260
73
49370
86
49581
65
49671
84
49831
79
49881
32
50031
65
50142
76
50282
76
50372
65
50522
32
50732
70
51003
73
51193
78
51283
69
51554
190
53036
32
53577
84
53727
65
53817
78
53927
84
54068
73
54198
32
54308
83
54498
65
54658
76
54829
85
54909
84
55059
73
55219
32
55470
69
55720
32
55810
65
56000
85
56251
84
56571
71
56682
85
56772
82
56982
73
57152
32
57252
68
57373
73
57413
32
57643
78
58264
66
58434
85
58635
79
58785
78
58905
32
58935
65
59125
80
59286
80
59346
82
59416
69
59546
78
59656
68
59806
73
60207
77
60327
69
60407
78
60477
84
60678
79
