97320
67
97540
82
97650
69
97820
68
97980
69
98310
86
98640
79
98700
32
98860
68
98970
65
99250
86
99410
86
99580
69
99800
82
99960
79
00070
32
00290
68
00400
73
00510
32
00680
65
01000
86
01110
69
01220
82
01390
78
01550
65
01610
32
02430
8
02540
8
02650
69
02820
32
02930
70
03040
65
03150
84
03310
84
03480
69
03640
32
03750
65
03920
76
04140
77
04190
69
04360
78
04580
79
04680
32
04960
49
05120
49
05290
32
06440
86
06500
85
06770
79
06990
76
07160
32
07320
68
07430
73
07540
82
07650
69
07760
32
07870
67
07930
72
08040
69
08150
32
08260
78
08360
79
08470
78
08530
32
08690
83
09080
79
09350
32
09520
80
09630
73
09900
85
10340
221
10780
8
11060
222
11220
32
11500
78
11610
69
11770
78
12150
8
12260
65
12370
78
12480
67
12590
72
12650
69
12760
32
12980
67
13030
79
13200
78
13250
84
13360
69
13970
8
14020
65
14130
82
14960
69
18860
190
18910
32
19300
81
19400
85
19570
69
19680
78
19790
84
20120
8
20170
83
20280
84
20390
79
20560
32
20560
67
20670
79
21270
8
21330
65
21440
77
21660
66
21930
8
22150
80
22320
73
22700
79
22920
78
22980
69
23140
32
23360
80
23470
69
23580
82
24460
79
24620
222
24790
32
24950
83
25120
69
25390
8
25450
65
25560
82
26110
65
26270
222
26660
32
26820
83
27040
69
27150
78
27420
90
27860
222
28030
65
28190
76
28360
84
28520
82
28630
79
28740
32
29130
70
29240
65
29570
76
29730
76
29840
65
29950
84
30170
79
30280
32
30390
68
30550
65
30660
84
30830
79
31210
32
31320
67
31380
72
31490
69
31600
32
32370
69
32480
222
32530
32
32810
81
32920
85
33030
65
33360
73
33360
83
33630
32
33800
85
33910
78
33960
32
34230
77
34450
69
34620
83
34780
69
35000
32
35110
67
35220
79
35770
8
35990
72
36160
69
36210
32
36270
78
36380
79
36540
78
36540
32
38350
83
38460
67
38680
82
38740
73
38960
86
39230
79
39340
32
39510
80
39620
73
40280
85
40500
222
40720
32
40880
83
41050
85
41270
76
41320
32
41490
67
41540
79
41650
77
41810
80
41980
85
42090
84
42200
69
42310
82
42470
32
42970
69
43190
32
43350
80
43410
69
43520
82
43790
68
43900
73
44070
32
44180
80
44450
73
44620
85
45110
222
45270
32
46980
83
47140
84
47310
80
47360
79
47420
32
48460
8
48630
8
48790
8
48790
79
49340
32
49610
85
49780
83
50000
65
50110
78
50270
68
50380
79
50490
32
50660
85
50820
78
50930
65
51150
32
51210
84
51590
65
51870
83
52090
84
52200
73
52360
69
52470
82
52740
65
53020
32
53350
68
53840
73
54390
86
54720
69
54830
82
55110
83
55270
65
55380
32
55820
68
55990
65
56040
32
56370
81
56530
85
56590
69
56810
76
56920
76
57030
65
57250
32
57520
85
57740
83
57910
83
58020
85
58240
65
58400
76
59120
69
59230
190
60490
32
61370
67
61480
72
61590
69
61700
32
61860
67
61970
79
62080
83
62360
65
62470
32
62580
84
62690
73
62740
32
62910
80
63020
79
63070
73
63240
83
63890
8
64060
8
64220
83
64390
83
64500
79
64550
32
64720
69
65100
8
65160
82
65270
65
65540
67
65710
67
65760
79
65930
78
66150
84
66530
65
66640
82
67080
69
67350
16
67570
191
67680
32
67850
68
67960
69
68070
76
68180
76
68230
69
68400
32
68620
86
68840
65
69110
67
69220
65
69390
78
69500
90
69720
69
69830
32
69940
67
70050
72
70100
69
70320
32
71470
72
71580
79
71690
32
71970
70
72080
65
72240
84
72410
84
72520
79
72520
32
72680
73
72850
78
72900
32
73120
65
73230
77
73400
69
73510
82
73780
73
73890
67
74110
65
74500
190
75480
16
75590
191
75810
32
76090
69
76250
68
76530
77
76690
79
76800
78
76910
84
77080
79
77240
78
77350
32
77520
71
78010
8
78180
67
78230
65
78390
76
78610
71
78720
65
78830
82
79110
89
79110
85
79770
8
80650
32
81360
74
81470
65
81690
83
81800
80
81970
69
82070
82
82240
32
82460
66
82620
65
82730
78
82950
70
83120
70
84270
32
84600
87
84880
65
85100
72
85100
73
85260
78
85430
71
86080
84
86740
79
87020
78
87460
32
87620
69
87900
13
88170
73
88340
78
88560
70
88610
73
88720
78
88830
69
89000
32
89330
78
89540
69
89710
87
89870
32
90090
89
90370
79
90750
82
91580
75
92620
190
93770
32
94930
68
95040
79
95260
76
95420
76
95480
65
95590
82
95750
73
96030
32
96250
65
96360
32
96520
71
96900
79
97290
32
97450
71
97560
79
97670
32
97840
69
98000
32
98330
65
98440
76
98550
84
98720
69
98830
82
99210
8
99320
82
99490
69
99650
84
99820
84
99980
8
00150
8
00310
8
00420
8
00530
8
00640
82
00690
69
00860
84
01020
84
01300
65
01410
78
01520
84
01630
73
01900
32
01960
67
02840
74
03110
8
03280
72
03390
73
03610
76
03830
79
03940
77
04100
69
04320
84
04480
82
04590
79
04700
32
04920
8
05030
73
05200
67
05200
32
05470
70
05640
8
05750
8
05910
8
06080
70
06350
32
06570
8
06740
8
07010
32
07120
70
07230
65
07400
84
07560
84
07670
73
07890
83
07940
32
08820
8
08930
8
09210
83
09260
32
09480
85
10580
32
10580
69
10580
32
11350
71
11350
73
12120
85
12120
222
12120
32
12500
80
12500
69
12500
82
12560
32
12670
76
13050
222
13270
65
13380
77
13550
69
13710
82
13990
73
14370
67
14760
65
17060
32
17890
83
18000
69
18220
77
18710
82
19200
8
19530
82
19590
69
19810
8
19970
8
20190
80
20360
82
20410
69
20690
32
20850
65
21020
76
21130
76
21730
65
21900
32
22010
78
22170
79
22340
73
22450
83
22610
79
22990
83
23210
65
23710
32
23930
86
24090
69
24200
76
24370
79
24480
67
24700
73
24810
84
25140
222
25140
13
25300
32
25410
68
25580
73
25690
32
26130
55
26290
48
26450
32
26780
77
27000
80
27280
72
27550
190
28710
32
28870
84
29040
82
29200
65
29590
32
29750
76
30020
186
30020
222
31010
8
31180
8
31400
13
32000
8
32330
16
32330
222
32770
8
33160
222
33430
65
33870
84
34140
76
34200
82
34250
69
34580
32
34970
8
35460
8
35570
79
35740
32
35960
78
36070
79
36180
78
36230
32
36400
67
36620
82
37170
69
37380
67
38150
8
38260
68
38700
79
38870
32
39030
67
39200
72
39860
8
40020
8
40080
68
40190
73
40240
32
40460
65
40960
86
41060
69
41170
82
41340
32
41500
77
41610
65
41780
73
41890
32
42330
86
42440
73
42600
83
42710
84
42880
79
42930
32
43150
85
43320
78
43430
65
43540
32
43700
80
43870
65
44250
84
44360
85
45180
8
45350
8
45350
84
45510
85
45900
8
46010
84
46230
85
46500
71
46670
76
46780
73
47000
65
47110
32
47270
68
47380
73
47490
32
47600
80
47710
79
47930
76
47990
73
48370
90
48480
73
48860
65
49030
32
49190
67
49250
79
49360
77
49470
69
49580
32
49800
78
49960
69
50130
73
50350
32
50790
70
50840
73
51060
76
51280
69
51390
77
51610
190
51890
8
52050
8
52160
8
52320
77
52540
190
52820
32
53040
78
53200
73
53370
69
53480
78
53590
84
53750
69
53920
32
54080
68
54190
73
54250
32
54410
78
54470
69
54630
73
55350
8
55510
8
55620
73
55730
69
55950
78
56060
84
56280
69
56390
190
57820
32
57980
65
57980
76
58200
77
58310
69
58420
78
58590
79
59300
32
59520
76
59680
73
60120
222
60230
32
60670
83
60780
73
60890
32
61170
72
62430
65
62600
32
62870
76
63310
222
63530
79
63750
80
63910
80
63970
79
64190
82
64350
84
64460
85
64630
78
64790
73
65010
84
65290
222
65620
8
65730
65
65890
222
66000
32
66390
68
66440
73
66770
32
67100
83
67210
79
67810
82
67920
80
68030
83
68360
65
68530
65
70010
83
70450
65
70670
82
70830
69
71000
32
71050
84
71220
85
71660
84
71770
84
71930
73
71990
32
72210
81
72320
85
72430
65
72540
78
72650
84
72760
73
72980
16
73140
190
73530
8
73580
16
73750
186
73910
32
74460
66
74680
65
74900
90
75560
83
75890
8
76000
8
76050
83
76160
84
76270
65
76490
32
76550
65
76710
78
76820
68
76990
65
77210
82
77320
69
77540
32
77760
65
78850
73
79020
32
79180
55
79240
56
80170
8
80610
55
81110
8
81760
53
81820
32
82040
79
82150
82
82260
69
82530
65
82920
82
83250
8
83360
8
83520
8
83520
65
83630
82
83960
73
84070
32
84180
69
84290
32
84510
84
84620
85
84790
32
85060
8
85230
8
85330
73
85500
32
85660
76
85770
65
86210
83
86380
67
86540
73
86760
84
86760
32
86980
85
87260
8
87420
8
87530
8
87640
32
87700
84
87750
85
87970
84
88080
84
88190
73
88300
32
88580
68
88740
73
88910
69
89120
84
89510
82
89620
79
89950
190
