36010
16
36280
73
36500
76
36670
32
38260
8
38430
8
38590
8
40460
16
40950
16
45070
16
45400
65
45790
32
45900
83
46060
69
46340
67
46500
79
46720
78
46940
68
47210
65
47380
32
47540
68
47760
69
47870
76
48090
32
48260
84
48370
73
48590
80
48750
79
48920
32
49190
68
49360
73
49630
32
49800
83
49960
69
50070
77
50950
69
51940
32
54740
192
54960
69
55120
32
55450
78
55510
69
55780
67
56000
69
56330
83
56500
83
56660
65
56940
82
57050
73
57210
79
57490
32
57980
85
58250
84
58310
73
58530
76
58690
73
58970
90
59080
90
59300
65
59520
82
59680
69
59850
32
60120
85
60290
78
60450
32
62480
84
62650
69
63090
82
64300
73
65180
8
66110
82
67370
73
67650
67
67760
67
68030
73
68140
79
68420
32
69730
67
70500
79
71110
8
71380
8
73030
67
73140
79
73410
78
73520
32
73800
85
73960
78
74070
32
74460
84
74570
65
74900
83
75010
83
75170
79
75390
32
75830
68
76000
73
76440
32
77040
65
77310
67
77480
73
77920
68
78080
73
78360
84
79070
192
79350
65
79460
32
81430
77
81540
65
82090
71
83190
71
83470
73
83580
79
83850
82
84010
69
84120
32
84400
79
84560
32
84840
77
85000
73
85220
78
85390
79
85610
82
85770
69
86540
190
86710
32
88680
16
88900
73
89120
78
89290
32
89620
71
89730
69
89840
78
89950
69
90830
82
91100
65
91270
76
91480
69
91700
32
92970
83
93020
73
93300
32
93520
80
93850
85
94340
192
94510
79
94840
32
95490
67
95660
79
95930
77
96100
85
96320
78
96480
81
96590
85
96760
69
97030
32
99340
65
99720
70
99830
70
00110
69
00270
82
00380
77
00550
65
00820
82
00990
69
01040
32
01210
67
01370
72
01480
69
01650
32
06090
76
06260
65
06370
32
06700
71
06810
69
06970
82
07030
77
07250
73
07410
78
07520
65
07740
90
07850
73
08020
79
08180
78
08290
69
08400
32
09060
86
09170
73
09340
69
09450
78
09560
69
09670
32
10210
70
10430
65
10710
86
10870
79
11040
82
11150
73
11310
84
11640
65
11810
32
12360
68
12630
65
12800
32
13020
85
13240
78
13350
32
13510
84
13670
69
13950
82
14060
82
14550
69
14880
78
15430
79
15650
32
16040
65
16420
67
16590
73
16920
68
17030
79
17240
32
17960
69
18070
68
18230
32
19110
192
19550
69
19770
32
20540
81
20710
85
20870
73
21030
78
21200
68
21360
73
21530
32
22080
66
22190
85
22350
79
22520
78
22740
65
22850
32
23070
78
23290
79
23450
82
23510
77
23890
65
24280
32
26860
65
27130
82
27240
82
27460
73
27740
67
27850
67
27960
72
28170
73
28340
82
28450
69
28560
32
28890
73
29000
76
29220
32
29550
84
29770
69
29990
82
30100
82
30320
73
30540
67
30650
67
30870
73
31030
79
31250
32
31690
80
31910
69
32020
82
32130
32
32350
76
32510
65
32620
32
32790
83
32950
69
33010
77
33230
73
33390
78
33500
65
34880
32
35210
67
35370
79
35640
78
35750
32
35970
85
36140
78
36410
65
36580
32
36850
80
37020
69
37180
82
37400
67
37620
69
37730
78
37840
84
38060
85
38780
65
40090
76
40310
69
40420
32
40810
68
40970
73
41140
32
41250
84
41410
79
41520
82
41690
78
43660
8
44050
66
44210
65
44270
32
44600
86
44710
65
44980
82
45150
73
45810
8
45970
8
46140
8
46250
8
47010
73
47230
78
47400
84
47560
79
47670
82
47950
78
48170
79
48390
32
48940
65
49100
76
49380
32
52290
51
52450
48
53500
189
54430
52
54540
48
55250
16
55360
53
56520
190
58110
32
58330
16
58440
79
58600
76
58820
84
58990
82
59150
69
59320
32
59650
65
60470
76
60640
76
61080
65
61190
32
61620
84
61730
79
61900
82
62230
66
62340
65
63000
188
63160
32
63380
67
63490
72
63660
69
63770
32
64150
79
64320
76
64480
84
64700
82
64810
69
64980
32
65360
65
65580
68
65960
32
66240
65
66350
76
67170
90
67280
65
67560
82
67720
69
67830
32
68110
73
68270
76
68440
32
68930
76
69150
73
69530
86
69640
69
69920
76
70080
76
70250
79
70470
32
70690
68
70800
73
70960
32
71130
65
71460
67
71570
73
71900
68
72010
73
72280
84
72830
192
73100
65
73210
32
73820
68
73930
69
74040
76
74310
32
74420
84
74590
69
74810
82
74920
82
75030
69
75190
78
75410
73
76020
8
76620
79
79200
8
79370
8
79480
8
80130
73
80460
67
80630
67
80850
73
81010
79
85740
32
88590
76
88760
79
88920
32
89200
82
89310
69
89470
78
89640
68
89800
69
89970
32
90300
65
90460
78
90520
67
90740
69
90740
72
90950
32
91280
80
91560
73
92220
192
92330
85
92600
32
93480
8
93650
8
93760
8
93920
8
94030
8
94140
8
94250
8
94420
8
95730
67
95840
72
95950
69
96060
32
96390
80
96610
73
97160
192
97270
85
97550
32
98100
83
98200
79
98530
70
98640
70
98810
73
98970
67
99140
69
00350
188
00510
32
01060
192
01340
69
01500
32
01720
73
01880
77
02100
80
02270
79
02430
82
02600
84
02870
65
03090
78
03200
84
03370
69
03590
32
04520
77
04630
69
04960
84
05070
84
05290
69
05460
82
05560
69
05780
32
06170
85
06330
78
06500
32
07430
49
07540
48
08480
189
09240
50
09350
48
09790
16
09960
53
10290
32
10620
68
10730
73
11000
32
11170
83
11280
65
11610
66
11770
66
11990
73
12160
65
12760
32
13090
67
13250
72
13360
69
13530
32
14300
65
14410
85
14680
77
14850
69
14900
78
15010
84
15510
65
15950
32
16770
76
16930
65
17040
32
17320
67
17540
65
17700
80
17870
65
18310
67
18470
73
18640
84
19300
192
19520
65
19630
32
20340
68
20450
73
20720
32
21050
68
21220
82
21330
69
21990
78
22210
65
22540
71
22650
71
22810
73
22980
79
26440
32
26880
69
27210
86
27430
73
27700
84
27860
65
27970
78
28190
68
28250
79
28470
32
28690
67
28740
79
30010
192
30280
73
30610
32
31050
8
31160
8
31930
83
32700
73
32810
192
32970
32
33520
8
33630
8
34350
192
34790
73
35060
32
35610
67
35770
72
35830
69
35990
32
36270
73
36430
32
36600
83
36760
69
36870
77
37040
73
37260
32
38250
77
38360
65
38630
82
38850
67
39010
73
39730
83
39950
67
40170
65
40330
78
41160
79
41980
190
63180
32
64340
16
64610
76
64770
65
64940
32
65210
71
65320
69
65430
82
65600
77
65760
73
65980
78
66090
65
66310
90
66420
73
66530
79
66810
78
66920
69
67080
32
67580
65
67850
86
68020
86
68180
73
68450
78
68620
69
69330
8
69610
8
70160
69
70320
78
70430
69
70540
32
70930
69
71040
78
71200
84
71370
82
71480
79
71750
32
72350
50
74170
189
74610
51
74770
32
74990
83
75160
69
75430
89
75590
84
75590
89
76310
8
76420
8
76530
8
77190
84
77300
84
77410
73
77630
77
77790
65
77850
78
78730
69
78890
32
79060
68
79220
65
79440
76
79600
76
79770
65
79880
32
80430
83
80590
69
80700
77
80870
73
81090
78
81250
65
82790
32
83060
69
83230
32
86030
76
86200
69
86360
32
86580
80
86800
73
87020
65
87020
78
87350
84
87460
73
87680
78
87790
69
87900
32
88500
80
88670
79
88830
83
88940
83
89110
79
89490
78
89660
79
89930
32
90210
69
90420
83
90590
83
90810
69
90920
82
91080
69
91250
32
91690
84
91850
82
92180
65
92460
80
92620
73
92840
65
92900
78
93120
84
93560
65
93720
84
93830
69
94000
32
94710
68
95150
65
95260
79
95420
80
95640
79
96250
8
96360
8
96520
8
96630
8
97780
79
97950
80
98110
79
98880
32
00590
67
00700
73
00810
82
01190
67
01360
65
01570
32
02290
52
02450
32
02730
83
02890
69
03110
84
03220
84
03390
73
03660
77
04270
65
04820
78
04980
69
05090
32
05200
68
05420
65
05580
76
05750
76
05970
65
06080
32
07070
71
07180
69
07340
82
07510
77
07670
73
07890
78
08060
65
08220
90
08280
73
08440
79
08660
78
08770
69
10310
190
10470
32
10640
16
10860
65
11020
32
11130
83
11300
69
11520
67
11680
79
11900
78
12010
68
12230
65
12400
32
12830
68
13000
69
13110
76
13330
32
13490
84
13600
73
13820
80
13990
79
14210
32
14370
68
14480
73
14650
32
14980
80
15140
73
15360
65
15420
78
15690
84
16020
65
16130
32
16730
69
16790
32
16950
68
17120
69
17170
76
17390
32
17610
67
17780
76
17940
73
18160
77
18330
65
18550
32
22890
73
23050
76
23270
32
23490
84
23650
82
23930
65
24150
80
24370
73
24640
65
24640
78
24970
84
25850
79
26070
32
26240
65
26460
86
26570
86
26730
69
26900
82
27120
82
28050
192
28320
65
28490
32
30960
65
31070
76
31290
32
31510
67
31620
79
31780
80
32060
69
32280
82
32440
84
32610
79
32830
32
33430
73
33650
78
33760
32
34200
86
34370
65
34530
83
34690
69
34910
84
35020
84
35190
73
35410
32
35680
79
36010
80
36670
8
36840
8
37390
16
37610
57
37940
69
38160
86
38370
69
38540
78
38650
84
38870
85
39090
65
40130
76
40460
77
40630
69
40740
78
40790
84
41010
69
41180
32
41560
68
41670
73
41890
32
42000
84
42160
79
42270
82
42440
78
42880
8
43590
66
43810
65
44140
16
44310
48
44530
32
45520
79
45680
79
45900
80
46560
8
47050
8
47600
80
47770
80
47990
85
48260
82
48430
69
48590
32
50510
65
50790
76
50900
76
51230
222
51500
32
52330
65
52550
80
52710
69
52880
82
53040
84
53200
79
53480
188
53640
32
53970
68
54140
73
54300
82
54410
69
54630
84
54740
84
55070
65
55240
77
55400
69
55570
78
55620
84
55840
69
56010
32
56500
78
56660
69
56720
76
56940
32
57380
76
57600
85
57820
79
58090
71
58260
79
58480
32
59190
68
59360
79
59520
86
59690
69
59850
32
60290
76
60450
69
60560
32
60780
80
61000
73
61220
78
61280
65
61550
84
61830
69
62430
8
62600
8
62710
8
62820
8
63480
65
63640
78
63810
84
64030
69
64130
32
64300
68
64460
69
64900
86
65340
79
65510
78
65730
79
65950
32
66170
69
66390
83
66550
83
66770
69
66940
82
67050
69
67210
32
67320
67
67540
79
67760
76
67870
76
68030
79
68360
67
68580
65
68860
84
68970
69
69630
190
72540
38
73030
38
73140
38
73250
38
73360
38
73420
38
73530
38
73640
38
73750
38
73800
38
73910
38
74020
38
74130
38
74190
38
74300
38
74410
38
74460
38
74570
38
74680
38
98020
40
98190
40
98350
40
98460
40
99010
40
99180
40
99290
40
00500
40
00720
40
03850
40
04070
40
07140
40
07360
40
08080
40
08350
40
