06280
16
06500
86
06660
65
06830
32
07270
77
07380
65
07650
82
07930
67
08090
65
08310
84
08750
79
08970
32
09520
73
09740
76
09960
32
10290
70
10510
65
10840
84
11000
84
11170
79
11440
32
11880
67
12050
72
12210
69
12380
32
13970
73
14190
76
14410
32
14630
83
14740
79
15010
71
15180
71
15450
69
15730
84
15840
84
16060
79
16280
32
16550
68
16770
73
16990
32
17260
85
17480
78
17650
32
18030
78
18250
79
18470
77
18580
69
18690
32
19130
72
19350
65
19520
32
19850
85
20070
78
20230
32
20390
67
20560
79
20780
77
21000
80
21160
79
21380
82
21550
84
21990
65
22810
77
22920
69
23090
78
23250
84
23360
79
23690
32
25340
83
25500
73
25780
78
25890
84
26220
65
26660
84
26820
84
27100
73
28190
67
28360
79
28580
32
28740
69
28910
32
29510
77
29680
79
29950
82
30230
70
30390
79
30610
76
31980
79
32420
71
32590
73
32970
67
33190
79
33470
32
33630
68
33740
73
34020
86
34130
69
34290
82
34570
83
34730
79
35010
32
35390
68
35660
65
35940
76
36160
32
36380
83
36490
79
36760
71
36820
71
37150
69
37370
84
37530
84
37750
79
38030
32
38360
68
38520
73
38790
32
39010
85
39230
78
39400
32
40390
86
40550
69
40660
82
40830
66
41320
79
42040
190
42260
32
42470
16
42580
73
42800
78
42910
32
43240
80
43410
82
43520
73
43680
77
43960
79
44180
32
44450
76
44670
85
44890
79
45110
71
45280
79
45550
32
46370
80
46540
69
46760
82
47420
67
47860
72
48960
222
49120
69
49290
32
50710
73
50930
76
51150
32
51430
83
51590
79
51870
71
52030
71
52310
69
52530
84
52690
84
52910
79
53190
32
53460
68
53680
69
56210
8
56590
73
56870
32
57360
85
57580
78
57740
32
58070
78
58350
79
58570
77
58730
69
58900
32
66420
83
66530
73
66810
32
66970
67
67190
79
67470
76
67630
76
67850
79
68230
67
68400
65
69770
32
70050
83
70210
69
70320
77
70540
80
70760
82
70930
69
71040
32
73890
68
74000
79
74170
80
74330
79
74610
32
75050
76
75210
65
75320
32
75650
83
75760
85
75980
65
76090
32
76690
84
76860
69
77080
83
77350
84
77460
65
78070
188
78230
32
78400
77
78560
69
78730
78
78890
84
79110
82
79270
69
79440
32
80040
81
80260
85
80540
69
80980
76
81090
76
81310
79
81530
32
81750
68
81910
69
82020
76
82240
32
82570
86
82630
69
82740
82
82900
66
83230
79
83500
32
83720
78
83830
69
84110
76
84220
76
84380
65
84550
32
84990
77
85150
65
85480
71
85590
71
85760
73
85920
79
86090
82
86250
32
86630
80
86850
65
87130
82
87290
84
87460
69
87620
32
87790
68
87950
69
88120
73
88340
32
88500
67
88720
65
88940
83
89000
73
89220
32
89440
76
89600
65
89710
32
89930
80
90040
82
91520
69
91850
67
92020
69
92180
68
92350
69
94210
190
94430
32
03660
16
03880
80
04100
79
04270
73
04490
32
05090
80
05250
69
05420
82
05910
67
06130
72
06850
222
07180
69
07290
32
10860
73
11680
76
12120
32
13930
83
14100
79
14430
71
14540
71
14810
69
15030
84
15200
84
15310
79
15580
32
15800
68
15970
69
16080
76
17390
8
17610
8
18160
73
18380
32
18660
85
18820
78
18990
32
19210
78
19430
79
19650
77
19760
69
19920
32
21620
192
21840
69
22010
32
22500
69
22670
83
22890
80
23110
82
23270
69
23440
83
23600
83
23710
79
23930
32
24040
68
24260
65
24370
32
24640
85
24810
78
24970
32
25140
83
25250
73
25410
78
25690
84
25740
65
25910
71
26350
77
26510
65
26620
32
27060
80
27220
82
27390
69
27550
80
27720
79
27990
83
28100
73
28380
90
28490
73
28710
79
28930
78
29090
65
29860
76
29970
69
30580
188
30740
32
31010
77
31120
69
31230
78
31450
84
31560
82
31730
69
31890
32
32280
81
32440
85
32610
65
32830
76
32940
76
33160
79
33380
32
33490
68
33650
69
33820
76
33980
32
34530
86
34580
69
34750
82
34970
66
35190
79
35520
32
36230
192
36450
69
36560
32
37170
69
37330
83
37550
80
37830
82
37940
69
38160
83
38320
83
38480
79
38650
32
38920
68
39250
65
39420
32
39690
85
39860
78
40020
32
40190
83
40350
73
40460
78
40630
84
40850
65
40960
71
41230
77
41450
32
41560
65
42330
8
42440
8
42710
65
42930
32
43430
78
43590
79
43810
77
43980
73
44200
78
44360
65
44420
76
44690
69
45840
190
46060
32
46560
16
46890
69
47110
68
47160
32
47440
73
47600
78
47770
70
47930
73
48100
78
48260
69
48320
32
49580
80
49690
69
49850
82
50070
67
50350
72
50950
222
51120
69
51280
32
52110
73
52270
76
52490
32
52710
83
52880
79
53040
71
53200
71
53420
69
53700
84
53810
84
53970
79
54250
32
54520
68
54740
76
55460
8
55730
69
56280
76
56450
32
56720
78
56880
79
57050
77
57210
69
57430
32
58150
78
58420
79
58920
78
59410
32
59800
77
60240
65
61170
78
61330
73
61880
70
62100
65
62270
83
63370
8
63530
8
63700
8
63810
8
63970
8
64130
8
64300
8
64850
67
65010
79
65230
78
65450
67
65620
79
65840
82
66110
68
66390
65
66500
32
67050
67
67160
79
67380
78
67540
32
67810
73
67980
76
68200
32
68420
78
68580
79
68800
77
68860
69
68970
32
69130
83
69300
84
69460
69
69680
83
69850
83
70670
79
71490
32
72040
8
72540
188
72650
32
72870
67
72980
79
73200
77
73310
69
73470
32
74460
70
74630
65
74790
32
75230
73
75390
76
75610
32
76000
79
76000
83
76380
71
76490
71
76770
69
77040
84
77210
84
77320
79
77590
32
77980
8
78530
8
78580
8
78690
8
78800
8
78910
8
78960
8
79070
8
79680
8
80170
83
80280
79
80610
71
80720
71
80940
69
81160
84
81270
84
81440
79
81710
32
81990
68
82100
69
82210
76
82370
32
82700
86
82750
69
82920
82
83030
66
83250
79
83520
32
83690
67
83800
79
84020
78
84180
32
84400
73
84620
76
84790
32
85060
86
85170
69
85340
82
85500
66
87200
79
88080
32
88300
83
88520
84
88630
69
88800
83
88960
83
89070
79
91870
188
92150
32
92860
78
94450
69
94730
222
95110
32
95220
32
99290
192
99510
69
99670
32
06320
69
06480
83
06700
80
06920
82
07090
69
07310
83
07470
83
07640
79
07970
32
08620
65
08730
76
08900
32
09170
78
09390
79
09560
77
09780
73
10000
78
10160
65
10440
84
10600
73
10770
86
10880
79
11150
32
15270
46
15380
46
15980
73
16200
78
16310
32
16590
67
16750
65
16920
83
17030
79
19060
40
19940
67
20100
79
20320
77
20430
69
20540
32
21040
73
21260
76
21420
32
21640
83
21700
79
21970
71
22080
71
22300
69
22520
84
22630
84
22800
79
23010
32
23290
86
23450
69
23560
82
23730
66
24000
65
24390
76
24550
69
25380
190
43940
46
44330
69
61570
32
61790
16
62180
84
62560
85
62840
82
62950
82
63330
8
63500
8
64590
84
64760
84
64920
79
65310
32
66190
67
66460
73
68220
192
68330
79
68600
32
69430
67
69540
73
69760
32
70030
80
70200
79
70420
82
70580
84
70910
65
71070
32
71240
65
71510
32
72340
67
72450
79
72720
78
73000
67
73050
76
73330
85
73490
68
73710
69
73820
82
73990
69
74150
32
74430
67
74590
72
74700
69
74860
32
75470
76
75740
222
76070
32
76680
73
76840
78
77060
70
77170
79
77280
82
77450
77
77610
65
78430
90
78540
73
78710
79
80250
78
80360
69
80470
32
80690
82
80850
69
81020
76
81070
65
81400
84
81460
73
81730
86
81840
65
81950
32
82660
65
82830
76
82940
76
83320
65
83490
32
83870
84
84040
69
84260
83
84420
84
84530
65
84700
32
85410
77
85580
79
86070
82
86450
70
86620
79
86780
76
87000
79
87990
71
88160
73
88490
67
88650
65
88710
32
89200
68
89360
69
89640
86
89690
69
89800
32
90130
65
90570
8
90740
69
91010
83
91180
83
91400
69
92170
82
92330
69
92440
32
92660
65
92940
78
93040
78
93260
79
93540
84
93700
65
93810
84
93870
65
94090
32
94580
80
94750
69
94910
82
95080
32
97880
70
97990
65
98260
67
98370
73
98540
76
98700
73
98920
84
99090
65
99200
82
99360
69
99470
32
00410
73
00570
76
00790
32
01390
67
01500
79
01670
77
01890
80
02050
73
02220
84
02330
79
02550
32
03150
68
03320
69
07550
73
07770
32
08090
84
08200
79
08860
79
09470
76
09850
32
10130
67
10240
72
10400
69
10510
32
11060
69
11230
83
11660
69
12540
71
12870
85
13090
79
13310
78
13480
79
13700
32
13970
76
14410
222
14690
32
15560
65
15670
78
15840
65
16000
76
16170
73
16330
83
16440
73
16660
32
17210
83
17430
85
17710
67
17870
67
18040
69
18310
83
18480
83
18590
73
18910
86
19020
65
19960
190
