24040
16
24260
78
24540
69
24920
76
25030
76
25750
222
27340
32
28110
65
28380
82
28550
84
28820
73
29040
67
29150
79
29260
76
29430
79
83230
32
85370
86
85530
73
85750
69
85810
78
85970
69
86300
32
86740
69
86910
83
87070
80
87290
79
87450
83
88170
84
88500
65
88610
32
88770
85
88990
78
89380
65
89760
32
90150
73
90310
78
90480
84
90690
69
90860
82
91020
69
91300
83
91410
83
91630
65
91850
78
91960
84
92230
69
92340
32
92840
84
93220
69
93440
79
93830
82
93940
73
94160
65
94270
32
94760
82
94920
69
95030
76
95200
65
95640
84
95800
73
95970
86
96240
65
96410
32
99150
65
99540
32
02560
8
12610
76
12720
76
12880
65
13100
32
13650
82
13980
65
14260
79
14420
79
14750
82
14920
69
15190
83
15360
69
16130
78
16350
84
16730
65
17440
8
17610
8
17770
8
17880
8
18050
8
18160
8
18320
8
18490
8
18600
8
19260
80
19480
80
19810
82
19970
69
20190
83
20410
69
20630
78
20790
84
21070
65
21890
90
22060
73
22220
79
22440
78
22660
69
22880
32
25960
68
26120
69
26620
71
26890
76
27060
73
27330
32
27990
65
28150
80
28320
83
28540
69
28760
84
28920
84
29030
73
29310
32
29800
83
30020
73
30240
78
30350
84
30680
65
31010
84
31120
84
31450
73
31560
67
31720
73
32110
32
32330
69
32490
32
33040
83
33260
69
34200
77
34640
65
34800
78
34960
84
35130
73
35290
67
35460
73
35730
32
38320
68
38480
69
38640
73
38970
32
39250
86
39410
69
39580
82
40180
66
40350
73
41340
190
41450
32
55950
16
56440
86
56880
69
56990
78
57260
71
57430
79
57700
78
57920
79
58140
32
58580
73
58800
78
58970
32
60290
80
60720
82
60890
73
61050
77
61220
79
61440
32
61660
76
61880
85
62100
79
62260
71
62920
79
63200
32
63470
65
63640
78
63750
65
63970
76
64130
73
64400
90
64510
90
64730
65
65060
84
65230
73
65450
32
66110
68
66220
73
66270
69
66440
32
66710
70
66880
69
67150
78
67320
79
67540
77
67590
69
67870
78
68080
73
68360
32
69070
67
69350
65
69620
82
70010
65
70340
84
70500
84
70780
69
71000
82
71110
73
71220
83
71490
84
71660
73
71820
67
72090
73
72370
32
73800
82
73910
73
75230
83
75390
80
76210
69
76490
84
76600
84
76710
73
77040
86
77200
65
77370
77
77530
69
77700
78
77810
84
77970
69
78190
32
79020
68
79180
69
79780
76
79950
76
80550
222
81210
32
81980
73
82200
78
82480
76
82700
71
84620
8
84780
8
85660
71
85830
76
85940
69
86160
83
86320
69
86870
32
87140
69
87250
32
87750
68
87910
69
88020
76
88190
32
88410
84
88630
69
89230
68
89510
69
89730
83
89950
67
90170
79
91590
188
91810
32
92090
73
93020
76
93240
32
93850
68
94120
65
94500
84
94670
73
94890
86
95110
69
95270
32
95440
83
95710
72
95930
73
96430
70
96650
84
96870
32
97960
69
98130
32
98790
76
98900
65
99010
32
99280
80
99450
79
99720
83
99890
83
00050
73
00220
78
00990
8
01700
66
01810
73
01970
76
02140
73
02410
84
03620
222
03730
65
03950
32
04720
68
05210
8
05380
8
05540
8
06310
192
06700
65
06860
32
07580
68
07740
73
07910
32
08180
79
08350
77
08510
69
08780
84
08950
84
09170
69
09330
82
09500
69
09770
32
17740
73
18010
32
18230
67
18340
79
18510
77
18730
80
18890
76
19060
69
19500
77
19660
69
19770
78
20590
84
20810
73
21360
190
30100
32
30540
16
30860
69
31080
78
31300
84
31470
82
31740
65
31960
77
32130
66
32350
73
32570
32
32790
73
32950
32
33230
70
33450
69
33610
78
33780
79
34000
77
34220
69
34330
78
34490
73
34710
32
35150
77
35370
79
35530
83
35860
84
36030
82
36360
65
36580
78
36740
79
37070
32
50470
46
50640
39
51460
73
56790
46
57230
39
57780
80
03370
67
03480
79
03750
77
03920
69
04080
32
06550
68
06770
69
06990
84
07270
69
07430
82
07650
77
07820
73
07980
78
08140
65
08420
84
08530
73
08750
32
09020
86
09080
69
09240
82
09410
66
09740
73
09960
32
10840
80
11000
79
11220
83
11390
83
11610
79
11830
78
12040
79
12590
32
16380
82
16490
69
16820
65
16990
76
17210
73
17430
90
17590
90
17810
65
18030
82
18200
69
18360
32
18970
73
19130
78
19350
32
19510
77
19790
79
19900
68
20060
79
20390
32
21220
68
21380
73
22040
70
22210
70
22810
69
23030
82
23140
69
23360
78
23580
84
23800
69
24730
37
25230
37
25340
37
25390
37
25500
37
25610
37
25720
37
25780
37
25890
37
26000
37
27590
37
28140
8
28910
73
29400
35
29840
8
30500
73
31930
32
34840
71
34950
76
35110
73
35280
32
35440
83
35880
84
36050
69
36320
83
36490
83
36650
73
36930
32
38130
82
38300
85
38520
79
38680
76
38850
73
39120
32
39340
84
39560
69
39730
77
41320
65
41760
84
41920
73
42090
67
42250
73
43630
32
44120
80
44290
82
44510
69
44780
83
45000
69
45330
78
45440
84
45770
65
46210
78
46370
68
46480
79
46700
32
46980
67
47090
79
48020
83
50380
192
51480
73
52310
32
53840
85
54060
78
54230
65
54390
32
54560
83
54720
79
55050
82
55220
84
55490
65
55710
32
55930
68
56040
73
56480
32
56750
65
57140
76
57300
84
57580
69
57740
82
57960
78
58020
65
58240
78
58290
65
58900
88
59560
8
59990
8
60380
90
60600
65
62740
32
75320
8
75700
190
75980
32
77570
16
78120
16
78180
16
78280
16
78390
16
78500
16
78560
16
78670
16
78780
16
78830
16
78940
16
79050
16
79160
16
79220
16
79330
16
79440
16
79550
16
79600
16
79710
16
79820
16
79880
16
79990
16
80100
16
80210
16
80260
16
80370
16
80480
16
80540
83
80700
69
81140
67
81310
79
81470
78
81750
68
81800
79
82070
32
82900
37
83060
37
83170
37
83280
37
83450
37
83610
37
83720
37
84160
8
84550
16
84990
83
85480
35
86470
76
86740
222
87460
32
88340
65
88500
85
88780
84
88830
79
89110
82
89270
69
91580
32
93110
81
93220
85
93940
69
94490
83
94820
84
95090
65
95260
32
95860
65
95970
76
96250
84
96520
69
96740
82
96960
78
97180
65
97340
78
97620
90
97780
65
97950
32
98500
80
98940
85
00860
192
00970
79
01300
32
01900
69
02180
83
02340
83
02620
69
02780
82
02890
69
03110
32
03720
82
03990
65
04320
80
04430
80
04650
82
04870
69
05090
83
05250
69
05530
78
05580
84
05910
65
06190
84
06520
65
06680
32
07230
85
07720
84
07830
73
08000
76
08160
73
08440
90
08600
90
08770
65
09100
78
09320
68
09430
79
09650
32
09870
85
10090
78
10200
32
10470
70
10530
79
10640
82
10800
77
10970
65
11080
76
11240
73
11680
83
11950
77
12170
79
12390
32
13270
65
13440
32
13660
68
13770
73
13930
80
14210
69
14370
78
14430
68
14590
69
14760
78
15360
90
15520
69
15690
32
15960
70
16130
79
16240
82
16570
84
16790
69
17010
77
17120
69
17280
78
17340
84
17560
69
17720
32
18380
76
18550
69
18820
83
18980
83
19150
73
19260
67
19590
65
19640
76
19810
73
20030
90
20190
90
20410
65
20740
84
20910
79
35900
32
36010
69
36180
32
36450
82
36620
73
36950
68
37060
85
37550
67
37710
69
37880
78
37990
68
38150
79
38430
32
38980
76
39140
65
39200
32
39860
81
40020
85
40190
65
40300
78
40570
84
40680
73
41010
84
41940
192
42770
65
42990
32
43590
68
43700
73
43920
32
44200
73
44360
78
44520
70
44690
79
44740
82
44960
77
45130
65
45290
90
45400
73
45510
79
45730
78
45840
69
46010
32
47270
78
47490
79
47770
82
47930
77
48150
65
48310
76
48970
77
49140
69
49300
78
49360
84
49580
69
49800
32
53040
73
53260
78
53700
83
53810
69
54140
73
55240
8
56000
82
56170
73
56280
84
56610
65
56770
32
57380
78
57650
69
58370
76
59030
32
60070
76
60230
69
60510
83
60620
83
60730
73
61110
86
61550
8
61720
67
62270
79
62540
32
62870
86
62930
69
63090
82
63200
79
63420
32
63970
69
64190
32
64460
80
64570
82
64740
79
64900
80
65120
82
65290
73
65400
79
65670
32
66220
68
66390
69
66500
73
66710
32
67430
83
67540
73
67760
84
67920
69
68200
77
68360
73
68640
32
69410
8
69520
8
69680
8
69790
8
70010
8
70720
83
71050
84
71270
69
71440
77
71600
73
71770
32
71930
68
72100
73
72320
32
72540
78
72700
65
72980
84
73140
85
74130
82
74460
65
74620
76
74840
32
75060
76
75280
65
75390
78
75670
71
75940
85
76050
65
76660
71
76770
69
76880
32
77540
80
77810
82
77970
79
78410
67
78630
69
78910
83
79020
83
79180
73
79400
78
79460
71
80450
190
81220
13
90390
16
90880
16
90990
16
91050
16
91160
16
91270
16
91320
16
91430
16
91540
16
91650
16
91710
16
91820
16
91870
76
95990
8
96370
16
96590
80
96920
82
97030
73
97250
77
97420
65
97530
32
97690
68
97750
73
97970
32
98190
80
98300
65
98630
83
98740
83
98960
65
99230
82
99340
69
99560
32
99780
65
00770
76
00930
76
01210
32
01810
8
02030
65
02360
32
02750
80
02970
82
03080
69
03350
83
03510
69
03730
78
03790
84
04120
65
04340
90
04450
73
04560
79
04780
78
04890
69
05000
32
05490
68
05600
69
05770
76
05990
32
06210
77
06370
69
06650
84
06760
79
07140
68
07300
79
08570
32
09060
79
09340
82
09450
73
09830
71
09890
73
10110
78
10330
65
10490
76
10660
69
12080
188
12250
32
12690
76
13130
222
13730
32
14560
65
14830
82
14940
84
15100
73
15490
67
15540
79
15710
76
15870
79
16150
32
17410
65
17580
78
17690
65
17800
76
18020
73
19220
90
19390
90
19550
65
19660
32
20870
65
21200
80
21310
80
21480
82
21590
79
22020
67
22240
67
22740
73
22900
32
23560
8
23730
8
23890
8
24060
8
24220
8
24390
8
24500
8
24660
8
25270
76
25760
67
25760
86
26420
8
27410
85
27630
78
27790
73
28290
32
28840
65
29060
80
29220
80
29440
82
30040
79
30540
67
30650
67
30810
73
31420
32
31800
85
32080
84
32190
73
32350
76
32570
73
33010
90
33170
90
33390
65
33610
84
33830
73
34000
32
34270
73
34440
78
34820
79
35540
8
35980
32
36420
80
36580
65
36910
83
37070
83
37240
65
37510
84
37620
79
37900
32
38450
80
38560
69
38720
82
38890
32
39330
82
39440
73
39930
83
40100
79
40260
76
40590
86
40640
69
40810
82
40970
69
42020
32
42400
81
42620
85
42730
69
42900
83
43170
84
43340
79
43610
32
44100
8
44600
8
44710
8
44820
8
44930
8
44980
8
45090
8
45200
8
45260
8
45370
8
45480
8
45590
8
45640
8
45750
8
45860
8
45970
8
46630
8
46850
8
47020
8
48170
82
48280
32
48610
81
48770
85
48880
69
48990
83
49270
84
49380
79
49650
32
49820
84
49870
73
50040
80
50200
79
50480
32
51250
68
51360
73
51630
32
53110
80
53330
82
53440
79
53610
80
54100
8
54710
66
54980
76
55090
69
55250
77
55800
65
60250
8
60470
8
60640
8
60800
8
60970
8
61080
8
61240
8
61460
8
61680
8
61850
8
62010
8
62180
8
62340
8
62500
8
62670
8
62890
8
64870
65
65140
82
65860
71
66020
79
66620
77
66790
69
66950
78
67060
84
67280
79
68110
190
