61190
16
61470
73
61690
76
61910
32
62510
70
62620
73
62840
76
63770
77
63990
32
64100
65
64430
84
64600
84
64930
67
65310
65
65530
65
65910
8
66080
8
66240
8
66350
8
66520
8
66680
8
66790
8
67290
8
67400
8
67510
8
67560
8
67670
8
67780
8
68720
69
68880
82
68990
73
69270
32
69430
83
69650
87
69650
69
69870
82
70200
65
70690
8
70860
8
71020
8
71130
8
71850
69
72010
82
72340
65
72510
32
72730
16
73270
16
73270
82
73550
65
73880
73
75090
32
75640
16
75690
85
75910
78
76130
79
76900
32
77450
72
77610
65
77780
32
78000
84
78160
84
78160
82
78930
8
79040
8
79700
82
79810
65
80030
83
80360
77
80420
69
81240
83
81400
83
81510
79
81790
32
82010
73
82230
76
82450
32
82670
70
82720
73
82940
76
83220
77
83380
32
83550
65
83990
84
84100
84
84420
8
84590
8
85140
8
85300
16
85740
222
85910
222
86680
37
86840
65
87280
84
87390
84
87560
65
87830
67
87990
67
88160
79
88320
32
88600
65
88870
76
89090
32
89370
80
89480
79
89920
84
90030
69
90190
82
90360
69
91560
35
95350
190
95520
32
95960
16
96120
80
96450
82
96620
69
96780
83
96950
85
97170
77
97390
79
97550
32
97720
67
97830
72
97990
69
98100
32
02550
81
02710
85
02880
69
03040
83
03320
84
03480
79
03700
32
03920
70
04250
65
04530
84
04690
84
04970
79
05240
32
05520
83
05630
73
05790
65
05960
32
06390
73
06610
78
06720
32
06890
81
07050
85
07220
65
08320
76
08540
67
08700
72
08810
69
08920
32
09200
77
09360
79
09470
68
09640
79
09960
32
10400
67
10570
79
10840
82
11010
82
11170
69
11340
76
11500
65
11780
84
11940
79
12160
32
12380
67
12490
79
12710
78
12820
32
13150
73
13320
76
13480
32
13640
70
13920
65
13920
83
14250
84
14410
84
15290
8
15460
8
16280
8
16830
84
16940
84
17110
79
17320
32
17710
67
17820
72
17980
69
18150
32
18530
16
18970
68
19300
69
19580
78
19910
90
20130
65
20680
8
21440
69
21550
76
21770
32
21940
16
22160
87
22430
65
22710
83
22980
72
23200
73
23420
78
23640
71
24190
84
24360
79
24580
78
25180
32
25730
16
25950
57
26280
80
26610
82
26720
79
27380
84
27490
65
27870
71
27930
79
28150
78
28360
73
28530
83
28750
84
28910
65
29020
32
29680
68
29850
69
30070
76
30290
32
30510
83
30670
79
30950
80
31170
82
31500
65
31830
67
31940
73
32260
84
32320
65
33140
84
33310
79
33580
32
34080
70
34190
73
34300
76
34630
77
35230
16
35400
48
35730
32
36820
72
36930
65
37100
32
37370
65
37590
80
37760
80
37920
69
38140
78
38310
65
38420
32
39080
86
39300
73
39510
78
39680
84
39900
79
40170
32
40890
76
41270
222
41600
32
42040
16
42210
79
42540
83
42700
67
42980
65
43250
82
43410
32
43580
67
43690
79
43910
77
44020
69
44130
32
44350
77
44510
73
44790
71
45010
76
45230
73
45390
79
46220
82
46330
32
46550
65
46870
84
47040
84
47260
79
47530
82
47700
69
47860
32
48360
80
48630
82
48850
79
49240
84
49400
65
49680
71
49950
79
50170
78
50390
73
50550
83
50830
84
50990
65
52970
190
53140
32
53850
16
54340
16
54400
16
54510
16
54620
16
54730
16
54780
16
54890
16
55000
16
55060
67
55390
79
55610
77
55770
85
55940
78
56100
81
56210
85
56380
69
56540
32
57310
73
57480
76
57700
32
57970
70
58020
73
58190
76
58520
77
58630
32
59950
192
60280
69
60390
32
61160
80
61430
73
61590
85
61920
84
62030
84
62200
79
62860
83
63240
84
63350
79
63570
32
63790
79
64010
82
64180
82
64400
69
64560
78
64730
68
64890
79
88070
16
88450
186
88670
32
89280
85
89440
78
89660
65
89720
32
90270
67
90600
8
90820
65
91250
67
91420
67
91580
79
92190
90
92350
90
92520
65
92900
71
93120
76
93290
73
93450
65
93620
32
94550
68
94710
73
96530
32
97520
83
97680
80
97740
65
98180
82
98450
65
99000
84
99220
79
99490
82
99660
73
99710
69
01200
188
01360
32
02350
69
02510
83
02790
80
02950
76
03120
79
03500
83
03560
73
03720
79
04000
78
04160
73
04380
32
04550
68
04660
73
04880
32
05100
66
05370
79
05540
77
05860
66
06030
69
06140
32
07020
69
07180
83
07620
8
07900
68
08230
32
08450
65
08780
84
08890
84
09160
69
09270
78
09380
84
09710
65
10040
84
10150
73
10370
32
10590
86
10750
65
11080
82
11190
73
14160
32
14980
65
15090
32
15310
82
15480
73
15640
84
15810
77
16030
79
16250
32
16690
67
16740
79
16960
78
17340
86
17450
85
17620
76
18000
83
18110
79
20150
32
21080
8
21740
188
21900
32
22400
68
22560
79
22890
86
23000
69
23170
32
25530
76
26130
222
26850
32
27400
16
27730
70
28220
66
28600
73
28880
32
30970
37
31460
37
31520
37
31620
37
31730
37
31840
37
32720
71
32830
76
33000
73
33220
32
33380
65
33710
69
33880
71
34810
8
34980
8
35800
71
36020
69
36070
78
36240
84
36400
73
36680
32
37280
68
37500
69
37890
76
38660
35
39640
70
39810
65
40080
78
40190
78
40410
79
40690
32
40910
76
41070
65
41180
32
41400
80
41570
65
41900
82
42060
84
42230
69
42450
32
42940
68
43100
69
43270
73
43430
32
43710
66
43930
85
44090
79
44310
78
44480
73
44750
32
45360
69
45520
32
46020
76
46950
8
49700
71
49810
76
50020
73
50240
32
50460
85
50680
79
50900
77
51070
73
51290
78
51450
73
51670
32
52170
68
52330
69
52500
76
52660
76
53270
222
53540
32
54360
69
54530
83
54750
69
54910
82
55300
67
55410
73
55630
84
55740
79
56010
32
57060
16
57550
16
57660
16
58320
16
58480
57
58870
73
59030
76
59200
32
59420
67
59580
85
59750
73
59970
32
60130
67
60240
79
60410
77
60630
78
60790
65
61890
8
62050
8
62820
65
62930
78
63150
68
63320
65
63760
78
63870
84
64090
69
64250
32
65240
192
65570
69
65680
32
66010
85
66170
78
66340
32
67490
65
67660
78
67820
84
67990
73
68260
80
68430
65
68750
84
68970
73
69410
67
69580
79
69910
32
70460
16
70620
66
70900
82
71280
85
71670
67
71780
69
71890
32
72160
16
72380
87
72540
73
72760
76
72870
76
73090
73
73310
83
74030
16
74190
48
74470
32
76390
70
76550
65
76770
78
76880
78
77100
79
77320
32
77540
76
77710
65
77820
32
78090
80
78310
65
78590
82
78750
84
78920
69
79080
32
79570
68
79740
69
79850
73
80120
32
80230
67
80510
65
80840
84
81000
84
81110
73
81330
86
81500
73
83090
186
83310
32
85070
8
85400
8
86280
188
89680
188
90070
46
90450
46
96550
8
96880
32
97370
69
97540
32
97920
73
98080
78
98360
70
98470
73
98630
78
98800
69
98910
32
99130
73
99350
32
99510
84
99730
69
99950
82
00120
82
00170
79
01000
82
01110
73
01270
83
01550
84
01650
73
01930
32
02370
16
02530
57
02810
79
03190
86
03300
86
03580
73
03910
65
04020
77
05440
69
05550
78
05660
84
05880
69
06050
32
06600
73
06870
83
07040
76
07260
65
07480
77
07700
73
08190
67
08360
73
09070
16
09290
48
09560
32
10500
70
10660
65
10880
78
10990
78
11270
79
11490
32
11710
76
11870
65
11930
32
12200
80
12310
65
12590
82
12750
84
12910
69
13130
32
13570
68
13740
69
13850
73
14070
32
14290
80
14560
73
15110
192
15220
85
15440
32
16050
67
16270
65
16590
84
16760
84
16920
73
17030
86
17140
73
17360
32
17690
68
17860
73
18020
32
18350
84
18460
85
18630
84
18790
84
19010
73
20000
190
20880
32
21430
16
21540
73
21760
78
21980
83
22030
79
22360
77
22970
77
23240
65
25380
32
27310
78
27520
79
27740
78
27960
32
29060
67
29280
82
29500
69
29670
68
29830
79
30110
32
30550
83
30660
73
30820
65
30930
32
31150
85
31370
78
31530
32
31810
70
31860
73
32030
76
32250
77
32470
32
33070
68
33290
65
33460
32
33680
67
33730
79
33950
78
34120
83
34230
73
34500
71
34610
76
34770
73
34830
65
35160
82
35320
69
38560
32
38780
65
39060
32
39220
67
39330
72
39940
73
40160
32
40380
65
40540
78
41150
8
41420
8
41640
8
41810
8
41970
8
42240
8
42630
8
43890
32
44440
67
44550
72
44830
73
44990
32
45320
72
45870
8
46860
72
46910
65
47080
32
47350
65
47520
86
47960
84
48070
79
48340
32
49060
8
49170
8
49330
8
50100
85
50370
84
50430
79
50650
32
50920
76
51030
65
51140
32
51360
70
51470
79
51580
82
51800
84
51970
85
52190
78
52300
65
52410
32
53120
68
53230
73
53450
32
53890
78
54050
79
54330
78
54490
32
54600
65
54770
86
54930
69
55100
82
55590
76
55700
79
55980
32
56250
65
56420
78
56640
67
56860
82
57180
65
57350
32
57900
8
58060
8
58170
8
58830
79
59160
82
59220
65
59440
32
59930
86
60040
73
60210
83
60480
84
60640
79
61190
190
61410
32
61630
16
61800
73
61960
78
62130
32
62350
79
62510
71
62620
78
62790
73
63010
32
63280
67
63390
65
63610
83
63780
79
68440
188
68610
32
68830
67
69160
82
69320
69
69490
68
69600
79
69820
32
69930
67
70040
72
70150
69
70260
32
70810
77
70970
79
71140
76
71300
84
71470
73
71680
32
72950
70
73000
73
73170
76
73390
77
73550
32
73830
73
73990
78
74160
84
74380
69
74540
82
75260
80
75420
82
75640
69
75910
84
76020
65
76680
84
76790
73
77010
32
77340
68
78330
65
79700
32
79980
16
80200
68
80420
69
80690
78
81240
90
81570
69
81680
75
81680
76
82620
8
82720
8
83330
76
83600
32
83770
16
84260
16
84320
87
85030
65
85420
83
85640
72
86080
73
86350
78
86570
71
86950
84
87060
79
87280
78
87450
32
87890
83
88000
73
88270
65
88270
78
88490
79
88710
32
88930
77
89100
73
89370
71
89370
76
89540
73
89760
79
90690
82
90800
73
91020
32
91180
68
91350
73
91510
32
91730
81
91840
85
91950
69
92170
83
92450
84
93270
79
93710
190
