41350
16
41850
73
42070
78
42230
32
42450
85
42670
78
42840
65
42950
32
43610
71
43770
82
43940
65
44370
77
44480
77
44590
65
44870
84
45090
73
45360
67
45470
65
45580
32
45750
65
45970
32
46460
68
46570
73
46850
80
47010
69
47230
66
47340
68
47670
8
48330
8
48930
78
49210
68
49430
69
49540
78
49920
90
50140
69
50310
32
51790
84
51900
85
52120
84
52280
84
52500
69
52670
32
53160
76
53380
69
53490
32
53660
82
53770
69
54260
76
54430
65
54590
90
54700
73
54870
79
55090
78
55250
73
55470
32
55630
83
55690
73
55910
78
56020
84
56290
65
56570
84
56680
84
56840
73
57010
67
57170
72
57230
69
57390
32
57560
67
57670
72
57720
69
57890
32
58160
76
58220
69
58490
71
58660
65
58880
78
59090
79
59370
32
62230
76
62390
69
62500
32
63160
80
63270
65
63650
82
63820
79
63980
76
64530
69
64640
32
64970
83
65030
79
65250
78
65410
79
65630
32
65910
68
66070
69
66290
83
66450
67
66670
82
66840
73
67000
84
67170
84
67440
69
72880
32
75190
83
75300
85
75630
76
75790
76
75960
65
76120
32
76400
66
76560
65
76730
83
76950
69
77110
32
77220
68
77390
73
77600
32
77820
82
77990
69
78210
76
78430
65
80740
90
80960
73
81070
79
81280
78
81450
73
81670
32
82820
68
83040
69
83260
84
83370
84
83650
69
84090
32
84420
65
84690
80
84800
80
85070
85
85240
78
85400
84
85510
79
85730
32
85900
68
86010
73
86230
32
86450
68
86560
73
86830
80
87220
69
87380
78
87550
68
87710
69
87880
78
88320
90
88530
65
89410
190
95240
32
97870
16
98370
16
98420
65
98810
76
98970
32
99250
67
99300
79
99520
78
99680
84
99850
82
00120
65
00450
82
00560
73
00730
79
00950
32
01170
68
01280
73
01440
32
01660
81
01770
85
01880
65
02050
78
02270
84
02380
79
02600
32
02710
65
03040
86
03200
86
03360
73
04190
69
04460
78
04570
69
04790
32
05560
73
05730
78
05950
32
06170
85
06390
78
06610
65
06720
32
06930
71
07100
82
07260
65
07540
77
07700
77
07870
65
08140
84
08310
73
08470
67
08690
65
08860
32
09020
65
09130
32
09300
67
09460
79
09570
83
09900
84
10070
73
10290
84
10400
85
10510
69
10670
78
10780
84
11110
73
12320
188
12480
32
12700
76
12870
69
12980
32
13200
80
13360
65
13640
82
13750
79
13910
76
14080
69
14190
32
14460
78
14680
79
14840
78
15010
32
15230
83
15340
79
15560
78
15780
79
16000
32
18520
70
18740
65
19070
84
19180
84
19400
69
19570
32
19840
79
20120
71
20230
71
20450
69
20720
84
20830
84
21000
79
21220
32
21440
68
21550
73
21760
32
21930
82
22260
65
22970
71
23080
71
23360
82
23630
85
23910
80
24070
80
24240
65
24460
77
24570
69
24790
78
24840
84
25060
73
39840
188
40000
32
40220
77
40380
65
40440
32
40770
83
40880
79
41320
78
41480
79
41760
32
42200
67
42310
79
42530
78
42690
83
42800
73
43020
68
43190
69
43350
82
43570
65
43790
84
44010
69
44170
32
44280
67
44500
79
44720
77
44720
69
44890
32
45660
76
45820
69
45930
32
46260
80
46590
73
47090
192
47200
85
47470
32
48130
71
48290
82
48460
65
48730
78
49010
68
49230
73
49500
32
50270
16
50490
57
50710
69
50880
32
51200
80
51640
73
52410
192
52520
85
52850
32
53570
80
53840
73
54340
67
54450
67
54720
79
55540
76
55710
69
55870
32
56700
8
57140
16
57470
57
57910
8
58510
48
58780
32
59060
85
59280
78
59440
73
59830
84
60210
192
60430
65
60650
32
61260
67
61480
72
61640
69
61750
32
62030
67
62190
79
62350
83
62740
84
62900
73
63180
84
63340
85
63730
73
64110
83
64280
67
64610
79
64940
78
65160
79
65430
32
65870
76
66090
65
66140
32
66420
70
66640
82
66910
65
67130
83
67350
69
67960
190
68230
32
72350
16
72850
16
72960
16
73070
16
73180
16
73230
16
73340
16
73450
16
73500
16
73610
16
73670
85
73940
78
75480
222
75980
32
77070
65
77290
76
77570
84
77790
82
78120
65
78280
32
78450
68
78610
73
78830
70
78940
70
79220
69
79380
82
79550
69
79710
78
79990
90
80150
65
80260
32
80540
84
80700
82
81030
65
81140
32
81410
85
81630
78
82020
65
82130
32
82460
71
82680
82
83010
65
83340
77
83500
77
83610
65
83940
84
84110
73
84220
67
84540
65
84650
32
84820
65
85530
67
85750
79
85860
83
86140
84
86300
73
86520
84
86740
85
86850
69
87020
78
87070
84
87240
73
87510
32
87790
69
88610
37
89100
37
89210
37
89320
37
89430
37
89490
37
89600
37
89710
37
89820
37
89870
37
89980
37
90090
37
90200
37
90480
32
91140
35
92290
68
92400
32
92670
85
92890
78
93060
65
93170
32
94050
65
94210
32
94380
68
94490
73
94870
80
95040
69
95310
78
95420
68
95580
69
95750
78
96240
90
96520
69
96740
32
97070
83
97180
84
97340
65
97450
32
97780
78
97950
69
98110
76
98280
32
98440
70
98720
65
99040
84
99150
84
99320
79
99590
32
99760
67
99920
72
00030
69
00200
32
08880
76
09100
65
09150
32
09480
80
09650
82
09760
73
09920
77
10080
65
10140
32
10580
83
11020
8
11290
65
11840
84
11950
84
12170
82
12340
73
12560
66
12780
85
12940
73
13050
83
13270
67
13490
69
13660
32
13930
85
14970
78
15190
32
15630
86
16070
65
16400
76
16570
79
16730
82
16900
69
17010
32
17230
70
17340
79
17610
78
17830
68
17990
69
18430
8
18600
65
19260
77
19370
69
19530
78
19590
84
19920
65
20080
76
20250
69
20410
32
20580
65
20690
76
20850
76
21180
222
21450
32
21670
79
21890
82
22110
68
22280
73
22500
78
22660
69
22770
32
23050
73
23270
78
23430
32
23600
67
23760
85
23930
73
24150
32
24370
76
24530
65
24640
32
24860
80
24970
65
25300
82
25410
79
25570
76
25850
69
25960
32
26290
83
26450
84
26620
65
26840
78
27000
78
27220
79
27440
32
28050
65
28760
76
28920
76
29140
222
29360
32
29640
73
29800
78
30020
84
30130
69
30300
82
30460
78
30630
79
30900
32
31070
68
31510
69
31780
76
31950
76
32270
65
32490
32
32930
70
33100
82
33370
65
33590
83
33760
69
34420
188
34580
32
34800
73
34970
78
35190
86
35350
69
35570
67
35680
69
35790
32
36060
76
36280
65
36390
32
36560
83
36720
67
37440
8
38260
69
38590
67
38760
79
38920
78
39200
68
39470
65
40070
32
40460
78
40680
79
41120
188
41500
8
42050
190
42270
32
42380
16
42550
80
42820
82
42990
79
44030
82
44850
8
45680
80
46450
82
46610
73
46780
79
47050
32
47270
80
47430
69
47540
82
47710
32
47980
81
48150
85
48260
69
48420
83
48700
84
48860
79
49080
32
49250
77
49470
79
49580
84
49690
73
50130
86
50290
79
50570
32
53480
76
53970
69
54080
32
54350
71
54570
82
54740
65
54960
77
55120
77
55230
65
55510
84
55670
73
55780
67
55890
72
56060
69
56170
32
56330
65
56440
32
56660
68
56770
73
57050
80
57270
69
57380
78
57540
68
57710
69
57760
78
58200
90
58420
69
58580
32
58750
83
58910
79
59080
78
59240
79
59460
32
59630
83
59790
84
59900
65
60120
84
60120
69
60400
32
61000
85
61390
84
61500
73
61660
76
61880
73
62100
90
62260
90
62480
65
62760
84
62980
69
63140
32
63310
67
63360
79
63580
78
63750
32
63910
83
64130
85
64410
67
64570
67
64790
69
65010
83
65120
83
65290
79
65450
32
65780
80
65780
69
66000
82
66050
32
66330
76
66440
65
66550
32
66990
82
67370
65
67540
80
67700
80
67810
82
68030
69
68310
83
68470
69
68640
78
68750
84
69020
65
69240
90
69350
73
69510
79
69730
78
69840
69
69950
32
70720
68
71820
73
72100
32
72540
76
72750
73
72970
78
73190
71
73360
85
73630
69
73800
32
74070
78
74240
65
74570
84
74790
85
75010
82
75340
65
75560
76
75780
73
76050
32
76820
73
77040
78
77200
32
77420
67
77530
85
77640
73
77860
32
78140
76
78470
222
78740
32
78960
79
79400
82
79620
68
79790
73
80010
78
80170
69
80220
32
80390
68
80550
69
80660
76
80830
76
81270
69
81540
32
81820
80
81930
65
82150
82
82310
79
82530
76
82750
69
82860
32
83580
192
83900
69
84070
32
84340
82
84510
69
84780
76
84950
65
85220
84
85390
73
85660
86
85770
65
85940
77
86050
69
86210
78
86320
84
86490
69
86650
32
87150
76
87310
73
87580
66
87800
69
87910
82
88080
79
88570
188
88740
32
88960
67
89070
79
89230
77
89450
69
89450
32
89780
73
90060
76
90280
32
90500
84
90720
69
90990
68
91100
69
91370
83
91540
67
91700
79
92200
188
92310
32
93080
76
93790
222
94120
32
94400
73
94560
78
94840
84
95000
65
95160
76
95330
73
95550
65
96370
8
96540
8
96700
8
96810
8
96980
8
97090
8
97860
84
98020
65
98130
76
98300
73
98520
65
98620
78
98790
79
99010
188
99170
32
99390
73
99610
76
99780
32
00000
67
00220
69
00440
67
00550
79
00770
32
00990
79
01210
32
01430
73
01590
76
01810
32
01980
82
02140
85
02360
83
02520
83
02690
79
05880
188
06750
8
07080
190
