67140
16
67360
76
67690
65
67800
32
68780
83
69000
73
69330
71
69500
78
69660
73
70210
82
70650
65
71090
8
71260
8
71420
8
72080
79
72410
82
72790
65
74060
37
74280
37
74440
37
74610
37
74830
37
75050
37
75210
37
76640
65
76750
78
77130
90
77300
73
77460
65
77570
78
77740
65
77900
32
78780
35
79220
32
79770
16
80100
83
80260
77
80540
73
80810
84
80980
72
81200
32
81470
65
81800
67
81970
67
82080
79
82300
77
82520
80
82740
65
83010
71
83180
78
83340
65
83500
84
83670
65
83780
32
84770
68
84990
65
85150
76
85430
32
85870
68
85980
79
86580
68
86690
73
86860
67
87080
69
87350
78
87460
78
87620
69
87790
32
90370
16
90650
77
90860
73
91250
67
91300
72
91520
65
91800
69
92020
76
92460
32
00480
8
00700
8
00860
8
01080
8
01250
8
01470
8
01690
8
02010
8
03720
16
03830
74
04160
79
04540
72
04760
78
06680
32
07510
83
07780
67
08330
8
08500
8
13050
83
13440
67
13600
79
13770
80
14040
82
14150
69
14320
32
15200
68
15360
85
15530
69
15690
32
16240
67
16350
65
16520
68
16570
65
17010
86
17170
69
17340
82
17720
73
18050
32
18550
78
18710
69
19100
76
19210
76
19430
65
19540
32
20090
83
20250
65
20580
67
20850
82
21070
69
22010
83
22230
84
23160
73
23330
65
23490
32
23980
68
24150
69
24310
76
24480
32
24700
67
24810
79
25030
78
25030
77
26130
8
26840
86
26950
69
27170
78
27280
84
27500
79
27830
32
28980
68
29090
73
29370
32
29480
16
29860
83
31020
8
31510
8
31620
8
31730
8
31780
8
31890
8
32000
8
32110
8
32170
8
32280
8
32390
8
32440
8
32550
8
32660
8
33490
76
33710
65
33870
32
34420
67
34590
72
34750
73
34920
69
35080
83
35350
65
35460
32
35790
68
35850
73
36120
32
36290
16
36560
83
37000
65
37170
78
37390
32
37660
16
37880
77
38050
65
38320
82
38490
84
38650
73
38920
78
39200
32
43700
68
43870
85
43980
82
44310
65
44420
78
44640
84
44800
69
44970
32
46450
76
46560
65
46720
32
47110
83
47160
85
47380
65
47490
32
51060
86
51170
73
51500
83
51610
73
51940
84
52110
65
52270
32
53100
68
53260
69
53700
76
54140
32
54470
77
54630
69
54850
82
55180
67
55290
79
55680
76
55900
69
56780
68
57210
192
58200
73
58480
32
59080
77
59190
65
59520
84
59690
84
59960
73
60240
78
60350
65
63040
190
63260
32
65340
16
65510
73
65840
77
65950
77
66060
69
66280
68
66330
73
66550
65
66830
84
66990
65
67160
77
67320
69
67430
78
67540
84
67820
69
67980
32
70510
86
70670
73
70840
69
71000
78
71110
69
71280
32
73690
67
73800
72
74020
73
74190
65
74740
77
74900
65
75180
84
75230
65
75510
32
76380
8
76550
8
77430
79
77760
32
78420
73
78580
76
78800
32
79020
80
79240
65
79620
82
79790
82
79900
79
80060
67
80230
79
80500
32
80830
67
81050
72
81160
69
81330
32
81770
65
81990
86
82100
86
82370
73
82920
83
83080
65
83300
32
83960
76
84180
65
84290
32
84510
80
84680
79
84840
76
85010
73
85390
90
85500
73
85670
65
86490
190
92590
32
98190
16
98350
73
98570
76
98790
32
98960
67
99180
65
99400
83
99510
79
99730
32
00000
83
00060
85
00500
83
00720
67
00880
73
01160
84
01540
65
01700
32
02360
83
02470
85
02690
66
02910
73
03130
84
03300
79
03520
32
03900
71
04070
82
04400
65
04560
78
04730
68
04890
69
05000
32
05220
73
05380
78
05550
84
05990
82
06100
69
07140
8
07310
8
07910
69
08020
82
08190
69
08520
83
08680
83
08840
69
09170
32
09500
73
09720
78
09890
32
10050
81
10220
85
10880
65
11100
78
11320
84
11430
79
11700
32
12420
85
12630
78
12800
65
12910
32
13070
68
13400
76
13570
76
14010
8
14170
8
14450
69
14890
76
15050
76
15710
69
15820
32
16150
68
16260
85
16420
69
16590
32
16920
86
17080
73
17250
84
17410
84
17520
73
17850
77
17960
69
18070
32
34170
192
34600
69
35100
32
37960
73
38180
76
38720
32
39490
68
39660
73
39880
77
40040
73
40590
83
40760
83
40920
73
41030
79
42070
78
42180
65
42570
82
42680
73
42840
79
43120
32
45260
16
45480
80
45750
65
45970
85
46250
76
46690
32
47240
16
47730
16
47790
66
49160
8
49380
8
49540
8
49760
8
49930
8
50150
8
51190
77
51360
73
51630
78
51800
73
51960
83
52350
84
52510
82
52680
79
52950
32
53060
68
53220
69
53390
71
53550
76
53720
73
53990
32
54210
73
54380
78
54540
84
54820
69
54930
82
55150
78
55310
73
59050
82
59160
69
59430
67
59600
69
59760
78
59870
84
60090
69
60200
77
60310
69
60470
78
60580
84
60800
69
60910
32
63110
35
65140
188
65360
32
65860
83
66020
73
66190
82
66350
32
66630
16
66740
80
66960
65
67230
85
67450
76
67720
32
68110
16
68600
16
68660
66
69370
69
69540
82
69760
79
69980
87
70200
78
70420
69
74540
188
74700
32
74980
85
75190
76
75360
84
75410
73
75630
77
75800
79
76020
32
76570
69
76680
82
76840
69
77060
68
77280
68
77280
69
78050
8
78440
8
78770
69
79040
32
79640
68
79750
73
79970
32
80250
85
80410
78
80580
65
80740
32
80960
78
81180
79
81620
66
81730
73
81900
76
82120
69
82230
32
82500
68
82550
73
82830
78
82990
65
83270
83
83600
84
84420
73
84590
65
84970
190
85190
32
85580
16
85910
86
86130
73
86340
69
86400
78
86840
69
87110
32
87390
73
87610
78
87940
67
88100
65
88380
82
88490
73
88650
67
88980
65
89090
84
89370
79
89640
32
90240
68
90350
69
90570
76
90740
76
90850
69
91070
32
91560
73
91780
78
92000
68
92280
65
92720
71
92940
73
93100
78
93490
73
93980
32
95240
73
95460
76
95680
32
96450
67
96620
79
96890
77
97000
77
97440
73
97770
83
97990
83
98210
65
99140
82
99250
73
99420
79
99690
32
99860
16
00350
68
01060
65
01390
76
02110
71
03590
73
04360
69
04630
83
05130
72
07270
32
07660
67
07820
72
07990
69
08150
32
13480
67
13640
79
13810
78
14140
79
14300
83
14470
67
14690
69
14910
86
15070
65
15240
32
15780
66
15890
69
16060
78
16170
69
16280
32
17490
8
17650
8
17820
8
17980
8
18090
8
18700
80
18970
69
19140
82
19680
83
20120
79
20840
78
20950
65
21110
76
21330
77
21440
69
21550
78
21720
84
21940
69
22100
32
23090
76
23420
222
23860
32
25010
73
25450
8
25670
8
26330
65
26440
32
26770
80
27040
73
27540
192
27650
85
27920
32
28360
73
28580
76
28750
76
28970
85
29350
83
29520
84
30120
82
30290
69
30500
32
30890
68
31110
69
31270
76
31380
76
31550
69
31710
32
32320
68
32480
85
32590
69
32700
32
33090
86
33250
73
33580
84
33750
84
34070
73
34350
77
34510
69
44240
188
44400
32
44570
77
44790
69
44840
78
45120
84
45330
82
45500
69
45720
32
47310
73
47530
76
47700
32
47920
83
48080
69
48410
67
48520
79
48740
78
48900
68
49070
79
49290
32
50940
67
51210
65
51490
68
51650
65
52090
86
52200
69
52420
82
52530
69
52800
32
53680
192
54010
69
54230
32
54670
68
54780
73
55060
32
55550
85
55770
78
55940
32
56160
66
56650
65
56920
82
57140
66
57360
79
57580
78
57800
69
58240
32
58960
66
59120
69
59230
78
59400
32
59670
78
59890
79
60160
84
60380
79
60660
32
62140
65
62250
73
62420
32
62690
80
62800
65
63080
82
63240
82
63460
79
63790
67
63950
67
64120
72
64280
73
64940
65
65930
78
66260
73
66540
32
66760
69
66920
68
67090
32
67360
65
67470
76
67690
32
68400
80
68510
65
68900
82
69010
82
69170
79
69280
67
69390
79
69670
32
69830
68
70000
73
70220
32
70330
16
70550
83
70770
65
71040
78
71200
32
71370
16
71590
77
71640
65
71970
82
72140
84
72300
73
72520
78
75210
40
75600
40
77250
32
77520
69
77630
32
78020
67
78130
72
78290
69
78450
32
79170
73
79390
77
79550
77
79660
69
79830
68
79990
73
80160
65
80430
84
80600
65
80760
77
80930
69
81040
78
81150
84
81370
69
81530
32
82300
83
82410
73
82630
32
82740
84
82900
82
83010
79
83290
86
83450
65
83620
32
83730
65
83890
32
84170
82
84280
73
84610
70
84720
76
84940
69
85320
84
85430
84
85700
69
85920
82
86030
69
86310
32
87020
83
87190
85
87790
76
87960
32
88450
83
88560
85
88730
79
89000
32
89330
85
89550
76
89710
84
89820
73
89990
77
90210
79
90480
32
91750
73
91910
78
92240
67
92350
79
92520
78
92740
84
92900
82
93120
79
93340
32
93560
67
93670
79
93940
78
94160
32
94490
16
94600
80
94710
65
95210
85
95370
76
95650
32
95810
16
95980
66
96420
69
96580
82
96850
79
97130
87
97570
78
97680
69
99050
188
99220
32
99380
65
99660
67
99820
67
00100
65
00320
68
00700
85
00860
84
01030
79
01300
32
02180
77
02350
69
02680
78
02900
79
03060
32
03280
68
03390
73
03610
32
03830
85
04050
78
04210
32
04710
77
04870
69
05090
83
05310
69
05420
32
05750
80
05920
82
06080
73
07240
8
07730
8
07790
8
07890
8
08000
8
08110
8
08170
8
08280
8
08390
8
08440
8
08550
8
08660
8
08770
8
08830
8
08940
8
09050
8
09160
8
09210
8
09600
8
10150
80
10260
79
10860
67
11030
72
11140
69
11250
32
11470
83
11630
69
11900
84
12010
84
12120
73
12340
77
12510
65
12620
78
12950
69
13280
32
13770
80
13990
82
14100
73
14380
77
14490
65
14710
32
15800
69
15970
32
16130
68
16300
85
16410
82
16740
65
16850
78
17070
84
17230
69
17400
32
17890
73
18060
76
18280
32
18440
81
18610
85
18720
69
18880
76
19700
8
19870
8
20640
81
21300
8
21900
65
22070
76
22290
82
22720
8
22890
69
53320
32
53650
76
53810
65
53980
32
54310
86
54420
73
54640
84
54750
84
54910
73
55460
77
55630
65
55790
32
56230
71
56390
76
56560
73
56830
32
56940
65
57160
86
57330
69
57440
86
57990
65
58150
32
58810
82
58980
73
59250
86
59360
69
59580
76
59740
65
60070
84
60240
79
60510
32
60900
68
61010
73
61280
32
61450
65
61670
86
61780
69
62000
82
62110
32
62440
82
62550
73
62990
67
63150
69
63480
86
63590
85
63700
84
63860
79
64140
32
72820
77
72980
73
73260
78
73420
65
73700
67
73860
67
74080
69
77210
32
77760
68
78090
65
78310
32
78690
85
78860
78
80180
32
81820
65
81930
78
82210
79
82430
78
82650
73
82810
77
83030
79
83360
32
88910
8
89400
8
89510
8
89620
8
89680
8
89790
8
89900
8
90010
8
90060
8
90170
8
90280
8
90390
8
90450
8
90780
8
90940
8
92260
190
93250
37
93800
37
93850
37
93960
37
94070
37
94130
37
94240
37
94350
37
95120
85
95280
78
95450
65
95560
32
95830
76
95940
69
96220
84
96320
84
96600
69
96760
82
96980
69
97810
8
98190
65
98360
32
98800
65
98910
78
99130
79
99400
78
99570
73
99730
77
00060
65
00280
32
00830
67
00990
79
01210
78
01380
84
01600
69
01710
78
01870
69
02090
78
03030
84
03300
69
03470
32
