37580
16
38080
16
38190
16
38300
16
38350
16
38460
16
38570
16
38680
16
38740
16
38850
16
38960
16
39010
16
39120
16
39230
16
39340
16
39400
16
39510
16
39620
16
39730
16
39780
16
39890
16
40000
73
40220
76
40440
32
41150
78
41320
85
41590
79
41810
67
42310
8
43080
86
43240
79
43460
32
43680
70
43840
73
43950
76
44390
77
44560
32
45050
68
45160
73
45820
32
46260
16
46480
65
46650
76
46920
84
47960
77
48130
65
48290
78
48460
32
49450
8
50160
188
50330
32
50600
73
50770
78
51040
84
51210
73
51530
84
51640
79
51860
76
51970
65
52300
84
52580
79
52850
32
53240
16
53400
71
53620
79
53900
83
54230
70
54450
79
54610
82
54890
68
55100
32
55380
16
55600
80
55760
65
56090
82
56590
75
57520
188
57630
32
58290
68
58460
69
58670
83
58950
67
59110
82
59280
73
60160
86
60270
69
60430
32
63560
76
64110
222
65100
32
65820
65
65980
77
66250
66
66580
73
66860
69
66970
78
67080
84
67300
69
67520
32
68120
68
68290
69
68620
76
68780
76
68890
65
69060
32
69820
73
70590
8
71750
82
71910
73
72130
67
72240
67
72520
65
72680
32
72960
78
73180
79
73560
66
73670
73
73830
76
74110
84
74880
192
75210
65
75370
32
76030
73
76200
78
76580
71
76690
76
76860
69
77070
83
77240
69
77400
32
78230
78
78390
69
78670
71
78780
76
79000
73
79160
32
79330
65
79600
78
79770
78
79990
73
80260
32
81580
51
81630
48
82130
32
82460
68
82620
69
82950
76
83120
76
83280
79
83500
32
83670
83
83830
67
84000
82
84050
79
84330
83
84490
79
85040
8
85200
8
85370
8
85530
8
86300
79
86580
82
86800
83
86910
79
87180
32
87350
83
87510
69
87790
67
87950
79
88060
76
88220
79
88720
190
89490
32
92180
16
92670
16
92780
16
92890
16
92950
16
93060
16
93170
16
97070
16
97560
16
97670
16
97780
16
97840
16
97950
16
98060
16
98170
16
98220
16
98330
16
98440
16
98500
16
00200
16
00690
16
00750
65
01080
76
01240
76
01570
222
02070
32
02730
73
02890
78
03110
73
03330
88
03820
8
04430
90
04540
73
04650
79
04920
32
05200
68
05360
69
05530
76
05800
32
05970
70
06080
73
06300
76
06790
77
07010
32
07720
76
07890
79
08110
32
08330
83
08380
80
08600
69
08880
84
09040
84
09320
65
09650
84
09810
79
09870
82
10030
69
10190
32
10520
82
10630
73
10910
77
11070
65
11130
78
11350
69
11510
32
12060
80
12280
73
12450
85
12830
84
12940
84
13160
79
13330
83
13550
84
13660
79
13930
32
14090
67
14200
79
14480
78
14810
70
14970
85
15410
83
15580
79
15850
32
16790
68
19530
65
22060
76
22170
76
22550
65
22720
32
23270
80
23430
82
23600
69
23820
83
23980
69
24260
84
24260
78
24640
65
24810
90
24970
73
25130
79
25350
78
25460
69
25630
32
26180
8
26730
8
26780
8
26890
8
27000
8
27060
8
27170
8
27280
8
27660
8
28210
78
28490
84
28600
65
28810
90
28980
73
29140
79
29420
78
29860
69
30130
32
30570
80
30790
82
31070
65
31340
84
31510
73
31730
67
32000
65
32170
77
32330
69
32490
78
32600
84
32770
69
32930
32
33100
83
33260
73
33480
77
33700
85
33870
76
34250
84
34580
65
34800
78
34910
69
35350
65
35570
32
36390
68
36500
73
36780
32
37600
85
37820
78
37990
32
38260
71
38590
82
39250
65
39420
78
39580
32
40070
78
40240
85
40460
77
41060
69
41230
82
41450
79
41670
32
41890
68
41940
73
42220
32
42440
80
42550
69
42660
82
43100
83
43260
79
43530
78
43700
65
44030
71
44190
71
44410
73
47050
190
47490
32
49690
16
50240
16
50290
16
50400
16
50510
16
50570
16
50680
16
50780
16
50890
16
50950
16
51060
16
51170
16
51280
16
51330
16
51440
16
51550
16
51610
16
51720
16
51830
16
51940
16
51990
16
55510
16
55950
73
56170
76
56330
32
56720
70
56830
73
56990
76
57430
77
57540
32
58040
82
58310
65
58580
67
58690
67
58860
79
59080
78
59190
84
59410
65
59570
32
59850
73
60010
78
60180
70
60340
65
60730
84
60840
84
61000
73
61280
32
65720
85
65890
78
66050
32
66330
73
66490
78
66770
67
66930
79
67100
78
67260
84
67430
82
67540
79
67760
32
67980
68
68140
73
68310
32
68690
85
68910
78
70670
32
71050
71
71220
82
71770
85
72650
80
72810
80
73030
79
73300
32
73690
80
73960
85
74730
8
75280
73
75450
85
75780
84
75940
84
76490
79
76710
83
76980
84
77150
79
79240
32
79900
78
80120
85
80330
77
80500
69
80610
82
80770
79
80990
83
81100
79
81320
32
81540
68
81650
73
81870
32
82090
78
82310
79
82810
66
82860
73
83080
76
83250
73
83470
32
83690
69
83850
32
85330
8
85550
8
87090
67
87200
79
87420
78
87590
32
87750
65
87860
76
88080
32
88350
83
88570
69
88900
71
89010
85
89180
73
89400
84
89510
79
89730
32
90000
85
90110
78
90660
222
91270
32
91920
65
92090
76
92470
84
92580
82
92800
69
93130
84
93240
84
93570
65
93740
78
93900
84
94010
79
94230
32
94510
78
94670
85
94890
77
95050
69
95220
82
95330
79
95600
83
95770
65
95990
32
96210
83
96370
67
96540
72
97140
79
97750
8
98410
73
98630
69
98790
82
99120
65
99280
32
99450
68
99610
73
99890
32
00160
83
00330
69
00490
82
00710
86
00880
73
01100
84
01260
79
01590
82
01760
73
09670
188
12740
188
15600
68
15710
73
15930
32
20870
32
21140
73
21310
78
21470
32
21750
79
22190
67
22300
67
22960
65
23340
83
23450
73
23620
79
23840
78
24060
69
24110
32
24330
68
24390
73
24660
32
24880
85
25100
78
25760
65
26140
32
27240
66
27410
65
27740
84
27850
84
28120
85
28280
84
28610
65
28720
32
28940
68
29380
73
29660
32
29930
67
30210
65
30540
67
30700
67
30870
73
31030
65
31200
32
36410
65
36470
76
36690
32
37130
70
37240
65
37460
71
37730
73
37900
65
38060
78
38170
79
48500
32
49100
80
49380
82
49540
69
49820
83
49930
83
50150
79
50360
32
50910
76
51080
65
51240
32
51630
76
51790
85
52010
83
52180
83
52290
85
52510
79
52840
83
53000
65
53110
32
53500
84
53720
69
53930
78
54100
85
54210
84
54540
65
54700
32
55800
68
55970
73
56190
32
57010
85
57230
78
57400
32
57670
67
57830
79
58000
78
58160
84
58380
69
62560
190
71180
32
74090
16
74420
73
74700
76
74920
32
75250
82
75580
65
75850
67
76020
67
76120
79
76290
78
76400
84
76560
79
76840
32
77330
67
77500
79
77720
80
77940
82
78100
69
78430
32
79200
85
79420
78
79590
32
80020
65
80300
82
80520
67
80680
79
80900
32
81450
68
81560
73
81780
32
82000
84
82220
69
82330
77
82550
80
82720
79
82940
32
83810
68
83920
73
84200
32
84800
67
84970
73
85130
82
85570
67
85900
65
86070
32
89420
84
89640
82
89800
69
90130
32
90950
71
91170
73
91340
82
91500
79
91720
78
91940
73
92770
8
92930
8
93100
8
93650
8
94310
79
94580
82
94800
78
95020
73
95620
32
95950
68
96060
85
96230
82
96500
65
96670
78
96830
84
97000
69
97160
32
97820
73
98040
32
98260
81
98420
85
98590
65
98750
76
98920
73
99140
32
02320
83
02430
73
02650
32
03040
82
03310
65
03590
67
03700
67
03860
79
04030
78
04080
84
04410
65
04410
83
04520
32
05070
8
05180
8
05560
32
06000
77
06170
79
06390
76
06720
84
07160
79
07490
32
07760
80
07930
79
08590
67
08640
79
08920
32
09080
68
09240
69
09410
76
09570
76
09740
65
09850
32
10010
67
10340
65
10620
67
10780
67
10890
73
11060
65
12050
32
12210
69
12380
32
12600
77
12820
79
13030
76
13140
84
14190
79
14460
32
15230
68
15340
73
15620
32
15890
80
16170
73
16770
192
16880
85
17150
32
17870
68
17980
69
18640
73
18970
32
20070
83
20180
69
20560
71
20720
82
21110
69
21930
84
22100
73
22430
32
23530
69
23750
32
24020
68
24180
69
24350
76
24460
76
24620
69
24840
32
25280
65
25670
66
26000
73
26440
84
26710
85
27100
68
27210
73
27370
78
27590
73
27810
32
29400
68
29570
69
29680
73
29900
32
30170
80
30340
69
30450
82
31430
83
31540
79
31870
78
32150
65
32370
71
32530
71
33300
73
34070
190
34290
32
34570
16
34730
86
35010
69
35170
82
35390
79
36380
8
36540
8
36710
8
36870
8
37700
16
38190
16
38300
16
38360
16
38470
16
38580
16
38630
16
38740
16
38850
16
38960
16
39400
16
39950
16
39950
68
40110
79
40280
80
40440
79
40770
32
41270
76
41380
65
41490
32
41760
77
41870
69
43190
84
43630
192
43900
65
44070
32
44730
68
44890
69
45060
76
45330
32
45550
70
45610
73
45830
76
46050
77
46210
32
47640
86
47800
73
48020
69
48960
78
49180
69
49400
32
50110
80
50270
82
50440
69
50710
83
50930
69
52030
78
52200
84
52470
65
52800
84
52970
79
53240
32
53730
73
53950
76
54170
32
54340
68
54500
69
55000
76
55220
73
55380
84
55550
84
55770
79
59720
32
60000
69
60110
32
66150
8
66310
8
66480
8
67080
188
67250
32
67470
77
67690
65
67740
32
68400
192
68730
69
68840
32
69610
65
69770
78
69880
67
70050
72
70160
69
70270
32
70540
81
70710
85
70870
69
71090
83
71370
84
71530
79
71750
32
72020
85
72240
78
72350
32
72630
80
72790
82
72960
69
73400
84
73560
69
73730
83
73950
84
74060
79
74280
32
74550
80
74660
69
74830
82
74940
32
75540
68
75700
69
75920
83
76140
67
76310
82
76470
73
76690
86
76860
69
77020
82
77130
69
77350
32
78890
78
79110
85
79550
79
79820
86
80100
69
80260
32
80980
83
81360
70
81690
65
81970
67
82080
67
82350
69
82630
84
82790
84
83060
65
83450
84
83560
85
83720
82
83890
69
84050
32
84880
68
85040
69
85210
73
85430
32
85700
80
85810
69
85920
82
86580
83
86800
79
87070
78
87180
65
87510
71
87680
71
87840
73
88060
32
88940
69
89050
32
89270
68
89440
69
89600
76
89770
76
90040
222
90310
32
90920
65
91080
77
91300
66
91520
73
91850
78
92840
8
93450
69
93670
78
93780
84
94000
69
95200
188
95370
32
95700
84
95860
65
96250
78
96960
84
98280
222
98880
32
99930
192
00310
69
00480
32
01460
86
01630
69
01740
82
01900
79
02180
32
02340
67
02510
72
02560
69
02730
32
05580
76
05750
69
05860
32
06130
73
06300
78
06740
68
07010
65
07120
71
07450
73
07620
78
07840
73
11520
8
12070
8
12120
8
12230
8
12340
8
12400
8
12500
8
12610
8
12720
8
12780
8
13220
8
13820
73
14040
76
14150
32
14430
70
14540
73
14700
76
14870
77
15030
32
15640
83
15690
73
15910
32
16130
67
16180
79
16400
78
16620
67
16680
76
16900
85
17170
68
17340
69
17500
32
18160
80
18440
82
18550
73
18770
77
18990
65
19040
32
19260
68
19430
69
19540
76
19700
76
19860
65
20030
32
20630
70
20850
73
21070
78
21240
69
21400
32
24370
68
24530
69
24810
76
24920
76
25080
69
25300
32
32700
83
32870
79
32980
76
33140
79
33420
32
38250
73
38470
78
38740
68
38960
65
39240
71
39400
73
39510
78
39730
73
40010
32
40450
16
40610
57
40940
65
41160
78
41270
67
41380
72
41540
69
41650
32
41820
83
42040
69
42150
32
42700
76
42860
79
43080
32
43410
83
43580
80
43690
69
44020
84
44180
84
44460
65
44780
84
44950
79
45060
82
45220
69
45610
32
47150
65
47310
86
47420
82
48140
192
48410
65
48520
32
49230
77
49400
79
49560
68
49670
79
49890
32
50110
68
50280
73
50390
32
50610
67
50830
65
50990
80
51160
73
51380
82
51540
69
55500
32
56040
67
56150
72
56370
73
56590
32
57140
192
57420
69
57580
32
59450
8
59610
8
61540
83
61590
79
61810
78
62030
79
62250
32
62690
73
62910
32
63070
67
63180
79
63350
76
63510
80
63900
69
64390
86
64560
79
64720
76
64890
73
65710
32
66100
67
66210
72
66370
69
66430
32
66700
85
67190
67
67360
67
67520
73
67850
68
68020
79
68180
78
68350
79
68570
32
68840
66
68950
69
69060
78
69230
32
69610
68
69720
85
69940
69
70050
32
70540
86
70650
79
70820
76
70930
84
71150
69
71310
32
72080
73
72250
76
72470
32
72630
67
72740
79
72960
78
73020
84
73240
69
73680
16
73900
48
74610
190
