63630
16
63900
73
64120
76
64400
32
65000
67
65110
65
65390
80
65610
73
65830
84
65990
79
66160
76
66320
79
66540
32
66820
68
66980
69
67640
68
67750
73
67860
67
68130
65
68300
84
68570
79
68790
32
68960
65
69230
76
70720
76
71260
222
71760
32
72470
65
72750
80
72910
80
73190
82
73350
69
73520
78
73630
68
73740
73
73960
77
74120
69
74180
78
74400
84
74510
79
74780
32
75490
73
75710
78
75930
73
76210
90
76370
73
76480
65
76700
32
78790
80
78900
82
79060
69
79230
83
79390
69
79560
78
79670
84
79890
65
80110
78
80220
68
80330
79
80600
32
80660
65
80820
76
81040
67
81210
85
81430
78
81590
73
81810
32
81870
69
82080
83
82250
69
82410
77
82630
80
82800
73
83290
32
90650
73
90930
78
91040
32
91310
67
91420
85
91590
73
91860
32
93670
80
94390
85
95100
192
95270
79
95650
32
96150
69
96530
83
97460
83
97680
69
97850
82
98010
69
98230
32
98620
85
98890
84
99000
73
99170
76
99280
69
99440
32
00540
85
00760
84
00870
73
01030
76
01250
73
02190
90
02350
90
02630
65
02960
82
03120
69
03340
32
06200
76
06360
69
06470
32
06750
84
06970
69
07410
67
07570
78
07790
73
08010
67
08120
72
08230
69
08340
32
09380
68
09490
73
09710
32
09930
76
10040
69
10320
65
10590
82
10700
78
10920
73
11140
78
11310
71
12460
190
13500
32
14220
16
14550
85
14770
78
14990
32
15200
80
15370
65
15590
82
15860
65
16030
71
16300
82
16520
65
16740
70
16910
79
17130
32
17290
80
17510
73
17680
85
18010
84
18120
84
18340
79
18450
83
18720
84
18940
79
19160
32
19820
69
20040
83
20310
84
21300
69
21470
83
21740
79
22020
32
22730
192
23110
69
23280
32
23500
68
23660
69
23940
68
24100
73
24270
67
24540
65
24600
84
24870
79
25150
32
26790
65
27230
71
27450
76
27620
73
27890
32
28280
65
28440
76
28720
66
28880
69
29050
82
29270
73
29540
32
30030
68
31300
73
31570
32
31740
68
31900
69
32120
67
32290
73
32510
83
32620
73
32780
79
33060
78
33220
69
34540
32
34760
67
34920
72
35030
69
35140
32
35420
80
35580
79
35750
83
35910
83
36020
79
36240
78
36460
79
36680
32
36790
69
37180
83
37340
83
37500
69
37670
82
37830
69
38000
32
38330
85
38490
84
38660
73
38880
76
39040
73
39590
90
39760
90
39980
65
40360
84
40640
73
40910
32
44430
80
44590
69
44810
82
44920
32
45250
68
45360
69
45630
70
45800
73
45960
78
46130
73
46290
82
46460
69
46680
32
49040
8
49200
8
49370
8
49530
8
49860
8
50080
8
50250
8
50910
83
51070
67
51290
82
51460
73
51680
86
51790
69
51950
82
52110
69
52280
32
62220
85
62390
78
62550
32
62940
65
63320
76
63590
71
63700
79
64030
82
64140
73
64360
84
64970
77
65190
79
65460
32
66230
85
66730
84
66890
73
67000
76
67160
73
67490
90
67600
90
67820
65
68210
84
68430
79
68700
32
69200
68
69420
65
69580
32
69860
85
70080
78
70240
32
71340
69
71500
83
71670
83
71830
69
72000
82
72160
69
72270
32
72550
85
72770
77
73260
65
73650
78
73870
79
74090
32
74250
69
74520
32
83590
67
83750
72
83920
69
84030
32
90120
80
90510
85
91060
192
91220
79
91440
32
91940
69
92160
83
92320
83
92490
69
92650
82
92760
69
92920
32
92980
68
93140
69
93420
83
93580
67
93800
82
93910
73
94020
84
94190
84
94410
79
94630
32
96490
84
96600
82
96710
65
97040
77
97210
73
97480
84
97590
69
97700
32
97980
85
98140
78
98360
32
98530
70
98640
79
98800
82
98970
77
99190
65
99520
73
99520
79
00230
8
00450
8
01050
76
01220
73
01380
83
01550
77
01710
79
01930
32
02150
76
02320
79
02480
71
03140
73
03360
67
03530
79
18140
16
18250
48
21160
16
21540
57
22040
38
22470
40
22690
40
23350
32
23680
80
23850
69
24010
82
24120
32
26760
80
26920
82
27140
69
27200
78
27310
68
27470
69
27640
82
27750
69
27910
32
28130
85
28300
78
28460
65
28630
32
28740
68
28900
69
29120
67
29230
73
29400
83
29560
73
29670
79
29940
78
30050
69
30220
32
31040
83
31150
85
31430
32
31650
85
31810
78
31980
32
32640
80
32800
82
32970
79
33180
66
33460
76
33620
69
33790
77
33950
65
35000
190
35160
32
35770
16
36260
16
36320
81
36480
85
36650
69
36810
83
37140
84
37520
79
38070
32
38350
80
38460
65
38900
82
38950
65
40710
71
40870
82
40980
65
41260
70
41420
79
41590
32
42250
89
42630
8
43400
85
43790
84
43950
73
44120
76
44280
73
44550
90
44720
90
44940
65
45980
32
46530
67
46640
79
46860
77
46970
69
47080
32
47250
69
47410
83
47630
69
47690
77
47900
80
48120
73
48230
79
48450
32
48670
73
48840
76
49060
32
49220
67
49440
65
49660
83
49770
79
49990
32
52410
68
52570
69
52790
76
52900
76
53070
65
53180
32
53450
68
53560
69
53780
67
53950
73
54110
83
54220
73
54390
79
54610
78
54660
69
54770
32
55480
83
55650
69
55810
32
57460
77
58290
8
58730
65
59110
84
59220
84
59490
69
59660
78
60650
68
60810
69
61030
82
61200
69
61420
32
61690
79
61860
32
62130
77
62350
69
62350
78
62630
79
67070
32
68500
67
68670
72
68780
69
68940
32
69110
83
69220
73
69440
32
69660
76
69820
73
70090
66
70260
69
70420
82
70530
73
70750
32
70970
85
71140
78
71300
32
71630
84
71740
65
72020
86
72130
79
72290
76
72460
79
72680
32
72950
73
73170
78
73340
32
73560
85
73720
78
73940
32
74160
82
74380
73
74490
83
74820
84
75040
79
75260
82
75530
65
75700
78
75920
84
76190
87
76190
69
76850
8
77130
8
77730
69
79320
32
79650
69
79820
32
80750
67
80920
79
81190
78
81350
83
81410
73
81570
68
81790
69
81960
82
82230
65
82450
32
82670
67
82840
79
83000
77
83110
69
83220
32
83880
80
84100
79
84320
83
84490
83
84650
73
84980
66
85200
73
85360
76
85580
73
85800
32
86740
78
86900
79
87180
68
87340
73
87560
32
87840
68
88000
69
88220
76
88390
76
88600
222
88880
32
89150
192
89590
8
91190
222
92280
8
92450
8
93220
222
93490
32
94320
65
94430
76
94650
66
94810
69
94980
82
95090
79
95310
32
95420
68
95580
73
95800
32
95850
68
96070
69
96240
67
96350
73
96570
79
97340
8
97940
83
98110
73
98220
79
98490
78
98550
69
98930
32
05300
73
05470
76
05690
32
05850
70
06130
65
06460
84
06620
84
06790
79
07060
32
07170
68
07280
73
07500
32
07720
65
07940
86
08050
69
08210
82
08320
69
08490
32
08980
79
09260
32
09420
78
09640
79
09860
32
10080
85
10300
78
10470
65
10630
32
10850
80
11010
82
11180
69
11340
78
11510
79
11780
84
11950
65
12110
90
12220
73
12390
79
12610
78
12720
69
13050
188
13210
32
13600
68
13760
73
13870
32
14090
65
14250
86
14360
69
14530
82
14690
69
14800
32
15080
79
15300
32
15520
78
15680
79
15960
32
17170
70
17500
65
17770
69
17930
77
18540
188
18700
32
19640
73
19800
76
20080
32
21120
8
21290
8
21450
8
21610
8
21780
8
21940
8
22110
8
22710
77
22820
69
23150
188
23320
32
31390
73
31560
76
31780
32
32000
78
32160
85
32380
77
32550
69
32710
82
32760
79
32980
32
33150
68
33260
73
33480
32
33700
80
33860
79
34140
82
34470
8
34580
83
34850
84
35070
73
35290
32
35510
76
35680
73
35950
66
36120
69
36280
82
36500
73
37380
8
37870
8
37930
8
38040
8
38150
8
38260
8
38310
8
38420
8
38530
8
38640
8
38700
8
38810
8
38920
8
38970
8
39080
8
39190
8
39300
8
39360
8
39470
8
39580
8
39690
8
39740
8
39850
8
40020
8
40180
8
41330
68
41440
73
41830
32
42490
86
42650
69
42820
68
42980
69
43150
82
43310
69
43480
32
45620
84
45730
65
46000
86
46110
79
46280
76
46550
73
46770
32
47100
76
47270
73
47590
66
47700
69
47870
82
48030
73
48250
32
49080
79
49300
32
49520
78
49740
79
50450
188
50560
32
56220
68
56440
73
56660
32
67420
65
67700
86
67750
69
67970
82
68140
69
69290
32
69780
65
69950
76
70220
84
70440
69
70660
82
70880
78
71050
65
71380
84
71540
73
71710
86
73900
73
74400
37
74890
37
75000
37
75110
37
75170
37
75280
37
75390
37
75500
37
75550
37
75660
37
75770
37
76540
80
76710
79
76870
83
77200
84
77360
73
77640
32
78350
35
78790
32
79340
73
79730
32
80330
8
80990
78
81150
32
81320
67
81430
85
81540
73
81760
32
82030
77
82200
65
82310
78
82530
71
82750
65
82800
73
83080
82
83190
69
88620
8
88790
8
88900
8
89060
8
89940
73
90270
65
90490
82
90660
69
13200
188
13420
188
13420
32
14240
8
14350
8
15510
32
16220
83
16440
69
16490
32
16820
70
17040
85
17260
79
17870
8
18030
8
18200
8
18310
8
19130
32
19400
73
19570
78
19730
32
19900
81
20060
85
20230
69
20340
76
20500
32
20720
77
20890
79
21160
77
21330
69
21440
78
21550
84
21660
79
21880
32
22210
80
22370
73
22650
79
23080
86
23190
69
23300
32
24130
79
24400
80
24510
80
24730
85
25120
82
25280
69
25500
32
25940
78
26220
79
26710
190
