57880
16
58320
73
58590
76
60240
8
60460
8
61120
16
61390
81
61780
85
61830
69
62000
83
62270
84
62440
79
62710
32
63320
70
63480
79
63590
82
63760
77
64140
32
70130
78
70350
79
70570
78
70730
32
71120
70
71230
85
71390
78
71720
90
71830
73
71940
79
72210
78
72320
65
72490
32
73040
77
73200
79
73370
76
73480
84
73590
79
73810
32
74190
66
74300
69
74410
78
74520
69
74850
32
75560
67
75730
79
75950
78
76110
32
76550
73
76770
76
76990
32
77600
66
77870
82
78040
79
78590
87
78970
83
79240
69
79350
82
79520
32
79850
16
80010
78
80180
69
80560
84
80780
83
81060
67
81280
65
81500
80
81660
69
82980
190
83250
32
83800
16
84300
16
84410
16
84460
16
84570
16
84680
16
84790
16
84850
16
84960
16
85070
16
85180
16
85230
16
85340
16
85450
16
85510
16
85620
16
85730
16
85840
16
85890
16
86000
16
86110
16
86220
16
86270
16
86380
16
86490
16
86550
16
86660
16
86770
16
86880
16
86930
16
87040
16
87150
16
87260
16
87320
16
87430
16
87540
16
87650
16
87700
16
87810
16
87920
16
87920
83
88140
69
88250
32
88860
76
89020
79
89240
32
89460
83
89520
73
89790
32
90060
85
90450
84
90610
73
90720
76
90940
73
91440
90
91600
90
91770
65
91930
32
92100
67
92260
79
92480
78
92650
32
92810
16
92980
77
93360
8
93690
16
94020
78
94240
69
94510
84
94900
83
95120
67
95340
65
95560
80
95670
69
95890
32
96710
83
96770
73
96990
32
97260
80
97420
79
97640
83
97810
83
97970
79
98250
32
99020
8
99620
78
99790
79
00010
32
00340
86
00500
69
00670
82
00780
73
00940
70
01100
73
02200
67
02480
65
02700
82
02860
69
03080
32
03360
68
03520
69
03910
71
04180
76
04400
73
04670
32
05220
69
05500
82
05610
82
05770
79
05990
82
06100
73
06540
32
06870
16
07150
57
07530
69
07700
32
07860
67
08030
79
08250
78
08410
83
08570
69
08790
71
09010
85
09290
69
09340
78
09510
84
09730
73
10170
32
10720
67
10940
82
11160
79
11320
76
11490
76
11710
73
12030
32
12310
68
12470
69
12640
76
12800
76
13740
222
14180
32
14730
65
15000
80
15170
80
15330
76
15500
73
15820
67
16040
65
16320
84
16480
73
16700
86
16810
79
17420
16
17580
48
17860
32
18080
79
18410
71
18520
78
18680
73
18960
32
19180
86
19230
79
19390
76
19560
84
19890
65
20050
32
20220
67
20380
72
20490
69
20660
32
21320
86
21480
73
21650
69
21810
78
21920
69
22200
32
22750
68
22860
73
23180
71
23290
73
23570
84
23680
65
24010
84
24120
79
24340
32
25220
85
25380
78
25550
32
25770
80
25930
65
26210
82
26370
84
26540
73
26650
67
26810
79
26970
76
27140
65
27580
82
27690
69
27850
32
28020
67
28290
65
28570
82
28900
65
29230
84
29340
84
29560
69
29720
82
30000
69
31040
190
31200
32
32410
16
32910
16
33020
16
33130
16
33180
16
33290
16
33400
16
34220
16
34500
84
34720
82
34830
65
35050
32
35430
73
35650
32
35820
67
36040
65
36200
82
36310
65
36590
84
36750
84
36810
69
36970
82
37140
73
37410
32
37520
67
37690
72
37740
69
37850
32
38230
80
38400
79
38620
83
38730
83
38890
79
39830
78
40050
79
40270
32
40540
80
40710
82
40870
79
41640
86
41910
73
42570
8
43230
79
43780
67
43950
65
44060
82
44220
69
44330
32
44940
81
45100
85
45320
69
45430
83
45760
84
45870
79
46090
32
46250
84
46420
73
46580
80
46750
79
46970
32
47630
68
47740
73
48010
32
49770
80
49930
82
50040
79
50370
66
50650
76
50760
69
50920
77
51140
65
51310
32
53390
67
53450
73
53720
32
53890
83
54000
79
54220
78
54380
79
54660
32
54990
83
55100
73
55540
67
55700
85
55810
82
56140
65
56300
77
57180
69
57350
78
57460
84
57680
69
59220
32
61190
71
61300
76
61470
73
61690
32
61850
65
62130
67
62290
67
62510
69
62730
78
62900
84
63060
73
63390
32
63880
16
64210
57
65200
65
65420
67
65530
85
65750
84
65970
79
66300
188
66470
32
66800
71
67020
82
67450
65
67730
86
68000
69
68330
32
68550
69
68770
32
69210
67
69380
73
69600
82
69980
67
70150
79
70370
78
70810
70
71020
76
71080
69
71460
83
71630
83
71790
79
72560
16
72730
48
74380
32
75140
69
75310
32
75640
76
75800
69
75970
32
76190
86
76300
73
76520
82
76850
71
76960
79
77120
76
77400
69
77670
84
77780
84
78060
69
78820
190
79040
32
79320
16
79700
83
79870
80
79980
69
80140
82
80310
79
80530
32
80690
67
80800
72
80910
69
81080
32
81680
71
81790
76
82010
73
82280
32
82560
73
82720
77
83000
80
83160
76
83270
69
83660
77
83820
69
83990
78
84100
84
84540
65
85090
84
85310
79
85420
82
85580
73
85800
32
86070
68
86130
73
86400
32
86840
81
86950
85
87120
69
87280
83
87500
84
87610
79
87890
32
88050
70
88220
79
88380
82
88490
77
88660
32
89210
82
89370
73
89640
69
89860
83
90080
67
90300
65
90470
78
90630
79
90910
32
91130
65
91240
32
91790
67
92060
65
92230
80
92450
73
92670
82
92830
69
92940
32
93430
81
93600
85
93760
65
93930
76
94090
69
94530
32
96890
222
97060
69
97280
32
97880
76
98100
65
98210
32
99040
8
99200
8
99310
8
99480
8
99640
8
00960
192
01340
69
01510
32
02110
76
02280
65
02390
32
02720
67
02880
85
04250
8
04910
65
05350
73
05740
8
07390
85
07610
83
07770
65
07930
32
08980
68
09140
73
09420
32
09530
81
09750
85
09800
69
10020
83
10240
84
10410
73
11010
32
11720
80
11890
82
12110
79
12550
66
12820
76
12930
69
13870
77
14140
73
69450
188
69620
32
69890
80
70170
69
70280
82
70600
67
70990
72
72250
222
72420
69
72580
32
73300
83
73410
73
73790
67
73900
85
74070
82
74450
65
74610
77
75490
69
75660
78
75660
84
75880
69
76040
32
76480
80
76650
79
76810
83
76980
83
77090
79
77580
78
77800
79
78070
32
78840
73
79060
78
79610
70
79720
76
79940
85
80110
73
80330
82
80490
69
80660
32
81480
77
81640
79
81810
76
81920
84
82030
79
82300
32
82960
78
83020
69
83290
71
83460
65
83680
84
83790
73
84060
86
84230
65
84450
77
84560
69
84720
78
84830
84
85050
69
85220
32
86150
83
86260
85
87030
76
87300
32
87910
70
88070
85
88240
78
88510
90
88620
73
88730
79
89110
78
89280
65
89500
77
89660
69
89830
78
89880
84
90710
79
90930
32
91090
68
91260
69
91310
76
91480
32
91700
83
91810
73
92080
83
92250
84
92300
69
93070
77
93180
65
08610
188
09050
32
09440
78
09710
79
09880
78
10320
67
10540
72
11410
192
11800
69
11910
32
12680
83
12790
85
12950
76
13170
32
13390
78
13560
69
13720
82
14000
86
14110
79
14550
83
14600
73
15090
83
15200
77
15420
79
15640
32
16030
68
16190
69
16410
71
16520
76
16740
73
16910
32
17350
85
17460
84
17730
69
17900
78
17950
84
18170
73
19160
188
19270
32
19710
68
19870
73
20040
32
20590
67
20700
85
20810
73
21520
32
22230
190
22400
190
22560
190
22780
32
23170
83
23220
73
23440
32
23770
83
23990
65
24600
32
25150
190
25310
190
25480
190
25750
32
26020
83
26130
73
26300
32
26520
68
26680
69
26850
86
26960
69
27070
32
27560
84
27890
69
28660
78
28830
69
28990
82
29100
69
29270
32
29700
67
29810
79
30030
78
30200
84
30310
79
31740
32
31960
78
32070
69
32340
76
32450
76
32620
79
32840
32
33060
83
33550
86
33770
73
33990
76
34210
85
34480
80
34590
80
35360
79
35580
32
35860
68
35970
73
36190
32
36740
81
36900
85
38110
65
38270
76
38490
85
38660
78
38880
81
38990
85
39150
69
39760
32
40310
83
40420
73
40740
83
40910
84
40960
69
41680
77
41840
65
41950
32
42230
73
42450
78
42610
32
42830
67
42890
85
43050
73
43220
32
43440
83
43490
73
43660
65
43820
32
44370
80
44590
82
44700
69
45140
86
45250
73
45410
83
45630
84
45690
65
45850
32
46510
85
46680
78
46950
65
47120
32
47830
70
47990
79
48100
69
48270
77
48870
8
49040
8
49590
82
49750
77
49920
65
50030
32
50520
68
50630
73
50850
32
51130
73
51290
78
51400
84
51620
69
51840
82
52170
65
52440
90
52550
73
52720
79
52940
78
53050
69
53160
32
53490
84
53650
82
53930
65
54090
32
55520
83
55680
73
56010
83
56180
84
56290
69
56950
77
57060
65
57440
32
57660
69
57830
68
57940
32
58210
85
58490
84
58650
69
58820
78
58980
84
60240
69
60570
190
