51150
39
51640
69
52030
8
52190
8
53780
69
54390
39
54770
32
55980
112
56260
105
56640
117
57080
116
57240
116
57900
111
58180
115
58340
116
58780
111
59000
32
59280
115
59550
99
59720
111
59990
109
60160
111
60430
100
60760
111
60980
32
62190
105
62520
110
62740
105
63120
122
63290
105
63340
97
64110
114
64170
101
64380
32
64600
117
64820
110
64990
97
65150
32
65320
100
65430
105
65590
101
65920
116
66580
97
66750
32
66910
97
67080
108
67300
105
67460
109
67630
101
67740
110
67960
116
68230
97
68720
114
68780
101
76630
46
76910
13
78670
85
78940
110
79380
32
79710
114
79930
101
80310
103
80750
105
81030
109
82180
101
82460
32
83280
97
83830
108
83990
105
84210
109
84710
101
85150
110
85420
116
85810
97
86140
114
86250
101
87070
44
87180
32
88390
115
88610
98
88770
97
89160
103
89320
108
89540
105
89600
97
89930
116
90090
111
90250
32
90910
111
91680
32
91960
109
92180
101
92340
110
92620
111
93720
44
93930
32
94650
101
94760
39
94980
32
95420
113
95530
117
95690
97
95860
108
96350
99
96520
111
96790
115
96850
97
97070
32
99760
99
99980
104
00140
101
00310
32
00910
99
01130
111
01400
109
01570
101
04100
8
04810
8
05410
44
05630
32
06680
99
06840
111
07120
109
07280
101
07390
32
07890
108
08050
101
08270
32
08490
109
08650
105
09040
103
09150
108
09370
105
09530
111
09920
114
10030
105
10250
32
10520
97
10740
98
11130
105
11460
116
11680
117
12440
100
12550
105
12830
110
12990
105
13710
44
23320
32
25190
101
25240
39
25520
32
26450
118
26620
101
26840
114
27000
97
27160
109
27550
101
27880
110
28210
116
28260
101
28920
32
31720
100
31830
117
32000
114
32270
97
32440
32
32550
97
32660
32
32820
109
33040
111
33260
114
33480
105
33700
114
34030
101
34850
46
35070
13
48700
69
49080
39
49350
32
49740
113
50070
117
50230
97
50400
108
50620
99
50840
111
51000
115
51060
97
51280
32
51390
99
51550
111
51830
109
52100
101
52980
32
56220
99
56550
97
57320
109
57700
98
58030
105
58530
97
58800
114
58910
101
59080
32
59350
116
59520
114
59900
97
60560
103
61050
105
61990
116
62260
116
62870
111
63250
32
63470
100
63530
101
63690
108
63850
32
64070
116
64130
114
64570
97
65230
109
71430
32
72970
111
73080
32
74020
99
74240
111
74400
109
74620
112
74890
97
75220
103
75390
110
75610
105
75720
97
75940
32
76100
100
76210
105
76320
32
76540
97
76650
109
76760
105
76930
99
77090
105
78250
46
78570
13
89400
67
90330
105
90550
32
90880
115
91430
105
91540
32
91920
99
92090
104
92250
105
92470
101
93460
100
93510
101
96040
44
96210
32
96590
34
97410
77
97520
97
97690
32
97960
112
98070
101
98290
114
98570
99
98680
104
98950
101
99280
39
00000
32
00220
100
00220
101
00490
118
00710
111
00870
32
01150
102
01260
97
01480
114
01640
108
01860
97
02300
63
02850
34
05710
46
06370
32
10100
76
10650
101
10870
32
11200
109
11420
111
11910
116
12410
105
12850
118
13560
97
13950
122
14000
105
14060
111
14280
110
14440
105
14610
32
14990
115
15100
111
15380
110
15540
111
15650
32
15920
105
16140
110
16910
102
17130
97
17300
116
17460
116
17900
105
27180
32
34710
112
34930
111
35150
99
35310
111
35480
32
35700
115
35920
101
36190
110
36470
116
36580
105
36740
116
38000
101
40040
46
40260
13
41190
86
41630
117
41790
111
41900
105
42070
32
42290
112
42450
101
42670
114
42890
99
43060
104
43280
101
43610
39
43880
32
45750
105
45910
32
46020
114
46130
105
46680
115
46850
117
47120
108
47510
116
47840
97
48220
116
48550
105
48710
32
49480
115
49540
111
49760
110
49920
111
50090
32
50250
115
50470
101
50640
109
51130
112
51240
114
51300
101
51520
32
51630
97
51790
32
51960
108
52180
117
52450
110
52670
103
52890
111
53050
32
53270
116
53330
101
53490
114
53990
109
54210
105
54430
110
54980
101
55530
32
56180
118
56350
117
56510
111
56620
105
56790
32
57120
112
57280
101
57500
114
57720
99
57940
104
58160
101
58490
39
58710
32
59210
101
59370
39
59540
32
60030
99
60140
111
60360
109
60630
117
60850
110
61240
113
61350
117
61570
101
62120
32
62390
117
62610
110
62780
97
62940
32
63110
115
63330
101
63710
113
63870
117
64090
101
64310
108
64370
97
64530
32
64750
100
65030
105
65250
32
65360
114
65470
101
65630
115
65960
116
66070
114
66240
105
66730
122
66790
105
66840
111
67110
110
67280
105
67880
46
68100
13
70690
67
71070
104
71670
105
71890
32
72060
97
72390
102
72550
102
72720
114
72880
111
73100
110
73380
116
73380
101
73600
114
73650
101
73980
98
74150
98
74310
101
74750
32
74970
117
75190
110
75350
32
75520
109
75630
97
75960
114
76070
101
76340
32
76510
100
77550
105
77830
32
83810
100
84030
105
84200
102
84360
102
84530
105
84640
99
84800
111
84970
108
85190
116
85620
97
85840
39
86060
32
86450
112
86610
101
86670
114
87440
32
88150
102
88370
97
88650
114
88700
101
88920
32
89140
102
89250
114
89520
111
89800
110
90020
116
90130
101
02650
8
03970
8
04240
8
04520
8
09020
112
09190
114
09240
101
09520
110
09680
100
09740
101
10510
8
11820
110
12920
100
13250
8
14520
100
14630
101
15010
110
15170
100
16050
111
24730
8
25670
8
25940
8
28300
99
28470
111
28690
109
28850
101
29020
32
29240
117
29460
110
29620
32
29780
110
30060
111
30550
118
30770
101
31270
108
31430
108
31650
111
31870
32
33460
65
33790
109
34010
108
34340
101
34620
116
35110
111
35830
32
37860
8
39180
63
39450
13
43020
69
43190
32
43520
91
43850
8
44120
112
44230
101
44450
114
44610
32
44780
99
45000
111
45270
115
45380
97
45550
32
45710
112
45930
111
46100
105
46650
63
46920
32
48460
73
48680
111
48900
32
49060
110
49230
111
49450
110
49610
32
49830
104
50050
111
50220
32
50380
109
50600
97
50710
105
50880
32
50990
97
51260
118
51590
117
51810
116
52360
111
52690
32
55820
103
55870
114
56090
105
56420
108
56530
108
56810
105
56970
32
57250
115
57910
117
58400
108
58570
108
58730
97
58900
32
59120
109
59220
105
59440
97
59610
32
59940
102
60160
111
60270
114
60430
109
60710
97
64550
115
64880
116
64990
114
65270
97
65430
110
65650
105
65870
32
67240
32
67630
102
67790
105
67900
115
68010
105
68230
99
68340
97
68840
46
69060
13
69880
83
70100
105
70370
110
70650
99
70700
101
70870
114
71090
97
71310
109
71580
101
71750
110
71970
116
72080
101
72190
32
72460
109
72570
101
72680
32
72850
110
72960
101
73070
32
73400
105
73620
110
73890
102
74050
105
74330
115
74550
99
74710
104
74930
105
74990
111
75480
46
75810
32
76200
69
76800
39
76910
32
77460
102
77620
111
77730
114
78010
115
78230
101
78450
32
78670
108
78720
97
78890
32
79050
112
79160
97
79550
117
79710
114
79990
97
80150
32
80260
100
80430
105
80590
32
80760
109
80870
97
81030
108
81200
105
81360
32
81580
109
81690
97
82020
103
82180
103
82240
105
82350
111
82570
114
82730
105
84980
32
85200
99
85420
104
85530
101
85640
32
85860
109
86030
105
86740
32
87290
115
87460
112
87730
105
88060
110
88340
103
88560
101
92070
32
92620
97
92780
32
93110
112
93330
114
93500
111
93830
118
93990
97
94320
114
94430
101
94870
46
95150
13
96410
80
96680
114
96850
111
97070
112
97620
114
97730
105
97840
111
98550
32
98880
99
99050
111
99270
109
00470
101
00750
32
22110
117
22830
110
22990
32
23380
110
23980
111
24370
118
24530
101
24920
108
25030
108
25300
111
27830
32
28760
65
29040
109
29360
108
29580
101
29910
116
30190
111
30570
32
30850
110
31070
111
31290
110
31450
32
32220
8
33480
104
33700
111
33810
32
33980
112
34140
97
34420
117
34690
114
34910
97
35130
32
35300
100
35410
105
35570
32
35740
97
36010
102
36180
102
36290
111
36670
110
36890
100
37160
97
37380
114
37490
101
37600
32
37770
105
37990
108
38100
32
38370
99
38480
111
38700
108
38980
116
39090
101
39360
108
39530
108
39690
111
40620
32
40840
46
41010
46
41170
46
41390
32
44800
110
45070
101
45290
108
45460
108
45570
97
45680
32
45950
98
46120
114
46340
97
46610
99
46720
105
46780
111
47000
108
47110
97
47220
32
47380
100
47550
105
47710
32
47870
109
47980
97
48260
105
48590
97
48750
108
49300
101
64240
44
64410
32
64960
112
65120
101
65340
114
65450
32
65730
112
65890
97
66220
117
66550
114
66710
97
66880
32
67040
100
67210
105
67370
32
67540
117
67700
110
67920
32
68640
113
68800
117
69020
97
69410
108
69630
99
69790
104
69950
101
70060
32
70340
115
70560
99
70720
111
70890
110
71110
111
71220
115
71440
99
71600
105
71770
117
71990
116
72100
111
72260
32
72430
109
72540
97
72650
108
72810
101
73310
46
73630
13
75890
66
76160
101
76550
8
76660
97
76880
104
78080
32
78360
46
78520
46
78690
46
78910
32
79840
99
79950
104
80060
105
80230
32
80450
112
80670
117
80940
111
81430
39
81600
32
81820
100
82040
105
82150
114
82200
101
82370
32
82860
115
83080
101
89290
32
89620
110
90060
101
90170
32
90440
118
90610
97
90830
108
90940
101
91100
32
91320
108
91430
97
91540
32
91760
112
92090
101
92310
110
92970
97
93190
32
93520
111
93680
32
93960
110
94290
111
95000
46
95820
13
97250
83
97470
101
97690
32
97800
102
97910
111
98190
115
98350
115
98520
101
98680
32
98900
109
99010
101
99230
103
99450
108
99670
105
99720
111
99940
32
19880
32
20050
105
20270
110
20600
118
21040
101
21470
99
21530
101
21800
32
47890
109
48110
97
48220
110
48720
103
49050
105
49100
97
49430
114
49490
101
49650
32
49760
105
49980
108
50150
32
50310
109
50420
97
50530
110
50860
103
51020
105
51080
97
51350
98
51570
108
51740
105
52290
8
52450
8
52670
105
52840
108
52950
101
10840
101
10950
32
11170
103
11440
111
11720
100
11770
101
11990
114
12210
115
12380
105
12490
32
12650
108
12710
97
12870
32
13200
118
13370
105
13530
116
13800
97
14410
63
17700
13
19460
65
19740
105
19900
32
20120
112
20290
111
21110
115
21270
116
21380
101
21490
114
22040
105
22920
32
23140
108
23530
39
23800
97
24080
114
24240
100
24410
117
24460
97
24620
32
24840
115
25060
101
25170
110
25390
116
25560
101
25720
110
26110
122
26160
97
26550
46
