85810
78
86030
101
86140
108
86310
32
86640
102
86750
105
86970
110
87130
101
87350
115
87510
101
87790
116
87950
116
88120
105
88280
109
88390
97
88500
110
88670
97
90150
32
90430
112
90590
97
90920
115
91090
115
91300
97
91580
116
91740
111
91960
32
93010
109
93120
105
93280
32
93670
101
93780
39
94000
32
94270
116
94440
111
94770
99
94930
99
95090
97
95370
116
95750
111
96030
32
96520
100
96690
105
96850
32
96960
108
97130
97
97400
99
97730
8
97900
118
98060
111
98230
114
98610
97
99380
114
99600
101
00640
46
00920
46
01080
46
01300
46
01580
13
02950
78
03170
111
03390
110
03550
32
03830
99
03990
104
04050
101
04210
32
04430
110
04710
101
05420
115
05590
115
05750
117
05970
110
06130
111
06300
32
06460
109
06570
117
06570
105
06740
32
07780
8
07950
8
08390
8
08720
105
08940
32
09270
111
09700
98
09870
98
09980
108
10200
105
10470
103
10690
104
10860
105
11020
32
11240
111
11410
114
11680
97
12890
44
13380
32
13600
105
14150
115
15140
8
15750
110
15860
115
16080
111
16300
109
16460
109
16630
97
18270
44
18490
32
21180
115
21350
101
21510
32
21680
115
21790
105
21950
32
22280
114
22450
105
22670
110
22890
117
23050
110
23440
99
23490
105
23660
97
23880
32
24210
97
24370
100
24530
32
24810
117
25080
110
31240
111
31400
32
31670
115
31780
116
32220
105
32500
112
32830
101
32990
110
33270
100
33380
105
33430
111
33600
32
33870
117
34090
110
34200
32
34420
112
34640
101
34860
114
35250
99
35520
104
36070
101
36180
39
36400
32
36620
99
36780
105
36950
32
37060
115
37220
97
38980
114
39750
97
40410
39
41620
46
41890
13
42550
78
42710
111
43260
63
43430
13
48430
69
48650
32
48870
97
48980
108
49140
108
49360
111
49580
114
49690
97
53590
32
53810
112
53970
101
54190
114
54470
99
54690
104
55130
101
55240
39
55510
32
55840
108
56060
97
56390
118
56560
111
56720
114
56830
97
57110
114
57160
101
57820
32
58260
97
58370
110
58530
99
58810
111
58920
114
59030
97
59850
63
60570
32
60950
70
61120
111
61220
114
61500
115
61720
101
61990
32
62210
112
62430
105
62820
117
63260
39
63480
32
63810
100
63920
105
64080
32
64300
112
64520
114
64690
105
64900
109
65120
97
65560
63
65890
13
66990
66
67210
111
67210
105
67760
104
68420
8
68580
8
69190
104
71170
46
71390
13
74520
80
74790
111
75010
115
75120
115
75290
111
75450
32
75840
115
76000
111
76160
108
76330
111
76550
32
76660
97
76930
100
77100
100
77260
117
77430
114
77700
114
77810
101
78090
32
78580
99
78690
111
78910
109
79080
101
79190
32
79350
115
79570
99
79680
117
79950
115
80060
97
80340
110
80610
116
80720
101
80890
32
81050
105
81270
108
81490
32
81600
102
81710
97
81930
116
82100
116
82260
111
82430
32
82700
99
82810
104
82920
101
83090
32
83520
108
83630
101
83800
32
83960
99
84070
111
84180
115
84400
101
84570
32
84790
99
84950
104
85060
101
85230
32
85450
102
85610
97
85830
99
86000
99
86050
105
86110
111
86270
32
86600
109
86710
105
86930
32
87090
112
87200
105
87370
97
87640
99
87810
99
87810
105
87860
111
88080
110
88250
111
90880
44
91100
32
91270
97
91380
110
91540
99
91710
104
91820
101
91930
32
92200
112
92370
101
92590
114
92860
99
93030
104
93580
101
95440
8
96600
8
00770
118
00880
101
01050
114
01270
97
01430
109
01600
101
01700
110
01980
116
02090
101
02910
46
03080
13
04620
69
04890
39
05110
32
05280
100
05440
105
05660
102
05820
102
05990
105
06100
99
06210
105
06430
108
06700
101
07250
32
07360
116
07420
114
07530
111
07910
118
08020
97
08190
114
08300
101
09010
32
09390
98
09610
117
09830
111
09830
112
10880
8
11540
110
11700
101
11870
32
12530
114
12690
97
13020
103
13130
105
13180
111
14060
110
14340
105
14670
32
15490
112
15660
101
15880
114
15990
32
17300
102
17410
97
17690
114
17740
101
18510
32
19450
113
19560
117
19670
97
19890
108
20270
99
20430
111
20600
115
20650
97
20820
32
21260
99
21480
104
21530
101
21700
32
21860
110
22080
111
22250
110
22410
32
22580
112
22690
105
22910
97
23180
99
23290
101
23620
44
23790
32
23950
97
24060
108
24220
32
24330
99
24500
111
24720
110
24940
116
24990
114
25270
97
27250
114
27360
105
27410
111
27570
32
27900
101
28010
39
28230
32
28510
102
28560
97
28780
99
28890
105
29170
108
29390
105
29610
115
29770
115
29880
105
30050
109
30210
111
30380
32
30650
116
30760
114
30980
111
31530
118
31690
97
31910
114
32080
110
32190
101
32350
32
34930
112
35210
101
35430
114
35540
32
35760
102
35870
97
36030
114
36090
101
36360
32
36690
113
36800
117
36800
121
37630
8
37900
97
38560
108
38780
99
38940
111
39050
115
39160
97
39380
32
39770
99
39930
104
40210
101
40370
32
40590
112
40700
105
40870
97
41200
99
41310
101
42290
46
44110
13
62840
80
63280
101
63550
110
63770
111
63880
115
63990
97
64160
32
64370
109
64430
97
64540
110
64810
99
64920
97
65140
110
65530
122
65800
97
66300
97
66790
8
67070
32
67780
100
67890
105
68050
32
68330
115
68490
101
68660
110
68770
115
68990
111
69150
32
69320
100
69370
101
69540
108
69700
108
69920
97
70030
32
70200
112
70360
114
70470
111
70750
102
70970
101
71190
115
71350
115
71410
105
71520
111
71730
110
71840
97
72060
108
72280
105
72670
116
73330
97
73490
39
75030
63
75360
13
75910
70
76070
111
76180
114
76460
115
76680
101
77060
44
77230
32
77390
109
77720
97
77940
32
78220
99
78380
104
78600
105
78880
32
79090
108
79860
39
80470
104
80580
97
80690
32
81130
100
81180
101
81510
116
81680
116
81900
111
82120
32
82280
99
82390
104
82560
101
82670
32
83380
98
83490
105
83760
115
83930
111
84310
103
84480
110
84590
97
84750
32
84860
97
85190
118
85410
101
85580
114
85690
101
85910
32
86020
100
86070
101
86240
108
86400
32
86560
115
86780
101
87000
110
87110
115
87330
111
87500
32
87880
100
88050
105
88210
32
88430
112
88650
114
88870
111
89200
102
89420
101
89640
115
89810
115
89810
105
89920
111
90140
110
90190
97
90570
108
90740
105
91010
116
91340
97
91560
39
92060
63
96230
13
96780
76
96950
97
97110
32
97390
112
97660
114
97820
111
98210
102
98370
101
98650
115
98810
115
98920
105
98980
111
99200
110
99530
101
01720
32
02110
101
02270
39
02490
32
02930
117
03150
110
03260
97
03430
32
03540
97
04140
116
04310
116
04530
105
04800
118
04960
105
05240
116
05680
97
06170
39
07770
32
10130
100
10290
105
10460
32
10620
115
10840
101
11010
99
11170
111
11390
110
11560
100
11720
97
12000
114
12110
105
12220
97
12380
32
12600
105
12820
109
12980
112
13090
111
13260
114
13420
116
13640
97
13810
110
14080
122
14190
97
14470
32
15400
110
15510
101
15680
108
15840
108
16330
8
16550
8
16720
8
16880
8
17050
97
17210
32
17760
99
17930
111
18150
110
18750
102
18860
114
19300
111
19580
110
19790
116
19960
111
20120
32
20780
100
20840
101
21060
108
21220
108
21390
97
21500
32
21720
118
21880
105
22100
116
22600
97
23640
32
23800
105
23970
110
24130
32
24350
116
24460
111
24570
116
24740
111
26060
46
26280
13
28360
46
28580
46
28800
46
29020
32
29190
115
29350
112
29460
101
29630
114
29850
111
30720
46
30940
13
32760
68
32920
105
33090
32
33690
113
33860
117
34080
101
34240
115
34400
116
34570
101
34730
32
34950
99
35120
111
35280
115
35450
101
35610
32
36050
117
36270
110
36440
111
36600
32
36770
110
36930
111
37150
110
37320
32
37590
101
37760
39
37920
32
38190
109
38300
97
38410
105
38580
32
38690
115
38910
105
39400
99
39620
117
39730
114
39950
111
40340
44
40500
32
40720
101
40830
32
41110
112
41270
111
41490
105
41710
32
41980
99
42090
105
42260
32
42370
115
42480
105
42640
32
42920
114
43190
105
43360
116
43580
114
43740
111
44900
118
45170
97
48360
32
48520
97
48630
32
48910
112
49120
101
49340
110
49450
115
49510
97
49840
114
50000
99
50170
105
50390
32
50660
100
50830
111
50940
112
51050
111
51210
32
51490
108
51600
97
51710
32
51930
112
52090
101
52260
110
52480
115
52590
111
52590
105
52970
110
53240
101
54120
8
55170
105
55220
111
55440
110
55610
101
56050
46
57030
13
58190
84
58460
101
58680
114
58850
114
59010
105
59230
98
59340
105
59560
108
59670
114
59670
101
59780
32
60490
8
60660
8
60880
8
60930
101
61320
32
61870
112
62090
114
62250
111
62750
115
62860
112
63080
101
63300
116
63460
116
63570
105
63950
118
64500
97
65550
46
65710
32
66150
78
66370
111
66810
63
67090
13
