47420
16
47640
71
47970
85
48190
69
48460
82
48630
82
49010
65
49180
32
49400
69
49500
32
50330
80
50600
65
50990
67
51040
69
52310
190
52860
32
53020
16
53180
79
53400
75
53570
32
53730
79
53950
75
54230
32
54830
83
54940
84
55110
65
55440
86
55600
79
55770
32
56150
83
56260
79
56430
76
56650
79
56760
32
56970
83
57190
67
57410
72
57520
69
57690
82
58070
90
58180
65
58680
78
58950
68
59230
79
60490
190
60930
13
61260
16
61310
220
62140
8
63510
16
63680
70
63950
73
64120
71
64330
85
64660
82
65050
73
65270
65
65430
77
65650
79
65820
67
65980
73
66150
32
66420
83
66640
69
66810
32
66970
73
67030
79
67190
32
67520
72
67740
79
67850
32
68010
77
68180
65
68340
73
68560
32
68780
76
68950
69
69280
84
69390
84
69660
79
69880
32
70600
68
70650
69
70980
73
71150
32
71690
84
72020
79
72240
77
72410
73
72570
32
72680
68
72740
69
72900
76
73070
32
73400
71
73560
69
73780
78
73890
69
74110
82
74170
69
88010
190
88280
32
88500
16
88670
71
88890
76
89110
73
89270
32
89550
65
89820
85
90150
84
90260
79
90420
82
90530
73
90700
32
90970
82
91190
85
91470
83
91630
83
91800
73
91960
32
92180
80
92400
79
92620
73
94710
190
97290
32
97950
16
98170
16
98280
16
98330
16
98390
16
98500
16
98550
16
99380
16
99600
83
99870
79
00090
78
00310
79
00480
32
00590
68
00640
69
00860
67
01130
73
01240
83
01350
65
01570
77
01680
69
01850
78
02010
84
02070
69
02230
32
02510
80
02730
69
03000
83
03170
65
03390
78
03610
84
03990
73
04490
188
04710
32
05200
71
05360
76
05580
73
05690
32
05910
85
06130
78
06300
73
06520
67
06630
73
06790
32
07510
85
07890
8
08000
65
08170
85
08550
84
08820
79
09150
82
09370
73
09540
32
09810
82
09980
85
10310
83
10470
83
10690
73
10860
32
11020
67
11130
72
11300
69
11410
32
11630
77
11740
73
11850
32
12010
80
12120
73
12280
65
12560
67
12670
67
12720
73
12780
79
13000
78
13160
79
13330
32
20630
83
20850
79
21070
78
21350
79
21570
32
21950
73
22060
32
22230
77
22450
79
22720
83
23050
84
23110
82
23210
73
23380
32
23600
83
23650
65
23870
67
24150
82
24370
73
24590
32
24860
68
24920
69
25580
76
25740
76
25910
65
26020
32
26350
77
26570
85
27000
83
27170
67
27330
73
27500
83
28540
8
28760
8
29480
8
30410
73
30630
67
30740
65
30900
32
31180
82
31340
79
31560
77
31670
65
31890
78
32170
84
32330
73
32720
67
33050
65
33430
188
33650
32
33930
16
34200
16
34250
16
34310
16
34360
16
34470
16
34530
66
35130
79
35350
82
35520
79
35630
68
35790
73
36070
78
36290
32
36450
69
36620
32
36950
71
37060
76
37280
73
37440
32
37550
65
37770
76
38040
84
38100
82
38320
73
42770
190
43260
13
45900
16
46120
84
46450
79
46610
76
47270
83
47600
84
47820
79
48370
74
48590
32
48870
69
48980
32
49190
71
49410
76
49630
73
49800
32
50020
65
50180
76
50400
84
50460
82
50620
73
50730
32
50900
77
51010
85
51060
73
51780
8
52050
8
52600
73
52760
32
53090
72
53260
65
53420
78
53590
78
53810
79
54030
32
54410
73
54850
8
55070
8
56120
188
56280
32
56440
73
56660
78
57050
86
57160
69
57270
67
57430
69
57980
188
58200
32
60340
68
60450
65
61170
84
61330
79
61500
32
61660
83
61880
69
62050
77
62270
80
62380
82
62430
69
62600
32
62760
85
62980
78
63090
32
63370
71
63420
72
63480
82
64240
65
64570
8
64740
8
64900
8
65560
82
65730
65
66000
78
66170
32
66500
80
66770
82
67050
85
67430
82
67920
73
68140
84
68420
79
68860
32
69680
69
69790
32
70010
77
70120
73
70290
32
70450
83
70620
79
70890
78
71060
79
71270
32
71440
83
71660
69
71880
77
72370
80
72430
82
72540
69
72650
32
73140
67
73310
72
73530
73
73640
69
73860
83
74190
84
74350
79
74460
32
74740
67
74790
79
75060
77
75170
69
75280
32
75610
70
75780
65
76000
67
76050
69
76440
83
76600
83
76820
69
76990
32
77150
76
77260
65
77370
32
77590
71
77980
69
78250
78
78420
84
78520
69
79020
32
79400
65
79680
68
79790
32
79950
73
80170
78
80390
73
80610
90
80780
73
80830
65
81490
82
81550
69
81770
32
82100
68
82200
69
82420
73
82530
32
82750
76
82970
73
83360
66
83520
82
83740
73
83910
32
84180
84
84290
65
84570
78
84730
84
84900
79
85060
32
85280
83
85610
80
85880
69
86210
83
86380
83
86540
73
86760
32
87090
69
87260
68
87480
32
87590
65
87750
32
87970
83
88190
79
88360
80
88520
82
88740
65
89180
86
89290
86
89560
73
89950
86
90280
69
90390
82
90660
71
90830
76
91050
73
91540
188
91710
32
91870
73
92090
78
92260
84
92370
69
92810
78
93030
68
93300
79
93570
32
94950
8
96870
32
97090
65
97250
32
97750
86
97970
73
98130
86
98410
69
98520
82
98630
69
98850
32
99340
84
99510
65
99670
78
99890
84
00280
79
00500
32
01320
68
01370
65
01540
32
01920
86
02090
69
02250
68
02360
69
02470
82
02690
76
02970
73
03130
32
03570
70
03740
73
03900
78
04070
73
04280
84
04450
73
07360
190
07530
32
07640
16
07860
72
08020
65
08180
32
08290
68
08350
69
08570
76
08730
76
09340
222
09670
65
10000
83
10160
83
10330
85
10550
82
10770
68
11370
79
12850
188
13070
32
13350
68
13400
69
13620
76
13790
32
14670
66
14830
73
15050
66
15160
76
15380
73
16040
67
16200
79
16640
188
16860
32
17630
68
17690
69
17960
76
18130
76
18350
222
18570
65
19220
84
19440
65
19660
86
19940
73
20160
67
20380
79
22520
190
26150
32
26860
16
27080
85
27350
78
27570
65
27740
32
28180
80
28340
69
28560
82
28840
83
29000
79
29220
78
29390
65
29500
32
29720
67
29880
79
30100
78
30320
32
30480
67
30650
65
30920
80
31090
65
31640
67
31860
73
32130
84
32350
65
32740
59
33620
8
34600
222
34770
32
35150
70
35320
73
35540
78
35760
73
36250
84
36750
69
36970
32
37080
67
37300
79
37510
77
37950
8
38120
8
38340
8
38560
8
39330
32
39770
69
39930
32
40100
67
40260
79
40540
78
40700
32
40920
85
41690
8
41800
8
42350
32
42790
65
42950
32
43120
68
43390
73
43560
83
43670
80
43780
79
44000
83
44220
73
44490
90
44600
73
44660
79
44870
78
45040
69
45150
32
45420
73
45750
8
45970
85
46190
78
46410
32
46580
84
46690
69
46960
77
47180
80
47290
79
47460
32
47790
70
47950
73
48170
78
48340
73
48610
84
48770
79
48940
32
49210
67
49430
79
49650
77
49820
69
49930
32
50150
70
50370
65
50590
222
50860
32
52450
65
52670
68
52840
32
53000
65
53220
70
53390
70
53500
82
53720
79
53990
78
54210
84
54430
65
54600
82
54650
69
55200
32
56190
85
56410
78
58000
222
58280
79
58390
80
58610
69
58770
82
58990
65
59160
32
59650
67
59810
72
59920
69
60090
32
60470
72
60640
65
60800
32
60970
73
61190
76
61350
32
61520
83
61570
65
61740
80
61900
79
62230
82
62340
69
62510
32
62620
68
62730
69
63000
76
63110
76
63380
222
63770
73
63990
78
64260
70
64540
73
64760
78
64920
73
65090
84
65250
79
65250
80
66350
8
66850
16
67010
191
67670
32
69100
16
69260
65
69480
32
69650
83
69920
84
70030
65
70360
77
70580
80
70740
65
70960
82
71020
69
71240
32
71400
67
71460
69
71620
82
71900
84
72060
73
72170
32
72340
76
72560
73
72780
66
73050
82
73330
73
73490
32
74150
83
74370
69
74640
77
74970
66
75080
82
75360
65
75580
32
75740
67
75910
72
76020
69
76180
32
76400
83
76620
73
76730
32
76900
68
76950
65
77500
78
77670
78
77780
69
78050
71
78210
71
78430
73
80800
32
82220
76
82550
222
82830
16
82990
65
83270
77
83380
65
83710
90
83870
90
84040
79
84310
78
84420
73
84640
65
89040
190
93700
32
93870
16
94030
67
94250
79
94470
77
94690
69
94860
32
95130
83
95300
69
95460
32
95900
80
96120
69
96340
82
96500
32
96830
79
97160
71
97440
78
97660
73
97880
32
98100
67
98260
79
98430
80
98650
73
99360
65
99750
32
00730
68
01340
73
01560
32
03100
8
03260
8
04190
69
04410
76
04520
76
04800
222
05570
16
05790
73
06230
68
06230
73
06280
79
07050
84
07650
65
07930
32
08920
83
09140
73
09410
32
09580
68
09630
69
10130
66
10240
66
10460
65
10570
32
11550
84
11770
69
12050
78
12160
69
12380
82
12430
69
12650
32
12870
73
13090
76
13260
32
13370
82
13420
69
13700
83
13860
80
14080
73
14300
82
14410
79
14580
32
14960
80
15120
69
15340
82
15510
32
16770
53
16880
32
17100
77
17270
73
17490
78
17650
85
17930
84
18090
73
18370
32
18750
80
18910
82
19080
73
19350
77
19570
65
19740
32
19850
68
19960
73
20120
32
20450
73
20670
78
20840
73
21170
90
21280
73
21390
65
21610
82
21660
69
21830
32
21990
65
22100
32
22370
76
22540
69
22870
71
22980
71
23140
69
23250
82
23750
76
23910
79
24190
190
