23190
16
23350
65
23630
76
23740
76
23960
79
24180
82
24340
65
24610
188
24830
32
25000
70
25050
82
25380
65
25550
32
25770
80
25990
79
26210
67
26260
79
26480
32
26700
83
26920
73
27030
32
27200
73
27420
78
27580
73
27970
90
28080
73
28190
65
28350
78
28510
79
28680
32
28950
73
29120
32
29390
67
29560
79
29670
82
30000
83
30600
73
32300
190
36260
13
37080
16
37300
83
37800
69
38020
77
38290
66
38460
82
38680
65
39010
86
39280
65
39500
32
39940
73
40050
69
40270
82
40430
73
40600
32
40820
67
40930
72
41040
69
41150
32
44170
83
44330
73
44500
32
44720
73
44880
78
45100
73
45430
90
45540
73
45650
65
46260
86
46420
65
46590
78
46800
79
46910
32
47080
80
47240
69
47410
82
47520
32
47680
76
47850
65
48010
32
48230
80
48450
82
48670
73
48840
77
49000
65
49110
32
49330
86
49500
79
49720
76
49880
84
50100
65
50270
32
50590
78
50760
69
50920
76
51090
76
51250
69
51360
32
51530
83
51750
84
51910
69
52130
83
52350
83
52520
69
52630
32
52790
65
52960
85
53400
76
53620
69
55920
32
56030
68
56140
73
56250
32
56420
16
56530
76
57460
8
58390
65
58830
59
59000
59
59440
8
59600
8
59990
76
60150
76
60320
79
60590
82
60810
65
62900
190
63120
13
64050
16
64220
79
64380
32
64880
8
65040
8
65420
16
65700
16
65750
16
65810
16
65860
16
65970
16
66030
16
66080
16
66190
16
66250
16
66300
77
66470
65
66470
20
66690
32
67460
20
68500
70
68670
79
68830
82
69710
83
69870
69
70040
32
70260
78
70420
79
71800
188
71960
32
72130
70
72240
79
72400
82
72730
83
72730
65
73220
69
73660
8
73830
8
75370
69
75590
32
76630
84
77120
65
77230
78
77450
84
77620
65
77670
32
77890
65
78170
67
78660
81
78990
85
79320
65
79490
32
80090
69
80200
222
80420
32
80910
80
81130
65
81410
83
81570
83
81740
65
81960
84
82120
65
82400
32
82400
83
82450
79
82560
84
82730
84
82840
79
83060
32
83170
73
83330
32
83500
80
83600
79
83880
78
84260
84
84870
73
86240
32
86460
69
86570
32
86740
76
86900
69
87010
32
87180
83
87450
8
87610
67
87830
79
87940
83
88220
69
88330
32
88660
86
88990
69
89760
78
89920
71
90200
79
90200
80
91400
8
92340
78
92560
79
92720
32
93110
86
93330
73
93660
83
93770
84
93930
69
94040
32
94260
67
94430
79
94700
78
94860
32
95080
79
95410
67
95580
67
95740
72
95910
73
96070
32
96240
68
96400
73
96620
86
96840
69
97010
82
97230
83
97390
73
97830
190
98380
13
99810
16
00030
16
00140
16
00190
16
00250
16
00300
84
00740
69
01350
8
01510
8
02500
16
02720
16
02720
81
02990
85
03210
65
03380
78
03820
68
04700
222
04860
69
05080
82
05300
79
05470
32
05790
85
05960
78
06180
79
06290
32
06560
83
06780
84
07170
85
07500
68
07610
69
07940
78
08160
84
08210
69
08430
32
08760
78
08980
79
09150
78
09310
32
09470
65
09640
86
09750
69
09860
86
10350
79
10460
32
10630
85
10850
78
11010
32
11340
85
11670
70
11840
70
12060
73
12220
67
12330
73
12390
79
13210
32
14090
77
14310
73
14360
79
15130
32
15520
69
15630
32
15850
76
16230
222
16830
85
17050
78
17220
73
17490
86
17660
69
17990
82
18320
83
18870
73
19090
84
19470
65
19800
222
20190
32
20510
69
20730
82
20950
65
21060
32
21230
83
21390
79
21560
76
21720
79
21940
32
24520
8
24690
8
24850
8
25070
8
25350
8
26230
85
26450
78
26610
32
26890
76
27160
85
27380
79
27770
71
27930
79
28090
32
28310
73
28530
78
28700
32
29630
67
29850
85
30130
73
30400
32
32980
83
33090
73
33260
32
33590
83
33810
69
34190
71
34300
85
34410
73
34960
86
35180
65
35400
78
35560
79
35780
32
35950
76
36060
69
36170
32
36330
76
36500
69
36880
90
36990
73
37050
79
37270
78
37430
73
37650
32
37870
69
37980
32
38310
66
38480
65
38590
83
38750
84
38910
65
40560
190
40780
32
41390
16
41550
79
41770
82
41990
65
42210
32
42760
73
42980
78
43200
86
43360
69
43470
67
43580
69
44410
32
45890
83
46170
73
46380
32
46600
83
46880
84
47320
85
47540
68
47760
73
47920
65
48310
188
48580
32
48800
83
48970
73
49190
32
49460
76
49570
65
49790
86
50060
79
50230
82
50450
65
52040
188
52260
32
53090
83
53360
73
53530
32
53690
80
53850
82
54070
79
54350
71
54510
69
54680
84
54840
84
55010
65
55280
78
57640
8
57970
32
59620
85
59840
78
60060
32
60610
70
60780
85
61050
84
61160
85
61380
82
61820
79
64780
190
65110
13
68850
16
69010
65
69230
78
69400
78
69560
73
69730
32
69950
70
70220
65
70770
32
71050
73
71270
76
71490
32
71820
70
72090
85
72250
84
72420
85
72800
82
73410
79
73570
32
73790
69
74010
82
74290
65
74450
32
74670
81
74780
85
74950
65
75550
76
75820
67
75990
79
76370
83
76430
65
76700
32
76920
68
77360
73
77800
32
80110
83
80270
73
80440
67
80600
85
81040
82
81370
79
83020
188
83290
32
84500
70
84670
73
84830
78
85000
73
85330
84
85710
79
85930
32
86150
76
86260
65
86430
32
87250
8
87470
8
88510
222
88950
85
89170
78
89340
73
89830
86
90000
69
90220
82
90600
83
90820
73
90980
84
91370
65
91640
222
91920
32
92470
83
92580
73
92740
32
93130
86
93350
65
93510
32
93620
65
93730
32
93950
76
94170
65
94550
86
94720
79
94940
82
95100
65
95490
82
95600
69
96260
32
98400
67
98510
79
98730
77
98890
69
99060
32
00320
84
00600
65
00820
78
00980
84
01260
73
01480
32
02300
66
02520
82
03120
65
04170
86
04390
73
04660
32
12900
17
12950
37
13170
37
14330
35
14710
37
15210
39
15980
17
16030
37
16250
37
17070
73
17180
32
17900
35
18390
37
18830
39
19550
83
19880
84
20090
85
20590
68
20640
69
20860
78
20970
84
21080
69
21410
76
21580
76
21800
73
22180
32
24490
86
24760
65
25040
78
25200
78
25420
79
25640
32
25970
65
26580
32
28330
83
28550
69
28990
71
29050
85
29100
73
29270
82
29380
69
29600
32
31410
76
31570
65
31680
32
31900
76
32010
69
32450
90
32510
73
32620
79
32840
78
33000
69
33330
190
33830
13
35750
16
35970
16
36020
16
36130
16
36190
16
36240
16
36350
16
36410
16
36460
73
36680
76
36900
32
37070
84
37180
69
37290
77
37510
80
37620
79
37780
32
37890
73
38110
78
38550
83
38770
69
38990
71
39320
78
39430
65
39700
32
40140
67
40310
72
40530
69
40640
32
40860
76
40970
69
41080
32
41520
67
41680
79
41850
83
42070
69
42170
32
42560
78
42780
79
42940
78
43110
32
43270
83
43380
79
43660
78
43880
79
44650
32
45310
67
45420
79
45580
83
45750
73
46290
222
46510
32
47500
83
47670
69
48220
77
48490
80
48660
76
48880
73
49100
67
49210
73
49370
32
49590
67
49700
79
49970
77
50080
69
50250
32
50360
83
50580
69
50740
77
51180
66
51350
82
51570
65
52500
190
53870
13
54700
190
54920
190
55140
190
55520
32
56290
16
56620
16
56890
16
56950
16
57000
65
57220
76
57440
77
57550
69
57660
78
57830
79
57990
32
58380
81
58490
85
58650
65
58760
83
58930
73
59090
32
59200
77
59310
65
59480
73
60960
190
