64353
109
64484
97
64914
32
65064
99
65185
104
65325
101
65425
32
65535
100
65675
105
65785
114
65916
101
66246
63
66476
32
66697
110
66867
111
67037
110
67178
32
67238
115
67348
97
67438
112
67588
114
67708
101
67869
105
68059
32
68239
99
68630
8
68780
115
68970
101
69120
32
69301
110
69491
111
69691
110
69861
32
69942
99
70052
104
70212
101
70442
32
71414
104
71574
97
71754
32
72075
102
72255
97
72485
116
72575
116
72666
111
72856
32
73036
98
73236
101
73377
108
73547
32
73707
116
73857
101
73948
109
74128
112
74268
111
74448
32
74568
97
74629
32
74939
112
75790
97
76161
115
76511
113
76712
117
76872
97
77042
44
77252
32
77733
113
77843
117
77994
105
78144
110
78254
100
78344
105
78524
32
78705
112
78765
101
78965
114
79115
32
79245
102
79366
111
79496
114
79696
116
79796
117
79976
110
80067
97
80207
32
80407
97
80788
98
80928
98
81098
105
81208
97
81288
109
81439
111
81609
32
81779
112
81829
114
81899
101
82080
115
82200
111
82370
32
82540
116
82670
117
82791
116
82931
116
83041
105
83221
32
83422
117
83602
110
83752
32
83952
112
84072
111
84233
39
84443
32
84543
100
84633
105
84804
32
84894
115
85044
111
85204
108
85354
101
85675
46
85795
46
85935
46
86146
32
86306
109
86466
105
86656
32
87027
115
87187
97
87287
32
87387
99
87457
104
87578
101
87668
32
87878
118
87958
105
88159
32
88279
116
88399
114
88509
111
88649
118
88830
101
89010
114
89080
101
89350
116
89521
101
89701
32
89841
99
89921
111
90121
110
90292
32
90462
117
90622
110
90702
97
90822
32
91323
98
91523
101
91674
108
91794
108
91854
97
92014
32
92094
115
92275
101
92465
113
92595
117
92695
101
92855
110
93096
122
93246
97
93406
32
93556
100
93677
105
93877
32
94468
39
94718
109
94898
111
95680
8
96631
111
96821
110
97002
111
97202
108
97372
111
97572
103
97883
105
98494
32
98674
105
98854
110
98894
116
99045
101
99135
114
99285
105
99475
111
99595
114
99736
105
00857
34
01108
32
01388
115
01608
116
02109
121
02319
108
02460
101
02630
32
03261
74
03501
111
03862
121
04222
99
04433
101
04763
46
04903
46
05023
46
05234
13
07217
117
07407
104
07677
109
07918
44
08078
32
08298
104
08479
111
08669
32
08759
97
08899
112
09049
112
09109
101
09290
110
09580
97
09730
32
09901
115
10051
99
10221
111
10411
112
10482
101
10662
114
10862
116
10962
111
11193
32
11293
99
11403
104
11553
101
11743
32
12044
105
12224
108
12404
32
12585
109
12745
105
12895
111
13095
32
13296
98
13426
114
13576
111
13937
119
14397
115
14407
101
14578
114
14738
32
15088
103
15229
105
15409
117
15539
115
15679
116
15789
97
16050
109
16200
101
16310
110
16430
116
16611
101
16681
32
17372
78
17552
79
17782
78
17973
32
18173
118
18273
97
18403
32
18624
97
18784
32
19044
99
19214
97
19425
112
19585
111
19855
46
20036
46
20156
46
20446
13
21187
101
21328
32
21478
109
21628
105
21818
32
21888
99
21989
104
22169
105
22279
101
22439
100
22559
111
22860
44
23040
32
23120
97
23220
110
23300
99
23391
104
23551
101
23921
44
24092
32
24142
115
24332
101
24562
32
24873
112
25053
111
25123
115
25273
115
25364
97
25514
32
25654
97
25914
118
26145
101
26305
114
26435
101
26595
32
26856
117
27036
110
27196
32
27517
115
27637
105
27777
103
27887
110
28068
105
28228
102
28658
105
28759
99
28909
97
29119
116
29199
111
29389
32
29560
105
29700
108
29870
32
30060
102
30251
97
30431
116
30521
116
30621
111
30812
32
30902
100
31032
105
31212
32
31382
115
31573
99
31713
114
31853
105
31993
118
32123
101
32194
114
32304
101
32414
32
32544
97
32734
32
32905
118
33085
97
33195
110
33506
118
33666
101
33886
114
34086
97
34217
32
34387
97
34908
8
35168
111
35348
112
35478
112
35669
117
35789
114
35969
101
36290
32
36640
13
37091
115
37261
99
37451
114
37582
105
37722
118
37892
101
38072
114
38223
101
38343
32
38493
113
38633
117
38753
97
38883
108
39044
99
39254
111
39444
115
39564
97
39655
32
39895
99
39925
111
40175
110
40336
32
40496
117
40666
97
40666
110
40856
32
41047
112
41127
114
41247
101
41447
99
41537
105
41708
115
41868
97
42028
32
42208
105
42379
110
42439
116
42559
101
42689
110
42879
115
43230
8
43440
122
43550
105
43701
111
43851
110
43951
101
44071
44
44231
32
44402
110
44532
101
44642
108
44822
32
44912
115
45083
101
45193
110
45303
115
45413
111
45613
32
45674
99
45814
104
45904
101
46074
44
46244
32
46314
115
46505
101
46585
32
46845
100
47216
101
47436
118
47626
111
47807
32
48037
80
48287
69
48548
78
48668
83
48908
65
49199
82
49369
69
49930
32
50100
97
50280
32
50591
113
50791
117
50901
101
51041
108
51172
108
51302
111
51512
32
51572
99
51692
104
51783
101
51903
32
52153
115
52303
99
52514
114
52604
105
52774
118
52894
111
53125
44
53395
13
54467
105
54647
110
54807
32
54897
101
55047
102
55178
102
55318
101
55508
116
55638
116
55788
105
56419
32
56650
118
56830
97
57050
100
57191
111
57401
32
57671
112
57902
105
58222
117
58492
39
58743
32
58963
108
59073
101
59254
110
59384
116
59644
97
59945
46
60295
46
60646
46
61036
32
61667
111
61867
32
62048
110
62268
111
62689
63
62979
32
63520
13
63920
83
64111
101
64181
32
64351
105
64531
110
64672
118
64842
101
65242
99
65413
101
65613
32
65964
116
66304
8
66404
115
66594
116
66695
111
66905
32
66975
115
67135
99
67336
114
67436
105
67516
118
67676
101
67806
110
67986
100
68087
111
68277
32
68327
113
68497
117
68577
97
68698
108
68838
99
68918
111
69098
115
69218
97
69328
32
69479
99
69489
32
69589
104
69739
101
70040
32
70510
8
70650
8
70791
8
70931
8
71201
104
71351
101
71512
32
71692
115
71992
111
72493
44
72663
32
72784
97
72904
108
73054
108
73244
111
73775
114
74055
97
74256
44
74496
32
75287
105
75488
110
76639
116
76870
117
77050
105
77180
116
77370
105
77571
118
77791
97
77911
109
78031
101
78121
110
78202
116
78362
101
78462
32
78652
118
78823
97
79043
100
79133
111
79323
32
79504
112
79674
105
79834
117
80024
39
80235
32
80355
118
80515
101
80645
108
80815
111
80926
99
81126
101
81276
44
81456
32
81757
110
81937
111
82127
110
82298
32
82458
109
82628
105
82818
32
82828
115
83019
101
83179
114
83369
118
83539
101
84030
13
84751
112
84881
101
85072
110
86073
115
86264
97
86484
114
86644
101
86995
46
87175
46
87315
46
87555
32
88246
109
88397
97
88817
63
89038
32
89298
98
89498
105
89829
115
89979
111
90059
103
90249
110
90380
114
90560
101
91041
101
91501
8
91702
8
91922
8
92102
101
92523
114
92703
101
92843
110
93334
8
93584
98
93745
98
93915
101
94035
32
94235
105
94416
110
94496
116
94646
101
94766
114
95036
112
95207
101
95337
108
95467
108
95567
97
95758
114
95898
101
95988
32
96208
117
96759
110
97520
115
97730
111
98151
8
98301
8
98752
111
98952
32
99133
112
99273
115
99313
111
99543
118
99633
111
99994
8
00104
99
00244
105
00655
8
00785
8
00915
8
01035
8
01386
105
01526
99
01736
111
01937
108
02137
111
02858
103
03018
111
03319
44
03489
32
03679
117
03870
110
04040
32
04771
99
04901
111
05081
103
05161
110
05342
105
05492
118
05662
105
06043
115
06704
116
07014
97
07545
63
07855
13
09618
78
09788
111
09999
110
10179
32
10700
102
10870
97
11080
116
11220
101
11481
99
11661
105
11821
115
12382
8
12663
32
12793
99
12963
97
13133
115
13384
111
13644
44
13824
32
13984
99
14095
111
14285
109
14435
117
14585
110
14665
113
14746
117
14876
101
15286
44
15457
32
15507
115
15687
101
15787
32
15987
108
16078
101
16308
103
16438
103
16618
101
16759
116
16959
101
17179
44
17410
32
17740
115
17840
105
18050
32
18201
118
18381
101
18551
100
18661
101
19112
32
19242
99
19352
104
19483
101
19633
32
19833
101
20013
39
20274
32
20544
115
20644
111
20815
108
20955
111
21215
32
21486
13
21746
105
21936
108
22076
32
22267
112
22317
114
22497
97
22577
110
22777
122
22858
111
23058
32
23108
100
23238
97
23368
32
23599
71
23819
105
23969
111
24079
118
24300
97
24490
110
24630
110
24851
105
25091
32
25241
99
25331
104
25522
101
25622
32
25912
100
26082
97
26233
39
26453
32
26653
97
26723
108
26874
108
27014
97
27154
32
27464
116
27645
101
27825
115
28025
116
28216
97
28326
44
28516
32
28616
97
28746
110
28836
99
28937
104
29057
101
29147
32
29277
115
29447
101
29608
32
29818
110
29978
111
30188
110
30359
32
30569
104
31150
111
31601
13
32011
98
32211
101
32442
118
32652
117
32792
116
32902
111
33133
46
33333
32
33523
105
33704
110
33714
116
33864
101
34004
110
34194
97
34575
8
34835
110
35106
116
35556
8
35677
8
35807
8
35927
8
36107
97
36307
110
36508
116
36658
111
36918
32
37359
104
37619
111
37850
32
38180
113
38340
117
38441
97
38891
115
39102
105
39342
32
39552
114
39702
101
39843
105
40263
109
40674
8
40824
8
40964
8
41265
105
41395
101
41495
109
41655
112
41826
105
41986
116
42066
111
42246
32
42406
108
42557
111
42747
32
42807
115
43047
97
43158
112
43428
122
43708
105
44069
8
44199
8
44329
8
44449
8
44700
112
44710
111
44870
97
45451
8
45681
8
45892
97
46132
122
46362
105
46533
111
46793
44
46963
32
47174
118
47264
105
47454
32
47544
100
47664
105
47774
99
47885
111
48095
32
48385
115
48445
111
48616
108
48776
111
49036
32
49487
112
49717
105
49878
117
50068
39
50679
13
50839
99
51029
104
51189
101
51400
32
51710
103
51780
108
51971
105
52171
32
52391
117
52531
116
52722
101
53012
116
53443
8
53723
110
53813
116
53974
117
54224
32
54564
8
54685
8
54945
117
55446
8
55796
105
55997
32
56077
115
56177
105
56367
32
56377
115
56607
101
56718
110
56848
116
56998
105
57098
114
57308
97
57429
110
57569
110
57749
111
57959
32
58140
117
58340
110
58510
32
58851
112
59011
111
59201
39
59442
32
59542
115
59742
116
59952
117
60213
112
60543
100
60754
105
61334
8
61475
8
61765
105
62336
100
62456
105
62636
32
62747
97
62947
32
63247
115
63408
99
63618
114
63758
105
63978
118
64459
114
64770
8
64910
101
65050
114
65170
101
65370
44
65561
32
65741
112
65851
101
66011
114
66202
32
66342
99
66542
117
66883
32
67764
8
68024
105
68225
32
68385
109
68525
97
68805
103
69016
97
69186
114
69336
101
69507
13
70127
100
70308
105
70388
116
70558
101
70608
32
70838
108
70999
111
71169
114
71309
111
71509
32
71560
99
71700
104
71790
101
71900
32
72090
108
72211
101
72411
103
72521
103
72691
101
72771
114
72871
101
73052
116
73232
101
73352
32
73462
99
73563
111
73743
110
73913
32
74083
99
74193
117
74454
114
74694
97
74804
32
75015
105
75265
32
75475
108
75646
111
75736
114
75876
111
76066
32
76267
112
76327
101
76527
110
76647
115
76867
105
76988
101
77168
114
77358
105
77578
110
77789
105
78920
44
80323
32
80473
116
80753
97
80833
110
81024
116
81154
111
81354
32
81574
112
81725
101
81945
114
82115
32
82636
100
82746
97
82936
114
83147
99
83267
105
83507
32
83708
108
84839
105
85019
109
85200
112
85380
116
85811
8
85941
114
86081
101
86301
115
86452
115
86672
105
86882
111
87403
110
87633
101
87753
32
87914
100
88024
105
88244
32
88314
97
88505
118
88685
101
88745
114
88855
101
89025
13
89476
97
89797
32
89947
99
90107
104
90247
101
90347
32
90668
100
91008
8
91118
102
91239
97
91429
114
91579
101
91729
32
92020
99
92160
111
92380
110
92551
32
92681
113
92801
117
92941
97
93071
108
93242
99
93392
117
93572
110
93752
111
94053
46
94213
46
94353
46
