80188
67
80328
105
80438
97
80529
111
80739
32
82311
8
82471
8
82592
8
83313
8
83433
8
83894
77
84585
105
84795
32
84885
115
85025
99
85205
117
85326
115
85456
111
85656
32
85846
112
85957
101
86107
114
86217
32
86397
110
86608
111
86818
110
86978
32
87068
97
87289
118
87489
101
87649
114
87769
32
88160
102
88370
97
88570
116
88661
116
88831
111
89051
32
89221
108
89452
39
89522
101
89712
115
89842
112
89983
101
90133
114
90303
105
90533
109
90664
101
90754
110
90864
116
91485
111
91725
32
91996
111
92226
103
92346
110
92697
32
92827
116
93197
8
93558
8
93968
105
94189
32
94299
116
94539
97
94629
110
94800
116
94930
111
95160
44
95350
32
95541
105
95641
101
95791
114
95921
105
96142
32
96522
108
96743
39
96883
101
97043
112
97383
115
97804
8
97934
8
98064
115
98235
112
98355
101
98565
116
98575
114
98986
105
99396
8
99567
8
99707
8
00097
8
00849
114
01309
13
01860
8
02060
8
02211
8
02751
8
02972
8
03242
8
03462
8
03733
13
04113
108
04324
39
04464
101
04664
115
04824
112
04945
101
05075
114
05215
105
05395
109
05526
101
05596
110
05736
116
05836
111
06036
32
06196
110
06407
111
06607
110
06767
32
06898
104
07028
97
07128
32
07388
115
07599
99
07739
105
08770
111
08971
112
09071
101
09251
114
09471
97
09692
116
09812
111
10333
63
10593
32
11034
65
11294
104
11524
32
11785
97
12025
104
12816
33
13177
32
13698
73
13928
111
14178
32
14399
112
14579
101
14809
114
15500
111
15721
39
15961
32
16281
115
16402
105
16732
39
16982
44
17153
32
17363
112
17483
101
17683
114
17794
32
17904
99
18034
104
18415
8
18635
117
18795
105
18995
32
19206
110
19416
111
19636
110
19827
32
20578
13
20818
99
21038
39
21209
101
21449
114
21599
39
22030
8
22320
111
22831
44
22991
32
23172
111
23362
32
23472
101
23873
109
24594
8
24734
8
24974
109
25155
101
25665
103
25946
108
26126
105
26326
111
26496
32
26567
101
26757
114
26817
111
27067
32
27137
97
27268
108
27738
116
27939
114
28099
111
28279
118
28590
101
28690
32
29541
101
30162
32
30633
113
30793
117
30963
105
31133
110
31284
100
31354
105
31544
32
31724
110
31935
111
32135
110
32315
32
32525
108
32786
39
33056
104
33246
111
33437
32
33547
102
33727
97
33937
116
34098
116
34238
111
35029
33
35410
32
36882
84
37052
114
37172
97
37302
32
37563
108
37733
97
38314
8
38805
39
38955
97
39105
108
39215
116
39426
114
39576
111
40057
13
40367
105
40497
101
40697
114
40778
105
40968
32
41058
115
41248
101
41389
109
41649
98
41749
114
41989
97
42190
118
42370
97
42450
32
42630
117
42811
110
42991
111
43181
32
43251
100
43361
105
43542
32
43572
113
43772
117
43902
101
44022
105
44213
32
44533
103
44673
105
45124
111
45364
114
45485
110
45695
105
45965
32
46847
100
46997
105
47197
32
47287
97
47488
103
47628
111
47708
115
47918
116
48048
111
48279
32
48489
105
48699
110
48870
32
49040
99
49210
117
49400
105
49621
32
50232
110
50432
111
50642
110
50812
32
51003
99
51143
39
51313
101
51443
39
51704
32
52245
114
52345
105
52525
109
52585
97
52885
115
53116
116
53226
111
53426
32
53837
13
54237
112
54488
105
54638
117
54989
39
55219
32
55389
110
55529
101
55740
115
55870
115
55960
117
56180
110
56381
111
56611
32
56831
105
57022
110
57182
32
57282
99
57392
105
57582
116
57713
116
57943
97
58003
39
58223
44
58404
32
58594
108
58714
101
58874
32
59145
115
59355
116
59535
114
59716
97
59886
100
60056
101
60146
32
60276
115
60377
111
60587
110
60777
111
60977
32
61298
101
61438
109
61809
8
61939
8
62199
109
62359
101
62600
115
62890
115
63111
8
63241
8
63451
8
63621
122
63822
122
64072
101
64382
8
64503
8
64613
8
64983
101
65394
122
65554
122
65805
101
65895
32
66195
118
66355
117
66576
111
66666
116
66906
101
67076
44
67327
32
67557
112
67767
111
67898
99
68068
104
68288
105
68549
32
68809
115
69310
112
69560
97
69811
114
70071
117
70221
116
70371
105
70972
13
72384
115
72725
116
72985
117
73296
8
73456
8
73786
8
74167
105
74347
109
74537
112
74658
101
75088
8
75329
105
75449
101
75649
103
75869
97
76070
116
76220
105
76470
32
76641
97
76751
108
76911
108
77051
101
77251
32
77502
112
77622
97
77802
108
77973
105
78173
110
78273
101
78393
32
78523
100
78724
101
78764
105
78994
32
79835
112
80096
117
80306
108
80516
109
80727
97
80837
110
81027
32
81187
101
81338
32
81999
100
82169
101
82279
105
82489
32
82599
116
82780
114
82960
97
83080
109
83280
44
83431
32
83521
99
83601
104
83741
101
83801
32
83931
97
84092
112
84282
115
84522
116
84682
101
85303
8
85454
116
85824
8
85954
8
86215
8
86595
8
86776
115
87396
112
87557
101
87807
116
87967
116
88208
97
88358
110
88588
111
88789
32
89530
115
89690
112
89810
101
90080
114
90331
97
90411
110
90591
122
90671
111
90952
115
91082
105
91282
32
91913
13
92274
99
92434
104
92594
101
92684
32
92915
112
93075
97
93325
115
93586
115
94046
105
94277
32
94567
117
94787
110
94968
32
95368
113
95508
117
95649
97
95759
108
95909
99
96029
104
96159
101
96210
32
96400
109
96490
101
96770
122
96931
122
97071
111
97261
32
97311
100
97491
101
97531
108
97682
108
97882
39
98473
65
98613
84
98873
77
99074
32
99304
97
99414
32
99835
114
00075
97
00316
99
00436
99
00616
97
00846
116
00967
116
01187
97
01377
114
01527
108
01728
105
01988
46
02238
32
02459
73
02679
110
02839
115
02909
115
03070
111
03280
109
03440
109
03811
8
03911
8
04011
8
04131
8
04652
111
04862
109
04982
109
05153
97
05233
44
05433
32
05603
108
05754
97
06074
13
06465
99
06645
105
06835
116
07626
116
08558
97
08878
39
09119
32
09339
115
09389
105
09609
32
09740
101
09880
39
10110
32
10390
112
10711
114
10931
97
11162
116
11352
105
11512
118
12053
8
12183
99
12474
97
13145
109
13285
101
13405
110
13505
116
13695
32
13695
101
14136
102
14316
101
14416
114
14587
109
14677
97
15007
116
15268
97
15438
44
15708
32
16510
110
16780
105
16940
101
17080
110
17181
101
17892
8
18002
116
18232
32
18322
101
18733
8
19133
8
19304
101
19474
32
19654
110
19874
111
20005
116
20155
105
20405
122
20616
105
20786
101
20906
32
21126
115
21357
101
21467
32
21637
110
21857
111
22078
110
22258
32
22548
113
22689
117
22829
97
22939
108
23109
99
23219
104
23420
101
23500
32
23840
13
27025
99
27155
111
27356
109
27546
117
27716
110
27876
105
27946
99
28147
97
28367
116
28457
111
28657
32
28698
114
28828
101
29148
100
29338
97
29579
122
29629
105
29769
111
29969
110
30050
97
30220
108
30400
101
30500
32
30700
108
30851
101
31051
116
31191
116
31231
111
31452
32
31782
100
31972
97
32073
32
32303
117
32483
110
32713
32
33565
112
34336
111
34516
118
34756
101
34897
114
35077
105
35317
109
35488
111
35678
32
35818
99
35888
104
36269
8
36369
8
36489
8
36599
8
36729
8
37130
110
37320
111
37511
32
37611
99
37681
104
37871
101
37941
32
38202
105
38302
101
39043
114
39343
105
39604
32
40585
97
40835
118
41056
114
41246
97
41386
39
41607
32
41797
102
41997
97
42408
116
42558
116
42718
111
42999
13
43389
108
43499
97
43670
32
44140
115
44481
117
44721
32
45052
114
45212
105
45392
109
45522
97
45633
32
46053
8
46173
8
46304
8
46404
8
46975
8
47205
112
47335
114
47415
105
47595
109
47726
97
47796
32
48006
112
48146
97
48377
115
48527
115
48877
97
49588
116
49829
97
49919
32
50109
105
50299
110
50470
32
50650
118
50750
105
50940
100
51131
101
51281
111
51511
32
51772
101
51982
32
53194
97
53454
118
53684
114
53875
97
54005
39
54215
32
54295
100
54476
101
54646
116
54786
116
54846
111
55026
32
55157
97
55267
108
55437
108
55527
97
55687
32
55868
109
56298
97
56699
109
56889
109
57029
97
57240
32
57520
101
57710
32
57831
97
57961
108
58522
108
58712
97
58942
32
59243
122
59363
105
59533
97
59633
32
59894
100
61095
111
61466
8
61726
105
61997
13
62528
118
62728
101
62918
100
63088
101
63209
114
63349
108
63519
111
63759
32
64000
110
64150
101
64340
108
64460
108
64661
39
64771
101
64961
100
65101
105
65292
122
65392
105
65552
111
65752
110
65882
101
66013
32
66283
100
66493
101
66624
108
66774
108
66894
101
67104
32
68456
115
68687
101
68857
116
69017
116
69227
101
69328
32
69558
111
69758
32
69989
100
70099
105
70269
32
70449
109
70519
101
70790
122
70910
122
71080
111
71551
103
71691
105
71871
111
71961
114
72112
110
72312
111
72552
46
72793
32
72983
77
73674
65
73904
32
74265
102
74365
111
74535
114
74766
115
74976
101
75016
32
75647
13
75897
115
76037
97
76268
114
76398
101
76568
98
76708
98
76829
101
76929
32
77389
109
77500
101
77750
103
77850
108
78030
105
78171
111
78411
32
78581
115
78772
101
78842
32
79022
108
79082
101
79242
32
79523
99
79623
111
79753
115
79963
101
80103
32
80594
102
80714
111
80855
115
81035
115
81135
115
81325
101
81546
114
81676
111
81956
32
82527
116
82767
114
83098
8
83228
8
83378
8
83569
8
83679
8
83809
8
83969
8
84440
115
84710
8
84851
101
85071
114
85261
111
85501
32
85682
99
85822
111
86112
105
86273
115
86403
39
86633
32
87124
8
87254
8
87354
8
87504
8
87955
115
88085
105
88316
39
88526
32
88656
116
88816
114
88987
97
89077
110
89237
113
89327
117
89537
105
89698
108
89818
108
90158
101
90299
32
90529
111
90849
103
90960
110
91140
105
91340
32
91530
103
91600
105
91781
111
91881
114
92001
110
92221
111
92742
63
93073
33
93233
33
