72105
99
72566
105
72576
97
72576
111
72756
32
73777
99
73958
97
74468
8
74859
8
75931
8
76091
8
76211
8
76331
8
76461
8
76912
111
77132
103
77363
103
77463
105
77673
32
77893
109
78094
105
78284
32
79175
8
79356
8
79576
8
79816
115
79947
111
80197
110
80407
111
80587
32
80948
102
81088
101
81178
108
81379
105
81459
99
81639
101
81689
32
81929
112
82000
101
82190
114
82410
99
82620
104
84503
233
84794
32
85104
105
85555
8
86456
233
86707
32
86927
105
87117
108
87357
32
87558
109
87738
105
87898
111
88109
32
88359
117
88619
108
88740
116
88890
105
89110
109
89350
111
89551
32
89831
103
89921
105
90092
111
90182
114
90322
110
90502
111
90702
32
90913
100
91033
105
91213
32
91403
108
91434
101
91694
122
91754
105
91884
111
92064
110
92135
101
92275
32
92365
97
92505
108
92695
32
92866
100
92996
97
93136
109
93256
115
93557
32
93907
40
94228
52
94328
32
94658
114
95289
8
96621
8
96811
8
96942
8
97963
13
99255
40
00186
52
00357
32
00567
111
00667
114
00817
101
00928
32
01078
99
01168
111
01368
110
01428
115
01619
101
01909
99
02079
117
02260
116
02410
105
02670
118
02850
101
02961
32
03101
100
03181
105
03381
32
03561
108
03632
97
03822
98
03922
111
04082
114
04272
97
04513
116
04603
111
04753
114
04883
105
05064
111
05314
44
05514
32
05725
117
05905
110
06055
32
06255
112
06386
111
06616
39
06826
32
07027
112
07147
101
07337
115
07477
97
07597
110
07748
116
07858
105
08088
110
08298
111
08539
32
09180
45
09390
32
09550
115
09650
111
09841
112
09961
114
10141
97
10361
116
10582
117
10762
116
10892
116
11063
111
11353
32
11974
13
12264
112
12384
101
12565
114
12675
32
12855
108
13075
39
13336
111
13516
114
13686
97
13887
114
13987
105
14147
111
14377
44
14578
32
15759
49
15980
50
16380
45
16521
49
16991
54
17212
44
17402
32
17592
109
17722
97
17923
32
18934
115
19014
111
19235
110
19435
111
19605
32
19795
108
19815
101
19966
32
20186
117
20597
108
20847
105
21057
116
21187
109
21428
101
21788
8
21899
8
22039
8
22129
8
22279
8
22790
108
23080
116
23180
105
23391
109
23541
101
24072
46
24242
46
24402
46
24973
32
25113
97
25223
108
25354
108
25504
101
25704
108
25995
117
26385
106
26605
97
27046
33
27216
33
27497
41
28508
13
31282
109
31463
105
31653
32
31753
99
31873
104
32054
105
32134
101
32344
100
32434
111
32644
32
32745
118
32935
101
33135
114
33345
97
33516
109
33616
101
33796
110
33836
116
34006
101
34077
32
34247
99
34327
111
34477
115
34697
97
34818
32
35018
109
35208
105
35408
32
35539
114
35699
97
35929
99
36029
99
36120
111
36350
110
36390
116
36540
101
36670
114
36861
97
37081
110
37211
110
37391
111
37602
32
37732
97
37832
108
37962
108
38173
39
38273
101
38473
115
38633
97
38713
109
38864
101
39064
44
39264
32
39334
115
39545
101
39605
32
39765
97
39955
118
40156
114
40536
97
40736
109
40927
110
41087
110
41778
8
41948
8
42209
8
42659
110
42799
110
43000
111
43280
13
43691
105
43891
109
44362
112
44362
97
44372
114
44512
97
44722
116
44782
111
45003
32
45103
113
45343
97
45523
108
45844
8
46034
8
46455
117
46835
97
46966
108
47597
99
47767
111
47967
115
48207
97
48418
32
49149
105
49469
8
49710
111
49930
112
50030
112
50361
117
50691
8
51472
117
51622
114
51783
101
51883
32
52404
109
52644
105
52874
32
60546
8
60716
8
60856
8
61407
110
61647
111
62118
46
62278
46
62949
46
63240
32
63480
112
63680
114
63820
111
64031
112
64662
101
64842
110
65052
100
65152
111
65393
32
65793
102
65884
111
66054
114
67005
101
67396
8
67516
116
67977
101
68277
101
68738
8
69058
109
69068
110
69178
101
70220
8
70400
8
70781
101
71452
110
71612
116
71782
101
71882
32
72063
99
72143
111
72413
110
72593
32
72814
108
73004
97
73224
32
79694
8
79884
8
80024
8
80145
8
80265
8
80395
8
80515
8
81006
112
81126
101
81336
114
81537
32
81767
108
82087
97
82608
32
82819
115
83019
101
83219
99
83329
111
83540
110
83650
100
83850
97
83980
13
84411
105
84882
112
85102
111
85513
116
85693
101
85893
115
86083
105
86484
32
87065
8
88367
46
88567
46
88687
46
88988
32
89839
99
90009
104
90260
105
90440
115
90600
115
90921
97
91712
8
92072
224
92363
32
02899
115
03110
101
03300
32
05784
99
05944
97
06114
109
06314
98
06525
105
06625
97
06745
32
07015
113
07126
117
07256
97
07406
108
07556
115
07706
111
08568
8
08698
8
09048
99
09239
111
09359
115
09539
97
09780
63
10030
32
10210
109
10390
105
10581
32
10721
115
10791
111
10971
110
11152
111
11362
32
11532
105
11692
110
11772
116
12083
101
12273
114
12403
114
12714
116
13155
8
13395
111
13535
116
13826
97
14016
97
14236
32
14757
8
14887
8
15438
8
15668
116
15869
97
15919
32
16139
117
16319
110
16499
32
16950
109
17261
101
17601
8
17731
8
17851
8
18132
97
18282
32
18482
109
18623
101
18923
122
19043
122
19244
39
19484
111
19634
114
19824
97
19915
32
20756
13
21146
112
21347
101
21537
114
21687
32
22608
102
22729
97
22929
114
23059
101
23169
32
23450
117
23640
110
23800
32
23991
108
24021
97
24221
118
24321
111
24461
114
24541
111
24752
32
24952
117
25373
114
25563
103
25683
101
25803
110
25943
116
26094
101
26344
46
26604
32
27155
13
27295
67
27676
111
27876
109
28087
117
28317
110
28828
113
28998
117
29168
101
29268
32
29729
99
29859
111
30440
109
30590
101
30650
32
30831
117
31071
108
31221
116
31331
105
31532
109
31682
111
31872
32
32052
108
32072
97
32283
98
32363
111
32523
114
32663
97
32894
116
32994
111
33144
114
33264
105
33444
111
33645
32
33975
104
34166
111
34356
32
34536
112
34606
114
34736
101
34877
112
35638
97
36209
114
36389
97
36589
116
36649
111
36870
32
37050
117
37220
110
37390
32
37601
101
37791
115
37971
101
38131
114
38352
99
38502
105
38652
122
38742
105
38923
111
39123
32
39393
109
39774
111
40004
108
40144
116
40335
111
40645
13
41036
99
41206
97
41406
114
41496
105
41677
110
41867
111
42047
32
42067
99
42248
104
42288
101
42468
32
43019
115
43349
105
43589
109
43790
117
44000
108
45012
97
45152
32
45582
117
45803
110
46063
39
46364
97
46624
103
46764
101
46934
110
47095
122
47205
105
47345
97
47485
32
47585
100
47756
105
47986
32
48216
97
48637
8
48697
118
48957
105
49098
97
49548
103
49709
103
49879
105
50049
111
50249
32
50430
111
50640
110
50810
32
51020
108
51251
117
51852
8
52312
105
52503
110
52623
101
52733
44
52933
32
53043
115
53194
112
53314
101
53514
114
53614
105
53744
97
53865
109
54065
111
54265
32
54385
99
54486
104
54676
101
54906
13
55467
114
55627
105
55737
101
55968
115
56118
99
56278
97
56408
32
56569
97
56739
32
57300
97
57630
8
57871
105
58081
110
58321
116
58492
101
58662
114
58792
101
59012
115
59142
115
59263
97
59473
114
59573
108
59793
105
60024
32
60164
101
60304
32
60555
115
60665
111
60975
114
61105
112
61736
8
61967
8
62217
111
62728
8
63048
112
63188
114
63339
97
63549
116
63709
116
63769
117
63990
116
64450
116
64591
111
64811
32
64911
99
65031
104
65141
101
65221
32
65382
110
65572
111
65772
110
65933
32
66023
115
66153
105
66283
97
66413
32
66894
116
67064
114
67244
111
67485
112
67625
112
67825
111
68056
32
68326
100
68436
105
68697
102
68827
102
68927
105
69077
99
69167
105
69358
108
69438
101
70309
46
70970
8
71401
13
72232
97
72412
100
72612
101
72843
115
72973
115
73103
111
73323
32
73594
118
73784
101
74225
100
74425
114
74615
101
74736
109
74986
111
75487
46
75747
32
75867
67
75977
111
76208
110
76318
99
76448
108
76658
117
77389
100
77480
111
77710
32
78100
100
78161
105
78381
99
78571
101
78711
110
78852
100
79032
111
79242
32
79342
99
79452
104
79563
101
79693
32
79973
113
80184
117
80354
105
80544
32
80734
102
80865
97
80965
32
81135
117
81325
110
81496
32
81576
102
81796
114
81986
101
82617
100
82757
100
82908
111
83128
32
83498
112
83779
97
84540
122
84670
122
84951
101
85161
115
85321
99
85461
111
85702
32
85812
101
86012
32
86323
13
86503
99
86693
104
86773
101
86944
32
87134
109
87334
105
87544
32
87735
115
87885
116
87955
97
88135
110
88266
110
88456
111
88636
32
88676
99
89007
110
89127
103
89497
8
90238
8
90599
111
90829
110
91110
103
91290
108
91410
101
92031
8
92181
8
92362
101
92512
108
93133
97
93343
110
93543
100
93684
111
93904
32
94084
108
94184
101
94324
32
94395
100
94535
105
94805
116
95015
97
95086
32
95276
109
95366
101
95526
110
95696
116
95877
114
96037
101
96237
32
96498
115
96698
99
96888
114
96998
105
97219
118
97389
111
97699
46
97880
46
98060
46
98431
13
