86027
16
86237
72
86437
79
86628
32
86808
73
86968
78
87699
8
87870
8
88330
82
88450
69
88611
73
88801
78
88921
83
89051
84
89161
65
89352
76
89502
76
89582
65
89772
84
89913
79
90183
32
90914
73
91325
76
91535
32
92326
83
92466
79
92807
8
92937
8
93498
68
93728
82
93868
73
94009
86
94189
69
94399
82
94579
32
94730
68
94930
69
95080
76
95230
76
95321
65
95471
32
95701
65
96012
8
96132
83
96402
84
96803
77
97193
8
97344
65
97484
77
97714
80
97854
65
98035
78
98165
84
98365
69
98535
32
99076
69
99196
32
99387
77
99567
73
99747
32
99887
69
00017
219
00228
32
00458
85
00598
83
00789
67
00889
73
01019
84
01139
79
01359
32
01850
70
02000
85
02221
79
02912
82
03202
73
03463
32
03783
73
03963
76
04134
32
04304
77
04494
79
04694
78
04905
73
05045
84
05175
79
05285
82
05436
32
05606
68
05766
73
06006
32
06157
67
06257
79
06457
78
06557
84
06717
82
06848
79
07038
76
07168
76
07358
79
07579
32
07879
68
08069
69
08270
76
08410
76
08520
65
08670
32
08760
83
09041
84
09171
65
09341
77
09552
80
09622
65
09832
78
09922
84
10092
69
10162
32
10373
73
10563
78
10743
32
10894
84
11064
69
11264
68
11474
69
11665
83
11845
67
12045
79
12316
190
12486
190
12636
190
12836
32
13007
77
13167
65
13307
32
13457
83
13628
73
13878
32
14168
80
14479
85
14709
79
14910
219
15270
16
15520
16
15530
219
15891
32
16231
65
16722
76
16872
76
17053
79
17273
82
17543
65
17644
32
17874
76
18134
219
18415
72
18635
79
18835
32
18925
68
19046
73
19176
83
19296
73
19486
78
19917
8
20047
83
20918
8
21149
78
21289
83
21549
84
21770
65
21980
76
22130
76
22240
65
22501
84
22661
79
22891
32
23062
69
23302
32
24233
82
24424
69
24584
73
24774
78
24844
83
25014
84
25135
65
25275
76
25425
76
25455
65
25675
84
25806
79
26036
188
26236
32
26326
69
26447
32
26767
76
26997
85
27158
73
27358
32
27568
78
27769
73
27929
69
28099
78
28740
84
28990
69
29241
188
29461
32
29781
73
29962
76
30142
32
30312
77
30493
79
30673
78
30853
73
30943
84
31674
79
31814
82
32015
32
32365
68
32455
73
32646
32
32696
67
33036
78
33106
84
33237
82
33377
79
33587
76
33898
8
34138
8
34228
8
34368
8
34528
8
34959
79
35179
78
35300
84
35440
82
35530
79
35710
76
35840
76
36001
79
36221
32
36381
69
36672
219
36892
32
36982
82
37102
73
37273
77
37363
65
37603
83
37803
84
37944
79
38184
32
38444
73
38625
78
38805
32
38875
84
39025
69
39245
68
39426
69
39606
83
39806
67
39987
79
40287
190
40477
190
40658
190
40948
32
41659
80
41919
79
42320
84
42530
69
42701
86
42911
65
42971
32
43111
65
43251
78
43352
68
43492
65
43702
82
43852
77
44083
73
44283
32
44523
80
44643
69
44994
71
45094
71
45244
71
45284
73
45475
79
45665
188
45885
32
46116
85
46346
78
46536
32
46797
80
46997
79
47187
219
47388
32
47838
73
48028
76
48229
32
48359
84
48539
69
48740
68
48940
69
49120
83
49290
67
49400
79
49591
32
49791
76
49941
79
50142
32
50182
67
50342
65
50382
80
50582
73
50612
83
50762
67
50913
79
51133
77
51373
32
51774
8
51884
8
52325
188
52525
32
52615
83
52806
69
52826
32
53006
77
53547
73
53777
32
53947
70
54067
79
54268
83
54398
83
54618
69
54849
32
55279
85
55449
83
55630
67
56551
73
56711
84
56872
79
57112
32
57342
70
57512
85
57723
79
57863
82
57923
73
58133
32
58334
73
58534
78
58724
32
58814
67
58985
79
59085
82
59205
69
59385
65
59555
78
59786
79
60026
32
60327
83
60507
65
60697
82
60837
69
61058
66
61218
66
61358
69
61518
32
61819
83
62069
84
62229
65
62470
84
62590
79
62840
32
63051
77
63281
79
63471
84
63652
76
63862
79
64212
8
64333
8
64473
8
64703
76
64853
84
65004
79
65344
32
65705
80
65885
69
66105
71
66255
71
66356
73
66516
79
67147
190
67637
32
67968
16
68218
16
68288
16
68358
16
68419
16
68449
77
68629
65
69360
72
69590
188
69771
32
69891
67
70001
72
70211
73
70391
73
70772
8
70922
83
71073
83
71333
65
71784
219
71994
32
72144
68
72254
79
72404
86
72575
69
72655
32
72865
72
73045
79
73276
32
73326
83
73506
65
73636
66
73837
71
73947
76
74167
73
74277
65
74518
84
74748
79
75058
8
75199
8
75269
8
75369
8
75549
8
75649
8
75799
8
76130
8
77482
66
77602
65
77853
71
77953
76
78143
65
78163
73
78423
84
78604
79
78924
16
79174
16
79235
16
79365
8
79505
8
79655
8
79926
8
80366
73
80456
65
80687
84
80827
79
81187
16
81438
16
81458
219
81728
32
81748
16
81989
79
81999
67
82249
77
82439
85
82620
78
82760
81
82830
85
83020
82
83251
32
83681
8
83811
8
83911
8
84052
8
84172
8
84282
8
84532
8
84663
8
84813
8
84953
16
85203
67
85314
79
85524
77
85724
85
85874
78
85985
81
86065
85
86225
82
86375
32
86746
8
86866
8
87347
82
87707
8
87837
69
87988
32
88168
78
88388
79
88588
78
88749
32
88979
83
89089
79
89319
32
89650
83
89860
69
89950
32
90171
85
90341
78
90511
32
90651
81
90762
85
90882
65
91032
76
91252
83
91493
73
91973
65
92244
83
92464
73
92684
32
92865
83
92995
73
93075
83
93265
84
93395
69
93556
77
93876
8
94127
8
94197
8
94267
8
94337
8
94397
8
94467
8
94537
8
94607
8
94677
8
94747
8
94808
8
94878
8
94948
8
95018
8
95358
8
95529
83
95699
73
95769
83
95979
84
96150
69
96270
77
96430
65
96590
32
97061
83
97261
65
97482
82
97692
65
97792
219
98002
32
98193
77
98373
65
98483
73
98683
76
99034
8
99234
32
99464
73
99695
78
99865
32
00035
71
00216
82
00426
65
00576
68
00706
79
00927
32
01107
68
01217
73
01497
32
01758
82
01938
73
02068
67
02199
79
02429
78
02649
79
02769
83
02980
67
03180
69
03340
82
03490
69
03621
32
03891
73
04081
76
04302
32
04462
77
04652
73
04812
79
05013
32
05093
83
05313
84
05413
73
05584
76
05624
69
05804
32
05874
68
05994
73
06194
32
06385
66
06445
65
06675
84
06815
84
07026
73
07156
84
07306
85
07807
84
08298
8
08598
82
08818
65
08908
188
09089
32
09159
83
09299
79
09519
78
09700
79
09910
32
10120
80
10240
82
10351
79
10541
80
10721
82
10861
73
11072
79
11302
32
11592
67
11733
85
11883
82
12023
73
12223
79
12434
65
12904
8
13055
83
13265
65
13896
190
14186
190
14346
190
14547
32
14637
70
14787
79
14867
82
15078
83
15268
69
15358
32
15588
83
15728
73
15939
219
16189
32
16319
67
16680
8
16900
80
17000
69
17271
67
17621
8
17741
82
18192
74
18192
72
18352
67
18653
8
18783
8
19314
8
19604
72
19724
67
20506
69
20796
8
20936
8
21086
8
21247
67
21457
72
21587
69
21727
219
21938
32
22108
69
22288
219
22519
32
22719
77
23450
79
23650
84
23700
76
23941
79
24241
8
24351
8
24481
8
24702
84
25092
8
25323
76
25423
84
25553
79
25783
32
26104
68
26184
73
26294
83
26494
67
26595
79
26805
78
26885
84
27035
73
27225
78
27416
85
27636
79
27896
16
28057
219
28377
32
28678
16
28928
16
28988
16
29058
16
29128
16
29198
16
29269
16
29339
16
29399
16
29469
16
29539
16
29609
16
29679
16
29739
16
29809
16
29879
16
29950
16
30020
16
30090
16
30160
16
30220
16
30290
16
30360
16
30430
16
30500
16
30570
16
30631
16
30701
16
30771
16
30841
16
30911
16
30981
16
31041
16
31111
16
31181
16
31251
16
31322
16
31382
16
31452
16
31522
16
31552
69
31802
86
31962
73
32183
68
32393
69
32533
78
32664
69
33264
8
33435
84
34056
69
34286
77
34386
69
34576
78
34616
84
34817
69
34957
188
35127
32
35508
65
35788
76
36129
8
36269
8
37110
76
37250
65
37360
32
37551
68
37671
73
37781
83
37931
76
38062
69
38522
8
38973
8
39614
76
39754
69
39974
83
40225
83
40715
73
40946
65
41096
32
41647
65
41927
86
42117
65
42288
77
42638
78
42869
90
43209
8
43339
8
43459
8
43880
78
43980
90
44191
65
44271
188
44461
32
44661
80
44681
65
44892
82
45092
69
45322
32
45482
67
45583
72
45733
69
45843
32
46033
77
46224
73
46384
65
46504
32
46794
77
46925
65
47165
68
47355
82
47455
69
47616
32
47736
65
47896
66
48016
66
48227
73
48317
65
48487
32
48697
76
48837
69
49098
84
49228
84
49338
79
49548
32
49759
73
49939
78
50109
32
50189
81
50300
85
50430
65
50540
76
50770
67
50951
72
51041
69
51171
32
51321
82
51581
86
51722
73
52072
8
52212
8
52783
73
52923
86
53104
73
54055
83
54285
84
54526
65
54656
32
54786
68
54987
73
55217
32
55708
68
55908
73
56349
68
56739
65
57140
84
57250
84
57420
73
57550
67
57741
65
57831
32
57961
67
58061
72
58241
69
58301
32
58512
85
58702
78
58862
65
58922
32
59233
66
59493
85
59673
79
59864
78
59994
65
60064
32
60304
80
60374
69
60545
82
60755
67
60915
69
61015
78
61116
84
61256
73
61386
65
61546
76
61767
69
62027
32
62377
8
62498
8
62618
8
62718
8
62858
8
63259
85
63389
65
63549
76
63679
69
63810
32
63940
68
64080
73
64300
32
64440
65
64731
68
64901
85
65071
84
65162
76
65352
73
65602
32
65963
8
66083
8
66213
8
66333
8
66644
76
66964
84
67144
73
67425
32
68186
69
68326
219
68547
32
68697
83
69067
8
69157
68
69318
73
69758
83
70149
76
70299
69
70519
83
70660
83
70750
73
70890
67
71140
65
71461
190
72062
8
72422
16
72583
190
72783
32
72973
79
73173
83
73384
32
73764
8
73945
8
74205
32
74345
83
74545
65
74766
82
74946
65
75116
219
75367
32
75457
67
75577
72
75697
69
75797
32
75978
78
76208
79
76458
78
76639
32
77279
70
77460
65
77670
67
77810
67
77890
73
78061
79
78261
32
78361
65
78742
84
78852
84
79002
84
79172
69
79363
78
79673
8
79793
8
79923
8
80344
69
80504
78
80745
90
80875
73
81025
79
81205
78
81295
69
81426
32
81706
65
81916
32
82047
67
82187
73
82347
79
82567
219
82788
32
82868
67
82988
72
83068
69
83198
32
83298
83
83439
67
83619
82
83769
73
83869
86
84100
79
84440
16
84680
16
84700
219
84951
49
85111
49
85261
49
