91655
102
92055
97
92536
8
92696
8
93397
70
93608
101
93908
108
94088
105
94209
99
94349
105
95170
8
95330
8
95480
8
95591
8
95691
8
95841
8
96352
70
96462
111
96662
114
96903
115
97093
101
97153
32
97353
117
97584
110
97784
32
97974
109
98124
97
98405
116
98495
116
98655
105
98855
110
99026
111
99246
44
99416
32
99546
97
99897
110
00087
100
00187
97
00388
110
00528
100
00688
111
00908
32
01169
105
01359
110
01519
32
01700
117
01880
110
02110
39
02230
97
02431
114
02621
105
02741
97
02881
32
03002
100
03082
105
03272
32
03422
118
03592
101
03893
116
04063
114
04143
111
04334
44
04514
32
04544
97
04764
114
04854
105
05275
100
05475
97
05766
44
06106
13
06577
114
06727
105
06947
118
07098
111
07258
108
07508
103
07668
101
07829
110
08039
111
08229
100
08380
109
08690
105
09121
44
09591
8
09711
8
09822
8
09962
8
10302
8
10613
100
10843
111
11063
109
11274
105
11775
44
12195
32
12476
118
12666
101
12896
100
13167
114
14308
242
14499
32
14629
99
14709
111
14919
109
15089
112
15290
105
15550
114
15911
8
16081
101
16682
114
16922
115
17032
105
17233
32
17423
105
17653
108
17894
32
18374
109
18695
105
18935
114
19206
97
19556
99
19716
111
19907
108
20057
111
20297
44
20497
32
20738
105
20928
108
21098
32
21299
110
21489
117
21709
108
21849
108
21960
97
22240
32
22601
8
23772
13
24163
111
24533
8
24814
105
25064
108
25284
32
25555
110
25785
117
26166
108
26336
108
26526
97
26687
32
26827
97
27027
108
27187
108
27277
97
27508
101
27618
32
27968
109
28459
8
28589
8
28700
8
29070
8
29340
101
29411
32
29591
109
29771
105
29971
101
29991
32
30162
115
30272
112
30392
97
30803
108
30953
108
31484
101
31954
44
32135
32
32305
105
32465
108
32665
32
32746
118
32876
117
33076
111
33226
116
33927
111
34328
32
34578
100
34758
105
35059
101
35299
116
35500
114
35620
111
35850
32
36080
100
36161
105
36361
32
36541
109
36721
101
38174
44
38384
32
38504
99
38604
111
38814
110
38995
32
39185
117
39375
110
39556
32
39836
116
40066
101
40327
114
40457
114
40657
111
41178
114
41478
101
42530
32
43111
13
43301
100
43682
39
43972
117
44222
98
44403
116
44823
8
44994
114
45244
105
45454
99
45725
97
46135
8
46286
8
46536
97
46977
99
47197
111
47537
46
47768
32
48218
13
48699
79
49180
8
49470
80
50111
111
50352
105
50842
44
51013
32
51133
99
51213
111
51403
109
51523
101
51623
32
51794
115
51924
117
52615
8
52905
48
53156
117
53326
110
53516
111
53686
32
53867
115
54077
99
54217
104
54327
101
54478
114
54618
109
54868
111
55149
44
55389
32
55719
115
55960
39
56140
97
56340
99
56471
99
56651
97
56741
109
56951
112
57061
101
57242
114
57452
97
57592
110
57722
110
57933
111
58223
32
59175
100
59315
105
59545
32
59745
103
59876
105
60056
116
60206
116
60717
111
61608
13
62079
97
62329
108
62640
98
62800
101
63030
114
63261
105
63541
32
64082
99
64342
97
64563
115
64763
101
64873
32
65063
99
65203
111
65424
108
65544
108
65774
105
66025
32
66295
112
66465
101
66696
114
66906
32
67487
108
67707
39
67948
105
68118
110
68338
103
68639
97
68989
110
69139
110
69380
111
69590
32
69740
99
70141
111
70371
110
70531
115
70611
105
71042
8
71313
117
71763
101
72024
116
72294
111
72484
44
72665
32
72805
101
72875
32
73786
8
74087
8
74447
13
75749
101
76019
32
76500
105
76660
111
76871
32
77051
109
77301
101
77552
32
78453
110
78653
101
78733
32
78944
97
79084
110
79184
100
79424
114
80606
242
80827
32
81327
122
81478
105
81708
116
81838
116
81958
111
82189
44
82419
32
83210
116
83430
114
83671
97
83811
32
84342
102
84702
8
84832
103
84963
108
85123
105
85323
32
85544
117
86004
111
86235
109
86415
105
86605
110
86775
105
86996
32
87426
120
87587
99
87927
8
88057
8
88177
99
88358
104
88518
101
88628
32
88808
110
89019
111
89229
110
89399
32
89539
115
89610
105
89810
32
89970
118
90070
111
90261
108
90391
116
90721
97
90821
110
91602
111
92294
44
92544
13
92784
99
92995
111
93235
110
93435
32
93836
8
94096
8
94427
108
94847
32
96179
109
96370
105
96520
111
96740
32
96830
115
97020
101
97141
103
97301
114
97511
101
97742
116
97902
111
98743
46
98993
13
99674
67
99775
104
00025
105
00185
115
00335
115
00986
224
01197
32
01317
115
01487
101
01567
32
01818
118
01898
97
02078
108
02218
101
02338
32
02739
112
02849
101
03049
114
03120
32
03310
108
03510
39
03610
101
03821
115
03951
112
04061
101
04271
114
04371
105
04562
109
04622
101
04772
110
04922
116
05112
111
05373
32
06484
108
06625
97
06715
32
06935
112
07186
111
07336
101
07576
115
07746
105
07917
97
08357
32
08628
100
08748
105
08968
32
09158
77
09529
110
09599
116
09859
97
10190
8
10320
8
10470
8
10871
111
11111
110
11211
116
11502
97
11712
108
11872
101
12624
63
13024
32
17381
8
17911
39
20105
78
20355
111
20575
110
20736
32
20916
115
20956
111
21186
32
21427
98
21537
101
21687
110
21787
101
21917
32
22118
113
22228
117
22919
8
23079
8
23269
8
23590
13
24291
113
24421
117
24611
101
24701
108
25593
8
25743
8
25903
97
26073
108
26304
101
26424
32
26825
115
26975
105
27125
97
27225
32
27455
108
28026
39
28277
117
28447
116
28577
105
28787
108
28988
105
29709
224
29979
32
30200
112
30320
114
30530
97
30760
116
30871
105
31021
99
31251
97
31552
44
31792
32
31972
110
32192
111
32423
110
32583
32
33364
233
33595
32
33715
99
33805
104
33955
101
34025
32
34306
116
34506
117
34616
116
34736
116
34896
105
35177
32
36749
8
37881
115
37971
105
38181
32
38362
117
38472
115
38572
105
38772
32
38962
109
39313
108
39804
8
40054
111
40244
108
40345
116
40455
111
40675
32
41216
102
41416
114
41626
101
41847
113
41957
117
42107
101
42247
110
42378
116
42608
101
43309
109
43439
101
43579
110
43679
116
43910
101
44040
13
44471
117
44731
110
44891
32
45222
101
45422
100
45532
105
45712
116
45813
111
45953
114
46113
32
46353
112
46464
101
46684
114
46814
32
46974
115
47215
99
47425
114
47525
105
47645
118
47816
101
47926
114
48146
115
48306
105
48927
8
49117
8
49238
99
49418
105
49638
32
49849
108
50029
101
50139
32
50339
112
50520
111
50630
101
50900
115
51050
105
51221
101
51351
44
51561
32
51721
109
51852
97
52012
32
52402
104
52623
111
52823
32
52903
101
53143
115
53244
97
53434
117
53684
116
53724
114
54175
114
54546
8
54686
8
54826
8
55036
114
55267
105
55477
116
55597
111
55817
32
56018
108
56138
97
56298
32
56558
109
56749
105
56879
97
56979
32
57139
118
57330
101
57470
110
57660
97
57920
13
58201
101
58361
32
58742
111
58932
114
59172
97
59303
32
59493
110
59713
111
59933
110
60114
32
60284
115
60354
111
60574
32
60805
112
60925
114
61025
111
61205
112
61336
114
61406
105
61586
111
61796
32
62047
112
62307
105
62858
249
63078
32
63248
99
63328
111
63509
115
63679
97
63799
32
63949
115
64140
99
64310
114
64450
105
64550
118
64701
101
64831
114
64941
101
65632
46
65792
46
65922
46
66273
33
66583
13
67445
82
67755
111
67865
115
68025
115
68166
97
68326
110
68446
97
