11591
83
11848
65
12065
66
12451
65
12672
84
12793
79
12930
32
13082
65
13191
78
13321
67
13458
79
13622
82
13824
65
13932
32
14140
69
14434
83
14659
65
14815
77
15016
73
15782
190
15972
32
16589
85
17123
78
17286
79
17419
32
17590
83
17808
73
18052
32
18280
69
18728
192
19018
32
19293
80
19464
82
19632
69
19826
83
20024
69
20153
78
20286
84
20553
65
20732
84
20926
79
21163
32
26800
83
27063
84
27288
85
27452
68
27661
69
27775
78
27908
84
28103
69
28278
32
32374
67
32561
79
32728
78
32900
32
33807
85
34013
78
34203
32
34758
76
34941
65
35019
66
35237
79
35323
82
35495
65
35693
84
35845
79
35950
82
36072
73
36244
79
36368
32
36614
70
36869
65
38451
84
38615
84
38798
79
38946
32
39723
68
39936
65
40130
32
40321
65
40431
76
40579
84
40762
82
40960
73
41680
32
42028
57
42404
79
42591
32
42823
65
42968
76
43262
77
43418
69
43574
78
43757
79
43882
32
44141
70
44343
79
44495
82
44855
84
45218
73
45427
83
45618
83
45888
73
46305
77
46500
79
46617
32
46819
69
47051
82
47299
65
47471
32
47845
73
48051
76
48222
32
48604
77
48814
73
49016
79
49149
32
49309
83
49660
79
49824
83
50041
84
50485
8
50794
80
50931
69
51186
84
51323
84
51540
79
51850
48
52111
190
52367
32
55762
73
55938
78
56110
67
56239
79
56406
77
56540
69
56665
73
56821
78
56906
67
57044
73
57216
79
57368
32
57539
65
57718
32
57886
67
58022
72
58205
73
58318
69
58532
68
58742
69
58910
82
59096
69
61613
8
62467
71
62561
76
62740
73
62888
32
63635
81
63829
85
64031
65
64712
76
64926
67
65104
79
65183
83
65455
65
65668
32
65836
69
66061
32
66523
83
66737
85
67004
66
67210
73
67396
84
67521
79
67635
32
67818
73
67997
78
68153
67
68293
79
68457
77
68636
73
69298
78
69619
67
69836
73
70046
65
70190
32
70887
65
71180
32
76802
73
76992
77
77202
80
77480
65
79683
78
79939
84
80156
65
80542
78
80725
65
80996
82
81228
83
81499
73
81866
190
82091
32
82939
81
83177
85
83559
69
83792
83
83994
84
84158
79
84298
32
85190
67
85346
79
85529
78
85715
84
85925
82
86192
73
86386
78
86807
8
87078
66
87299
85
87508
73
88163
86
88388
65
88574
32
90049
65
90335
32
90667
70
90854
65
91044
82
91250
32
91552
67
91796
82
91975
69
92208
83
92375
67
92569
69
92737
82
92916
69
93060
32
94933
73
95154
78
95624
32
95869
77
96024
69
96169
32
96309
73
96504
76
96667
32
96927
83
97106
79
97223
83
97556
80
97761
69
97986
84
98123
84
98306
79
99320
190
99484
32
99875
65
00167
76
00330
76
00490
65
00722
32
01308
70
01467
73
01647
78
01741
69
01912
32
06595
81
06808
85
07236
69
07434
83
07633
84
07781
79
07918
32
08100
83
08344
84
08527
85
08902
68
09088
69
09252
78
09345
84
09541
69
09650
32
10060
86
10192
73
10391
69
10566
78
10695
69
10889
32
11283
66
11523
79
11813
67
11980
67
12144
73
12277
65
12494
84
13451
79
13653
32
13863
80
13973
69
14148
82
14334
32
14720
8
14899
67
15051
72
15173
69
15317
32
16018
8
16450
8
17456
8
17647
8
17814
8
17990
8
18145
8
18320
8
19078
190
19253
32
22457
81
22887
8
23346
80
23638
82
23775
69
24000
83
24198
69
24481
78
24920
84
25168
65
25462
82
25863
83
26077
73
26225
32
26358
67
26476
79
26666
78
26845
32
27695
67
27862
79
28003
68
28170
73
28322
67
28513
69
28650
32
28897
70
29483
65
29708
84
29879
84
30123
79
30337
32
30757
68
30951
65
31103
32
31328
65
31431
76
31568
84
31746
82
31933
73
32097
32
33058
77
33236
73
33400
32
35273
8
35486
8
35665
8
36534
69
36813
192
37030
32
37228
85
37430
78
37579
65
37719
32
37868
68
38065
69
38191
76
38335
76
38480
69
38643
32
38830
67
38978
79
39096
83
39301
69
39503
32
39717
80
40003
69
40282
71
40476
71
40643
73
40799
79
40947
82
41157
73
42157
32
42308
83
42511
69
42743
67
42999
79
43163
78
43295
68
43467
79
43623
32
43832
77
43996
69
44343
190
44565
32
45173
80
45416
82
45610
69
45846
70
46025
69
46196
82
46383
73
46531
83
46695
67
46882
79
47033
32
47327
67
47437
72
47567
69
47699
32
48503
83
48667
73
48850
32
49025
80
49161
82
49329
69
49496
83
49694
69
49828
78
49956
84
50120
73
50544
67
50923
8
51201
78
51373
79
51540
32
52390
67
52592
79
52767
78
52938
32
53152
67
53323
79
53545
68
53727
73
53891
67
54073
69
54229
32
54443
77
54598
65
54916
76
55413
70
55588
85
55820
78
56072
90
56274
73
56434
79
56674
78
56819
65
56990
78
57476
84
57735
69
57933
32
58089
69
58276
32
59198
83
59369
73
59502
32
59685
68
59956
69
60380
8
60655
73
60819
83
60998
67
61257
85
61490
84
61730
65
61840
32
62057
73
62205
78
62703
83
62912
73
63056
69
63773
77
63974
69
64168
32
64355
68
64580
69
65821
73
65996
32
66274
80
66442
82
66598
79
66823
66
67025
76
67184
69
67294
77
67488
73
67637
32
67820
67
67893
72
68083
69
68188
32
68600
69
68864
86
69085
69
69268
78
69366
84
69545
85
69670
65
69815
76
70024
77
70049
69
70236
78
70343
84
70571
69
70746
32
71006
72
71177
65
71372
78
71520
78
71691
79
71824
32
72041
65
72903
86
73059
85
73222
84
73378
79
73542
32
73751
68
74091
8
74427
78
74641
69
74820
76
74976
76
77592
8
79109
32
79280
83
79528
86
79983
79
80181
76
80379
71
80624
69
80806
82
80989
69
81206
32
81435
73
81610
76
81789
32
84866
76
85025
65
85130
66
86158
79
86386
82
86565
65
86760
84
86954
79
87067
82
87208
73
87402
79
88003
190
89983
13
90600
77
90808
69
91033
82
91231
67
91398
79
91585
76
91771
69
91977
68
92175
73
92373
192
92629
32
92885
80
93071
82
93212
79
93368
83
93554
83
93741
73
93920
77
94076
79
94216
32
94403
85
94720
76
95010
84
95434
73
95663
77
95831
65
95998
32
96185
84
96383
79
96531
82
96733
78
96897
65
97064
84
97243
65
97407
32
97517
68
97657
73
97783
32
97965
69
98190
83
98453
65
98652
77
98896
73
99895
190
00093
32
00832
73
01074
78
01664
67
01831
79
02017
77
02649
73
02881
78
03267
67
03454
69
03637
82
03831
65
04757
192
06013
188
06227
32
07081
83
07286
69
07423
77
07644
80
07777
82
07948
69
08116
32
08440
77
08608
69
08817
82
09019
67
09217
79
09473
76
09874
69
10084
68
10278
73
10480
192
11303
188
11486
32
12110
73
14492
76
14733
32
15126
8
15309
8
15588
8
18591
76
19092
222
19352
65
19504
76
19629
84
19839
82
19972
79
20128
32
20303
67
20505
79
20602
82
20813
83
21341
8
22475
8
22915
73
23097
76
23265
32
23494
83
23688
69
23898
67
24084
79
24236
78
24392
68
24540
79
24677
32
24841
67
24989
79
25149
82
25374
83
25660
79
25824
32
26003
73
26174
78
26322
32
26474
67
26592
85
26786
73
26953
32
27148
73
27311
78
27433
83
27627
69
27798
71
27962
78
28145
79
28285
32
28606
81
28820
85
28987
69
29193
83
29406
84
30030
222
30239
65
30510
78
30663
78
30861
79
31204
190
31391
32
31759
85
31955
78
32061
65
32220
32
32491
66
32747
69
32934
76
33101
76
33272
65
33377
32
34224
70
34407
65
34831
84
35076
73
35216
67
35403
65
36870
190
37113
32
38008
83
38215
80
38339
69
38573
82
38756
73
38893
65
39072
77
39316
79
39583
32
39735
67
40113
72
40292
69
40429
32
40600
78
40764
79
40931
78
41095
32
41404
83
41548
73
41697
65
41853
77
42262
8
42506
78
42670
79
42852
32
43131
84
43314
82
43527
79
43745
80
43893
80
44171
73
44350
32
44610
83
45096
8
45320
71
45484
76
45655
73
45853
32
45994
83
46188
84
46367
85
46504
68
46748
69
46912
78
47009
84
47204
69
48008
8
48244
73
48416
32
48698
77
48881
65
49005
32
49323
80
49613
79
50168
67
50385
79
50541
32
50785
67
51340
73
51573
32
51751
67
51900
79
52048
78
52445
84
52678
79
53823
190
54121
32
55275
77
55571
69
55857
82
56044
67
56207
79
56409
76
56527
69
56744
68
56896
73
57067
192
57277
32
57479
76
57673
79
57822
32
57997
83
58210
65
58477
80
58633
82
58812
79
59171
192
59569
190
