00297
79
00524
71
00680
71
00890
73
01004
32
01179
72
01378
79
01530
32
01993
70
02165
65
02352
84
02492
84
02645
79
02774
32
02953
76
03125
65
03260
32
03426
83
03966
69
04179
67
04320
79
04472
78
04579
68
04789
65
04925
32
05105
76
05213
69
05571
90
05769
73
05894
79
06085
78
06249
69
06470
32
06780
68
07251
69
07407
73
07582
32
08100
83
08285
80
08406
69
08601
82
08750
73
08952
77
09039
69
09195
78
09305
84
09546
65
09955
83
10399
8
10602
90
10812
73
11114
79
11370
78
11537
69
11739
32
12034
73
12969
8
13141
8
13320
8
13764
73
14028
32
14149
68
14238
73
14354
32
14729
76
15216
80
15449
80
15797
80
17674
188
17842
32
18021
79
18346
83
18533
83
18720
73
18937
65
18955
32
20201
32
21433
76
21652
73
21835
78
22122
71
22301
85
22453
65
22652
71
22815
71
23021
73
23170
32
23271
68
23406
73
23535
32
24758
80
25407
82
25694
79
25866
70
26329
8
26504
71
26741
82
27058
65
27667
77
27816
77
28118
65
28435
90
28622
73
28763
79
28950
78
29183
69
29369
32
29756
8
30097
59
30293
32
30869
80
31829
65
32023
82
32233
65
32451
68
32638
73
32824
71
33073
77
33279
73
33416
32
33553
68
33654
73
33765
32
34037
80
34176
82
34348
79
34477
71
34675
82
34854
65
35049
77
35216
77
35338
65
35602
90
35792
73
35914
79
36423
78
36610
69
92311
190
92525
32
93042
76
93203
65
93353
32
14355
76
14726
69
15059
90
15234
73
15401
79
15780
78
15967
69
16139
32
16548
69
17445
192
17628
32
17831
65
17972
78
18112
68
18360
65
18563
84
18761
65
18960
32
19162
66
19283
69
19393
78
19519
69
19625
32
19839
69
20057
32
20259
83
20419
80
20536
69
20750
82
20868
79
21013
32
21130
67
21256
72
21374
69
21480
32
21759
83
22238
8
22409
71
22531
76
22702
73
22847
32
22979
83
23202
84
23257
85
23967
68
24765
69
24902
78
25112
84
25310
73
25451
32
26451
82
26653
73
26837
77
27008
65
27067
78
27244
68
27600
8
27760
71
27954
65
28064
78
28232
79
28372
32
28532
73
28673
78
28841
84
29036
69
29199
82
29382
69
29577
83
29741
83
29959
65
30188
84
30359
73
30500
32
30633
69
30820
32
32178
83
32349
69
32532
71
32719
65
34422
8
34755
85
35214
65
35616
78
36076
79
36278
32
36488
73
36652
76
36777
32
37079
67
37205
79
37345
82
37532
83
37681
79
37832
32
38185
67
38318
79
38482
78
38650
32
34532
65
34791
83
34955
83
35158
73
35337
68
35531
85
35734
73
36005
84
36184
65
36440
192
36689
32
37006
80
37132
69
37291
82
37985
32
38287
73
38489
76
38719
32
39040
82
39231
69
39414
83
39608
84
39764
79
39882
32
41190
68
41400
69
41564
76
41701
32
41933
67
42063
79
42565
82
42767
83
42935
79
43240
190
43485
13
45354
8
45702
32
46074
67
46230
72
46367
69
46511
32
46694
84
46877
82
47110
83
47742
8
48037
73
48154
83
48318
84
48467
69
48869
90
49033
90
49219
65
49368
32
49536
67
49669
72
49747
69
49881
32
50002
83
50190
82
50876
8
50994
65
51161
82
51341
69
51570
66
51703
66
51821
69
51992
32
52076
83
52255
69
52403
32
52605
83
52808
69
52949
32
53116
78
53276
69
53417
32
54598
8
54777
8
54933
8
55071
8
55219
8
55367
8
56637
83
56816
69
56957
32
57109
78
57202
69
57337
32
57478
65
57630
78
57794
68
57985
65
58275
83
58455
83
58626
69
58809
82
59053
79
59233
32
60065
86
60228
73
60331
83
60502
84
60682
79
60838
32
60981
67
61108
72
61190
69
61301
32
61442
83
61575
79
61708
78
61865
79
61989
32
62196
71
62299
73
62463
65
62707
192
62944
32
63231
67
63414
79
63904
83
64114
73
64305
192
64495
32
64690
80
64888
79
65029
67
65186
72
65461
73
65705
190
65888
32
66659
79
66879
71
67027
71
67195
73
67335
32
67534
72
67705
79
67843
32
68129
80
68400
82
69129
79
69538
77
69690
69
69904
83
70080
83
70232
79
70369
32
70505
83
70736
67
71452
79
71651
78
71838
84
71974
73
72123
32
72237
69
72393
32
72922
82
73120
73
73334
66
73517
65
73758
83
73921
83
74189
73
74986
32
75361
83
75548
69
75812
32
77185
70
77429
65
77601
82
77792
65
78028
78
78154
78
78314
79
78455
32
78622
76
79424
222
79591
69
79790
83
80034
65
80202
77
80373
69
80560
32
81346
83
81602
85
81843
66
82030
73
82217
84
82325
79
82452
32
83326
78
83444
69
83600
76
83753
76
83905
65
84029
32
84248
80
84435
82
84603
73
84771
77
84938
65
85087
32
85907
76
86033
69
86392
90
86571
73
86728
79
86899
78
87121
69
87630
190
88397
32
88911
66
89080
69
89232
72
89534
188
89714
32
90552
82
90731
73
91010
66
91143
65
91330
83
91513
83
91669
73
91791
32
91997
73
92169
78
92363
84
92535
69
92706
78
92801
68
92988
79
93159
32
98827
80
00642
8
01994
8
04348
67
04536
79
04650
83
04868
65
05001
32
05188
85
05352
78
05569
79
05722
32
05855
68
06041
69
06351
86
06550
69
06717
32
06927
70
07095
65
07263
82
07381
69
07533
32
07728
80
07880
69
08055
82
08227
32
08406
67
08543
79
08722
78
09047
86
09403
78
10055
8
10533
73
10712
78
11180
67
11347
69
11511
82
11667
69
11801
32
11999
76
12120
65
12260
32
12625
71
12781
69
12922
78
13028
84
13188
69
13306
32
13915
65
14117
32
14308
83
14511
84
14690
85
14791
68
14922
73
15139
65
15357
84
15997
8
16121
82
16298
69
16981
49
17377
13
19661
79
19811
82
19998
65
20223
32
20794
68
20989
69
21187
86
22165
79
22332
32
22731
80
22887
65
23085
83
23226
83
23409
65
23577
82
23729
69
23916
32
24103
65
25994
76
26165
76
26660
222
26939
73
27103
78
27224
83
27411
84
27567
65
27720
76
27876
76
28005
65
28249
90
28409
73
28554
79
28695
78
28913
69
29092
32
29185
68
29362
69
29480
76
29636
76
29808
65
29948
32
30953
8
31121
8
31277
8
31809
32
32061
80
32206
69
32669
8
32926
79
33105
82
33295
84
33482
65
33654
84
33791
73
33966
76
34067
69
34214
32
34307
68
34422
73
34563
32
34912
86
35085
73
35253
86
35440
73
35627
65
35791
78
35950
65
36076
32
36267
80
36580
65
36959
8
37119
8
37800
80
38421
8
38766
80
39024
65
39241
84
39374
84
39557
73
39802
190
40292
32
40610
67
40903
72
41067
73
41203
83
41379
83
41558
65
41876
192
42082
32
42219
83
42413
69
42558
32
42757
76
42869
69
43019
32
43452
8
43765
73
43944
32
44319
69
44591
192
44808
32
45061
71
45194
73
45361
65
45633
192
45831
32
45995
65
46485
82
46633
82
46859
73
46996
86
47156
65
47335
84
47522
65
47647
32
48180
79
48394
80
48550
80
48764
85
48943
82
49111
69
49355
32
49542
65
49660
78
49831
67
50003
79
50143
82
50330
65
50483
32
50631
78
50814
79
51055
190
51284
32
51814
79
52229
82
52427
65
52599
32
52932
86
53118
65
53332
68
53511
79
53621
32
53777
65
53926
32
54662
67
54853
69
55040
82
55238
67
55425
65
55654
82
55918
76
56051
65
56223
32
56444
85
56616
78
56773
32
57374
65
57576
84
57697
84
57880
73
58067
86
58407
8
58671
77
58874
79
59141
190
59370
32
61241
80
61848
69
62051
82
62307
32
62540
79
62727
71
62883
71
63112
73
63268
32
64392
69
64605
32
64823
80
64945
69
65143
82
65307
32
65628
81
65765
85
65894
69
66093
83
66245
84
66413
65
66531
32
66694
83
66882
69
67080
84
67221
84
67354
73
67533
77
67674
65
67792
78
67971
65
68099
32
68379
67
68666
82
68853
69
69048
68
69181
79
69326
32
69566
68
69715
73
69856
32
70119
65
70310
86
70493
69
70664
82
70875
32
71261
67
71467
79
71685
77
72267
80
72461
73
73025
85
73177
84
73291
79
73424
32
73592
73
73763
76
73904
32
74598
77
74785
73
74933
79
75093
32
76873
68
77129
79
77312
86
77492
69
77655
82
77835
69
77983
32
79168
67
79340
79
79488
78
79656
32
80326
76
80482
65
80584
32
80726
83
80944
67
81184
82
81341
73
81493
84
81634
84
81778
85
81931
82
82194
65
82366
32
82502
68
82648
73
82781
32
83144
81
83316
85
83426
69
83598
83
83769
84
83933
73
84085
32
84587
77
84713
69
84930
83
85132
83
85323
65
85518
71
85666
71
85868
73
86032
32
86215
78
86852
8
89672
8
89993
188
90188
32
90705
67
90880
72
91044
73
91200
83
91371
83
91535
65
91761
192
91944
32
92269
81
92433
85
92582
65
92757
78
92959
84
93065
73
93206
32
93485
78
93626
69
93751
32
93930
68
94313
69
94596
86
94718
79
94858
32
95007
65
95463
78
95849
67
96078
79
96231
82
96403
65
96540
32
96657
83
96860
67
97100
82
97329
73
97424
86
97623
69
98132
82
98292
69
98579
190
98750
190
98929
190
99708
8
99891
8
00093
8
02037
190
