52260
85
52487
78
52643
32
53201
66
53445
73
54364
71
54501
76
54707
73
55238
69
56008
84
56194
84
57059
8
58501
67
58633
79
58808
78
58964
32
59154
85
59349
78
59501
32
59699
66
59901
73
60099
71
60216
76
60410
73
60590
69
60826
84
60982
84
61211
79
61378
32
61534
68
61744
69
61953
76
62090
76
62480
222
62720
65
62911
85
63082
84
63314
85
63762
66
64002
85
64342
83
64621
32
65141
83
65358
73
65544
32
67333
80
67558
85
67784
79
68157
192
68359
32
68645
86
68824
73
68934
65
69152
71
69304
71
69487
73
69612
65
69806
82
69924
69
70126
32
70282
80
70461
69
70632
82
70792
32
70986
86
71365
8
71605
67
71883
73
72070
82
72383
67
72551
65
72745
32
73460
55
73781
48
74006
32
74220
77
74410
73
74589
78
74799
85
75008
84
75279
73
75657
190
75928
32
76541
83
76760
69
76970
32
77183
80
77504
69
77691
82
77946
79
78171
192
78419
32
79219
83
79413
73
79596
32
79940
68
80541
8
80831
84
81029
73
81982
77
82226
66
82374
82
82553
65
82705
32
83555
78
83757
85
83970
79
84218
86
84416
65
84557
77
84693
69
84779
78
84998
84
85203
69
85428
32
86041
73
86227
76
86394
32
86727
66
86914
73
87142
71
87232
76
87420
73
87538
69
87732
84
87865
84
88097
79
88326
32
88558
69
89144
78
89288
84
89475
82
89673
79
89821
32
90123
84
90417
65
90608
76
90755
69
91049
13
92785
84
92956
69
93135
82
93310
77
93501
73
93671
78
94054
69
94662
32
95550
69
95878
192
96092
32
96884
80
97090
79
97289
83
97455
83
97657
73
97883
66
98092
73
98302
76
98465
69
98629
32
99302
85
99466
83
99733
85
00165
70
00382
82
00596
85
01526
73
01759
82
01945
69
02232
32
03215
68
03425
69
03803
76
03982
76
05487
222
05781
73
05945
78
06085
84
06249
69
06416
82
06618
79
06805
32
06972
80
07104
69
07300
82
07590
67
07807
79
07929
82
08207
83
08417
79
08584
32
08871
83
09050
73
09627
78
09806
79
09943
32
10168
65
10301
76
10453
32
10804
67
11018
65
11178
80
11725
79
11927
76
12132
73
12330
78
12487
69
12849
65
15872
32
16059
65
16190
78
16321
67
16764
72
16966
69
17122
32
17274
83
17492
69
17693
32
19149
73
19723
32
20296
55
20498
48
20685
32
20914
77
21100
73
21287
78
21481
85
21656
84
21805
73
21980
32
22274
83
22487
67
22665
65
22998
68
23192
79
23463
78
23673
79
24043
190
24824
13
25587
81
25829
85
25988
69
26221
83
26430
84
27081
79
27291
32
27688
69
27940
192
28184
32
28371
80
28472
65
28659
82
28815
84
29014
73
29231
67
29399
79
29600
76
29745
65
29947
82
30118
77
30267
69
30368
78
30474
84
30653
69
30802
32
31015
86
31190
65
31331
78
31625
84
31823
65
32032
71
32200
71
32371
73
32570
79
32802
83
33019
79
33156
32
33404
83
33613
69
33815
32
34229
83
34419
73
34559
32
34857
70
35063
65
35330
86
35693
8
35968
78
36131
78
36318
79
36481
32
36710
68
36920
69
41733
76
41900
76
42109
69
42342
32
42536
67
42646
79
42871
77
43035
77
43333
73
43519
83
43717
83
43950
73
44126
79
44327
78
44521
73
44704
32
44898
73
45093
78
45279
32
45420
67
45591
69
45762
82
46214
8
46458
78
46575
84
46747
82
46960
79
47239
32
47421
67
47547
79
48097
77
48250
69
48371
32
48565
69
48905
192
49119
32
49290
65
49538
86
49671
86
49850
69
50052
78
50254
85
50394
84
50497
79
50626
32
50812
65
50921
32
51389
77
51522
69
51662
32
51945
81
52124
85
52253
69
52455
83
52603
84
52790
65
52954
32
53133
77
53292
65
53490
84
53639
84
53833
73
54058
78
54229
65
54588
190
54821
32
59544
83
59756
65
60019
82
60735
69
61006
66
61173
66
61352
69
61508
32
62009
66
62157
69
62336
76
62493
76
62702
79
62827
32
63098
67
63208
72
63379
69
63472
32
63725
76
63935
79
64095
32
64339
80
64495
69
64662
82
64949
77
65108
69
65291
84
65451
84
65661
69
65893
83
66095
83
66688
69
66867
82
67061
79
67274
32
67480
65
67843
78
68041
67
68143
72
68284
69
68386
32
69156
80
69281
69
69430
82
69536
32
69734
76
69862
69
70015
32
70348
84
70538
82
70724
65
71107
84
71266
84
71453
69
71662
32
71880
69
72228
88
72594
84
72808
82
73079
65
73603
85
73816
82
74122
66
74270
65
74710
78
75061
69
76436
190
76646
32
77858
73
78070
79
78222
32
78435
67
78537
72
78678
69
78740
32
78990
72
79161
79
79325
32
79596
65
79779
66
79988
73
80328
84
80956
8
81825
84
82019
65
82270
84
82592
79
82728
32
82984
80
82998
219
83748
8
83920
69
84524
82
84669
32
84855
76
85042
85
85244
78
85415
71
85548
79
85685
32
85986
84
86196
69
86306
77
86508
80
86729
79
86845
32
88842
65
89040
32
89342
67
89492
79
89699
76
89862
76
89970
69
90189
71
90314
78
90513
79
90669
32
91177
77
91352
73
91504
32
92833
79
93235
67
93402
67
94125
79
94323
82
94472
82
94647
69
94983
86
95189
65
95337
78
95531
79
95653
32
95854
83
96053
69
96270
77
97032
80
97241
82
97405
69
97576
32
98476
50
98651
32
98941
66
99166
73
99513
71
99662
76
99910
73
00411
69
00678
84
00845
84
01055
73
01893
32
02705
65
02853
78
03680
67
03878
72
04014
69
04111
32
04307
80
04393
69
04585
82
04756
32
04942
65
05206
78
05592
68
06131
65
06349
82
06512
69
06672
32
06828
83
06976
79
07205
76
08296
79
08536
32
16442
78
16617
69
16773
73
16891
32
17139
80
17322
82
17493
69
17710
83
17893
83
18099
73
18239
32
18480
68
18712
69
19137
76
19300
76
20004
222
20475
65
20675
76
21069
69
21248
78
21446
73
21640
65
21850
32
25938
67
26144
72
26292
69
26494
32
27237
68
27431
73
27955
83
28184
84
28351
65
28518
32
28736
80
28945
79
29162
67
29264
72
29478
73
29665
32
31749
67
31893
72
32371
73
32570
76
32802
79
33096
77
33232
69
33450
84
33632
82
33804
73
33940
32
35967
68
36161
65
36309
32
36512
67
36683
65
36916
83
37133
65
37350
32
37545
77
37727
73
37860
65
38863
32
39139
57
40661
67
40832
73
40958
82
41160
67
41511
65
41694
32
41957
52
42727
48
43191
32
43467
69
43692
32
44553
81
44743
85
44907
73
45090
78
45261
68
45413
73
45577
32
48147
80
48288
69
48459
82
48684
32
50350
84
51062
8
51306
79
51520
82
51729
78
51870
65
52106
82
52277
69
52395
32
52563
73
52734
78
52859
68
53007
73
53524
69
53756
84
53951
82
54130
79
54278
32
54430
68
54881
79
55045
86
55262
69
55989
86
56184
79
56355
32
58473
79
58733
66
58881
66
59068
76
59239
73
59498
71
59708
65
59956
84
60146
79
60333
82
60516
73
60706
65
60818
77
60961
69
61043
78
61169
84
61356
69
61504
32
62135
84
62330
73
62539
77
63098
66
63292
82
63459
65
63700
82
63867
69
64054
32
64271
78
64546
85
64740
79
64908
86
65098
65
65211
77
65337
69
65414
78
65568
84
65751
69
66214
190
66469
13
70625
79
70947
82
71943
8
72121
8
74821
83
75075
69
75303
32
75536
83
75672
73
75820
32
76031
67
76140
79
76312
78
76445
84
76616
65
76759
32
76940
67
77049
72
77217
69
77334
32
77579
65
77757
76
77925
76
78135
79
78306
82
78462
65
78610
32
78774
78
78968
79
79151
78
79318
32
80057
65
80255
86
80499
69
81000
86
81271
79
81415
32
81602
76
81766
65
81839
32
82043
80
82237
65
82685
84
82871
69
84054
78
84417
84
84604
69
84802
32
87488
69
87682
32
87899
78
88097
69
88311
80
88490
80
88684
85
88871
82
89027
69
89183
32
89645
71
89797
85
89995
65
90213
68
90549
65
90900
71
91106
78
91254
65
91502
86
91677
79
91818
32
92173
78
92371
85
92562
76
92717
76
92920
65
93055
32
94152
69
94365
82
94544
65
94700
32
95032
83
95234
73
95425
67
95730
85
95967
82
96153
65
96301
77
96415
69
96513
78
96620
84
96772
69
96894
32
97491
68
97754
73
98669
83
98871
65
99222
71
99424
69
99756
86
99940
79
00126
76
00324
69
01224
190
