58310
87
58522
73
58716
78
58869
68
59036
79
59477
87
59698
83
60346
32
60683
87
60839
73
60980
78
61271
68
61415
79
61683
87
61885
83
62080
32
62536
87
62742
73
62906
78
63108
68
63310
79
63551
87
63753
83
63936
32
64123
67
64276
72
64390
69
64504
32
64821
68
64985
73
65141
83
65294
80
65461
69
65648
82
65851
65
66736
90
66877
73
67049
79
67256
78
67745
69
68593
190
68780
32
69548
81
69735
85
69912
69
70134
83
70282
84
70461
73
70587
32
70724
68
70876
73
71036
83
71492
71
71675
82
71862
65
72080
90
72240
73
72450
65
72740
84
72893
73
73011
32
74534
72
74667
65
74799
78
74933
78
75105
79
75230
32
78658
70
78845
65
79058
84
79192
84
79379
79
79425
32
79695
73
79897
78
80072
83
80321
84
80527
65
80695
76
80828
76
81011
65
81597
82
81761
69
81883
32
82131
83
82334
85
82716
73
82857
32
83159
80
83423
79
83610
82
83797
84
83976
65
84128
84
84254
73
84479
76
84973
73
85118
32
85246
68
86057
69
86240
76
86385
76
86933
222
87566
73
87761
66
88040
77
88236
32
88746
73
88909
76
89062
32
89333
83
89528
73
89634
83
89825
84
89985
69
90137
77
90306
65
90430
32
91132
79
91331
80
91436
69
91593
82
91765
65
92370
84
92557
73
92771
86
92881
79
93037
32
93312
85
93822
8
95295
73
95482
78
95657
32
96221
77
96408
79
96602
68
96782
79
97049
32
97190
67
97377
72
97479
69
97605
32
99312
83
99695
8
99897
70
00061
79
00186
83
00354
83
00534
69
00702
32
00834
83
00999
80
01155
65
01400
82
01725
83
01950
79
02110
32
02301
85
02472
78
02628
32
02823
80
03041
79
03508
67
03764
79
03955
32
04211
65
04348
76
04496
76
04672
65
04855
32
05530
86
05701
79
05888
76
05973
84
06170
65
06311
32
06724
8
06904
8
07052
8
07216
8
07353
8
07505
8
08612
32
09168
8
09401
79
09665
32
09990
80
10127
69
10291
82
10397
32
10580
84
10717
85
10881
84
11053
84
11170
79
11369
32
11559
73
11708
76
11849
32
11994
68
12115
73
12337
83
12697
67
13506
79
13685
32
14095
67
14278
79
14472
83
14736
73
14996
192
15175
32
15601
8
15818
8
16078
8
16834
73
17035
67
17181
72
17310
69
17597
192
17826
32
18416
83
18656
69
18867
32
19126
85
19325
78
19500
79
19672
32
20016
86
20172
85
20336
79
20554
76
20710
69
20985
32
21168
80
21309
65
21988
82
22152
84
22404
73
22729
90
22923
73
23122
79
23479
78
23619
65
23806
82
23989
76
24230
79
24409
32
25011
80
25131
69
25308
82
25386
32
25559
73
25719
78
25809
83
26012
84
26169
65
26324
76
26488
76
26602
65
26820
82
27092
67
27248
73
27419
32
28109
65
28277
76
28437
84
28605
82
28819
73
28990
32
29185
83
29387
73
29509
83
29711
84
29913
69
30189
77
30399
73
30509
32
30656
68
30849
69
31350
86
31545
69
31739
32
31938
70
32125
65
32304
84
32476
73
32590
67
32769
65
32937
82
33078
69
33214
32
33382
78
33539
79
33702
78
33866
32
34249
80
34601
79
35210
67
35797
79
36053
32
36781
73
36953
78
37439
32
37884
81
38067
85
38181
65
38309
78
38574
84
38742
79
38894
32
39143
78
39322
79
39470
78
39642
32
40025
80
40238
85
40429
79
40689
192
40907
32
42246
80
42370
65
42551
82
42722
84
42963
73
43588
8
43913
8
44092
8
44943
8
45122
8
45290
8
47589
83
47848
69
48097
32
48387
80
48508
65
48681
82
48856
84
49051
73
49369
90
49528
73
49681
79
49852
78
50009
73
50177
32
50406
68
50562
73
50837
8
50997
8
51176
84
51321
73
51470
32
51684
80
51824
69
51988
82
52494
68
52639
73
52795
32
54418
73
54659
32
54968
68
55163
65
55369
84
55602
73
55751
32
55957
68
56171
69
56319
76
56498
32
56874
83
57064
73
57213
83
57423
84
57594
69
57731
77
57911
65
58593
190
58788
32
59732
70
59921
79
60069
83
60229
83
60412
69
60561
32
60725
80
60877
69
61037
82
61240
32
61765
77
61909
69
62058
32
62779
78
62962
79
63095
78
63274
32
63484
83
63732
65
63946
82
64060
69
64335
66
64480
66
64632
69
64792
32
65022
85
65205
78
65357
32
65540
80
65969
82
66133
79
66420
66
66615
76
66716
69
66858
77
67010
65
67451
188
67615
32
67813
78
67981
79
68129
78
68297
32
68480
76
68679
79
68800
32
68995
73
69148
78
69288
83
69471
84
69620
65
69768
76
69917
76
70116
79
70233
32
70462
80
70603
69
70767
82
70904
32
71441
78
71612
73
71811
69
71955
78
72108
84
72283
69
72386
32
72757
69
72894
32
73181
72
73345
79
73474
32
73734
82
73882
73
74027
83
74166
79
74348
76
74515
84
74633
79
74766
32
74930
73
75109
76
75227
32
75437
80
75601
82
75723
79
75902
66
76073
76
76287
69
76655
77
76861
65
77551
190
86837
80
87017
85
87204
82
87388
84
87939
79
88141
80
88282
80
88462
79
88610
32
88751
73
88919
76
89082
32
89926
67
90047
79
90216
77
90387
80
90578
85
90746
84
90894
69
91066
82
91187
32
91336
78
91503
79
91667
78
91805
32
92107
69
92401
192
92603
32
92837
80
92977
69
93149
82
93247
32
93438
77
93551
69
93724
32
93980
69
94133
32
94558
81
94741
85
94889
73
95076
78
95259
68
95396
73
95560
32
95931
78
96126
79
96298
78
96496
32
97059
80
97285
79
97525
83
97705
83
97869
79
97983
32
98408
79
98598
66
98747
66
98926
76
99113
73
99238
67
99618
8
99781
71
99968
65
00125
82
00362
69
00564
32
00851
76
01030
65
01424
32
01907
71
02086
69
02219
78
02325
84
02505
69
02607
32
03009
65
03192
32
03376
78
03551
79
03704
78
03844
32
04196
85
04345
84
04501
73
04672
76
04875
73
05092
90
05249
90
05435
65
05622
82
06370
69
06530
32
07017
87
07215
73
07387
78
07550
68
07737
79
08140
87
08357
83
08917
188
09073
32
09375
84
09501
73
09645
32
09847
80
09999
65
10152
82
10289
69
10735
191
11495
13
13394
67
13570
79
13793
77
14064
85
14282
78
14492
81
14671
85
14819
69
15060
32
16476
73
16663
76
16823
32
17018
80
17251
79
17418
82
17609
84
17796
65
17952
84
18089
73
18253
76
18373
69
18479
32
18679
68
18836
73
18984
32
19640
86
19818
73
20020
86
20280
73
20532
65
20723
78
20871
65
20942
32
21203
69
21651
192
22230
32
22524
85
22707
78
22856
32
23062
80
23449
8
23755
66
23869
69
23990
76
24147
32
24364
67
24474
79
24673
77
24860
80
25062
85
25218
84
25413
69
25584
82
27123
188
27325
32
31305
86
31588
69
31802
76
32008
79
32295
67
32463
69
32619
32
32794
69
33012
32
35280
67
35424
79
35581
78
35733
32
35920
85
36099
78
36309
65
36469
32
36818
77
36975
65
37145
84
37325
82
37527
73
37664
67
37835
69
38203
32
38497
65
38838
84
39071
84
39416
73
39564
86
39743
65
39922
32
40374
86
40573
69
40768
82
40962
65
41107
77
41217
69
41334
78
41425
84
41586
69
41719
32
42133
66
42297
69
42437
76
42598
76
43038
65
43252
190
43446
32
44245
83
44421
79
44571
78
44739
79
44879
32
45059
73
45223
78
45379
32
45581
69
45799
70
45947
70
46073
69
46252
84
46393
84
46587
73
46843
32
47053
85
47240
78
47377
32
47533
80
47790
79
48157
222
48363
32
48566
73
48745
78
48947
86
49111
73
49329
68
49565
73
49860
79
50224
83
50418
79
51216
188
51460
32
54627
8
54790
8
55999
190
56167
32
56646
73
56812
76
56945
32
57113
80
57334
82
57452
79
57627
66
57822
76
57950
69
58085
77
58249
65
58353
32
58653
69
59105
192
59308
32
59510
67
59620
72
59722
69
59843
32
60035
85
60229
78
60401
79
60565
32
60752
67
60850
79
61014
77
61198
80
61415
82
61610
65
61782
32
62360
85
62551
78
62696
32
63036
67
63196
79
63375
77
63562
80
63746
85
64205
84
64392
69
64571
82
64728
32
64976
69
65140
32
65373
76
65545
65
65622
32
65846
83
66048
69
66251
84
66406
84
66543
73
66711
77
66836
65
66957
78
67161
65
67317
32
67465
68
67691
79
68530
80
68717
79
68858
32
69168
78
69301
69
69465
32
69863
86
70112
69
70306
68
70482
69
70646
32
70859
83
71085
85
71349
66
71543
73
71715
84
71832
79
71985
32
72218
85
72409
78
72634
79
72821
32
73035
67
73183
72
73301
69
73398
32
73699
70
73881
79
73999
82
74213
83
74411
69
74521
32
74677
65
75057
86
75282
82
75457
69
75606
66
75747
66
75865
69
75998
32
76577
80
76679
82
76835
69
77049
70
77224
69
77415
84
77798
8
77923
82
78107
73
78259
84
78427
79
78752
190
78908
32
79598
77
79817
69
80031
71
80245
76
80432
73
80573
79
80693
32
80858
65
80971
76
81117
76
81327
79
81418
82
81617
65
81690
32
81844
78
82016
79
82161
78
82329
32
83003
71
83144
85
83289
65
83456
82
83624
68
83807
65
83971
82
84089
69
84483
190
