27717
67
27877
72
28000
69
28148
32
28358
71
28483
73
28658
79
29044
82
29254
78
29418
65
29627
84
29806
65
29970
32
31460
68
31662
69
31814
76
31953
32
32122
67
32320
65
32560
86
32717
79
32926
76
33120
79
33514
190
33678
32
33942
73
34107
76
34278
32
35044
77
35212
65
35459
76
35627
32
35813
68
35926
73
36037
32
36331
71
36445
79
36647
76
36830
65
36927
32
37157
68
37258
73
37385
32
38308
80
38479
69
38643
82
38829
83
39039
69
39225
71
39427
85
39625
73
40199
8
41491
8
41644
8
42191
8
42439
8
42633
8
42785
8
44679
76
44844
69
45223
90
45379
73
45542
79
45690
78
45919
69
46075
32
46293
69
46483
32
46731
84
46918
69
47116
83
47325
73
47431
83
47622
84
47778
73
47907
32
48024
68
48234
65
48386
32
49083
66
49235
65
49422
68
49585
65
49783
82
49916
69
50501
190
50703
190
50867
190
51046
32
51486
77
51672
65
51750
32
52303
81
52466
85
52607
65
52700
78
52927
68
53071
79
53215
32
53398
65
53608
86
53837
82
54004
79
54490
192
54692
32
54901
85
55080
78
55206
32
55377
80
55590
79
55976
222
56220
32
56434
68
56551
73
56673
32
56825
84
57004
69
57090
77
57289
80
57502
79
57639
32
57849
80
58020
69
58176
82
58320
32
58607
82
58759
73
58999
80
59270
82
59437
69
59613
78
59788
68
60001
69
60165
82
60298
69
60454
32
60591
65
60708
32
60933
70
61104
65
61237
82
61390
69
61530
32
61724
76
61787
69
61921
32
62077
67
62218
79
62319
83
62553
69
62728
32
62849
67
62990
72
63100
69
63204
32
63408
77
63625
73
63758
32
64002
80
64196
73
64372
65
64601
67
66056
73
66239
79
66395
78
66551
79
67394
191
67582
32
68437
70
68571
79
68720
82
69225
83
69404
69
69575
32
69758
77
69879
65
70047
73
70302
190
70477
190
70626
190
70782
32
71755
83
71912
73
72548
188
72700
32
73082
70
73204
79
73348
82
73531
83
73886
69
74034
32
74221
78
74385
79
74525
78
74681
32
75171
83
75304
73
75437
32
75681
82
75864
73
76004
69
76294
83
76504
67
76695
69
77096
80
78486
8
78757
32
79028
80
79606
73
79789
85
80025
192
80204
32
80456
65
80643
68
80833
32
80973
65
81137
86
81355
69
81537
82
81697
69
81815
32
82074
84
82249
69
82386
77
82588
80
82813
79
82934
32
83113
80
83187
69
83356
82
83478
32
84170
70
84338
65
84494
82
84627
69
84783
32
84992
76
85090
69
85228
32
85369
67
85528
79
85637
83
85863
69
85989
32
86494
67
86650
72
86744
69
86818
32
87002
73
87158
78
87935
84
88133
69
88312
82
88484
69
88697
83
88868
83
89093
65
89295
78
89490
79
89626
32
89959
86
90161
69
90363
82
90587
65
90751
77
90876
69
90989
78
91081
84
91260
69
91454
190
91721
32
95025
77
95182
65
95435
71
95618
65
95812
82
97942
73
99781
32
01762
8
01925
8
02089
8
02241
8
02393
8
02556
8
02739
8
03809
67
03981
72
04153
73
04815
83
04990
83
05215
65
05732
192
05945
32
06381
67
06675
79
07114
77
07285
69
07518
32
07920
69
08585
192
08788
32
09043
68
09253
65
09370
32
09572
80
09736
82
09888
79
10174
70
11273
69
12119
83
12314
83
12562
79
12856
82
13150
73
13432
190
13642
32
15877
66
16111
69
16301
72
16580
188
16732
32
17107
67
17293
69
17491
82
18100
84
18260
79
18473
32
19898
83
20092
69
20309
32
20515
78
20679
79
20843
78
20999
32
21193
80
21372
65
21539
82
21718
84
21886
69
22095
67
22244
73
22438
80
22640
79
22773
32
22967
65
23087
32
23927
78
24121
69
24381
83
24568
83
24716
85
24922
78
25062
32
25214
67
25332
79
25871
78
26135
67
26279
79
26427
82
26656
83
26824
79
26971
32
27235
78
27763
79
27935
78
28109
32
28749
80
28958
79
29176
84
29397
82
29675
79
29954
192
30148
32
30408
77
30571
65
30689
73
30860
32
31032
83
31279
65
31428
80
31521
69
31675
82
32218
76
32447
79
32687
190
32862
32
33532
71
33713
85
33915
78
34114
69
34335
84
34506
84
34620
73
34776
32
35250
77
35433
73
35581
32
35798
82
35946
73
36118
77
36343
80
36717
82
36950
79
37351
86
38301
69
41937
82
42718
69
42981
82
43210
69
43427
66
43575
66
43716
69
43849
32
45450
83
45641
69
45770
32
45937
76
46147
79
46318
32
46854
83
47101
65
47266
80
47483
69
47696
83
47867
83
48050
69
48302
190
49731
32
50378
70
50697
65
50880
82
51017
69
51242
32
51708
83
51906
69
52089
77
52337
80
52470
82
52661
69
52778
32
52965
84
53113
85
53234
84
53394
84
53535
73
53668
32
53881
73
54064
32
54278
67
54541
79
54712
78
54860
67
55031
79
55176
82
55405
83
55572
73
56269
190
56467
32
57762
79
57974
71
58137
71
58316
73
58487
32
59219
67
59367
79
59550
77
59771
85
59980
78
60198
81
60346
85
60487
69
60673
32
61059
72
61231
79
61383
32
61696
86
61844
73
61962
83
62164
84
62304
79
62449
32
63463
73
63646
76
63829
32
64016
67
64160
85
64354
82
64522
82
64701
73
64861
67
65005
85
65184
76
65340
85
65611
77
65782
32
66038
68
66198
73
66779
32
67189
76
67381
73
67579
78
68168
8
68447
76
68630
73
68951
65
69091
78
69309
65
70830
32
71039
69
71897
68
72076
32
72232
69
72541
192
72773
32
73086
86
73281
69
73575
82
73819
65
73987
77
74099
69
74218
78
74288
84
74469
69
74621
32
74861
73
75028
77
75227
80
75379
82
75546
69
75760
83
75958
83
76141
73
76320
79
76491
78
77226
65
77474
78
77821
84
78054
69
78302
190
78726
32
79579
8
79996
13
80823
67
80989
79
81160
77
81385
85
81579
78
82057
81
82259
85
82787
69
83012
32
83456
82
83665
73
84047
66
84276
65
84501
68
84703
73
84890
83
85076
67
85255
79
85403
32
85579
73
85738
76
85887
32
86011
67
86157
79
86374
78
86817
67
87004
69
87221
84
87385
84
87548
79
87684
32
87826
67
88032
72
88133
69
88781
32
92149
81
92317
85
92430
69
92613
83
92785
84
92933
79
93089
32
93425
83
93727
84
93921
82
94104
85
94302
77
94419
69
94541
78
94642
84
94776
79
94955
32
95103
68
95520
79
95714
86
95947
82
96137
69
96289
66
96438
66
96555
69
96734
32
96944
69
97161
83
97344
83
97531
69
97755
82
98214
69
98378
32
98714
86
98924
69
99092
78
99278
68
99787
85
99973
84
00141
79
00293
32
00445
67
00597
79
00807
77
01649
69
01843
32
06020
80
06230
83
06432
73
06580
67
06729
79
06930
76
07121
79
07338
71
07502
79
07684
32
07867
79
08046
78
08716
109
08948
76
09162
73
09360
78
09558
69
10013
190
10173
32
10548
66
10687
65
10935
83
11206
84
11389
69
11568
82
11739
69
11949
66
12108
66
12280
69
12428
32
12592
67
12759
72
12868
69
12991
32
13361
79
13621
71
13715
78
13917
73
14192
32
14678
84
14872
65
15005
78
15161
84
15301
79
15469
32
20478
83
20672
85
20851
71
21003
71
21228
69
22085
83
22790
8
22977
82
23163
73
23303
83
23483
83
23681
69
23814
32
24272
81
24440
85
24596
65
24809
76
24973
67
25121
72
25246
69
25351
32
25528
68
25684
79
26123
77
26321
65
26439
78
26595
68
26935
65
29019
32
29225
69
29377
32
30177
85
30371
78
30692
79
30829
32
31176
73
31401
78
31726
67
31897
79
32099
77
32838
73
33028
78
33568
67
33754
69
33922
82
34109
69
34744
66
34896
66
35060
69
35242
32
35421
65
35623
32
47749
67
47913
79
48096
78
48275
68
48845
8
49066
70
49245
73
49493
68
49695
65
49912
82
50256
83
50565
73
50721
32
50931
67
51095
79
51243
78
51928
8
52214
77
52401
69
52599
32
54671
83
54900
79
55110
76
55519
8
55694
8
56291
70
56884
8
57078
8
57989
79
58310
83
58497
83
58986
69
59165
32
59298
68
59546
65
59695
76
59858
76
60068
79
60196
32
60337
83
60778
8
61048
80
61216
83
61403
73
61593
67
61745
79
61943
76
62137
79
62428
71
62760
79
63767
190
63981
190
64160
190
64323
32
67561
13
68492
70
68692
79
68859
82
69077
83
69279
69
69481
32
69706
67
69827
73
69983
32
70147
83
70257
73
70390
32
70584
80
70794
79
70999
84
71163
82
71369
69
71517
66
71669
66
71782
69
71924
32
72091
70
72270
65
72422
82
72548
69
72711
32
72804
68
73031
69
73168
73
73308
32
73476
83
73619
79
73799
76
74335
68
74529
73
75391
49
