29219
69
29443
83
29621
65
29789
77
29975
73
30109
32
30453
69
30647
83
30876
65
30962
77
31215
73
31371
32
31480
69
31664
83
31889
65
32114
77
32282
73
32446
32
32629
84
32742
85
32906
84
33059
84
33238
79
33371
32
33542
73
34063
76
34223
32
34471
71
34565
73
34729
79
34993
82
35172
78
35313
79
35477
32
36247
8
37151
190
37337
32
37594
85
37771
78
37935
79
38091
32
38286
83
38445
84
38567
85
38665
68
38863
69
38997
78
39115
84
39279
69
39461
32
40438
69
40698
192
40892
32
41025
83
41212
84
41368
65
41870
84
42037
79
42189
32
42591
66
42843
79
43521
67
43673
67
43841
73
43982
65
44169
84
44279
79
44416
32
44579
80
44692
69
44980
82
45201
67
45310
72
46089
69
46759
192
46977
32
47175
78
47788
79
47998
78
48185
32
48448
65
48623
86
48806
69
49009
86
49176
65
49409
32
49664
70
49859
65
50054
84
50240
84
50519
79
50694
32
50847
85
51026
78
51197
65
51349
32
51471
68
51677
69
51798
76
51947
76
52055
69
52179
32
52358
80
52491
65
52670
82
52834
84
53017
73
53169
32
53532
82
53688
73
53798
67
53908
72
54046
73
54123
69
54323
83
54491
84
54651
69
54861
32
54874
68
55871
8
56626
68
56870
65
57360
76
57555
32
58056
80
58197
82
58330
79
58801
71
58999
82
59163
65
59357
77
59498
77
59754
65
60010
32
60146
68
60256
73
60421
32
60722
76
60878
65
61088
66
61287
79
61403
82
61568
65
61755
84
61911
79
62027
82
62123
73
62279
79
62508
32
62852
69
63051
32
64013
68
64131
73
64594
67
65119
69
65609
86
66026
8
66699
8
66856
8
67004
8
67160
8
68586
190
68738
32
69045
79
69192
82
69355
65
69496
32
69790
83
69961
69
70141
32
72549
81
72721
85
72853
65
72986
76
73165
67
73276
72
73781
8
74083
85
74273
78
74429
79
74597
32
76410
8
76578
8
78177
222
78387
65
78543
76
78691
84
78878
82
78995
79
79130
32
79553
78
79709
79
79850
78
80022
32
81033
76
81581
222
81775
65
81950
86
82133
69
82362
83
82507
83
82694
69
82873
32
83044
70
83246
65
83548
84
83685
84
83826
79
83982
32
84153
80
84440
79
84849
84
85005
69
85323
86
85513
79
85665
32
85783
65
85982
78
86533
67
86727
72
86818
69
86928
32
87334
67
87547
65
87684
80
87879
73
88004
69
88229
82
88416
69
88553
32
89438
77
89559
65
89700
32
89856
83
90020
85
90199
32
91368
84
91601
82
91776
69
92001
78
92154
84
92329
65
92505
32
92745
69
93101
82
93268
65
93424
32
93588
76
94036
222
94307
85
94478
78
94646
73
94748
67
94897
79
95037
32
95500
65
95699
32
95870
78
96041
79
96182
78
96350
32
96732
65
96900
86
97087
69
97277
86
98584
8
99826
69
00228
8
00342
82
00563
32
01080
67
01248
65
01382
80
01567
73
01731
84
01864
79
01982
32
02161
67
02255
72
02378
69
02470
32
02674
69
02857
82
03040
65
03203
32
03372
78
03465
69
03925
67
04123
69
04341
83
04512
83
04745
65
04882
82
05062
73
05218
79
05355
32
06216
70
06369
65
06548
82
06688
69
06822
32
07073
84
07264
85
07420
84
07569
84
07752
73
07915
32
08071
73
08254
32
08564
80
08758
85
08938
78
09071
84
09177
73
09425
190
09604
190
09772
190
10024
32
13660
73
13841
78
13994
83
14238
79
14555
77
14704
77
14837
65
15588
188
15774
32
15992
69
16179
83
16384
73
16537
84
16716
79
16856
32
17442
66
17660
79
17893
67
18042
67
18194
73
18404
65
18598
84
18731
79
19955
49
20462
13
21868
84
22069
79
22244
82
22400
78
22667
69
22839
82
23006
65
23270
192
23408
32
23582
73
23746
76
23914
32
24077
80
24214
82
24347
79
24879
83
25035
83
25183
73
25389
77
25557
79
25694
32
25873
65
26060
80
26212
80
26375
69
26666
76
26814
76
27001
79
27119
32
27306
68
27868
8
28063
67
28304
79
28475
78
28631
32
28772
65
28955
78
29103
67
29213
72
29331
69
29435
32
29812
81
29983
85
30120
69
30338
83
30732
8
30964
76
31113
76
31323
65
31759
32
31915
80
32028
65
32208
82
32372
84
32529
69
32650
32
32944
83
33323
86
33595
79
33805
76
33972
84
34144
65
34599
190
35592
13
84325
65
85128
8
85837
79
86072
71
86209
71
87432
73
88332
32
88465
83
88579
79
88742
76
88942
79
89089
32
89276
85
89455
78
89631
32
89852
65
90015
76
90210
84
90500
82
91332
65
91488
32
91671
80
91779
69
91952
82
92116
83
92226
79
92405
78
92520
65
92624
32
92797
69
93252
192
93439
32
93599
83
93801
84
93934
65
94114
84
94914
32
95584
8
95779
65
96000
32
96375
66
96634
79
96971
67
97135
67
97291
73
97427
65
97703
84
98242
65
98564
188
98743
32
99451
81
99581
85
99748
73
99908
78
00064
68
00189
73
00361
32
00559
73
00734
78
00883
32
01142
71
01299
69
01424
78
01580
69
01744
82
01884
69
02079
32
02327
76
02771
222
02927
69
03144
83
03362
65
03475
77
03582
69
03679
32
03868
69
04185
192
04429
32
05920
65
06044
78
06221
68
06454
65
06825
84
07004
79
07137
32
07366
66
07514
69
07617
78
07777
69
08052
32
09251
77
09407
65
09547
32
09700
83
09903
69
10124
67
10269
79
10413
78
10523
68
10656
79
10778
32
11149
71
11262
76
11438
73
11586
32
11742
83
11944
84
12093
85
12187
68
12382
69
12477
78
12610
84
12808
73
12991
32
15825
83
16065
73
16337
65
16477
77
16657
79
16782
32
16984
84
17186
82
17500
79
17759
80
17912
80
18083
79
18212
32
18337
83
18529
69
18811
86
18986
69
19165
82
19352
73
19600
190
19780
32
20017
78
20209
79
20381
78
20798
32
21019
67
21275
82
21450
69
21679
68
21870
79
22306
188
22505
32
23225
73
23423
76
23590
32
23866
80
24029
82
24147
79
24326
66
24521
76
24669
69
24794
77
24989
65
25226
32
25627
69
26297
192
26557
32
26717
67
26881
72
27021
69
27216
32
27430
76
27628
79
27807
32
28370
8
28542
82
28697
79
28877
32
29132
67
29457
82
29640
69
29819
68
30865
79
31037
78
31204
79
31333
32
31470
67
31517
72
31675
69
31772
32
37646
76
37918
59
37932
222
39016
8
39218
8
39942
222
40075
69
40269
83
40487
65
40658
77
41770
69
41972
32
42159
83
42553
73
42755
65
42887
32
43401
83
43603
79
43940
76
44173
79
44302
32
44469
73
44625
76
44770
32
45659
76
45861
65
46000
66
46288
79
46498
82
46677
65
46830
84
46955
79
47071
82
47210
73
47953
79
48116
32
48426
77
48628
65
48745
32
51223
81
51391
85
51540
69
51745
83
51909
84
52023
79
52160
32
52324
67
52464
79
52582
82
52792
83
52940
79
53066
32
53291
69
53566
82
53764
65
53947
32
55220
54
55801
32
55946
67
56164
82
56336
69
56537
68
56690
73
56838
84
57025
73
57220
32
57330
68
57425
73
57658
32
57856
84
58051
69
58759
79
58919
82
59048
73
59174
65
59301
32
59490
69
59654
32
60669
84
60883
82
61066
69
61310
32
61601
68
61780
73
61947
32
62537
76
62720
65
62849
66
63051
79
63165
82
63379
65
63573
84
63737
79
63854
82
63967
73
64132
79
64269
32
64418
69
64616
32
65182
81
65323
85
65502
73
65659
78
65822
68
65974
73
66138
32
67246
69
67544
192
67788
32
68190
78
68296
65
68475
84
68581
85
68733
82
68936
65
69044
76
69190
69
69291
32
69499
67
69617
72
69742
69
69839
32
70197
78
70379
79
70980
73
71148
32
71657
83
71905
73
72077
32
72831
67
72968
72
73124
73
73225
69
73417
68
73620
65
73864
32
74986
65
75169
78
75287
67
75396
72
75507
69
75629
32
75843
84
76022
69
76699
79
76863
82
76996
73
77176
65
77439
190
77940
32
79651
69
79939
32
80456
83
80620
73
80803
78
80900
67
81104
69
81295
82
81911
65
82052
77
82181
69
82276
78
82386
84
82546
69
82683
32
83142
66
83279
65
83458
83
83656
84
83835
65
85641
78
86791
8
87042
32
87360
85
87547
78
87695
65
87788
32
87934
68
88083
79
88270
77
88422
65
88534
78
88657
68
88863
65
89115
32
89317
80
89446
69
89626
82
89759
32
90114
67
90293
65
90531
80
90759
73
90884
69
91063
82
91227
69
91429
32
91846
83
92045
69
92224
32
92587
83
92801
65
92945
78
93079
78
93234
79
93375
32
93723
81
93864
85
94047
65
94226
76
94420
67
94611
79
94782
83
95038
65
95210
32
95504
79
95863
80
96023
80
96256
85
96474
82
96630
69
96755
32
96996
78
97152
79
97308
78
97464
32
98003
83
98206
65
98362
76
98744
8
98992
78
99137
78
99324
79
99476
32
99856
78
00049
85
00251
76
00400
76
00598
65
01115
190
