23118
69
23403
192
23666
32
23958
76
24471
222
24800
85
25026
76
25182
84
25334
73
25533
77
26085
79
26272
32
29948
70
30127
79
30278
82
30461
77
30719
32
30952
68
31035
73
31196
32
31444
81
31577
85
31718
69
31921
83
32119
84
32203
79
32332
32
32511
69
32718
83
32886
80
33034
69
33221
82
33435
73
33626
77
33744
69
33862
78
34007
84
34144
79
34281
32
34445
67
34578
72
34700
69
34793
32
35005
67
35144
79
35317
77
35497
80
35680
73
35921
76
36361
69
36598
82
36824
79
37046
192
37840
190
38008
32
38572
85
38771
78
39257
32
39658
8
39838
8
40589
78
40749
32
40994
80
41208
79
41625
222
41847
32
42553
77
42726
73
42854
32
43068
68
43166
73
43335
83
43463
80
43643
73
43808
65
44006
67
44170
69
44764
188
44933
32
45123
73
45341
78
45497
32
45957
70
46110
79
46339
78
46576
68
46697
79
46839
32
47138
77
47321
73
47454
32
47715
69
47901
82
48080
79
48217
32
48409
65
48646
70
48793
70
49004
69
49518
90
49844
73
50000
79
50203
78
50335
65
50515
84
50740
79
50872
32
51060
65
52179
32
52468
81
52693
85
52815
69
53003
83
53206
84
53404
79
53547
32
53805
69
54003
83
54217
80
54319
69
54503
82
54640
73
54799
77
54926
69
55040
78
55169
84
55353
79
55586
32
55804
65
55897
78
56055
67
56188
72
56352
69
56493
32
56665
83
56894
69
57060
32
57518
68
57674
73
57830
32
57987
83
58154
79
58341
76
58513
73
58704
84
58814
79
58979
32
59219
69
59402
82
59615
65
59761
32
59980
85
60170
78
60376
65
60571
32
60781
66
60964
69
61109
76
61254
76
61376
65
61488
32
61661
82
61799
79
61982
84
62142
84
62346
85
62715
82
62915
65
63113
32
63471
68
63606
73
63740
32
63864
83
64114
67
64347
65
64565
84
64785
79
65171
76
65311
69
65478
32
65673
67
66337
8
67277
76
68136
65
68293
32
68498
77
68659
65
68820
73
69306
76
69504
32
69765
68
69902
73
70050
32
71609
68
72057
8
72368
68
72588
65
72955
78
73308
73
73499
69
73711
76
73919
69
74066
32
74251
67
74417
72
74540
69
74689
32
75053
77
75240
73
75389
32
75606
80
75740
69
75892
82
76097
83
76293
69
76506
71
76667
85
76820
73
77055
84
77278
65
77649
86
77852
65
78023
32
78296
84
78456
85
78646
84
78787
84
78998
73
79169
32
79360
73
79516
32
80142
71
80306
73
80462
79
81097
82
81266
78
81453
73
81587
32
81762
76
81946
65
82267
32
82605
67
82803
65
83013
83
83230
69
83464
76
83616
76
83749
65
83860
32
84020
80
84237
79
84549
83
84800
84
84995
65
85153
76
85292
69
85391
32
85628
82
85757
73
85944
67
86116
79
86253
82
86459
68
86679
65
87252
78
87451
68
87630
79
88182
77
88365
73
88491
32
88686
68
88796
73
88952
32
89496
70
89691
65
89856
82
90607
69
90976
32
91486
76
92071
222
92428
69
92641
83
92825
80
92922
69
93099
82
93209
73
93396
77
93514
69
93640
78
93792
84
94004
79
94185
32
94318
83
94517
69
94638
32
94803
78
95025
69
95135
32
95345
65
95532
86
95777
69
96006
86
96205
79
96404
32
96617
86
96774
79
97022
71
97155
76
97364
73
97526
65
97821
190
98004
32
99301
13
01152
65
01305
78
01440
67
01584
72
01700
69
01843
32
02092
80
02225
69
02389
82
02576
67
02702
72
02811
69
03054
192
03248
32
06133
81
06331
85
06471
69
06666
83
06849
84
07002
65
07135
32
07283
65
07563
82
07704
82
07852
73
08014
86
08284
65
08548
86
08777
65
08964
32
09156
84
09274
85
09414
84
09583
84
10338
73
10503
32
10727
73
10891
32
11320
71
11427
73
11648
79
12093
82
12253
78
12450
73
13066
49
13547
32
14039
80
14677
85
14887
78
15086
84
15273
85
15456
65
15576
76
15761
69
17216
188
17395
32
18282
80
18434
82
18613
69
18985
67
19157
73
19319
83
19578
65
20425
188
20599
32
22290
67
22431
79
22614
78
22747
32
22915
73
23110
76
23282
32
23438
83
23577
85
23743
79
23912
32
24190
83
24385
69
24583
77
24797
80
24996
76
25175
73
25358
67
25557
69
25798
32
26177
77
26326
69
26582
83
26747
83
26956
65
27155
71
27308
71
27529
73
27931
79
28318
32
29792
67
30025
72
30182
69
30430
32
31524
77
31703
73
31844
32
32039
73
32219
78
32502
86
32696
73
33037
84
33232
65
33461
84
34129
8
34266
86
34453
65
34636
32
35181
65
35513
32
36119
67
37451
76
37765
73
37949
67
38105
67
38284
65
38456
82
38597
69
38811
32
41330
76
41778
222
42100
73
42271
78
42428
68
42588
73
42729
82
42943
73
43191
90
43356
90
43552
79
43691
32
43859
68
44046
73
44195
32
47886
8
48084
8
49101
8
50283
76
50640
73
50880
192
51183
32
51625
68
51998
73
52167
32
52358
83
52568
69
52762
71
52889
85
53037
73
53466
84
53668
79
54048
190
54288
32
55829
66
56017
69
56204
72
57152
188
57339
32
57749
79
57963
82
58162
65
58410
32
58590
69
58884
192
59129
32
59377
70
59484
73
59633
78
59791
73
59988
84
60205
65
60753
188
60910
32
61877
76
62096
79
62263
32
62534
82
62695
73
62808
67
62984
79
63102
82
63293
68
63491
69
63655
82
63888
79
64029
192
64270
32
64465
67
64590
79
64751
78
64934
32
65224
65
65465
70
65629
70
65816
69
66004
84
66156
84
66896
79
67103
32
68588
70
68760
79
68893
82
69076
83
69252
69
69431
32
69661
84
69848
82
70097
65
70234
32
70882
81
71084
85
71217
65
71385
76
71524
67
71671
72
71812
69
72003
32
74142
65
74337
78
74477
78
74680
79
75005
190
75208
32
76212
78
76463
69
76631
32
76895
80
77097
65
77265
82
77425
76
77581
69
77807
82
78001
79
78227
192
78418
32
78597
67
78719
79
78879
78
79043
32
79418
71
79594
76
79793
73
79964
32
80155
65
80365
77
80533
73
80693
67
80869
73
81040
32
81277
67
81395
79
81619
77
82307
69
82448
32
82686
79
82819
82
83006
65
83178
32
83434
80
83625
65
83792
82
83991
76
84263
79
84431
32
84559
68
84759
69
84866
76
85018
32
85589
77
86030
73
86286
76
86489
73
86753
84
86951
65
87161
82
87344
69
88569
32
88818
73
89047
78
89296
32
89771
77
89950
79
90781
68
90993
79
91157
32
91390
65
91911
70
92048
70
92251
69
92469
84
92617
84
92814
85
93034
79
93248
83
93462
79
93610
32
93809
80
93929
69
94110
82
94471
67
94695
72
94856
69
95124
192
95357
32
95659
79
95854
82
96064
65
96289
77
96476
65
96652
73
96770
32
96988
76
97216
79
97854
78
98060
84
98247
65
98375
78
98567
79
98708
32
98907
69
99063
32
99281
83
99460
79
99664
76
99885
79
00045
32
00562
73
00749
32
00990
82
01159
73
01276
67
01424
79
01565
82
01768
68
01936
73
02073
32
02256
80
02458
79
02639
83
02848
73
03081
84
03313
73
03450
86
03657
73
03833
32
04081
83
04215
79
04359
78
04500
79
04710
32
05124
82
05292
73
05539
77
05778
65
06023
83
06240
84
06413
73
06539
32
06740
77
06864
69
07160
78
07405
84
07619
82
07793
69
07932
32
08272
81
08455
85
08573
69
08945
76
09125
76
09327
73
09492
32
09717
78
09850
69
10358
71
10558
65
10757
84
11006
73
11266
86
11479
73
11663
32
12030
83
12287
69
12497
78
13002
8
13228
32
13400
78
13602
69
13801
32
14057
83
14229
79
14397
78
14569
79
14767
32
16458
67
16655
65
16865
78
17067
67
17592
69
17768
76
17940
76
18111
65
18425
84
20157
8
21365
8
21579
8
22227
79
22406
78
22594
79
22765
32
23361
65
23489
78
23623
68
23817
65
24020
84
24833
73
24978
32
25273
86
27408
73
27625
65
27813
32
28226
68
28440
65
28616
76
28763
76
28897
65
29096
32
29383
77
29547
69
29661
78
29819
84
30051
69
30461
190
30621
190
30804
190
31133
8
31316
8
31934
13
32891
77
33079
65
33232
32
33553
81
33706
85
33828
65
33992
78
34205
84
34500
69
34706
32
34878
67
35095
65
35387
86
35531
79
35719
76
35841
65
36043
84
36237
69
36350
32
36677
67
36810
72
36920
69
37017
32
37582
72
37747
79
37884
32
38052
83
38223
67
38464
82
38644
73
38778
84
38918
84
39032
79
39148
32
39285
65
39405
78
39538
67
39655
72
39775
69
39873
32
40103
79
40308
71
40445
71
40609
73
40921
49
