02856
77
03017
65
03165
32
03540
81
03727
85
03875
65
04024
78
04210
84
04888
73
05052
32
05296
67
06346
190
06518
190
06731
190
07217
32
07922
8
08339
190
08587
32
08893
68
09045
73
09194
32
11391
8
15313
70
15500
79
15667
82
15816
77
15976
32
16343
68
16810
69
17058
86
17233
79
17370
32
17522
65
17650
78
17765
67
17975
79
18158
82
18330
65
18473
32
18703
67
18890
79
19180
77
19440
80
19662
73
19856
76
20016
65
20218
82
20385
69
20796
191
20949
32
22039
70
22250
79
22345
82
22555
83
22772
69
22894
32
23034
81
23183
85
23316
69
23526
83
23705
84
23830
79
23955
32
24150
69
24421
192
24650
32
25105
76
25603
222
25920
85
26122
76
26255
84
26534
73
26733
77
27096
79
27520
188
27669
32
28024
78
28587
79
28755
78
28957
32
29197
77
29376
73
29529
32
29789
82
30140
73
30350
67
30529
79
30655
82
30872
68
31005
79
31157
32
31390
77
31631
73
31867
78
32066
73
32360
77
32685
65
33059
77
33223
69
33375
78
33539
84
33749
69
35651
32
36006
81
36162
85
36341
65
36513
78
36726
84
36898
73
37077
32
37383
67
37761
8
38029
78
38184
69
38295
32
38551
72
38737
79
38917
32
39280
71
39409
73
39580
65
39809
192
40046
32
40336
67
40457
79
40626
77
40851
80
41022
73
41247
76
41380
65
41579
84
41746
73
43007
188
43148
32
43622
65
43744
32
43938
77
44133
69
44258
32
44422
83
44616
69
44903
77
45159
66
45261
82
45479
65
45596
32
45913
85
46131
78
46348
32
46865
78
47086
85
47304
77
47452
69
47612
82
47734
79
47943
32
48675
69
48939
78
49160
79
49381
82
49683
77
49954
69
50310
190
50470
190
50653
190
50832
32
52892
83
53072
80
53181
69
53381
82
53537
73
53662
65
53818
77
54055
79
54226
32
54440
83
54738
80
55009
69
55219
82
55390
73
55539
65
55675
77
55954
79
56183
32
56374
83
56572
80
56766
69
56976
82
57159
73
57331
65
57560
77
57804
79
58451
190
59099
13
61584
78
61749
79
61947
78
62119
32
62532
67
62868
72
63040
69
63211
32
63406
77
63589
73
63741
32
63905
83
64322
8
64543
68
64784
73
65373
83
65760
80
65962
73
66356
65
66857
86
67355
8
67526
67
67740
67
67949
73
68259
65
68446
32
68732
67
68889
79
69102
77
69347
80
69560
73
69800
76
70002
65
70178
82
70345
69
72646
32
73105
8
73729
32
74169
69
74333
32
74476
68
74688
65
74859
82
75004
69
75121
32
75300
85
75510
78
75658
65
75790
32
76247
77
76396
65
76523
78
76727
79
76906
32
77162
65
77433
68
77662
32
78114
85
78339
78
78514
32
78739
67
78845
79
79101
76
79269
76
79391
69
79646
71
79860
65
80093
32
80257
77
80397
65
80519
32
80729
67
81338
69
81536
82
81742
84
81917
79
82480
69
82763
192
83038
32
83432
72
84493
8
84641
67
84886
72
85049
69
85213
32
85580
83
85782
69
86199
32
86831
81
87018
85
87182
69
87384
83
87555
84
87773
79
87990
32
90260
70
90424
79
90580
82
91200
77
91379
32
91639
70
91895
79
92224
83
92403
83
92597
69
92734
32
92940
85
93161
78
93287
32
93496
80
93706
79
94257
222
94467
32
94930
80
95144
73
95361
85
95517
192
95716
32
95964
67
96097
79
96284
82
98097
84
98314
79
98513
32
99359
78
99546
69
99794
83
99993
83
00141
85
00343
78
00507
79
00659
32
00850
68
00975
73
01196
82
01855
8
02165
8
02386
8
03685
67
04083
82
04239
69
04426
68
04551
79
04688
32
04846
67
04981
72
05126
69
05243
32
05538
80
05855
82
06640
79
07759
84
07996
69
08225
83
08427
84
08614
69
08808
82
09003
69
09278
66
09430
66
09617
69
10832
188
11034
32
11251
78
11426
79
11594
78
11781
32
12301
80
12454
69
12617
78
12739
83
12980
65
13358
84
13533
69
13973
32
14248
67
14366
72
14495
69
14609
32
14781
83
14906
73
15077
65
15203
32
15412
67
15553
79
15675
83
15873
73
16148
192
16846
191
17249
32
19765
13
20224
67
20409
79
20592
77
20855
85
21146
78
21501
81
21696
85
21836
69
21989
32
22298
79
22508
71
22656
71
22813
73
23007
32
23209
78
23400
79
23571
78
23750
32
23933
72
24105
79
24264
32
24547
76
24738
69
25128
90
25303
73
25463
79
25658
78
25871
69
26039
32
26356
69
26539
32
26829
81
27031
85
27214
73
27405
78
27573
68
27697
73
27973
32
28329
78
28500
79
28660
78
28843
32
29053
80
29251
79
29492
83
29686
83
29781
79
29948
32
30315
82
30471
65
30731
67
30926
67
31070
79
31249
78
31451
68
31895
8
32217
84
32491
65
32809
82
32991
69
33163
32
34336
67
34511
79
34713
77
34846
69
34998
32
35197
83
35414
79
35604
78
35876
79
36128
32
36418
65
36558
78
36953
84
37366
8
37507
68
37747
65
37899
84
38064
69
38665
190
38844
32
39239
76
39707
222
39906
65
40165
86
40425
82
40638
79
40990
192
41196
32
41402
68
41539
79
41779
77
41962
65
42075
78
42267
73
42454
32
42541
69
42965
32
43160
83
43362
69
43595
32
43812
82
43968
73
44105
69
44357
83
44544
67
44811
79
45013
32
45266
65
46112
8
46376
79
46578
82
46765
65
46889
32
47123
65
47256
32
47669
76
47833
65
48001
86
48149
79
48297
82
48511
65
48728
82
48892
69
49021
32
49223
80
49510
82
49681
73
49849
77
50020
65
50106
32
50271
67
50396
72
50545
69
50636
32
51264
81
51466
85
51687
65
51931
76
52226
67
52413
85
52622
78
52824
79
53011
32
53213
73
53442
78
53725
86
54104
8
54260
67
54477
79
54656
77
54885
73
55325
78
55650
67
55768
73
55908
32
56057
65
56194
32
56411
68
56644
73
57096
83
57359
84
57573
82
57759
85
58123
82
58551
66
58765
65
58964
82
59277
77
59510
73
59650
32
62196
67
62394
69
62593
82
62818
67
62997
72
63134
69
63359
82
63515
79
63725
192
63904
32
64121
68
64270
73
64441
32
65188
77
65290
69
65531
84
65687
84
65862
69
66038
82
66224
69
66484
32
66717
79
66919
78
67336
109
67622
76
67836
73
68038
78
68194
69
68335
32
68525
73
68697
32
68864
76
69082
85
69936
67
70161
73
70329
68
70643
73
70887
32
71841
80
71938
69
72149
82
72347
32
72707
68
72901
79
73145
77
73355
65
73464
78
73767
73
75282
190
75511
32
79439
67
79650
72
80320
73
80603
68
80997
8
81168
83
81359
83
81600
65
81809
32
81996
83
82202
69
82496
32
82952
82
83127
73
83245
69
83562
83
83799
67
83939
79
84172
78
84620
79
88804
32
89370
65
89764
32
90308
67
90579
65
91146
80
91348
73
91581
82
91744
69
91881
32
92145
65
92558
8
94264
69
94489
32
94795
82
94989
73
95229
67
95777
79
95948
78
96108
79
96287
83
96482
67
96661
69
96829
82
96996
69
97133
32
97324
76
97440
69
97602
32
97842
80
98033
69
98212
82
98487
83
98693
79
98918
78
99124
69
99349
32
99486
68
99765
65
99917
32
00510
84
00678
69
00914
83
01232
84
01407
73
01544
32
01792
67
01936
79
02115
77
02310
80
02792
76
03033
69
03285
84
03533
65
03935
77
04114
69
04308
78
04386
84
04563
69
04730
32
04867
68
05019
73
05391
86
05604
69
05775
82
05993
83
06176
73
06439
190
06626
32
07243
69
07470
32
07745
80
08016
79
08215
73
08440
32
08738
67
08932
79
09088
83
09367
65
09531
32
09795
78
09958
69
10141
32
10428
70
10668
65
10832
82
11069
65
11328
78
11446
78
11648
79
12135
191
12492
32
13624
67
13754
72
13923
73
14054
69
14273
68
14467
69
14631
82
14879
65
15151
78
15303
78
15482
79
15630
32
15921
65
16533
8
17821
68
17962
73
18145
32
18328
83
18599
67
18847
82
19080
73
19259
86
19472
69
19632
82
19800
69
19968
32
20243
80
20429
65
20674
83
20899
83
21351
87
21618
79
21782
82
22003
68
22236
32
22599
76
23377
85
23621
78
23931
71
24087
72
24296
73
24468
83
24670
83
24987
73
25228
77
25503
69
26082
191
26255
32
26960
8
27177
8
27448
32
27616
69
27749
32
28297
67
28491
69
28670
82
28903
67
29013
72
29180
69
29359
82
29907
65
30109
78
30261
78
30437
79
30562
32
30711
68
30828
73
30977
32
31666
82
31864
73
32089
67
32330
79
32494
78
32692
79
32856
83
33081
67
33306
69
33489
82
33730
76
33905
69
34645
191
34814
32
35688
77
35865
65
36021
72
36404
188
36583
32
38423
67
38587
72
38766
73
38960
32
39151
86
39288
73
39548
86
39957
82
40171
65
40415
192
40636
32
40800
68
41371
8
41557
86
41767
69
41977
68
42213
82
42446
65
42706
192
43856
49
