93528
83
93728
67
94019
72
94119
69
94309
68
94459
65
94590
32
94780
80
94860
69
95020
82
95100
32
95251
76
95331
65
95451
32
95771
70
95901
79
95982
82
96122
77
96242
65
96412
90
96582
73
96743
79
96913
78
97043
69
97153
32
97744
68
97884
73
98065
32
98245
66
98335
65
98505
83
98655
69
98766
32
98876
83
99036
69
99196
82
99397
65
99507
76
99607
69
01880
190
02331
32
02451
16
02651
65
03352
78
03472
67
03583
71
03683
69
04233
8
04944
8
05355
72
05475
69
05615
32
07558
81
07728
85
07819
69
07999
83
08189
84
08379
65
08530
32
08610
83
08780
67
08960
72
09050
69
09241
68
09401
65
09531
32
09631
69
09952
219
10162
32
10583
82
10823
73
10993
86
11103
79
11244
76
11324
84
11534
65
11784
32
11915
65
12045
32
12195
67
12455
72
12676
73
14348
32
14488
65
14578
32
14719
67
14829
79
14959
76
15099
79
15229
82
15379
79
15630
32
16371
67
16541
72
16661
69
16771
32
17082
78
17212
69
17322
76
17483
32
17573
84
17753
82
17883
73
18033
69
18484
78
18604
78
18814
73
18995
79
19235
77
20847
32
21328
8
21468
8
21899
32
22099
50
22440
48
22570
48
22670
50
23000
16
23201
55
23451
50
23721
48
23842
48
23962
50
24342
32
25073
78
25314
79
25514
78
25674
32
26075
72
26215
65
26505
78
26636
78
26826
79
27086
32
28138
77
28288
65
28408
73
28588
32
28739
70
28909
82
29079
69
29370
81
29560
85
29650
87
29670
69
29800
78
29890
84
30101
65
30311
84
30461
79
31443
8
31583
8
31713
8
31893
8
32053
8
32224
8
32394
8
32554
69
33155
78
33245
84
33415
65
33636
84
33826
79
34046
32
37992
32
38483
85
38683
78
38833
32
39023
67
39174
79
39264
82
39454
83
39634
79
39825
32
39945
68
40055
73
40245
32
40436
76
40616
73
40806
78
41056
71
41187
85
41287
69
41467
32
42488
79
42609
82
42829
71
43049
65
43230
78
43390
73
43680
90
43820
90
44011
65
44271
84
44501
79
44762
32
46745
68
46945
65
47185
76
47315
76
47436
65
47536
32
47626
83
47776
69
47976
90
48147
73
48297
79
48487
78
48627
69
48727
32
50149
70
50250
79
50330
82
50470
77
50560
65
50730
90
50901
73
51061
79
51241
78
51381
69
51531
32
52553
69
52693
32
53004
67
53104
72
53234
69
53324
32
53645
81
53805
85
53975
73
54165
78
54305
68
54466
73
54786
32
56048
68
56148
73
56258
82
56459
73
56559
84
56839
79
56969
79
57200
32
58011
65
58221
68
58361
32
58451
65
58732
67
58872
67
59052
69
59202
68
59363
69
59523
82
59673
69
59863
32
61616
65
61806
68
61966
32
62197
85
62377
78
62567
32
63609
80
63699
69
63859
82
64049
67
64170
79
64290
82
64470
83
64650
79
64891
32
66603
70
66713
79
66793
82
66934
77
67024
65
67244
84
67354
73
67464
86
67665
79
68756
32
69037
73
69237
78
69387
32
69527
77
69658
65
69868
84
70058
69
70208
82
70339
73
70449
65
70879
32
71670
68
71811
69
72001
76
72141
76
72291
65
72422
32
72532
68
72862
85
72962
82
73163
65
73353
84
73573
65
74494
32
74795
68
74935
73
75105
32
75236
49
75506
48
75646
48
75856
32
76047
79
76147
82
76317
69
76477
32
77349
69
77509
32
77619
67
77739
72
77839
69
78010
32
80513
188
80653
32
80854
80
80924
69
81084
82
81194
32
81294
69
81495
83
81645
73
81885
71
82065
69
82206
78
82286
90
82476
69
82716
32
84919
68
85070
73
85250
32
85360
83
85530
69
85681
82
85881
86
86051
73
86151
90
86251
73
86412
79
87713
32
88394
8
89676
32
89867
78
90067
79
90257
78
90397
32
90618
80
90818
79
91098
83
91239
83
91369
79
91559
78
91759
79
92050
32
93011
83
93181
69
93562
71
93762
85
93902
73
94013
82
94163
69
94243
32
94393
67
94533
79
94623
82
94824
83
95024
73
95324
32
00602
73
00762
32
00862
67
01003
79
01093
82
01293
83
01463
73
01634
32
01824
73
01994
78
02134
32
02304
79
02425
82
02625
65
02825
82
02945
73
03106
79
03306
32
03476
68
03737
219
04087
85
04448
70
04598
70
04798
67
04918
73
05068
79
06591
190
06771
32
07001
16
07161
69
07612
219
07832
32
07993
78
08093
65
08343
84
08503
85
08644
82
08854
65
09004
76
09104
69
09264
32
10576
67
10727
72
10817
69
10967
32
11788
65
11928
78
12028
67
12169
72
12249
69
12429
32
13661
67
13851
72
14041
73
14222
32
14752
72
14973
65
15313
32
16054
71
16184
73
16285
65
16485
219
16976
32
17256
70
17426
82
17596
69
17907
81
18087
85
18167
87
18307
78
18398
84
18598
65
18818
84
18988
79
19730
32
20060
85
20250
78
20400
32
20611
77
20821
79
21031
68
21302
85
21502
76
21672
79
21873
32
22073
73
22243
78
22393
32
22594
79
22694
82
22884
65
23094
82
23245
73
23425
79
23665
32
25468
83
25638
69
25808
82
26019
65
26149
76
26259
69
28332
8
28502
8
28903
8
29093
8
29263
8
29604
8
30185
68
30375
73
30555
32
30745
76
30846
65
31066
86
31196
79
31276
82
31426
79
32818
32
33269
80
33539
85
34030
79
34391
219
34621
32
34811
67
34991
72
35182
73
35262
69
35432
68
35602
69
35753
82
35923
69
36544
32
36894
68
37064
73
37245
32
37545
70
37735
69
38456
8
38597
82
38757
69
39017
81
39248
85
39328
69
39498
78
39598
84
39818
65
40039
82
40199
69
40920
32
41260
85
41641
8
42833
73
43013
76
43183
32
43273
83
43434
69
43624
67
43814
79
44014
78
44135
68
44265
79
44445
32
44675
77
44886
79
45096
68
45356
85
45557
76
45717
79
46768
32
47509
73
47710
78
47840
32
48040
79
48110
82
48301
65
48501
82
48641
73
48801
79
48982
32
49062
83
49232
69
49412
82
49613
65
49733
76
49833
69
50804
32
51165
83
51335
67
51716
8
51956
80
52066
69
52256
67
52407
73
52667
70
52787
73
52907
67
53087
65
53228
78
53348
68
53678
79
54790
32
55080
84
55281
65
55431
76
55531
69
55661
32
55771
69
55962
83
56232
73
56412
71
56583
69
56713
78
56823
90
57033
65
59006
32
59527
78
59647
69
59927
76
60078
76
60178
65
60298
32
60398
83
60568
67
60789
72
60909
69
61109
68
61289
65
61429
32
61830
68
61990
73
62151
32
62341
73
62451
83
62631
67
62801
82
62922
73
63032
90
63172
73
63322
79
63482
78
63603
69
65666
188
66517
8
66797
190
67018
32
67288
16
67628
68
67979
65
68149
76
68349
32
68530
77
68710
79
68890
77
69030
69
69131
78
69261
84
69531
79
70442
32
70843
67
70953
72
71053
69
71153
32
71364
80
71444
69
71594
82
71704
32
71885
79
71995
84
72015
82
72335
8
72485
82
73216
8
73397
8
73567
82
73777
71
73988
65
74388
78
74608
73
74919
90
75079
90
75239
65
75450
82
75620
69
75800
32
77102
73
77282
32
77412
67
77523
79
77623
82
77823
83
78033
73
79185
32
79455
79
79856
67
79986
67
80156
79
80407
82
80547
82
80697
69
81238
32
81809
67
81979
73
82169
32
82289
83
82400
73
82520
65
82650
32
84192
65
84443
68
84623
69
84833
71
84953
85
85053
65
85274
84
85484
65
86275
32
86746
69
86916
32
87267
79
87437
77
87617
79
87817
71
87998
69
88098
78
88218
69
88689
65
89510
32
90081
82
90191
73
90291
67
90601
72
90762
73
90872
69
91052
83
91252
84
91463
65
92815
188
92995
32
93185
78
93405
79
93596
78
93726
32
93876
69
94116
219
94377
32
95529
71
95729
65
95939
82
96119
65
96260
78
96380
84
96500
73
96690
84
96931
65
98212
32
98503
76
98733
219
98923
65
99334
84
99484
84
99624
73
99735
86
99945
65
00105
90
00275
73
00436
79
00616
78
00716
69
01788
32
02268
68
02428
73
02609
32
03180
81
03380
85
03460
69
03650
83
03871
84
04011
79
04181
32
04281
67
04411
79
04491
82
04692
83
04952
79
06825
188
06975
32
07195
73
07366
78
07506
32
07666
84
07876
65
07996
76
08157
32
08247
67
08417
65
08577
83
08728
79
10400
32
10590
65
10720
32
10891
67
11151
72
11391
73
11652
32
12703
72
12833
65
12924
32
13154
80
13284
82
13444
69
13615
83
13945
69
14215
78
14306
84
14516
65
14726
84
14886
79
16128
32
16829
81
17080
89
17480
8
17750
73
17771
85
17851
69
18021
83
18221
84
18411
79
19493
32
19984
84
20244
73
20414
80
20585
79
21346
32
21536
68
21666
73
21846
32
22077
68
22247
79
22447
77
22587
65
22678
78
22868
68
23078
65
24230
32
26954
190
27094
190
27234
190
27364
190
