52115
76
52215
65
52345
32
52545
84
52736
69
53156
79
53246
82
53376
73
53467
65
53667
32
54328
68
54468
69
54598
73
54758
32
54879
71
54989
73
55139
79
55329
67
55540
72
55760
73
55930
32
56140
79
56301
32
56661
84
56841
69
57102
79
57222
82
57332
73
57462
65
57582
32
57703
68
57853
69
58013
76
58123
76
58223
69
58354
32
59565
68
59716
69
59956
67
60096
73
60176
83
60266
73
60397
79
60537
78
60687
73
60827
32
60997
73
61128
78
61288
84
61488
69
61628
82
61799
65
62019
84
62159
84
62279
73
62379
86
62540
69
64162
188
64292
32
64452
83
64573
73
64723
32
64933
80
65143
82
65274
79
65424
80
65564
79
65754
78
65975
69
66075
32
66215
68
66285
73
66445
32
66525
83
66736
84
67026
85
67236
68
67347
73
67457
65
67667
82
67807
69
68949
32
69430
84
69630
85
69950
84
70090
84
70261
69
70391
32
70581
81
70751
85
70852
69
71112
76
71232
76
71342
69
71462
32
71563
83
71673
73
71853
84
72003
85
72123
65
72304
90
72424
73
72574
79
72724
78
72864
73
74206
32
75108
73
75298
78
75428
32
75608
67
75819
85
76009
73
76229
32
76450
80
76650
73
76820
85
77181
219
77371
32
77551
80
77651
69
77802
82
77962
79
77982
83
78162
78
78262
69
78392
32
79314
8
79424
8
79574
8
79724
8
79885
8
80095
83
80726
79
80906
78
81016
69
81116
32
81277
73
81477
78
81837
84
82008
69
82178
82
82348
65
82568
71
82699
73
82789
83
82959
67
83129
79
83309
78
83510
79
85743
188
85883
32
86013
65
86254
86
86424
69
86574
78
86774
79
86945
32
87045
83
87225
67
87405
79
87556
80
87736
73
87926
32
88106
68
88186
73
88467
70
88607
70
88797
69
88968
82
89088
69
89238
78
89328
84
89548
73
91181
32
91321
69
91411
32
91601
76
91732
69
91822
32
91992
67
92212
85
92373
73
92543
32
92683
65
92863
90
92963
73
93104
79
93274
78
93444
73
94546
32
94976
72
95086
65
95287
78
95407
78
95567
79
95747
32
95908
67
96018
79
96198
78
96298
83
96468
69
96659
70
97059
8
97209
71
97350
73
97440
69
97850
8
98952
8
99573
85
99663
69
99783
78
99863
90
00064
69
02127
32
02848
83
03028
85
03248
76
03408
32
03549
82
03659
85
03749
83
04680
8
05051
8
05632
73
05762
83
05902
85
06082
76
06202
84
06393
65
06603
84
06743
79
06913
32
07094
79
07384
84
07514
84
07685
69
07805
78
07975
85
08085
84
08255
79
12081
32
12261
68
12431
65
12542
32
12752
75
12772
76
13313
8
14154
8
14975
79
15406
71
16677
78
16858
85
17028
78
17238
79
17258
73
17679
8
19221
190
19522
32
25190
16
25410
69
25690
83
25841
65
26101
84
26241
84
26462
65
27343
77
27423
69
27553
78
27653
84
27834
69
27964
32
28104
67
28244
79
28414
77
28535
69
28635
32
28795
73
28965
78
29095
32
29296
85
29466
78
29606
32
29876
71
29987
73
30137
79
30337
67
30547
79
94970
188
95090
32
95301
73
95491
76
95641
32
95821
67
95981
85
96152
73
96352
32
96672
82
96873
85
97043
83
97444
8
97744
8
98395
73
98946
73
99446
8
99607
83
00107
85
00288
76
00468
84
00648
65
00889
84
00979
79
01139
32
01249
70
01359
73
01519
65
01539
78
01720
76
01800
69
01940
32
02301
78
02511
79
02681
78
02831
32
03022
68
03132
73
03482
69
04404
8
04904
80
05035
69
05175
78
05285
68
05445
69
05595
32
05906
83
06046
79
06196
76
06346
79
06517
32
06677
68
06847
65
06977
76
07097
76
07188
69
07318
32
07478
77
07648
79
07819
83
07959
83
08139
69
08550
32
08690
68
08830
73
09050
32
09261
85
09441
78
09601
32
09972
8
10853
32
11133
71
11324
73
11464
79
11604
67
11784
65
11995
84
12165
79
12315
82
12465
69
17222
188
17362
32
17512
77
17633
65
17723
32
17963
65
18594
78
18734
67
18834
72
18934
69
19045
32
19165
68
19345
65
19475
32
19605
81
19746
85
19866
69
20086
76
20196
76
20296
69
20437
32
20907
68
21068
69
21258
71
21378
76
21538
73
21708
32
21829
65
21899
76
22049
84
22199
82
22299
73
23341
190
23531
13
30251
16
30461
86
30812
85
31192
79
31533
76
31713
68
31903
32
32234
8
32364
8
32494
69
32774
32
33155
69
33355
83
33495
83
33656
69
33806
82
33956
69
34066
32
34457
81
34627
85
35899
73
36059
78
36239
73
36430
32
36620
73
36790
78
36960
32
37161
65
37511
8
37681
8
38222
8
38372
8
38913
8
39033
8
40015
68
40105
73
40265
32
40435
85
40576
78
40706
65
40796
32
40966
84
41126
69
41277
82
41417
73
41507
65
41847
8
42398
8
42679
8
43310
79
43420
82
43540
73
43650
65
43750
32
44181
78
44281
69
44471
76
44571
76
44762
219
44912
65
45192
77
45403
66
45593
73
45763
84
45893
79
46064
32
46174
68
46304
69
46444
76
46564
76
46644
69
46785
32
47315
68
47425
73
47516
83
47706
67
47906
73
48096
80
48257
79
48397
76
48547
73
48697
78
48827
69
49188
8
49308
8
49448
8
49599
8
49809
8
50520
80
50690
76
50860
73
51041
78
51181
69
51271
32
51481
85
52002
77
52142
65
52232
78
52463
73
52603
83
52863
84
52983
73
53094
67
53234
74
53254
72
53334
69
53965
8
54095
8
54245
8
54786
72
54896
69
54996
32
55227
67
55397
72
55487
69
55637
32
55868
80
56138
85
56338
79
56659
219
56869
32
57019
83
57159
80
57380
73
57530
69
58021
65
58241
82
58391
69
58561
32
59082
8
59222
8
59353
8
59533
8
60184
70
60494
8
60604
71
60805
65
60995
82
61135
69
61305
32
73413
37
73914
37
73944
37
73984
37
74014
37
74044
37
74084
37
74114
37
74144
37
75045
79
75286
83
75416
83
75586
69
75766
82
75987
86
76187
65
76387
82
76527
69
76627
32
76768
69
76908
32
77018
69
78420
32
78670
39
78801
39
78931
39
79071
39
79201
39
79321
39
79431
39
79542
39
79622
39
80343
73
80503
32
80673
67
80844
79
81024
77
81194
80
81334
79
81545
82
81715
84
81905
65
82015
77
82125
69
82226
78
82316
84
82446
79
82626
32
82806
68
82957
69
83157
71
83287
76
83467
73
83638
32
83808
73
83958
78
84088
68
84178
73
84449
86
84599
73
84919
68
85110
85
85250
73
90828
188
90958
32
91138
68
91309
65
91479
76
91579
76
91729
219
91960
65
92080
76
92260
84
92430
82
92640
65
92781
32
92891
83
93011
73
93171
32
93362
80
93972
82
94293
79
94543
80
94703
79
94904
78
95034
69
97317
32
99040
68
99130
73
99300
32
99440
83
99580
85
00081
71
00211
71
00392
69
00572
82
00752
73
00922
82
01093
69
01263
32
01603
67
01754
79
01924
77
02084
80
02224
79
02384
82
02555
84
02765
65
02885
77
02995
69
03086
78
03196
84
03336
73
03526
32
03706
79
03977
84
04117
84
04237
73
04407
78
04768
8
05028
77
05189
65
05269
76
05439
73
09044
188
09174
32
09284
65
09475
68
09595
32
09675
69
09845
83
09995
69
10156
77
10336
80
10516
73
10666
79
10847
32
11037
73
11197
78
11347
32
11518
67
11708
65
11798
77
11968
80
12108
79
12329
32
12559
80
12699
79
12830
76
12980
73
13140
84
13250
73
13390
67
13490
79
13510
73
13961
8
15023
188
15163
32
15293
69
15473
67
15684
79
15794
78
15974
79
16144
77
16335
73
16535
67
16655
79
17586
188
17717
32
17847
69
18037
84
18217
67
18568
190
20871
32
58615
76
58726
69
58866
32
59246
80
59376
82
59537
73
59747
77
59867
69
60007
32
60408
8
60909
8
60939
8
60969
8
61009
8
61039
8
61069
8
61099
8
61279
8
62170
16
62331
65
63032
78
63212
67
63302
71
63412
69
63522
32
64394
8
64534
8
64654
8
65195
72
65285
69
65405
32
65495
83
65645
69
65786
32
65916
67
66537
219
66717
69
66837
219
67057
32
67228
67
67508
72
67728
73
67909
32
68089
86
68209
73
68369
32
68550
84
68720
82
68830
73
69010
86
69251
8
69872
8
70372
79
70492
86
70703
65
70833
32
71133
71
71254
73
71344
65
71614
219
71814
32
71985
84
72155
82
72355
65
72585
67
72716
67
72826
73
72936
65
73106
32
73467
78
73537
69
73727
76
05202
32
05363
16
05503
84
05733
65
06114
76
06554
77
06825
85
07015
68
07135
32
07406
76
07506
69
07606
32
07776
80
07906
82
08066
73
08237
78
08337
69
08497
32
08908
8
09048
8
09188
8
09769
77
09869
69
09959
32
10280
84
10470
69
11111
79
11291
82
11401
73
11702
90
11862
90
11992
65
12152
90
12273
73
12393
79
12563
78
12733
73
12974
32
14115
83
14235
79
14566
78
14776
79
14946
32
15067
68
15177
73
15357
32
18912
16
19162
86
19563
79
19793
78
19913
32
20064
16
20174
78
20414
69
20554
85
20865
77
22958
65
23378
78
23489
78
25021
189
25301
16
25471
77
25712
79
25872
78
26263
71
26443
69
26593
82
26763
83
26974
84
27124
69
27324
78
32832
37
32992
37
33112
37
33263
37
33413
37
33543
37
33673
37
33803
37
34575
82
34675
46
35195
39
35406
39
35516
39
35756
37
36207
46
36708
39
36848
39
37248
39
37949
82
38761
39
39261
32
39442
65
39812
67
40123
85
40343
73
40543
32
41414
8
41565
8
41705
8
41895
8
42266
32
42546
67
42806
85
42977
73
43147
32
43277
83
43377
73
43578
32
43738
68
43878
69
44068
86
45370
79
45560
78
45751
79
45921
32
46041
65
46341
71
46482
71
46752
73
46962
85
47133
78
47383
71
47553
69
47723
82
47864
69
48034
32
48204
76
48304
69
48414
32
48605
73
48755
78
48935
84
49246
85
49406
73
49786
90
49927
73
50077
79
50247
78
50437
73
51108
32
51319
68
51449
73
51619
32
51769
16
51899
78
52090
65
52300
83
52741
72
53061
32
53822
67
53942
72
54033
69
54163
32
54333
72
54413
65
54824
78
54954
78
55154
79
55435
32
55765
83
56216
71
56446
82
56686
69
57357
84
57538
73
58008
8
59150
79
59270
76
59370
65
59601
84
59711
79
59891
32
61023
67
61193
79
61383
78
62054
86
62184
73
62635
78
62795
90
62905
73
63046
79
63206
78
63366
73
63927
32
64107
83
64287
67
64468
73
64538
69
64668
78
64798
84
64928
73
65369
70
65479
73
65569
67
65689
72
65789
69
66130
32
72289
86
72469
69
72749
67
72880
67
73060
72
73230
73
73360
69
75624
8
75764
8
75904
8
76044
8
76194
8
76355
8
76735
8
80821
68
80981
69
81172
82
81302
73
81442
86
81652
65
81863
84
82023
69
82183
32
82313
68
82534
65
83355
32
83585
16
83795
65
84346
190
84526
32
84687
16
84877
83
85408
77
85578
73
85778
84
85989
72
92418
37
92918
37
92949
37
92989
37
93019
37
93049
37
93079
37
93119
37
93149
37
93179
37
93209
37
93249
37
93279
37
93309
37
93339
37
93379
37
93409
37
93439
37
93479
37
93509
37
93539
37
93569
37
93609
37
93640
37
93670
37
93700
37
93740
37
93770
37
93800
37
93830
37
93870
37
93900
37
93930
37
93960
37
94000
37
94030
37
94060
37
94100
37
94130
37
94160
37
94190
37
94230
37
94260
37
94290
37
94330
37
94361
37
94391
37
94421
37
94591
38
94921
40
95222
39
95362
39
95933
32
96193
76
96313
69
97265
38
97765
38
97795
38
97836
38
97866
38
97896
38
97936
38
97966
38
97996
38
98026
38
98066
38
98096
38
98126
38
98156
38
98196
38
98226
38
98256
38
98286
38
98326
38
98356
38
98386
38
98416
38
98456
38
