98969
73
99149
78
99320
70
99420
79
99500
82
99620
77
99710
65
99911
84
00001
73
00121
67
00301
65
00531
32
00662
65
00942
70
01082
70
01242
69
01443
84
01573
84
01693
73
01803
86
01984
65
03976
190
04137
32
17476
16
17626
71
17846
82
18037
65
18187
90
18307
73
18397
69
18848
37
19349
37
19379
37
19409
37
19439
37
19479
37
19509
37
19539
37
19569
37
19609
37
19639
37
19669
37
19709
37
19739
37
19769
37
19799
37
19839
37
19869
37
19899
37
19939
37
19969
37
19999
37
20030
37
20070
37
20100
37
20130
37
20170
37
20200
37
20230
37
20260
37
20300
37
20330
37
20360
37
20640
16
20931
73
21512
46
22032
39
22533
39
22573
39
22603
39
22633
39
22673
39
22703
39
22733
39
22763
39
22803
39
22834
39
22864
39
22904
39
22934
39
22964
39
22994
39
23034
39
23064
39
23094
39
23124
39
23164
39
23194
39
23224
39
23254
39
23294
39
23324
39
23354
39
23505
39
23635
39
24296
32
29073
65
29573
32
29974
78
30354
85
30595
79
30825
66
31276
8
32057
86
32247
69
32397
32
32527
83
32708
67
33008
79
33168
80
33279
69
33449
82
33619
84
33779
69
33929
32
34090
78
34170
69
34380
76
34500
76
34671
219
34791
65
35332
77
35562
66
35752
73
35912
84
36063
79
36233
32
36323
68
36463
69
36603
76
36724
76
36894
219
37134
16
37264
73
37455
78
37635
84
37805
69
38095
76
38216
76
38376
73
38536
71
38736
69
38867
78
38997
90
39147
65
39247
32
39357
65
39588
82
39748
84
39928
73
41570
70
42221
73
42392
67
42472
73
42592
65
42662
76
42782
69
42892
32
43123
83
43283
65
43463
82
43633
65
43814
219
44024
32
44214
80
44425
79
44745
83
44875
83
45015
73
45206
66
45306
73
45466
76
45506
69
45706
32
46257
65
46488
32
47008
66
47138
82
47279
69
47479
86
47649
69
47779
32
48060
67
48240
79
48430
77
48621
80
48761
82
48901
69
49051
78
49141
68
49292
69
49492
82
49642
69
49802
32
51024
32
51244
76
51385
79
51555
32
51645
83
51835
84
52016
65
52206
84
52326
79
52476
32
52596
68
52897
219
53097
65
53347
78
53568
73
53768
77
53968
79
55651
32
55781
68
55911
69
56061
76
56181
76
56282
65
56412
32
56983
80
57083
69
57223
82
57393
83
57553
79
57724
78
57804
65
57934
32
58475
67
58605
72
58685
69
58825
32
59176
83
59356
73
59446
69
59606
68
59757
69
59917
32
60968
68
61119
73
61279
32
61429
70
61669
82
61840
79
62030
78
62130
84
62300
69
62451
32
62781
65
63031
68
63622
32
64243
85
64433
78
64574
32
64794
77
65034
79
65245
78
65415
73
65555
84
65675
79
65775
82
67087
190
67287
32
80036
16
80186
83
80597
79
80797
78
80977
79
81157
32
81248
83
81448
84
81618
65
81838
84
81939
73
82109
32
82279
83
82519
84
82780
85
82990
68
83090
73
83190
65
83441
84
83571
73
83591
79
83761
32
83841
69
83981
32
84642
67
84823
65
85023
84
85203
65
85313
76
85454
79
85594
71
85804
65
86024
84
86155
73
86365
32
87797
37
88298
37
88338
37
88368
37
88398
37
88438
37
88468
37
88498
37
88528
37
88568
37
88598
37
88628
37
88668
37
88698
37
88728
37
89750
46
90281
39
90781
39
90811
39
90851
39
90881
39
90911
39
90941
39
90982
39
91012
39
91042
39
91082
39
91112
39
91142
39
91412
39
95628
49
95989
48
96119
48
96489
190
96720
48
96870
48
96970
48
97491
32
97811
86
97932
79
98072
76
98192
84
98352
73
98512
32
98713
85
99564
77
99694
65
99734
78
99914
73
00075
32
00956
73
01136
78
01266
32
01386
65
01557
90
01657
73
01817
79
01957
78
02037
69
02508
32
02648
16
02859
56
03189
73
03439
77
03550
77
03660
65
03880
71
04030
73
04221
78
04631
79
05072
32
05392
77
05492
69
05893
8
06053
8
06624
69
07345
8
07756
77
07836
69
08026
68
08106
73
08206
65
08326
78
08447
84
08627
69
08777
32
09528
76
09759
219
10149
85
10279
83
10409
79
10900
32
11311
68
11461
73
11621
32
11862
87
12012
69
12272
66
12442
32
13224
67
13384
65
13534
77
13664
32
13774
69
13874
32
14035
67
14205
65
14355
77
14545
80
14746
73
14876
79
15026
78
15126
65
15216
77
15317
69
15397
78
15507
84
15657
73
17239
16
17720
57
18812
32
19513
67
19703
73
19843
79
20574
219
20945
32
21435
72
21566
65
21666
32
22397
67
22537
79
22757
78
22887
83
23068
69
23178
78
23318
84
23799
73
24650
84
24780
79
24940
32
25111
76
25161
65
25341
32
28716
67
28966
79
29156
77
29327
80
29487
82
29637
69
29757
78
29867
83
30048
73
30198
79
30368
78
30498
69
30609
32
31249
69
31870
8
40573
69
41104
8
41224
8
42025
37
42516
37
42556
37
42586
37
42616
37
42656
37
42686
37
42716
37
42746
37
42786
37
42816
37
42846
37
42886
37
43547
32
43667
83
43858
67
44118
79
44268
77
44428
80
44579
79
44759
83
44899
73
45029
90
45109
73
45260
79
45430
78
45530
69
45650
32
46531
69
46832
39
47333
39
47363
39
47403
39
47433
39
47463
39
47503
39
47533
39
47563
39
47593
39
47633
39
47663
39
47693
39
47723
39
47763
39
47793
39
47823
39
47853
39
47893
39
47923
39
48294
39
48935
32
49075
68
49215
69
49355
76
49476
76
49576
69
49696
32
56305
8
56426
8
56556
8
56706
8
57387
73
57537
32
57707
77
58559
73
58739
78
58909
85
59069
83
59230
67
59440
79
59580
76
59750
73
59941
32
60612
77
60762
79
60982
86
61112
73
61263
69
61293
77
61433
78
61513
84
62104
8
62224
8
62374
8
62605
8
63105
77
63205
69
63306
78
63436
84
63616
73
68743
32
68864
68
69014
69
69134
73
69304
32
69464
77
69845
85
70115
83
70286
67
70466
79
70606
76
70736
73
70896
32
71047
70
71217
65
71407
67
71537
67
71638
73
71738
65
71808
76
71958
73
75303
190
76384
32
76565
16
76695
76
76905
69
77015
32
77185
65
77456
80
77586
80
77756
76
77776
75
78157
8
79148
73
79299
67
79489
65
79659
90
79779
73
79929
79
80090
78
80270
73
80520
32
84566
80
84756
79
85047
83
85177
83
85277
79
85437
77
85457
78
85648
79
85958
8
86098
8
86279
8
86929
78
87140
79
87350
32
89023
37
89523
37
89553
37
89593
37
89623
37
89653
37
89693
37
89724
37
89754
37
91106
32
91326
68
91476
69
92087
76
92197
76
92397
219
92708
73
93008
78
93138
78
93329
79
93619
86
93839
65
94010
90
94140
73
94300
79
94450
78
94580
69
95342
32
95492
86
95682
65
95892
78
96013
78
96193
79
96403
32
97004
68
97184
65
97354
76
97465
76
97565
65
97685
32
98286
80
98496
83
98686
73
98977
67
99077
79
99207
76
99327
79
99528
71
99648
73
99738
65
00419
32
01821
16
02121
56
02372
83
02542
69
02762
71
02993
78
03163
73
03343
32
03784
80
03894
82
04044
69
04194
77
04375
73
04405
79
04555
78
04815
8
05096
8
05797
8
07850
79
08070
78
08240
73
08400
84
08531
79
08611
82
08751
73
08931
32
09031
68
09161
69
09312
76
09442
76
09512
65
09662
32
10233
83
10403
67
10754
72
10934
73
11144
90
11375
79
11825
70
12086
69
12827
82
14008
8
14209
8
14579
82
15040
69
15691
78
15851
73
15961
65
16121
32
20047
83
20758
79
20948
78
21139
79
21329
32
21479
76
21589
65
21699
32
21890
68
22030
73
22270
83
22401
83
22491
79
22611
67
22711
73
22811
65
22971
90
23091
73
23232
79
23392
78
23482
69
23632
32
24524
84
24684
82
24894
65
25034
32
25154
69
25345
83
25625
80
25745
82
25916
69
26086
83
26406
83
26577
83
27748
8
28930
73
29080
79
29240
78
29381
69
29481
32
29611
69
29691
32
30152
83
30322
69
30512
78
30672
84
30863
73
31023
77
31123
69
31213
78
31323
84
31444
73
31474
79
31984
8
32515
8
33006
79
33226
16
33396
57
36300
32
36761
65
37032
76
37142
76
37272
65
37763
8
37903
8
38414
32
38594
77
38614
188
38684
65
38974
82
39555
8
39685
8
39836
8
40116
65
40777
82
40987
75
41308
69
42049
84
42309
73
42489
78
42660
71
43481
32
43871
16
44372
16
44402
16
44432
16
44472
16
44502
16
44532
16
44572
56
44993
68
45133
79
45263
86
45454
69
45564
32
45964
69
46896
219
47106
32
47326
80
47457
79
47737
83
47867
83
48017
73
48318
66
48448
73
48598
76
48678
69
48869
32
52273
86
52464
69
52644
82
52804
73
53015
70
53115
73
53225
67
53435
65
54216
82
54366
69
54477
32
54687
76
54787
69
54927
32
55658
73
55819
77
55949
80
56049
69
56219
82
56429
67
56590
69
56810
84
56950
84
57191
73
57431
66
57551
73
57691
76
59153
73
59324
32
59464
83
59624
69
59754
78
60165
83
60325
65
60485
90
60656
73
60806
79
61336
78
61347
73
62118
32
62488
65
62678
68
62819
32
63059
85
63249
78
63409
32
65502
8
65653
8
65813
8
65963
8
66143
8
66594
8
67245
65
67465
76
67595
76
67686
65
67826
32
68497
80
68637
82
68807
69
68967
83
69128
69
69278
78
69398
84
69618
65
69789
90
69949
73
70089
79
70249
78
70359
69
71091
32
71411
68
71571
73
71731
32
71942
85
72112
78
72252
32
72533
80
72673
82
72803
79
72943
68
73143
79
73384
84
73524
84
73644
79
74666
16
75166
16
75196
16
75236
16
75257
57
98139
188
98790
8
99852
188
00012
32
00773
8
00923
8
01634
190
01795
32
02055
16
02205
76
02456
219
02706
73
02866
78
03097
84
03287
82
03657
85
03848
83
03968
73
04108
79
04258
78
04378
69
04469
32
05600
78
05720
69
05941
76
06061
76
06141
65
06301
32
06902
80
07022
82
07112
79
07263
86
07443
65
07653
88
08084
8
08234
67
09125
89
09295
32
10387
80
10557
79
10768
84
10948
82
11108
69
11388
66
11509
66
11579
69
11719
32
12400
78
12620
79
12800
78
12931
32
13061
65
13281
86
13451
69
13622
82
13752
69
13872
32
14263
80
14473
73
14633
85
15034
219
15234
32
15454
76
15625
73
15785
77
15955
73
16135
84
16245
73
20361
190
20502
190
20622
190
23085
32
23205
16
23366
56
25889
83
25999
85
26150
78
26320
84
27632
79
27782
32
27892
65
28113
82
28303
84
28723
190
29214
32
29424
16
29745
82
29995
69
30306
80
30606
190
30756
16
30907
57
31698
46
32198
46
32238
46
32268
46
32299
46
32569
46
32719
46
32849
46
34722
40
34922
40
86496
40
86747
40
86887
40
86977
40
87087
40
87177
40
87278
40
87508
38
87658
38
87798
38
87949
38
88099
38
88319
40
88479
40
88620
40
88840
38
88960
38
89110
38
89250
38
89461
40
89611
40
89751
40
89891
40
90052
40
90272
38
90422
38
90582
38
91083
38
91113
38
91153
38
91183
38
91213
38
91253
38
91283
38
91313
38
91514
40
91634
40
91784
40
91934
40
92084
40
92235
40
92565
38
92826
39
93156
38
93426
39
93937
39
93967
39
93997
39
94037
39
94067
39
94097
39
94127
39
94167
39
94198
39
94228
39
94268
39
94298
39
94328
39
94358
39
94398
39
94428
39
94458
39
94488
39
94528
39
94558
39
94588
39
94618
39
94658
39
94688
39
94718
39
94758
39
94788
39
94818
39
94848
39
94889
39
94919
39
94949
39
94989
39
95019
39
95249
37
95800
46
96811
40
96921
40
97072
40
97312
38
97452
38
97592
38
97913
40
98043
40
98183
40
98333
40
00937
40
01097
40
01558
40
01708
40
01859
40
02009
40
02159
40
02419
38
02800
37
03311
37
03341
37
03371
37
03401
37
03441
37
03471
37
03501
37
03531
37
03571
37
03601
37
03631
37
03661
37
03701
37
03731
37
04683
73
04803
46
