88016
67
88246
78
88336
67
88477
79
88597
82
88787
83
88917
79
89318
8
89438
8
89578
8
89728
8
89889
8
90389
8
91070
79
91250
78
91381
67
91511
79
91611
82
91811
83
91992
79
92192
32
92873
80
92983
69
93143
82
93263
32
93394
68
93534
73
93694
82
93834
69
94075
84
94195
84
94325
79
94455
82
94615
69
94816
32
99713
37
99833
37
99963
37
00113
37
00263
37
00404
37
00534
37
00674
37
00824
37
00974
37
01685
73
01756
83
02006
84
02176
82
02336
85
02657
84
02837
79
02987
82
03148
69
04329
8
04469
8
04610
8
05781
84
05982
79
06112
82
06272
69
06392
32
07364
39
07484
39
07614
39
07764
39
07934
39
08385
39
09136
73
09326
86
09437
79
09607
32
09697
65
09867
77
09987
77
10148
79
10168
73
10558
8
11570
8
11830
73
11960
78
12110
73
12211
83
12431
84
12581
82
12781
65
13022
84
13112
73
13212
86
13322
79
14244
32
14454
16
14714
56
15005
68
15205
49
15435
16
15606
57
15846
32
16086
80
16206
82
16347
69
16537
83
16667
83
16797
79
16957
32
17108
76
17188
65
17298
32
17488
80
17558
82
17709
79
18119
86
18249
73
18410
78
18520
67
18640
73
18770
65
18900
32
19040
68
19141
73
19321
32
19511
84
19601
79
19721
82
19802
73
19932
78
20092
79
21354
46
21514
46
21624
46
22906
190
23106
32
23687
16
23857
79
24238
67
24358
67
24488
79
24749
82
24869
82
25029
69
25169
32
25329
80
25430
65
25660
71
25850
65
26041
82
26171
69
26261
32
26391
76
26511
65
26611
32
26772
84
27012
65
27242
83
27362
83
27513
65
27653
32
27743
67
27933
79
28103
78
28194
67
28324
79
28404
82
28594
83
28734
79
28915
32
29035
68
29125
73
29295
32
29576
53
29746
32
29976
69
30196
85
30217
73
30277
82
30447
79
31288
8
31408
8
31548
8
32279
82
32480
79
32950
190
33171
13
33982
16
34272
83
35985
85
36255
80
36375
69
36536
82
36736
65
36956
82
37096
69
37197
32
37367
76
37527
65
38538
32
38869
80
38999
82
39159
69
39330
83
39470
69
40682
76
40862
69
41493
90
41683
73
41833
79
41973
78
42074
69
42755
188
42885
32
43035
68
43165
73
43335
77
43516
79
43656
83
43866
84
44026
82
44217
65
44427
82
44577
69
44707
32
45669
67
45829
79
46009
78
46169
79
46270
83
46430
67
46600
69
46730
78
46850
90
47001
65
47131
32
47381
68
47511
73
47682
32
47852
85
48002
78
48092
65
48202
32
48443
76
48663
73
48843
78
49054
71
49164
73
49314
65
49424
32
49544
83
49785
84
49945
82
50135
65
50235
78
50396
73
50496
69
50656
82
50836
65
50966
32
51067
69
51227
32
51657
68
52258
73
52459
32
52629
82
52919
85
53170
68
53310
73
53480
77
53570
69
53700
78
53810
84
53951
79
53971
73
54161
32
54281
68
54371
73
54541
32
54742
57
54742
73
54902
78
55082
70
55152
79
55283
82
55373
77
55533
65
55783
84
55873
73
55974
67
56144
65
56745
37
57245
37
57275
37
57305
37
57346
37
57376
37
57406
37
57436
37
57466
37
57506
37
57536
37
57566
37
57606
37
57636
37
57666
37
57696
37
57736
37
58167
37
58637
46
59158
39
59649
39
59689
39
59719
39
59749
39
59789
39
60110
37
60590
46
61201
38
61522
39
62022
39
62052
39
62082
39
62112
39
62152
39
62182
39
62213
39
62243
39
62283
39
62313
39
62343
39
62373
39
62413
39
62443
39
62473
39
62513
39
62543
39
62573
39
62603
39
62643
39
62673
39
62703
39
62733
39
62773
39
62803
39
62833
39
62863
39
63444
39
63585
39
63735
39
63875
39
64095
37
64946
85
65057
46
65467
38
65698
39
65858
39
66008
39
67009
188
67580
46
68221
40
68522
40
68972
37
69894
190
70154
13
72567
16
72748
76
72928
65
73038
32
73238
80
73318
82
73439
79
73729
86
73929
65
74040
32
74140
83
74310
67
74490
82
74600
73
74821
84
74961
84
75191
65
75462
32
75762
67
76133
8
76423
69
76593
82
76994
8
77144
8
77655
86
77835
69
78005
82
78165
84
78326
69
78876
32
79017
83
79137
85
79387
16
79628
190
80529
32
80729
68
80889
73
81010
84
81160
73
81540
82
81691
82
81971
8
82932
8
83073
8
83213
8
83834
82
83964
73
84174
84
84304
84
84434
79
84605
32
86177
80
86307
82
86397
79
86548
86
86728
65
86978
84
87108
79
87819
16
88590
8
88721
8
88861
8
89011
8
89161
8
89772
73
89912
86
90103
65
90343
84
90463
79
90734
16
91014
188
91224
32
93417
65
93648
77
93748
77
93928
73
94068
78
94219
73
94309
83
94529
84
94689
82
94869
65
95090
84
95210
73
95330
86
95450
79
97223
188
97363
32
97573
79
97694
82
97874
68
98004
73
98164
78
98254
65
98385
77
98495
69
98595
78
98715
84
98885
79
99066
32
99166
83
99366
84
99556
65
99777
84
99987
65
00127
76
00217
69
00387
32
00528
69
00658
32
01599
8
02190
8
02430
8
03131
188
03262
32
03382
82
03532
69
03722
71
03842
73
04013
79
04163
78
04233
65
04383
76
04463
69
04613
32
04714
69
04854
32
06807
68
06977
69
07267
71
07508
76
07708
73
07898
32
07968
69
08078
78
08209
84
08449
73
08629
32
08850
76
09000
79
09110
67
09300
65
09400
76
09541
73
11143
32
11273
16
11513
56
11914
67
12044
79
12214
77
12375
80
12545
73
12695
84
12845
73
13036
32
13196
68
13356
69
13516
76
13646
76
13737
69
13897
32
14898
80
14998
82
15129
79
15339
86
15499
73
15669
78
15750
67
15870
73
15960
69
20366
8
20657
8
21328
69
21658
16
21858
219
22249
16
22439
57
31562
188
31773
32
32423
69
32544
76
32634
69
32864
77
32974
69
33074
78
33275
84
33435
73
33635
32
35348
68
35478
73
35638
32
35858
79
35969
82
36129
68
36219
73
36389
78
36449
65
36579
77
36680
69
36770
78
36880
84
37010
79
37551
32
38322
70
38482
73
38652
78
38723
65
38843
78
38933
90
39053
73
39153
65
39524
82
39654
73
39834
79
41587
32
41777
69
41897
32
42027
67
42208
79
42398
78
42508
84
42718
65
42899
66
43099
73
43249
76
43369
69
44160
32
44491
68
44631
69
44841
71
45002
76
45182
73
45352
32
45452
69
45542
78
45683
84
45873
73
46063
32
46243
76
46404
79
46494
67
46674
65
46774
76
46924
73
48076
190
51851
13
53233
76
53664
8
54005
16
54225
76
54435
65
54555
32
54776
80
54876
82
54986
79
55086
86
55256
65
55366
32
55567
79
55667
82
55847
65
55947
76
56047
69
56208
32
59673
83
59853
65
60404
82
60594
65
60784
219
60975
32
61085
83
61445
86
61595
79
61736
76
61856
84
62046
65
62176
32
62276
83
62427
85
62657
76
62777
76
62867
69
63038
32
63588
83
63769
69
63989
71
64109
85
64199
69
64309
78
64409
84
64560
73
64750
32
64900
77
65010
65
65231
84
65411
69
65561
82
65641
73
65731
69
66322
16
66683
190
66903
13
68996
68
69136
73
69226
84
69347
73
70678
8
70819
8
70999
82
71590
73
71850
84
71990
84
72091
79
72231
32
72431
80
72541
69
72671
78
72761
65
72882
76
72982
69
73583
188
73713
32
77809
84
78380
69
78630
79
78710
82
78820
73
78940
69
79081
32
79191
69
79291
32
79441
84
79601
69
79792
67
79962
78
80092
73
80232
67
80382
72
80503
69
80653
32
80863
80
80963
69
81114
82
81204
32
81404
73
81584
76
81744
32
81875
67
81975
79
82145
78
82315
84
82716
82
82896
79
83126
76
83247
76
83397
79
83627
32
84028
68
84178
73
84348
32
84488
71
84679
69
84849
83
85139
84
85239
73
85400
79
85550
78
85640
69
86501
16
86802
188
94312
32
94593
79
94743
82
94963
71
95154
65
95304
78
95444
73
95755
90
95895
90
96085
65
96225
90
96315
73
96466
79
96646
78
96776
69
96916
32
97347
68
97507
69
97597
76
97757
32
97938
76
97988
65
98268
86
98348
79
98448
82
98559
79
98749
32
98869
69
98989
32
99630
71
99850
69
00031
83
00241
84
00371
73
00531
79
00692
78
00792
69
00922
32
01363
68
01523
69
01603
76
01743
32
01923
80
01994
69
02164
82
02334
83
02464
79
02634
78
02715
65
02865
76
02965
69
07461
32
07642
67
07802
79
08002
78
08172
32
08393
80
08523
65
08753
82
08923
84
09094
73
09745
67
11087
73
11998
8
12529
79
12669
76
12749
65
12969
82
13120
69
13210
32
13330
82
13430
73
13630
70
13801
69
13961
82
14101
73
14261
77
14351
69
14471
78
14552
84
14702
79
14862
32
14972
65
15293
71
15443
76
15633
73
15813
32
15914
69
16014
78
16144
84
16414
73
16595
32
16795
76
16945
79
17055
67
17235
65
17356
76
17506
73
21341
188
21472
32
21702
69
21812
76
21932
69
22122
77
22233
69
22333
78
22493
84
22633
73
22813
32
23004
68
23094
73
23264
32
23484
79
23595
82
23775
68
23885
73
24055
78
24125
65
24246
77
24356
69
24446
78
24556
84
24846
79
26629
32
26749
68
26899
69
27060
76
27170
76
27360
219
27961
85
28111
78
28291
73
28442
79
28612
78
28782
69
28882
32
29092
16
29293
69
29824
85
31386
82
32447
79
32658
80
32788
69
32968
65
42682
190
42832
190
42952
190
44264
13
