48578
16
48728
70
48999
82
49179
65
49429
84
49620
69
49870
76
50000
76
50170
73
50381
32
50972
68
51522
219
51693
16
51853
73
52113
84
52324
65
52414
76
52574
73
52664
65
55268
32
55478
16
55668
76
56109
219
57090
8
57351
8
57771
8
61066
32
61587
189
61837
32
62208
16
62478
76
63289
16
63460
219
63730
73
63880
84
64080
65
64181
76
64331
73
64421
65
64601
32
65132
83
65492
219
65673
69
65843
219
66123
32
66664
68
66824
69
66985
83
67185
84
67375
65
68827
188
69048
32
70189
37
70690
37
70730
37
70760
37
70790
37
70820
37
70850
37
70890
37
70920
37
70950
37
70990
37
71020
37
71050
37
71081
37
71121
37
71151
37
71181
37
71221
37
71251
37
71281
37
71311
37
71601
39
72653
219
72843
16
72953
73
73654
46
74275
39
74776
39
74816
39
74846
39
74876
39
74916
39
74946
39
74976
39
75006
39
75046
39
75076
39
75106
39
75136
39
75176
39
75206
39
75236
39
75277
39
75307
39
75487
39
75777
37
78932
32
79062
16
79262
68
79533
69
79893
76
80013
76
80224
219
80544
69
80734
76
80945
77
81195
79
81385
32
81505
68
81636
73
81796
32
83068
16
83308
83
83719
67
83929
73
84099
80
84279
73
84440
79
87244
32
87564
189
88836
13
91840
16
92051
83
92631
219
92852
69
92992
219
93282
32
94234
67
94424
79
94444
73
94604
78
94735
84
94945
65
95085
32
95846
8
95996
8
96137
8
96287
8
96457
8
96607
8
97198
73
97378
78
97509
84
97719
65
97799
32
97979
76
98109
65
98199
32
98420
84
98941
8
99151
84
99331
69
99501
83
99702
84
99912
65
03147
190
63551
190
64492
8
65003
32
65193
16
65474
68
65894
79
66215
86
66696
219
66856
69
66996
219
68708
32
68929
76
69069
65
69179
32
69369
16
69520
86
69990
73
70301
84
70451
84
70551
79
70641
82
70741
73
70882
65
73676
16
74106
219
76329
32
76510
16
76990
76
77231
69
77331
32
77581
80
77741
79
77822
82
78072
71
78262
69
78382
32
78563
76
78663
65
78833
32
79184
67
79474
72
79694
73
79854
79
80005
77
80135
65
81837
188
82028
32
82338
16
82538
67
83089
71
84141
8
84161
221
84251
72
85633
8
85793
8
86494
72
86614
69
88357
219
88567
32
88707
83
88877
67
89098
72
89268
73
89398
65
89629
86
89809
65
89919
32
90029
68
90169
73
90350
32
90450
16
90660
82
91131
79
91331
77
91431
65
95217
32
95477
189
95717
32
95868
20
95988
73
96899
8
97690
16
98551
68
98682
68
99132
73
99302
79
99513
32
99703
76
99813
65
99953
32
00084
67
00274
82
00434
69
00554
79
00915
219
02727
190
02998
32
03168
16
03378
83
03819
84
03999
82
04089
73
04230
78
04410
71
04500
73
04630
65
04730
77
04921
79
05051
67
05171
73
05872
8
06373
8
06403
8
06443
8
06473
8
06503
8
06533
8
06573
8
06603
8
06633
8
06663
8
06703
8
06733
8
06763
8
06803
8
06833
8
07394
8
07895
8
07925
8
07965
8
07995
8
08025
8
08065
8
08245
8
08406
8
08566
8
08756
8
09667
20
10348
20
10759
20
11139
16
11330
73
11730
68
11861
68
11951
73
12091
79
12271
32
12441
76
12531
65
12652
32
12742
67
12932
82
13092
69
13232
79
13643
219
14084
32
16437
190
16968
8
17098
8
18180
190
18410
32
19191
16
19552
83
19982
84
20162
82
20313
73
20463
78
20703
71
20823
73
20924
65
21024
77
21204
79
21344
67
21474
73
22626
32
25049
65
25250
32
25390
67
25670
79
25791
79
25931
82
26091
84
26261
69
28504
32
28815
189
29045
32
29205
16
29386
83
29766
73
29886
65
30007
77
31459
32
31829
80
31959
82
32110
79
33632
78
33802
84
33952
73
34123
32
34203
65
34413
76
34543
76
34663
65
34753
32
34914
77
35124
79
35284
82
35474
84
35645
69
39100
32
39350
189
39570
32
39781
16
39941
76
40592
219
41083
73
41273
84
41503
65
41613
76
41774
73
41854
65
42444
32
42745
67
42945
72
43125
73
43286
65
43556
77
43776
79
44187
219
45399
190
50336
13
50786
16
51147
78
51437
79
51598
73
51768
32
51948
83
52078
73
52199
65
52289
77
52449
32
52709
68
52920
65
53040
32
53130
83
53280
69
53480
67
53651
79
53791
76
53931
73
54111
32
54241
67
54422
65
54552
76
54732
80
54862
69
55073
83
55493
84
55674
73
55834
32
55944
69
56064
32
56134
68
56284
69
56435
82
56565
73
56665
83
56775
73
60561
37
61061
37
61091
37
61121
37
61161
37
61191
37
61221
37
61252
37
61292
37
62263
188
63194
46
64586
39
64727
39
64877
39
65027
39
65187
39
65337
39
65488
39
65658
39
66649
32
66990
189
67180
32
67320
16
67440
80
67641
69
67821
82
67981
67
68121
72
68212
69
69233
219
69563
32
69854
78
70094
79
70285
78
70435
32
70575
83
70665
73
70775
65
70875
77
71036
32
77124
80
77275
79
77415
80
77555
79
77695
76
77835
79
79237
188
79378
32
79578
80
79668
69
79828
82
80029
67
80179
72
80269
69
85617
32
85767
83
85867
73
85947
65
86077
77
86217
32
86408
68
86518
73
86758
73
87579
8
88140
86
88260
73
88351
83
88471
73
89793
188
90774
8
91655
190
91826
32
92016
16
92306
82
92597
65
92857
67
92997
67
93067
79
93187
76
93338
67
98365
8
98535
71
98725
65
98926
67
99076
73
99246
32
99446
85
99577
78
00017
219
00318
85
00458
78
00618
73
00708
67
00889
65
03192
32
03332
16
03512
66
03733
65
03923
78
04053
68
04233
73
04303
69
04474
82
04654
65
06316
188
06447
32
06657
85
06787
65
06907
78
08059
8
08199
8
08780
77
09080
65
09681
8
09962
8
10532
78
10653
65
10753
32
10893
83
11153
79
11173
80
11233
69
11644
8
12075
8
12335
8
12846
80
12946
69
13066
77
13156
69
15530
16
15870
190
16100
32
16441
16
16661
68
17843
8
18464
13
18904
16
19185
68
19656
73
19866
32
22389
70
22570
79
22760
78
23281
68
23431
69
23541
69
23561
82
24893
8
25183
8
25364
82
25624
67
26485
73
28038
32
28258
73
28408
78
28608
83
28719
73
28819
69
28919
77
29029
69
33295
32
33816
16
33976
71
34377
73
34477
65
34717
219
34917
32
35538
76
35809
219
36069
79
36229
82
36450
65
36580
32
36680
83
36900
85
37091
79
37271
78
37441
79
38262
221
39003
45
39284
8
39825
219
40596
37
41096
37
41126
37
41166
37
41196
37
41227
37
41257
37
41297
37
41327
37
41357
37
41397
37
41427
37
41457
37
41487
37
41527
37
41557
37
41587
37
41617
37
42288
32
42538
189
43169
39
43430
37
44311
45
44722
16
45142
71
45843
37
46023
32
51932
39
52062
39
52202
39
52353
39
53845
39
54516
39
55016
39
55046
39
55076
39
55117
39
55147
39
55177
39
55207
39
55247
39
55277
39
55307
39
55337
39
55377
39
58121
190
58341
32
64630
16
65131
16
65161
16
65201
83
65642
84
65812
82
65952
73
66102
78
66293
71
66393
73
66503
65
66633
77
66823
79
66944
67
67104
73
68996
32
69377
65
69577
32
69738
67
70118
79
70218
79
70368
82
70519
84
70699
69
71730
32
72241
83
72381
73
72542
65
73733
77
73873
32
74074
80
74214
82
74374
73
74835
8
75966
79
76147
78
76287
84
76427
73
76597
32
76668
65
76868
76
76988
76
77078
65
77509
32
77779
77
77979
79
78140
84
78700
8
78791
82
78961
84
79141
69
85310
32
86221
189
86462
32
86652
16
86812
76
87383
16
87884
16
87914
16
87954
16
87984
16
88014
16
88064
73
88394
84
88595
65
88675
76
88805
73
88895
65
89065
32
89646
67
89977
72
90167
73
90307
65
90427
77
90638
79
92180
219
93121
37
93622
37
93662
37
93692
37
93722
37
93762
37
93792
37
93822
37
93852
37
93892
37
93922
37
93952
37
93992
37
94022
37
94053
37
94393
39
95334
219
96135
39
96636
39
96666
39
96696
39
96736
39
96766
39
96796
39
96826
39
96867
39
96897
39
96927
39
96967
39
96997
39
97397
39
97888
39
97928
39
98118
39
98249
39
02004
190
02515
13
03045
16
03256
85
03396
78
03546
73
03666
65
03817
77
04017
79
04177
67
04297
73
04508
32
05559
8
06621
188
06761
32
06891
65
07011
77
07181
73
08173
65
08493
77
09194
79
09324
67
09455
73
11778
188
11928
32
12209
16
12459
76
14442
8
17526
76
18327
16
18598
219
19279
85
19769
8
19920
8
20641
8
21312
16
21442
76
21672
219
22023
16
22173
85
22393
78
22624
73
22764
79
22924
78
23034
69
23174
32
24506
8
25518
188
25658
32
25778
69
25888
32
26089
76
26349
219
26669
65
26780
77
26950
79
27080
82
27240
69
31566
32
31737
16
31947
82
32578
73
32858
86
33029
69
33169
76
33259
65
33579
78
33800
79
34310
32
34631
65
35392
73
35572
32
35783
80
35933
79
36063
76
36574
8
37435
80
37585
79
37725
76
38577
73
42843
32
43343
76
43423
69
44215
32
44455
86
44575
85
44665
69
44795
32
44936
68
45086
69
45216
76
45376
32
45466
16
45737
83
46147
73
46328
71
46488
78
46678
73
47029
82
47199
69
47890
8
48040
8
48240
8
48841
79
49012
82
49172
69
50003
190
50273
13
50744
16
51105
56
52697
38
53077
39
53458
37
54099
73
54700
46
55240
39
55741
39
55771
39
55801
39
55831
39
55871
39
55901
39
55931
39
55962
39
56002
39
56032
39
56062
39
56102
39
58135
32
58305
16
58485
56
59136
190
59276
190
59406
190
59627
16
59787
57
61269
190
61469
190
62401
40
69000
77
69110
69
69231
76
69311
69
69551
78
70032
83
70172
79
70382
32
70522
69
70703
32
71264
82
71424
69
71604
84
71754
79
71824
82
71955
73
72075
86
72095
67
72205
79
72605
8
72766
8
72946
8
73337
67
73957
79
74899
188
75039
32
75580
8
76080
8
76110
8
76141
8
76181
8
76211
8
76241
8
76271
8
76311
8
76341
8
76371
8
76411
8
76441
8
76641
8
77442
79
77783
188
77933
32
78093
82
78244
69
78404
84
78534
79
78614
82
78754
73
78874
67
79005
79
79756
188
79896
32
80086
80
80196
65
80487
83
80627
83
80777
65
81008
84
81148
73
81258
83
81488
84
81699
65
88318
32
88538
73
88689
77
88879
80
89019
79
89259
83
89420
83
89580
73
89740
66
89880
73
90051
76
90091
69
90301
32
90942
68
91122
65
91222
32
91342
65
91583
80
91693
80
91813
82
91953
69
92043
78
92144
68
92294
69
92464
82
92614
69
92754
32
92865
65
93005
32
93165
77
93235
69
93345
77
93516
79
93636
82
93736
73
93836
65
96290
190
96420
190
96530
190
96981
16
97121
57
04902
8
