39180
73
40660
8
40940
16
41100
73
41270
76
41490
32
42200
77
42260
65
42590
82
42970
88
43130
73
43240
83
43460
77
43680
79
46540
32
46920
85
47140
84
47690
79
47800
80
47970
73
48300
32
48790
221
49010
8
49290
8
49620
65
50110
32
50490
79
50710
32
50930
68
51100
73
51210
83
52140
84
58070
79
58180
80
58350
73
58460
65
62630
188
65320
16
65540
219
68070
32
69220
16
69390
73
69720
32
70270
67
70490
65
70710
82
70930
65
71260
84
71370
84
71590
69
71700
82
71860
73
72080
32
72190
68
72360
69
72520
76
72630
76
72740
65
72900
32
73510
83
73670
79
73780
67
73950
73
74390
65
74770
8
75050
87
75600
8
75930
69
76150
84
76360
65
76640
219
76860
77
77020
77
77130
65
77460
8
77850
8
78010
65
78730
82
79440
88
79550
73
79660
83
79930
84
80210
65
81420
32
81530
83
81800
79
82020
78
82300
79
84770
32
85760
40
87240
16
87400
190
88450
32
88670
49
89000
16
89220
57
90150
32
95750
65
96250
66
96470
79
96580
76
96740
73
97020
90
97240
73
97350
79
97570
78
97730
69
97790
32
97950
68
98120
69
98340
76
98440
76
98550
65
98720
32
98940
68
99050
73
99600
86
99760
73
00530
83
00750
79
00920
80
01250
8
01470
8
02230
73
02400
79
02620
78
02780
69
02840
32
03000
68
03110
69
03220
76
03440
32
04870
76
04980
65
05370
86
05480
79
05590
82
05700
79
09760
16
09920
188
10140
32
10420
50
10860
16
11080
57
11960
32
29040
65
29420
66
29700
79
29860
76
30030
73
30850
90
31070
73
31240
79
31460
78
31670
69
32500
32
32720
68
32880
69
33100
76
33210
76
33380
65
33490
32
34040
67
34260
79
34530
78
34750
84
34970
82
35240
65
35570
68
35740
68
35900
73
36120
90
36340
73
36510
79
36670
78
36840
69
37000
32
37660
84
37830
82
38160
65
38490
32
39200
76
39360
65
39690
86
39860
79
39970
82
40080
79
40300
32
40790
77
40900
65
41840
78
42000
85
42170
65
42280
76
42500
69
43150
32
43320
69
43430
32
43650
73
43870
78
44090
84
44250
69
44530
76
44640
76
44800
69
45080
84
45300
85
45460
65
45570
76
45680
69
52930
16
53260
188
53480
32
54030
51
54360
16
54630
57
54960
32
55570
65
56060
66
56280
79
56450
76
56610
73
56830
90
57000
73
57160
79
57380
78
57540
69
57650
32
58040
68
58200
69
58420
76
58530
76
58700
65
58810
32
59360
80
59580
82
59740
79
59960
80
60400
82
60570
73
60680
69
60900
84
61170
65
61390
219
61720
32
62320
80
62490
82
62600
79
62710
86
62930
65
63200
84
63480
65
64190
8
64300
8
64470
8
64630
8
64790
8
65560
73
65780
86
66060
65
66330
84
66550
65
67100
188
67270
32
67380
68
67540
69
67760
76
67870
76
68040
79
68310
32
68750
83
68910
67
69130
65
69350
77
69630
66
69850
73
70070
79
70340
32
70560
69
70730
32
70890
68
71060
69
72100
76
72210
76
72370
65
72540
32
73140
77
73420
79
73640
78
73800
69
74020
84
74300
65
75180
16
75670
16
75730
188
76000
32
76330
51
77320
8
78090
52
78470
16
78690
57
88360
32
88470
83
88690
67
88910
79
89130
77
89290
80
89400
65
89680
82
90280
83
90500
20
90830
65
91820
20
92150
8
92810
65
93030
32
93580
68
93740
69
93960
76
94070
76
94290
69
94400
32
94890
83
95110
79
95390
86
95610
82
95880
65
96270
83
96490
84
96710
82
96930
85
97200
84
97370
84
97590
85
97750
82
97910
69
98020
32
98190
84
98410
82
98680
65
99070
68
99340
73
99620
90
99780
73
99950
79
00110
78
00280
65
00720
76
00940
73
02200
16
02750
16
02800
16
02910
16
03080
16
03130
16
03240
16
03350
16
04450
32
04670
16
05000
56
24660
82
24830
69
25050
76
25210
73
25760
71
25930
73
26090
79
26260
78
26420
69
26590
32
28010
8
28400
188
28620
32
34930
70
35210
65
35480
77
35650
73
35920
71
36090
76
36250
73
36420
65
36580
32
37850
188
38010
32
38120
83
38400
84
38610
65
38890
84
39000
79
39220
32
39660
8
40700
188
40870
32
41140
76
41310
69
41640
71
41750
71
42020
69
46470
190
46630
190
47570
190
48060
32
48280
67
48450
68
48890
190
49380
32
53220
77
53440
79
53660
68
53830
73
54050
32
54270
83
54490
85
54760
83
54870
83
55040
73
55200
68
55530
73
55750
82
56030
65
56250
82
56410
73
56580
32
56690
68
56850
73
57070
32
57340
80
57560
82
57840
73
58170
68
58390
85
58550
90
58940
73
59100
79
59270
78
59430
69
62180
37
62290
37
62450
37
62620
37
62730
37
62890
37
63060
37
63220
37
64100
79
64540
46
65420
39
65530
39
65640
39
65750
39
65860
39
65970
39
66080
39
66190
39
66300
39
66410
39
68930
16
69210
57
72170
32
72340
189
73330
37
73440
37
73600
37
74430
46
74870
39
74980
39
75200
39
75410
37
75740
32
80740
16
80960
188
81180
32
84480
53
84970
16
85140
57
85470
32
91290
65
91620
80
91730
80
91890
76
92110
73
92940
67
93100
65
93320
90
93540
73
93650
79
93870
78
94030
69
94140
32
94690
68
94860
69
94970
76
95130
32
95350
80
95520
82
95680
73
95900
78
96230
67
96450
73
96670
80
96890
73
97060
79
02440
32
02770
68
02930
65
03100
32
03260
67
03370
73
03480
65
03760
83
03920
67
04250
85
04420
78
04640
79
05350
32
05510
83
05680
69
05900
67
06170
79
06390
78
06560
68
06780
79
07050
32
07380
76
07490
69
07660
32
07770
83
07880
85
07990
69
08150
32
08640
67
08860
65
08970
80
09080
65
09740
67
10020
73
10180
84
10460
65
10680
219
16220
32
16880
65
17050
32
17210
67
17430
73
17540
65
17760
83
17980
67
18370
85
18530
78
18750
79
19140
32
19410
83
19570
69
19790
67
20010
79
20290
78
20450
68
20670
73
20670
79
21170
8
21550
8
22100
79
22320
32
22490
73
22710
32
22870
83
23090
85
23310
79
23470
73
23750
32
24410
66
24850
73
25180
83
25340
79
25620
71
25780
78
26000
73
26930
16
27370
188
43030
8
43580
190
43910
32
44900
16
45170
73
45440
32
47590
80
47750
82
47970
73
48250
78
48470
67
48740
73
48910
80
49120
73
49400
32
49950
83
50110
79
50330
78
50550
79
50770
32
50940
83
51210
84
51430
65
51710
84
51820
73
51980
32
52150
65
52530
80
52690
80
53350
76
53570
73
53740
67
53960
65
54230
84
54340
73
54560
32
54670
83
54950
84
55110
79
55220
82
55330
73
56480
67
56650
65
56810
77
56980
69
57030
78
57140
84
57360
69
57640
32
72140
73
72360
78
72520
32
74120
20
74560
85
74830
82
75210
83
75380
83
76370
20
78840
32
79770
78
79940
69
80270
76
80380
76
80490
69
81040
32
81590
84
81750
82
82080
65
82350
32
82460
70
82680
65
82900
83
83070
73
83290
32
83730
68
83950
65
84170
76
84390
32
86860
49
87190
57
87350
49
88120
56
89390
32
89500
65
89710
76
89930
32
95590
49
95980
57
96090
57
96310
49
98010
188
98170
32
98560
78
98780
69
99110
76
99220
76
99330
65
99550
32
00100
16
00370
67
00810
73
01140
78
01300
65
01850
32
02290
68
02510
65
02730
76
02950
32
09820
49
10090
57
10700
52
10970
57
11850
32
12010
65
12290
76
12510
32
12670
49
13060
57
13170
57
13330
56
13660
32
14650
69
14870
68
15420
32
15800
73
15970
78
16190
32
17620
16
17780
67
18000
65
18440
77
18720
66
18940
79
19260
71
19370
73
19540
65
19810
32
23380
68
23550
65
23770
76
23990
32
25250
49
26730
57
27670
55
27940
53
28220
32
28600
65
28880
76
29150
32
30520
49
30960
57
31460
55
31680
57
34970
190
35470
32
39200
16
39700
16
39810
16
39860
16
39970
16
40080
16
40190
16
40300
16
40410
16
40520
16
40630
16
40630
76
55680
65
57000
46
57330
46
80340
65
80560
32
81390
80
81500
82
82260
73
82480
78
82870
67
83140
73
83360
80
83530
65
83640
76
83800
69
84080
32
84190
65
84960
67
85120
67
85340
85
85560
83
85720
65
85890
32
88200
8
88690
8
88800
8
88910
8
88970
8
89070
8
89180
8
89290
8
89400
8
89510
8
89570
8
89730
8
89790
8
89900
8
90010
8
90120
8
90230
8
90280
8
90390
8
90610
8
91440
219
91660
65
92040
67
92150
67
92370
85
93080
83
93250
65
93520
32
12140
37
12250
37
12800
37
12910
37
13020
37
13130
37
13190
37
14120
73
14340
78
14620
67
14840
65
15050
82
15440
78
15550
65
15710
90
15820
73
15990
79
16210
78
16320
69
16480
32
17090
68
17250
69
17470
76
17640
76
17690
69
17860
32
18520
84
18730
69
19170
79
19340
82
19450
73
19560
69
19830
32
20490
79
20660
82
20880
73
21100
71
21320
73
21430
65
21540
78
23790
8
23950
8
24720
78
24830
65
25160
82
25270
73
25380
69
29060
32
30100
69
30430
219
30820
32
33510
39
33620
39
33780
39
33950
39
34110
39
34280
39
34990
84
35270
65
35430
32
35600
68
35760
73
35930
32
36150
65
36750
78
36970
84
37240
73
39110
85
39550
77
39720
65
39830
78
39990
69
40160
83
40380
73
40600
77
40870
79
42080
190
42190
190
42410
190
