94906
73
95056
76
95216
32
95447
70
95527
85
95637
82
96268
85
96478
82
96608
79
96778
32
96969
68
97089
73
97239
32
97429
73
97580
78
97720
84
97890
69
98030
82
98080
78
98201
69
98381
84
98521
32
98651
69
98912
219
99092
32
99332
78
99432
69
99603
76
99743
32
99863
87
00023
69
00414
66
00574
32
00764
83
00904
69
01015
77
01125
65
01215
78
01395
84
01485
73
01585
67
01716
79
03999
37
04500
37
04540
37
04570
37
04600
37
04640
37
04670
37
04700
37
04730
37
04770
37
04800
37
04830
37
04870
37
04900
37
04930
37
04960
37
05000
37
05030
37
05060
37
05100
37
05130
37
05161
37
05191
37
05231
37
05261
37
05291
37
05321
37
05361
37
05391
37
05421
37
05451
37
05501
37
05521
37
05551
37
05591
37
05621
37
05651
37
05681
37
05912
39
06733
84
06883
46
07384
39
07884
39
07924
39
07955
39
07985
39
08015
39
08055
39
08085
39
08115
39
08145
39
08185
39
08215
39
08245
39
08275
39
08315
39
08345
39
08375
39
08415
39
08445
39
08475
39
08505
39
08545
39
08575
39
08605
39
08646
39
08676
39
08706
39
08736
39
08776
39
08806
39
08836
39
08876
39
08906
39
08936
39
08966
39
09006
39
09036
39
11570
190
14945
37
15816
16
15946
73
16767
46
25510
32
25620
16
25780
76
25930
65
26051
32
26201
82
26301
73
26381
67
26541
69
26671
82
26862
67
27032
65
27162
32
27242
68
27372
73
27523
32
27613
67
27763
73
27913
79
28254
219
28454
32
28534
67
28674
72
28744
69
28865
32
28955
83
29125
69
29275
82
29455
86
29626
69
32099
32
32650
69
33291
219
33481
32
33682
79
33752
82
33952
65
34032
32
34232
79
34312
83
34523
84
34723
65
34913
67
34993
79
35124
76
35214
65
35414
84
35624
65
35714
32
35845
68
35995
65
36145
76
36275
76
36466
219
36636
69
37177
78
37357
79
37477
82
37607
77
37727
69
37868
32
38108
77
38218
65
38468
83
38589
83
38759
65
38909
32
38969
68
39119
73
39290
32
39480
73
39630
78
39770
70
39860
79
39941
82
40081
77
40201
65
40371
90
40501
73
40652
79
40812
78
40972
73
41152
32
41262
67
41373
72
41473
69
47121
8
47251
8
47401
8
48132
69
48293
32
48463
77
48583
65
48843
84
49024
69
49174
82
49324
73
49424
65
49524
76
49634
69
49745
32
50626
68
50736
73
50836
83
50946
80
51097
79
51387
78
51928
73
52208
66
52438
73
52609
76
52709
69
55964
77
56144
65
56234
32
56384
83
56604
80
57516
8
58277
8
58427
8
58587
8
58758
8
59419
32
59649
77
59789
65
59909
32
60029
83
60190
80
60270
69
60480
83
60640
83
60780
79
61001
32
61682
73
61882
78
62092
85
62363
84
62473
73
62633
76
62733
69
62853
32
62994
65
63154
76
63274
76
63424
79
63615
32
63715
83
63895
67
64025
79
64175
80
64336
79
72387
188
72537
32
72778
16
72948
73
73138
76
73359
32
73939
16
74170
87
74510
69
75592
8
75822
8
76984
87
77154
69
77515
66
77735
32
77835
83
77995
69
78135
77
78226
65
78716
78
78877
84
78997
73
79097
67
79227
79
80108
32
80389
67
80579
79
80759
78
80849
83
81030
69
82301
78
82482
84
82612
73
82732
82
82952
65
83373
219
83693
32
05074
85
05294
78
05465
32
06456
86
06666
69
06857
76
06997
79
07117
67
07267
69
07398
32
07478
82
07648
69
07758
80
07838
69
08018
82
08199
73
08349
77
08439
69
08559
78
08639
84
08820
79
09000
32
09090
68
09240
69
09390
76
09541
76
09611
69
09791
32
10362
73
10532
78
10682
70
10802
79
10883
82
11073
77
11223
65
11393
90
11553
73
11704
79
11874
78
12054
73
12295
32
12795
68
12966
65
13106
32
13346
73
14207
16
14498
50
15219
71
15379
73
15479
65
15870
67
16000
73
17452
8
17953
8
17983
8
18023
8
18053
8
18083
8
18113
8
18153
8
19405
73
19745
32
20967
16
21217
50
21978
71
22109
73
22229
65
22569
67
22700
73
22860
69
22880
77
23070
78
23150
84
23340
73
24392
8
24702
8
24893
8
25534
8
26535
77
26635
69
26735
78
26845
84
27016
73
27266
32
30771
8
31272
8
31302
8
31332
8
31362
8
31402
8
31733
8
32313
77
32403
69
32534
78
32634
84
32844
73
33145
16
33405
50
35929
190
40625
32
41096
16
41296
76
41547
219
41787
73
42007
68
42168
69
42398
65
42628
32
42758
69
43059
219
43259
32
43349
83
43509
69
43670
77
43860
80
44020
76
44180
73
44271
67
44461
69
44581
32
44721
65
44871
78
44972
90
45122
73
45512
67
45643
72
45743
69
46063
219
46293
32
46444
67
46564
79
46644
68
46764
73
46844
67
47155
70
47255
73
47355
67
48176
8
48787
8
48967
8
49258
8
49999
70
50119
73
50269
67
50479
65
50730
82
50890
69
50960
32
51140
76
51231
69
51351
32
51541
73
51711
78
51831
70
51952
79
52052
82
52482
77
52572
65
52743
90
52863
73
53013
79
53193
78
53384
73
68015
37
68515
37
68555
37
68586
37
68616
37
68646
37
68686
37
68716
37
68746
37
68776
37
68816
37
68846
37
68876
37
68906
37
68946
37
68976
37
69006
37
69046
37
69076
37
69106
37
69136
37
69176
37
69206
37
69236
37
69277
37
69307
37
69337
37
69367
37
69407
37
69437
37
69467
37
69507
37
69537
37
69737
37
69887
37
70849
76
70949
69
71079
32
71299
73
71470
78
71620
70
71740
79
71830
82
71980
77
72121
65
72301
90
72421
73
72571
79
72741
78
72942
73
73162
32
74244
86
74454
69
74624
78
74845
71
75055
79
75235
78
75425
79
75596
32
75726
67
75846
79
75976
68
76106
73
76277
70
76477
73
76647
67
76867
65
77118
84
77308
69
77488
32
85500
73
85710
78
85880
32
86081
77
86291
79
86461
68
86551
73
86672
67
86822
32
87292
8
87903
8
88124
8
88734
79
88915
32
89025
67
89165
72
89235
69
89355
32
89466
83
89586
73
89676
65
89826
78
90046
79
90277
32
00051
85
00241
83
00411
65
00672
84
00872
69
01052
32
01142
68
01343
65
01523
32
01623
86
01813
65
02034
82
02174
73
02364
32
02464
83
02584
73
02665
83
02895
84
03085
69
03215
77
03396
73
03566
32
03676
83
03876
79
04197
70
04397
84
04838
87
05008
65
05238
82
05388
69
08934
38
09104
38
09464
39
09965
39
10005
39
10035
39
10065
39
10105
39
10135
39
10165
39
10195
39
10235
39
10265
39
10295
39
10336
39
10366
39
10396
39
10426
39
10466
39
10496
39
10526
39
10566
39
10596
39
10626
39
10656
39
10696
39
10726
39
10756
39
10786
39
10826
39
10856
39
11277
37
12058
188
13029
40
14592
40
14852
37
15353
37
15383
37
15413
37
15453
37
15483
37
15513
37
15543
37
15583
37
15613
37
15643
37
15683
37
15713
37
15743
37
15773
37
15813
37
15843
37
15874
37
15914
37
15944
37
15974
37
16004
37
16044
37
16074
37
16104
37
16134
37
16174
37
16394
37
16775
37
17596
32
41430
8
43373
32
44214
67
44314
79
44565
78
44705
32
45096
67
54729
37
55020
37
55280
37
55571
37
55821
37
56171
37
57103
190
58965
16
59176
40
59907
46
60888
13
61649
16
62030
76
62340
69
62471
32
63722
73
63923
78
64053
70
64263
82
65214
8
65765
79
65845
82
66006
77
66106
65
66266
90
66436
73
66767
78
66937
73
67528
8
67678
8
68439
79
68760
78
68990
73
69200
32
69380
83
69551
65
69761
82
69971
65
70252
78
70362
78
70522
79
71924
32
72174
80
72405
73
72595
85
73006
219
73246
32
73336
65
73677
84
73817
84
73967
73
74137
78
74217
69
75970
78
76170
84
76320
73
76521
32
76621
65
76841
75
76981
75
77082
69
77242
32
77883
8
78053
8
78193
8
78353
8
78954
76
79094
76
79175
69
79345
32
79445
82
79575
73
79655
67
79876
72
80056
73
80156
69
80316
83
80536
84
80707
69
80877
32
80987
69
81117
32
81338
80
81488
79
81658
84
81828
82
82059
65
82289
78
82409
78
82559
79
82780
32
83721
69
83971
83
84132
83
84322
69
84492
82
84662
69
84843
32
85263
73
85444
77
85594
80
85734
79
86074
82
86265
84
86485
65
86745
84
86916
69
87146
32
87276
83
87486
85
87747
32
88758
65
88909
76
89069
84
89229
82
89379
73
89590
32
90841
8
91342
8
91372
8
91402
8
91442
8
91472
8
91502
8
91532
8
91893
8
92424
86
92624
69
92774
82
92954
83
93085
79
93265
32
93375
65
93505
76
93655
84
93816
82
93936
73
94106
32
94196
65
94426
80
94567
80
94707
76
94857
73
95037
67
95218
65
95448
84
95558
73
95658
86
95788
73
98312
190
09648
32
09809
16
09959
73
10149
76
10339
32
10660
87
10830
69
11140
66
11321
32
11471
83
11651
69
11781
77
11882
65
12162
78
12382
84
12512
73
12653
67
12763
79
13043
32
13884
80
13975
69
14125
82
14255
77
14345
69
14585
84
14726
84
14896
69
15076
82
15206
69
15407
66
15557
66
15627
69
15817
32
19002
76
19122
65
19252
32
19392
67
19613
82
19773
69
19983
65
20153
90
20354
73
20514
79
20714
78
20864
69
21005
32
21115
68
21255
73
21425
32
21505
65
21716
71
21876
69
21966
78
22096
84
22216
73
22397
32
22477
65
22627
85
22807
84
22998
79
23238
78
23438
79
23608
77
23799
73
25241
32
25661
73
25852
78
25992
32
26202
71
26382
82
26573
65
26773
68
26913
79
27083
32
27834
68
27985
73
28155
32
28305
78
28405
65
31119
8
31279
86
31420
73
31620
71
31820
65
32041
82
32161
69
39141
8
39291
8
39421
8
39571
8
39732
8
39872
8
40513
65
40833
86
41003
73
41334
71
41554
65
41765
82
41895
69
41985
32
42165
80
42245
69
42385
82
42526
32
42696
78
42896
79
43066
73
43247
32
43417
83
43777
85
44008
76
44148
76
44218
65
44368
32
44478
82
44619
69
44799
84
44969
69
56055
32
56225
65
56466
76
56596
76
56686
65
56826
32
58889
82
59039
73
59610
67
59810
69
59971
82
60161
67
60341
65
60461
32
60562
68
60712
69
60882
76
61022
76
61102
69
61283
32
61853
73
62024
78
62194
70
62354
79
62424
82
62604
77
62705
65
62885
90
63005
73
63155
79
63326
78
63486
73
73160
188
73290
32
73540
73
73670
83
73911
84
74071
82
74331
85
74572
73
74802
84
74952
73
75122
32
75323
80
75433
69
75593
82
75693
32
75854
83
76224
86
76394
79
76514
76
76755
71
76985
69
77155
82
77306
69
77476
32
78597
67
78868
79
79048
77
79238
80
79459
73
79659
84
79789
73
79949
32
80150
73
80300
78
80440
84
80590
69
80831
76
80951
76
81141
73
81361
71
81542
69
81652
78
81772
84
82093
73
85297
32
85918
67
86048
72
86138
69
86269
32
86519
80
86629
82
86779
69
86970
86
87140
69
87310
68
87480
79
87661
78
87861
79
88041
32
88241
76
88502
219
88852
73
89043
78
89213
84
89383
69
89563
82
89754
65
89924
90
90114
73
90274
79
90465
78
90585
69
90705
32
90835
67
91015
79
91256
78
91416
32
91576
65
91686
76
91867
84
92027
82
92147
73
92327
32
92437
83
92568
73
92658
83
92878
84
93038
69
93158
77
93339
73
93509
32
93699
73
93859
78
93960
70
94080
79
94160
82
94320
77
94410
65
94661
84
94741
73
96133
67
96393
73
