41283
16
41633
80
42024
69
42214
82
42395
32
42515
65
42775
67
42925
67
43086
69
43246
68
43396
69
43546
82
43696
69
43877
32
43967
65
44147
68
44257
32
44448
73
44618
78
44808
84
44978
69
45118
82
45239
78
45329
69
45499
84
47282
32
47812
73
48013
78
48143
32
48293
77
48433
65
48573
78
48764
73
48864
69
49034
82
49224
65
49325
32
49515
86
49685
69
49805
76
49945
79
50036
67
50206
69
52749
32
52950
69
53090
68
53240
32
53320
65
53591
70
53721
70
53851
73
53991
68
54182
65
54512
66
54722
73
54862
76
55013
69
57707
32
58798
67
59028
79
59269
78
59439
32
59679
73
59860
76
60040
32
60280
86
60370
79
60491
83
60711
84
60871
82
60981
79
61182
32
62554
80
62694
79
62844
82
63004
84
63204
65
63425
84
63555
73
63695
76
63785
69
67761
188
67891
32
68212
16
68562
65
69474
8
71206
65
71476
83
72177
85
72288
83
74411
67
75312
79
75562
77
77155
32
77655
72
77785
65
77866
32
78056
73
78376
68
78537
69
78717
65
78937
84
79057
79
79218
32
79418
85
79608
78
79758
32
79969
77
80179
79
80329
68
80479
69
80620
77
80790
32
83123
32
83323
80
83614
67
83874
77
84085
67
84205
73
84325
65
84445
32
84735
73
85066
83
85256
68
85567
78
88992
32
89783
67
89963
79
90173
78
90313
32
90514
79
90844
84
90974
84
91095
73
91245
77
91365
69
91475
32
91625
67
91816
65
92046
82
92226
65
92497
84
92647
84
92807
69
92977
82
93077
73
93188
83
93388
84
93478
73
93618
67
93788
72
93909
69
94029
32
94149
69
94259
32
94389
68
94550
65
94710
76
94890
32
95060
67
95150
79
95271
83
95481
84
95621
79
95781
32
95881
67
96022
79
96222
78
96342
84
96532
69
96673
78
96863
85
96883
73
96973
84
97824
8
97985
8
98665
84
98826
79
02821
190
02982
32
03412
16
03563
76
03733
79
03913
32
04043
83
04254
84
04514
65
04664
78
04784
68
04955
65
05155
82
05315
68
05956
32
06747
73
06917
83
07108
68
07408
78
07548
32
07739
80
07859
69
07999
82
08099
77
08219
69
08430
84
08560
84
08770
69
09992
32
10793
68
10953
73
11113
32
11284
84
11444
82
11664
65
11854
83
12005
77
12085
69
12325
84
12465
84
12646
69
12806
82
12946
69
13106
32
18033
68
18204
65
18424
84
18554
73
18724
32
18844
69
18955
32
19135
77
19225
69
19495
83
19656
83
19806
65
20066
71
20196
71
20337
73
20527
32
20717
86
20807
79
20938
76
21108
67
21278
65
21368
76
21518
73
22330
221
22620
8
22760
8
22900
8
23041
8
23191
8
23611
8
23742
67
23962
65
24433
76
24613
73
26716
32
27156
65
27407
76
27537
76
27667
79
27837
32
27958
83
28198
84
28378
69
28568
83
28699
83
28799
79
28939
32
29059
84
29219
69
29310
77
29480
80
29670
79
31983
188
32144
32
32654
71
32855
65
33055
82
33215
65
33355
78
33496
84
33666
69
33776
78
33876
68
34076
79
34247
32
34447
73
34597
78
34727
32
34868
84
35048
65
35158
76
35308
32
35498
77
35679
79
35819
68
35929
79
42559
32
43139
85
43380
78
43540
32
43710
65
43790
32
43971
69
44321
78
44501
79
44652
82
44762
77
44892
69
44992
32
45252
86
45443
69
45623
82
45893
83
46064
65
46444
84
46584
73
46725
76
46865
73
46965
84
47155
65
47295
219
47486
32
47626
68
47736
73
47896
32
48077
73
48227
77
48417
80
48717
69
49008
71
49178
79
50730
8
50881
8
51041
8
51622
73
51732
69
51982
71
52152
79
54756
190
55037
32
55247
16
55467
76
55738
219
56028
73
56198
83
56439
68
56749
78
58251
32
58912
79
59333
70
59473
70
59653
82
59813
69
59954
32
60064
68
60194
85
60284
69
60404
32
60514
67
60675
65
60785
78
60875
65
61115
76
61316
73
63379
32
63609
16
63759
66
66463
32
66854
16
67324
56
67665
50
67985
16
68185
187
68786
54
69167
52
69587
32
70148
16
70319
75
70569
66
72331
32
72712
80
72832
69
72962
82
73133
32
73273
83
73443
69
73633
67
73794
79
73974
78
74084
68
74254
79
79952
32
81204
75
81855
66
82326
80
82576
83
83297
16
83618
57
85661
188
85811
32
85971
65
86251
83
86392
83
86572
85
87944
8
88465
73
88855
67
89035
85
89196
82
89386
65
89526
78
89636
68
89967
79
91359
32
91880
67
92010
79
92110
83
92220
73
92771
219
92981
32
93181
85
93332
78
93472
65
93542
32
93722
66
93882
65
94013
78
94183
68
94373
65
96706
32
97147
66
97247
69
97478
78
97608
32
97798
77
97928
65
98219
71
98349
71
98449
73
98569
79
98679
82
98850
69
02144
32
02535
82
02645
73
02745
83
02855
80
02965
69
03226
84
03366
84
03496
79
04237
32
04357
65
04488
32
05209
81
05499
85
05599
69
05860
76
05980
76
06080
65
09064
32
09335
68
09445
73
09595
32
09775
85
09935
78
10086
32
10326
67
10456
79
10626
77
10777
85
10927
78
11077
69
11167
32
11548
77
11728
79
11838
68
11988
69
12129
77
14142
32
14402
65
14492
78
14602
65
14742
76
14893
79
15123
71
15233
73
15353
67
15473
79
19259
190
19439
32
19679
16
19860
80
20030
79
20320
84
20511
82
20681
69
20871
84
21031
69
21172
32
21372
85
21532
83
21702
65
21923
82
22083
69
23295
32
23825
67
24026
79
24256
78
24426
84
24617
69
24717
77
24897
80
25057
79
25197
82
25378
65
25478
78
25588
69
25708
77
25818
65
25928
78
26259
84
26519
69
27671
32
28262
50
28662
32
29033
67
29243
65
29474
78
29604
65
29724
76
29894
73
30074
32
30175
68
30345
65
30565
84
30715
73
34661
188
34801
32
35042
79
35262
80
35372
80
35612
85
35783
82
35943
69
36023
32
36193
85
36303
83
36484
65
36694
82
36844
69
40359
32
42292
85
42482
78
42612
32
42833
67
43023
65
43103
78
43233
65
43354
76
43464
69
48701
32
48992
80
49122
69
49262
82
49352
32
49512
73
49663
32
49803
68
49983
65
50183
84
50314
73
50494
32
55551
69
55711
68
55852
32
56042
85
56192
78
56382
79
56553
32
56733
80
56873
69
57003
82
57093
32
57264
73
57424
32
57574
77
57714
69
58005
83
58165
83
58315
65
58575
71
58726
71
58846
73
58996
32
59196
86
59316
79
59567
67
59747
65
59897
76
60058
73
62521
188
62661
32
69121
73
69711
78
70152
67
70362
82
70523
69
70643
77
70723
69
70843
78
70943
84
71154
65
71314
78
71454
68
71594
79
71804
32
72505
76
72606
65
72706
32
72886
80
73016
82
73146
79
73377
68
73557
85
73938
84
74078
84
74218
73
74348
86
74448
73
74608
84
74819
65
75039
219
75229
32
75319
68
75470
69
75550
76
75690
32
75860
65
75960
76
76181
86
76341
79
76421
82
76571
79
79556
190
79726
32
80327
16
80657
81
81108
85
81208
69
81368
83
81578
84
81729
79
81949
32
83241
77
83411
79
83561
68
83722
69
83862
77
84022
32
84282
83
84543
85
84883
80
85023
80
85164
79
85304
82
85474
84
85684
65
86425
32
86896
76
87026
69
87116
32
87337
73
87517
78
87677
84
87878
69
88108
82
89390
70
89580
65
89820
67
89971
67
90161
69
92164
32
96320
80
96620
73
96780
85
97111
219
97321
32
97471
67
98092
79
98273
77
98483
85
98643
78
98813
73
99865
32
00376
80
00496
69
00656
82
00806
32
01267
76
01377
69
01497
32
01617
65
01848
80
01998
80
02138
76
02298
73
02739
8
03600
73
03750
67
03961
65
04131
90
04261
73
04401
79
04582
78
04752
73
04942
32
05563
87
05813
73
05984
78
