31090
80
31180
69
31330
82
31470
32
31580
67
31711
79
31861
76
31981
76
32081
69
32291
71
32482
65
32692
82
32812
69
32902
32
33073
73
33253
32
33373
68
33523
65
33764
84
33854
73
34024
32
34134
68
34264
69
34394
76
34515
76
34605
69
34745
32
35596
8
35736
8
35877
8
36017
8
36167
8
36317
8
37058
67
37198
79
37389
78
37519
84
37689
69
37799
78
37970
85
38120
84
38280
73
38470
32
38651
78
38741
69
38931
76
39061
76
39191
69
39291
32
39462
67
39632
69
39782
76
39922
76
40002
69
40153
32
40253
68
40363
73
40513
32
40693
85
40834
78
40984
65
41014
32
41244
84
41435
65
41515
66
41635
69
41805
76
41925
76
42035
65
42176
32
42847
87
43007
79
43127
82
43287
68
46462
32
46712
79
46962
67
47103
67
47213
79
47433
82
47573
82
47734
69
48505
32
48785
80
48915
82
49005
79
49096
67
49987
69
50167
68
50317
69
50478
82
50608
69
50698
32
50828
78
50948
69
51098
76
51259
32
51349
83
51509
69
51719
71
51860
85
51930
69
52030
78
52150
84
52310
69
52340
32
52591
77
52801
79
52931
68
53061
79
54003
16
54303
190
58098
32
58249
49
58499
16
58579
57
58840
32
59330
67
59531
82
59691
69
59861
65
60091
82
60222
69
60322
32
60522
85
60662
78
60802
65
60893
32
61994
78
62154
79
62275
82
62395
77
62505
65
62645
76
62765
69
63236
8
63376
8
63536
8
63697
8
63857
8
64017
8
64177
8
64848
84
65079
65
65169
66
65339
69
65659
75
66200
8
66791
8
66931
8
67081
8
67232
8
67392
8
67542
8
67702
8
67863
8
68283
16
68644
56
69034
79
69455
86
69605
86
69745
73
69885
65
69966
77
70106
69
70166
78
70316
84
70466
69
71057
16
71358
57
71538
32
71728
85
71878
78
71988
65
72099
32
72840
84
73030
65
73160
66
73270
69
73481
76
73621
76
73711
65
75483
16
75714
188
75884
32
76104
50
76325
16
76485
57
77877
32
79589
78
79700
69
79870
76
79990
76
80090
65
80230
32
80651
67
80831
69
81041
76
81162
76
81262
65
81382
32
81903
73
82093
78
82233
32
82403
67
82584
85
82744
73
82924
32
83054
83
83145
73
83325
32
83445
68
83605
69
84006
83
84156
73
84306
68
84456
69
84607
82
84807
65
86439
32
86880
67
87050
79
87210
80
87341
73
87471
65
87671
82
87821
69
87901
32
88092
73
88282
76
88432
32
88542
67
88662
79
88833
78
88983
84
89143
69
89263
78
89474
85
89614
84
89864
79
97105
32
97335
85
97495
84
97635
73
97776
76
97926
73
98777
90
98907
90
99067
65
99298
82
99428
69
99528
32
99748
73
99919
76
00089
32
00249
77
00369
69
00449
78
00650
85
01040
219
01321
32
05677
84
05877
65
06007
66
06118
69
06398
76
06538
76
06638
65
06789
32
07570
189
07760
32
07980
70
08060
79
08160
82
08291
77
08531
85
08751
192
08771
76
08861
65
09242
8
09382
8
09532
8
10073
76
10173
65
10294
32
10424
69
10524
32
10734
73
10894
78
11035
83
12857
82
13138
73
13248
82
13398
69
13949
8
14099
8
14249
8
14409
8
14990
69
15181
82
15341
73
15471
82
15491
84
15932
8
16713
69
17083
32
17404
78
17514
69
17754
76
17995
32
19967
80
20078
82
20238
73
20398
77
20598
79
20819
32
21329
67
21510
65
21610
77
21810
80
21970
79
22161
32
22421
16
22771
50
23272
71
23452
69
23643
84
23963
16
24214
50
24834
32
25115
73
25305
78
25415
32
25566
65
25656
76
25846
84
25996
79
26176
32
26377
73
26547
76
26697
32
26897
82
26998
73
27168
71
27699
8
27849
70
28009
69
28159
82
28289
73
28430
77
28540
69
28640
78
28760
84
28880
79
29441
32
32245
65
32505
83
32636
83
32826
85
33016
76
33247
85
33497
84
33617
79
34558
32
36491
69
36671
83
37072
49
37643
8
38274
16
38775
16
39045
190
39235
16
39415
190
39676
32
39836
65
40217
49
40567
32
40968
68
41128
69
41488
76
41639
76
41769
69
42440
8
43051
65
43682
32
43812
67
43972
69
44152
76
44292
76
44373
65
45034
32
45224
68
45414
65
47457
32
47677
67
47838
73
48008
80
48308
8
48468
8
49199
79
49360
80
49520
73
49630
65
50361
37
50862
37
50892
37
50932
37
50962
37
50992
37
51032
37
51062
37
51092
37
51122
37
51303
37
51453
37
51583
37
51723
37
51873
37
52014
37
52164
37
52464
37
53165
73
53305
32
53456
68
53616
65
53846
84
53976
73
54127
32
54247
68
54387
69
54537
76
54677
76
54757
65
55819
46
55959
46
56119
46
56620
39
56710
39
56820
39
56941
39
57051
39
57161
39
57271
39
57381
39
57491
39
57602
39
57712
39
57822
39
57942
39
58042
39
58132
39
58253
39
58933
82
59084
69
70730
32
70831
16
70991
56
71291
65
71502
49
71692
32
72273
69
73595
8
74316
83
74466
73
74616
32
75067
82
75217
73
75407
70
75597
69
75758
82
75898
73
76008
83
76188
67
76379
69
76589
32
76749
65
77410
76
77540
76
77670
65
77791
32
78351
80
78502
82
78632
73
78812
77
78912
65
79052
32
79553
67
79753
69
80374
76
80505
76
80595
65
80785
32
81226
73
81416
78
81556
32
81706
65
81796
76
81977
84
82107
79
82277
32
82387
65
82507
32
82648
83
82768
73
82938
78
83108
73
83218
83
83429
84
83579
82
83809
65
85412
16
85922
16
85952
16
85982
16
86012
16
86052
16
86083
16
86113
16
86143
16
86193
57
88456
190
88686
32
89568
16
90068
16
90108
16
90138
16
90168
16
90198
16
90239
16
90269
16
90299
16
90329
16
90369
16
90399
16
90429
16
91350
16
91540
76
91761
219
91951
65
92261
71
92422
71
92522
73
92672
79
92822
82
92942
78
93173
65
94084
77
94194
69
94304
78
94435
84
94575
79
94795
32
95436
78
95656
79
95847
78
95967
32
96157
69
96387
219
96588
32
96718
65
96858
85
97018
84
97188
79
97349
77
97479
65
97719
84
97809
73
97920
67
98040
79
99382
188
99522
32
99742
80
99822
69
99993
82
00173
32
02005
69
02466
70
02606
70
02787
69
03007
84
03157
84
03307
85
03387
65
03588
82
03678
76
03828
79
04058
32
04739
79
04970
67
05090
67
05220
79
05440
82
05571
82
05731
69
05941
32
06532
73
06712
78
06892
83
07203
69
07463
82
07603
73
07694
84
07714
82
07884
69
08214
8
08355
8
08525
8
09226
82
09396
69
09586
32
10237
78
10337
69
12210
76
12330
76
12450
65
12611
32
13141
66
13242
65
13492
82
13632
82
13852
65
17678
32
17798
68
17958
69
18048
73
18219
32
19000
80
19270
85
19451
76
19841
83
19981
65
20232
78
20412
84
20542
73
21323
32
21604
76
21874
219
22154
73
22395
67
22545
79
22745
78
22865
65
22976
32
23456
16
23837
50
24157
65
24658
71
24788
71
24938
73
25109
79
25319
78
26030
8
26150
82
26871
78
26981
65
27091
32
27262
67
27452
65
27542
77
27742
80
27762
79
27913
73
28854
8
28994
8
30106
73
30396
16
30607
50
30867
32
31137
67
31257
72
31348
69
31458
32
31598
67
31758
79
31958
78
32069
83
32259
69
32429
78
32489
84
32660
69
32830
32
33701
68
33841
73
34052
32
34803
65
35113
71
35253
71
35383
73
35534
79
35694
78
35814
82
36455
8
37547
8
37777
82
38398
78
38598
65
39149
82
39299
69
39409
32
39940
80
40160
73
40321
85
40751
219
41062
32
42544
67
42744
69
43245
76
43375
76
43465
69
43635
32
45838
79
46089
32
46469
65
46620
78
46990
67
47090
72
47220
69
47391
32
48022
85
48202
78
48322
65
48422
32
48642
73
48813
78
48993
84
49173
69
49323
82
49534
65
49714
32
50625
84
50856
65
50966
66
51096
69
51467
76
51607
76
51737
65
51887
32
52438
83
52608
69
52758
32
52919
83
53109
69
53249
76
53269
75
53730
8
53920
8
54080
8
54241
8
54391
8
54551
8
54711
8
55092
16
55372
56
55623
83
55783
69
55893
32
56013
83
56183
69
56324
76
56424
69
56944
90
57475
73
57625
79
57776
78
57896
65
58126
84
58366
65
58587
16
58777
57
62072
32
62302
67
62482
73
63043
8
64195
79
64195
78
64295
32
64535
85
64736
78
64876
32
65036
83
65156
79
65286
76
65427
79
65597
32
65767
67
65957
76
66138
73
66268
67
66769
75
68521
190
74660
38
75161
38
75191
38
75231
38
75261
38
75291
38
75331
38
75361
38
75391
38
75421
38
75461
38
75491
38
75521
38
75561
38
75591
38
75621
38
75802
40
75952
40
76072
40
76202
40
76302
40
76412
40
76503
40
76603
40
76703
40
76793
40
77113
38
77414
40
84474
32
84664
16
84915
84
85145
65
85295
76
85425
51
85586
32
86056
8
86196
8
86327
69
86928
32
87418
70
87578
85
87759
78
87869
90
88009
73
88169
79
88340
78
88460
69
88960
32
89161
68
89281
73
89431
32
89591
81
90052
8
90212
87
90903
79
91013
82
91204
68
91344
32
92435
80
92696
85
92876
79
93267
219
93467
32
93607
69
93998
83
94118
83
94298
69
94458
82
94579
69
94679
32
94879
85
95019
84
95159
73
95300
76
95440
69
95590
32
96091
78
96201
69
96341
76
96501
32
96601
67
96802
65
96972
83
97092
79
18213
32
18353
67
18453
72
18553
69
18693
32
22889
78
23100
79
23660
8
24612
79
24832
78
24972
32
25122
83
25233
73
25383
32
25573
73
25723
78
25874
84
26054
69
26134
78
26264
68
26424
69
33184
38
33474
40
33615
40
33815
38
49077
40
49187
40
49367
38
49498
38
49798
40
53113
40
53603
8
54194
65
54344
32
56017
73
56207
78
56618
71
56908
79
57108
66
57229
65
57429
82
57569
69
57669
32
57880
85
58050
78
58170
32
58811
70
58981
79
59502
8
59662
8
60644
8
61014
65
61495
32
61705
84
61905
65
62036
66
62156
69
62346
76
62476
76
62576
65
62737
32
63668
68
63788
73
63948
32
64058
69
64289
88
64509
67
64679
69
64820
76
65010
32
66442
38
66642
39
67143
39
67173
39
67213
39
67243
39
67273
39
67303
39
67343
39
67373
39
67403
39
67443
39
67473
39
67503
39
67533
39
67573
39
67604
39
67634
39
67674
39
67704
39
67734
39
67764
39
67804
39
67834
39
67864
39
67894
39
67934
39
67964
39
67994
39
68024
39
68064
39
68094
39
68124
39
68164
39
68194
39
68224
39
68254
39
68295
39
69226
76
69767
39
69977
39
70097
39
70197
39
70297
39
70898
32
71239
78
71379
69
71519
76
71669
32
71820
70
71930
73
72070
76
72180
69
72280
32
72551
87
72691
79
72841
82
73021
68
74033
39
74213
39
74343
39
74544
39
75225
32
75785
16
76026
50
76536
80
76667
79
77037
82
77348
90
77518
73
77648
79
77818
78
77918
69
78519
16
78780
50
79411
39
80402
68
80512
73
80692
32
81213
39
81714
39
81744
39
81784
39
81814
39
81844
39
81874
39
81914
39
81944
39
81974
39
82014
39
82044
39
82074
39
82104
39
82144
39
82174
39
82205
39
83536
67
84097
8
84298
8
85199
188
85339
32
85489
67
85619
79
85810
78
85940
32
86190
76
86340
69
86441
32
86571
82
86711
69
86811
76
86921
65
87142
84
87222
73
87332
86
87532
69
88053
32
88283
76
88403
69
88554
78
88684
84
88874
69
89495
90
89625
90
89846
69
91137
190
91248
190
91378
190
91528
190
91608
190
93571
13
94542
13
95093
13
95263
13
95424
13
95584
13
95914
38
96215
38
96325
38
96435
38
96545
38
96645
38
96755
38
96866
38
96976
38
97096
38
97206
38
97316
38
97436
38
97547
38
97647
38
97767
38
97877
38
97977
38
98087
38
98208
38
06550
37
07541
13
08082
13
08212
13
08352
13
08562
13
08663
13
08753
13
08873
13
08983
13
09073
13
09574
13
09604
13
09634
13
09674
13
09704
13
09734
13
09774
13
09804
13
09834
13
09864
13
09904
13
09934
13
09964
13
09994
13
10035
13
10065
13
10095
13
10125
13
10165
13
10195
13
10225
13
10265
13
10295
13
10325
13
10846
38
11056
38
11557
38
11587
38
11627
38
11657
38
11687
38
11717
38
11757
38
11787
38
11817
38
11857
38
11887
38
11917
38
11947
38
11987
38
12017
38
12047
38
12088
38
12118
38
12148
38
12178
38
12218
38
12248
38
12278
38
12308
38
12348
38
12378
38
12408
38
12438
38
12478
38
12508
38
12538
38
12578
38
12608
38
12638
38
12668
38
12708
38
12738
38
12768
38
12799
38
12839
38
12869
38
12899
38
12939
38
12969
38
12999
38
13029
38
13069
38
13099
38
13129
38
13169
38
13199
38
13229
38
13259
38
13299
38
13329
38
13359
38
14150
40
14651
40
14681
40
14711
40
14751
40
14781
40
14811
40
14841
40
14882
40
14912
40
14942
40
14982
40
15012
40
15042
40
15072
40
15112
40
15142
40
15172
40
15332
38
15833
38
15873
38
15903
38
15933
38
15973
38
16003
38
16033
38
16063
38
16103
38
16133
38
16163
38
16203
38
16233
38
16264
38
16294
38
16334
38
16364
38
16394
38
16424
38
16464
38
16494
38
16524
38
16554
38
16594
38
16624
38
16654
38
16694
38
23694
79
24375
46
31545
16
31736
48
37534
16
37955
56
40348
16
40649
57
