75248
16
75388
68
75929
190
76139
16
76299
70
76680
190
76860
32
77010
69
77270
219
77471
32
77681
85
77871
78
78022
32
78242
66
78382
65
78673
77
78893
66
79063
73
79243
78
79424
79
79594
32
79834
86
79954
73
80105
86
80325
65
80555
86
80725
69
80836
32
80956
69
81076
32
81186
83
81356
67
81537
65
81667
76
81847
77
81977
65
82087
78
82428
84
82638
79
83710
8
83860
8
84210
8
85262
78
85372
65
85643
84
85833
79
88607
188
88747
32
88967
67
89087
79
89268
77
89378
69
89488
32
89658
76
89829
79
90019
32
90159
83
90239
73
90389
69
90580
219
90790
32
90940
65
91040
32
92012
84
92172
82
92342
69
92522
32
92633
65
92853
78
92993
78
93143
73
95807
190
96007
32
96228
16
96408
83
96628
65
96879
66
96979
65
97209
84
97349
79
97540
32
97690
83
97880
67
98050
79
98151
82
98351
83
98501
79
98731
32
01005
76
01135
65
01225
32
01345
83
01435
85
01555
65
01676
32
03168
86
03308
73
03448
84
03668
65
03799
32
03919
69
04149
219
04359
32
04500
67
04670
65
04810
77
04990
66
05151
73
05261
65
05491
84
05701
65
11269
190
11480
32
11650
16
11820
77
12051
69
12371
78
12481
84
12691
82
12711
69
13883
32
14174
71
14364
73
14514
79
14654
67
14845
65
15055
86
15225
65
15355
32
15515
66
15536
78
15616
69
15916
8
16196
8
16687
8
17018
78
17138
69
17258
76
17418
32
17548
83
17779
85
17959
79
18139
32
18239
67
18350
79
18510
82
18670
84
18790
73
18950
75
19041
69
19361
8
20252
8
20883
76
21043
69
21114
32
21274
68
21354
73
21534
32
21634
67
21825
65
22005
83
22165
65
30357
32
30567
83
30677
73
30848
32
31008
69
31318
219
31549
32
31729
84
31859
73
32009
82
32230
65
32430
84
32540
79
32720
32
32870
65
33201
68
33351
68
33521
79
33702
83
33862
83
34012
79
34302
32
34883
85
35074
78
35214
65
35294
32
35785
66
35905
69
36105
84
36275
79
36456
78
36616
73
36706
69
36876
82
37066
65
42915
190
43095
32
43315
16
43486
76
43696
65
45459
32
45669
71
45869
65
46059
77
46260
66
46430
65
47201
32
47381
83
47572
73
47732
78
47882
73
47992
83
48202
84
48373
82
48573
65
48743
32
48853
69
49054
219
49244
32
49374
82
49504
73
49665
77
49805
65
49985
83
50185
84
50386
65
50506
32
50606
83
50756
79
50936
84
51077
84
51217
79
51387
32
51708
81
51868
85
52008
65
52218
83
52378
73
53210
32
53530
84
53690
82
53901
65
54131
78
54231
67
54331
73
54441
65
54672
84
54882
65
57466
32
57686
68
57856
65
57987
76
58147
32
58287
77
58387
65
58648
67
58768
67
58898
72
59048
73
59208
78
59338
65
59569
82
59869
8
60040
8
60801
65
61041
82
61221
73
61371
79
65718
188
65858
32
65958
65
66208
84
66359
84
66569
65
66809
67
66949
67
67140
65
67380
84
67540
84
67560
82
67961
8
69213
8
69383
65
69864
32
70094
83
70224
79
70354
76
70505
79
70685
32
70855
80
70945
69
71085
82
71196
32
71376
85
71536
78
71686
32
72027
80
72237
73
72558
67
72698
67
72748
79
72878
76
73018
79
73218
32
73709
76
73819
69
73990
77
74250
66
74470
79
74651
32
74771
68
74861
73
75031
32
75221
80
75432
69
76173
76
76283
76
76373
69
81671
190
81851
32
82021
16
82191
76
82482
219
82692
69
82852
76
83023
73
83263
67
83413
79
83643
84
83794
84
83974
69
84134
82
84234
79
84395
32
84495
68
84645
69
84735
76
84865
32
85015
49
85336
49
85576
56
85817
32
86928
76
87078
79
87419
72
87559
65
87659
32
88460
8
88591
8
88731
8
89241
32
89602
72
89722
65
89822
32
90043
84
90203
82
90423
65
90623
83
90824
80
90974
79
91174
82
91385
65
91595
84
91735
79
91915
32
92026
65
92146
76
92316
32
92566
49
92727
49
92857
56
01549
190
01739
32
01930
16
02090
73
02280
77
02420
69
02641
68
02771
73
02861
67
02991
73
03222
32
04113
37
04253
37
04393
37
04523
37
04654
37
04794
37
04934
37
05144
32
05365
39
05695
39
05805
39
05905
39
06006
39
06106
39
06196
39
06817
68
06957
69
07067
76
07217
32
17943
37
18443
37
18474
37
18514
37
18544
37
18574
37
18614
37
18644
37
18674
37
18704
37
18744
37
18774
37
18804
37
18834
37
18874
37
18904
37
18934
37
18964
37
19004
37
19034
37
19064
37
19375
39
20567
32
20697
16
20867
84
21248
79
21378
82
21488
73
21638
78
21858
79
22509
46
22700
46
22840
46
22980
46
23140
46
23641
39
24142
39
24172
39
24202
39
24242
39
24272
39
24302
39
24332
39
24372
39
24402
39
24432
39
24472
39
24502
39
24532
39
24562
39
25173
16
25554
82
25804
69
26044
71
26205
73
26375
78
26515
65
26635
32
27106
16
27537
77
27727
65
27947
82
28157
71
28328
72
28408
69
28578
82
28708
73
28818
84
29049
65
29189
32
29529
86
29680
79
29960
71
30080
76
30270
73
30421
79
30571
78
30751
79
30911
32
31032
65
31172
77
31422
80
31612
85
31763
84
31953
65
32153
82
32283
69
32384
32
32574
76
32844
219
32974
65
33205
82
33345
84
33495
79
35648
190
35839
32
36760
16
37070
65
37431
76
37601
32
37771
16
37921
67
38302
84
38462
79
38653
32
39554
84
39754
69
39994
78
40585
84
40926
65
41637
78
41817
79
41997
32
42168
76
42418
219
42748
73
42929
77
43109
80
43239
79
43550
83
43700
83
43840
73
44150
66
44261
73
44411
76
44501
69
62727
32
63258
69
63448
32
63598
68
63849
80
63999
79
64900
8
65040
8
65681
79
65832
80
65982
79
66162
32
66332
83
66503
69
66723
84
66873
84
67063
69
67214
32
67414
79
67574
82
67724
69
68315
32
68966
68
69116
73
69297
32
69477
73
69617
78
69757
84
69928
69
70108
82
70308
86
70488
69
70619
78
70729
84
70879
79
71079
32
74234
82
75355
73
75445
69
76166
83
76377
67
76607
79
76797
78
76978
79
77188
32
77579
65
77869
32
78350
82
78550
73
78690
65
78981
84
79131
84
79381
65
81795
67
81975
65
82185
82
82315
69
82446
32
82626
76
82856
219
82956
65
83207
82
83377
84
83527
79
84529
190
85580
13
86231
16
87112
38
87323
39
87823
39
87853
39
87893
39
87923
39
87953
39
87993
39
88024
39
88054
39
88084
39
88124
39
88154
39
88184
39
88224
39
88254
39
88284
39
88314
39
88354
39
88384
39
88414
39
88444
39
88484
39
88514
39
88544
39
89125
16
89335
76
89626
219
90397
69
90737
81
90998
85
91308
73
91499
80
91619
69
93922
37
94423
37
94453
37
94493
37
94523
37
94553
37
94593
37
94623
37
95404
76
95935
46
96446
39
96946
39
96976
39
97006
39
97047
39
97077
39
97107
39
97147
39
97517
37
98038
32
98388
67
98579
79
98779
77
98939
80
99089
79
99190
83
99410
84
99610
65
99740
32
99911
68
00111
65
01022
32
09945
85
10135
78
10266
32
10506
67
10806
72
11547
73
11748
82
11968
73
13851
8
14452
85
14582
82
14822
71
14992
79
15183
32
15343
86
15543
65
15844
83
16034
67
16184
79
16334
76
16424
65
16685
82
16875
69
17846
188
17997
32
18197
85
18357
78
18527
79
18688
32
18888
80
19048
76
19218
65
19409
83
19619
84
19779
73
19859
67
20000
79
20640
32
20771
69
20941
32
21722
50
22934
32
23675
77
23845
73
23965
67
24166
82
24326
79
24776
67
25497
8
26609
72
26839
73
27060
82
27270
85
27600
82
27881
71
28111
72
28271
73
29703
40
29724
37
30334
38
30575
39
31075
39
31105
39
31136
39
31176
39
31206
39
31236
39
31276
39
31306
39
31336
39
31366
39
31406
39
31436
39
31466
39
31496
39
31536
39
31566
39
31596
39
31626
39
31666
39
31696
39
31726
39
31756
39
31796
39
31827
39
31857
39
31897
39
31927
39
32157
37
32878
67
33229
39
33729
39
33769
39
33799
39
33829
39
33869
39
33900
39
33930
39
33960
39
34000
39
34230
37
34370
37
34530
37
34671
37
34831
37
35081
39
35241
39
35392
39
36293
32
36764
39
37264
39
37294
39
37324
39
37364
39
37395
39
37555
40
39818
32
40239
16
40559
79
40799
82
40990
65
41130
32
41210
67
41340
73
41500
32
41641
86
41731
79
42292
82
42442
82
42642
65
42902
78
43033
78
43193
79
43523
32
43864
65
09950
40
10070
40
10271
38
10431
38
10972
40
20736
32
20856
65
20966
76
21156
67
21357
85
21507
78
21627
69
21757
32
22208
83
22388
69
22618
84
22759
84
22889
73
23049
77
23159
65
23249
78
23390
69
23510
32
23710
80
23840
69
23990
82
24071
32
24852
8
26905
8
27185
32
27315
69
27515
83
27666
83
27836
69
27996
82
28146
69
28297
32
28387
83
28597
73
28757
67
28988
85
29158
82
29318
73
29498
32
29598
68
29739
69
29889
76
30009
76
30179
219
30310
69
30510
83
30630
73
30790
84
30960
79
31151
32
31341
80
31501
79
31702
83
31852
73
32012
84
32152
73
32292
86
32473
73
33344
8
34115
79
34285
32
34395
68
34556
69
34796
76
34916
76
35086
219
35757
79
35918
80
36038
69
36208
82
36438
65
36649
90
37300
73
37450
79
37630
78
37800
69
42237
190
47805
38
48305
38
48335
38
48375
38
48406
38
48436
38
48476
38
48506
38
48536
38
48566
38
48606
38
48636
38
48666
38
48866
39
49367
39
49397
39
49437
39
49467
39
49497
39
49537
39
49567
39
49597
39
49627
39
49667
39
49697
39
49727
39
49757
39
49798
39
49828
39
50068
37
50228
37
50519
32
50989
40
51200
40
58540
40
58700
40
58871
40
58991
40
59321
38
59562
37
60062
37
60092
37
60122
37
60162
37
60192
37
60223
37
60253
37
60293
37
60323
37
60353
37
60393
37
60423
37
60453
37
60483
37
60523
37
60553
37
60583
37
60623
37
60653
37
60683
37
60713
37
60753
37
60783
37
60813
37
60843
37
60883
37
60914
37
60944
37
60974
37
61014
37
61044
37
61174
40
61454
37
61955
37
61985
37
62015
37
62045
37
62085
37
62115
37
62145
37
62175
37
62215
37
62245
37
62275
37
62316
37
62346
37
62376
37
62406
37
62446
37
62476
37
62506
37
62816
39
63027
39
63467
37
63768
39
64619
76
64729
69
64979
86
65190
65
65370
78
65540
79
66341
46
66482
46
66632
46
66782
46
66932
46
67173
46
67753
39
68244
39
68284
39
68314
39
68344
39
68384
39
68414
39
68444
39
68474
39
68514
39
68544
39
68575
39
68615
39
68645
39
68675
39
68705
39
68745
39
68775
39
68805
39
68835
39
68875
39
68905
39
68935
39
68975
39
69005
39
69035
39
69065
39
72821
40
73021
40
75845
40
76015
40
76175
40
76516
38
76746
39
77968
13
