48932
76
49042
69
49142
32
49253
84
49413
69
49603
67
49843
78
50014
79
50144
76
50284
79
50544
71
50645
73
50755
69
50885
32
51466
68
51606
69
51726
80
51726
76
51876
76
52357
8
52497
8
52627
8
53158
76
53278
76
53359
65
53469
32
53619
67
53779
79
53969
77
54220
85
54370
78
54510
73
54600
67
54811
65
55191
90
55772
73
55902
79
56052
78
56193
69
56223
82
56343
32
56803
8
57785
8
57925
69
58366
8
58476
8
59317
69
59417
32
59547
83
59748
79
59938
78
60108
79
60268
32
60349
83
60539
84
60689
82
60819
85
60969
77
61090
69
61170
78
61290
84
61400
73
61871
32
63223
80
63363
79
63473
76
63613
73
63814
84
63914
73
64014
67
64134
73
64304
32
64495
79
64655
32
64885
65
65105
82
65326
77
65496
73
66828
32
67319
80
67469
79
67579
76
67719
73
67889
84
67909
82
68000
73
68370
8
68510
8
69792
73
69952
67
70053
72
70183
69
70463
32
72616
32
73167
73
73337
32
73528
80
73668
82
73768
79
73908
68
74058
79
74479
84
74629
84
74709
73
90021
37
90141
37
90292
37
90792
37
90832
37
90862
37
90893
37
90923
37
90963
37
90993
37
91023
37
91063
37
91093
37
91123
37
91343
39
91503
39
92264
16
92515
190
94558
39
94688
39
94818
39
94928
39
95319
37
95699
37
95840
37
96100
39
96240
39
96360
39
96491
39
96621
39
96761
39
96891
39
97031
39
97172
39
97312
39
97442
39
98003
32
98203
68
98313
73
98453
32
98584
84
98764
65
98814
76
98964
73
99134
32
99835
84
99986
69
00166
67
00356
78
00516
79
00647
76
00777
79
00967
71
01047
73
01167
69
01307
32
03380
32
04071
78
04252
79
04432
78
04562
32
04732
83
04833
79
05003
78
05183
79
05333
32
05423
83
05584
69
05714
82
05904
86
06034
73
06144
90
06265
73
09499
32
09780
79
09960
32
10100
77
10220
69
10381
82
10551
67
10671
73
10821
32
10961
77
11072
65
11282
84
11432
69
11572
82
11652
73
11793
65
11833
76
11983
73
17631
77
18092
8
18362
188
18492
32
18632
77
18773
65
18853
32
19163
80
19293
69
20515
82
21126
67
21286
69
21627
90
21797
73
21937
79
22077
78
22228
73
22428
32
24601
69
24781
32
24941
67
25092
79
25262
78
25402
83
25462
73
25632
68
25783
69
25943
82
26143
65
26293
90
26434
85
26434
73
26584
79
26744
78
26884
73
27335
8
27475
8
27635
8
27786
8
27946
8
28667
73
28817
79
28987
78
29148
73
29448
32
30199
85
30349
77
30570
78
30750
65
30950
69
31281
8
31401
8
31541
8
31821
65
32432
78
32562
69
34706
190
34846
32
35016
16
35156
73
35376
76
35527
32
35687
67
35897
73
36949
8
37660
85
37810
79
37970
82
38130
69
38291
32
39232
83
39452
84
39623
69
39813
83
39933
83
40043
79
40193
32
40274
68
40424
69
40594
76
40694
76
40784
65
40924
32
41445
68
41595
69
41706
77
41866
79
42016
67
42216
82
42417
65
42607
90
42737
73
42847
65
44980
188
45110
32
45291
73
45451
76
45611
32
45761
70
45942
65
46172
84
46312
84
46462
79
46663
32
48385
67
48505
72
48595
69
48706
32
48886
76
49066
65
49367
8
49837
65
50198
32
50518
71
50688
69
50799
78
50949
84
51129
69
51309
32
51430
83
51520
73
51700
65
51720
32
52131
8
52962
32
53172
67
53352
65
53442
80
53543
65
53793
67
53953
69
55966
32
56427
68
56557
73
56717
32
56817
82
56968
69
57158
65
57318
76
57478
73
57749
90
57879
90
58029
65
58239
82
58390
69
58520
32
58600
65
58730
85
58860
84
59081
79
60493
71
60623
79
60833
86
61003
69
61154
82
61424
78
61574
79
65029
188
65149
32
65320
69
65620
219
65810
32
66021
85
66211
78
66351
32
66601
80
66762
82
66882
79
66982
68
67242
79
67523
84
67653
84
67743
79
71168
32
71949
68
72089
69
72209
76
72350
32
72510
83
72650
65
72780
80
72890
69
73031
82
73171
32
73331
76
73441
69
73692
71
73822
71
73992
69
74152
82
74282
69
74443
32
74553
69
74683
32
74783
83
74943
67
75144
82
75344
73
75474
86
75654
69
75825
82
75945
69
79440
190
79600
32
79850
16
80001
71
80371
76
80551
73
80732
32
81593
65
81693
78
81813
65
81913
76
82214
70
82394
65
82695
66
82805
69
82975
82
82995
84
83365
8
83486
84
84757
8
84918
8
85839
84
86019
85
86029
73
87942
188
88062
32
90295
67
90596
72
90786
73
90966
32
91127
78
91337
79
91517
78
91667
32
91878
80
92018
79
92298
83
92439
83
92599
73
92779
69
92989
68
93140
69
93300
32
93480
76
93600
65
93700
32
93861
76
94031
73
94221
66
94361
69
94522
82
94672
84
94872
65
95082
219
96875
32
97045
68
97155
73
97316
32
97416
69
97566
83
97766
80
98127
82
98267
73
98417
77
98527
69
98678
82
98828
83
98968
73
00750
190
05377
8
05497
8
05638
8
05788
8
06659
82
06799
69
06909
32
07060
76
07170
69
07260
32
07420
80
07550
82
07700
79
07901
80
08131
82
08241
73
08331
69
08492
32
08862
79
09333
80
09523
73
09693
78
09894
73
10044
79
10214
78
10374
73
14610
188
14731
32
15091
81
15221
85
15412
66
15432
78
15802
8
15992
8
16413
65
16944
78
17124
84
17244
73
17424
32
17585
78
17775
79
17955
78
18085
32
18296
66
18636
8
18857
8
19347
32
19578
72
19718
65
19958
78
20068
78
20228
79
20419
32
20539
65
20759
67
20899
67
21100
69
21250
83
21370
83
21470
79
21620
32
21731
65
21851
76
22041
79
22352
73
23213
8
23353
8
23643
8
24064
32
24324
76
24515
73
24705
66
24885
82
25035
73
25196
32
25326
69
25586
16
25907
55
26347
79
26518
32
26808
68
27048
79
27249
67
27379
85
27539
77
27639
69
27749
78
27849
84
28050
73
32196
188
32326
32
32516
67
32586
79
32696
83
32917
84
33037
79
33167
82
33297
79
33488
32
33748
78
33978
79
34179
78
34319
32
34449
83
34569
79
34759
78
34930
79
35090
32
35911
73
36081
78
36191
32
34563
71
34743
82
34953
65
35264
68
35424
73
35915
8
36576
79
36746
32
36896
68
36996
73
37177
32
37858
71
38018
79
38238
66
38549
8
38679
86
38859
69
38989
82
39129
66
39240
65
39430
82
39770
8
39891
8
40031
8
40812
78
40912
65
41102
82
41242
69
41353
32
41433
83
41573
69
41693
32
41763
83
41944
84
42094
69
42114
87
42274
83
42414
83
42524
73
43155
8
43275
8
43416
8
43716
8
43876
69
44517
8
44808
83
44928
83
45018
73
56124
190
57496
13
57776
80
57916
69
58067
82
58177
32
58417
70
58607
65
58808
82
58968
32
59258
70
59439
85
59589
78
59719
90
59899
73
60050
79
60220
78
60330
65
60530
82
60670
69
60791
32
60961
85
61121
78
61281
65
61391
32
61562
68
61712
69
61842
77
62032
79
62243
67
62443
82
64005
65
64175
90
64336
73
64466
65
64576
32
64927
79
65217
67
65337
67
65487
79
65728
82
65808
82
65978
79
66178
78
66369
79
66529
32
66939
84
67180
85
67380
84
67500
84
67610
73
67771
32
67891
69
68001
32
68181
84
68331
82
68502
69
68682
32
68862
73
69042
32
71756
71
71887
76
72047
73
72207
32
72347
69
72427
76
72548
69
72688
77
72798
69
72908
78
73038
84
73289
73
77765
32
77925
68
78055
73
78206
32
78396
79
78766
71
78977
78
79157
73
79327
32
79447
83
79588
73
79698
83
79898
84
80048
69
80319
65
81020
8
81560
77
81681
65
81751
32
81881
68
81971
73
82121
32
82312
67
82522
79
82692
77
82872
85
83013
78
83153
73
83253
67
83433
65
83593
90
83694
73
83824
79
83964
78
84064
69
84194
32
84755
80
84985
85
85356
66
85486
66
85596
76
85757
73
85907
67
86017
79
91415
16
91705
188
92116
8
92256
16
92426
190
92636
32
93307
83
93448
65
93558
80
93678
69
93818
82
93928
32
94078
76
94189
69
94429
71
94559
71
94729
69
94890
82
95040
69
95200
32
95310
69
95480
32
96883
83
97063
67
97263
82
97393
73
97553
86
97724
69
97884
82
98004
69
01089
188
01209
32
01399
76
01599
73
01820
66
01980
69
02150
82
02310
84
02521
65
02831
219
03973
188
04153
32
09330
8
09461
8
10112
69
10252
32
10472
80
10592
79
10873
83
11013
83
11123
73
11764
66
11864
73
12014
76
12144
73
12265
84
12455
65
12595
219
12785
32
12886
68
12986
73
13156
32
13256
65
13486
67
13617
67
13797
69
13957
83
14087
83
14207
79
15019
190
45372
13
51391
16
51561
80
51832
69
51982
82
52152
84
52332
65
52472
78
52633
84
52773
79
52963
32
53864
83
54015
73
54165
32
54375
80
54606
85
54806
79
55156
219
55347
32
55467
65
55687
70
55827
70
55998
69
56148
82
56248
77
56358
65
56548
82
56689
69
56779
32
56919
67
57029
72
57139
69
57249
32
57510
76
57610
69
57720
32
57940
78
58181
85
58361
79
58511
86
58681
69
58792
32
58902
84
59062
69
59262
67
59432
78
59593
79
59613
73
59763
76
59913
79
60174
8
60324
8
60654
8
61275
76
61405
79
61626
71
61716
73
61846
69
61966
32
62587
80
62727
82
62847
79
62978
68
63188
85
63498
67
63638
79
63809
78
63989
79
64149
32
64269
65
64900
78
65030
67
65111
72
65221
69
65311
32
65691
67
65872
65
66102
77
67254
66
67414
73
67544
65
67614
77
67754
69
67835
78
67965
84
68095
73
68265
32
70508
80
70659
79
70769
76
70919
73
71139
84
71229
73
71340
67
71420
73
72151
8
72281
8
72431
8
73342
73
73453
67
73543
73
76477
190
