90401
78
90562
79
90722
78
90812
32
91002
72
91163
79
91273
32
91553
70
91773
65
91974
84
92124
84
92244
79
92304
32
92855
80
92975
69
93115
82
93215
32
93426
84
93636
85
93736
84
93886
84
94047
79
94147
32
94337
81
94497
85
94587
69
94738
83
94938
84
95028
79
95098
32
95308
84
95418
69
95559
77
95729
80
95869
79
96009
32
96740
76
97111
222
97281
69
97431
83
97632
69
98473
8
98673
80
98783
69
98923
82
99064
73
99244
77
99304
69
99464
78
99584
84
99654
79
99745
32
99955
80
00055
69
00245
82
00826
72
01036
69
01597
8
01787
8
01898
67
02108
72
02318
69
02529
222
02709
32
03460
83
03660
79
03790
78
03930
79
04001
32
04171
73
04301
78
04421
32
04702
80
04912
73
05082
69
05132
78
05332
79
05413
32
05573
68
05713
73
06114
8
06204
69
06354
76
06614
73
06805
82
06985
73
07285
79
07796
191
08337
8
08527
190
08627
32
08897
79
09108
82
09218
77
09328
65
09528
73
09899
32
10089
76
10199
65
10410
86
10510
79
10650
82
10760
79
10820
32
11061
73
11211
78
11371
73
11762
78
12452
84
12643
69
12813
82
12933
82
13093
79
13304
84
13444
84
13654
65
13784
77
13905
69
14045
78
14165
84
14225
69
14345
32
14626
68
14796
65
14896
76
15056
76
15096
69
15246
32
17770
55
18311
190
18541
51
18691
48
18841
32
18992
65
19152
76
19312
76
19372
69
19492
32
20614
57
21145
190
22096
51
22256
48
22346
32
22537
67
22637
79
22777
78
22877
32
23067
80
23248
65
23388
85
23678
83
23859
65
23979
32
24409
67
24570
69
24700
78
24840
65
25230
188
25341
32
28074
80
28255
73
28415
67
28565
67
29016
8
29176
8
29356
8
29957
8
30187
66
30308
82
30328
69
30548
86
30718
69
30878
32
31149
83
31439
86
31609
65
31820
71
31930
79
31990
32
32070
68
32210
73
32290
32
32431
86
32611
65
32781
84
32791
82
32941
73
33051
65
33272
8
33422
8
33582
8
33762
8
33853
82
33993
73
34093
65
34193
32
34403
78
34504
65
34754
84
34924
85
35044
82
35194
65
94979
188
95109
32
95409
69
95499
32
95680
80
95830
79
96000
73
96110
32
96431
83
96571
80
96721
69
96911
83
97052
83
97132
79
97232
32
97372
82
97522
73
97703
67
97853
79
98093
78
98804
8
99235
77
99365
73
99515
78
99665
67
99765
73
99936
79
00056
32
00657
8
01227
190
01378
32
01548
16
01698
76
01838
69
02059
71
02199
71
02329
79
02529
188
02649
32
02920
83
03140
67
03320
82
03471
73
03591
86
03811
79
04212
190
04442
190
04652
190
04772
32
05944
67
06235
222
06245
191
06365
69
06986
8
07156
8
07837
69
08207
222
08327
32
08538
73
08708
76
08788
32
08918
67
09038
79
09219
70
09389
73
09519
78
09860
32
09980
68
10120
65
10180
32
10350
80
10430
82
10491
69
10691
83
10881
69
11011
78
11101
84
11252
65
11392
82
11482
69
11642
188
11752
32
13264
76
13455
79
13515
32
14025
8
14176
8
14336
8
14556
71
14907
76
15047
73
15117
32
15227
83
15558
67
15738
82
15888
73
16018
84
16148
84
16269
73
16359
32
16489
68
16689
73
16819
32
17150
80
17270
82
17440
79
17631
71
17841
82
18001
65
18111
77
18241
77
18281
65
18472
90
18512
73
18622
79
18752
78
18832
69
18912
32
19033
68
19133
69
19533
8
19603
65
19724
32
19894
80
20014
82
20114
69
20364
80
20475
65
20645
82
20875
65
21025
82
21095
69
21296
188
21436
32
24100
71
24180
76
24300
73
24380
32
24640
69
24811
83
24971
79
25131
78
25201
69
25381
82
25562
73
25672
32
25792
68
25912
73
25952
32
26173
76
26263
65
26433
66
26643
79
26743
82
26894
65
27114
84
27274
79
27645
82
27885
73
28065
79
28506
32
28616
68
28796
65
28987
32
29297
68
29517
65
29868
8
30028
8
30048
70
30298
65
30559
82
30719
69
30979
190
31210
32
31430
16
31580
80
31750
79
31911
73
32011
32
33573
83
33663
79
33793
78
33954
79
34044
32
34254
82
34374
73
34775
67
34925
79
35095
77
35275
73
35436
78
35566
67
35736
73
35826
65
36137
84
36617
69
36737
32
36898
76
36988
69
37098
32
37328
76
37499
69
37709
90
37799
73
37879
79
38019
78
38410
73
38480
32
38610
65
38730
76
38830
32
39251
77
39471
85
39581
76
39712
84
39842
73
40002
68
40162
65
40232
77
40373
83
40513
188
40643
32
40803
80
40893
69
41034
82
41104
32
41314
78
41464
79
41604
78
41825
32
42045
80
42135
65
42425
76
42866
8
42936
82
43116
76
43157
65
43477
82
43587
69
43687
32
43928
68
44148
65
44699
69
44829
8
45129
8
45269
69
45450
76
45620
76
45640
65
45790
32
46041
67
46161
79
46351
76
46501
76
46591
65
46772
66
46972
79
47102
82
47232
65
47433
90
47473
73
47553
79
47693
78
47763
69
47883
32
48204
67
48294
79
48424
78
48524
32
48684
73
48865
76
48935
32
49085
67
49285
83
49576
80
50317
190
50417
32
51218
68
51298
69
51518
86
51779
79
51849
32
52069
70
52259
65
52540
69
52610
32
53131
8
53281
8
53421
82
53481
69
53541
32
53741
85
53882
78
53982
32
54202
65
54492
8
54633
8
54693
65
54753
32
54913
80
55033
82
55073
69
55274
83
55474
69
55844
78
55965
84
56175
65
56355
90
56435
73
56545
79
56686
78
56806
69
56896
32
57577
68
57737
79
57847
80
58007
79
58128
68
58508
79
58698
77
58799
65
58919
78
59069
73
59209
32
59399
68
59510
73
59580
32
60170
52
60341
53
60461
32
60761
77
60891
73
61032
78
61192
85
61492
84
61663
73
62133
190
62303
190
62494
190
62614
32
62824
78
62964
79
63105
78
63215
32
63285
83
63525
79
63735
32
63996
66
64086
69
64226
78
64366
69
64446
32
64637
67
64737
79
64927
83
65067
65
65178
32
65608
68
65798
69
66009
86
66139
79
66229
32
66329
65
66479
78
66559
68
66730
65
66890
82
67020
69
67100
32
67270
65
67361
32
67741
68
67991
73
68112
82
68232
69
68743
188
68853
32
69093
80
69203
69
69353
82
69534
73
70034
8
70615
79
70976
222
71126
32
71396
73
71526
78
71627
83
71747
79
71917
77
72067
77
72147
65
72247
32
72438
80
72518
65
72728
82
72808
69
72918
32
73239
67
73369
72
73479
69
73559
32
73690
83
73800
73
73930
65
74100
32
74421
73
74571
77
74741
80
74891
79
75061
82
75272
84
75452
65
75792
78
75963
84
76033
69
76313
190
76313
188
76834
8
77064
32
88941
65
89071
32
89842
80
90002
82
90143
79
90293
80
90443
79
90613
83
90964
73
91144
84
91284
79
91635
16
91895
186
92015
32
92246
67
92396
222
92536
69
92636
222
92736
32
92987
85
93177
78
93567
32
93898
8
94138
222
94258
65
94429
76
94579
84
94729
82
94889
65
94969
32
95260
65
95500
82
95600
69
95831
65
95921
32
96061
68
96161
73
96261
32
96472
82
96572
73
96682
67
96952
69
97253
82
97443
67
97623
65
97783
32
98655
68
98825
65
98925
32
99235
69
99396
83
99916
80
00067
76
00287
73
00297
79
00377
82
00688
8
00828
8
00998
8
01198
79
01318
82
01629
65
01929
82
01959
69
02059
32
02230
83
02340
85
02510
76
02670
76
02740
69
02881
32
03061
65
03261
83
03501
84
03602
69
03722
32
03942
79
04132
78
04453
32
04873
76
05094
73
05234
78
05324
69
06396
188
06506
32
06976
80
07147
69
07317
82
07427
32
07617
78
07757
79
07878
78
07988
32
08148
80
08198
65
08398
82
08519
76
08599
65
08749
82
08859
69
08929
32
09129
68
09250
73
09340
32
10611
84
10732
85
10852
84
10962
84
11042
69
11112
32
11272
76
11333
69
11493
32
11963
68
12104
73
12214
83
12384
67
12514
85
12644
83
12785
83
12865
73
12965
79
13105
78
13245
73
13345
32
13536
73
13886
70
14487
8
14737
78
15148
70
15268
73
15398
78
15629
73
15809
82
15889
69
16009
32
16550
8
16710
8
16940
84
17291
8
17441
8
17521
84
17561
69
17621
32
18062
83
18142
85
18352
32
18623
67
18733
79
18863
77
18963
69
19073
32
19254
82
19324
69
19504
80
19674
69
19885
82
20135
73
20305
82
20435
69
20525
32
20736
73
20856
32
21277
70
21407
79
21577
78
21767
73
21787
79
22218
8
22368
8
22478
68
22598
73
22729
32
22869
80
22949
69
23139
82
23209
32
23359
79
23490
84
23610
84
23730
69
23890
78
23980
69
24080
82
24181
32
24201
69
24761
8
24902
8
24942
69
25052
32
25152
65
25292
76
25462
84
25633
82
25773
73
26233
32
26444
70
26564
79
26724
78
26854
82
27215
8
27305
68
27525
73
27806
190
27966
190
28146
190
28417
32
28717
77
28897
73
28967
32
29088
83
29298
69
29428
77
29668
66
29758
82
29949
65
30039
32
30249
68
30389
73
30510
32
30840
73
31080
77
31381
80
31551
65
31932
90
32062
90
32182
73
32342
82
32452
69
33153
16
33193
49
