59054
67
59314
69
59524
82
59735
84
59895
79
60035
32
60125
67
60255
72
60366
69
60466
32
60886
69
61036
222
61117
32
61377
66
61467
69
61617
76
61757
76
61928
79
61958
32
62148
80
62268
69
62418
78
62529
83
62599
65
62779
82
62859
69
62919
32
63079
67
63119
72
63310
69
63400
32
63560
73
63770
76
64131
32
64531
67
64712
79
64882
82
65473
8
65603
70
66194
73
66324
78
66464
32
66735
79
66965
71
67125
71
67506
73
67616
32
68357
86
68497
69
68647
82
68948
82
69308
65
69478
222
69639
32
69799
81
69959
85
70119
65
70310
83
70440
73
70520
32
71051
67
71391
72
71832
73
71962
85
72262
83
72392
79
72553
16
72653
49
72883
32
76308
78
76508
79
76679
78
76799
32
76919
86
77139
69
77269
68
77440
79
77520
32
77920
76
78621
222
78892
79
78982
82
79162
65
79202
32
79382
68
79452
73
79553
32
79673
82
79863
73
80213
84
80384
79
80464
82
80664
65
80804
78
80934
82
81055
69
81205
32
81545
8
81716
8
81896
8
82096
8
82266
8
82507
78
82567
65
82757
82
82847
69
82897
32
83118
65
83228
32
83468
32
83578
81
83959
8
84139
8
85201
70
85361
65
85491
82
85611
69
85701
32
85922
16
86032
57
86322
79
86422
32
86653
65
86773
32
86993
78
87163
79
87344
78
87584
32
87954
70
88155
65
88335
82
88345
84
88445
69
88786
8
88936
8
89146
69
89477
16
89797
48
89897
32
90037
81
90198
85
90268
69
90418
76
90578
76
90758
79
90828
32
90929
67
91039
72
91149
69
91209
32
91419
86
91780
8
92050
70
92270
65
92451
67
92601
69
92801
86
92961
79
93042
32
93202
80
93282
82
93462
73
93632
77
93763
65
94684
190
94854
190
95034
190
95195
32
97968
83
98710
73
98840
67
99080
85
99190
82
99400
65
99561
77
99651
69
99821
78
99951
84
00061
69
00172
32
00392
83
00512
79
00672
78
00812
79
00903
32
01023
67
01133
79
01283
78
01333
84
01433
69
01564
78
01714
84
01814
79
01894
32
02054
68
02154
73
02255
32
02475
70
02855
8
02905
65
03156
86
03346
69
03466
82
03576
69
03656
32
04187
70
04438
65
04638
84
04768
84
05018
79
05149
32
07912
84
08083
85
08183
84
08323
84
08393
79
08473
32
08654
81
08784
85
08884
69
09044
83
09254
84
09344
79
09435
32
09635
76
09745
65
09945
86
10066
79
10206
82
10366
79
10656
190
10837
32
11157
83
11337
69
11548
77
11698
73
11828
78
11938
65
12108
82
12249
69
12369
32
13931
69
14041
222
14171
32
14482
66
14642
69
14752
76
14912
76
15103
79
15363
188
15503
32
15874
80
15954
69
16134
82
16254
79
16495
222
16715
32
17306
77
17446
73
17566
32
17736
80
17887
73
17977
65
18157
67
18347
69
18447
82
18567
69
18728
66
18868
66
18958
69
19078
32
19329
82
19549
65
20000
67
20140
67
20280
79
20420
71
20530
76
20670
73
20791
69
20991
82
21091
69
21181
32
21512
81
21672
85
21772
65
21882
76
22032
67
22133
72
22263
69
22363
32
22904
70
23074
82
23244
85
23454
84
23585
84
23675
79
23755
32
23925
80
23995
69
24175
82
24266
32
24436
79
24536
82
24696
65
25007
16
25097
49
25317
32
27961
8
28481
8
28511
8
28542
8
28582
8
28612
8
28642
8
28672
8
28712
8
28922
8
29843
32
30054
80
30214
82
30344
73
30504
77
30584
65
30705
32
31145
65
31245
32
31536
8
31706
8
31986
79
32127
32
32517
80
32657
79
32838
73
33068
190
33078
191
33549
8
33689
8
33999
16
34330
190
34921
32
36312
80
36443
69
36603
82
36683
32
36833
79
36903
82
37054
65
37124
32
37965
70
38195
82
38445
84
39437
8
39617
85
39787
84
39908
84
40008
73
40098
32
40288
78
40448
79
40588
78
40699
32
40959
83
41129
69
41239
32
41420
78
41540
69
41640
32
42151
86
42301
69
42461
68
42611
69
43322
8
43583
79
43813
78
44013
79
44424
188
44534
32
45545
67
45696
73
45726
57
45786
32
45926
83
46046
79
46857
8
47018
8
47198
8
47378
8
47518
32
47648
83
47749
79
47909
78
48039
79
48109
32
48259
83
48379
79
48540
76
48700
79
48780
32
48930
80
49040
82
49221
79
49411
77
49721
69
49932
83
50052
83
50262
69
50773
32
51023
69
51614
32
53747
86
53947
65
54188
71
54398
72
54518
69
54618
32
56801
67
56952
69
57122
82
57362
84
57492
69
57913
90
58063
90
58283
69
58664
32
59044
16
59565
16
59595
16
59625
16
59655
16
59695
16
59976
68
59976
70
60436
8
60667
73
61007
76
61428
8
61528
32
61698
76
61808
65
61989
86
62139
79
62239
82
62399
65
62549
82
62670
69
62760
32
62920
65
63040
78
63150
67
63270
79
63411
82
63591
65
63781
32
64302
8
64642
190
65183
32
68468
76
69019
222
69129
65
69289
76
69429
84
69569
82
69669
79
69760
32
69960
73
70030
69
70190
82
70280
73
70561
77
70961
8
71081
32
71292
77
71422
73
71502
32
71612
83
71692
79
71832
78
71983
79
72073
32
72213
67
72303
79
72463
78
72584
83
72744
79
72934
76
73415
65
73645
84
73785
79
73905
32
74486
67
74616
79
74787
77
74947
80
75097
82
75648
65
75778
78
75928
68
76038
79
76119
32
76329
85
76509
78
76659
32
76930
65
77110
76
77310
84
77460
82
77561
79
77651
32
78171
74
78432
79
78812
89
79093
32
79323
80
79463
65
79633
68
79704
32
79894
80
80034
69
80254
82
80354
32
80755
76
80895
65
81015
32
81246
80
81456
76
81636
65
82227
89
82347
83
82608
84
82788
65
82968
84
83038
73
83138
79
83299
78
83419
32
84060
49
84400
190
84550
32
86533
72
86703
79
86804
32
87144
67
87274
72
87394
73
87444
69
87625
83
87815
84
87905
79
87965
32
88175
73
88286
78
88436
68
88886
8
88957
70
89127
79
89307
82
89788
77
89918
65
90078
90
90128
73
90208
79
90379
78
90519
73
90619
32
90769
65
90989
78
91080
67
91190
72
91300
69
91370
32
91600
83
92321
85
92472
32
92702
77
92892
69
93243
84
93413
65
93523
76
93613
32
93944
71
94084
69
94334
65
94494
82
94605
32
94775
83
94975
79
95145
76
95446
68
95666
73
96067
8
96197
8
96477
73
96748
68
97008
190
97148
32
97348
73
97519
76
97639
32
97759
67
97869
79
98049
77
98180
77
98260
69
98450
82
98991
67
99161
73
99261
65
99441
78
99562
84
99642
69
99842
188
99962
32
00883
69
01054
83
01304
84
01524
65
01755
83
02055
73
02205
65
02426
84
02556
79
02746
188
02866
32
03046
77
03207
73
03287
32
03517
72
03637
65
03747
32
03948
68
04088
69
04298
84
04418
84
04629
79
05079
16
05270
186
05400
32
05890
16
06201
222
06501
85
06641
78
06752
32
06862
67
07002
65
07122
80
07322
79
07453
76
07563
65
07883
86
08043
79
08164
82
08334
79
08604
16
09496
16
09816
50
10417
8
10707
16
10877
222
11288
190
11488
32
11669
77
11839
73
11929
32
12299
69
12540
222
12660
32
12820
86
12940
69
13081
78
13251
85
13381
84
13832
65
13922
32
14132
86
14332
79
14703
76
14943
71
15153
8
15334
8
15494
71
15644
76
15784
73
15885
65
15985
32
16105
68
16165
73
16265
32
16525
67
16646
79
16826
77
16956
80
17036
82
17206
65
17377
82
17497
69
17577
32
17847
76
17987
65
18268
32
18578
80
18688
65
19259
8
19440
76
19530
65
20231
89
20311
83
20581
84
20781
65
20982
84
21072
73
21162
79
21312
78
21492
32
22003
50
22093
32
22294
83
22444
79
22604
76
22784
79
22874
32
23035
80
23155
69
23305
82
23375
32
23555
76
23966
8
24356
71
24497
73
24547
79
24707
86
25188
8
25498
67
25658
65
25849
82
25939
69
25999
32
26179
67
26289
79
26449
78
26560
32
26800
77
27130
69
27581
84
27781
65
27931
76
28072
32
29123
71
29223
69
29424
65
29634
82
29774
32
29974
83
30135
79
30295
76
30465
68
30916
8
31146
73
31216
68
31366
32
32398
50
32618
190
32828
32
33369
67
33489
69
33629
82
34110
84
34220
79
34290
32
34451
83
34831
65
35021
82
35112
69
35502
66
35652
66
35732
69
35863
32
36123
66
36273
69
36443
76
36604
76
36774
79
36834
32
36934
65
37185
86
37375
69
37495
82
37595
69
37715
32
37865
65
37966
78
38066
67
38176
72
38276
69
38386
32
38767
76
38897
65
38987
32
39498
88
40149
189
40479
66
40679
79
40810
88
41280
188
41400
32
41561
77
41661
65
41761
32
41931
67
42051
79
42162
83
42532
84
42712
65
42832
32
43293
68
43413
69
43804
67
43944
73
44044
83
44184
65
44315
77
44415
69
44535
78
44635
84
44725
69
44805
32
45006
84
45146
82
45276
79
45476
80
45646
80
46087
79
46718
16
46728
49
47880
32
49602
83
49772
65
49952
82
50113
65
50293
222
50423
32
51154
80
51284
69
51455
82
51515
32
51725
85
51875
78
51965
32
52346
8
52526
222
52636
65
52817
76
52947
84
53087
82
53217
65
53327
32
53517
86
53658
73
53828
84
54008
65
54309
16
54359
49
