66875
68
67055
79
67215
80
67355
79
67496
32
67856
84
68056
65
68197
78
68337
84
68487
79
68607
32
69118
84
69228
69
69398
77
69599
80
69729
79
69839
32
70069
68
70179
73
70279
32
71021
65
71161
83
71431
84
71541
69
72012
8
72603
73
72863
78
73214
69
73344
78
73504
90
73664
65
73935
32
74075
68
74255
65
74345
32
74546
81
74696
85
74796
69
74976
83
75216
84
76068
65
76198
32
78070
8
78221
8
78491
79
78721
32
79112
65
79222
80
79352
80
79573
85
79723
78
79833
84
80013
65
80123
77
80223
69
80334
78
80444
84
80544
79
80644
32
80794
81
80934
85
81095
65
81475
8
81686
79
81796
84
82006
73
82226
68
82427
73
82557
65
82787
78
82977
79
83178
188
83548
32
83718
69
83979
67
84119
67
84239
79
84520
77
84700
73
84750
32
84910
68
85070
73
85201
32
85541
78
86082
85
86182
79
86372
66
86502
79
86623
32
86993
8
87133
8
87303
8
87814
86
87954
79
88065
32
88245
81
88415
85
88515
73
88866
190
89006
32
93232
73
93312
69
93492
82
93552
73
93662
32
93883
72
94043
79
94113
32
94714
70
95034
8
95114
68
95235
65
95405
84
95525
79
95615
32
95765
85
95936
78
96046
65
96126
32
96266
80
96406
79
96927
8
97167
73
97338
67
97478
67
97588
79
97798
76
97948
65
98069
32
98559
70
98710
69
99000
83
99461
84
99701
65
99791
32
99921
65
00031
32
00222
67
00392
65
00502
83
00642
65
00863
32
01173
77
01333
73
01453
65
01604
190
01784
32
01954
65
02104
76
02255
76
02365
65
02425
32
02605
77
02755
73
02865
65
02966
32
03196
78
03446
85
03626
79
03797
86
03997
65
04077
32
04247
67
04448
65
04558
83
04688
65
04888
190
05048
32
05669
77
05810
73
05900
32
06050
83
06130
79
06290
78
06420
79
06500
32
06631
83
06991
86
07141
69
07332
71
07482
76
07632
73
07722
79
08553
8
08613
84
08794
65
09234
8
09485
8
09605
65
09875
84
09955
79
10076
32
10556
84
10726
65
10887
82
11077
68
11207
73
11327
83
11447
83
11558
73
11698
77
11868
79
11948
32
12138
80
12429
69
12619
82
12819
67
12910
72
13130
69
13420
222
13580
32
13801
69
13981
82
14131
79
14241
32
14532
68
14832
73
14972
83
15183
84
15323
82
15523
85
15703
84
15834
84
15934
79
16154
190
16284
32
17216
73
17396
78
17536
86
17666
73
17806
84
17987
65
18127
82
18227
69
18317
32
18457
65
18588
77
18748
73
18768
79
18918
67
19288
8
19429
8
19589
67
19669
73
19799
32
19919
65
20000
32
20140
67
20320
65
20420
83
20550
65
20911
32
21061
69
21201
222
21361
32
21482
83
21672
69
21862
77
22022
80
22122
82
22163
69
22253
32
22533
80
22934
8
23224
69
23735
8
24045
66
24406
66
24646
69
24936
8
25077
8
25187
69
25327
76
25477
76
25667
79
25728
32
25888
69
25958
32
26819
8
27110
188
27210
32
27460
77
27570
65
27760
76
27991
71
28201
82
28371
65
28542
68
28682
79
28762
32
28932
76
29192
222
29543
65
29843
73
30024
85
30224
84
30344
79
30464
32
30594
68
30695
73
30745
32
30955
80
31145
65
31345
79
31516
76
32387
65
32537
65
32948
8
33068
32
33148
69
33328
32
33589
76
33739
65
33849
32
34820
76
34951
65
35311
86
35511
65
35601
83
36643
84
36823
79
37334
86
37534
73
37664
71
37795
76
37925
73
38065
69
38345
188
38466
32
39807
69
39988
222
40178
32
41350
67
41470
79
41630
77
41880
85
42051
78
42131
81
42291
85
42391
69
42511
32
43012
83
43262
84
43493
65
43913
84
44314
8
44524
78
44684
67
45175
65
45385
78
45495
84
45606
69
45796
190
45806
191
46307
8
46447
32
47588
67
47709
69
47879
84
47889
82
48029
84
48670
8
48870
8
49511
8
49621
69
50062
8
50142
82
50312
84
50412
79
50843
188
50993
32
51163
80
51324
79
51524
73
51644
32
52535
83
52625
73
52726
32
52836
68
52946
69
53136
86
53276
69
53437
32
53627
84
53787
82
53877
79
54408
8
54849
8
55099
79
55289
82
55750
78
55890
65
56070
82
56150
69
56271
32
56431
65
56531
32
56711
76
57202
65
57482
86
57602
79
57733
82
57913
65
58434
82
58534
69
58734
188
58834
32
58924
65
59014
32
59425
70
59605
65
59826
82
59846
69
59916
32
60116
67
60226
79
60376
83
60557
69
60617
32
61278
68
61418
73
61528
32
61668
67
61828
85
61959
73
62049
32
62249
78
62409
79
62539
78
62630
32
62770
83
62890
73
62940
32
63120
67
63270
65
63381
80
63541
73
63611
83
63771
67
63941
69
64142
32
64372
73
64542
76
64923
32
65043
83
65213
69
65333
78
65443
83
65674
79
66365
188
66585
32
67597
83
67907
79
68087
80
68177
82
68338
65
68548
84
68678
84
68808
85
68938
84
69049
84
69159
79
69239
32
69389
81
69519
85
69639
69
69790
83
70150
84
71382
79
72023
8
72133
32
72223
65
72694
8
72834
8
73144
65
73335
32
73986
84
74156
79
74256
82
74576
84
74747
85
74857
82
75087
65
75287
32
75678
77
75788
69
75968
68
76139
73
76279
69
76499
76
77240
8
77911
86
78131
65
78231
76
78352
69
78472
32
79053
67
79153
72
79293
69
79373
32
79553
77
79814
73
79914
32
80104
65
80354
84
80505
84
80635
69
80815
78
80945
84
81065
69
81416
8
81546
8
81616
68
81666
69
81776
32
82007
79
82227
71
82427
78
82578
73
82678
32
82848
77
82938
65
83138
84
83289
84
83359
73
83499
78
83589
65
83709
32
83859
83
83970
79
84120
84
84250
84
84350
79
84440
32
84661
70
84671
68
85101
8
85362
79
85462
82
85722
77
85852
65
86133
32
86373
68
86443
73
86533
32
86683
77
86784
65
86934
73
87104
76
87344
16
87424
50
87434
49
87885
8
88025
8
88336
17
88876
16
89027
49
89207
32
94665
73
94835
69
95015
82
95135
73
95205
32
95916
80
96007
65
96167
79
96337
76
96407
65
96497
32
96667
65
96948
8
97168
72
97378
65
97459
32
97739
67
97849
79
98350
8
98810
85
99171
67
99281
73
99441
78
99511
65
99752
84
99872
79
99992
32
02916
83
03237
65
03587
8
03808
80
03998
65
04639
71
04769
72
04849
69
05009
84
05149
84
05420
73
05530
32
05670
65
05830
76
05941
32
06161
80
06271
69
06471
83
06702
84
06772
79
06882
32
06992
69
07122
32
07723
71
07923
65
08074
77
08304
66
08374
69
08564
82
08664
69
08855
84
09005
84
09225
73
09465
190
09656
32
11498
85
11699
78
11809
65
12750
8
12940
8
13111
8
14483
76
14583
69
14723
32
14953
83
15083
79
15234
78
15374
79
15434
32
15834
86
15995
69
16125
78
16275
85
16375
84
16696
73
16836
32
17427
68
17587
65
17777
86
17897
86
18708
69
18819
82
18969
79
19049
32
19259
77
19560
8
19750
66
19840
69
19970
78
20151
69
20211
32
20801
69
20912
32
21092
77
21272
79
21432
76
21532
84
21663
69
21843
32
22253
80
22414
69
22584
82
22754
83
22844
79
22985
78
23045
69
23175
32
23515
72
23615
65
23776
78
23926
78
24086
79
24166
32
24316
80
24417
82
24477
69
24667
83
24837
79
24977
32
25178
73
25348
76
25438
32
25658
66
25869
73
26039
83
26229
190
26419
32
27441
73
27651
79
27761
32
28002
73
28162
78
28282
86
28472
69
28612
67
28763
69
28843
32
29474
72
29654
79
29724
32
29944
80
30064
82
30745
69
30886
80
30996
65
31196
82
31376
65
31617
84
31797
65
31907
32
32568
85
32748
65
33089
78
33409
8
33589
8
33950
78
34090
65
34190
32
35432
67
36003
79
36083
83
36243
65
36353
32
36744
70
36934
65
37154
84
37295
84
37485
65
37605
32
37785
67
37885
79
38056
78
38156
32
38566
80
38687
69
39087
83
39267
67
39398
69
39568
32
40930
70
41110
85
41270
78
41430
71
41571
72
41771
73
42111
32
42242
69
42322
32
43654
80
43934
73
44024
83
44284
69
44435
76
44545
76
44735
73
45226
190
45366
32
45566
85
45757
78
45907
65
46087
32
46938
83
47048
80
47249
69
47499
67
47669
73
47789
69
47910
32
48010
68
48110
73
48220
32
48490
77
48601
65
48751
82
48891
69
49772
189
50093
77
50233
79
50393
78
50543
84
50673
73
51074
188
51234
32
51415
77
51535
65
51635
32
52035
67
52266
72
52706
69
52827
32
53007
78
53177
79
53307
78
53407
32
53578
69
54038
222
54158
32
54639
86
54769
69
54889
78
55070
85
55170
84
55360
65
55440
32
56161
71
56331
82
56512
65
56642
78
56772
67
56912
72
57032
69
57263
222
57403
32
57533
68
57693
65
57844
84
57954
79
58014
32
58144
67
58254
72
58364
69
58464
32
63612
73
63832
76
63932
32
64082
80
64253
69
64443
83
64633
67
64743
69
64823
32
65004
69
65224
82
65434
65
65524
32
66065
83
66245
85
66746
82
66956
71
67087
69
67217
76
67367
65
67547
84
67748
79
68078
190
68348
32
68679
80
68959
85
69089
82
69320
84
69470
82
69610
79
69820
80
69981
80
70141
79
70221
16
70291
49
