37219
73
37369
69
37520
82
37620
73
37710
32
38481
72
38701
79
38781
32
39102
86
39302
73
39392
83
39633
84
39723
79
39813
32
40183
69
40334
78
40484
84
40644
82
40814
65
41275
80
42226
77
42376
69
42507
78
42657
84
43949
188
44059
32
44239
70
44349
73
44550
76
44700
77
44790
32
44940
67
45000
79
45160
78
45261
32
45331
83
45511
69
45671
65
45891
78
46022
32
46252
67
46392
79
46592
78
46713
78
46793
69
46973
82
47183
89
47293
32
47434
69
47544
32
48826
81
48996
85
49106
65
49236
76
49827
8
49977
8
50077
69
50248
76
50408
76
50538
65
50608
32
50868
66
51069
69
51279
76
51439
76
51549
65
51710
32
52190
70
52381
73
52601
71
52721
76
52891
73
53052
79
53252
76
53372
65
53522
32
53672
68
53763
73
53843
32
55144
67
55906
84
56056
72
56166
69
56346
82
56466
73
56617
78
56747
69
56877
32
57678
90
57938
69
58149
84
58299
65
58750
32
59441
74
59591
79
59761
78
59861
69
60011
83
60222
190
60632
32
65910
67
66060
69
66240
82
66450
84
66601
79
67041
188
67151
32
67282
76
67462
79
67542
32
67792
83
68013
79
68123
32
68263
67
68383
72
68493
69
68593
32
69034
65
69124
32
69375
68
69555
65
69715
78
69885
73
69995
69
70116
76
70206
69
70336
76
70776
8
70907
32
71107
78
71257
79
71397
78
71487
32
71638
80
71828
73
71958
65
72128
67
72289
69
72809
32
73540
8
73851
188
73981
32
74171
77
74291
65
74372
32
74682
73
74872
79
74972
32
75273
76
75363
65
75463
32
75663
84
75784
82
75944
79
76044
86
76635
79
76765
32
76935
68
77105
65
77296
86
77446
86
77616
69
77907
82
78117
79
78217
32
78427
77
78638
79
78778
76
78868
84
78998
79
79088
32
79389
66
79489
69
79659
76
79809
76
79999
65
80600
32
80841
16
80981
57
81191
80
81271
69
81431
82
81522
32
81682
85
81782
83
81902
65
82062
82
82173
69
82223
32
82483
84
82964
8
83214
85
83404
78
83554
32
83675
84
83785
69
83905
82
84055
77
84225
73
84366
78
84466
69
84796
32
84956
67
85047
72
85177
69
85287
32
85567
80
85708
79
85828
83
85988
83
86128
65
86228
32
86449
69
86619
83
86769
83
86959
69
87180
82
87240
69
87460
32
87991
82
88181
73
88301
80
88451
79
88562
82
88722
84
88892
65
89032
84
89152
79
89242
32
89413
73
89563
78
89683
32
89833
85
90004
78
90134
32
92607
82
92707
69
92908
80
93088
79
93248
82
93849
84
93939
32
94370
83
94570
67
94780
73
94910
69
95031
78
95151
84
95271
73
95431
70
95561
73
95641
67
95802
79
96543
16
97013
190
97164
190
97334
190
97434
16
97554
48
97805
190
98125
13
00538
78
00739
79
00919
78
01029
32
01450
82
01640
79
02071
8
02211
8
02601
83
02741
73
03793
8
04163
79
04264
32
04454
80
04654
82
04814
79
04945
80
05105
82
05235
73
05355
79
05445
32
05575
67
05696
79
05816
83
05956
65
05996
32
06156
77
06276
73
06407
32
06497
65
07678
66
07829
66
08009
73
08119
65
08279
32
08620
83
08830
80
09070
79
09080
73
09201
78
09341
84
09831
8
09992
8
10142
8
10322
8
10552
73
10693
78
10833
84
10953
79
11053
32
11474
65
11654
68
11764
32
11904
65
12125
70
12265
70
12565
73
12796
84
12956
84
13196
65
13336
82
13457
69
13577
32
13757
81
13887
85
13967
69
14118
76
14218
32
14598
70
14738
73
15019
76
15219
77
15930
188
16030
32
16261
79
16431
76
16561
84
16701
82
16811
69
17052
32
17232
65
17362
76
17502
76
17582
65
17642
32
17883
80
18013
82
18073
69
18303
83
18494
69
18574
78
18814
90
18964
65
19044
32
19185
68
19295
69
19385
76
19535
76
19585
65
19695
32
20026
66
20136
69
20286
76
20426
76
20496
65
20607
32
21197
65
21378
84
21548
82
21558
84
21738
82
22099
8
22249
8
22419
8
22579
84
22770
82
22980
73
23110
67
23290
69
23661
188
24392
32
24662
80
24752
69
24923
82
25103
72
25243
67
25494
69
26345
8
26505
8
26675
8
26815
67
27016
72
27146
69
27316
222
27466
32
27637
73
27807
78
27927
32
28107
69
28348
70
28478
70
28628
69
28808
84
28948
84
29259
73
29329
32
29569
78
29719
79
29840
78
29960
32
30070
69
30240
82
30400
65
30521
32
31372
71
31582
65
31983
8
32023
82
32163
65
32283
78
32403
67
32533
72
32654
69
32864
222
33064
32
33305
73
33705
8
33865
8
34396
190
34546
32
34827
73
34987
78
35187
32
35317
86
35448
69
35618
82
35828
73
35948
84
36209
65
36309
32
36499
78
36649
79
36799
78
36910
32
37430
80
37591
79
37691
83
37861
83
38011
79
38151
32
38322
78
38472
69
38632
65
38752
78
38892
67
38983
72
39093
69
39143
32
39293
68
39463
73
39593
82
39653
69
39734
32
39904
67
40034
72
40144
69
40485
32
40995
70
41136
79
41276
83
41436
83
41606
69
41716
32
42047
66
42167
82
42397
85
42618
84
42728
84
42918
79
43138
188
43239
32
43389
70
43599
65
43829
84
44190
8
44350
8
44520
8
44590
68
44751
65
44961
84
45181
32
45582
8
45792
79
45932
32
46052
67
46193
72
46313
69
46443
32
46804
83
46934
73
47054
65
47214
32
47515
73
47685
79
47845
32
48005
83
48135
73
48286
65
48556
32
49107
80
49237
65
49367
79
49527
76
49638
65
49718
32
49948
67
50088
73
50188
32
50308
83
50529
73
50639
65
50779
77
50959
79
51070
32
51590
65
51831
68
51961
68
52081
79
52241
82
52371
77
52482
69
52652
78
52762
84
52982
65
53172
82
53523
8
53633
84
53643
82
53763
73
53883
32
54174
8
54344
8
54504
8
54765
73
54945
32
55416
65
55516
32
56447
77
56627
69
56868
84
57038
65
57368
222
57469
32
57649
70
57799
73
57959
76
58160
77
59561
190
59752
32
60323
67
60543
69
60553
87
60673
82
61765
8
61945
8
62496
82
62696
84
62886
65
63006
77
63096
69
63287
78
63347
84
63457
69
63577
32
63807
69
63998
82
64158
65
64218
32
64458
85
64619
78
64739
32
65680
70
65810
73
66011
76
66211
77
66341
32
66431
68
66581
73
66641
32
66802
67
67012
65
67182
83
67322
83
67573
69
67813
82
67963
82
68344
8
68504
8
68584
84
68734
84
68945
65
71278
32
71528
69
71709
32
72880
78
73050
79
73201
78
73321
32
73501
77
73661
73
73741
32
74332
72
74452
65
74603
32
74733
83
75003
85
75234
83
75404
67
75534
73
75654
84
75844
65
76005
84
76095
79
76165
32
76335
80
76435
65
76636
82
76836
84
77096
85
77607
8
77867
73
77997
67
78148
79
78288
76
78308
65
78508
82
78618
73
78698
32
78919
69
79079
77
79409
79
79640
90
79750
73
79870
79
80030
78
80371
73
80771
190
81052
32
84206
69
84386
82
84587
65
84697
32
84927
80
85077
79
85218
67
85398
79
85508
32
85909
67
86119
82
86209
69
86389
68
86549
73
86890
66
87100
85
87110
73
87321
76
87621
8
87781
8
87941
8
88172
73
88652
76
89023
69
89123
32
89363
65
89474
78
89584
67
89674
72
89784
69
89874
32
90094
67
90415
72
90505
69
90635
32
90735
83
90956
69
91126
65
91326
78
91506
32
91727
67
91857
79
92097
78
92227
78
92318
69
92508
82
93119
89
93229
32
94581
70
94771
65
94981
67
95122
69
95332
83
95702
69
96063
8
96123
83
96303
69
96403
32
96514
65
96654
78
96754
67
96864
79
96964
82
97094
65
97114
32
97275
76
97365
65
97435
32
97605
80
97725
65
97926
82
98126
84
98236
69
98326
32
98476
68
98606
73
99187
8
99287
69
99468
76
99598
32
99838
86
99998
69
00209
67
00369
67
00479
72
00699
73
00810
79
00910
32
01210
77
01350
65
01521
82
02081
80
02252
73
02362
79
03053
78
03593
77
03974
8
04044
69
04194
188
04335
32
05486
79
05636
82
05757
77
05877
65
06488
73
06598
32
06748
78
06898
79
07058
78
07148
32
07269
67
07479
69
07609
32
07829
76
07940
65
08030
32
08300
70
08470
65
08540
32
08781
80
08991
73
09211
85
09812
222
10223
190
10233
188
10784
8
11004
32
11455
67
11585
69
11755
82
11955
84
12656
79
12837
32
13287
67
13447
72
13578
69
13688
32
14579
78
14679
69
14779
32
15040
69
15240
222
15911
32
16131
80
16291
65
16472
83
16632
83
16852
65
17062
84
17163
79
17283
32
17433
68
17613
73
17683
32
18024
32
18585
84
18715
69
18935
77
19115
80
19256
79
19366
32
19606
68
19756
65
19836
32
20057
81
20167
85
20267
65
20377
78
20547
68
20658
79
20738
32
20968
86
21218
69
21759
8
21909
8
22590
70
22760
65
22931
67
23081
69
23451
86
23652
65
23782
32
26586
48
26776
48
27888
55
28218
32
28949
76
29129
73
29610
67
29730
69
29840
78
29991
90
30161
65
30361
32
30531
68
30652
73
30752
32
31022
85
31202
67
31343
67
31473
73
31713
68
31853
69
31993
82
32114
69
33766
190
