32153
73
32233
69
32403
82
32483
73
32584
32
32814
72
32994
79
33094
32
33244
86
33395
73
33465
83
33675
84
33745
79
33835
32
33996
80
34096
65
34246
78
34406
73
34586
67
34897
32
35257
82
35568
79
35838
79
36249
188
36259
77
36719
8
36890
8
37380
188
37981
8
38312
77
38502
188
38622
32
38862
73
39003
76
39153
32
39293
78
39483
85
39603
79
39814
86
39884
79
39964
32
40324
70
40435
73
40605
76
40715
77
40855
32
41126
68
41216
73
41276
32
41526
68
41686
65
41867
86
42027
73
42137
68
42277
32
42417
70
42568
73
42698
78
42958
67
43108
72
43198
69
43359
82
43459
32
43589
67
43649
79
43799
78
43919
32
44751
74
44941
79
45131
68
45271
73
45382
69
45502
32
45752
70
45872
79
45972
83
46173
84
46273
69
46413
82
46683
190
47054
32
49838
73
50619
8
51751
82
51911
73
52041
83
52171
80
52311
69
52562
84
52682
84
52812
79
52902
32
53213
65
53563
71
53703
76
53793
73
53904
32
54214
65
54334
76
54484
84
54625
82
54755
73
54835
32
55215
71
55746
8
55986
70
56107
73
56287
76
56367
188
56427
188
56878
8
57038
8
57258
77
57439
32
57599
68
57709
73
57869
32
58370
70
58470
73
58610
78
58750
67
58891
72
59001
69
59171
82
59592
188
59752
32
59852
81
60002
85
60082
69
60273
83
60513
84
60623
79
60723
32
61875
69
62025
222
62135
32
62406
83
62976
73
63107
67
63297
85
63387
82
63577
65
63717
77
63787
69
63958
78
64058
84
64128
69
64238
32
65580
85
65780
78
65870
32
66471
8
66631
8
66772
8
66912
68
67052
73
67232
32
67403
85
67563
78
67643
32
67863
84
67983
79
68144
78
68324
79
68584
32
69495
77
69666
73
69886
79
70777
8
71168
78
71348
79
71468
82
71528
69
71689
190
71819
32
72870
73
73010
78
73141
32
73201
83
73391
69
73621
86
73772
69
73932
78
74172
188
74332
32
74823
84
74943
72
75083
69
75214
32
75364
67
75734
8
75744
187
76646
8
76876
71
77096
65
77196
77
77457
69
77587
32
77717
69
78078
32
80851
70
81032
71
81212
73
81442
72
81653
84
81773
32
82003
67
82163
76
82334
85
82654
66
83335
188
83505
32
84396
8
84907
8
84947
8
84977
8
85007
8
85047
8
85077
8
85107
8
85138
8
85178
8
85208
8
85899
73
86239
71
86399
72
86630
84
86740
32
86960
67
87130
76
87341
85
87641
66
87972
188
88102
32
88242
67
88332
73
88432
32
88622
83
88763
79
88903
78
89083
79
89163
32
89534
84
89744
65
89864
78
90014
84
90175
73
90305
32
90665
65
90816
83
90966
80
91106
69
91376
84
91496
84
91597
73
91797
78
92238
8
92338
32
92518
68
92718
65
92908
86
93049
86
93199
69
93329
82
93439
79
93529
32
93850
73
94030
78
94160
78
94381
79
94581
86
94791
65
94941
84
95061
73
95292
86
95552
73
95652
32
98016
69
98126
32
98446
84
98617
65
98727
78
98917
84
99297
69
99408
32
99568
76
99878
69
00109
84
00980
84
01160
85
01300
82
01400
69
01491
32
02462
80
02592
79
02702
83
02832
83
03003
73
03213
66
03393
73
03573
76
03674
73
03914
190
04104
32
04294
16
04395
81
04485
85
04565
73
05106
188
05236
32
05406
77
05416
188
05516
65
05837
8
05977
8
06077
65
06227
76
06918
71
07159
82
07309
65
07509
68
07639
79
07729
32
07940
85
08150
78
08460
32
08791
8
09312
222
09612
79
09782
84
09922
84
10053
73
10143
77
10303
65
10413
32
10563
67
10633
79
10774
78
11024
70
11545
69
11715
78
11875
90
11975
73
12085
79
12236
78
12356
69
12536
188
12676
32
14118
8
14309
8
14479
32
14589
69
15030
32
15530
80
15650
65
15921
82
16211
69
16392
67
16512
67
16632
72
16752
73
16812
69
16962
32
17083
67
17203
73
17383
84
17553
65
17703
90
17794
73
18084
79
18765
78
19085
73
19256
32
19396
69
19546
32
19676
82
20237
73
20407
70
20547
69
20658
82
20758
73
20938
77
21008
69
21138
78
21238
84
21338
73
21409
32
21519
67
21619
72
21769
69
21889
32
22190
86
22410
65
22520
78
22670
78
22831
79
22901
32
23031
68
23171
65
24583
76
24783
32
25204
80
25594
73
25965
85
26356
222
26516
32
27087
73
27237
78
27387
70
27507
76
27637
65
28128
90
28228
73
28338
79
28499
78
28539
65
28779
84
28849
79
28929
32
29830
72
30021
73
30211
84
30461
67
30632
72
30932
67
31383
79
31623
67
31883
75
32024
32
32664
65
33115
76
33275
76
33355
69
33436
32
34167
83
34427
84
34547
82
34707
73
34898
90
35028
90
35138
65
35358
84
35518
73
35659
78
35749
69
35939
32
36380
68
37251
222
37611
79
37752
67
37882
67
37982
72
38132
73
38372
73
38863
8
39083
79
39224
32
39334
65
39594
73
39664
32
39815
83
39995
85
40085
67
40215
67
40365
69
40606
83
40726
83
40886
73
40966
32
41126
73
41267
78
41387
84
41547
69
42058
82
42598
80
42809
76
42969
65
43530
78
43750
69
44020
84
44261
65
44451
82
44581
73
44751
69
45282
8
45412
32
45583
67
45683
79
45823
77
45883
69
46043
32
46724
84
46814
73
46965
84
47165
65
47265
78
47716
73
47856
67
48567
32
48847
69
48937
32
49598
71
49728
73
49859
85
50379
8
50570
8
51231
73
51411
85
51681
222
51821
32
51982
68
52092
73
52262
76
52382
32
52753
187
52763
8
52933
8
53083
8
53263
32
53464
76
53654
73
54565
222
54886
188
54976
32
59032
83
59202
69
59312
77
59532
66
59622
82
59773
65
59793
32
60013
67
60113
72
60273
69
60373
32
60554
73
60744
76
60864
32
61014
67
61145
79
61315
78
61575
84
61735
69
61936
78
62116
85
62256
84
62396
79
62526
32
63147
83
63237
73
63398
65
63488
32
63858
85
64099
78
64349
32
64760
80
65000
79
65270
222
65431
32
66092
82
66262
73
66412
68
66542
79
66672
84
66803
84
66933
79
67373
190
67514
32
68835
16
68925
83
69166
73
69286
67
69476
85
69596
82
69767
65
69887
77
70007
69
70147
78
70287
84
70337
69
70448
32
70928
67
71459
222
71589
69
71699
222
71810
32
72000
85
72190
78
72310
32
72781
82
72961
65
73071
80
73222
80
73332
79
73462
82
73632
84
73742
79
73812
32
74974
85
75124
79
75284
77
75435
79
75535
32
75685
68
75815
79
75975
78
76106
78
76266
65
76406
32
77007
68
77157
65
77257
32
77387
65
77508
78
77608
65
77738
76
77828
73
77938
90
78088
90
78229
65
78439
82
78519
69
78759
32
79240
16
79410
57
80352
84
80542
82
80632
69
80732
32
81203
85
81483
79
81683
77
82314
73
82435
78
83136
73
83256
32
83376
67
83576
69
83746
82
83947
67
84127
65
84277
78
84648
79
84788
32
84888
68
85048
73
85098
32
86570
69
86711
78
86831
84
86981
82
87181
65
87321
82
87422
69
87502
32
87702
73
87872
78
87992
32
88173
85
88353
78
88503
65
88733
32
88844
83
89074
84
89264
65
89404
78
89514
90
89655
65
89695
32
89885
68
90105
73
90506
8
90756
79
90896
86
91167
69
91327
32
91467
83
91597
73
91688
32
91818
83
92028
79
92228
78
92379
79
92459
32
92729
67
92989
72
93190
73
93290
85
93420
83
93570
73
93720
32
95012
8
95162
8
95233
69
95353
32
96434
68
96544
85
96655
69
96765
32
96955
68
97356
8
97546
8
97736
8
97906
8
98117
8
98717
85
98928
78
99048
65
99128
32
99248
68
99328
79
99799
78
99949
78
00019
65
00119
32
00260
69
00420
32
00590
76
00670
65
00740
32
01231
70
01361
73
01581
71
01662
76
01792
73
01962
65
02202
16
02363
48
02793
32
05237
8
05447
8
06969
16
07490
16
07520
16
07550
16
07590
16
07620
16
07650
16
07690
16
07720
16
07750
16
07780
16
07820
16
07850
16
07880
16
07890
48
08431
32
12026
82
12106
69
12327
83
12497
84
12707
65
12797
32
13028
85
13208
78
13298
32
13508
80
13709
79
13959
222
14109
32
14299
76
15040
222
15151
65
15361
77
15551
79
15952
8
16042
65
16252
82
16392
79
16533
32
16763
73
16913
78
17053
32
17244
66
17504
79
17644
67
17764
67
18015
65
21690
32
22090
68
22271
32
22681
8
23482
73
23633
32
23803
85
24043
78
24123
32
24704
70
24834
73
25065
76
25195
77
25325
32
25485
67
25625
72
25746
69
25836
32
26737
70
26927
65
27027
32
27178
84
27338
82
27498
65
27718
84
27828
84
27969
69
28139
82
28279
78
28409
82
28429
69
28620
32
29210
8
29401
8
29601
8
29801
8
30012
8
30122
84
30232
69
30813
8
31003
8
31494
78
31584
69
31754
82
31864
69
31944
32
32145
73
32335
76
32465
32
33006
70
33176
73
33286
65
33647
84
33757
79
33857
32
34037
77
34117
65
34217
32
34648
83
34818
69
34928
77
35159
66
35249
82
35369
65
35449
32
35840
71
35970
71
36090
73
36270
85
36451
78
36561
71
36681
69
36811
82
36891
69
36981
32
38403
80
38654
79
38874
67
38984
79
39074
32
39224
65
39415
76
39575
32
40036
65
40446
8
40546
71
40707
73
40857
65
41007
222
41107
32
41227
68
41287
69
41498
84
41628
84
41738
79
41858
32
42028
73
42209
78
42369
32
43090
84
43180
69
43310
82
43370
77
43501
73
43641
78
43791
73
43901
32
43981
68
44101
73
44181
32
44953
76
45233
73
45403
78
45563
71
45714
85
45834
65
46074
71
46214
71
46324
73
46375
79
46525
32
46675
67
46775
73
46905
78
47326
69
47466
77
47616
65
47807
84
47937
82
48097
79
48518
8
48668
8
48918
79
49319
71
49479
82
49669
65
49879
70
50010
73
50080
67
50230
79
50440
190
