99503
16
99653
9
02156
73
02277
69
02407
82
02457
73
02587
32
02817
72
02988
79
03088
32
03188
68
03338
65
03518
84
03629
79
03709
32
04049
85
04239
78
04330
65
04460
32
04700
80
04940
73
05071
67
05241
67
05381
79
05551
76
05671
65
05772
32
06192
70
06312
69
06533
83
06773
84
07053
73
07484
83
08616
8
09076
67
09226
67
10088
73
10308
85
10628
79
10819
76
10989
65
12521
32
12701
65
12771
32
12982
67
13212
65
13282
83
13502
65
13713
32
14894
77
15005
73
15145
65
15315
190
15535
32
17278
69
17428
82
17628
65
17748
78
17939
79
18059
32
18349
80
18479
82
18540
69
18760
83
18960
69
19080
78
19241
84
19341
73
19631
32
19821
77
19911
65
20092
82
20292
67
20402
79
20612
188
20743
32
20923
77
21013
65
21153
82
21283
73
21404
65
21474
32
21764
84
21884
69
22024
82
22215
69
22725
83
22896
65
23446
188
23577
32
23807
75
23897
65
24318
8
24488
8
25019
76
25109
65
25249
32
25329
83
25760
79
25890
82
26020
69
26210
76
26381
76
26421
65
26521
32
26651
68
26761
73
26831
32
27021
77
27102
65
27252
82
27462
67
27572
79
27903
32
28033
69
28133
32
28474
80
28634
79
28844
73
29024
32
29555
77
29705
65
29876
82
30046
67
30186
79
30296
32
31197
71
31388
73
31508
82
31678
65
31978
85
32229
68
32359
79
32469
32
32850
83
32980
85
33140
79
33841
8
33911
65
33991
32
34192
77
34372
79
34562
71
34712
76
34853
73
35093
69
35423
188
35604
32
36605
8
36825
8
36955
69
37016
32
37486
8
37676
8
37827
32
38387
8
38708
188
38898
32
40270
67
40450
76
40581
65
40781
85
41252
68
41412
73
41582
79
41812
32
41922
69
43144
68
43765
190
44216
8
44466
188
44716
32
44967
79
45247
86
45397
86
45508
73
45688
65
45798
77
45918
69
46048
78
46168
84
46249
69
46329
32
46689
8
46930
188
47050
32
47250
73
47360
79
47430
32
47560
69
47651
32
47931
80
48011
65
48191
82
48532
8
48812
79
48992
76
49113
65
49243
190
49393
32
49904
65
50154
66
50304
66
50475
73
50605
65
50675
77
50825
79
50935
32
51406
77
51536
65
51706
78
51876
71
52027
73
52147
65
52317
84
52427
79
52517
32
52918
68
53148
85
53248
69
53379
32
53819
80
54019
73
54080
65
54280
84
54410
84
54540
73
54600
32
55131
68
55241
73
55351
32
55632
83
55792
80
55952
65
56483
71
57144
72
57234
69
57424
84
57554
84
57665
73
58566
188
58686
32
58866
65
59047
78
59177
90
59337
73
59437
32
59647
68
59798
32
60178
8
60499
73
60659
32
60779
76
60989
73
61300
78
62351
71
62872
85
63012
73
63293
78
63433
69
65235
16
65436
186
65576
32
65846
85
66277
78
67478
79
68049
32
68390
70
68550
65
68910
84
69101
84
69321
79
69481
32
69611
67
70042
79
70252
78
70352
32
70903
86
70973
79
71144
78
71244
71
71354
79
71534
76
71915
69
72015
32
72205
69
72345
32
72646
67
72976
8
73207
71
73427
65
73567
77
73907
66
73978
69
74148
82
74308
73
74468
32
74588
69
74749
32
74939
76
75209
222
75380
65
75540
76
75820
84
76561
82
76762
79
76962
32
77513
67
77643
79
77823
78
78033
32
78604
80
78614
79
79125
8
79686
69
79846
83
80106
84
80206
79
80317
32
80427
69
80537
32
81078
71
81278
65
81498
77
81729
66
81809
69
81989
82
82139
73
82440
190
82650
32
86736
83
86916
79
87116
80
87186
82
87336
65
87507
84
88738
8
88979
32
89289
84
89459
85
89600
84
89710
84
90030
79
90291
188
90481
32
91462
84
91693
65
91823
78
91963
84
92063
79
92133
32
92363
86
92494
73
92664
78
92904
79
94677
16
94837
49
95258
32
96609
65
96870
66
97020
66
97100
65
97250
83
97531
84
97711
65
97881
78
98031
90
98212
65
98322
32
98903
66
99173
85
99313
79
99473
78
99674
79
99964
188
00114
32
00275
65
00385
32
00565
68
00725
73
00865
82
00936
69
01006
32
01196
73
01386
76
01516
32
01677
86
01847
69
01957
82
02147
79
02408
190
02748
32
05282
67
05402
73
05532
32
05632
83
05762
73
05883
65
05993
77
06123
79
06203
32
06533
68
06684
73
06824
86
07014
69
07144
82
07415
84
07545
73
07725
84
08156
73
08606
32
08817
77
09047
79
09237
76
09337
84
09548
73
09678
83
09858
83
10359
73
10529
77
10699
79
11000
188
11140
32
13814
77
14104
65
14294
82
14475
67
14555
79
14685
32
14785
69
15035
222
15186
32
15306
83
15516
69
15666
77
15867
80
15947
82
16007
69
16087
32
16307
73
16658
82
16808
82
16958
69
17168
83
17519
73
17689
83
18000
84
18280
73
18550
66
18761
73
18971
188
19472
8
19722
76
19832
69
20283
188
20623
32
21815
77
22045
79
22206
76
22336
84
22436
79
22526
32
22786
83
22957
80
23277
73
23487
82
23668
73
23838
84
24058
79
24429
83
24609
79
24859
188
24989
32
25190
85
25370
78
25490
32
25640
86
26111
69
26271
82
26371
79
26492
32
26672
65
26882
86
27353
8
27463
67
27613
67
27803
69
27984
78
28174
84
28334
82
28574
65
28795
84
28965
79
29115
82
29376
69
29976
190
30197
32
32760
73
32911
78
33041
32
33171
69
33531
70
33702
70
33862
69
34082
84
34212
84
34403
73
34493
32
34733
69
35424
8
35735
78
35905
79
36055
78
36155
32
36345
69
36546
222
36666
32
36896
66
36996
69
37137
76
37287
76
37477
79
37537
32
38839
80
38999
69
39199
82
39380
68
39540
69
39690
82
39890
83
40031
73
40121
32
40251
68
40381
73
40451
32
40702
86
40872
73
40942
83
41192
84
41403
65
41473
32
41833
67
41963
79
42083
83
42244
73
42504
222
42674
32
43025
67
43165
79
43315
77
43395
69
43516
32
43626
65
44106
66
44257
66
44447
73
44557
65
44667
77
44807
79
44887
32
45078
70
45278
65
45468
84
45608
84
45679
79
45779
32
45949
78
46440
79
46630
73
46780
32
47000
85
47221
76
47401
84
47551
73
47721
77
47922
65
48042
77
48162
69
48342
78
48462
84
48543
69
49874
190
50065
32
53560
67
53740
69
53870
82
54050
84
54241
65
54381
188
54391
77
54421
69
54912
8
55072
8
55512
8
56043
77
56213
69
56314
78
56494
84
56574
69
56714
32
63664
65
63924
86
64115
69
65236
86
65486
65
65607
77
65807
79
65887
32
66087
76
66197
69
66268
32
66578
78
66778
79
66828
83
67119
84
67309
82
67459
69
67559
32
68000
82
68170
65
68350
71
68471
73
68571
79
68721
78
69192
73
69452
188
69602
32
70514
79
70904
80
71535
219
72006
8
72266
80
72576
85
72767
82
72857
69
72957
32
73087
83
73267
69
73378
77
73568
80
73798
76
74038
73
74589
67
75010
69
75200
77
75390
69
75481
78
75761
84
75861
69
75911
32
76362
69
76512
222
76662
32
76852
85
77163
32
77583
8
77824
78
77974
32
78104
80
78315
82
78325
84
78405
79
78775
8
78935
8
79216
79
79386
67
79526
69
79726
83
79867
83
79977
79
80097
32
80327
78
80427
65
80688
84
80818
85
80958
82
81169
65
81349
76
81359
186
81839
8
81970
69
82370
32
82801
8
83031
190
83201
32
83342
83
83462
80
83602
69
83772
82
83902
79
84053
32
84143
67
84273
72
84373
69
84513
32
85134
79
85254
82
85495
65
85555
32
86716
71
86816
76
86957
73
87047
32
87497
65
87638
80
87798
80
88078
85
88259
78
88369
84
88559
65
88679
77
88759
69
88899
78
89000
84
89140
73
89230
32
89550
83
89670
73
89781
32
89961
73
90161
78
90392
70
90582
73
90882
84
91012
84
91183
73
91323
83
91543
67
91733
65
91814
78
91994
79
92094
32
92274
78
92795
85
93286
79
93456
86
93726
65
93866
77
94828
78
94998
69
95308
8
95459
8
95589
51
95739
72
95749
78
96100
8
96260
8
96510
8
96650
69
96801
78
96911
84
97011
69
97161
188
97321
32
97762
80
97912
69
98112
82
98303
67
98443
72
98833
222
99154
69
99404
8
99574
8
99645
69
99845
222
99995
32
00175
76
00255
65
00366
32
00486
83
00656
69
00836
82
01026
65
01247
84
01417
65
01527
32
01707
68
01818
73
01928
32
02298
73
02358
69
02539
82
02629
73
02919
188
03019
32
03200
79
03420
71
03550
71
03790
69
04011
84
04121
84
04321
73
04712
86
04972
65
05132
77
05232
69
05393
78
05513
84
05593
69
05713
188
05843
32
06114
69
06284
222
06474
32
06604
83
06835
84
07015
65
07656
84
07826
65
07896
32
08076
77
08247
79
08407
76
08507
84
08617
79
08707
32
08938
82
09058
73
09258
76
09368
65
09579
83
09779
83
09979
65
10139
78
10259
84
10340
69
10480
190
