67182
73
67312
69
67482
82
67522
73
67672
32
67943
72
68133
79
68233
32
68393
86
68503
73
68614
83
68824
84
68894
79
68984
32
69254
85
69455
78
69805
32
70126
70
70246
73
70426
76
70626
77
70897
32
71177
67
71257
79
71407
78
71518
32
71748
83
71948
69
72169
65
72469
78
72629
32
72829
67
72960
79
73130
78
73260
78
73380
69
74161
82
74282
89
74922
32
75343
16
75533
222
75914
76
76044
65
76104
32
76384
71
76585
73
76785
85
76895
83
77136
84
77336
65
77456
32
77726
67
77897
65
78137
85
78337
83
78427
65
78728
16
79249
16
79279
16
79309
16
79349
16
79379
16
79409
16
79439
16
79479
16
79509
16
79539
222
79889
190
80000
32
80160
16
80280
78
80470
73
80480
79
80570
69
80741
78
80851
84
81061
8
81221
8
81402
8
81582
8
81712
69
81862
78
81952
84
82042
69
82193
13
82373
68
82493
73
82633
32
82794
80
82894
65
83064
82
83254
84
83404
73
83865
67
84035
79
84216
76
84296
65
84496
82
84586
69
84716
32
85147
8
85397
188
85557
32
86659
83
86809
79
86979
76
87150
79
87240
32
87470
85
87630
78
87740
32
87961
67
88121
76
88241
65
88391
83
88542
83
88652
73
88932
67
89052
79
89243
32
90304
84
90414
72
90615
82
91155
73
91896
76
92047
76
92107
69
92287
82
92487
32
97404
8
98015
32
98355
8
98566
190
98686
32
99327
83
99427
73
99527
32
99677
80
99767
65
99918
82
00028
76
00138
65
00338
86
00589
65
00699
32
01340
68
01470
73
01600
32
01840
85
02041
78
02151
32
02972
84
03042
73
03202
80
03342
79
03483
32
03633
68
03773
73
03853
32
04063
67
04224
79
04404
76
04584
79
04804
82
04915
69
05025
32
05325
65
05515
67
05646
67
05786
85
06106
83
06226
65
06417
84
06637
79
06757
32
06948
68
07078
73
07148
32
07258
65
07809
86
07989
69
08119
82
08199
69
08309
32
09091
86
09321
73
09541
79
10342
76
10452
69
10643
78
10863
84
11033
65
11214
84
11324
79
11774
32
12005
69
12165
32
12385
80
12525
79
12716
73
12846
32
13036
85
13417
86
13687
86
13947
8
14128
8
14188
67
14348
67
14508
73
15019
83
15159
79
15309
32
15980
85
16150
78
16251
65
16361
32
16571
66
16691
65
17172
77
17372
66
17542
73
17693
78
17823
65
18163
188
18764
8
18894
32
19445
16
19605
57
19886
66
20046
73
20146
65
20276
78
20386
67
20577
65
21258
16
21578
48
21708
32
21879
67
22029
72
22940
69
23551
32
24452
83
24602
84
24733
65
24823
32
25113
80
25243
69
25424
82
25514
32
25954
69
26135
83
26285
83
26505
69
26685
82
26755
69
26896
32
27396
85
27647
67
27787
67
27887
73
27997
83
28177
79
28408
32
28648
83
28838
85
29049
76
29219
76
29299
65
29349
32
29489
83
29670
69
29850
68
29960
73
30090
65
30180
32
30350
69
30791
76
30891
69
31112
84
31252
82
31612
73
31933
8
32093
8
32313
84
32524
82
32704
73
32844
67
33044
65
33305
32
33675
8
33895
190
34006
32
34166
16
34356
83
34566
69
34767
65
34887
78
35167
32
35358
67
35668
8
35738
16
35848
67
35968
79
36179
78
36299
78
36399
69
36980
82
37891
89
38001
32
38202
68
38272
69
38472
67
38622
73
38782
68
38923
69
39033
32
39183
68
39303
73
39433
32
39844
79
39964
67
40084
67
40224
85
40455
80
40585
65
40775
82
41015
83
41176
73
41316
32
41566
68
41827
73
41927
32
42087
81
42217
85
42327
69
42488
83
42688
84
42778
79
42858
32
43128
67
43299
65
43429
83
43539
79
43679
32
43910
16
44120
57
44320
69
44641
222
44731
32
44951
85
45131
78
45211
32
45382
70
45552
65
45702
77
45832
79
45942
83
46053
79
46143
32
49077
65
49277
86
49437
86
49547
79
49698
67
49908
65
50188
84
50559
79
50719
32
50859
67
50990
72
51090
69
51180
32
51530
82
51921
8
52151
79
52271
82
52572
77
53183
65
53333
32
53703
8
53904
73
54024
32
54745
70
54895
65
55005
32
55135
83
55276
79
55446
76
55616
79
55676
32
55886
73
55987
78
56097
83
56267
69
56467
71
56617
78
56708
65
56858
77
56918
69
57058
78
57138
84
57228
69
57829
8
58069
79
58240
16
58380
48
61574
32
62466
69
62606
32
63167
82
63377
73
63467
69
63657
83
63878
67
63978
69
64118
32
64258
65
64398
32
64839
70
65029
65
65149
82
65270
69
65340
32
65630
82
65800
73
65911
65
66081
80
66241
82
66421
73
66561
82
66632
69
67703
13
68224
73
68464
76
68564
32
68735
80
68845
82
68985
79
69075
67
69215
69
69456
83
69606
83
69856
79
70787
32
71639
8
71839
190
71939
32
72059
16
72209
73
72490
76
72680
32
72870
84
72990
73
73151
80
73281
79
73461
32
73661
65
73892
86
74082
69
74242
86
74483
65
74713
32
75294
83
75424
85
75744
66
75995
73
76165
84
76285
79
76375
32
76726
77
76846
65
77196
76
77307
84
77527
82
77707
65
77937
84
78048
84
78238
65
78428
77
78458
69
79119
78
79309
84
79390
69
79490
32
79720
68
80131
8
80321
8
80511
8
80731
73
80982
32
81312
68
81523
85
81623
82
81773
65
81913
78
82023
82
82093
69
82624
8
82794
8
82914
84
82975
69
83125
32
83315
76
83946
222
84226
73
84357
78
84497
84
84527
69
85057
82
85208
82
85448
79
85578
71
85939
65
85969
83
86439
8
86680
84
86840
79
86970
82
87180
73
87371
79
88102
32
88282
69
88432
32
89914
80
90075
79
90275
73
90375
32
90635
85
90826
78
90926
32
91186
80
91306
65
91597
90
91747
90
91897
79
91987
32
92288
83
92508
67
92648
65
92808
84
92929
69
93069
78
93209
65
93449
84
93549
79
93710
32
95342
67
95502
72
95562
69
95813
32
95873
65
96163
86
96333
69
96534
86
96704
65
96814
32
97014
65
97215
77
97385
77
97495
65
97665
90
97805
90
97996
65
98226
84
98246
71
98456
79
98787
8
98927
8
99127
79
99247
32
99438
85
99598
78
99718
32
99898
83
00089
65
00299
67
00459
86
01220
8
01551
67
01691
79
01801
32
01921
68
02011
73
02101
32
02232
80
02382
69
02562
82
02722
83
02823
79
02963
78
03053
69
03193
32
08280
65
08511
86
08701
69
08931
86
09111
65
09242
32
09382
65
09562
78
09632
67
09802
72
09882
69
10053
32
10193
67
10303
79
10684
78
10844
70
10974
69
11194
83
11395
83
11595
65
11775
84
11855
79
11975
32
12106
76
12686
222
12957
79
13127
77
13297
73
13588
67
13718
73
13868
68
13998
73
14199
79
14529
190
15320
32
16762
16
16812
80
17093
85
17403
82
17693
84
17904
82
18054
79
18254
80
18404
80
18525
79
18735
188
18865
32
19756
83
19937
85
20207
66
20387
73
20557
84
20678
79
20828
32
21058
68
21218
79
21389
80
21529
79
21639
32
21779
76
21889
65
21959
32
22110
83
22300
67
22450
65
22610
82
22811
67
22941
69
23091
82
23321
65
23492
90
23632
73
23702
79
23852
78
23932
69
24163
188
24303
32
24793
83
25004
69
25154
65
25324
78
25484
32
25745
67
25875
79
26045
78
26145
78
26326
69
26586
82
26736
89
26946
32
27257
67
27417
79
27988
8
28138
8
28298
83
28509
67
28729
79
28999
80
29140
82
29190
69
29360
32
29520
67
29640
72
29730
69
29831
32
31883
81
32104
85
32254
69
32374
76
32544
76
32805
32
33275
8
33355
69
33736
8
33946
79
34267
32
34427
69
34647
82
34818
65
34918
32
35338
70
35619
65
36099
8
36270
8
36710
68
36820
65
37031
86
37191
86
37361
69
37491
82
37581
79
37682
32
37842
73
38022
76
38122
32
46774
8
46945
8
47115
8
47375
76
48196
222
48297
65
48467
83
48607
83
48757
65
48927
83
49028
83
49228
73
49478
78
49678
79
49939
32
50730
69
50900
68
51040
32
51271
79
51441
82
51701
65
51811
32
52623
69
52763
222
52863
32
53093
80
53213
82
53424
79
53634
78
53744
84
53874
79
53995
32
54435
65
54655
68
54756
32
54976
85
55286
78
55457
67
55637
67
55787
8
55957
8
56158
8
56228
67
56398
67
56558
73
56738
68
57339
69
57469
82
57590
69
57660
32
57960
77
58150
79
58451
71
58611
76
58751
73
59002
69
59122
32
59733
69
59883
32
62987
70
63187
73
63388
71
63508
76
63638
73
63758
65
63898
32
64209
68
64309
69
64439
76
64569
32
64700
83
64870
85
65110
79
65240
32
65381
65
65681
86
65831
86
66021
65
66352
8
66562
79
66652
67
66843
65
67013
84
67173
79
67433
190
67624
32
69196
73
69316
78
69436
83
69576
79
70488
77
70628
77
70708
65
70898
32
71099
85
71249
78
71339
65
71449
32
71589
67
71880
79
72040
83
72230
65
72320
32
73933
85
74113
78
74213
32
74403
80
74554
79
74814
222
75004
32
75735
82
75905
65
76116
70
76216
70
76456
65
76697
90
76857
90
77037
65
78179
8
78439
79
78649
78
78759
65
78950
84
79250
65
79390
32
79601
67
79691
72
79811
69
79911
32
80161
70
80462
85
80622
78
80792
90
80953
73
81023
79
81543
78
81674
65
81924
32
82094
83
82314
79
82525
80
82695
82
82885
65
83055
84
83196
84
83316
85
83456
84
83576
84
83696
79
83807
32
83947
80
84007
69
84157
82
84247
32
84407
73
84558
76
84638
32
84808
70
85028
65
85209
84
85369
84
85499
79
85579
32
85709
67
85809
72
85950
69
86050
32
88473
67
88623
72
88753
69
88854
32
89144
72
89294
65
89374
32
89825
82
89965
65
90155
71
90266
73
90366
79
90486
78
90606
82
90616
69
90696
32
91117
8
91277
8
91447
8
91557
69
91718
222
92168
8
92288
32
93170
69
93350
222
93510
32
93961
80
94181
82
94321
79
94532
80
95042
82
95253
73
95363
79
95493
32
95623
76
95713
65
95783
32
96004
80
96124
69
96294
82
96464
83
96554
79
96725
78
96775
65
96955
32
97105
67
97215
72
97316
69
97416
32
97566
65
97997
76
98177
76
98758
222
98998
73
99138
78
99288
73
99429
90
99539
73
99699
79
99819
32
99939
68
00230
8
00360
84
00460
73
00590
32
00680
83
00911
84
01091
65
01161
32
01301
65
01421
78
01662
84
01822
73
01942
67
02152
80
02333
65
02593
8
02763
8
03124
8
03344
80
03414
65
03624
84
03775
73
03925
67
04155
65
04956
32
05517
16
05747
57
06078
73
06258
76
06378
32
06549
80
06779
79
06949
76
07099
73
07219
90
07470
73
07690
79
08011
84
08151
84
08291
79
08481
32
08641
67
08852
65
09092
84
09222
84
09363
73
09483
86
09613
79
09793
16
09933
48
