73815
78
73975
67
74096
72
74576
8
74757
8
74937
8
75067
65
75227
78
75317
67
75438
72
75528
69
75628
32
75918
79
76068
71
76229
71
76339
73
76439
32
76629
78
76789
79
76920
78
77110
83
77571
8
77681
32
77831
83
78021
65
78131
80
78292
82
78392
69
78652
73
78832
32
79003
80
79153
79
79293
82
79674
8
79824
8
79914
82
80054
73
80094
79
80184
79
80525
8
80675
8
80845
8
81276
79
81396
80
81556
82
81696
73
81807
79
81897
32
82357
67
82588
79
82738
83
82898
65
82928
32
83118
83
83419
67
83609
82
83809
73
83809
79
83899
86
84220
8
84370
8
84460
86
84610
69
84721
82
84831
69
84981
191
85091
32
85532
8
85672
8
86203
190
86303
32
86974
78
87084
69
87194
76
87334
76
87424
65
87495
32
87645
80
87725
82
87945
73
88115
77
88236
65
88306
32
88546
77
88666
65
88776
73
88937
76
89037
32
89447
68
89567
73
89668
67
89798
69
89808
82
90349
8
90509
86
90649
73
90779
32
91029
68
91160
73
91250
32
91600
68
91781
69
92011
83
92231
67
92732
82
92852
73
92972
86
93152
69
93273
82
93363
69
93433
32
95175
67
95285
79
95386
83
95486
65
95566
32
95776
65
96017
86
96297
69
96537
86
96748
65
96848
77
96978
79
97058
32
97268
86
98029
73
98119
83
98340
84
98410
79
98500
32
98760
73
98861
69
99031
82
99111
73
99171
32
99501
73
99632
78
99742
32
00002
84
00132
85
00933
8
01755
86
01845
32
02065
79
02426
80
02576
80
02776
85
02896
82
02956
69
03056
32
04228
67
04308
79
04458
83
04569
65
04619
32
04809
65
05039
86
05189
69
05390
86
05590
65
05710
77
05870
79
05991
32
06181
77
06291
65
06431
78
06952
71
07082
73
07222
65
07453
84
07563
79
07773
190
08244
190
08404
190
08534
32
08664
77
08774
65
08835
32
09115
73
09626
69
09806
82
09926
73
10056
32
11739
72
11929
79
12019
32
12169
77
12249
65
12400
78
12620
71
12810
73
12920
65
13131
84
13181
79
13271
32
13561
68
13691
69
13962
71
14062
76
14162
73
14272
32
14402
83
14583
80
14743
65
15173
71
15434
72
15544
69
15754
84
15874
84
15975
73
16055
32
16175
65
16315
76
16455
32
16575
83
16776
85
17006
71
17266
79
18017
32
18178
69
18188
87
18278
32
18769
8
18939
8
19209
32
23155
72
23365
79
23445
32
23685
70
23876
65
24066
84
24236
84
24396
79
24487
32
24687
83
24847
79
25017
76
25188
79
25268
32
25879
90
25999
65
26289
80
26439
80
26670
73
26810
78
26960
71
27961
190
28172
32
29343
67
29424
79
29564
77
29684
69
29774
32
30014
67
30115
79
30285
77
30445
77
30565
69
30665
78
30775
84
30926
65
31046
82
31186
69
31246
32
31436
84
31587
85
31727
84
31857
84
31977
79
32057
32
32217
81
32348
85
32428
69
32598
83
32828
84
32939
79
33199
16
33349
191
33359
190
33860
8
34020
32
35482
69
35732
222
35903
32
36063
85
36233
78
36784
69
37134
83
37345
69
37515
82
37705
67
37855
73
37936
90
38056
73
38156
79
38236
32
38336
68
38436
73
38506
32
38677
82
38807
69
39147
84
39338
79
39448
82
40259
73
40399
67
40599
65
40679
32
40860
65
40960
32
41250
67
42332
85
42402
73
42512
32
42752
78
42913
79
43043
78
43153
32
43243
83
43343
79
43563
80
43934
8
44124
78
44264
79
44345
32
44495
80
44615
82
44675
69
44895
80
45036
65
45206
82
45396
65
45606
84
45737
79
47108
16
47128
49
47539
32
49432
69
49582
32
49712
80
49862
79
50023
73
50143
32
50303
78
50453
79
50563
78
50673
32
50864
78
50994
69
51034
32
51354
72
51515
79
51575
32
51785
80
51995
82
52376
79
52997
82
53678
8
53878
80
54068
82
54319
73
54469
79
54619
32
55020
86
55120
79
55671
71
55771
76
55881
73
55991
65
56181
190
56281
32
59896
70
60017
79
60157
82
60347
84
60547
85
61048
78
61168
65
61409
84
61599
65
61749
77
61809
69
61989
78
62110
84
62200
69
62290
32
63672
67
63812
73
63902
32
64032
83
64102
79
64263
78
64413
79
64493
32
64753
79
64944
82
65084
65
65134
32
65294
76
65364
69
65474
32
65705
86
65885
65
66125
67
66476
65
66746
78
66876
90
67147
69
67367
32
67517
68
67597
73
67707
32
68078
16
68148
80
68308
65
68489
83
69340
81
69640
85
69780
65
70011
32
70181
69
70261
32
75278
65
75508
86
75689
82
75859
79
76079
222
76199
32
76380
85
76520
78
76620
32
76800
80
76900
79
77101
222
77211
32
77331
68
77451
73
77551
32
77682
84
77682
82
77772
69
77932
77
78893
8
79073
8
79244
8
79364
69
79524
77
79754
80
79935
79
80095
32
80255
68
80435
65
80485
32
80646
68
80816
69
80976
67
81477
8
81557
68
81687
73
81777
67
81927
65
82068
82
82178
69
82248
32
82418
65
82498
32
82669
77
82789
69
82879
32
83059
83
83600
84
83680
69
83890
83
84040
83
84171
79
84611
188
84711
32
85132
65
85583
76
85703
32
86083
84
86264
82
86424
65
86584
83
86814
70
86955
69
87075
82
87255
73
87385
77
87515
69
87605
78
87766
84
87836
79
87976
32
88296
65
88507
68
89027
8
89128
32
89228
81
89388
85
89478
65
89628
76
89728
67
89859
72
89969
69
90049
32
90550
66
90770
85
90880
79
91020
78
91170
65
91251
32
91441
76
91511
69
91741
84
91881
84
91982
85
92082
82
92232
65
92593
190
92763
190
92953
190
93193
32
94195
67
94305
72
94415
69
94495
32
94715
66
94826
69
94966
76
95106
76
95356
79
95607
188
95767
32
96528
86
96628
79
96788
82
96909
82
97029
69
97159
73
97209
32
97409
67
97549
72
97650
69
97730
32
97960
82
98301
8
98391
68
99112
85
99302
82
99482
65
99893
83
00013
83
00203
69
00363
82
00494
79
00614
32
01705
49
01836
48
01986
48
02116
32
02336
71
02456
73
02547
79
02677
82
02787
78
02957
73
04419
188
04549
32
04730
78
04830
69
04920
32
05060
65
05310
86
05511
82
05591
69
05731
73
05801
32
06001
80
06132
82
06312
79
06632
82
06983
8
07193
80
07303
82
07423
73
07534
79
07624
32
08174
66
08395
73
08855
79
09046
83
09196
78
09336
71
09426
79
09536
32
10207
8
10358
8
10538
8
10728
8
11349
79
11539
71
11639
78
11820
79
12370
190
13071
32
13322
77
13442
65
13522
32
18068
80
18309
85
18449
82
18649
84
18809
84
18819
82
19430
8
20101
8
20201
82
20682
79
20882
80
21033
80
21153
79
21263
32
21473
78
21623
79
21744
78
21844
32
21994
83
22124
73
22354
32
22795
80
23065
85
23266
79
23806
222
24327
16
24427
49
24788
32
28864
73
29044
78
29184
70
29364
65
29555
84
29675
84
29835
73
30596
188
30836
32
34832
71
35182
73
35643
65
35803
222
35924
32
36104
76
36204
65
36274
32
36444
80
36524
82
36745
79
36865
83
37025
83
37105
73
37255
77
37386
65
37526
32
37646
83
37836
69
38057
84
38177
84
38277
73
38467
77
38647
65
38707
78
38918
65
39038
32
39418
68
39609
69
39799
86
39909
79
39989
32
40220
84
40370
79
40891
82
41061
78
41201
65
41381
82
41441
69
41531
32
42563
81
42733
85
42843
73
42973
32
43224
80
43294
69
43474
82
43544
32
45747
76
45998
222
46528
79
46789
82
47330
71
47520
65
47660
78
47790
73
47910
90
48061
90
48191
65
48351
90
48441
73
48531
79
48671
78
48792
69
48992
32
49423
68
49693
69
49793
76
49873
32
50284
87
50534
84
50704
70
50814
79
50935
82
51085
85
51245
77
51335
32
51455
67
51525
79
51666
78
51766
32
52277
70
52487
82
52627
65
52757
78
52867
67
52988
69
53178
83
53308
67
53398
79
53468
32
53779
83
53989
69
54149
77
54319
80
54440
82
54480
69
54560
32
54830
80
55151
73
55351
85
55591
222
55691
32
55822
65
55942
78
56092
83
56302
73
56553
79
57173
71
57294
69
57444
78
57594
79
57804
188
57904
32
58065
80
58175
69
58325
82
58445
32
58946
8
59296
32
59447
78
59617
79
59737
78
59837
32
60128
80
60258
69
60708
8
60768
65
60939
82
61099
76
61209
65
61389
82
61479
69
61560
32
61700
68
61800
69
61860
76
62020
76
62100
69
62201
32
62391
76
62581
69
62781
90
62871
73
62982
79
63142
78
63272
73
63552
188
63673
32
63923
68
64033
69
64183
76
64313
32
64844
87
65085
84
65285
76
65415
65
65595
66
65996
188
66136
32
66747
68
66897
73
66977
32
67258
84
67828
65
67949
78
68099
84
68209
69
68259
32
68539
66
68790
65
69000
76
69140
76
69461
69
71413
32
71604
67
71734
72
71854
69
71954
32
72134
78
72315
79
72465
78
72555
32
73276
86
73436
79
73587
82
73747
82
73787
69
73937
73
74037
32
74157
65
74388
86
74578
69
74698
82
74788
69
75109
16
75159
49
