55486
16
55736
67
55816
73
55936
65
56046
79
56167
16
56367
49
56577
32
56697
81
56868
85
56908
69
57078
83
57248
84
57368
65
57458
32
57619
80
57709
82
57839
79
57919
86
58009
65
58139
32
58340
76
58460
65
58550
32
58710
83
58840
84
58921
79
59081
32
59171
70
59251
65
59421
78
59461
67
59551
69
60353
68
60763
79
61134
8
61254
8
61544
78
61705
68
61795
79
61955
32
62035
68
62125
65
62205
32
62456
85
62576
78
62746
79
63187
32
63277
68
63447
69
63527
73
63697
32
63778
67
63868
79
64028
77
64188
80
64398
85
64479
69
64559
84
64809
32
65240
8
65540
8
65710
8
65911
8
66161
84
66241
69
66331
82
66652
32
66892
68
67062
69
67182
32
67473
8
67713
76
67883
76
67964
65
68094
32
68214
68
68264
73
68384
68
68504
65
68725
84
68845
84
68935
73
69055
67
69175
65
69346
190
71699
32
71869
16
71989
81
72150
85
72240
69
72370
83
72500
84
72620
65
72700
32
72861
84
72951
65
73121
83
73281
84
73441
69
73852
8
74132
73
74343
69
74463
82
74543
65
74683
32
74813
69
75104
189
75474
8
76366
222
76576
32
76696
84
76776
69
76946
82
77027
82
77197
73
77357
66
77477
73
77688
76
77808
69
77898
188
78058
32
78228
69
78469
68
78639
32
78759
69
79610
222
79821
32
79941
68
80071
73
80191
70
80311
70
80441
73
80562
67
80642
73
80852
76
81012
73
81183
83
81303
83
81433
73
81633
77
81813
79
82024
32
82955
73
83125
78
83706
83
83906
69
84067
82
84157
73
84277
82
84367
69
84447
32
84648
73
84778
32
84898
68
84978
65
85108
84
85238
73
85519
191
86210
8
86941
190
87151
32
87271
16
87482
73
87612
78
87782
79
87942
76
88123
84
88403
8
88573
8
89224
76
89384
84
89545
82
89635
69
89725
188
89845
32
89965
67
90175
82
90216
69
90386
68
90476
79
90596
32
90716
68
90806
73
90927
32
91007
65
91137
86
91297
69
91417
82
91547
32
91668
83
91838
67
91928
79
92058
80
92148
69
92228
82
92409
84
92499
79
92619
32
92859
80
92949
69
93040
82
93240
67
93330
72
93410
69
94422
222
94672
32
94792
65
94882
76
95002
67
95133
85
95253
78
95333
69
95423
32
95623
80
95703
69
95753
82
95914
83
96004
79
96164
78
96244
69
96374
32
96575
80
96665
82
96785
79
96875
68
97035
85
97075
67
97206
79
97366
78
97496
79
97656
32
97776
68
97907
69
97967
73
98087
32
98187
67
98277
65
98367
77
98568
80
98768
73
98948
79
99068
78
99198
73
99319
32
99569
80
99709
73
99909
85
00600
222
00811
32
00931
67
01021
79
01141
82
01301
84
01392
73
01532
32
01662
68
01742
73
01862
32
01992
81
02113
85
02203
65
02734
78
02864
84
02964
79
03124
32
03575
73
03735
79
03905
32
04105
77
04236
73
04476
32
04606
65
04776
83
04937
80
05017
69
05307
84
05427
84
05598
65
05798
83
05928
83
06088
73
06739
190
06950
32
07070
16
07220
80
07310
82
07400
79
07611
66
07731
65
07901
66
08021
73
08271
76
08432
77
08482
69
08602
78
08692
84
08812
69
08902
32
09063
78
09223
79
09393
78
09513
32
09684
69
10254
222
10435
32
10525
67
10615
79
10935
76
11386
80
11466
65
11596
32
11767
76
11937
79
12017
82
12187
79
12387
188
12548
32
12758
77
12838
65
12918
32
13459
73
13659
76
13819
32
14070
66
14160
82
14270
79
14470
87
14751
83
14921
69
14971
82
15131
32
15262
86
15382
65
15422
32
15592
65
15672
32
15802
67
15922
65
16133
80
16313
79
16473
32
16553
65
16684
85
16804
84
16894
79
16984
77
17104
65
17234
84
17294
73
17415
67
17535
65
17665
77
17785
69
17835
78
17955
84
18036
69
18176
188
18336
32
18466
69
18556
32
18716
81
18797
85
18957
73
19087
78
19207
68
19297
73
19458
32
20109
67
20319
82
21010
69
21130
65
21290
32
21380
68
21541
69
21671
76
21791
76
21911
69
22041
32
22121
82
22212
73
22332
71
22412
72
22512
69
22602
32
22822
80
22983
73
23153
85
23634
222
23844
32
23984
67
24034
79
24154
82
24315
84
24405
69
24525
32
24615
68
24775
69
24815
76
24986
32
25186
78
25316
79
25416
82
25536
77
25616
65
25707
76
25827
69
25967
190
26137
32
26257
16
26378
78
26548
65
26708
84
26798
85
26918
82
26998
65
27069
76
27229
77
27309
69
27439
78
27519
84
27599
69
27639
32
27850
76
27930
65
28060
32
28180
83
28240
79
28400
76
28601
85
28721
90
28811
73
28971
79
29071
78
29202
69
29282
32
29402
69
29652
222
30023
32
30143
83
30303
67
30473
82
30594
73
30684
86
30804
69
30894
82
31014
69
31014
32
31224
85
31345
78
31465
65
31555
32
31655
82
31785
73
31875
71
31996
65
32086
32
32216
73
32346
78
32506
32
32717
80
32877
73
33047
85
33528
222
33898
188
34019
32
35400
77
35491
65
35611
32
35901
81
35961
85
36081
69
36242
83
36362
84
36462
79
36632
32
36833
76
36963
65
37043
32
37123
71
37253
69
37373
78
37463
84
37554
69
37684
32
37884
78
38044
79
38184
78
38345
32
38465
67
38515
73
38675
32
38886
80
38966
69
39066
78
39186
83
39266
65
39356
32
39516
78
39597
69
39767
65
39887
78
39977
67
40067
72
40137
69
40227
32
40428
77
40558
73
40718
77
40808
73
41249
8
41379
8
41780
78
41910
73
42070
77
42200
65
42280
77
42401
69
42501
78
42581
84
42671
69
42761
32
42921
65
42961
32
43372
70
43452
65
43582
82
43702
76
43873
79
44153
190
44363
32
44784
16
44914
73
45074
78
45205
32
45445
79
45575
71
45655
78
45775
73
46066
32
46266
67
46396
65
46526
83
46647
79
46887
188
47057
32
47498
73
47708
76
47868
32
47949
70
48039
65
48199
84
48329
84
48419
79
48539
32
48619
67
48750
72
48830
69
48920
32
49040
83
49130
73
49250
32
49451
80
49641
79
49741
83
49901
83
50022
65
50072
32
50232
70
50362
65
50492
82
50562
69
50692
32
50933
76
51994
222
52115
69
52285
83
52405
80
52495
69
52615
82
52775
73
52946
77
53026
69
53156
78
53236
84
53316
79
53486
32
54057
65
54218
78
54388
67
54468
72
54548
69
54638
32
54758
68
54889
65
56100
76
56230
76
56391
65
56481
32
56801
82
56881
69
57052
84
57132
69
57262
32
57382
68
57512
69
57592
76
57753
76
57843
65
57963
32
58093
68
58173
73
58293
68
58464
65
58624
84
58754
84
58834
73
58954
67
59044
65
59205
188
59375
32
59495
67
59585
73
59705
32
59906
80
59996
69
60046
82
60166
77
60296
69
60457
84
60587
84
60707
69
60827
82
60957
65
61768
222
61979
32
62109
68
62189
73
62309
32
62399
82
62489
65
62690
67
62820
67
62900
79
63120
71
63731
76
63942
73
64022
69
64102
82
64182
69
64312
32
64482
85
64612
78
64783
32
64983
80
65183
79
65594
222
65804
32
65924
68
66015
73
66175
32
66295
67
66375
65
66545
77
68298
80
68458
73
68628
79
68788
78
68909
73
69079
32
69199
68
69309
32
69349
65
69510
80
69890
82
70050
65
70221
84
70301
69
70431
32
70551
68
70671
69
70841
71
70972
76
71142
73
71282
32
71372
83
71532
85
72304
8
72514
84
72634
85
72804
68
72924
69
73015
78
73135
84
73215
73
73465
190
73666
32
73756
16
73956
83
74126
69
74246
32
74367
65
74457
78
74537
67
74667
72
74747
69
74867
32
74997
82
75118
73
75248
85
75408
83
75568
67
75698
73
75819
83
75949
83
76069
73
76279
77
76399
79
76600
32
76690
83
76780
79
76940
76
77100
79
77271
32
77391
65
77481
32
77922
80
78042
82
78092
69
78212
76
78342
69
78502
86
78583
65
78713
82
78793
69
78923
32
79444
81
79574
85
79654
65
79784
76
79904
67
79995
72
80075
69
80165
32
80285
67
80375
69
80455
78
80575
84
80626
73
80826
78
80906
65
81156
73
81317
79
81437
32
81567
68
81657
73
81777
32
81897
67
81977
65
82068
77
82228
80
82438
73
82568
79
82739
78
82829
73
83069
188
83229
32
83359
81
83480
85
83520
69
83700
83
83820
84
83880
79
84040
32
84171
83
84331
65
84421
82
84541
69
84711
66
84872
66
84952
69
85042
32
85162
67
85252
79
85372
77
85503
79
85633
68
85753
73
85893
83
86013
83
86143
73
86304
77
86474
79
86794
190
86965
32
87125
16
87285
73
87455
78
87596
32
88246
82
88327
69
88447
65
88527
76
88697
84
88777
65
89488
222
89699
32
89939
78
90109
79
90269
78
90400
32
90560
69
91291
222
91501
32
91621
67
91711
72
91832
69
91922
32
92042
83
92132
73
92252
65
92342
32
92503
84
92663
82
92763
79
92923
80
93063
80
93244
79
93434
32
93554
83
93674
80
93764
69
93925
82
94045
65
94215
78
94345
90
94505
79
94916
83
95036
79
95196
32
95307
68
95437
73
95597
32
95727
82
95847
73
95978
85
96058
83
96178
67
96348
73
96468
69
97039
8
97209
82
97289
69
97380
32
97500
65
97590
68
97700
32
97830
65
97950
86
98121
69
98241
82
98321
69
98411
32
98611
80
98782
73
98982
85
99282
189
99773
8
00294
222
00504
32
00584
68
00674
73
00764
32
00895
67
00985
69
01075
78
01155
84
01275
79
01355
32
01486
67
01566
65
01656
77
01816
80
02016
73
02187
79
02347
78
02437
73
02677
188
02847
32
03048
77
03178
65
03218
32
03378
65
03468
78
03548
67
03639
72
03719
69
03799
32
03929
67
04019
79
04139
83
04260
73
04670
222
04870
32
05081
78
05241
79
05381
78
05541
83
05541
32
06363
8
06523
8
06723
32
06933
83
07054
65
07154
82
07234
69
07444
66
07574
66
07654
69
07745
32
07865
65
08025
70
08195
70
08275
65
08446
84
08566
84
08656
79
08816
32
09026
77
09157
65
09277
76
09407
69
09607
190
