95647
101
95857
99
95977
99
96107
111
96298
32
96408
113
96538
117
96708
105
96869
32
97980
105
98161
108
98331
32
98501
110
98641
117
98852
111
98922
118
99042
111
99322
32
99472
115
99633
99
99743
104
99833
101
99913
114
00103
109
00193
111
00354
32
00444
100
00554
97
00684
32
00804
114
00874
105
01015
101
01135
109
01295
112
01465
105
01525
114
01616
101
01746
44
01876
32
02096
101
02457
39
02667
32
02867
109
03028
111
03208
108
03318
116
03388
111
03518
32
03709
112
03849
105
04039
117
04370
39
04560
32
04680
103
04820
114
04920
111
05061
115
05161
115
05291
111
05792
44
06142
32
06393
112
06463
101
06543
114
06763
13
06943
99
07044
117
07204
105
07354
32
07554
104
07815
111
07985
32
08165
112
08235
97
08386
117
08456
114
08556
97
08686
32
08796
99
08886
104
08976
101
09057
32
09227
108
09317
101
09397
32
09577
112
09647
101
09727
114
09878
115
09938
111
10078
110
10148
101
10248
32
10408
110
10559
111
10679
110
10829
32
10909
97
11069
118
11240
114
11310
97
11510
110
11630
110
11801
111
11991
32
12171
109
12301
111
12462
108
12562
116
12662
97
12802
32
12942
118
12992
111
13132
103
13223
108
13383
105
13463
97
13623
32
13733
100
13824
105
13974
32
14054
114
14174
105
14264
101
14394
109
14555
112
14755
105
14915
114
15015
108
15186
111
15406
44
15636
13
15937
67
16077
104
16147
105
16227
97
16327
114
16437
97
16548
109
16648
101
16738
110
16808
116
16888
101
16968
32
17249
100
17329
111
17469
118
17629
114
17699
101
17799
109
17940
109
17980
111
18580
8
18731
8
19151
111
19362
32
19482
115
19632
99
19732
101
19942
103
20043
108
20193
105
20263
101
20363
114
20453
101
20533
32
20654
115
20744
111
20884
108
21054
111
21214
32
21405
112
21505
101
21595
114
21775
115
21845
111
21965
110
22056
101
22156
32
22256
99
22356
104
22456
101
22566
32
23548
112
23728
111
23838
115
23958
115
24049
105
24249
109
24369
97
25090
8
25260
8
25581
97
25761
109
25881
111
26232
32
26422
99
26542
111
26632
115
26773
116
26943
114
27013
105
27123
110
27223
103
27343
101
27443
114
27554
101
27644
13
27784
97
27924
32
28195
102
28285
97
28395
114
28485
101
28585
32
28765
108
29116
39
29206
101
29376
115
29547
101
29667
114
30318
8
30468
8
30718
112
30788
101
30889
114
31039
105
31329
109
31429
101
31519
110
31630
116
31690
111
31960
44
32170
32
40413
115
40543
101
40713
110
40833
122
40963
97
41094
32
41274
112
41354
101
41454
114
41534
32
41684
102
41775
111
41845
114
42516
122
42696
97
42896
32
45500
100
45620
111
45720
118
45840
101
45931
114
46171
108
46441
105
47072
32
48324
105
48544
109
48725
112
48885
108
49045
111
49115
114
49215
97
49336
114
49416
101
49616
44
96034
32
96495
99
96575
111
96685
109
96775
101
96976
13
97296
97
97436
118
97586
101
97817
118
97957
111
98127
32
98207
100
98318
111
98568
118
98688
117
98808
116
98898
111
99049
32
99199
102
99289
97
99399
114
99489
101
99720
32
99830
99
99930
111
00110
110
00270
32
00401
105
00531
32
00731
112
00821
114
00901
101
01052
99
01152
101
01342
100
01492
101
01572
110
01682
116
01943
101
02253
8
02484
105
02664
32
02734
101
02884
115
02994
112
03085
101
03195
114
03275
105
03415
109
03525
101
03625
110
03715
116
03806
105
04036
46
04226
32
05568
68
05708
117
05829
110
05919
113
06039
117
06119
101
06279
44
06469
32
07171
97
08162
8
08422
104
08583
111
08733
32
08883
103
08963
105
09043
97
09284
39
09484
13
09604
115
09724
99
09895
114
09975
105
10105
116
10225
116
10295
111
10465
32
10616
117
10706
110
10856
32
11126
97
11397
8
11527
115
11637
97
11807
99
11928
99
11998
111
12178
44
12328
32
12408
101
12518
32
12759
115
12839
111
13019
110
13139
111
13290
32
13390
97
13520
110
13620
99
13730
111
13880
114
14001
97
14131
32
14231
97
14351
32
14461
99
14561
105
14641
114
14812
99
14902
97
14962
32
15142
109
15212
101
15333
116
15443
97
15643
39
15823
32
15933
100
16074
101
16194
108
16334
108
16444
97
16554
32
16684
102
16785
111
16855
114
17045
109
17195
32
17486
86
17626
101
17796
100
17906
105
17986
97
18097
109
18187
111
18337
32
18417
100
18507
105
18627
32
18828
112
18898
114
19008
111
19098
115
19188
101
19368
103
19439
117
19579
105
19659
114
19749
101
19869
13
20009
99
20100
111
20240
110
20400
32
20480
113
20580
117
20670
97
20801
108
20901
99
21001
111
21101
115
21211
97
21351
32
21472
100
21502
105
21652
32
22683
105
22844
110
22944
115
23054
116
23164
97
23254
110
23424
116
23525
97
23715
110
23795
101
24045
111
24416
58
24596
32
25087
105
25217
110
25377
32
25618
113
25728
117
25808
101
25948
115
26088
116
26158
111
26339
32
26509
109
26629
111
26799
110
26869
101
27030
116
27400
8
27540
8
27661
8
27891
109
27971
101
28061
110
28181
116
28221
111
28382
32
28532
110
28562
101
28732
108
28912
32
29093
109
29213
105
29393
111
29684
13
29914
117
30044
102
30144
102
30264
105
30355
99
30445
105
30625
111
30825
32
31346
99
31426
39
31526
101
31636
39
31827
32
32127
84
32307
111
32428
114
32538
97
32748
115
32868
115
32968
111
33139
32
33229
99
33379
104
33449
101
33569
32
33639
115
33760
116
33870
97
34080
32
34220
99
34320
104
34431
105
34511
101
34701
100
34841
101
34921
110
35051
100
35081
100
35122
111
35272
32
35422
117
35502
110
35602
97
35702
32
36093
99
36243
111
36504
115
36634
97
36784
32
36914
97
37044
32
37465
109
37515
97
37635
114
37826
99
37896
111
38036
32
38196
98
38376
111
38476
116
38617
116
38747
97
38927
44
39238
13
40079
65
40339
104
40560
44
40730
32
41291
117
41431
110
41781
39
41942
97
42052
109
42072
107
42082
44
42182
116
42342
114
42432
97
42613
32
42763
99
42853
111
43033
115
43133
97
43294
32
43414
99
43514
104
43594
101
43704
32
43894
109
44025
105
44175
32
44395
104
44525
101
44756
39
45096
8
45246
8
45537
8
45767
101
45957
39
46138
32
46238
118
46348
101
46468
110
46598
117
46679
116
46819
97
46969
32
47159
105
47329
110
47510
32
48802
109
48902
101
48972
110
49082
116
49172
101
50885
58
51035
32
51486
109
51556
97
51686
32
52617
105
52808
108
52958
32
53088
114
53158
112
53318
111
53328
103
53509
114
53579
97
53749
109
53869
109
54009
105
54170
110
54380
111
54760
44
54981
13
55131
114
55231
105
55361
117
55471
115
55572
99
55672
105
55772
114
55862
97
56022
39
56202
32
56293
97
56433
32
56533
116
56643
101
56984
8
57134
8
58456
109
58596
101
58706
109
58806
111
58906
114
59017
105
59267
122
59387
122
59517
97
59698
114
59788
101
59918
32
60048
117
60148
110
60238
97
60339
32
60449
115
60579
116
60749
114
60859
105
60980
110
61100
103
61190
97
61330
32
61470
99
61560
111
61701
115
61851
105
62251
39
62572
32
62802
108
62972
105
63093
110
63413
8
63573
8
63984
117
64124
110
64224
103
64314
97
64465
44
64605
32
64705
116
64795
101
64895
110
64995
116
65136
110
65336
100
65416
111
65586
32
65696
99
65807
111
65927
110
66087
116
66247
111
66678
13
67038
99
67159
104
67229
101
67359
32
67419
100
67549
101
67659
118
67769
101
67890
32
67990
97
68100
110
68180
99
68310
104
68360
101
68501
32
76192
114
76272
101
76422
103
76512
105
76632
115
76763
116
76933
114
77023
97
77203
101
77624
32
77844
105
78004
32
78165
116
78255
101
78355
109
78505
112
78685
105
78816
32
78966
116
79126
114
79216
97
79356
32
79507
111
79667
103
79757
110
79867
105
79997
32
80108
99
80178
97
80308
114
80408
97
80558
116
80698
116
80799
101
80969
114
81530
101
81820
44
81960
32
82561
101
82681
32
82782
113
82892
117
83042
105
83172
110
83242
100
83352
105
83452
32
83663
108
83743
97
83933
13
84083
115
84214
116
84374
114
84494
105
84564
110
84644
103
84724
97
84804
32
84965
102
85025
105
85115
110
85195
97
85315
108
85405
101
85485
32
85606
115
85666
105
85796
32
85856
97
86026
108
86146
108
86337
117
86457
110
86547
103
86627
97
86717
32
86827
97
86938
32
87058
100
87128
105
87218
115
87428
109
87559
105
87679
115
87979
117
88250
114
88350
97
88680
46
88860
32
89131
69
89361
118
89471
118
89561
97
89742
105
89922
44
90072
32
90202
115
90283
105
90373
97
90473
109
90583
111
90703
32
90813
113
90913
117
91004
97
91124
115
91264
105
91384
32
91494
97
91655
108
91785
108
91865
97
92005
32
92105
102
92185
105
92305
110
92386
101
92997
44
93187
13
93277
97
93447
110
93547
99
93667
111
93758
114
93858
97
93948
32
94118
117
94208
110
94298
97
94409
32
94519
114
94599
105
94719
103
94799
97
94939
32
95050
101
95140
32
95260
99
95320
111
95450
110
95580
115
95650
105
95751
100
95891
101
95961
114
96041
111
96141
32
96251
100
96341
105
96452
32
96502
97
96602
118
96712
101
96812
114
96902
101
97002
32
97123
102
97203
105
97303
110
97423
105
97583
116
97713
111
97944
46
