25249
65
25529
108
25679
108
25749
97
26210
32
26320
102
26410
105
26530
110
26621
101
26781
44
26931
32
27041
116
27211
114
27292
97
27412
32
27612
117
27672
110
27802
97
27923
32
28023
99
28133
111
28223
115
28333
97
28473
32
28604
101
28694
32
28954
108
29284
39
29375
97
29525
107
29525
44
29945
116
30346
8
30506
8
30656
8
31127
108
31448
116
31658
114
31788
97
31978
44
32179
32
32489
115
32569
111
32709
110
32860
111
33010
32
33180
117
33270
110
33451
111
33591
32
33701
100
33791
105
33901
32
33991
113
34142
117
34212
101
34372
108
34502
108
34702
105
34873
32
34983
99
35083
104
35193
101
35283
32
35453
102
35554
97
35664
32
35824
109
35904
101
36004
110
36134
111
36285
32
36715
13
36926
118
37016
111
37186
108
37306
116
37386
101
37496
32
37697
108
37927
39
38007
101
38208
115
38328
101
38438
114
38648
99
38778
105
38878
122
39009
105
39169
111
41512
46
41793
32
42844
67
42964
111
43145
109
43325
117
43405
110
43545
113
43675
117
43766
101
43926
44
44106
32
44306
105
44397
101
44497
114
44597
105
44747
32
44877
115
44967
105
45057
97
45188
109
45298
111
45438
32
45538
97
45678
110
45769
100
46429
97
46640
116
46960
8
47401
116
47551
105
47701
32
47771
97
47932
32
48122
102
48242
97
48392
114
48482
101
48613
32
48793
117
48883
110
48983
97
49113
32
49224
103
49324
105
49434
116
49544
97
49774
32
50355
110
50455
101
50586
108
50736
108
50846
101
50996
13
51186
108
51257
97
51397
110
51627
103
51717
104
51857
101
52048
46
52248
32
52498
80
52629
114
52729
105
52839
109
52929
97
53049
32
53169
115
53289
105
53390
97
53520
109
53650
111
53810
32
53890
97
54011
110
54101
100
54211
97
54261
113
54341
116
54481
105
54631
32
54732
97
54862
100
55012
32
55252
65
55463
108
55683
98
55773
97
55973
44
56144
32
56354
108
56444
97
56574
32
56875
67
57055
105
57205
116
57355
116
57496
97
57656
39
57826
32
57936
100
58086
101
58217
108
58247
111
58367
108
58557
101
58988
8
59148
8
59278
8
59499
108
59609
101
59749
32
59879
99
59989
101
60109
110
60230
116
60320
111
60460
32
60600
116
60700
111
60820
114
60931
114
61051
105
61301
44
61521
32
61612
97
61742
110
61832
99
61942
104
62042
101
62243
13
62383
115
62493
101
62623
32
62833
112
63024
111
63214
105
63384
32
63474
97
63605
32
63775
97
63805
109
64636
8
64776
8
64987
109
65087
97
65207
108
65307
97
65517
112
65627
101
65788
110
65878
97
66008
32
66198
115
66318
101
66479
32
66659
110
66769
101
66859
32
67200
118
67340
101
67510
100
67610
111
67741
110
67881
111
68011
32
68201
113
68692
117
68792
97
69012
116
69143
116
69313
114
69413
111
69563
32
69743
111
69894
32
70004
99
70094
105
70174
110
70264
113
70394
117
70505
101
70745
46
70755
242
70775
108
71005
32
71326
8
71476
8
71626
8
71887
32
73309
76
73499
97
73609
32
73739
103
73960
117
74170
105
74300
100
74420
97
74621
32
74811
100
74911
105
75011
99
75151
101
75282
32
75432
99
75522
104
75622
101
75832
13
75963
100
76063
111
76213
118
76403
114
76473
101
76644
98
76774
98
76884
101
76974
114
77064
111
77224
32
77325
101
77575
115
77705
115
77825
101
77955
114
78026
101
78166
32
78276
99
78356
105
78446
114
78616
99
78727
97
78827
32
79578
118
79718
101
79838
110
79948
116
80059
105
80299
44
80469
32
80709
99
80810
97
81000
32
81541
109
81691
111
81891
108
82021
116
82132
101
82352
32
82502
115
82612
111
82772
110
82903
111
83063
32
83163
115
83333
116
83443
97
83564
116
83674
101
83754
32
83914
114
83994
105
84165
98
84255
97
84475
115
84605
115
84715
97
84956
116
85066
101
86488
44
86718
32
87159
112
87229
101
87309
114
87600
32
87720
99
87820
117
88000
105
88281
13
88431
97
88561
108
88711
108
88801
97
88931
32
89022
102
89112
105
89212
110
89312
101
89422
32
89552
115
89642
105
89783
32
89893
118
90053
101
90223
100
90303
111
90444
110
90584
111
90754
32
90894
115
90994
111
91165
108
91335
111
91495
32
91736
100
91896
101
92076
105
92266
32
92587
109
92717
111
92847
122
92997
122
93138
105
93288
99
93588
111
93779
110
93939
105
94099
32
94229
100
94319
105
94470
32
94870
116
95010
111
95171
114
95281
114
95391
101
95842
44
96072
32
96172
101
96302
32
96382
100
96513
97
96663
32
96833
108
97023
111
97193
110
97624
116
97754
97
97925
110
98055
111
98205
32
98616
110
98746
101
98916
13
99076
115
99196
112
99377
105
99507
99
99627
99
99717
97
99877
110
00018
111
00178
32
00318
115
00398
111
00568
108
00739
111
01229
44
01400
32
01450
97
01640
112
01770
112
01970
117
02121
110
02241
116
02341
111
02631
44
02812
32
03312
113
03483
117
03563
97
03783
116
03893
116
04074
114
04174
111
04344
32
04504
111
04644
32
04765
99
04855
105
04965
110
05105
113
05235
117
05305
101
05536
46
05736
32
05986
65
06217
108
06417
110
06417
98
06617
97
06868
32
07298
8
07458
8
07629
8
07769
8
08320
98
08410
97
08520
32
08630
99
08710
111
08840
109
09081
117
09742
110
09902
113
10032
117
10132
101
10263
32
10513
101
10713
39
10913
32
11084
117
11174
110
11284
97
11875
32
12065
99
12215
105
12396
116
12516
116
12616
97
12786
100
13177
105
14198
110
14278
97
14489
13
14629
103
14779
114
14849
97
15070
122
15160
105
15310
111
15781
115
15891
97
16762
44
16982
32
17133
101
17233
32
17383
116
17533
114
17643
97
17753
32
17954
108
18164
39
18164
232
18264
97
18374
108
18495
116
18655
114
18775
111
18965
44
18975
109
19276
32
19456
101
19686
115
19786
115
19937
101
20127
110
20277
100
20357
111
20507
32
20698
108
20778
97
20888
32
21128
99
21198
97
21339
112
21509
105
21579
116
21689
97
21819
108
21940
101
22030
32
22140
100
22270
101
22390
108
22530
108
22641
101
22741
32
22951
108
23031
97
23161
110
23272
99
24113
8
24403
103
24503
104
24623
101
25124
32
25495
40
25725
97
25865
32
26096
112
26176
97
26276
114
26456
116
26526
101
26727
13
27177
67
27177
86
27297
117
27438
110
27528
101
27678
111
27908
44
28058
32
28249
111
28329
102
28469
32
28549
99
28659
111
28820
117
28870
114
29030
115
29120
101
29461
41
29661
32
29821
101
30142
39
30362
32
30662
112
30873
105
30993
101
31083
110
31203
97
31313
32
31443
100
31534
105
31664
32
32124
110
32225
101
32435
103
32535
111
32705
122
32855
105
33016
32
34748
101
34908
110
35069
111
35229
103
35339
97
35479
115
35670
116
35860
114
35940
111
36110
110
36250
111
36481
109
36631
105
36741
99
36861
105
37152
44
37342
32
37662
99
37813
104
37913
101
38033
32
38183
118
38333
101
38454
110
38594
100
38684
111
38854
110
39014
111
39285
13
39555
98
39635
97
39776
114
39896
111
40076
108
40246
105
40817
32
40977
101
41098
32
43020
98
43140
97
43331
114
43741
98
43831
97
44072
114
44162
101
44332
115
44743
99
44853
104
44993
105
45224
32
45354
101
45494
32
45704
98
45804
97
45935
114
46235
98
46325
101
46455
114
46876
101
47407
32
47527
101
47627
32
48208
102
48308
111
48438
114
48518
109
48638
97
48889
103
48999
103
49109
105
49289
32
49390
101
49500
32
49710
108
49900
105
50081
98
50191
114
50291
105
50441
32
50802
105
51002
110
51182
32
51342
116
51433
101
51563
109
51693
97
51803
32
52074
103
52154
97
52765
115
52985
116
53165
114
53255
111
53425
110
53576
111
53726
109
53876
105
54016
99
54137
111
54377
13
54567
112
54667
101
54737
114
54848
32
55128
99
55268
101
55398
108
55488
101
55629
98
55729
114
55859
97
55999
114
56079
101
56220
32
58222
108
58343
101
58443
32
58563
100
59254
101
59494
108
59685
105
59835
122
59975
105
60085
101
60235
32
60406
100
60556
101
60686
108
60856
108
61007
97
61177
32
61327
116
61437
101
61587
114
61838
114
62108
97
62298
46
62489
32
62909
65
63170
98
63320
98
63450
105
63540
97
63650
109
63771
111
63931
32
64151
109
64241
97
64432
110
64582
103
64682
105
64762
97
64922
116
65012
111
65173
32
65874
98
66004
101
66094
110
66194
101
66304
32
66474
105
66645
110
66805
32
67055
117
67236
110
67396
32
67746
13
67917
114
68007
105
68107
115
68257
112
68427
111
68548
114
68658
97
68828
110
68968
116
69058
101
69178
32
69679
99
69789
111
69930
110
70050
115
70140
105
70270
103
70360
108
70540
105
70621
97
70811
116
70951
111
71111
32
71211
100
71322
97
71442
108
71582
108
71682
97
71802
32
71983
110
72103
111
72213
115
72383
116
72543
114
72654
97
72714
32
72854
103
72934
117
73074
105
73184
100
73294
97
73635
58
73815
32
74015
108
74096
101
74206
32
74366
111
74436
115
74616
116
74727
101
74847
114
74927
105
75077
101
75217
32
75327
100
76179
39
76539
73
76699
116
76810
97
76970
108
77150
105
77230
97
77390
44
77541
32
77881
99
77981
104
78091
101
78292
13
78412
97
78552
108
78692
108
78802
97
78943
32
79063
102
79143
105
79263
110
79343
101
79463
32
79884
99
79984
105
80134
32
80425
100
80575
97
80705
32
80795
115
80906
101
81016
109
81216
112
81286
114
81356
101
81466
32
81637
99
81707
111
81877
110
82017
115
82127
105
82237
103
82328
108
82498
105
82648
32
82738
97
82989
122
83129
122
83289
101
83539
99
83650
99
83780
97
83960
116
84070
105
84300
46
87445
32
87806
80
87986
111
88166
105
88316
32
88477
115
88587
105
88667
97
88787
109
88897
111
89047
32
89077
97
89258
110
89338
100
89448
97
89578
116
89668
105
89829
32
89929
97
90039
32
90199
102
90349
97
90500
114
90600
101
90700
32
90890
117
91030
110
91191
32
91271
103
91361
105
91471
114
91571
111
91791
13
92002
105
92152
110
92342
32
92472
97
92603
117
92733
116
92833
111
92993
32
93203
112
93274
101
93334
114
93434
32
93634
108
93704
101
93834
32
93925
118
94025
105
94125
103
94215
110
94335
101
94425
32
94525
100
94666
101
94766
108
94916
108
95026
101
95096
32
95276
108
95377
97
95467
110
95647
103
95747
104
95877
101
96999
46
97209
32
97660
77
97800
111
97980
108
98091
116
98181
111
98331
32
98521
112
98701
105
98852
116
98962
116
99092
111
99282
114
99413
101
99603
115
99763
99
99933
111
00314
44
00474
32
00975
111
01135
104
01476
32
01786
121
01856
101
02006
115
02327
46
02507
46
02657
46
