28060
68
28220
97
28401
105
28631
44
28781
32
28881
118
28951
97
29232
44
29372
32
29572
108
29733
111
29883
32
30003
102
30133
102
30243
97
30434
99
30554
99
30624
105
30784
111
30924
32
31575
97
31726
110
31846
99
31966
104
32136
105
32757
8
33468
39
33678
105
33859
111
34009
32
34179
111
34339
103
34449
103
34550
105
34690
32
34920
108
35120
39
35231
101
35391
115
35501
112
35601
101
35711
114
35801
105
35952
109
36032
101
36132
110
36232
116
36342
111
36793
46
37013
32
37284
67
37504
101
37594
114
37774
116
37884
111
38035
32
38145
99
38265
104
38365
101
38465
32
38576
97
38686
110
38786
99
38876
104
38996
101
39086
32
39216
99
39307
111
39427
115
39547
105
40138
39
40398
13
40608
99
40689
111
40839
109
40999
105
41129
110
41480
99
41600
105
41680
97
41800
32
41950
97
42101
100
42241
32
42311
101
42501
115
42621
115
42762
101
42842
114
42932
101
43022
32
43152
117
43292
110
43453
32
43723
112
43913
111
44124
39
44344
32
44514
117
44674
110
44875
32
45265
8
45355
97
45536
32
45646
115
45786
99
45936
111
46086
99
46207
99
46297
105
46387
97
46557
116
46647
117
46757
114
46868
97
46988
32
47108
97
47218
110
47348
100
47448
97
47579
114
47659
101
47759
32
47899
105
48039
110
48200
32
48290
103
48390
105
48490
114
48590
111
48740
32
48770
97
48981
100
49091
32
49281
101
49421
108
49521
101
49952
109
50092
111
50092
105
50623
8
51314
115
51444
105
51564
110
51625
97
51745
114
51835
101
51965
13
52165
108
52245
97
52356
32
52486
98
52586
117
52766
111
52926
110
52997
97
53127
32
53237
118
53307
111
53487
108
53647
111
53798
110
53888
116
53998
97
54349
39
54529
32
54629
100
54789
101
54859
105
54989
32
55100
99
55210
111
55400
108
55530
108
55620
101
55771
103
55861
104
55971
105
56131
32
56341
112
56432
101
56522
114
56582
32
56782
111
56932
116
57062
116
57153
101
57233
110
57333
101
57453
114
57523
101
57623
32
57713
99
57804
104
57904
101
58004
32
58194
112
58264
97
58364
114
58545
116
58635
101
59055
99
59166
105
59356
112
59826
105
60017
110
60187
111
60357
32
60447
97
60558
110
60668
99
60758
104
60878
101
61068
13
61279
108
61469
111
61579
114
61659
111
61819
97
61849
32
62190
108
62621
8
62761
8
62901
8
63141
32
63251
97
63392
108
63522
108
63983
39
64143
101
64333
115
64443
112
64573
101
64734
114
64894
105
65795
109
65895
101
65965
110
66086
116
66166
111
66376
46
66626
32
66797
67
66947
97
67087
112
67267
105
67337
115
67458
99
67588
111
67748
32
67838
99
67938
104
68048
101
68159
32
68239
102
68329
97
68459
114
68589
108
68770
111
68920
32
69110
110
69260
111
69451
110
69611
32
69711
115
69801
105
69911
97
70282
32
70462
105
70632
108
70802
32
70963
109
71053
97
71253
115
71353
115
71674
105
71884
109
72014
111
72164
32
72265
100
72345
105
72425
118
72535
101
72645
114
72785
116
72886
105
73036
109
73136
101
73246
110
73416
116
73536
111
73747
13
73897
100
74027
101
74137
108
74288
108
74348
97
74468
32
74558
118
74638
105
74728
116
74818
97
75059
44
75209
32
75489
112
75569
101
75660
114
75740
111
76050
39
76260
32
76361
97
76491
32
76611
102
76691
111
76851
108
76961
116
77042
101
77152
32
77302
115
77843
109
78083
8
78223
8
78454
109
78594
105
78764
32
78864
115
78974
101
79125
109
79505
98
79575
114
79675
97
79756
32
79906
99
79976
104
80076
101
80166
32
80366
112
80557
117
80677
114
80767
101
80917
32
81097
108
81268
111
81408
114
81498
111
81678
44
81688
109
81919
32
82429
8
82570
8
82800
32
82980
105
83120
110
83271
32
83381
113
83471
117
83591
97
83681
110
83811
116
83892
111
84042
32
84122
97
85524
32
85694
100
85804
105
85884
115
86025
112
86195
111
86375
110
86505
105
86676
98
86836
105
87016
108
87166
105
87236
116
87327
97
87497
39
87717
13
87907
108
87988
97
88158
115
88298
99
88408
105
88568
110
88709
111
88859
32
89019
117
89149
110
89360
32
89740
112
89920
111
90071
39
90251
32
90341
97
90451
32
90531
100
90671
101
90812
115
90922
105
91002
100
91132
101
91222
114
91312
97
91433
114
91523
101
91813
46
92013
32
92464
65
92614
110
92714
99
92805
104
92895
101
92895
100
92995
32
93125
100
93225
97
93315
32
93486
112
93786
97
93956
114
94137
116
94207
101
94307
32
94407
100
94537
101
94687
108
94717
103
94898
105
95048
32
95388
115
95569
116
95699
117
95879
100
96019
101
96149
110
96250
116
96350
105
96520
44
96670
32
96730
97
96931
108
97071
108
97211
97
97982
13
98182
102
98263
105
98393
110
98493
101
98603
32
99144
8
99384
44
99534
32
99725
110
99895
111
00055
110
00205
32
00326
101
00466
39
00676
32
00766
99
00876
104
00946
101
01057
32
01167
97
01287
98
01417
98
01577
105
01698
97
01818
32
01928
116
02078
114
02158
111
02288
118
02358
97
02469
116
02539
111
02689
32
02839
116
02929
117
03029
116
03150
116
03260
97
03360
32
03480
113
03580
117
03670
101
03801
115
03931
116
04021
97
04131
32
04251
118
04341
111
04492
103
04562
108
04732
105
04802
97
04942
32
05032
100
05123
105
05283
97
05293
32
05924
8
06064
8
06334
32
06495
97
06685
105
06855
117
06995
116
07105
97
07216
114
07386
109
07566
105
07806
44
07987
32
08918
101
09249
13
09469
115
09579
105
09759
32
09879
99
09960
104
10060
101
10150
32
10320
110
10450
101
10671
108
10841
32
11021
108
11191
111
11302
114
11392
111
11542
32
11652
99
11742
97
11862
115
11952
111
12103
32
12203
115
12293
105
12453
32
12603
116
12754
114
12864
97
13024
116
13144
116
13244
97
13355
32
13565
112
13705
114
13805
111
13975
112
14106
114
14176
105
14326
111
14466
32
14566
100
14646
105
14787
32
14937
102
15047
111
15127
114
15237
110
15357
105
15488
114
15578
101
16038
32
16199
117
16339
110
16509
111
16509
105
16780
44
16950
32
17350
8
17501
8
17651
8
18061
44
18272
32
18572
109
18662
97
18772
32
18943
117
19113
110
19273
111
20395
44
20555
32
21526
8
21647
8
21867
32
22017
115
22087
111
22247
108
22408
111
22979
13
23169
99
23239
97
23339
109
23509
112
23670
105
23840
111
24000
110
24100
101
24310
46
24471
32
25052
65
25292
116
25412
116
25512
117
25622
97
25753
108
25883
101
25953
109
26113
110
26163
116
26253
101
26363
32
26474
115
26574
111
26734
110
26864
111
27014
32
27125
97
27515
114
27635
114
27715
105
27846
118
27926
97
28046
116
28146
105
28286
32
28747
117
28867
110
28947
97
29067
32
29218
116
29358
114
29428
101
29538
110
29678
116
29768
105
29909
110
29999
97
30099
32
30219
100
30299
105
30459
32
30920
99
31010
97
31120
109
31331
112
31551
105
31741
111
31912
110
32002
105
32152
32
32693
117
32863
116
32983
105
33183
108
33354
105
33494
122
33614
122
33804
97
33995
98
34155
105
34355
108
34606
105
37770
44
38030
13
38251
115
38361
97
38461
105
38621
32
38711
99
38812
104
38892
101
39012
32
39092
115
39232
102
39332
111
39423
114
39623
122
39773
111
40023
44
40184
32
40434
118
40534
105
40624
115
40734
116
40835
111
40975
32
41796
99
41946
104
42126
101
42327
32
49357
104
49537
111
49708
32
50178
109
50248
97
50358
110
50449
100
50559
97
50679
116
50769
111
50929
32
51100
108
51210
97
51300
32
51490
109
51590
97
51660
105
51831
108
51961
32
52041
97
52151
32
52351
112
52522
105
52702
117
52902
39
53102
32
53263
100
53333
105
53503
32
54214
50
54314
48
54635
48
54835
48
55165
32
55326
115
55486
116
55546
117
55676
100
55796
101
55897
110
55987
116
56097
105
56297
44
56527
13
56668
99
56828
114
56888
101
57048
100
57138
111
57349
46
57529
32
58030
86
58280
97
58470
98
58580
98
58681
101
59101
39
59342
44
59502
32
59632
115
59722
111
59922
110
60093
111
60233
32
60363
115
60423
111
60583
108
60754
111
60904
32
61034
100
61124
117
61234
101
61355
32
61535
103
61675
105
61825
111
61895
114
62005
110
62116
105
62266
32
62376
99
62456
104
62556
101
62656
32
62837
108
62927
97
63027
32
63177
109
63267
97
63357
105
63528
108
63668
32
63778
101
64649
39
64860
32
69687
115
69817
116
69947
97
70057
116
70137
97
70257
32
70408
105
70528
110
70678
118
70758
105
70969
116
71079
97
71449
8
71589
8
71700
97
71970
116
72080
97
72210
44
72591
13
72731
101
72861
32
73032
102
73112
111
73212
114
73352
115
73462
101
73592
32
73703
97
74073
8
74283
109
74434
111
74604
108
74724
116
74794
105
74914
32
75455
100
75635
105
75786
32
75976
108
76136
111
76226
114
76306
111
76477
32
76667
110
76827
111
76957
110
77117
32
77298
108
77698
39
77899
104
77989
97
78189
110
78289
110
78520
111
78700
32
78770
97
78920
110
79040
99
79100
111
79211
114
79271
97
79401
32
79571
108
79651
101
79821
116
79932
116
80042
97
80212
44
80352
32
80923
109
80983
97
81093
32
81183
97
81314
110
81394
99
81474
104
81554
101
81674
32
81784
99
81884
111
81985
115
82075
105
82375
39
83036
44
83196
32
83327
115
83407
105
83507
110
83577
99
83667
101
83787
114
83887
97
84048
109
84148
101
84238
110
84328
116
84398
101
84518
13
84779
109
84909
105
85069
32
85169
97
85339
115
85460
112
85570
101
85720
116
85840
116
85930
97
86111
118
86201
111
86351
32
86521
117
86651
110
86802
32
86922
115
87032
117
87192
99
87322
99
87433
101
87593
115
87703
115
87793
111
87923
32
88093
109
88204
97
88364
103
88484
103
88574
105
88694
111
88795
114
88865
101
89105
44
89295
32
89586
8
89756
8
89986
46
90197
32
90457
79
90667
107
90847
44
90998
32
91118
115
91198
105
91288
97
91398
109
91488
111
91629
32
91699
97
91869
114
91989
114
92079
105
92199
118
92270
97
92390
116
92460
105
92590
32
92700
97
92820
108
92961
108
93061
97
93171
32
93271
102
93331
105
93421
110
93511
101
93622
32
93702
100
93842
101
93912
108
94042
32
94283
109
94383
105
94563
111
94713
32
94813
99
94893
97
94933
109
95194
112
95384
105
95504
111
95614
110
95685
101
95875
46
