59647
79
59857
103
59987
103
60087
105
60228
32
60428
104
60608
111
60738
32
60878
99
60989
104
61049
105
61159
101
61289
115
61449
116
61559
111
61870
32
61900
97
62281
100
62451
32
62571
97
62851
108
63012
116
63172
114
63232
101
63322
32
63482
113
63572
117
63673
97
63863
116
63973
116
64163
114
64324
111
64574
32
64774
112
64844
101
64924
114
65075
115
65185
110
65315
111
65485
101
65756
8
65896
8
66016
8
66226
111
66387
110
66457
101
66567
32
66657
100
66727
105
66877
32
67068
112
67178
97
67308
114
67508
116
67578
101
67749
99
67849
105
68029
112
68049
97
68219
114
68309
101
68410
32
68540
97
68670
108
68800
108
69281
39
69441
101
69611
115
69731
112
69832
101
69942
114
70042
105
70192
109
70212
101
70272
101
70412
110
70543
116
70603
111
70793
46
71003
13
71184
115
71264
111
71414
110
71564
111
71784
44
72095
8
72596
58
72766
32
73527
77
73677
97
73807
114
73998
99
74078
111
74238
32
74468
66
74659
111
74789
116
74929
116
75059
97
75220
44
75370
32
76582
97
76742
110
76872
100
77062
114
77122
101
77303
97
77443
32
77583
99
77703
99
78044
8
78805
111
78975
114
79095
114
79185
101
79285
110
79416
100
79556
111
79756
44
79916
32
83832
76
84032
117
84113
99
84203
97
84323
32
84593
114
84723
111
84864
118
84994
101
85084
114
85264
115
85364
105
85505
32
85645
101
85805
32
86486
70
86636
101
86797
114
86927
114
86997
117
87147
99
87257
99
87377
105
87528
111
87688
32
87978
68
88138
97
88289
109
88409
105
88529
97
88659
110
88779
105
89040
46
89701
13
90081
67
90262
101
90372
114
90552
116
90662
111
90872
32
90993
99
91103
104
91183
101
91293
32
91714
111
91884
103
91984
110
92084
105
92245
32
92475
118
92575
111
92715
108
92765
116
92915
97
93046
32
93186
101
93436
39
93627
32
93807
117
93947
110
94117
32
94438
112
94598
111
94778
39
94958
32
95129
105
95129
117
95219
110
95289
97
95409
32
95509
115
95740
99
95840
111
96200
99
96310
99
96791
105
96901
97
97102
116
97222
117
97302
114
97412
97
97552
32
97923
115
98103
112
98203
101
98323
105
98554
103
98834
8
98984
8
99115
8
99325
105
99325
117
99415
101
99756
8
99876
8
99986
101
00216
103
00326
97
00437
114
00547
101
00657
32
00727
97
00867
100
00987
32
01218
111
01368
103
01458
110
01548
105
01809
13
02029
112
02159
101
02249
114
02409
115
02480
111
02600
110
02690
97
02800
32
02910
99
02990
111
03161
105
03311
110
03471
118
03541
111
03711
108
03791
116
03922
97
04032
32
04212
110
04292
101
04563
108
04693
108
04873
39
05003
101
05194
115
05304
112
05434
101
05544
114
05704
105
05875
109
05955
101
06055
110
06165
116
06235
111
06385
32
06505
99
06586
111
06716
109
06806
101
06906
32
07026
100
07587
8
08548
100
08679
101
08849
118
08959
101
09099
32
09600
102
09710
97
09820
114
09910
101
10031
44
10161
32
10281
101
10381
32
10742
99
10822
111
10932
109
11022
101
11132
32
11333
102
11413
117
11513
110
11653
122
11743
105
11903
111
12024
110
12114
97
12284
13
12494
108
12705
39
12825
101
13015
115
13165
112
13265
101
13376
114
13506
105
13666
109
13746
101
13846
110
13946
116
14036
111
14287
46
14467
32
14697
73
15028
32
15429
8
15629
110
15789
32
15959
111
16120
103
16190
110
16290
105
16430
32
16540
99
16630
97
16740
115
16811
111
16961
32
17061
101
17391
39
17562
32
17742
108
18032
8
18233
109
18363
111
18553
108
18723
116
18814
111
18934
32
19124
109
19184
101
19354
103
19444
108
19605
105
19735
111
19865
32
19985
100
20145
101
20206
108
20336
108
20446
97
20786
32
20957
118
21047
111
21207
108
21327
116
21457
97
21618
32
22118
112
22208
114
22269
101
22449
99
22569
101
22759
100
22879
101
23000
110
23100
116
23160
101
23290
44
23500
13
23721
105
23841
110
23991
32
24101
99
24191
117
24372
105
25303
44
25423
32
25654
112
25734
101
25824
114
25904
32
26054
111
26184
103
26254
110
26345
105
26485
32
26645
99
26725
97
26795
109
26965
112
27116
105
27286
111
27446
110
27536
101
27626
32
27727
100
27797
105
27917
32
28107
111
28307
103
28388
110
28488
105
28638
32
28788
117
28888
116
28978
101
29089
110
29199
116
29279
101
29419
44
29559
32
29770
100
29850
111
30040
118
30200
101
30380
118
30491
111
30631
32
30691
97
30831
110
30891
100
31001
97
31132
114
31222
101
31302
32
31392
97
31522
32
31903
13
32073
114
32143
101
32323
99
32444
117
32644
112
32714
101
32804
114
32924
97
33054
114
33135
101
33225
32
33385
108
33455
97
33575
32
33755
112
33816
101
33916
114
34086
115
34146
111
34266
110
34336
97
34667
32
34887
112
34937
101
35027
114
35127
32
35248
99
35378
104
35438
105
35568
101
35728
100
35859
101
35959
114
36109
108
36239
103
36499
8
36620
8
37050
103
37241
108
37431
105
37581
32
37892
115
38022
101
38122
32
38232
97
38372
118
38482
101
38673
118
38773
97
38903
32
39243
118
39564
111
39744
103
39884
108
40035
105
40105
97
40255
32
40345
100
40435
105
40565
32
40926
102
41016
97
41146
114
41236
101
41537
32
41947
108
42138
39
42148
236
42218
101
42388
115
42829
8
42989
8
43139
8
43590
101
43750
115
43880
112
43980
101
44101
114
44221
105
44341
109
44441
101
44541
110
44651
116
44722
111
44902
44
45102
13
45212
101
45322
32
45603
112
45773
111
45853
114
46013
116
46124
97
46254
114
46404
108
46564
111
46704
32
46865
110
46935
101
47055
108
47205
32
47365
109
47486
105
47646
111
47656
112
47786
32
47956
117
48117
102
48217
102
48367
105
48497
99
48587
105
48727
111
48948
44
49148
32
49308
101
49839
32
50520
110
50520
109
50630
101
50830
116
50981
116
51001
114
51091
101
51221
114
51311
101
51421
32
51682
115
51782
117
52002
32
52172
116
52273
117
52443
116
52543
116
52633
111
52753
32
52974
108
53244
39
53374
97
53554
109
53735
98
53825
97
53925
114
54035
97
54175
100
54326
97
54466
110
54656
44
54686
107
54786
32
54896
101
55007
32
55127
97
55277
115
55437
112
55527
101
55738
116
55868
116
55988
97
56148
114
56218
101
56359
13
56499
99
56639
104
56719
101
56829
32
56919
97
57040
118
57150
101
57350
115
57450
115
57570
101
57741
32
57881
102
57981
105
58091
110
58221
105
58342
116
58452
111
59163
46
59383
46
59563
46
59744
32
60224
73
60354
110
60485
115
60545
111
60695
109
60835
109
60895
97
61025
44
61156
32
61456
117
61576
110
61656
97
61767
32
61877
99
61967
111
62087
115
62167
97
62257
32
62407
97
62488
108
62628
116
62768
97
62908
109
63018
101
63119
110
63209
116
63289
101
63379
32
64541
102
64631
97
64801
116
64881
105
65011
99
65071
111
65222
115
65312
97
65452
32
65582
101
65692
32
66153
110
66303
111
66483
105
66654
111
66764
115
66904
115
67014
97
67735
8
67876
8
68176
97
68346
32
68476
101
68667
13
68867
116
68977
105
69087
109
69197
101
69288
32
69408
99
69468
111
69608
110
69728
115
69818
117
69979
109
70139
105
70259
110
70349
103
71210
46
71371
46
71481
46
71661
32
71962
83
72162
116
72262
97
72412
118
72492
111
72653
108
72723
116
72833
97
73163
32
74295
8
74615
44
74766
32
74966
112
75066
101
75136
114
75216
32
75387
108
75547
111
75707
32
75907
109
75987
101
76078
110
76208
111
76398
44
76558
32
76749
117
76829
110
76919
97
77039
32
77149
118
77229
111
77399
108
77450
116
77580
97
77680
32
78621
115
78772
105
78962
112
79132
101
79342
103
79453
97
79573
116
79683
111
79833
32
81285
99
81385
111
81536
109
81576
101
81816
13
82066
102
82177
117
82317
110
82497
122
82607
105
82737
111
82868
110
82938
97
83048
32
83188
105
83358
108
83498
32
83659
116
83739
117
83889
116
83989
116
84089
111
84300
44
84440
32
84600
111
84720
103
84800
110
84931
105
85091
32
85461
112
85551
101
85642
114
85802
115
85872
111
85972
110
86062
97
86162
32
86283
100
86373
111
86493
118
86663
114
86753
101
86913
98
87034
98
87134
101
87234
32
87344
101
87534
115
87655
115
87765
101
87865
114
87935
101
88055
32
88175
99
88245
111
88386
109
88546
112
88706
108
88776
101
88886
116
88997
97
89117
109
89207
101
89297
110
89427
116
89517
101
89597
32
89708
97
89838
117
89998
116
90098
111
90288
110
90439
111
90569
109
90769
97
91009
44
91370
32
91771
13
92091
110
92181
101
92291
108
92432
32
92552
115
92642
101
92722
110
92842
115
92912
111
93052
32
93163
99
93263
104
93353
101
93443
32
93603
103
93683
108
93844
105
93994
32
94054
97
94214
114
94334
114
94565
105
94695
118
94795
97
94925
32
95105
111
95266
103
95346
110
95436
105
95596
32
95807
103
95897
105
96047
111
96147
114
96237
110
96357
111
96498
32
96648
117
96728
110
96828
97
96938
32
97088
109
97179
97
97249
105
97419
108
99923
32
00103
99
00223
104
00313
101
00423
32
01124
108
01285
111
01285
112
01425
32
01515
97
01725
118
01855
118
01986
101
02096
114
02266
116
02316
101
02426
32
02647
99
02737
104
02837
101
02927
32
03037
115
03147
101
03328
32
03748
13
03938
108
04099
111
04249
32
04419
100
04579
101
04740
115
04850
105
04950
100
05090
101
05160
114
05300
97
05431
44
05581
32
05811
112
06011
117
06192
111
06522
39
06692
32
06843
102
06923
97
07033
114
07113
101
07203
32
07373
108
07554
39
07624
101
07774
115
07924
112
08024
101
08125
114
08245
105
08365
106
08395
109
08525
101
08635
110
08746
116
08836
111
09617
46
09797
46
09937
46
11860
46
12030
32
12781
15
13913
79
14183
107
14384
46
15135
44
15395
8
15515
8
15716
44
15886
32
16016
97
16126
110
16206
99
16317
104
16407
101
16507
32
16657
111
16807
103
16918
103
17008
105
17148
32
17328
104
17508
111
17659
32
17769
115
17939
99
18109
114
18209
105
18320
116
18430
116
18530
111
18670
32
18810
97
19031
98
19161
98
19231
97
19371
115
19491
116
19601
97
19702
110
19822
122
19922
97
