94484
68
94684
111
94834
110
94954
113
95135
44
95265
32
95395
113
95505
117
95625
101
95756
115
95896
116
95996
97
96106
32
96296
112
96447
111
96537
116
96697
114
96807
101
96947
98
97088
98
97168
101
97268
32
97378
101
97558
115
97708
115
97758
101
97879
114
97969
101
98059
32
98269
108
98740
39
98960
117
99151
108
99261
116
99351
105
99451
109
99541
97
99641
32
99791
112
99882
114
99992
111
00092
118
00152
97
00272
32
00513
112
00593
101
00683
114
00763
32
00933
109
01013
101
01173
46
01354
32
01644
80
01804
101
01874
114
01965
32
02135
108
02225
97
02335
32
02405
118
02515
101
02636
114
02696
105
02816
116
02926
97
03176
39
03397
13
03597
108
03687
97
03797
32
03897
102
03988
105
04348
8
04458
97
04639
99
04759
99
04839
105
04989
111
05139
32
05239
115
05320
111
05500
112
05570
114
05650
97
05820
116
05940
116
05990
117
06211
116
06321
116
06371
111
06531
32
06752
112
06782
101
06882
114
07002
32
07262
99
07352
97
07553
105
07773
112
07823
114
07903
101
07993
32
08114
115
08204
101
08314
32
08444
100
08544
111
08975
112
09155
111
09325
32
09526
108
09636
101
09736
32
09956
109
10117
111
10217
100
10317
105
10417
102
10517
105
10617
99
10697
104
10818
101
10908
32
11228
99
11298
104
11448
101
11529
32
11739
104
11919
111
12240
32
12410
102
12490
97
12660
116
12770
116
12871
111
13071
13
13411
97
13572
105
13742
32
13832
118
13912
97
14042
114
14132
105
14263
32
14473
112
14563
114
14653
111
14763
118
15144
8
15364
103
15544
114
15605
97
15755
109
15905
109
16085
105
16546
44
16726
32
16966
108
17067
101
17167
32
17267
99
17347
111
17417
115
17537
101
17657
32
17788
99
18138
8
18429
111
18599
110
18719
116
18829
105
19440
8
19590
8
19731
8
19841
8
19991
99
20071
111
20251
110
20251
32
20472
116
20622
117
21293
8
21533
8
21693
8
21954
116
22084
105
22234
110
22354
117
22434
97
22565
110
22705
111
22855
32
22945
97
23035
32
23156
102
23236
117
23326
110
23456
122
23566
105
23696
111
23826
97
23857
110
24027
114
24097
101
24177
32
24307
99
24377
111
24518
114
24638
114
24718
101
24888
116
25028
116
25108
97
25259
109
25359
101
25459
110
25539
116
25629
101
25709
46
26280
13
26570
118
26751
101
26931
100
27041
105
27672
63
27953
32
28834
77
29024
105
29164
32
29685
101
29885
39
30126
32
30226
97
30356
112
30476
112
30576
101
30676
110
30767
97
30857
32
30997
118
31097
101
31207
110
31327
117
31418
116
31538
111
31668
32
31818
105
31938
110
32089
32
32259
109
32339
101
32449
110
32539
116
32649
101
32689
32
32840
99
32930
104
33050
101
33120
32
33260
117
33400
110
33461
97
33581
32
33711
99
33821
111
33941
115
34051
97
34172
32
34362
108
34482
97
34632
32
34722
100
34853
101
34983
118
35023
111
35173
32
35243
99
35323
97
35524
109
35964
98
36134
105
36164
97
36275
114
36365
101
36495
44
36735
13
36986
110
37136
111
37296
110
37446
32
37546
116
37637
97
37747
110
37887
116
37937
111
38077
32
38268
112
38338
101
38398
114
38488
32
39019
105
39179
108
39319
32
39409
99
39519
111
39640
114
39750
114
39860
101
40000
116
40110
116
40200
111
40341
32
40831
102
40931
105
40931
117
41662
8
41813
8
42093
117
42233
110
42343
122
42434
105
42594
111
42684
97
42984
109
43075
101
43165
110
43255
116
43325
111
43465
32
43535
100
43675
101
43756
108
43886
32
43996
116
44096
117
44206
116
44316
116
44517
111
44727
44
44877
32
45098
112
45508
8
48462
109
48553
97
48663
32
49113
112
49193
101
49284
114
49354
32
49524
97
49714
115
49814
115
49925
105
50045
99
50145
117
50285
114
50405
97
50545
114
50726
109
50836
105
51046
13
51166
99
51277
104
51387
101
51457
32
51597
105
51767
32
51947
112
52018
114
52128
111
52198
103
52318
114
52388
97
52498
109
52618
109
52729
105
52879
32
53079
115
53229
116
53319
101
53520
115
53610
115
53720
105
53850
32
53970
115
54041
105
54131
97
54251
110
54371
111
54511
32
54631
115
54722
117
54862
102
54972
102
55092
105
55202
99
55302
105
55393
101
55503
110
55593
116
55683
101
55763
109
55873
101
55963
110
56043
116
56134
101
56214
32
56404
112
56484
114
56584
111
56684
116
56775
101
56935
116
57035
116
57135
105
57526
46
57726
32
59729
76
59909
97
60019
32
60129
99
60210
111
60300
115
60410
97
60550
13
60740
110
60870
111
61021
110
61151
32
61281
101
61451
39
61652
32
61762
97
61932
102
62042
102
62152
97
62353
116
62453
116
62533
111
62663
32
62753
115
62853
101
62954
109
63124
112
63284
108
63424
105
63454
99
63564
101
63675
32
63785
100
63885
97
63975
32
64155
112
64275
114
64336
111
64456
116
64546
97
64656
114
64736
101
64816
32
64926
97
65057
118
65167
97
65277
110
65407
116
65517
105
65738
44
65878
32
65978
101
66068
32
66198
99
66308
111
66449
109
66599
117
66729
110
66819
113
66949
117
67039
101
67140
32
67240
115
67380
112
67450
101
67540
114
67620
111
67751
32
67841
100
67931
105
68021
32
68161
102
68251
97
68371
114
68442
101
68552
13
68762
117
68892
110
69002
97
69072
32
69253
108
69333
97
69423
118
69493
111
69623
114
69703
111
69844
32
69874
100
69994
101
70104
99
70234
101
70334
110
70454
116
70565
101
70585
32
72417
8
72648
46
72828
32
73088
83
73249
112
73329
101
73439
114
73509
105
73639
97
73759
109
73869
111
74030
32
74150
115
74380
111
74570
112
74671
114
74761
97
74911
116
75031
116
75181
117
75442
116
75552
116
75632
111
75772
32
76083
100
76163
105
76163
117
76293
32
76864
110
77014
111
77144
110
77304
32
77395
102
77495
97
77575
114
77665
101
77735
32
77915
112
78036
97
78206
99
78316
105
78456
111
78576
99
78696
99
78847
104
78927
105
79167
32
79518
99
79628
104
79738
101
79908
13
80109
109
80219
105
80379
32
80549
112
80709
111
80780
114
81110
116
81210
105
81350
110
81491
111
81641
32
81761
97
81851
32
82041
112
82111
101
82192
114
82372
100
82502
101
82602
114
82692
101
82752
32
82963
113
83063
117
83163
97
83303
108
83413
99
83524
104
83604
101
83754
32
84235
100
84325
97
84455
116
84545
111
85907
32
86358
8
86638
46
86818
32
89092
77
89192
105
89392
32
89602
101
89983
39
90163
32
90253
97
90384
100
90534
101
90704
115
90814
115
90914
111
91055
32
91145
118
91265
101
91365
110
91495
117
91625
116
91705
111
91846
32
91986
105
92136
110
92296
32
92477
109
92537
101
92677
110
92797
116
92867
101
93017
13
93168
99
93268
106
93268
104
93368
101
93468
32
93638
112
93778
111
93889
116
93999
101
94089
114
94149
101
94730
8
94870
8
95030
8
95411
114
95481
101
95581
105
95741
32
95862
97
95982
110
96072
99
96192
104
96272
101
96402
32
96713
118
96803
97
96923
114
96993
101
97073
32
97213
105
97354
110
97494
32
97664
117
97794
110
97935
32
98075
97
98255
108
98385
116
98535
114
98636
111
98786
32
98956
107
98966
109
99076
111
99206
100
99287
111
99497
44
99627
32
99988
105
00158
108
00318
32
00418
99
00508
104
00598
101
00699
32
00889
109
01390
8
01540
102
01640
111
01720
114
01860
115
01970
101
02061
32
02381
109
02511
105
02742
13
02922
112
03092
111
03202
116
03342
114
03433
101
03553
98
03683
98
03763
101
03873
32
03963
102
04073
97
04154
114
04224
101
04324
32
04504
114
04584
105
04704
115
04855
112
05255
97
05486
114
05726
109
05876
105
05966
97
06096
114
06157
101
06267
32
06407
117
06537
110
06697
32
06908
112
07068
111
07188
99
07278
104
07388
105
07529
110
07669
111
07799
32
07909
100
07979
105
08089
32
08179
116
08250
101
08320
109
08500
112
08650
111
08850
46
09001
32
09211
83
09361
105
09541
44
09682
32
09802
100
09902
105
09982
114
10052
101
10182
105
10343
32
10463
99
10563
104
10633
101
10743
32
11054
102
11144
97
11264
114
11344
111
11534
39
11845
32
12015
105
12015
117
12155
110
12796
8
12976
8
19426
13
19796
105
19947
110
20087
32
20247
113
20337
117
20437
101
20618
115
20738
111
20738
116
20918
32
20998
115
21088
101
21279
99
21349
111
21479
110
21569
100
21659
111
21779
32
21980
109
22100
111
22250
100
22330
111
22530
46
22711
32
22961
65
23131
108
23261
108
23432
111
23552
114
23642
97
23882
44
24043
32
25915
105
26266
32
26516
112
26626
114
26716
105
26827
109
26927
105
27087
32
27197
101
27347
115
27458
112
27558
101
27648
114
27748
105
27878
109
27988
101
28088
110
28169
116
28699
32
28810
99
28920
104
29020
101
29130
32
29521
104
29691
111
29821
32
29881
102
29961
97
30121
116
30242
116
30292
111
30422
32
30582
105
30672
101
30762
114
30853
105
31093
13
31313
115
31403
101
31493
109
31834
98
31924
114
32014
97
32204
110
32345
111
32485
32
32565
114
32625
97
32795
103
32885
105
33216
111
33526
110
33647
101
33847
118
33937
111
34097
108
34288
109
34758
101
34959
110
35059
116
35129
101
35149
52
35149
51
35209
32
35349
105
35650
8
35800
8
35940
8
36080
8
36371
32
36571
105
36691
110
36851
99
36921
111
37052
114
37152
97
37342
103
37452
103
37542
105
37622
97
37743
110
37843
116
37923
105
38113
44
38253
32
38353
97
38464
110
38544
99
38654
104
38734
101
38834
32
38914
115
39024
101
39105
32
39365
101
39555
39
39725
32
39836
99
39946
104
40056
105
40116
97
40216
114
40326
111
40467
32
40557
99
40657
104
40757
101
40957
13
41969
112
42069
101
42159
114
42229
32
42359
101
42550
115
42670
115
42780
101
42890
114
43160
110
43281
105
43421
101
43721
8
43841
8
43962
101
44082
32
44202
115
44292
101
44703
8
44923
105
45053
99
45123
117
45223
114
45334
105
45484
32
45864
98
46025
105
46135
115
46215
111
46365
103
46465
110
46565
97
46656
32
46786
102
46876
97
46976
114
47066
101
47166
32
47347
109
47517
111
47667
108
47787
116
47857
105
47977
32
48168
112
48318
105
48478
117
48679
39
48869
32
48969
101
49129
115
49710
112
49810
101
50010
114
50111
105
50291
109
50391
101
50471
110
50571
116
50661
105
50912
46
50942
44
