88370
112
88500
114
88600
111
88740
118
88831
97
88951
32
89111
100
89221
105
89361
32
89502
116
89662
114
89762
97
89892
115
90062
109
90203
105
90333
115
90443
115
90563
105
90663
111
90804
110
90924
101
91424
46
91665
32
91985
67
92115
111
92236
109
92366
101
93077
39
93197
101
93758
39
94048
32
94920
99
95050
104
95130
101
95240
32
96382
108
96642
39
96943
97
97173
112
97333
111
97413
115
97553
116
97724
114
97824
111
97974
102
98094
111
98264
32
98425
99
99276
114
99336
101
99496
97
99636
32
99747
100
99887
101
99997
105
00157
32
00358
112
00448
114
00528
111
00828
108
00928
101
01049
109
01159
105
01439
13
01619
115
01770
117
01940
32
02010
97
02360
108
02551
99
02651
117
02781
110
02881
101
02991
32
03072
116
03232
97
03392
115
03542
116
03652
105
03743
101
03853
114
03943
101
04884
63
05135
32
05685
78
05876
111
06186
44
06356
32
06446
115
06557
101
06647
109
06827
98
06897
114
06977
97
07057
32
07178
101
07378
115
07488
115
07608
101
07708
114
07788
101
07899
32
08069
117
08199
110
08369
32
08580
112
08670
114
08760
111
08910
98
09010
108
09110
101
09241
109
09341
97
09431
32
09541
99
09621
111
09751
109
10042
98
10232
105
10362
110
10442
97
10853
116
10953
111
10953
105
11143
32
11434
8
11584
8
11894
32
12015
100
12195
101
12285
108
12505
13
12646
99
12736
111
12856
100
13006
105
13156
99
13307
101
13397
32
13537
101
13767
109
13867
101
14048
115
14158
115
14268
111
14408
32
14518
100
14649
97
14889
32
15330
117
15460
110
15580
97
15670
32
15860
100
16021
101
16191
116
16261
101
16371
114
16481
109
16601
105
16732
110
16822
97
16962
116
17072
97
17162
32
17393
116
17513
97
17683
115
17873
116
18033
105
18124
101
18244
114
18384
97
18564
44
18725
32
18875
101
19015
32
19986
105
20187
108
20347
32
20427
102
20507
97
20667
116
20788
116
20858
111
21008
32
21098
100
21188
105
21308
32
21489
117
21589
115
21669
97
21819
114
21909
101
22029
13
22410
78
22520
101
22650
116
22861
115
22991
99
23051
97
23502
112
23602
101
23812
44
23952
32
24403
100
24493
97
24653
116
24723
111
24884
32
24974
99
25094
104
25184
101
25284
32
25464
108
25645
111
25805
32
25965
115
26095
116
26205
101
26456
115
26566
115
26676
111
26816
32
27007
112
27097
114
27187
111
27347
98
27527
108
27618
101
27978
109
28078
97
28198
32
28489
110
28669
111
28829
110
29000
32
29130
115
29180
105
29300
32
29490
112
29560
114
29620
101
29781
115
29911
101
29951
110
30101
116
30171
101
30552
97
30802
8
30942
8
31033
97
31183
32
31463
113
31623
117
31694
97
31824
110
31944
100
32014
111
32174
32
32284
118
32375
105
32455
101
32545
110
32655
101
32865
13
33116
117
33246
115
33346
97
33516
116
33606
111
33757
32
34077
101
34297
120
34448
112
34628
108
34808
111
34968
114
35058
101
35559
114
35729
46
35940
32
36691
73
36851
110
37001
115
37071
111
37222
109
37372
109
37482
97
37622
44
37772
32
37893
115
38023
101
38103
109
38293
98
38363
114
38423
97
38544
32
38654
101
38864
115
38974
115
39124
101
39205
114
39305
101
39435
32
39585
117
39715
110
39805
97
39916
32
40106
98
40206
101
40376
108
40527
108
40617
97
40747
32
40877
115
41077
99
41187
111
41368
99
41478
99
41558
105
41648
97
41808
116
41969
117
42079
114
42189
97
42369
44
42549
32
43120
100
43230
97
43361
116
43461
111
43741
13
43881
99
44012
104
44112
101
44322
32
48318
97
48518
103
48638
103
48739
105
48909
117
49039
110
49179
103
49309
101
49450
32
49630
117
49820
108
49960
116
50050
101
50211
114
50321
105
50471
111
50551
114
50631
101
50731
32
52144
99
52234
111
52394
110
52504
102
52624
117
52744
115
52835
105
52985
111
53145
110
53225
101
53355
32
53455
116
53616
114
53706
97
53836
32
54447
108
54527
101
54657
32
54848
116
54958
97
55118
115
55318
116
55408
105
55488
101
55609
114
55689
101
55839
44
55989
32
56109
101
56360
32
56450
97
56620
100
56770
101
56951
115
57071
115
57151
111
57301
32
57411
97
57531
110
57642
99
58152
104
58463
101
58683
13
58863
116
59024
114
59114
97
59244
32
59404
105
59404
117
59534
32
59975
8
60145
8
60296
8
60776
105
60936
32
61097
100
61187
105
61287
118
61407
101
61507
114
61627
115
61768
105
61948
32
62158
98
62298
114
62429
111
62679
119
62919
115
63060
101
63150
114
63270
32
63450
117
63600
115
63771
97
63991
116
64061
105
64211
32
64402
112
64502
101
64572
114
64672
32
66064
114
66174
105
66304
101
66445
109
66615
112
66785
105
66855
114
66935
101
67015
32
67176
108
67246
97
67366
32
67456
102
67546
111
67626
114
67736
109
67987
46
68197
32
68498
85
68648
110
68808
32
69469
97
69779
108
69930
116
70110
114
70210
111
70370
32
70611
112
70801
114
70931
111
71141
98
71372
108
71472
101
71592
109
71722
97
71933
44
71943
109
72383
8
72664
13
73194
101
73665
39
73865
32
73996
99
74076
104
74186
101
74286
32
76569
104
76730
111
76870
32
77070
109
77180
111
77300
100
77401
105
77501
102
77591
105
77671
99
77781
97
77891
116
77951
111
78122
32
78442
105
78572
110
78672
97
78843
118
78983
118
79103
101
79233
114
79404
116
79514
105
79594
116
79734
97
79864
109
79954
101
80065
110
80125
116
80215
101
80285
32
80405
105
80595
108
80756
32
80876
115
80966
111
81026
114
81236
103
81316
101
81437
110
81577
116
81667
101
81777
32
82899
100
83049
101
83169
108
83289
32
83480
114
83510
112
83680
111
83750
103
83910
114
83980
97
84080
109
84191
109
84331
97
84481
13
85032
99
85132
104
85252
101
85332
32
85472
99
85533
111
85683
110
85783
115
86153
8
86304
8
86945
115
87135
116
87285
114
87375
117
87505
105
87646
118
87756
97
87836
32
87986
105
88136
32
88257
100
88347
105
88487
103
88647
114
88717
97
89128
102
89268
105
89518
46
89719
32
90049
83
90199
112
90280
101
90370
114
90470
111
90610
32
90720
100
90820
105
90951
32
91151
97
91351
118
91491
101
91591
114
91862
108
92022
111
92162
32
92282
114
92363
105
92483
109
92623
101
92823
115
92943
115
93024
111
93154
32
93244
97
93364
32
93514
112
93705
111
93785
115
93895
116
93975
111
94135
32
94225
99
94315
111
94576
109
94646
101
94806
32
94966
101
95327
101
95447
114
95537
97
95908
13
96268
105
96439
110
96539
105
96679
122
96769
105
96899
97
97049
108
97170
109
97260
101
97390
110
97430
116
97540
101
97640
44
97771
32
98111
109
98201
97
98311
32
98442
105
98622
108
98772
32
98862
102
98932
97
99092
116
99213
116
99283
111
99433
32
99593
101
99874
39
00074
32
00174
99
00264
104
00354
101
00444
32
00945
104
01105
111
01296
32
01466
115
01636
99
01726
111
01907
112
02037
101
02127
114
02297
116
02377
111
02507
32
02658
99
02748
104
02838
101
02938
32
03309
99
03489
39
03559
101
03659
114
03759
97
03839
32
03980
97
04090
110
04210
99
04280
104
04380
101
04470
32
04611
117
04731
110
05021
13
05221
112
05422
105
05552
99
05682
99
05782
111
05953
108
06113
111
06253
32
06383
101
06573
114
06704
114
06804
111
06894
114
06984
101
07244
44
07445
32
07695
112
07775
114
07875
111
07986
98
08096
97
08296
98
08386
105
08576
108
08757
109
08847
101
08957
110
09027
116
09107
101
09227
32
09338
100
09438
105
09568
32
09748
32
09748
98
09848
97
10019
116
10149
116
10219
105
10349
116
10419
117
10509
114
10599
97
10730
44
10880
32
11110
99
11220
104
11300
101
11411
32
11521
115
11671
112
11731
101
11821
114
11931
111
12062
32
12172
100
12252
105
12362
32
12512
97
12632
118
12773
101
12873
114
13023
13
13153
99
13243
111
13393
114
13514
114
13604
101
13774
116
13884
116
13994
111
14245
46
14415
32
14926
68
15166
105
15326
32
15416
102
15497
97
15667
116
15787
116
16378
111
16598
44
16608
109
16768
32
17049
8
17169
8
17389
32
17540
113
17660
117
17740
101
17880
115
18020
116
18170
111
18351
32
18441
99
18511
97
18681
109
18872
112
19062
105
19262
111
19432
110
19532
101
19633
32
19803
108
19983
111
20133
32
20223
115
20344
116
20424
111
20554
32
20874
105
21015
110
21145
115
21255
101
21365
114
21505
101
21656
110
22146
100
22236
111
22377
32
22587
118
22917
8
23158
112
23278
101
23368
114
23458
32
24940
101
25131
115
25231
115
25381
101
25491
114
25601
101
25742
32
25982
115
26072
105
26172
99
26282
117
26383
114
26513
111
26773
13
26963
99
27054
104
27174
101
27284
32
27805
108
27905
97
28025
32
28436
99
28526
111
28656
114
28766
114
28876
101
29086
122
29207
105
29377
111
29507
110
29667
101
29767
32
29978
110
30128
111
30258
110
30408
32
30589
104
30699
97
30789
32
30969
112
31129
111
31220
114
31370
116
31470
97
31610
116
31700
111
31841
32
31931
100
32181
108
32321
108
32622
8
32772
8
32972
101
33132
108
33273
108
33373
101
33463
32
33623
109
33733
111
33843
100
33944
105
34054
102
34144
105
34234
99
34514
104
34595
101
34725
32
34845
97
35035
108
35205
32
35927
99
35997
97
36547
8
36868
8
37669
8
38060
108
38540
97
38661
32
38811
114
38891
97
39081
99
39181
99
39271
111
39412
108
39502
116
39602
97
39692
32
39822
100
39962
101
40083
105
40233
32
40623
99
40663
97
40804
109
40994
112
41134
105
41314
111
41455
110
41545
105
41995
46
