17169
77
17339
97
17469
32
17600
115
17700
105
17830
32
17960
100
18050
97
18231
44
18661
8
18922
105
19172
44
19172
109
19573
8
19863
32
20113
111
20294
103
20414
103
20504
105
20654
32
20834
110
20914
101
21005
32
21125
102
21215
97
21395
99
21505
99
21616
105
21766
111
21966
32
22176
117
22327
110
22537
111
22707
32
22777
97
22907
110
23018
99
23108
104
23669
39
23929
105
24109
111
24340
46
24530
32
24800
73
24950
110
25071
99
25151
111
25301
109
25441
105
25571
110
25772
99
25902
105
26623
97
26803
110
26963
111
27124
32
27294
97
28436
100
28546
32
28676
97
28856
114
28986
114
29086
105
29207
118
29297
97
29407
114
29507
101
29767
32
30008
112
30078
101
30138
114
30308
115
30398
111
30529
110
30619
101
30799
13
31089
99
31170
104
31290
101
31380
32
31570
104
31650
97
31780
110
31921
110
32081
111
32231
32
32371
116
32441
101
32552
114
32652
109
32782
105
32962
110
33062
97
33193
116
33283
111
33423
32
33753
108
33884
97
34014
32
34214
108
34394
111
34484
114
34585
111
34725
32
34945
115
35055
101
35236
114
35356
105
35436
101
35566
32
35656
100
35756
105
35896
32
35997
99
36087
97
36207
109
36387
112
36557
105
36728
111
36888
110
36988
105
37228
46
37419
32
37659
78
37829
111
37960
110
38130
32
38300
109
38390
97
38510
108
38630
101
38871
46
39081
32
39342
78
39342
77
39502
97
39742
8
39882
8
40033
97
40303
116
40493
117
40623
114
40754
108
40844
97
41395
8
41665
97
41945
8
42066
8
42166
97
42356
108
42977
109
43037
101
43147
110
43237
116
43558
101
44659
13
44830
101
45040
39
45320
32
45491
99
45551
111
45701
109
45901
117
46021
110
46121
113
46232
117
46322
101
46422
32
46592
117
46702
110
46883
32
47093
112
47273
111
47453
39
47694
32
47904
117
48024
110
48164
97
48255
32
48435
112
48535
97
48685
108
48815
108
48936
97
49036
44
49226
32
49667
112
49737
101
49817
114
49997
99
50077
104
50187
101
50468
39
50668
32
50858
105
51039
111
51189
32
51309
118
51409
111
51720
114
51890
114
52120
101
52291
105
52441
32
52711
103
52861
105
52952
97
53292
39
53482
32
53572
97
53683
118
53833
101
53943
114
54033
101
54133
32
54273
116
54344
117
54464
116
54584
116
54644
105
54784
32
54924
105
55075
32
55195
99
55255
97
55325
109
55495
112
55676
105
55856
111
56026
110
56126
105
56417
13
56667
105
56827
110
56987
32
57178
109
57278
111
57378
100
57478
111
57608
32
57739
100
57859
97
57949
32
58139
112
58309
111
58430
116
58500
101
58620
114
58700
32
58850
102
58950
97
59070
114
59161
101
59251
32
59371
103
59441
108
59611
105
59762
32
59862
115
59992
112
60623
8
61033
8
61224
101
61414
115
61594
112
61704
101
61815
114
62355
105
62546
109
62636
101
62716
110
62826
116
62926
105
63096
32
63297
102
63377
105
63497
110
63577
97
63707
108
63868
105
64068
44
64218
32
64318
101
64408
32
64559
105
64679
110
64799
118
64949
101
65149
99
65340
101
65480
32
65660
109
65790
105
65941
32
66071
116
66151
111
66301
99
66401
99
66551
97
66602
32
66882
97
67042
115
67192
112
67283
101
67443
116
67573
116
67673
97
67823
114
67893
101
68014
13
68214
105
68364
32
68484
99
68574
111
68685
109
68845
111
69005
100
69145
97
69346
99
69456
99
69556
105
69716
32
69836
100
69906
105
70017
32
70107
113
70227
117
70307
101
70487
108
70607
108
70788
105
70948
32
71048
99
71158
104
71248
101
71339
32
71669
104
71759
97
71909
110
72050
110
72250
111
72420
32
73502
100
73662
101
73862
116
73982
116
74103
111
74253
32
74393
100
74483
105
74633
32
74754
118
74844
111
75004
108
75414
101
75565
114
75725
32
75935
112
76005
97
76105
114
76306
116
76366
101
76606
99
76706
105
76897
112
76957
97
77127
114
77207
101
77337
32
77427
97
77568
108
77698
108
78108
39
78239
101
78429
115
78649
112
78759
101
78950
114
79040
105
79210
109
79290
101
79390
110
79500
116
79581
111
79801
13
79961
101
80071
32
80262
112
80432
111
80622
105
80782
32
80973
115
81073
105
81223
32
81333
101
81433
32
82044
110
82194
111
82355
110
82755
8
82976
32
83186
109
83316
105
83446
32
83617
112
83747
114
83817
111
83957
100
84047
117
84147
99
84237
111
84388
110
84508
111
84638
32
84989
117
85119
110
85269
32
85379
99
85459
97
85549
109
85730
112
85900
105
86060
111
86190
110
86300
101
86401
32
86481
97
86621
108
86761
108
86831
97
86951
32
87042
115
87132
101
87332
116
87442
116
87542
105
87693
109
87803
97
87913
110
87983
97
88213
46
88223
44
88484
32
88724
85
88864
110
89034
32
89235
112
89425
111
89695
39
89946
32
90156
112
90316
111
90417
99
90517
111
90747
44
90917
32
93161
108
93331
111
93531
32
93731
115
93832
111
94082
46
94232
46
94372
46
94583
13
95474
79
95664
103
95784
103
95905
105
96035
32
96205
100
96275
111
96425
118
96606
114
96716
101
97297
8
97547
111
98108
39
98328
32
98458
114
98528
105
98699
112
98749
97
98949
115
99059
115
99169
97
99320
114
99390
101
99510
32
99670
117
99770
110
99930
32
00151
112
00311
111
00461
39
00682
32
00822
100
00892
105
01022
32
03386
104
03556
116
03746
109
03926
108
04287
44
04447
32
04627
105
04818
110
04988
32
05178
109
05298
111
05419
100
05499
111
05649
32
05749
100
05839
97
05949
32
06440
110
06600
111
06730
110
06881
32
06971
102
07021
97
07151
114
07211
101
07311
32
07502
117
07632
110
07802
32
07882
97
08173
102
08293
105
08443
103
08513
117
08613
114
08703
97
08834
32
10396
112
10576
105
10676
101
10867
116
11067
111
11287
115
11387
97
11578
13
11788
97
12469
108
12629
108
13230
97
13380
32
13550
108
13631
101
13811
122
13931
105
14061
111
14191
110
14262
101
14422
44
14562
32
14762
112
14943
111
15123
105
15283
32
15483
112
15563
101
15654
114
15734
32
15914
100
15984
117
16084
101
16184
32
16315
103
16415
105
16565
111
16655
114
16755
110
16875
105
17086
44
17246
32
17426
112
17586
105
17767
117
17967
39
18217
32
18398
110
18498
105
18588
101
18688
110
18838
116
18928
101
19029
32
19199
108
19289
101
19459
122
19569
105
19710
111
19830
110
19900
101
20070
46
20250
32
20481
70
20611
105
20611
117
20801
110
20921
97
21152
108
21312
109
21382
101
21502
110
21572
116
21642
101
21773
32
21953
97
22153
98
22263
98
22393
97
22454
105
23245
8
23375
8
23595
105
23755
97
23886
109
23996
111
24236
13
24466
117
24597
110
24757
32
24897
116
24957
101
25077
109
25258
112
25438
111
25588
32
25678
100
25818
101
25989
99
26089
101
26179
110
26269
116
26359
101
26489
44
26620
32
26710
97
26820
110
26910
99
27020
104
27080
101
27200
32
27241
115
27371
101
27491
32
27661
112
27731
101
27811
114
27892
32
28022
111
28162
103
28282
103
28382
105
28562
44
28713
32
28813
100
28903
105
29013
32
29083
97
29213
110
29294
100
29384
97
29514
114
29584
101
29664
32
29774
97
29884
32
30055
112
30155
97
30425
116
30545
116
30666
105
30986
110
31056
97
31206
114
31276
101
31377
32
31617
110
31777
111
31907
110
32058
32
32178
115
32298
101
32428
32
32598
110
32679
101
32799
32
32969
112
33039
97
33139
114
33279
108
33370
97
33540
46
33850
13
34231
86
34431
97
34461
113
34601
98
34712
98
34832
101
35082
39
35372
44
35533
32
35663
115
36013
97
36304
114
36394
97
36805
112
36975
32
37145
112
37195
101
37275
114
37375
32
37526
100
37586
111
37686
109
37786
97
37896
110
37996
105
38217
44
38367
32
38467
101
38567
32
38788
115
38908
112
38988
101
39088
114
39218
97
39458
98
39619
105
39789
108
40009
109
40089
101
40190
110
40280
116
40350
101
40550
44
40690
32
41892
112
41962
101
42062
114
42102
32
42263
105
42433
108
42583
32
42703
102
42793
105
42904
110
42984
101
43084
32
43184
115
43294
101
43464
116
43585
116
43685
105
43805
109
43915
97
43995
110
44085
97
44356
46
44646
13
44957
77
45177
105
45327
105
45477
105
45638
105
45908
44
46108
32
46329
110
46909
111
47090
110
47250
32
47470
109
47590
105
47731
32
47911
114
47981
105
48111
99
48171
111
48271
114
48452
100
48562
97
48702
118
48802
111
48942
32
49363
99
49483
104
49553
101
49663
32
49764
102
49844
111
49984
115
50114
115
50264
101
50405
32
50525
99
50585
111
50725
115
50955
105
51166
39
51356
32
51526
108
51706
117
51907
110
52007
103
52087
111
52227
32
52407
112
52488
114
52588
111
52698
100
52778
117
52898
114
53028
114
53109
101
53239
32
53379
115
53699
116
53780
111
53920
32
54010
99
54100
97
54260
98
54270
118
54360
111
54521
108
54681
111
54831
32
54941
100
55031
105
55292
13
55462
99
55532
97
55742
109
56033
112
56213
105
56363
111
56504
110
56604
101
56754
46
56954
32
57295
65
57555
104
57755
44
57926
32
58026
115
58116
97
58256
105
58386
32
58476
99
58587
104
58657
101
58767
32
58947
105
59077
101
59207
114
59318
105
59448
32
59628
97
59818
98
59939
98
60069
105
60149
97
60259
109
60369
111
60509
32
60600
97
60730
118
60850
117
60980
116
61060
111
61210
32
61421
108
61581
111
61771
32
61982
115
62132
99
62222
105
62392
111
62592
112
62683
101
62783
114
62873
111
63013
32
63153
103
63273
101
63394
110
63464
101
63554
114
63664
97
63744
108
63884
101
64415
63
64635
32
65006
13
65186
99
65397
114
65467
101
65637
100
65717
111
65857
32
65957
99
66068
104
66158
101
66258
32
66508
99
67450
105
67610
32
67990
115
68151
105
68311
32
68681
8
68832
97
69042
32
69182
115
69332
116
69432
97
69573
116
69663
97
69783
32
70013
117
70134
110
70254
97
70374
32
70464
102
70574
111
70684
114
70684
116
70835
116
71005
105
71275
115
71385
115
71506
105
71646
109
71766
97
71856
32
71946
97
72146
100
72156
102
72908
8
73098
101
73288
115
73438
105
73609
111
73769
110
73869
101
74009
46
74179
32
74390
65
74560
110
74670
99
74760
104
74921
105
75101
111
75241
32
75471
104
75632
111
75782
32
75862
97
76012
100
76172
101
76293
114
76413
105
76793
116
76913
111
77104
44
77264
32
77354
97
77474
110
77534
99
77645
104
77715
101
77815
32
77885
115
78005
101
78135
13
78376
112
78576
111
78776
105
78916
32
79047
115
79127
111
79247
110
79367
111
79497
32
79617
118
79728
101
79818
110
79828
32
79948
117
80118
116
80188
111
80369
32
80549
108
80709
111
80849
32
80979
115
81130
116
81220
101
81420
115
81530
115
81620
111
81751
32
81821
97
81951
32
82111
108
82181
97
82281
118
82402
111
82512
114
82632
97
82762
114
82832
101
82972
44
83133
32
89242
101
89392
32
89792
104
89973
111
90143
32
90313
115
91275
98
91475
105
91485
114
91755
103
91875
97
92036
116
92116
111
92256
32
92436
117
92576
110
92737
32
92927
112
93067
111
93298
39
93498
32
93618
100
93708
105
93828
32
93928
99
94069
111
94169
115
94259
101
94499
46
