82874
66
83044
101
83175
104
83545
44
83725
32
84126
111
84296
103
84426
103
84517
105
84647
32
84767
115
84867
101
84987
109
85157
98
85228
114
85338
97
85468
32
85578
99
85668
104
85768
101
85869
32
86580
105
86760
108
86920
32
87020
99
87200
114
87281
111
87451
110
87611
32
87841
97
88002
98
88132
98
88292
105
88372
97
88502
32
88623
102
88743
117
88853
110
88963
122
89083
105
89243
111
89374
110
89474
97
89604
116
89724
111
90535
46
90706
32
91086
79
91256
114
91427
97
92218
44
92388
32
92508
100
92628
111
92839
112
92999
111
93219
32
93350
97
93510
118
93650
101
93760
114
93860
32
93990
102
94101
105
94251
110
94371
105
94511
116
94591
111
94752
32
94902
99
95002
111
95182
110
95453
13
96164
105
96404
108
96574
32
96654
99
96734
97
96825
109
96995
112
97155
105
97345
111
97496
110
97586
101
97696
32
97796
100
97886
105
98016
32
98187
111
98347
103
98467
103
98567
105
98777
44
98958
32
99058
99
99148
111
99288
110
99378
116
99539
114
99619
111
99799
108
99939
108
00029
101
00190
114
00310
111
00560
39
00750
32
00881
115
00991
101
01111
32
01251
101
01542
39
01722
32
01832
97
02032
114
02162
114
02273
105
02403
118
02483
97
02653
116
02753
111
02914
32
03004
97
03324
110
03434
99
03534
104
03625
101
03745
32
03815
97
04005
103
04125
108
04296
105
04456
32
04556
97
04696
108
04806
116
04987
114
05067
105
05307
46
05858
13
06228
68
06379
111
06559
110
06929
113
07290
44
07450
32
07861
105
07991
101
08101
114
08402
105
08582
32
08822
115
08972
101
09073
114
09193
97
09283
32
09403
97
09714
98
09834
98
10034
105
10104
97
10224
109
10334
111
10475
32
10685
103
10755
105
10905
111
11025
99
11086
97
11266
116
11336
111
11476
32
11636
117
11726
110
12247
32
12488
112
12828
111
13028
39
13259
32
13359
97
13469
32
13649
109
13749
101
14160
116
14290
97
14450
108
14621
32
14901
103
15071
101
15252
97
15392
114
15692
32
16093
50
16634
58
16814
32
16934
115
17004
111
17144
110
17445
115
17585
32
17755
111
17906
102
18006
32
18176
108
18356
105
18536
98
18627
101
18707
114
18887
116
18957
121
19408
46
19628
13
19989
69
20229
102
20359
102
20459
101
20640
116
20770
116
20880
105
21000
118
21080
97
21190
109
21321
101
21451
110
21531
116
21621
101
21731
32
21931
101
22262
39
22482
32
22703
112
22863
105
23063
117
23223
116
23344
116
23454
111
23584
115
23734
116
23814
111
23964
32
24065
100
24145
105
24295
118
24415
101
24525
114
24726
116
24786
101
24906
110
25006
116
25096
101
25427
46
25637
32
25987
112
26128
101
26198
114
26288
32
26478
108
26568
97
26678
32
26779
118
26899
101
27009
114
27169
105
27289
116
27470
97
27880
39
28201
44
28451
13
29392
110
29553
111
29703
110
29863
32
29983
115
30063
111
30194
110
30354
111
30484
32
30634
97
30774
110
30875
99
30965
111
31075
114
31165
97
31265
32
31395
101
31485
110
31586
116
31756
114
31836
97
32046
116
32116
111
32297
32
32707
99
32817
111
32958
114
33088
114
33178
101
33328
116
33458
116
33569
97
33719
109
33799
101
33929
110
33999
116
34089
101
34169
32
34340
110
34410
101
34580
108
34710
108
35231
39
35451
111
35612
116
35742
116
35802
105
35962
99
36072
97
36172
32
36323
100
36493
101
36583
108
36733
32
36883
103
36964
105
37124
111
37234
99
37354
111
38676
44
38846
32
39147
101
39307
32
41250
105
41460
32
41660
109
41791
111
41921
118
42001
105
42131
109
42221
101
42341
110
42432
116
42532
105
43223
44
43453
13
43633
101
43703
32
43884
108
43994
101
44074
32
44224
118
44324
97
44505
114
44605
105
44715
101
44835
32
45316
97
45636
122
45786
105
45937
111
46077
110
46187
105
46347
32
46467
100
46538
105
46668
32
46778
103
46848
105
46998
111
47088
99
47209
111
47379
32
47589
110
47729
111
47890
110
48040
32
48130
114
48240
105
48330
101
48470
115
48611
99
48701
111
48871
32
48941
97
49071
110
49151
99
49252
111
49352
114
49432
97
49562
32
49682
97
49782
32
50043
112
50163
114
50243
111
50383
100
50453
117
50584
114
50754
108
50854
101
50944
32
51124
105
51295
110
51475
32
51685
109
51775
97
51895
110
51996
105
52086
101
52857
114
52977
97
53147
13
53408
97
53608
98
53728
98
53808
97
53999
115
54169
116
54269
97
54359
32
54850
8
55130
110
55290
122
55411
97
55561
32
55681
115
55861
99
55951
111
56112
114
56242
114
56332
101
56522
118
56602
111
56773
108
56923
101
58135
46
58335
32
58585
65
58746
32
58946
112
59016
97
59136
114
59316
116
59376
101
59487
32
60017
99
60158
105
60328
111
60658
39
60969
44
61139
32
61249
115
61349
101
61459
109
61640
98
61720
114
61840
97
61950
32
62130
112
62231
114
62321
111
62481
112
62591
114
62691
105
62852
111
63002
32
63112
100
63192
105
63332
32
63412
101
63603
115
63723
115
63833
101
63943
114
64023
101
64113
32
64254
105
64374
110
64654
13
64975
117
65105
110
65265
32
65385
102
65455
105
65636
108
65946
109
66307
58
66477
32
66627
105
66767
110
66938
100
67528
8
68269
116
68380
101
68530
110
68700
100
68790
111
68920
32
69021
100
69121
105
69211
114
69281
101
69531
44
69692
32
69792
99
69922
104
69992
101
70112
32
70222
115
70353
101
70483
32
71634
117
71845
110
72025
111
72185
32
72305
115
72676
105
72836
32
73006
109
73087
101
73287
116
73437
116
73517
101
73707
32
73878
108
74068
105
74228
32
74328
97
74439
32
74519
103
74739
117
74869
97
75039
114
75230
100
75360
97
75480
114
75550
101
75670
32
75811
117
75961
110
76151
111
76502
32
76672
98
76742
114
76832
97
76982
118
77072
111
77263
13
77363
99
77493
104
77583
101
77703
32
77884
103
77984
105
78144
111
78274
99
78384
97
78605
44
78775
32
78915
101
79035
32
79937
113
80057
117
80157
101
80297
115
80437
116
80578
111
80778
32
80908
118
81018
97
81118
32
81279
118
81379
97
81669
8
81789
8
81910
97
82080
32
82150
118
82250
97
82310
110
83061
8
83221
8
83362
8
83862
8
84183
118
84283
97
84403
110
84613
116
84714
105
84854
32
85355
112
85455
101
85515
114
85615
32
85755
97
85935
98
86046
98
86146
97
86386
115
86827
116
86947
97
87057
110
87177
122
87287
97
87418
32
87578
116
87648
101
87778
109
88008
112
88209
111
88439
44
88609
32
90502
115
90622
105
90783
32
90963
104
91043
97
91163
32
91363
101
91544
102
91624
102
91754
101
92295
116
92425
116
92535
105
92655
118
92745
97
92866
109
92976
101
93066
110
93126
116
93216
101
93336
13
93577
108
94027
39
94268
105
94438
109
94618
112
94688
114
94748
101
94949
115
95039
115
95149
105
95299
111
95409
110
95489
101
95600
32
95720
100
95780
105
95920
32
96030
115
96170
116
96281
97
96401
114
96491
101
96551
32
96691
103
96741
117
96851
97
96982
114
97182
100
97282
97
97402
110
97532
100
97613
111
97743
32
97933
117
98053
110
98213
32
99005
102
99085
105
99255
108
99445
109
00587
32
00697
100
00797
105
00947
32
01899
97
02149
122
02259
105
02410
111
02570
110
02700
101
02790
44
02930
32
02970
115
03151
112
03321
105
03501
111
03691
110
03802
97
03992
103
04102
103
04212
105
04433
111
06055
44
06295
13
07998
116
08158
114
08268
105
08489
108
08619
108
08799
105
08899
110
09009
103
09240
44
09380
32
09520
101
09780
99
09911
99
10141
101
10351
116
10491
101
10622
114
10732
97
10882
44
11082
32
11433
8
11593
8
12044
46
12244
32
13456
81
13656
117
13756
101
13927
115
14057
116
14177
111
14337
32
14447
101
14708
39
14908
32
15098
98
15469
8
15629
97
15789
98
15919
98
16030
115
16640
8
16791
97
16981
115
17141
116
17241
97
17342
110
17482
122
17602
97
17822
32
18043
100
18153
111
18153
105
18263
118
18383
101
18603
8
18744
8
18894
8
19034
8
19244
105
19455
118
19585
101
19705
114
19855
115
19965
111
20126
32
20206
100
20346
97
20396
32
20666
113
20787
117
20877
101
21037
108
21177
108
21357
111
21598
32
21798
99
21898
104
21988
101
22099
32
22189
115
22279
105
22509
13
22679
118
22840
101
23010
100
23170
101
23280
114
23521
32
23801
8
23951
8
24172
32
24342
105
24492
110
24642
32
24782
103
24853
105
24973
114
25103
111
26515
44
26685
32
26815
114
26916
105
27026
115
27136
112
27256
101
27426
116
27536
116
27637
111
27787
32
27877
97
27987
105
28127
32
28248
103
28328
105
28478
111
28598
99
28698
104
28818
101
29219
8
29419
105
29610
32
29810
112
29880
101
29970
114
30060
32
30351
112
30531
115
30781
50
31042
46
31242
32
32494
78
32654
97
32834
116
32924
117
33005
114
33115
97
33285
108
33475
109
33545
101
33665
110
33736
116
33806
101
33916
32
34106
110
34246
111
34397
110
34547
32
34737
109
34927
105
35108
32
35468
114
35568
105
35678
102
35789
101
36480
114
36580
105
36680
101
37301
8
37731
115
37932
99
38042
111
38242
13
38432
97
38613
105
38783
32
39013
103
39134
105
39284
111
39384
99
39494
104
39634
105
39815
32
40405
100
40465
105
40606
32
40716
115
40886
112
41056
111
41156
114
41327
116
41827
44
42008
32
42138
116
42218
105
42508
112
42659
111
42829
32
42929
97
43039
117
43169
116
43270
111
43440
109
43600
111
43780
98
43941
105
44141
108
44301
105
44391
115
44521
109
44632
111
44782
32
44972
111
45152
32
46374
109
46534
111
46645
116
46755
111
46975
44
47155
32
47386
111
47556
32
47686
99
47766
111
47876
115
47997
101
48487
32
48637
99
48728
111
48848
115
48958
105
49248
46
49399
46
49539
46
