29580
102
29740
111
29790
114
29970
115
30090
101
30201
32
30491
112
30681
111
31252
116
31402
114
31492
101
31663
98
31803
98
31923
101
32023
32
32163
101
32364
115
32484
115
32604
101
32704
114
32814
101
32905
32
33095
111
33165
114
33245
97
33355
32
33455
100
33545
105
33656
32
33806
102
33896
97
34036
114
34116
101
34186
32
34337
113
34407
117
34517
97
34657
108
34747
99
34867
104
34948
101
35078
32
35198
97
35308
108
35448
116
35608
114
35719
111
35849
32
36009
115
36330
8
36500
101
36680
115
36830
112
36930
101
37051
114
37161
105
37301
109
37361
101
37501
110
37581
116
37702
111
38473
46
38653
32
38993
112
39094
101
39184
114
39304
32
39484
108
39574
97
39785
13
39945
118
40085
101
40175
114
40305
105
40406
116
40526
97
41006
39
41237
32
41387
101
41697
39
42168
32
42378
103
42469
105
42589
97
42849
39
43069
32
43250
117
43370
110
43540
32
43750
112
43931
111
44121
39
44351
32
44482
100
44552
105
44682
32
44782
116
44852
101
44932
109
45112
112
45303
111
45483
32
45563
99
45693
104
45733
101
45894
32
46094
110
46244
111
46404
110
46565
32
46755
112
46845
114
46945
111
47055
100
47155
117
47246
99
47366
111
47516
32
47686
105
47876
108
48047
32
48227
109
48367
105
48557
111
48708
32
48818
99
48898
97
48988
109
49178
112
49379
105
49559
111
49699
110
49779
101
49980
46
50260
13
50661
68
50841
101
50931
108
51091
32
51201
114
51261
101
51432
115
51562
116
51702
111
51852
32
52053
110
52193
111
52323
110
52493
32
52603
115
52684
111
52834
110
52974
111
53124
32
53335
108
53725
39
53935
117
54096
110
54206
105
54326
99
54436
111
54707
44
54867
32
55037
118
55147
105
55267
115
55388
116
55498
111
55658
32
55748
99
55908
104
55988
101
56099
32
56269
109
56399
111
56589
108
57110
116
57210
105
57410
32
57431
100
57601
101
58392
105
58572
32
58742
118
58823
111
59003
108
59173
111
59463
110
59654
116
59774
97
59894
114
60014
105
60144
32
60285
115
60385
111
60515
110
60655
111
60805
32
60946
102
61066
101
61176
114
61256
109
61406
105
61647
13
61777
97
61867
100
62017
32
62177
117
62558
110
62758
111
62949
32
63119
111
63279
32
63419
100
63529
117
63670
101
63860
108
64090
32
64531
8
64661
8
65172
46
65382
32
65683
80
65863
111
65953
99
66063
111
66203
32
66404
109
66494
97
66604
108
66714
101
66934
46
67115
32
67375
81
67485
85
67615
101
67756
108
67906
108
68056
111
68206
32
68306
100
68387
105
68517
32
68647
99
68757
117
68967
105
69138
32
69338
105
69468
110
69618
118
69759
101
69899
99
69979
101
70129
32
70249
115
70319
111
70450
110
70610
111
70740
110
70950
32
71181
117
71311
110
71982
32
72242
112
72382
111
72703
39
72933
32
73484
112
73594
114
73664
101
73915
111
74135
99
74255
99
74355
117
74596
112
74706
97
74836
116
74926
111
75157
44
75427
13
75617
101
75777
39
75958
32
76138
105
76338
108
76488
32
76589
102
76659
97
76839
116
76959
116
77039
111
77200
32
77330
99
77420
104
77530
101
77630
32
78111
109
78251
111
78431
108
78572
116
78662
105
78862
44
79032
32
79112
97
79253
108
79373
109
79473
101
79583
110
79713
111
79863
32
79984
99
80154
114
80244
101
80424
100
80494
111
80675
44
80865
32
81175
110
81336
111
81466
110
81626
32
81846
112
82027
111
82197
110
82297
103
82387
111
82537
110
82688
111
82858
32
83228
112
83409
111
83579
105
83739
32
83929
109
84060
111
84240
108
84370
116
84480
97
84580
32
84721
97
84931
116
85041
116
85131
101
85211
110
85372
122
85552
105
86213
111
86373
110
86463
101
86623
13
86944
97
87124
32
87264
99
87334
111
87465
109
87555
101
87665
32
87785
115
87905
99
88126
114
88196
105
88326
118
88386
111
88536
110
88676
111
88867
44
89017
32
89137
101
89227
32
89377
97
89668
108
89858
32
89968
102
90058
97
90229
116
90329
116
90419
111
90559
32
90649
100
90759
105
90890
32
91050
99
91170
111
91330
109
91470
109
91541
101
91711
116
91831
116
91951
101
92041
114
92161
101
92222
32
92342
118
92422
97
92562
114
92682
105
92832
32
92913
101
93123
114
93233
114
93333
111
93443
114
93574
105
93794
44
93964
32
94094
99
94194
104
94305
101
94405
32
94635
109
95036
8
96097
112
96268
111
96448
105
96648
32
97079
13
97319
110
97489
111
97640
110
97780
32
97890
118
98040
101
98190
110
98761
111
99132
8
99342
103
99432
111
99582
110
99733
111
99883
32
00003
99
00103
111
00253
114
00364
114
00474
101
00674
116
00784
116
00914
105
01195
46
01385
32
01645
73
01796
110
01936
115
02016
111
02186
109
02326
109
02417
97
02557
44
03518
32
03839
108
03949
97
04079
32
04209
99
04279
111
04399
115
04500
97
04640
32
04830
110
04970
111
05111
110
05261
32
05391
101
05621
39
05812
32
06052
112
06262
111
06452
105
06643
32
06733
99
06823
111
06943
115
07033
105
07314
39
07544
32
07664
115
07804
116
07955
114
08065
97
08165
110
08255
97
08395
44
08566
32
08676
118
08796
105
08886
115
09016
116
09126
111
09267
32
09357
99
09477
104
09567
101
09757
13
09898
115
09988
105
10158
32
10268
116
10398
114
10508
97
10669
116
10779
116
10869
97
10979
32
11099
100
11159
105
11290
32
11460
117
11580
110
11760
32
13463
8
13643
97
13793
32
13923
99
14004
111
14104
115
14224
97
14374
32
14504
99
14695
104
14825
101
14925
32
15155
108
15336
105
15476
32
15656
114
15746
105
15866
103
15936
117
16017
97
16177
114
16357
100
16447
97
16567
32
16768
112
16928
111
17008
99
17138
111
17268
32
17449
111
17609
32
17779
110
17919
117
18170
108
18290
108
18410
97
19011
46
19281
32
19522
77
19702
105
19802
99
19872
97
19972
32
20103
99
20183
105
20313
32
20733
103
20844
117
20924
97
21084
100
21184
97
21394
103
21515
110
21565
97
21775
110
21935
111
22166
13
22416
113
22506
117
22616
97
22736
108
22827
99
22937
111
23047
115
23137
97
23297
32
23948
97
24078
32
24209
102
24289
97
24439
114
24529
101
24669
32
24809
115
24980
116
25080
111
25290
32
25390
101
25561
115
25691
112
25781
101
25881
114
26001
105
26131
109
26211
101
26342
110
26422
116
26542
111
26762
46
27093
32
27894
79
28124
118
28234
118
28345
105
28435
97
28545
109
28645
101
28755
110
28845
116
28925
101
29036
32
29296
105
29476
111
29626
32
29717
99
29817
105
29947
32
30418
103
30518
117
30618
97
30778
100
30898
97
31109
103
31199
110
31329
111
31619
13
31840
117
31980
110
32150
32
32280
115
32391
97
32631
99
32711
99
32931
111
33182
44
33382
32
33843
109
33923
97
34053
32
34253
108
34434
111
34564
114
34644
111
34844
32
35205
110
35405
111
35665
46
35866
32
36146
77
36286
105
36446
32
36557
101
36867
39
37117
32
37228
97
37388
112
37528
112
37598
101
37728
110
37829
97
37909
32
38029
118
38129
101
38239
110
38359
117
38429
116
38560
97
38660
32
38820
105
38930
110
39100
32
39291
109
39331
101
39491
110
39581
116
39661
101
39741
32
39872
117
39972
110
40062
97
40182
32
40282
99
40392
111
40482
115
40593
97
41294
58
41504
32
41684
109
41744
97
41864
32
41945
115
42055
101
42175
32
42315
115
42455
99
42656
114
42736
105
42846
118
42926
111
43307
13
43527
105
43667
110
43837
32
44018
117
44158
110
44709
39
44869
97
44939
108
45109
116
45249
114
45360
97
45440
32
45620
108
45790
105
45910
110
46051
103
46151
117
46241
97
46401
44
46541
32
46641
99
46772
111
46852
115
46952
97
47072
32
47202
115
47302
117
47453
99
47583
99
47713
101
48174
100
48624
101
49285
63
49486
32
49756
73
49876
110
50046
32
50187
105
50297
110
50457
103
50567
108
50667
101
50858
115
50968
101
51228
44
51378
32
51499
113
51589
117
51689
97
51819
110
51919
116
51989
111
52120
32
52270
114
52370
105
52520
109
52640
97
52951
114
53051
114
53141
101
53391
98
53512
98
53662
101
53772
114
53942
111
54163
32
54573
13
54783
114
54864
105
55084
99
55174
111
55324
110
55454
111
55545
115
55665
99
55795
105
56766
98
56937
105
57107
108
57287
105
57427
32
57588
105
57728
32
57908
109
58038
105
58158
101
58289
105
58459
32
58589
99
58679
97
58839
109
59030
112
59220
105
59390
111
59520
110
59661
105
60512
63
60742
32
61874
84
62094
101
62234
109
62365
111
62515
32
62685
112
62815
105
62995
117
63216
116
63326
116
63446
111
63526
115
63646
116
63767
111
63897
32
64107
112
64277
111
64347
99
64488
111
64768
44
64918
32
65058
118
65169
105
65259
115
65389
116
65479
111
65619
32
65719
99
65850
104
65950
101
66050
32
66180
102
66290
97
66420
114
66511
101
66631
105
66891
13
67112
117
67242
110
67402
32
67532
115
67622
97
67793
99
67913
111
67943
99
68864
8
69004
8
69144
99
69265
111
69415
32
69545
100
69635
105
69745
32
69836
101
70016
114
70136
114
70246
111
70346
114
70446
105
70657
44
70827
32
70937
101
71067
32
73070
109
73190
105
73341
32
73491
102
73591
101
73681
114
73791
109
73891
101
74012
114
74152
101
74342
105
74482
32
74562
99
74653
111
74793
110
74913
116
75013
105
75133
110
75243
117
75294
97
75444
109
75534
101
75634
110
75704
116
75784
101
75884
32
75995
97
76085
32
76235
99
76335
111
76485
114
76605
114
76696
101
76866
103
76986
103
77096
101
77216
114
77306
101
77417
44
77567
32
77787
111
77967
32
79009
13
80752
112
80882
114
80962
111
81072
100
81162
117
81723
114
81833
114
81943
101
82294
105
82474
32
82594
100
82754
101
82895
105
83025
32
83135
100
83225
105
83415
103
83566
114
83656
97
83816
102
83906
105
84026
32
84157
97
84357
115
84467
115
84577
111
84717
108
84888
117
84938
116
85038
97
85118
109
85248
101
85348
110
85428
116
85519
101
85599
32
85739
100
85819
105
85939
118
86049
101
86159
114
86270
115
86390
105
86530
32
86620
100
86730
97
86790
32
87311
113
87431
117
87541
101
87662
108
87802
108
87992
105
88142
32
88303
105
88423
110
88573
32
88733
105
88853
116
88944
97
89094
108
89264
105
89344
97
89464
110
89655
111
89945
46
