26992
16
27062
73
27283
78
27363
32
28574
81
28705
85
28915
69
29125
83
29335
84
29516
73
29566
32
30437
71
30527
73
30597
79
30748
82
30908
78
31008
73
31108
32
32931
67
33141
222
33331
69
33552
192
33682
32
33832
85
34002
78
34082
32
34243
84
34323
69
34383
77
34543
80
34683
79
34733
32
34873
79
34994
82
35174
82
35314
73
35484
66
35584
73
35765
76
35905
69
36055
188
36135
32
39210
83
39280
80
39410
69
39560
82
39610
73
39740
65
39821
77
39901
79
39931
32
40051
67
40131
72
40231
69
40251
32
40401
77
40532
73
40662
71
40772
76
40892
73
40982
79
41263
82
41403
73
41683
190
41813
32
41904
65
42014
76
42204
84
42364
82
42434
73
42595
77
42705
69
42815
78
43025
84
43506
8
44057
8
44097
8
44137
8
44177
8
44217
8
44257
8
44297
8
44337
8
44377
8
44417
8
44457
8
44497
8
45599
82
45789
73
45969
188
46060
32
46150
65
46210
76
46440
84
46540
73
46710
77
46921
69
47762
8
48183
8
48313
8
48593
82
48964
73
49194
77
49344
69
49434
78
49555
84
50216
73
50306
32
50506
78
50566
79
50656
78
50736
32
50816
83
50886
73
50967
32
53030
8
53170
8
53460
69
53570
32
53791
78
53941
69
54031
32
54141
69
54752
83
55173
67
55363
69
55713
32
55844
86
55974
73
56104
86
56224
73
56454
190
56615
32
56855
83
57356
8
57576
16
57646
83
57816
84
57947
65
58107
83
58968
69
59138
82
59249
65
59329
32
59459
80
59489
219
59579
69
59619
82
59889
8
60040
8
60160
8
60290
69
60721
8
60851
8
60981
8
61612
188
61682
32
61832
80
61922
69
61972
82
62093
32
62253
69
62483
83
62583
69
62804
77
63144
80
63314
73
63685
79
63895
188
64146
32
64326
77
64446
73
64496
32
64817
84
64917
79
65067
67
65247
67
65608
8
65778
8
65958
8
66229
8
66419
8
66599
8
66739
8
66900
68
67020
69
67260
86
67360
79
67480
32
67570
65
67681
78
67811
68
67911
65
68091
82
68151
69
68251
32
68392
65
68502
32
68662
65
68892
83
68942
85
69023
79
69303
8
69433
8
69593
8
69724
8
69854
83
69954
85
70014
79
70174
78
70264
65
70445
82
70495
69
70585
32
70745
65
70905
79
71015
67
71336
8
71456
8
71586
8
71726
67
71837
79
72007
74
72437
8
72648
78
72778
32
73359
73
73469
32
73679
16
73799
70
74010
82
74110
65
74270
85
74601
16
74991
32
75151
16
75282
66
75352
76
75532
85
75652
67
75772
72
75902
69
76073
82
76263
188
76353
32
76934
71
77254
82
77445
85
77985
80
78146
80
78246
79
78326
32
78446
67
78536
72
79578
8
79798
8
80038
67
80139
79
80419
86
80549
69
80679
82
80830
32
81030
82
81170
79
81741
67
81961
75
82081
32
82292
65
82452
78
82582
78
82712
73
82812
32
83093
56
83143
48
83303
32
83553
68
83694
73
83774
32
84014
67
84154
85
84244
73
84305
32
84435
83
84505
79
84575
78
84675
32
84725
79
84875
73
85046
76
85106
32
85226
84
85326
65
85476
83
85616
84
85727
73
85807
69
85887
82
86057
73
86187
83
86408
84
86518
65
87079
37
87619
37
87659
37
87699
37
87739
37
87780
37
87820
37
87860
37
87900
37
87940
37
87980
37
88020
37
88060
37
88100
37
88140
37
88180
37
88220
37
88471
39
88711
46
88951
39
89061
32
89242
39
89782
39
89822
39
89863
39
89903
39
89943
39
89983
39
90023
39
90063
39
90103
39
90143
39
90183
39
90223
39
90263
39
90303
39
90964
32
91815
8
92236
188
92326
32
92506
79
92586
32
92707
77
92827
69
93037
71
93167
76
93378
73
93408
79
93648
188
93718
32
93878
80
93938
79
94099
83
94259
83
94449
69
94669
83
94810
83
94880
79
95030
82
95090
69
95150
32
95330
68
95441
73
95481
32
95621
84
95741
65
95831
83
96021
84
96142
73
96242
69
96322
82
96432
69
97133
190
97253
32
97383
16
97504
83
97904
8
98295
8
98455
8
98855
77
99026
32
99346
8
99486
8
99937
188
00017
32
00157
68
00257
65
00428
84
00488
79
00548
32
00648
67
00728
72
00848
69
00898
32
01019
78
01119
79
01189
78
01249
32
01379
77
01509
73
01569
32
02080
82
02190
73
02310
84
02641
78
03082
8
03172
69
03292
78
03793
71
03933
79
04043
32
04143
65
04293
66
04403
66
04504
65
04604
83
04744
84
04844
65
04934
78
05124
90
05375
65
05565
32
06396
86
06727
8
06887
66
07077
82
07207
65
07368
86
07468
79
07538
32
07708
68
07808
65
07949
32
09421
80
09611
79
09811
84
09991
69
10132
82
10372
32
10512
69
10713
83
10853
83
11053
69
11203
82
11303
69
11444
32
11854
78
11924
79
12044
77
12185
73
12335
78
12495
65
12615
84
12715
79
12755
32
12956
86
13076
69
13196
82
13336
65
13476
77
13557
69
13647
78
13747
84
13797
69
13917
32
14177
16
14718
16
14758
16
14798
16
14838
16
14878
16
14909
222
15289
84
15409
65
15539
83
15740
84
15850
73
15930
69
16000
82
16170
73
16571
83
16741
84
16821
65
17542
16
17833
222
17923
32
18143
16
18303
190
18734
8
18914
16
19014
186
19275
48
20076
188
20386
32
20697
8
20827
8
21298
190
21408
32
22259
16
22369
67
22479
79
22660
77
22860
85
24002
78
24282
81
24412
85
24602
69
24733
188
24843
32
25494
73
25774
75
25914
32
26205
8
26335
8
26515
76
26615
32
27096
80
27376
82
27497
79
27627
66
27707
76
27847
69
27947
77
28077
65
28158
32
28348
69
28538
192
28688
32
28788
68
28929
72
29219
8
29349
8
29469
67
29600
72
29720
69
29820
32
29960
77
30080
73
30130
32
30361
68
30521
69
30962
86
31132
79
31172
32
31322
83
31583
67
31783
65
32063
82
32233
82
32394
79
32724
90
32894
90
33115
65
33255
82
33335
69
33405
32
33545
76
33676
69
33756
32
33946
84
34076
65
34196
83
34286
84
34407
73
34497
69
34557
82
34697
69
34787
32
34937
69
35068
32
35248
67
35749
79
35929
77
35949
78
36039
32
36399
8
36530
8
36690
8
36970
78
37100
32
37241
76
37381
65
37451
32
37611
80
37771
73
38002
79
38192
67
38813
8
39454
71
39594
71
39744
73
40055
65
40325
192
40786
8
40926
32
41587
69
41797
192
41847
32
41957
85
42128
78
42178
32
42338
66
42478
69
42568
76
42618
32
42769
80
42859
82
42959
79
43389
66
43510
76
43640
69
43760
77
43840
65
43950
188
44060
32
44201
67
44301
72
44631
8
44751
8
44952
79
44972
80
45062
69
45432
8
45563
8
45723
8
45943
80
46073
69
46264
82
46444
67
46564
72
47185
69
47335
192
47525
32
47856
71
48096
73
48337
65
48487
192
48647
32
48767
68
48857
73
48947
32
49088
75
49108
76
49608
8
49779
8
50079
76
50269
79
50420
82
50520
79
50550
32
50720
83
50750
79
50880
78
50970
79
51030
32
51121
73
51301
78
51912
71
52022
79
52122
77
52342
66
52473
82
52563
65
52653
78
52963
84
53093
73
53304
188
53364
32
53824
8
53945
8
54836
190
54966
32
55216
16
55747
16
55787
16
55827
16
55867
16
55907
16
55948
83
56158
69
56258
32
56478
80
56649
79
56849
73
56909
32
57049
65
57129
78
57279
67
57360
79
57500
82
57600
65
57670
32
57800
80
58291
73
58531
79
58852
86
59192
79
59322
32
59773
8
59903
8
60033
69
60063
32
60224
84
60294
73
60394
32
60484
86
60604
79
60915
71
61055
76
61245
73
61335
79
61395
32
62086
86
62207
69
62307
68
62437
69
62517
82
62607
69
62737
32
62847
65
62968
32
67094
84
67274
82
67424
65
67624
83
67845
79
68095
80
68255
82
68415
84
68536
65
68656
82
68726
69
68876
32
69116
8
69657
8
69697
8
69737
8
69777
8
69817
8
69968
8
70128
8
70348
80
70529
79
70699
82
70879
84
70959
65
71089
82
71159
69
71240
32
72561
86
72642
69
72802
78
72902
84
73062
73
73142
32
73323
67
73473
72
73543
73
73973
8
74144
8
74334
8
74554
8
74775
67
75135
73
75315
78
75536
81
75686
85
75846
69
75986
32
76177
67
76327
72
76457
73
76717
188
76737
76
77148
8
77278
8
77509
76
77679
73
77759
32
77909
80
77989
69
78180
82
78280
32
78850
86
78991
79
79151
76
79301
84
79451
65
79622
32
81064
68
81174
73
81234
73
81324
83
81534
84
81695
82
81855
73
81905
73
82025
66
82165
85
82255
73
82356
84
82526
73
82596
32
82776
83
82996
85
83227
76
83367
76
83437
65
83497
32
83848
76
84058
85
84208
78
84328
71
84429
72
84889
69
85550
90
85730
90
85901
65
85991
32
86121
68
86261
73
86361
32
86471
85
86682
78
86732
32
86912
77
87022
69
87243
84
87413
82
87483
79
87543
32
87633
69
87723
32
87893
81
87984
85
88134
65
88214
76
88354
67
88474
79
88564
83
88645
65
88735
32
88845
80
88935
69
89075
82
89135
32
89296
81
89386
85
89556
69
89586
82
89696
76
89806
76
90137
8
90277
8
90437
8
91138
8
91298
8
91449
8
91619
8
91769
8
91909
8
92069
8
92180
8
92500
77
92670
32
93031
8
93171
8
93732
188
93842
32
93942
80
94012
69
94163
82
94233
32
94393
81
94483
85
94603
69
94693
76
94833
76
94884
65
94964
32
95044
67
95134
79
95254
82
95444
84
95524
69
96245
8
96396
65
96596
77
96746
32
97067
8
97197
8
97417
188
97507
32
97728
69
97888
32
98048
84
98439
8
98589
68
98769
85
98849
32
99009
85
99220
78
99340
32
99911
8
00071
8
00221
8
00351
8
00492
8
01092
73
01193
32
01914
9
05749
81
05869
85
05979
65
06210
83
06360
73
06440
32
07301
68
07432
85
07542
69
07582
32
07702
80
07812
69
07962
82
08012
32
08173
81
08283
85
08403
69
08493
76
08643
76
08713
65
08774
32
08894
76
09114
73
09605
8
09795
85
10706
71
10836
65
11347
8
11467
8
11688
78
11838
71
11958
65
15053
38
15243
37
15784
37
15824
37
15864
37
15904
37
15944
37
15984
37
16024
37
16064
37
16104
37
16144
37
16184
37
16224
37
16264
37
16304
37
16354
37
16394
37
16435
37
16475
37
16515
37
16555
37
16595
37
16635
37
16675
37
16715
37
16755
37
16795
37
16835
37
16875
37
16915
37
16955
37
16995
37
17035
37
17075
37
17116
37
17156
37
17196
37
17516
39
17706
46
17877
39
18107
39
18257
39
18427
39
18698
46
18868
39
19018
40
19168
39
19709
39
19749
39
19789
39
19829
39
19869
39
19910
39
19950
39
19990
39
20030
39
20070
39
20110
39
20150
39
20190
39
20230
39
20270
39
20310
39
20350
39
20390
39
20430
39
20470
39
20510
39
20550
39
20591
39
20631
39
20671
39
20711
39
20761
39
20801
39
20841
39
20881
39
20921
39
20961
39
21001
39
21041
39
21081
39
22954
190
23044
32
23214
16
23344
83
23835
8
25227
16
25427
73
25618
78
25748
79
25938
76
26008
84
26179
82
26249
69
26329
32
28963
8
29714
188
29824
32
29994
67
30034
79
30104
78
30184
32
30324
83
30505
84
30565
79
30625
32
30775
84
30835
69
30915
77
31066
80
31176
79
31256
32
31356
83
31496
67
31606
72
31666
73
31867
70
31997
79
32137
83
32237
79
32267
32
34581
78
34681
79
34771
78
34851
32
35001
80
35111
79
35222
83
35372
83
35432
79
35512
32
36684
66
36794
69
36904
78
37064
69
37305
8
37585
8
37725
8
37935
8
38466
8
38506
8
38646
8
38797
8
39087
8
39247
8
39368
83
39628
32
39978
8
40199
79
40269
32
40459
77
40659
65
40729
73
40840
32
41010
66
41120
69
41210
78
41300
69
41400
32
41521
67
41581
79
41691
77
41771
69
41871
32
41991
86
42091
69
42312
83
42472
84
42592
73
42712
82
43193
78
43664
8
43864
77
43954
73
44104
32
44305
69
44445
32
44605
82
44735
73
44895
83
45066
67
45186
72
45386
73
45436
79
45536
32
45697
76
45807
65
45857
32
45977
80
46137
79
46338
76
46708
77
46828
79
46988
78
47139
73
47359
84
47419
69
47519
32
47669
85
47880
78
47940
32
48120
67
49182
8
49722
71
49782
73
49833
79
49953
69
50023
78
50083
79
50143
32
50403
79
50584
32
50934
76
52426
222
52627
65
52817
76
52947
84
53137
82
53237
79
