59280
16
59560
16
59560
16
59610
16
59670
16
59670
16
59720
67
60210
79
60380
78
60600
32
60760
76
60870
65
61040
32
62910
80
63130
85
63570
66
63680
66
63840
76
64000
73
64110
67
64220
65
64500
90
64660
73
64830
79
64940
78
65100
69
65270
32
68010
68
68180
69
68290
76
68450
32
68560
86
68730
79
68890
76
69170
85
69390
77
69500
69
69610
32
70100
76
70320
73
70540
78
70710
71
70820
85
71200
65
71420
71
71530
71
71750
73
72080
79
72240
32
73010
16
73230
67
77570
188
78120
32
78340
73
78500
76
79600
32
79880
79
80100
78
80540
8
80760
8
81530
77
81750
79
81910
78
82240
68
82400
79
82510
32
82790
68
82950
69
83120
73
83230
32
85100
67
85210
65
85320
76
85480
67
85650
79
85760
76
85970
65
86580
84
86740
79
86910
82
87020
73
90310
32
90920
72
91030
65
91140
32
91300
83
91470
85
92020
66
92350
73
92570
84
92680
79
92840
32
95810
85
96030
78
96140
32
96470
80
98000
82
98170
79
98940
70
99050
79
99160
78
99430
68
99540
79
99650
32
99930
77
00690
85
00860
84
00970
65
01130
77
01300
69
01410
78
01520
84
01680
79
05420
190
06240
32
06460
16
06680
16
06740
16
06790
16
06790
73
07070
32
07340
71
07560
82
07670
65
07840
78
08000
68
08160
73
08160
85
08330
32
08490
67
09540
8
09700
8
09810
8
10310
32
10690
67
10750
65
10910
76
11130
67
11240
79
11410
76
11630
65
11840
84
11950
79
12060
82
12170
73
16730
32
17230
67
17610
82
17830
69
18110
83
18220
67
18660
79
18880
78
19090
79
19370
32
19640
83
19810
69
20030
188
20360
80
20690
8
20850
8
21680
77
22010
80
22170
82
22340
69
22390
32
22670
68
22770
73
22990
32
24750
80
24920
73
25740
191
30080
188
30680
32
30850
69
31010
68
31180
32
31340
73
31620
32
31670
80
31890
69
32000
82
32440
83
32660
79
32880
78
33050
65
33160
76
33320
32
33540
67
33650
79
34530
77
34690
80
35020
85
35190
84
35410
69
35570
82
35680
32
39030
72
39200
65
39360
78
39470
78
39640
79
39860
32
40300
67
40460
65
40850
80
40960
65
41230
67
41390
73
41720
84
42110
222
42330
32
45570
80
45680
65
45900
82
46010
65
46230
71
46340
79
46670
78
46830
65
47110
66
47380
73
47550
76
47710
73
47880
32
48970
65
49080
32
49300
81
49470
85
50070
69
50180
76
50350
76
50460
69
50620
32
51390
68
51670
69
51780
73
51940
32
52210
77
52380
65
52650
73
52820
78
53590
70
53750
82
53920
65
54030
77
54250
69
57760
32
58420
68
58590
73
58750
32
58970
85
59140
78
59250
65
59410
32
59520
68
59680
69
59900
67
60010
73
60230
78
60340
65
60510
32
60730
68
60890
73
61000
32
61220
65
61390
78
61550
78
61770
73
61940
32
62600
70
62710
65
64900
190
65400
32
68800
16
69080
73
69350
78
69520
32
70180
81
70340
85
70450
69
70610
83
70830
84
71000
79
71110
32
71380
80
71600
69
71660
82
71820
73
72100
79
72480
68
72590
79
73090
32
76160
65
76380
78
76880
67
76990
72
77150
69
77260
32
77540
73
77700
76
77810
32
78080
16
78250
67
78520
32
79180
186
79400
32
79510
67
79680
65
80340
77
80720
66
80890
73
81000
65
81330
84
81490
79
81600
32
84460
8
84900
188
85010
32
85120
65
85280
78
85440
67
85550
72
85720
69
85880
32
85990
83
86210
69
86380
32
86600
68
86650
73
86820
32
88300
80
88470
79
88690
67
88850
79
89400
188
89560
32
90830
69
90940
32
91100
83
91270
73
91380
32
91820
186
91930
32
92420
78
92530
69
92800
67
93190
69
99560
8
99730
8
99890
8
00060
8
00820
69
00990
83
01320
84
02420
69
02580
83
03190
79
03350
32
03570
66
03740
69
03840
78
03950
32
04280
79
04500
76
04780
84
05000
82
05160
69
05270
32
10110
73
10270
32
10440
76
10600
73
10820
77
11040
73
11200
84
11370
73
11480
32
13840
68
14010
69
14230
76
14340
76
14500
69
14670
32
14780
83
14990
85
15210
69
15320
32
15820
79
15980
82
16200
73
17080
71
17190
73
17360
78
17520
73
19170
188
19280
32
19500
67
19660
72
19830
69
19940
32
20100
76
20320
79
20430
32
21260
73
21590
68
21750
69
21860
78
22030
84
22190
73
22350
70
22460
73
22630
67
22900
65
23180
86
23290
65
23450
78
23620
79
23780
32
25380
83
25490
69
25650
77
25870
80
26090
76
26310
73
26530
67
26640
69
26800
77
26970
69
27080
78
27240
84
27410
69
27520
32
28230
67
28450
79
28670
77
28780
69
28950
32
29110
73
29280
76
29550
73
29880
78
30210
71
30370
85
30540
65
30760
71
30920
71
31030
73
31200
79
33500
37
33780
37
33780
37
33830
37
33890
37
33890
37
33940
37
34000
37
34220
37
34490
32
35260
76
36360
35
43060
32
43280
83
43780
8
43940
68
44050
69
44160
76
44330
32
44490
68
44650
73
45090
8
45200
8
45530
83
46800
73
46960
83
47290
84
47460
69
47570
77
47730
65
47900
32
48110
80
48110
79
48660
8
48770
8
49320
79
49490
80
49650
69
49760
82
50590
90
50860
84
51030
73
51140
86
51300
79
51470
32
52070
8
52230
8
52400
8
52560
8
52670
8
52840
8
53060
65
54270
84
54430
73
54710
86
54820
79
54930
32
55470
16
55690
16
55750
16
55800
16
55800
85
56080
78
56300
73
57180
88
61020
190
61900
13
64980
16
65200
76
65580
65
65690
65
66020
32
66570
8
66730
8
67230
32
67450
67
67780
82
68000
69
68220
83
68380
69
68930
8
69040
67
69210
69
69430
84
69590
78
69920
8
70090
8
70360
78
70630
84
70800
69
71070
32
75800
80
76130
79
76350
80
76510
79
76680
76
77010
65
77340
82
77500
73
77550
84
77990
222
78160
32
78320
68
78490
69
78600
76
78710
32
78980
16
79090
67
85460
188
85630
32
85850
76
85960
69
86120
32
86290
77
86450
79
87990
68
88160
73
88270
70
88590
73
88980
67
89090
72
89200
69
89360
32
93430
67
93870
72
94030
69
94140
32
94580
72
94640
65
94800
32
94970
83
95190
85
95520
66
95630
73
95850
84
96060
79
96170
32
98260
78
98430
69
98480
76
98650
32
98920
67
99030
79
99420
82
99630
83
99800
79
99910
32
00130
68
00290
69
00840
71
01010
76
01230
73
01450
32
01720
65
01830
78
02000
78
02220
73
10780
32
10950
69
11060
32
11220
76
11390
65
11550
32
11990
78
12100
65
12600
83
12760
67
12870
73
13090
84
13260
65
13420
32
13700
68
13860
73
13970
32
14570
67
14630
79
14850
77
15070
80
15400
73
15560
76
15670
65
15890
84
16000
79
16110
82
16280
73
16390
32
16720
83
16940
67
17270
82
17490
73
17600
84
17760
84
17930
73
18040
32
20620
68
20730
65
20890
32
21060
71
21280
82
21390
85
21660
80
21820
80
22040
73
22150
32
24020
67
24190
72
24300
69
24410
32
25230
72
25340
65
25560
78
25670
78
25830
79
26000
32
27540
80
27650
65
27870
84
29570
8
29730
82
30120
84
30280
69
30720
83
31110
8
31220
67
31380
73
31600
80
31710
65
31990
84
32210
79
41710
32
41870
65
41980
76
42150
76
42310
65
42420
32
42700
83
42970
85
43080
65
43190
32
43410
83
43690
84
43800
69
44010
83
44180
85
44340
82
44560
65
44670
32
45060
79
45220
82
45830
73
45990
71
46160
73
46320
78
46380
65
46540
76
46650
69
56920
32
57250
67
57360
79
57530
78
57690
67
57800
79
58080
82
58240
82
58410
79
58570
78
58730
79
64890
32
65000
65
65160
32
65660
68
65770
73
65930
77
66200
79
66370
83
66590
84
66860
82
66970
65
67190
82
67360
69
67520
32
67960
76
68070
65
68290
32
68840
78
68950
69
69170
67
69340
69
69500
83
69720
83
69830
73
70050
84
70430
222
71310
32
78620
68
78730
73
78890
32
79060
85
79220
78
79390
65
79440
32
79610
68
79830
69
80490
70
80600
73
80760
78
80870
73
81030
90
81140
73
81310
79
81420
78
81580
69
81690
32
81860
68
82020
69
82130
76
82240
32
82520
76
82740
73
82900
78
83120
71
83230
85
83400
71
83780
71
83950
73
84110
79
84440
32
84880
8
85040
8
85210
8
85320
8
85480
8
85700
65
86200
71
86360
71
86470
73
86640
79
86750
32
87080
80
87740
73
88280
191
88670
32
91140
80
91420
82
91580
69
91910
67
92510
73
92950
68
93280
8
93450
83
93610
65
