93720
32
94110
69
94220
32
94600
65
95320
8
95480
8
95750
65
95920
32
96140
8
96300
8
96470
83
96580
32
96800
65
97180
8
97350
8
97460
8
98170
68
98340
32
98390
65
98670
84
98830
84
98890
85
99050
65
99210
76
99270
69
99430
32
99650
68
99760
73
99930
32
00310
81
00480
85
00530
69
00700
76
00860
76
00970
65
01140
32
01300
70
01410
79
01580
82
01740
78
01910
73
02070
84
02290
65
02350
32
02570
68
02950
8
03220
78
03390
69
03500
76
03610
76
03770
65
03880
32
04270
80
04540
82
04710
73
04870
77
04980
65
05090
32
05310
69
05530
68
05700
73
05920
90
06080
73
06250
79
06360
78
06520
69
06630
32
06740
68
06900
73
07010
32
07450
81
07620
85
07730
69
08390
83
08660
84
08770
79
08880
32
09160
76
09320
73
09760
66
10200
82
10580
79
11240
190
14870
16
15200
32
15470
16
15640
78
16300
69
16410
76
16520
32
17120
49
17450
57
18000
56
18330
51
18990
32
19430
8
19870
188
20030
32
20910
76
21900
219
22230
73
22450
83
22720
84
22890
73
23050
84
23160
85
23380
84
23490
79
23660
32
23930
78
24040
65
24480
90
24590
73
25080
79
25300
78
25520
65
25630
76
25740
69
25910
32
26350
16
26510
65
26840
8
27010
65
27610
77
27720
69
27830
82
28000
73
28160
67
28330
65
28490
78
28650
79
28870
32
29040
80
29260
69
29370
82
29480
32
30470
71
30580
76
30690
73
30850
32
32230
16
32770
83
32940
84
33100
65
33490
78
34090
68
34530
65
35300
82
35300
69
35800
8
36450
68
37110
32
37280
16
37550
16
37610
16
37610
16
37660
16
37720
16
37720
16
37770
16
37830
16
37830
16
37880
16
37940
16
37940
16
37990
16
38050
16
38050
16
38100
16
38160
16
38160
16
38210
16
38270
16
38270
16
38320
16
38380
16
38380
16
38430
16
38430
56
38930
16
39200
16
39200
16
39260
16
39310
16
39310
16
39370
65
39750
78
40080
83
40520
73
40850
57
41950
32
42940
72
43050
65
43160
32
43320
67
43430
79
43540
83
43870
84
44090
73
44250
84
44360
85
44530
73
44690
84
44800
79
44970
32
45190
85
45410
78
45570
32
45790
67
45850
79
46070
75
46290
73
46730
8
46890
8
47990
77
48150
73
48650
84
48760
65
48920
84
49090
79
49200
32
49360
80
49470
69
49640
82
49750
32
51890
16
52110
50
52660
85
52820
78
52990
65
53100
32
53260
68
53430
69
53590
70
53760
73
53920
78
54090
73
54250
90
54420
73
54580
79
54690
78
54850
69
55070
32
55350
68
55510
69
55570
76
55680
32
56060
76
56280
73
56390
78
56670
71
56780
85
56940
71
57110
65
57490
8
57770
71
58200
8
58480
65
58920
8
59080
8
59190
65
59910
71
60070
71
60180
73
60290
79
60460
32
60900
16
61060
67
61450
32
61830
78
61940
79
62100
78
62270
32
62430
65
62540
77
63090
66
63260
73
63590
71
63750
85
63860
65
63970
32
64250
69
64360
32
64520
78
64690
79
64910
78
65180
32
65350
68
65400
73
66060
186
66220
69
66720
8
66880
8
67600
80
67980
69
68090
78
68260
68
68420
69
68590
32
68970
8
69190
78
69520
84
69680
69
69790
32
70120
68
70230
65
70400
76
70560
76
70670
65
70840
32
70950
77
71060
65
71500
83
71770
8
71940
67
72100
67
72320
72
72650
73
72870
78
72980
65
73750
16
74020
16
74080
16
74080
16
74130
16
74190
16
74190
16
74240
16
74300
16
74300
16
74300
50
75010
190
75950
32
76110
16
76390
16
76390
16
76440
16
76440
73
76660
76
76770
32
76990
82
77100
73
77370
83
77540
85
77700
76
79570
84
79680
65
79960
84
80120
79
80230
32
80560
68
80780
73
80890
32
81220
81
81820
85
82480
69
82650
83
82810
84
82920
79
83310
8
83420
65
83580
32
84070
82
84180
73
84620
67
85010
69
85230
82
85560
67
85670
65
85890
32
86660
186
86820
32
87100
85
87260
78
87430
79
87590
32
87750
83
87920
84
88030
85
88410
68
88580
73
88690
79
88850
32
89020
80
89240
69
89350
82
89570
32
99560
8
99840
8
99890
8
99890
8
99950
8
00000
8
00000
8
00060
8
00110
8
00280
8
00440
8
00610
8
00720
8
00880
8
00990
8
01760
76
01930
79
02090
32
02260
83
02470
84
02580
65
02750
78
02910
68
03020
68
03190
65
03350
82
03680
68
03900
32
04180
8
04290
8
04450
8
04620
8
05000
65
05110
8
05330
8
05550
65
06040
82
06320
83
06370
68
06480
32
06870
8
06980
8
07140
8
07360
68
07470
32
08020
16
08130
65
08410
78
08680
83
09010
73
09290
32
09830
80
09940
69
10050
82
10220
32
10440
73
10490
79
10600
76
10770
32
11040
8
11150
8
11320
8
11760
76
12140
32
12310
16
12420
67
13510
190
49490
16
50750
8
51690
190
51910
13
52400
16
52620
76
52950
79
53120
32
53720
83
54050
84
54160
65
54320
78
54540
68
54650
65
54820
82
55310
68
55480
32
57460
70
57570
79
58280
82
58440
77
58550
65
59100
76
59100
192
59270
79
59650
8
59760
8
60530
73
60700
90
60810
90
61030
65
61190
32
63110
65
63220
76
63440
67
63660
85
64050
78
64160
69
64320
32
66130
73
66300
78
66460
84
66680
69
66790
82
66960
80
67180
82
67340
69
67560
84
67730
65
68060
90
68220
73
68390
79
68550
78
68710
69
69150
8
69700
73
69810
32
71850
83
72010
85
72450
71
72610
71
72780
69
72890
82
73000
73
73110
84
73270
69
73380
32
75750
8
76350
188
76460
32
76730
77
76900
65
76950
32
77120
78
77280
79
77340
78
77780
32
77890
68
78050
69
78330
83
79480
67
79920
82
79970
73
80140
84
80360
84
80740
69
81460
188
81570
32
88870
78
88980
69
89150
76
89260
76
89530
65
89700
32
90410
80
90580
82
90900
73
91070
77
91180
65
91340
32
92060
69
93270
68
93380
73
93600
90
93710
73
93760
79
93870
78
94090
69
94260
32
95960
81
96180
85
96340
65
96400
76
96560
73
97060
8
98050
73
98540
188
98700
32
03810
80
03980
69
04030
82
04140
32
04310
69
04470
83
04690
69
04860
77
05020
80
05240
73
05520
79
06010
188
06120
32
09360
76
09630
219
09740
65
10070
83
10460
83
10790
69
11060
70
11720
8
11890
71
12050
78
12160
65
12550
77
12660
69
12770
78
12930
84
13040
79
13370
32
17050
70
17270
82
17380
65
17600
32
17710
83
17930
84
18150
82
18260
85
18420
84
18590
84
18700
85
18810
82
18970
69
19140
32
22870
69
23040
68
23200
32
23370
73
23530
32
23920
84
24020
85
24460
8
24850
73
25010
80
25230
73
25400
32
25730
69
25950
78
26660
85
26830
77
26990
69
27270
82
27490
65
27700
84
27870
73
28420
86
28580
73
31380
190
32040
32
32260
16
32480
69
32870
83
33030
83
33200
79
33360
32
38530
70
38640
79
39350
82
39510
78
39680
73
40010
83
40390
67
40610
69
40670
32
40890
85
41110
78
41330
65
41550
32
41990
78
42420
85
42640
79
43300
86
43580
69
43740
32
44130
8
44290
8
44400
65
44570
32
44950
70
45170
79
45560
82
45720
77
45830
65
46000
32
46270
68
46380
73
46540
32
46930
68
47090
69
47640
71
47810
73
48190
8
48360
8
48630
72
49020
8
49180
8
49290
70
49840
73
50280
8
50440
8
50770
69
50990
70
51210
73
51430
78
51650
73
52040
90
52090
73
52200
79
52310
78
52590
69
52810
32
53080
68
53300
69
53360
76
53520
76
53680
65
53960
32
54180
83
54450
8
54780
70
55060
85
55390
78
55990
90
56160
73
56270
79
56380
78
56650
69
67360
188
67800
32
68020
67
68130
72
68290
69
68400
32
68620
67
68730
79
68900
78
69120
83
69340
69
69830
78
69940
84
70270
69
70440
32
70600
73
70770
76
70930
32
71150
67
71210
79
71320
78
71700
84
71970
82
72080
79
72300
76
72470
76
72690
79
72800
32
73020
73
73180
78
73400
67
73570
79
73840
82
74120
8
74230
8
74560
82
75050
79
75270
67
75380
73
75760
65
75980
84
76090
79
76260
32
76480
68
76750
76
77190
8
77360
69
77520
76
77690
76
77800
65
78020
32
92900
68
93070
69
93180
69
93780
45
93950
70
94930
8
95100
8
95430
70
95920
73
96090
78
96250
73
96640
90
96750
73
96860
79
96970
78
97130
69
97300
32
97520
68
97730
69
98010
8
98170
8
98280
83
98500
84
99000
65
99270
8
99490
69
00210
83
00370
83
00650
65
00760
32
01030
69
01200
32
01580
68
01740
69
01850
76
02020
76
02180
69
02290
32
02680
67
02790
72
03230
73
03450
65
03610
78
04000
8
04160
8
04880
65
05200
77
05310
65
05750
84
05970
65
07130
8
07730
69
08500
190
