98970
16
99410
16
99520
16
99630
16
99690
16
99800
16
99850
16
99910
83
00130
67
00290
82
00400
73
00670
86
00780
69
00890
78
01060
68
01220
79
01280
32
01500
73
01720
78
01830
32
02320
81
02430
85
02540
69
02760
83
02820
84
02930
65
03040
32
03370
80
03860
65
04300
71
04410
73
04570
78
04740
65
04850
32
05890
77
06000
73
06110
32
06550
67
06720
72
06770
73
06880
69
07100
68
07160
79
07270
32
07430
65
07490
32
07760
67
07870
79
08030
83
08200
65
08310
32
08640
83
08860
69
08970
82
09190
86
09300
65
09460
32
10070
81
10180
85
10340
69
10510
83
10620
84
10890
79
11000
32
11220
69
11440
83
11490
80
11660
69
11820
82
11930
73
12100
77
12210
69
12650
78
12810
84
13200
79
13860
188
13910
32
16160
67
16270
72
16330
73
16440
69
16660
68
16820
79
16880
32
17260
81
17430
85
17540
73
17760
78
17810
68
18690
73
18800
32
18960
83
19180
69
19290
32
20120
186
20170
32
20390
80
20560
79
20670
83
20830
83
20940
73
21270
66
21330
73
21490
76
21600
69
21660
32
21880
80
22100
79
22260
73
22320
32
24510
86
24570
69
24680
68
24790
69
24900
82
24950
69
25060
32
25340
73
25390
32
25610
82
25720
73
25940
83
26050
85
26270
76
26600
84
26710
65
26930
84
27260
73
27310
32
27480
68
27530
73
27640
32
28030
81
28140
85
28250
69
28470
83
28520
84
30830
8
31430
8
32530
83
32700
84
33470
69
33630
32
33740
83
34400
67
34620
82
34730
73
34890
84
35000
84
35110
85
35330
82
35440
69
37360
32
37470
69
37580
32
38190
82
38300
69
38570
66
38960
8
39780
78
39890
69
40550
8
40720
68
40880
69
41320
82
41650
8
41810
69
42530
8
42640
82
43240
76
43350
69
43410
32
43570
80
43740
79
43900
73
44010
32
45050
80
45270
85
45660
66
45770
66
45880
76
46040
73
46260
67
46370
69
47750
8
48240
72
48400
69
49120
37
49280
37
49450
37
49610
39
49830
35
50770
188
50820
32
50990
83
51150
69
56420
8
56590
8
58840
69
58950
32
59230
82
59340
69
59720
78
59940
68
60050
69
60160
82
60270
69
60380
32
60820
80
61040
85
61310
66
61480
66
61530
76
61700
73
61920
67
62190
72
62300
69
62410
32
62520
65
62690
78
62910
75
63020
69
63120
32
63340
76
63450
69
63560
32
65100
77
65210
79
65430
68
65650
65
65710
76
66040
73
66260
84
66700
222
66800
32
67630
69
67850
68
67960
32
69720
69
69940
83
70210
67
70380
85
70590
90
70760
73
70810
79
71360
78
71470
69
71750
32
71910
68
72080
69
72190
73
72300
32
72960
68
73070
65
73180
84
73510
73
73560
32
73730
69
73840
32
73950
69
74270
68
74600
69
75430
8
75590
8
75760
8
76690
68
76910
69
77020
76
77130
76
77240
219
77350
69
77570
83
77680
80
77790
69
78010
82
78060
73
78280
77
78450
69
78500
78
78720
84
79110
79
79770
190
80260
13
89013
16
89123
66
89293
85
89373
79
89543
78
89644
71
89734
73
89804
79
89924
82
90014
78
90084
79
91016
188
91106
32
92578
83
92758
67
92968
82
93018
73
93239
86
93309
79
93379
32
96954
73
97004
78
97094
32
97235
82
97305
73
97765
83
97825
80
97885
79
98166
83
98366
84
98627
65
99057
32
99197
65
99277
76
99398
76
99488
65
99568
32
99698
77
99738
65
99918
73
00149
76
00249
32
00399
65
00599
82
00720
82
00920
73
01060
86
01280
65
01501
84
01701
65
01841
77
01921
73
02041
32
02562
67
02622
79
02692
78
02762
32
03764
85
03834
78
03914
32
04064
77
04134
69
04365
84
04405
79
04635
68
04635
79
04725
32
04946
68
05096
69
05286
70
05346
73
05587
78
05737
73
06187
66
06278
73
06488
76
06548
69
06658
32
07009
83
07129
80
07209
65
07429
77
07569
77
07659
65
07920
84
07960
79
08140
82
08220
73
08531
79
08791
188
08881
32
09021
77
09112
65
09172
32
09362
67
09412
79
09482
77
09773
85
09853
78
09983
81
10033
85
10133
69
10223
32
13528
65
13738
67
13868
67
13999
69
14199
84
14329
84
14519
65
14730
66
14810
73
15080
76
15130
69
15511
32
15681
73
15751
78
15811
32
15931
81
16001
85
16322
65
16362
78
16582
84
16632
79
16692
32
16943
69
17103
69
17634
8
17774
8
17884
82
17974
69
18325
83
18535
84
18725
65
18916
32
19126
78
19186
69
19306
76
19436
76
19607
219
19667
65
19907
77
20127
66
20258
73
20468
84
20538
79
20608
32
20818
85
21019
78
21089
73
21259
86
21409
69
21559
82
21770
83
21840
73
22000
84
22200
65
22471
82
22731
73
22791
79
22982
188
23102
32
23182
83
23322
69
23402
66
23552
66
23632
69
23723
78
24003
69
24103
32
24243
78
24353
79
24424
78
24484
32
24664
77
24774
73
24824
32
25195
82
25265
73
25635
67
25725
79
25976
82
26607
68
26667
73
27117
188
27198
32
27618
69
27728
32
27909
83
27939
79
28159
84
28299
84
28379
79
28700
82
29140
8
29371
76
29471
73
29771
78
29821
69
30012
82
30122
32
30783
8
30923
8
31093
79
31193
32
31334
16
31414
50
31674
82
31734
73
32105
79
32415
8
32485
67
32555
79
32695
82
32896
68
33016
73
33236
16
33336
50
33427
32
33657
68
33747
73
33817
32
33987
65
34188
86
34348
69
34488
82
34588
32
34839
70
34929
73
35079
82
35239
77
35319
65
35580
84
36191
79
36291
32
37522
73
37623
76
37673
32
37803
67
37893
79
37933
78
38073
67
38344
8
38414
83
38564
69
38634
78
38774
83
38844
79
38904
32
39105
65
39205
32
39405
82
39465
73
39625
67
39796
69
39936
86
40066
69
40236
82
40377
69
40457
32
40607
77
40687
65
40787
73
41638
76
41749
32
42730
8
42910
8
43020
8
43151
8
43271
8
54887
76
54968
69
55178
84
55278
84
55448
69
55608
82
55729
69
55799
32
55919
78
56039
79
56109
78
56149
32
56570
68
56720
69
56970
83
57040
73
57321
68
57461
69
57631
82
57792
65
58002
84
58182
69
59033
190
60806
13
74526
16
75016
16
75056
16
75086
16
75116
16
75157
16
75187
16
75217
16
75257
16
75287
16
75317
16
75357
16
75387
16
75417
16
75457
16
75487
16
75517
16
75557
16
75587
16
75617
16
76418
16
76919
16
76949
16
76979
16
77019
16
77049
16
77079
16
77119
16
77149
16
77179
16
77220
16
77250
16
77290
16
77320
16
77350
16
77390
16
77420
16
77450
16
77490
16
77520
16
77550
16
77590
16
77620
16
77650
16
80394
16
80524
80
80654
65
80835
83
80955
83
81095
65
81195
78
81335
68
81406
79
81496
32
81796
65
86333
76
86623
76
86713
219
87224
79
87765
71
88145
71
88346
69
88576
84
88706
84
88796
79
88866
32
89057
68
89227
69
89297
76
89447
76
89547
65
89637
32
89738
77
89848
65
89918
73
90068
76
90248
188
90298
32
91380
67
91580
82
91710
69
91891
68
91951
79
92051
32
92201
67
92291
72
92351
69
92421
32
94224
76
94274
65
94354
32
94554
82
94605
73
94765
67
94935
69
95316
83
95576
8
95666
82
95926
67
96087
65
96217
32
00032
73
00132
78
00253
68
00333
73
00443
82
00543
73
00743
90
00904
90
01064
65
01244
84
01424
65
01504
32
01605
65
01675
76
01865
76
01975
65
02085
32
02356
86
02826
8
02936
66
03047
73
03127
79
03427
77
03497
69
03798
68
03838
73
04048
67
04218
65
04959
8
05100
8
05240
8
05440
8
05710
77
05791
69
06091
8
06231
8
06361
84
06542
82
06612
73
06742
67
06872
65
07173
17
07193
37
07383
37
07713
39
07874
39
08054
46
08204
46
08324
32
08845
82
08885
73
09055
67
09105
79
09256
78
09326
79
09416
83
09576
67
09626
73
09776
77
09836
69
09937
78
10057
84
10117
79
11048
35
11278
8
11619
80
12070
8
12400
79
24427
32
25108
83
25188
73
26140
65
26220
32
26390
81
26460
85
26570
65
26661
76
26831
67
26891
79
26991
83
27161
65
27241
32
27382
68
27442
73
27522
32
27712
65
27832
83
28033
84
28173
82
28333
65
28593
84
28734
84
28834
79
29214
188
29304
32
29795
69
29975
73
30296
8
30486
77
30686
80
30756
73
30947
82
31037
73
31437
67
31508
79
31598
32
32179
69
32279
32
32549
73
32739
78
32819
85
32940
84
33070
73
33290
76
33390
69
34001
190
35503
13
36034
16
36705
8
37015
32
37476
16
50375
16
50665
67
50825
79
50925
82
51106
68
51166
73
51266
65
51366
76
51426
73
51516
32
51697
83
51827
65
51937
76
52047
85
52297
84
52398
73
53960
190
