85465
16
86136
16
86266
67
86406
79
86577
76
86767
68
88329
16
88459
70
88670
85
88830
83
88900
73
88970
79
89140
78
89251
32
89581
186
89871
32
89962
85
90152
78
90212
32
90392
65
90472
77
90623
66
90713
73
90833
69
90903
78
90993
84
91093
69
91173
32
91314
68
91414
73
91504
32
91634
83
91834
67
92025
82
92125
73
92235
80
92365
84
92465
73
92645
78
92826
71
93036
32
93316
71
93567
8
94989
83
95089
69
95139
82
95339
86
95490
69
95560
82
96060
189
96201
83
96341
73
96972
68
97212
69
97342
32
97442
80
97552
69
97613
82
97733
32
97813
76
97943
65
98003
32
98163
76
98374
79
98744
71
98824
73
98995
67
99075
65
99155
32
99295
65
99385
80
99575
80
99776
76
99856
73
99996
67
00096
65
00266
84
00407
73
00497
86
00797
65
01098
32
01278
69
01358
32
01458
73
01598
78
01668
32
01789
81
01869
85
01989
69
02149
83
02219
84
02299
65
02399
32
02550
78
02750
85
02800
79
03020
86
03080
65
03201
32
03341
86
03521
69
03581
82
03751
83
03832
73
03902
79
04052
78
04092
69
04182
32
04302
86
04422
69
04553
78
04603
71
04743
79
04893
78
04953
79
07737
8
07897
8
08058
8
08218
8
08388
8
08558
8
08719
8
08979
80
09059
82
09159
69
09289
83
09349
69
09510
78
09620
84
09690
65
09810
32
10040
68
10151
73
10251
86
10431
69
10501
82
10671
83
10731
69
11332
32
11472
73
11633
78
11783
78
11903
79
12013
86
12093
65
12304
90
12394
73
12454
79
12614
78
12684
73
12915
190
13035
32
13115
16
13235
73
13385
78
13535
78
13656
65
13736
78
13926
90
14006
73
14176
84
14256
85
14377
84
14527
84
14597
79
14737
32
14827
73
14887
76
14998
32
15108
80
15218
82
15318
79
15528
68
15608
79
15729
84
15889
84
15979
79
16129
32
16209
186
16319
32
16490
83
16530
84
16630
65
16750
84
16850
79
16910
32
17051
67
17121
79
17271
77
17341
80
17501
76
17591
69
17762
84
17842
65
17952
77
18032
69
18112
78
18202
84
18252
69
18342
32
18613
82
18883
69
19013
73
19174
78
19284
71
19544
69
19824
78
20145
8
20285
71
20365
78
20475
69
20556
82
20676
73
20796
90
20986
90
21146
65
21227
84
21317
79
21397
32
21507
73
21657
78
21737
32
21907
77
21948
79
22048
68
22158
79
22278
32
22388
68
22458
65
22568
32
22909
65
23400
8
23480
83
23560
85
23720
80
23880
80
23960
79
24061
82
24241
84
24341
65
24461
82
24531
69
25443
32
25553
76
25613
69
25683
32
25813
84
25923
69
26104
67
26194
78
26244
79
26434
76
26584
79
26674
71
26774
73
26925
69
27015
32
27145
69
27245
32
27385
71
27445
76
27506
73
27596
32
27726
83
27796
84
27906
65
28006
78
28106
68
28217
65
28327
82
28537
68
28627
32
28888
16
28948
73
29098
78
29198
84
29278
69
29388
82
29488
78
29589
69
29659
84
29789
32
29939
16
30310
80
30380
73
30610
187
30610
191
30720
32
30860
82
30930
69
31161
67
31321
69
31391
78
31481
84
31571
73
31792
190
32002
32
32202
16
32483
8
32733
8
32763
8
32793
8
32833
8
32863
8
32893
8
32923
8
32953
8
32993
8
33023
8
33054
8
33935
191
34065
32
34165
82
34255
69
34456
68
34606
69
34676
78
34796
84
34816
73
38341
8
38521
8
38672
8
38812
8
38992
8
39333
67
39543
69
39663
78
39753
84
39833
73
40294
190
40995
32
41686
16
41746
73
41896
78
41946
32
42097
80
42187
65
42267
82
42447
84
42527
73
42697
67
42747
79
42908
76
42978
65
43048
82
43128
69
43318
32
43458
186
43589
32
43709
83
43809
84
43869
65
43999
84
44039
79
44129
32
44290
82
44420
73
44540
83
44730
67
44881
82
45001
73
45081
84
45221
84
45361
79
45451
32
45582
73
45712
78
45812
67
45902
76
46022
85
46162
68
46323
69
46413
78
46523
84
46643
79
46893
8
47004
8
47114
68
47194
79
47304
32
47374
85
47524
78
48235
32
48376
65
48456
80
48646
80
49567
76
49637
73
49968
67
50048
65
50238
90
50328
73
50388
79
50549
78
50729
32
51170
83
51240
69
51310
82
51500
86
51640
69
51720
82
52091
8
52341
8
52371
8
52401
8
52431
8
52461
8
52501
8
52532
8
52562
8
52702
8
52902
8
53032
84
53132
73
53192
79
53363
78
53493
32
53603
83
53673
69
53763
82
53954
86
54114
69
54174
82
56988
32
57419
16
57619
74
57919
65
58080
86
58150
65
58881
190
60483
32
60623
16
60683
73
60853
78
60904
32
61104
70
61164
65
61284
83
61354
69
61464
32
61595
68
61685
73
61765
32
61875
73
62035
78
62195
83
62326
84
62366
65
62496
76
62646
76
62726
65
62967
90
63017
73
63087
79
63257
78
63347
69
63417
32
63557
86
63678
69
63778
78
63878
71
63978
79
64128
78
64188
79
64308
32
64549
82
64689
73
64799
76
65130
8
65250
8
65460
73
65540
76
65650
71
65971
8
66071
69
66251
86
66331
65
66462
84
66562
73
67613
32
67743
73
67844
32
67974
83
68064
69
68174
82
68334
86
68525
69
68585
82
68755
32
68955
87
69075
69
69276
66
69386
32
69596
69
69796
86
69896
69
70027
78
70147
84
70247
85
70337
65
70417
76
70587
77
70708
69
70788
78
70878
84
70958
69
71028
32
71168
80
71228
82
71319
69
71489
83
71549
69
71669
78
71759
84
71849
73
71939
32
72020
78
72140
69
72190
76
72320
32
72450
83
72510
73
72650
83
72771
84
72841
69
72961
77
73051
65
73151
32
73321
73
73482
78
73572
32
73652
85
73812
83
73882
79
74042
32
74173
83
74543
8
74623
69
74713
32
75094
66
75224
73
75344
83
75444
79
75555
71
75635
78
75755
65
75825
32
75925
73
76075
78
76125
68
76216
73
76336
67
76406
65
76546
82
76626
69
76726
32
76947
85
76967
81
78218
65
78339
76
78609
8
78739
8
78869
8
79010
8
79180
68
79230
79
79570
8
79681
8
79811
67
79891
79
80031
78
80091
32
80181
81
80251
85
80362
65
80432
76
80532
73
80612
32
80772
68
80832
73
80932
32
81033
69
81263
83
81423
83
81603
73
83045
32
83236
83
83296
73
83406
32
83466
86
83556
85
83606
79
83817
76
83887
69
83977
32
84097
76
84177
65
84367
86
84467
79
84598
82
84708
65
84818
82
84878
69
85048
32
85188
79
85409
188
85519
32
85639
73
85769
78
85839
32
85980
65
86040
76
86150
84
86280
69
86360
82
86430
78
86540
65
86611
84
86721
73
86811
86
86891
65
87852
188
87942
32
88083
83
88173
69
88283
32
88353
73
88463
76
88543
32
88684
80
88804
82
88874
79
89024
68
89084
79
89224
84
89385
84
89455
79
90947
32
91107
68
91307
69
91407
86
91498
69
91608
32
91718
69
91908
83
92058
83
92148
69
92219
82
92309
69
92419
32
92579
73
92719
78
92839
83
92950
84
93010
65
93090
76
93230
76
93300
65
93380
84
93470
79
93571
32
93681
73
93801
78
93891
32
94041
77
94091
79
94181
68
94252
65
94342
76
94412
73
94582
84
94692
222
94822
32
94973
83
95073
84
95163
65
95233
78
95363
68
95433
65
95503
76
95714
79
95854
78
95954
69
96264
190
