66471
78
66743
79
66862
78
67062
32
68124
67
68323
65
68486
80
68681
73
68760
83
68960
67
69085
79
69159
32
69280
67
69361
79
69523
83
69640
65
69722
32
69923
86
70055
85
70328
79
70527
73
70612
32
70806
68
70892
73
71007
82
71086
69
71167
32
71642
67
71958
79
72196
78
72394
32
72513
69
72752
83
72872
80
73227
69
73345
82
73585
73
73873
77
74030
69
74159
78
74279
84
74478
79
74598
32
75071
73
75308
78
75467
32
75666
66
75786
65
76024
83
76223
69
76308
32
76776
65
76862
76
76978
32
77176
77
77414
79
77510
68
77669
79
77829
32
78034
68
78158
73
78233
32
78473
66
78593
65
78791
84
78959
84
79132
73
79330
84
79529
85
80159
82
80276
65
80442
32
80596
68
80643
69
80769
76
80890
32
81084
68
81439
8
81518
84
81599
69
81878
83
82311
84
82471
79
82630
32
83417
68
83496
69
83661
76
83816
76
84053
222
84308
85
84468
84
84546
69
84826
78
84944
84
85024
69
85475
190
85713
32
86580
77
86977
73
87175
32
87335
67
87431
72
87625
73
87785
69
87863
68
88030
79
88109
32
88329
67
88454
79
88609
83
88688
65
88730
83
88931
32
89090
86
89367
8
89565
8
89686
8
89803
32
89962
86
90202
85
90518
79
90716
73
90834
32
91820
68
92175
73
92452
77
92690
79
92814
83
93091
84
93131
82
93448
65
93646
82
93686
69
95512
188
95671
32
95908
73
96107
78
96266
32
96385
70
96511
73
96705
78
96865
32
97063
68
97142
69
97261
73
97381
32
97778
67
97856
79
98097
78
98256
84
98380
73
98541
32
04202
73
05186
8
06878
76
06957
69
07158
71
07395
65
07829
78
07953
68
08293
79
09002
32
09592
8
10300
84
10464
73
10538
32
10935
65
11722
76
11882
76
12512
8
12671
8
12909
71
13146
76
13345
73
13469
32
13622
83
14136
85
14256
84
14729
8
14888
8
14928
84
15167
85
15366
68
15486
73
15585
32
15818
67
16251
79
16489
77
16687
66
17003
73
17213
78
17333
65
17697
84
17821
73
17941
32
18055
68
18143
73
18256
32
18575
80
18969
83
19089
73
19216
67
19340
79
19534
76
19733
79
19932
71
20099
73
20259
65
20338
32
20539
69
20624
32
21132
71
21880
82
21997
65
22316
71
22514
73
22987
8
23186
8
23345
8
23543
8
23977
8
25551
68
25669
65
25948
84
26108
84
26231
73
26504
76
26703
79
26862
71
26941
82
27180
65
27339
70
27463
73
27932
65
28405
32
28721
70
28888
79
29009
82
29168
83
29445
69
29565
32
29724
83
29810
73
29926
32
31579
80
31856
85
32093
79
32253
222
32416
32
32610
67
32770
65
32848
80
33088
73
33167
82
33209
69
33336
32
34670
65
34833
76
34988
67
35152
85
35346
78
35425
69
35547
32
35824
67
35903
79
36182
83
36381
69
36473
32
37728
73
37966
78
38086
32
38244
66
38405
65
38603
83
38841
69
39786
8
39964
8
40124
8
40284
8
40482
8
40602
8
40762
8
40960
82
41609
8
42318
82
42477
73
42637
71
42796
85
42956
65
43074
82
43353
68
43551
79
43710
32
43789
65
43916
76
44071
76
44150
65
44237
32
44706
80
44865
83
44990
73
45152
67
45315
72
45431
69
45551
32
45709
68
45790
69
45950
76
46071
76
46230
65
46643
32
46881
80
47001
69
47204
82
47398
83
47597
79
47835
78
47914
65
48040
32
48195
67
48319
72
48395
69
48517
32
48635
83
48796
84
48956
65
49431
222
49551
32
49673
83
49874
67
50031
82
50112
73
50274
86
50431
69
50710
78
51025
68
51185
79
52444
32
52643
67
52767
79
52961
77
53051
69
53178
32
65726
8
66477
8
67028
188
67579
8
67895
190
68211
32
68940
77
69258
73
69356
32
69551
67
69601
72
69802
73
69894
69
70014
68
70140
79
70256
32
70376
67
70415
79
70656
77
70695
69
70857
32
71017
85
71254
78
71413
32
71612
67
71889
79
72126
77
72404
80
72680
85
72800
84
72879
69
72964
82
73520
8
74391
8
74629
65
74788
76
75221
71
75380
79
75588
82
76060
73
76219
84
76496
77
76851
8
77050
8
77209
8
77368
84
77528
77
78079
8
78277
8
78476
73
78635
84
78755
77
78993
79
79111
32
79312
67
79589
8
79826
80
80025
79
80079
83
80244
83
80521
65
80646
32
80957
67
81082
76
81198
65
81361
83
81556
83
85058
73
85373
70
85494
73
85614
67
85812
65
85937
82
86011
69
86057
32
86215
76
86350
69
86436
32
86630
80
86789
69
86907
82
87108
83
87187
79
87466
78
87625
69
87711
32
87944
73
88143
78
88263
32
88420
66
88542
65
88706
83
88900
69
89044
32
89238
68
89435
65
89675
8
89873
8
92392
8
93100
32
97389
65
97743
68
97981
32
98454
85
98652
78
98905
79
99064
32
99380
83
99657
84
99736
82
99855
69
00174
84
00333
84
00457
79
00532
32
01454
67
01692
65
01816
77
02061
80
02416
73
02614
79
02852
78
02972
69
03171
32
03328
69
03572
83
03690
65
03856
77
04089
73
04327
78
04604
65
04841
84
04927
79
05047
32
05398
71
06382
82
06463
65
06742
90
06862
73
06980
69
07141
32
07499
65
07623
32
07778
81
07977
85
08062
69
08302
83
08500
84
08601
79
08771
32
09048
70
09325
79
09445
82
09761
77
10272
190
10471
32
11022
78
11340
79
11578
78
11698
32
11777
67
11978
82
12018
69
12218
68
12304
73
12385
32
12460
67
12621
72
12702
69
12822
32
13373
80
13492
69
13572
82
13619
32
13774
69
13975
83
14134
83
14293
69
14379
82
14492
69
14613
32
15304
69
15541
71
15701
71
16025
8
16224
8
16303
70
16503
70
16663
73
16822
67
16981
73
17141
69
17265
78
17381
84
17460
69
17587
32
18704
73
19177
76
19297
32
19415
84
19542
85
19775
79
19895
32
20172
65
20296
76
20451
71
20728
79
20927
82
21557
73
21794
84
21880
77
22113
79
22231
32
22432
68
22556
79
22750
86
22957
82
23036
69
23315
66
23436
66
23595
66
23911
69
24227
8
24425
8
24511
69
24868
32
25301
65
25735
78
25894
65
26171
90
26408
8
26646
76
26844
73
26965
90
27163
90
27403
65
27680
82
27798
69
28194
32
28273
84
28435
85
28494
84
28655
84
28741
69
28907
32
29179
76
29258
69
29346
32
29540
80
29699
69
29817
82
30061
83
30260
79
30508
78
30627
69
30788
32
30906
68
30987
69
31067
76
31194
32
31427
77
31665
79
31863
78
32023
68
32143
79
32341
32
32501
68
32619
65
32859
84
32983
79
33019
32
33180
67
33266
72
33382
69
33508
32
33629
83
33714
73
33830
65
34185
77
34501
79
34739
32
34875
84
34997
85
35085
84
35246
84
35367
73
35491
32
35646
68
35771
73
36004
86
36163
69
36242
82
36441
83
36535
73
36827
191
37539
32
38364
66
38761
69
38998
222
39077
32
39356
76
39555
65
39679
32
39874
77
40111
73
40190
65
40586
8
40765
8
40925
8
41084
8
41243
8
41442
8
41680
73
41917
76
42041
32
42276
77
42474
73
42672
79
42796
32
42952
69
43031
82
43151
65
43271
32
43511
83
43650
79
43845
76
44044
79
44164
32
44361
85
44600
78
44720
32
44880
80
45017
69
45216
83
45295
73
45769
8
45929
8
46206
78
46561
83
46650
73
46805
69
46923
82
47004
79
47131
32
47247
67
47332
72
47449
69
47534
32
47689
77
47927
73
48012
32
48087
69
48248
222
48373
32
48487
86
48694
69
48857
78
49209
85
49339
84
49498
79
49623
32
49856
77
50172
8
50449
73
50648
78
50772
32
50925
77
51006
69
51129
78
51208
84
51289
69
51369
32
51570
80
51650
69
51730
82
51811
32
53860
67
53984
79
54179
77
54416
80
54733
73
54971
76
55050
65
55211
82
55251
69
55384
32
55578
81
55657
85
55784
69
55985
83
56144
84
56238
79
56358
32
56592
70
56731
79
56847
82
57477
77
57793
188
57992
32
59408
83
59685
69
59717
52
59752
32
60085
8
60284
8
60402
32
60602
80
60698
69
60778
82
61057
32
61215
67
61415
65
61540
83
61699
79
61774
32
67718
83
68072
8
68271
79
68548
84
69099
84
69493
73
69652
69
69812
78
70049
73
70174
32
70248
81
70327
85
70530
65
70651
76
70732
67
70856
79
70972
83
71051
65
71291
32
71490
68
71569
73
71656
32
71810
67
71897
79
72146
78
72775
67
73013
82
73092
69
73332
84
73417
79
73492
32
73723
77
73960
73
74046
32
74120
83
74322
69
74406
77
74601
66
74721
82
74800
65
74920
32
75356
70
75480
73
76027
8
76187
8
76226
71
76466
73
76704
85
76824
83
76984
84
77104
79
77228
32
77541
67
77664
72
77781
69
77901
32
78008
84
78170
85
78294
32
78407
68
78489
69
78767
86
78965
86
79329
8
79488
66
79521
8
79729
66
80201
8
80361
8
80439
66
80641
66
80957
65
81081
32
87884
73
88095
78
88254
70
88649
79
88808
82
88972
77
89127
65
89325
82
89571
67
89649
73
89769
32
90166
84
90290
85
90406
84
90566
84
90651
73
90771
32
91044
86
91203
73
91402
65
91757
32
92034
69
93923
109
94200
77
94279
65
94479
73
94717
76
95583
190
95742
32
96059
73
96338
78
96517
32
97776
70
98092
79
98330
78
98411
68
98546
79
98666
32
98826
65
98905
78
99066
67
99163
72
99196
74
99282
69
99559
8
99738
8
99856
69
99982
32
00138
78
00262
79
00692
73
01400
32
02580
8
03053
8
03251
8
03450
8
03648
8
03847
8
04085
8
04283
8
04560
8
05229
66
05428
66
05552
73
05785
65
05864
77
06076
79
06235
32
06393
67
06473
79
06675
78
06873
84
06952
82
08016
73
08253
66
08413
85
08624
73
08823
84
09021
79
09455
49
09930
32
11082
71
11243
79
11403
71
11797
8
12191
79
12320
70
12793
8
12910
68
13190
32
13428
76
13707
85
13786
67
14418
75
15008
49
15170
32
16154
75
16233
65
16360
82
16396
73
16596
77
17504
37
17665
37
17866
37
18067
37
18381
8
18776
76
19310
8
19626
79
20062
8
20456
75
21957
39
