56949
72
57110
79
57180
32
57801
67
57901
79
58031
77
58231
80
58422
73
58632
85
58742
84
58852
79
58902
32
59263
8
59714
8
59744
8
59774
8
59804
8
59834
8
59864
8
59894
8
59924
8
59954
8
59984
8
60014
8
60044
8
60074
8
60104
8
60134
8
62728
83
62928
67
63129
82
63239
73
63509
86
63720
69
63890
82
64040
69
64130
32
64601
83
64771
69
64871
78
65012
90
65152
65
65232
32
65432
83
65652
65
65783
80
65893
69
66083
82
66223
69
66303
32
66584
68
66674
73
66724
32
66874
67
66974
79
67105
83
67265
65
67355
32
68266
186
68387
32
68547
77
68697
79
68857
76
68987
84
69058
79
69108
32
69678
67
69779
79
69889
77
70059
80
70259
76
70460
73
70570
67
70760
65
71021
84
71141
79
71371
188
71441
32
72042
67
72142
79
72272
83
72683
221
72903
32
73835
67
74025
82
74185
69
74396
68
74486
79
74516
32
74796
67
74886
72
74986
69
75057
32
75317
80
75387
65
75617
82
75758
76
75848
69
76148
82
76939
192
77120
32
77490
68
77570
73
77610
32
77741
67
77841
79
78111
8
78362
73
79002
192
79173
32
79283
67
79393
72
79493
69
79573
32
80044
77
80194
73
80234
32
80354
83
80545
65
80645
76
80785
84
81025
65
81086
32
81266
73
81396
78
81456
32
81656
77
81767
69
81867
78
82037
84
82297
69
86363
32
86684
65
86824
76
86884
32
87085
77
87255
79
87425
77
87665
69
88507
78
88617
84
88917
79
89158
188
89208
32
89448
67
89548
72
89658
69
89739
32
89899
80
90530
85
90740
82
90930
84
91081
82
91211
79
91581
80
92012
80
92212
79
92272
32
92853
186
92973
32
93134
80
93304
82
93404
79
93584
80
93704
82
93795
73
93965
79
94015
32
94626
80
94786
79
94956
67
95026
79
95257
190
95377
32
95627
16
95717
83
95958
73
96008
32
96228
80
96649
85
97270
192
97390
32
98061
80
98131
65
98341
82
98452
76
98532
65
98732
82
98882
69
98982
32
99103
68
99193
73
99233
32
99453
77
99613
79
99774
78
99924
68
00014
73
00144
65
00374
76
00585
73
00615
32
01055
68
01126
73
01186
32
01306
67
01446
76
01536
65
01777
67
01867
73
02057
79
02267
188
02327
32
02688
8
02858
8
02998
8
03149
8
03299
8
03459
8
03599
8
03990
65
04140
76
04270
67
04380
73
04581
79
04801
188
04841
32
05021
77
05122
65
05172
32
05542
68
05652
79
05803
86
06003
82
06163
69
06303
73
06363
32
07064
79
07075
73
07485
8
08146
8
08407
73
08527
77
08727
80
08847
69
09088
71
09208
79
09418
76
09508
65
09738
82
09809
77
09959
73
10029
32
10389
73
10560
78
10600
32
10780
85
10960
78
11050
65
11111
32
11661
68
11762
73
11892
83
12102
67
12202
85
12352
83
12493
83
12603
73
12793
79
12993
78
13204
69
13384
32
13905
68
13985
73
14025
32
15046
8
15187
8
15357
8
16058
83
16118
85
16178
32
16388
65
16599
82
16839
66
16929
73
17100
84
17270
82
17350
73
17410
32
17730
69
17841
32
19233
16
19323
50
19653
73
19804
77
19984
80
20174
79
20294
82
20455
84
20665
65
20775
78
21085
90
21286
65
21386
32
21847
80
22017
79
22187
76
22357
73
22488
84
22568
73
22788
67
22988
65
23229
16
23319
50
23439
32
23770
67
23890
72
23970
69
24080
32
24270
83
24380
73
24541
67
24741
85
24901
82
25112
65
25202
77
26454
69
26614
78
26744
84
26934
69
27024
32
27655
83
27856
70
28086
79
28256
82
28457
69
28607
66
28997
8
29097
82
29358
69
29628
66
29789
66
29929
69
30029
32
30239
68
30299
73
30349
32
30540
77
30700
79
30880
76
30950
84
31050
79
31100
32
41987
76
42157
79
42207
32
42387
83
42538
80
42588
65
42898
90
42988
73
43169
79
43209
32
43589
68
43689
73
43789
83
43920
80
44090
79
44280
78
44420
73
44731
66
44821
73
45232
76
45312
69
45762
190
45873
32
46704
65
46794
76
46934
76
47104
79
47185
82
47395
65
47495
32
48036
8
48356
32
48847
67
49158
8
49298
8
49568
188
49638
32
49829
67
49899
72
50019
69
50099
32
50459
68
50540
73
50660
82
50830
69
50910
16
51000
219
51301
32
53374
83
53474
73
53524
32
53734
80
53945
85
54435
192
54846
32
55337
80
55407
65
55637
82
55767
76
55818
65
56018
82
56168
69
56248
32
56388
88
56539
69
56699
76
56929
8
57079
8
57220
8
57350
68
57520
69
57600
76
57670
32
57981
67
58181
65
58271
76
58431
79
58512
82
58672
69
58752
32
58892
73
59032
78
59303
83
59563
79
59803
80
59924
80
60114
79
60224
82
60404
84
60625
65
60875
66
60985
73
61196
76
61266
69
61366
32
61526
67
61616
72
61736
69
61816
32
62217
70
62407
65
62508
32
62678
73
62808
78
62858
32
62998
81
63088
85
63179
69
63349
83
63569
84
63609
73
63699
32
64440
71
64551
73
64711
79
64841
82
64921
78
65081
73
65141
32
65482
65
65582
32
65812
84
65913
79
66003
82
66123
73
66243
78
66433
79
66694
188
66744
32
66944
69
67034
32
67265
68
67435
69
67535
76
67585
32
67685
70
67866
65
68116
84
68226
84
68316
79
68376
32
68737
67
68847
72
68927
69
69017
32
69228
78
69348
69
69608
76
69738
76
69839
65
69949
32
70169
76
70319
79
70429
82
70510
79
70570
32
71000
77
71080
65
71411
71
71551
78
71701
73
72062
70
72192
73
72342
67
72553
65
72673
32
74305
77
74395
69
74495
78
74646
84
74836
69
76028
32
79453
8
79904
8
79934
8
79964
8
79994
8
80024
8
80054
8
80084
8
80114
8
80144
8
80174
8
80204
8
80234
8
80264
8
80294
8
80324
8
80354
8
80384
8
80414
8
80444
8
80474
8
80504
8
80535
8
80565
8
80595
8
80625
8
80655
8
85392
76
85492
69
85572
32
85762
77
85873
65
86223
71
86343
78
86513
73
86594
70
86704
73
86814
67
86934
72
87034
69
87114
32
87385
77
87425
69
87545
78
87665
84
87775
73
87825
32
88076
69
88176
32
88587
80
88687
82
88797
79
88987
71
89157
82
89368
69
89688
83
89828
83
89939
73
90479
86
90690
69
90780
32
90900
68
91040
69
91180
76
91311
76
92012
219
92292
85
92452
78
92623
73
92733
86
92903
69
93073
82
93284
83
93414
73
93554
84
93905
222
94055
32
94906
68
94976
73
95016
32
95207
84
95327
79
95487
82
95627
73
95777
78
96018
79
96228
32
96478
78
96709
79
96859
78
96929
32
97139
83
97250
73
97350
65
97450
78
97640
79
97710
32
98301
82
98381
73
98562
85
98652
83
98872
67
98962
73
99112
84
99303
69
99373
32
99483
65
99553
32
99763
80
99843
82
00014
69
00384
86
00565
69
00755
68
00895
69
01095
82
01246
69
01336
32
01446
67
01556
72
01636
69
01856
188
01887
32
02117
68
02678
219
02968
83
03249
8
03309
69
03479
83
03669
84
03859
65
04090
84
04290
69
04400
188
04470
32
04821
73
04971
78
05031
32
05181
85
05322
78
05352
32
05542
68
05612
73
05832
80
05963
65
06183
82
06363
84
06463
73
06704
77
06774
69
06874
78
06964
84
07335
79
07405
32
09848
68
10039
79
10219
86
10429
69
10529
32
10710
67
10840
73
10930
32
11020
83
11130
79
11291
78
11481
79
11541
32
11771
80
11942
73
13013
191
13183
32
13764
67
13874
79
14015
77
14185
80
14425
85
14566
84
14766
69
14966
82
15437
32
15577
67
15697
72
15817
69
15897
32
16248
80
16288
69
16488
82
16669
83
16739
79
16899
78
16979
69
17240
188
17290
32
18021
68
18391
219
18551
69
18752
83
18982
84
19353
8
19523
8
19643
8
19924
8
20084
8
20635
70
20805
65
20885
32
21055
85
21215
78
21266
32
21396
67
21586
65
21676
76
21796
68
21876
79
21957
32
22187
68
22277
73
22567
83
22698
85
22908
77
23058
65
23148
78
23349
79
23549
32
23799
69
23899
32
24180
67
24550
72
24631
69
24731
32
24981
83
25131
65
25362
82
25522
69
25622
66
25752
66
25842
69
25923
32
26493
68
27134
219
27715
73
28076
8
28326
85
28536
79
28727
80
28907
79
28957
32
29157
65
29478
84
29648
84
30610
73
30720
86
30890
65
31110
82
31250
69
31361
32
31561
76
31811
219
31881
65
32162
82
32422
73
32452
65
32572
32
32733
67
32853
79
32993
78
33123
68
33213
73
33454
90
33564
73
33734
79
33904
78
33975
65
34225
84
34455
65
34565
188
34626
32
34956
77
35036
65
35126
32
35337
81
35417
85
35607
73
36068
188
36108
32
36328
80
36669
85
36959
82
37159
84
37320
82
37470
79
37680
80
37830
80
38051
79
38121
32
38842
8
39132
188
39152
32
39353
80
39783
65
40004
82
40134
76
40304
79
40354
32
40605
68
40655
73
40715
32
41085
66
41175
85
41376
79
41546
78
41616
32
41816
83
42027
69
42167
78
42357
83
42698
79
42948
188
43018
32
43208
69
43289
32
43769
81
43909
85
44110
69
44290
83
44510
84
44631
79
45762
188
45842
32
46794
8
46884
8
47755
8
47905
8
48056
8
48346
8
48496
8
48877
8
49648
8
49928
68
50039
32
50319
69
50630
8
50830
186
51000
32
51411
86
51611
69
51781
82
52002
65
52112
77
52192
69
52312
78
52402
84
52582
69
52683
32
53874
80
53954
82
54115
69
54325
84
54485
69
54575
78
54686
68
54836
69
55016
82
55176
69
55216
32
55397
84
55577
82
55697
79
55957
80
56078
80
56258
79
57039
190
