03363
16
03603
86
03884
79
04084
76
04174
69
04474
86
04635
79
04725
32
05035
83
05276
65
05626
76
05866
85
06077
84
06357
65
06557
82
06637
69
06718
32
07038
84
07268
85
07509
84
07669
84
07749
73
07839
32
08310
71
08410
76
08560
73
08720
32
08921
65
09011
77
09161
73
09281
67
09401
73
09522
32
09722
68
09922
69
10092
76
10253
76
10493
65
10703
32
11575
70
11695
65
11895
67
12025
79
12185
76
12456
84
13017
222
13247
32
13547
69
13668
32
14339
73
14499
78
14819
86
14939
73
15180
84
15450
65
15691
82
15851
69
15971
32
16171
84
16291
85
16371
84
16532
84
16692
73
16812
32
17052
65
17133
32
17293
86
17533
69
17733
68
17934
69
18094
82
18284
69
18374
32
18565
73
18725
76
18855
32
19005
80
19246
82
19366
79
19566
83
19766
83
19857
73
20127
77
20407
79
20558
32
20878
70
21038
73
21198
76
21399
32
21599
77
22110
8
22510
68
22630
73
22751
32
23181
8
23342
8
23542
8
23742
8
24253
77
24804
32
25164
68
25294
73
25374
32
25645
16
25805
83
26085
84
26206
65
26286
82
26446
84
26746
32
26987
16
27137
84
27297
82
27497
69
27628
75
28068
190
28579
32
28849
16
29050
83
29330
84
29400
65
29530
82
29651
32
29961
16
30121
84
30322
82
30482
69
30602
75
30762
32
31353
186
31593
32
31844
85
32044
78
32164
65
32244
32
32405
68
32575
69
32695
76
32855
76
32935
69
33025
32
33216
77
33396
73
33516
69
33636
32
33877
80
34037
65
34197
83
34357
83
34437
73
34598
79
34828
78
34838
77
35008
73
35169
32
35799
8
36310
188
36551
32
37181
8
37362
8
37562
8
37742
8
38253
73
38533
188
38694
32
42559
16
42719
83
42960
84
43240
65
43470
82
43671
32
43871
16
43991
84
44191
82
44432
69
44903
75
44993
32
45263
82
45463
65
45664
80
45824
80
46034
82
46505
69
46745
83
46905
69
47186
78
47426
84
47586
65
47626
32
47947
78
48107
65
48267
32
48818
77
49058
73
49229
65
49389
32
49739
70
49940
73
50100
76
50300
79
50420
83
50581
79
50981
70
51101
73
51252
65
51342
32
51502
68
51582
73
51702
32
52013
86
52173
73
52373
84
52654
65
53685
188
53925
32
54637
86
54797
69
55007
68
55097
73
55488
32
55808
76
56008
69
56089
32
56679
78
56880
85
57080
77
57200
69
57400
82
57531
79
57691
83
57811
73
58162
8
58322
69
58442
32
58642
73
58843
78
59163
86
59323
69
59574
78
59764
90
59894
73
60044
79
60245
78
60445
73
60845
32
61086
67
61797
72
62067
69
62227
32
64120
65
64561
79
65232
8
65432
8
66433
79
66714
71
66874
71
66954
73
67074
32
67315
65
67625
66
67745
66
67986
73
68146
65
68186
77
68426
79
68547
32
68827
71
69107
73
69848
222
70379
188
70539
32
70970
73
71130
76
71310
32
71591
67
71821
69
72022
76
72142
76
72382
85
72622
76
72783
65
72983
82
73223
69
73454
32
73694
16
73974
56
74255
67
74455
79
74645
77
74886
85
75086
78
75286
73
75366
67
75607
65
75727
84
76047
79
76167
82
76368
69
76448
32
76608
68
76688
73
76808
32
77159
16
77279
83
77559
84
77880
65
78120
82
78591
32
78791
16
78911
84
79112
82
79312
69
79472
75
79632
32
79903
16
80063
83
80504
8
80744
83
80934
69
81135
82
81846
73
81926
69
82016
32
82206
67
82366
76
82567
65
83027
8
83228
8
83979
76
84129
65
84329
83
84489
83
84660
73
84780
67
85090
65
85251
16
85521
57
86332
188
86522
32
87043
73
87203
32
87554
70
87794
79
87994
76
89216
8
89417
8
89777
76
90168
79
90408
80
90568
80
90919
89
91590
188
91750
32
91910
76
92070
65
92170
32
92371
80
92571
79
92751
83
92912
83
93032
73
93272
66
93502
73
93703
76
93903
73
94534
84
94985
222
95185
32
95385
68
95465
73
95595
32
96256
84
96457
82
96737
65
97017
83
97178
77
97378
69
97608
84
97769
84
98019
69
98219
82
98419
69
98660
32
99331
85
99611
78
00122
32
01304
81
01464
85
01584
65
01744
76
01955
67
02195
69
02435
32
02676
67
03617
8
03777
8
03977
8
04969
72
05169
67
05440
69
05600
32
05960
67
06271
8
06431
8
06631
8
06832
8
07483
69
07643
32
07803
67
08043
79
08204
83
08484
65
08604
32
08875
83
09125
8
09325
68
09515
65
09636
32
10116
85
10317
78
10447
32
10958
80
11238
85
11408
78
11648
84
11779
79
11969
32
12099
65
12289
32
12329
68
12730
8
12970
8
13211
68
13331
32
13721
85
13922
78
14052
32
14473
8
14673
219
14903
65
15043
76
15324
8
15524
8
15794
32
16075
8
16275
8
16666
32
16946
65
17817
76
17948
84
18148
82
18699
79
19650
32
19960
83
20161
69
20361
78
20521
90
20722
65
20842
32
21082
70
21282
82
21473
65
21873
71
22154
76
22394
73
22544
32
22704
80
22865
69
23025
82
23225
67
23365
79
23606
82
23796
82
23996
69
24156
82
24317
69
24477
32
24908
81
25068
85
25228
69
25388
76
25528
76
25719
65
25879
32
26159
68
26360
73
26480
83
26760
84
26880
65
27151
78
27351
90
27551
65
29564
190
30626
32
31537
16
31727
81
32008
85
32208
69
32529
83
32689
84
33079
79
33240
32
33520
69
33760
83
33961
80
34151
69
34311
82
34471
73
34672
77
34752
69
34872
78
35002
84
35172
79
35333
32
35723
186
35923
32
36204
83
36404
84
36484
65
36684
84
37005
79
37165
32
37365
67
37486
79
37676
77
37916
80
38117
73
38357
85
38517
84
38637
79
38757
32
38958
73
39158
76
39318
32
39599
49
39949
54
40109
32
40490
68
40610
73
40770
32
41632
71
41852
69
42162
78
42323
78
42403
65
42933
73
43094
79
43224
32
43414
68
43614
69
43775
76
43895
32
44245
49
44566
57
44706
57
45507
55
46058
32
48311
73
48501
78
48662
32
48902
65
49142
83
49543
8
49793
85
49994
83
50124
84
50284
82
50444
65
50685
76
50845
73
51005
65
51436
32
51676
69
51876
32
52627
8
52908
68
53148
32
54220
186
54380
32
54540
83
54771
84
54851
65
54981
84
55812
79
55972
32
56203
84
56443
82
56683
65
56874
83
57114
77
57234
69
57474
83
57635
83
57765
79
58165
32
58366
85
58686
8
58846
8
59077
65
59357
8
59517
8
59678
65
59808
32
60349
85
60509
78
60749
65
60909
32
61320
80
61841
65
62311
82
62552
84
62712
73
62992
67
63183
69
63303
76
63463
76
63623
65
63743
32
64024
81
64184
85
64304
65
64464
78
64705
84
64905
73
65065
67
65306
65
65426
32
65977
68
66217
65
66888
32
88489
85
88739
78
88900
32
89140
80
89450
85
89651
78
89971
84
90091
79
90211
32
90412
65
90652
68
90852
32
91083
85
91283
78
91644
219
91844
65
91964
76
92194
84
92365
82
92485
79
92625
32
92905
83
93106
69
93316
78
93516
90
93717
65
93837
32
94147
70
94588
65
94858
82
95259
71
95359
76
95549
73
95709
32
95870
80
95990
69
96190
82
96591
67
96751
79
96991
82
97111
82
97312
69
99996
82
00186
69
00426
32
00747
76
00907
65
00987
32
01307
83
01538
85
01818
68
01978
68
02149
69
02539
84
02659
84
02820
65
02980
32
03180
68
03420
73
03541
83
03781
84
03981
65
04212
78
04372
90
04532
65
04692
32
05383
8
05624
188
05824
32
05984
65
06144
78
06305
67
06545
72
06665
69
06825
32
06946
83
07156
69
07276
32
07476
83
07606
79
07757
76
07957
79
08077
32
08277
68
08398
73
08518
32
08808
85
09049
78
09169
32
09369
77
09489
69
09689
84
09880
82
09970
79
10160
32
10400
69
10601
32
10801
83
11001
79
11242
76
11442
79
11953
32
13335
85
13535
78
13775
65
13896
32
14096
80
14326
73
14466
67
14627
67
14717
79
14947
76
15107
65
15197
32
15428
80
15548
65
15788
82
15989
84
16189
73
16309
67
16509
69
16710
76
16870
76
17030
65
17381
32
19674
8
20024
188
20185
32
20856
86
21216
8
21496
67
21577
73
21737
32
22838
71
23039
65
23279
82
23439
65
23720
78
24150
84
24361
73
24521
83
24721
67
24951
69
25112
32
25352
67
25512
72
25592
69
25723
32
25953
85
26153
78
26313
32
26514
71
26714
73
26874
79
27034
82
27195
78
27405
79
27525
32
28316
73
28547
76
28687
32
28847
84
29087
69
29208
76
29448
69
29879
84
30039
82
30319
65
30519
83
30680
80
30920
79
31311
82
31511
84
31751
73
32262
8
32582
79
32903
32
33213
83
33454
65
33814
82
33974
65
34735
8
35086
222
35246
32
35567
82
35767
69
36007
65
36127
76
36358
73
36558
90
36718
90
36919
65
37670
66
37950
73
38150
76
38381
69
38621
32
39022
80
39612
73
39813
69
40243
78
40484
65
40604
77
41004
69
41876
78
42046
84
42246
69
43358
190
43588
13
44029
13
45801
84
45972
72
46132
65
46522
78
46723
75
47434
83
