65228
16
65368
67
67851
8
83624
16
83764
68
83934
69
84255
65
84595
82
85397
32
86758
80
87750
82
87890
79
88441
70
89132
188
89492
13
89733
32
89953
76
90093
65
90223
32
90574
77
90794
73
90944
65
91105
32
91796
77
92136
69
92296
78
92557
84
92697
69
92847
32
93088
73
93318
78
93478
32
93749
81
93949
85
94079
69
94259
83
94399
84
94660
79
94830
32
95000
77
95201
79
95371
77
95481
69
95671
78
95892
84
96162
79
96332
32
96563
69
97874
222
98125
32
98395
67
98595
79
98876
78
99517
70
99767
85
00238
83
00458
65
01309
188
01510
32
01690
77
01810
65
01920
32
02201
80
02361
69
02561
82
02681
32
02872
69
03082
83
03252
69
03462
77
03683
80
03873
73
04023
79
04174
32
04344
83
04484
73
04644
32
05445
68
05786
79
05976
77
06196
65
06397
78
06657
68
06907
65
07438
16
07568
186
08470
32
08850
78
09231
8
09491
77
09611
65
09762
32
09932
83
10132
69
10322
32
10553
65
10713
86
10993
69
11244
83
11354
83
11534
73
11704
32
12095
83
12305
67
12536
82
12736
73
12996
84
13136
84
13517
79
13727
32
14098
76
14248
65
14438
32
14889
69
25985
32
26606
71
26846
73
27427
65
28048
222
28278
32
28579
65
29129
67
29250
67
29390
69
29670
78
29931
84
29941
82
30812
8
31653
65
31994
84
32114
65
34277
188
34457
32
34677
67
34818
79
34998
77
35098
69
35228
32
35438
83
35619
65
35799
82
35899
69
36230
66
36370
66
36901
69
37121
32
37381
67
37632
65
37852
77
38182
66
38413
73
38543
65
38793
84
39114
79
39284
32
39494
73
39675
76
39825
32
40065
83
40245
85
40436
79
40646
32
41057
84
41187
69
41367
83
41527
84
44051
16
44221
191
44932
13
46735
16
46905
67
47215
79
47406
77
47576
69
47696
32
48107
86
48287
69
48487
68
48688
69
49148
188
49348
32
51081
81
51311
85
51411
69
51592
83
51712
84
52002
79
52193
32
52473
84
52573
69
52743
83
52924
84
53184
32
53424
77
53625
73
53805
32
54225
73
54636
78
54896
67
55317
85
55778
82
56028
73
56278
79
56689
83
56889
73
57150
86
57250
65
57400
32
57550
65
57690
32
57911
84
57981
65
58351
76
58532
32
59002
80
59253
85
59433
78
59633
82
60004
8
60204
84
60354
79
60695
32
61406
67
61556
72
61696
69
64590
188
64751
32
64921
83
65111
69
65291
66
65412
66
65522
69
65792
78
65882
69
66032
32
66483
83
66683
73
66794
65
67184
188
67374
32
67625
84
67715
69
67965
82
68075
82
68266
73
68566
66
68706
66
68836
69
69237
8
69467
73
69658
76
69848
32
72041
8
72191
8
72301
8
72642
8
73203
73
73443
76
73703
77
73894
69
74054
78
74294
84
74415
69
74595
32
76648
69
76908
83
77078
65
77649
85
77859
83
78010
84
78420
79
79902
188
80073
32
80413
83
80583
79
80824
78
80994
32
81194
81
81405
85
81585
73
81755
32
81975
83
82166
69
82867
68
83137
85
83878
84
84088
79
84259
32
87353
80
87533
69
87734
82
88745
32
88995
83
89216
67
89426
82
89616
73
89887
86
89967
69
90177
82
90377
69
90528
32
91068
84
91409
85
91639
84
91769
84
92040
79
92210
32
92320
81
92531
85
92631
69
92811
78
93973
8
94123
8
94864
65
95595
78
95885
84
96056
79
96216
32
96406
77
96576
73
96747
32
97287
85
97428
83
97648
67
97858
73
98199
82
98459
65
99270
222
99481
32
00462
68
00612
65
01053
76
01193
76
01303
65
02875
32
03366
84
03466
69
03997
83
04177
84
04267
65
05449
190
05710
13
06380
16
06561
77
06811
65
07702
8
08423
69
08564
32
08824
76
09014
79
09225
32
09535
72
09665
65
09795
32
10006
68
10176
69
10496
84
10637
84
10907
79
11077
32
11348
16
11478
76
11788
69
12089
73
12740
16
12990
186
13250
32
15904
80
16265
79
16525
83
16665
83
18077
79
18778
32
19019
83
19299
67
19499
82
19680
73
19960
86
20080
69
20280
82
20290
84
20451
69
20631
32
20861
81
21032
85
21132
65
21312
76
21622
83
21803
73
21893
65
22233
83
22434
73
22584
32
22694
83
22864
84
23125
85
23375
80
23575
73
23926
68
24046
65
24356
71
24507
71
24907
73
25458
78
25608
69
26229
16
26389
49
26740
32
28823
16
28973
67
29374
73
29654
79
30295
222
30525
32
30725
78
30956
79
31186
78
31366
32
35282
16
35783
16
35803
57
36424
80
36574
65
36874
85
37095
83
37305
65
38647
188
38837
32
39148
86
39328
69
39528
68
39708
69
39879
32
40009
67
40159
72
40259
69
40419
32
41711
77
41932
73
42102
32
42272
83
42432
79
42643
78
42853
79
43023
32
43594
70
43744
69
43924
82
44255
77
44385
65
44605
84
44916
79
45086
32
45276
80
45377
69
45567
82
45737
32
46238
85
46448
78
46628
32
46779
65
46999
84
47119
84
47440
73
47630
77
47840
79
49523
16
49663
186
50284
32
50514
77
50714
73
50884
32
51165
83
51265
65
51435
32
51746
68
51926
73
52106
82
52297
69
52477
32
52747
73
52927
76
53048
32
53238
77
53448
79
53749
84
53939
73
54219
86
54410
79
56563
16
56723
191
57234
32
57714
73
57925
79
58185
32
58405
76
58576
79
58766
32
59166
67
59347
79
59797
78
60018
79
60458
83
60679
67
61059
79
62201
16
62371
186
62651
32
63042
67
63172
69
63362
82
63653
67
63753
65
64103
86
64424
79
64604
32
64935
85
65115
78
65235
65
65355
32
65646
80
65946
65
66357
82
66567
79
66737
76
66877
65
67028
32
67278
80
67599
73
68139
85
68700
222
69041
32
70242
65
70503
68
70603
65
70983
84
71124
84
71284
65
73297
190
73457
190
73577
190
77693
16
77823
48
78554
13
79496
16
79626
83
80547
222
81238
73
81428
78
81679
84
81779
69
82109
78
82390
68
82570
69
82941
32
85284
83
85504
80
85624
69
85835
82
86035
79
86215
32
86325
67
86466
72
86576
69
86716
32
86906
67
87467
73
87647
79
88479
222
88669
32
89170
78
89390
79
89620
78
89800
32
90271
83
90451
77
90652
73
91303
78
91613
85
91994
73
92144
83
92374
67
92624
65
92895
32
94287
73
94838
76
95048
32
95619
84
95779
69
96039
83
96250
84
96841
32
99054
73
99344
78
99595
32
00776
81
01107
85
01277
69
01487
83
01657
84
01958
73
02138
79
02439
78
02639
69
03300
190
03540
13
04331
16
04482
68
04672
69
04962
76
05132
32
05463
67
05884
8
06164
82
06254
69
06434
83
06555
84
06915
79
07085
32
07225
67
07386
73
07566
32
07706
83
08047
84
08367
79
08547
32
08778
77
08948
69
09158
84
09288
84
09399
69
09929
78
10190
68
10370
79
10540
32
10841
84
11051
85
11281
84
11412
84
11512
65
11662
32
11832
76
11942
65
12092
32
12643
77
12844
73
12974
65
13124
32
13545
80
13725
65
13985
83
14115
83
14316
73
14496
79
14726
78
14846
69
16038
16
16178
49
16559
32
16959
13
17400
16
17560
80
17741
79
17981
83
18131
83
18271
79
18472
32
18712
67
18912
79
20354
78
20695
70
20825
69
21226
83
21326
83
21386
65
21636
82
22027
76
22207
69
22558
32
22798
85
22988
78
23919
222
24050
65
24330
76
24620
84
24791
82
24901
65
25021
32
25211
67
25392
79
25562
83
25742
65
26063
16
26293
186
26834
32
27234
83
27435
84
27765
79
27965
32
28206
83
28426
67
28867
82
29057
73
29347
86
29467
69
29708
78
30028
68
30219
79
30379
32
30629
77
30849
79
31030
76
31230
79
32211
8
32892
84
33033
79
33253
32
34054
77
34194
65
34334
32
34825
77
35056
79
35216
76
35506
84
35706
79
35887
32
36107
80
36307
73
36498
85
37319
222
37529
32
37890
86
38010
69
38701
76
38881
79
39171
67
39402
69
39642
77
39782
69
39902
78
40133
84
40223
69
41194
32
42967
68
43117
73
43297
32
43418
67
43588
79
43778
77
43908
69
44078
32
44389
70
44469
65
44719
67
44870
67
45010
73
45180
79
45380
32
45651
68
45811
73
45981
32
46212
83
46682
79
46862
76
47073
73
47353
84
47714
79
49827
16
50017
49
50217
49
50378
49
51439
13
52681
16
52791
69
53272
222
53462
32
53792
85
53993
78
54143
32
54333
77
54523
79
54714
77
54874
69
55014
78
55255
84
55505
79
55685
32
55765
67
55915
72
56046
69
56156
32
56566
69
57057
222
57267
32
58039
67
58279
79
58479
83
58900
73
59481
222
61103
222
61714
16
61864
186
62755
32
63056
77
63166
65
63717
32
68704
8
68844
8
68984
8
69104
8
69235
8
70356
188
70527
32
70727
77
70807
65
70997
32
76725
73
76946
78
77116
32
77396
85
77587
78
77747
32
77917
65
78047
76
78368
84
78528
82
78869
79
79029
32
79209
77
79409
79
79660
77
79900
69
80060
78
80351
84
80761
79
81302
16
81713
191
82764
13
83956
16
84086
80
84296
65
84577
85
84767
83
84977
65
85128
32
85378
67
85468
65
86109
70
86880
70
87040
69
87781
222
88132
188
88312
32
88713
80
88863
65
89153
85
89344
83
89614
65
90315
32
91106
84
91346
79
91667
73
91857
76
91997
69
92228
84
92358
84
92448
69
94751
188
94942
32
95412
80
95633
65
96013
85
96233
83
96434
65
96794
32
99318
83
99759
81
99989
89
00359
8
00610
85
00860
73
01070
76
01201
76
01291
65
02082
191
02543
8
03274
189
03854
73
04105
76
04555
191
04926
8
05467
189
06528
84
06709
69
07019
76
08691
188
08922
32
09262
80
09422
65
09783
85
09903
83
10113
65
10234
32
10484
80
10644
65
10955
85
11105
83
11305
65
11455
32
11696
80
11806
65
12206
85
12447
83
12637
65
14630
190
14880
13
16523
16
16733
73
16953
77
17063
77
17154
65
17444
71
17714
73
17905
78
18085
79
18255
32
18365
67
18495
72
18646
69
18726
32
19016
70
19207
82
19297
65
19487
32
19747
85
19948
78
20098
32
20378
80
20568
79
22181
222
22752
222
41689
38
42190
38
42220
38
42250
38
42280
38
42320
38
42350
38
42380
38
42410
38
42440
38
42480
38
42510
38
42560
38
42620
38
42670
38
42730
38
42780
38
42840
38
42861
38
42891
38
42921
38
42951
38
42981
38
43021
38
43051
38
43081
38
43111
38
43141
38
47287
40
47467
40
53496
40
58393
40
58753
40
65864
40
66074
40
66214
40
66374
40
70020
40
70240
40
70711
40
70951
40
71642
38
71862
38
72012
38
72173
38
72353
38
91731
40
91971
40
92151
40
93093
40
93293
40
98280
40
00654
40
04329
40
07263
40
