24080
16
24300
76
24690
73
25010
66
25180
82
25400
79
25730
32
26280
80
26440
79
26660
69
26830
84
27050
73
27270
67
27540
79
28370
32
28860
69
29850
188
30180
32
30510
80
30670
69
30780
82
30950
32
31440
81
31550
85
31720
69
31940
83
32050
84
32430
79
33750
188
33910
32
34190
77
34350
79
34680
82
34850
65
35010
76
35180
69
36550
188
36770
32
37480
76
37650
69
37810
32
38140
16
38360
80
38690
79
39350
69
39520
82
39680
69
39840
84
40010
84
40230
69
40560
32
40780
16
41000
77
41270
79
41550
82
41770
65
41930
76
42260
73
43960
8
44130
8
44290
8
44510
8
44680
8
44900
8
46330
16
47200
76
47420
79
48140
8
48630
69
48800
79
49130
80
49290
65
49460
82
49620
68
49900
73
50060
65
50170
78
50390
69
51430
32
51980
83
52200
79
52420
78
52640
79
54560
188
54780
32
55110
73
55280
78
55610
83
55720
73
55880
69
56100
77
56320
69
56710
188
57700
32
57970
84
58080
69
58410
65
58740
84
58900
82
59180
79
61490
32
61870
70
61980
73
62200
76
62420
79
62640
83
62800
79
63240
70
63350
73
63850
67
64010
79
65390
32
65710
69
65880
32
66100
78
66260
65
66760
82
66920
82
67090
65
67310
90
67470
73
67580
79
67800
78
67970
69
68130
32
68350
70
68520
65
68680
78
68960
84
69120
65
69340
83
69450
84
69780
73
70000
67
70160
65
72200
188
72580
32
74280
84
74500
82
74610
65
74780
84
74890
84
75110
65
75660
84
75820
79
76040
32
76260
83
76430
85
76640
76
76810
76
77080
219
77300
73
77630
78
77960
70
78130
69
78400
76
78570
73
79280
67
79450
73
79940
84
80650
222
80870
32
81090
68
81200
69
81370
73
81530
32
82030
86
82140
73
82470
86
82630
69
82740
78
83020
84
83290
73
87190
188
87470
32
89170
77
89330
65
89500
32
89660
65
89880
78
90100
67
90270
72
90430
69
90540
32
90710
82
90870
65
91200
80
91310
80
91530
82
91640
69
91860
83
92080
69
92240
78
92460
84
92630
65
92850
90
93010
73
93180
79
93340
78
93510
69
93620
32
93780
68
93890
73
94060
32
94550
81
94720
85
94830
69
95040
76
95210
76
95320
65
95480
32
95700
76
95870
69
96200
71
96360
71
96470
69
96640
82
96800
69
97190
90
97350
90
97520
65
00700
188
00920
32
01090
69
01250
32
01530
73
01800
82
01970
79
02190
78
02400
73
02570
65
04270
188
04440
32
04660
69
04880
32
05540
80
05650
69
05810
82
06140
83
06250
73
06470
78
06630
79
07620
32
08010
76
08170
69
08390
84
08670
73
09270
90
09380
73
09600
65
11470
188
11740
32
13720
67
13880
72
14050
69
14160
32
14320
76
14490
65
14600
32
14760
83
14930
84
15150
79
15810
82
15970
73
16190
65
16410
32
16630
68
16800
69
16960
76
17120
76
17290
65
17400
32
17730
67
17890
73
18220
86
18330
73
18550
76
18880
84
19650
222
22230
16
22400
189
23170
32
23440
84
23610
82
23770
65
25860
32
26300
86
26460
73
26630
79
26790
76
26960
69
27120
78
27510
90
27620
65
28000
32
28220
69
28380
32
28880
83
29430
8
29650
65
30200
83
30360
84
30530
82
30690
65
31020
90
31130
73
31300
79
31520
78
31740
69
34100
16
34260
189
34760
37
35250
37
35310
37
35360
37
35420
37
35470
37
35520
37
35580
37
35630
37
35690
37
35740
37
35800
37
35850
37
35910
37
35960
37
36020
37
36020
37
36070
37
36130
37
36180
37
36240
37
36290
37
36350
37
36400
37
36620
37
36840
37
37060
37
37610
8
38660
189
40470
39
42880
37
43210
32
43870
37
44370
39
44700
8
45360
37
45800
32
46070
39
46240
39
46400
39
46730
35
47440
37
48160
39
48430
8
49480
32
50630
189
51290
32
55240
72
55410
65
55570
32
58260
68
58430
73
59030
83
59140
80
59310
69
59530
82
59910
83
60080
79
60240
32
60410
79
60570
32
60790
78
60960
69
61120
71
61280
65
61390
84
61720
79
65680
190
66340
32
68640
16
69140
83
69580
85
69740
73
69910
32
70180
77
70400
79
70790
68
70950
73
71060
32
71280
68
71500
69
71670
76
71720
32
71940
67
72050
79
72270
77
72430
73
72650
67
72820
79
75730
32
76000
189
76390
32
79360
68
79520
65
79740
76
79900
76
80120
79
80340
32
80840
83
80950
84
81170
82
81280
65
81660
78
81940
73
82160
65
82490
77
82650
69
82820
78
83040
84
83310
79
83470
32
83910
65
84080
76
84240
76
84460
219
85120
65
86610
78
86830
84
87050
73
87480
70
87650
82
87810
65
88090
83
88310
73
90780
188
91000
32
91270
68
91490
65
92650
76
92870
32
93640
66
93800
85
94020
82
94300
76
94510
69
94730
83
94900
67
95170
79
95340
32
95500
65
95610
76
96050
32
96270
70
96440
73
96710
65
97210
66
97370
69
97590
83
97760
67
98140
79
00010
32
00340
16
00450
189
01220
8
01820
189
02040
32
05390
84
05660
82
05830
65
06050
83
06320
67
06600
79
06820
82
06980
82
07150
69
07750
32
08080
76
08410
219
08740
79
09130
78
09560
68
09730
65
10500
32
10990
68
11160
73
11320
32
11490
85
11650
78
11820
32
13350
80
13520
69
13850
78
14450
83
14950
73
15220
69
15440
82
15770
79
17250
32
17690
84
17860
82
18020
65
18460
71
18630
73
18900
67
19070
79
20440
190
21430
32
22360
16
22580
67
22910
79
23130
77
23300
69
23790
32
24280
78
24390
69
24560
76
24780
32
25110
82
25490
73
25660
83
26700
79
27140
32
27310
67
27630
219
28130
186
28400
32
28570
73
28790
76
30660
32
31480
82
31640
73
32250
86
32360
69
32520
82
33020
66
33180
69
33350
82
33510
79
33730
32
34280
68
34500
73
34670
32
34780
85
34990
78
35160
65
35210
32
35430
83
35600
65
35870
71
36040
71
36200
69
36480
90
36640
90
36810
65
37030
32
46470
70
46640
65
46800
84
46910
84
47080
65
47300
32
47520
69
47740
83
48070
80
48230
69
48450
82
48780
84
49000
65
49880
32
50590
68
50760
65
51310
71
51470
76
51640
73
51800
32
51970
73
52130
78
52680
71
52790
65
52960
78
53120
78
53290
73
53450
32
53610
68
53780
69
53890
76
54050
32
54270
77
54380
79
54600
78
54990
68
55150
79
58010
188
58670
32
60100
68
60260
69
60590
76
60810
32
61030
86
61140
65
61300
78
61470
73
61690
82
61850
69
62020
32
62180
68
62350
69
62510
76
62620
76
62840
69
63010
32
63170
67
63280
79
63610
83
63830
69
65040
190
65860
13
68550
16
68770
76
69320
65
69490
32
69760
67
69980
82
70200
73
70480
84
70750
73
70920
67
71140
65
72670
32
73060
68
73220
69
73390
76
73550
76
73720
65
73830
32
74050
82
74210
69
74540
83
74710
84
74870
65
75150
85
75370
82
75530
65
75800
90
75970
73
76080
79
76300
78
76460
69
76900
188
77180
32
81240
68
81410
73
81520
32
81680
79
82070
71
82230
78
82400
73
82510
32
82890
70
83110
73
83110
79
84040
8
84210
8
84700
79
84810
82
85090
78
85470
8
85800
77
85910
65
86080
32
86240
68
86410
73
86570
32
86730
82
86900
69
87060
83
87230
84
87390
65
87720
85
88000
82
88110
65
88380
90
88550
73
88710
79
88930
78
89150
69
89320
32
89480
69
89590
32
90030
67
90140
79
90410
78
90690
70
90850
79
91070
82
91350
77
91510
73
91900
83
92500
77
92670
79
97280
188
97720
32
98760
76
99040
219
99260
73
99480
78
99860
68
00030
65
00360
71
00580
73
00740
78
00960
69
01070
32
01290
83
01510
85
01730
76
01890
76
02060
65
02170
32
02390
78
02550
65
02720
84
02940
85
03160
82
03320
65
04260
188
33860
32
34030
83
34250
85
34470
76
34570
76
34740
65
34850
32
35010
83
35230
85
35340
65
35510
32
35950
80
36170
82
36330
79
36610
83
36770
83
36880
73
37050
77
37210
73
37760
84
38530
222
38750
32
38910
69
39080
32
39410
73
39630
78
39900
68
40070
73
40450
70
40620
70
40730
69
40890
82
41060
69
41440
78
41660
90
41830
65
45070
188
45940
32
46330
76
46490
79
46710
32
47210
83
47430
71
47650
85
47980
65
48140
82
48360
68
48750
79
48910
32
49240
83
49400
85
49620
76
49790
76
50010
65
50120
32
50280
77
50450
65
50610
84
50780
69
50940
82
51220
73
51380
65
55120
188
57640
32
57970
83
58140
85
58360
76
58580
32
58800
83
58910
85
59180
79
59400
32
59730
67
59900
73
60060
82
60500
67
60660
85
60830
73
61270
84
61600
79
61760
32
61930
80
62090
69
62260
82
62750
80
62920
69
63250
84
63470
85
63740
79
65170
190
68460
13
69290
8
