23310
82
23771
77
23951
65
24152
73
25463
188
25674
32
25964
80
26094
69
26275
82
26515
67
26795
73
27116
79
27857
222
30431
32
33385
76
33515
69
33715
32
34226
67
34436
72
34657
73
34827
69
35628
68
35818
79
35999
32
36109
83
36349
67
36710
85
37200
83
37391
65
37591
32
37881
83
38062
69
38542
32
39824
83
39974
73
40155
32
40315
65
40595
83
40755
80
40916
69
41136
84
41266
84
41346
65
41657
86
41797
65
41947
32
42328
85
42508
78
42658
65
42919
32
43519
80
43740
82
43920
79
44170
83
44501
69
45092
67
45332
85
45913
90
46093
73
46243
79
46444
78
46554
69
48677
190
48867
190
48987
190
50660
13
51781
16
51901
73
52102
79
53303
8
53964
79
54185
32
55827
78
56037
69
56188
76
56368
32
56999
71
57259
73
57419
79
57600
82
57790
78
58010
79
58201
32
60023
8
60354
190
60514
190
60634
190
61255
32
61565
85
61766
78
61936
32
62316
71
62567
73
62847
79
63108
82
63288
78
63498
79
63658
32
63859
77
64029
69
64189
77
64460
79
64780
82
64890
65
65441
66
65731
73
65942
76
66112
69
67754
188
67935
32
68285
65
68455
70
68565
70
68706
65
69206
77
69377
65
69687
84
70058
79
70989
188
71159
32
74484
83
75525
8
83737
76
83938
73
84228
66
84408
69
84618
82
84779
79
84939
32
85229
68
85400
73
85550
32
85870
86
86051
79
86221
76
86331
65
86541
82
86651
69
86792
32
87002
80
87102
69
87292
82
87443
32
87843
81
88033
85
88164
65
88294
76
88474
67
88644
72
88764
69
88935
32
89315
79
89596
82
89736
65
89926
32
90557
69
90747
32
91188
80
91348
79
91518
73
91779
32
93081
8
93762
188
93972
32
96936
65
97317
82
97447
82
97807
73
98038
86
98188
69
98378
82
98518
65
98939
78
99069
78
99290
79
99460
32
99610
76
99730
69
99860
32
00772
16
00892
71
01102
82
01323
65
01883
78
02224
68
02554
73
03205
32
03586
83
03786
67
03996
69
04147
76
04427
84
04567
69
06169
190
08773
32
09144
16
09244
83
09544
80
09735
69
09915
82
10025
79
10185
32
10305
67
10466
72
10626
69
10726
32
10936
81
11147
85
11247
65
12018
83
12198
84
12949
8
13089
8
13190
8
13951
69
14191
83
14521
84
14812
79
14962
32
15192
84
15283
69
15453
83
15563
84
15753
32
16004
77
16194
73
16344
32
16755
83
17075
85
17326
71
17456
71
17556
69
17746
82
17916
73
20170
83
20310
67
20400
65
20931
32
23625
68
23825
69
24005
73
24175
32
24716
66
25137
85
25497
79
25908
78
26128
73
26308
32
26769
67
26999
79
27250
78
27640
83
27831
73
28782
71
29303
76
29513
73
30915
16
31236
186
31526
32
31826
73
32017
78
32477
70
32688
79
32908
78
33288
68
33459
79
34540
188
34711
32
36964
69
37414
222
37605
32
37915
85
38095
78
38226
65
38336
32
38546
67
38836
82
39107
65
39568
8
39848
69
40849
65
41120
82
41470
8
41801
84
42021
85
42341
82
42522
73
42742
78
43012
65
43794
32
44254
67
44435
79
44705
83
45075
73
45596
222
45806
32
46157
80
46347
73
46548
67
46708
67
46898
79
47078
76
47178
65
49742
188
49922
32
50113
67
50263
72
50423
69
50583
32
53578
66
53818
73
54018
83
54249
79
55150
71
55370
78
55540
65
55691
32
58214
67
58555
79
58765
77
58985
80
59116
65
59286
84
59436
84
59526
65
59656
82
59777
69
59917
32
60137
73
60307
32
60578
67
60668
65
60828
82
60928
65
61329
84
61459
84
61549
69
61809
82
62080
73
62270
32
64784
65
64914
70
65054
70
65405
73
65625
78
66216
67
66416
72
66566
69
67207
222
67377
32
67598
73
67768
79
67908
32
68079
80
68239
79
68359
83
68539
83
68739
65
68910
32
69080
69
69751
83
69961
80
70161
69
70522
8
70642
82
70842
69
71523
8
71764
73
72004
77
72224
69
72615
82
72755
69
73166
32
74888
84
75109
85
75349
84
75489
84
75900
79
76080
32
76260
67
76491
73
76881
79
77432
222
77662
32
77813
67
77943
72
78083
69
78193
32
78453
86
78624
79
78984
82
79114
82
79184
69
79575
73
39531
190
39772
32
39982
16
40072
77
40332
65
40493
32
41254
79
41684
82
42205
77
42385
65
42546
73
42756
32
44308
69
45029
222
45330
32
46752
84
47112
69
47352
82
47683
77
47893
73
48094
78
48224
65
48494
84
49516
79
49776
32
49996
76
50157
79
50337
32
51018
83
51228
80
51358
65
51979
90
52179
73
52360
79
52680
32
52900
69
53111
32
55494
73
55664
76
55825
32
56145
71
56365
73
56536
79
56846
67
57046
79
57858
8
58018
8
58138
8
58268
8
58398
8
61713
16
61843
222
63626
71
63886
73
64697
79
65048
67
65328
79
66190
16
66330
222
67602
32
69094
84
69224
69
69675
78
69895
68
70095
69
70255
32
70416
65
70586
76
70846
32
71237
84
71357
69
71607
82
71828
77
72018
73
72278
78
72419
69
74041
190
74902
32
76264
16
76444
71
76645
82
76805
65
77195
90
77356
73
77506
69
77646
32
78097
68
78267
73
78427
32
78637
65
78848
86
79038
69
79338
82
79579
77
79799
73
79999
32
88111
70
88261
65
88402
84
88532
84
88852
79
89012
32
89443
71
89683
73
89864
79
90935
73
91075
82
91396
32
92698
85
92948
78
93128
32
93439
80
93709
79
94380
222
94651
32
98806
190
99017
32
99998
16
00329
65
00879
78
01210
89
01891
87
02151
65
02602
89
03734
188
03894
32
04515
69
04735
32
04895
83
05075
69
05226
32
05406
65
05566
86
05837
69
06067
83
06197
83
06377
73
06548
32
06798
83
06988
67
07229
82
07419
73
07659
84
07779
84
08090
79
08490
32
08741
73
08951
76
09121
32
09462
73
09652
78
10033
71
10213
76
10393
82
10864
8
12436
69
12686
83
12897
69
13267
188
13438
32
13758
76
13878
69
14028
32
14169
83
14359
65
14579
82
14669
69
15010
66
15140
66
15270
69
15430
32
15681
73
15861
78
16121
84
16242
69
16522
82
16722
69
17043
83
17193
83
17293
65
17794
84
18204
79
18395
32
18865
65
18996
76
19126
76
19286
65
19877
8
20117
79
20297
32
20598
83
20738
84
20848
69
21068
83
21209
83
21329
79
21489
32
21659
77
22020
79
22270
68
22460
79
23051
16
23552
16
23592
16
23622
16
23652
16
23672
191
25174
32
25475
16
25655
81
26016
85
26206
69
26406
83
26486
84
26817
79
26987
32
27227
84
27327
69
27508
83
27698
84
27908
32
29521
69
29781
222
29971
32
30362
85
30592
78
30772
32
31043
86
31193
69
31594
82
31844
79
33967
32
63149
79
63449
71
63590
71
63690
69
63900
84
64010
84
64381
79
64621
32
66995
73
67175
78
67515
84
67686
82
68236
73
68637
71
68867
65
69057
78
69298
84
69448
69
71040
188
71221
32
73444
79
73834
82
73975
65
74135
32
74345
80
74485
69
74756
82
75146
79
75587
222
75767
32
76098
77
76328
73
76518
32
76759
83
76909
79
77169
78
77349
32
78121
86
78291
69
78751
78
79082
85
79362
84
79523
69
79663
32
79893
73
80103
78
80264
32
80444
77
80534
69
80694
78
80925
84
81025
69
81175
32
81315
65
81415
76
81676
84
81896
82
82016
69
82236
32
83018
67
83198
79
83428
83
83638
69
84520
188
84690
32
84860
67
84990
72
85101
69
85241
32
85461
73
85631
79
85762
32
86052
69
86342
222
86523
32
86963
77
87133
69
87394
71
87644
76
87834
73
88015
79
88195
32
88505
67
88676
72
88826
69
88946
32
89327
78
89587
79
89807
78
89988
32
01444
69
01644
83
01865
80
02155
82
02385
73
02556
77
02686
65
03066
32
03838
8
04198
188
04388
32
04629
83
04819
69
05059
78
05179
78
05430
79
06091
222
06992
32
07913
67
08434
65
08745
68
08935
79
09105
32
10607
78
10878
69
11138
76
11328
32
37185
86
37626
73
38307
90
38537
73
38728
79
39899
190
40090
190
40230
190
41842
32
46339
16
46489
69
47230
80
47360
80
47651
85
47921
82
48011
69
48201
32
48882
71
49183
73
49353
85
49613
82
49764
69
50334
82
50455
69
50835
73
51015
32
51176
67
51326
72
51436
69
51576
32
53239
83
53399
84
53499
65
53809
86
54100
79
54260
76
54550
84
54681
65
54811
32
55101
77
55312
73
55472
32
55982
72
56133
65
56263
32
56513
67
56734
79
56954
78
57254
67
57475
69
57715
83
57865
83
57995
79
58156
32
58626
68
58807
73
58977
32
59097
83
60819
67
61090
82
61300
73
61561
86
61661
69
61871
82
62051
69
62211
32
62963
68
63163
73
63313
32
63573
80
63834
73
64024
85
65126
16
65286
186
65777
32
67139
8
67279
8
68020
222
68651
16
68771
186
69001
32
70093
69
70553
222
70754
32
71114
70
71325
79
71725
82
71996
83
72186
69
72396
32
72496
67
72687
72
72767
69
72937
32
74289
77
74489
73
74669
32
75511
72
75661
65
75781
32
76091
80
76332
82
76522
69
76742
77
76983
73
77133
65
77393
84
77744
79
77914
32
78154
80
78275
69
78485
82
78715
32
79336
73
79526
76
79677
32
79857
77
80047
73
80217
79
80368
32
80588
80
80868
82
81219
73
81409
77
81629
79
81790
32
82050
84
82140
69
82340
83
82511
84
83442
16
83612
191
84433
32
88720
16
88910
79
89110
75
90552
188
90742
32
93086
79
93406
82
93526
65
93817
32
94668
84
94778
69
95029
82
95269
77
95489
73
95840
78
96120
79
97202
188
97372
32
97622
80
97773
69
97983
82
98484
79
98934
222
99165
32
00306
67
00567
72
00717
69
03701
32
04332
84
04492
82
05273
73
05684
83
05994
84
06145
69
06745
90
06886
90
06996
65
08548
188
08728
32
09650
84
09850
82
10391
73
10851
83
11052
84
11152
69
12804
32
14306
80
14517
73
14947
71
15238
73
15618
65
15899
82
16009
69
16309
32
18352
81
18522
85
18803
69
19143
76
19374
32
19985
77
20165
65
20505
71
20886
73
21096
67
21276
79
21477
32
22398
16
22528
222
23910
73
24191
78
24511
86
24811
73
24972
65
25192
32
25663
81
25913
85
26254
69
26764
82
27075
89
27886
16
28056
222
30480
13
32302
16
32432
65
32793
76
32933
76
33093
79
33364
82
33464
65
34015
32
34996
86
35437
8
35737
66
35998
85
36188
79
36919
78
37149
69
37349
32
38141
86
38431
65
39192
67
39422
65
39813
78
40334
90
40684
69
41716
188
41916
32
42367
66
42567
69
42767
76
42928
32
43228
84
43318
69
43528
83
43719
84
44219
32
44580
66
44850
73
45041
79
45281
77
45461
69
45701
84
45862
82
46222
73
46453
67
46693
79
47354
16
47494
186
47754
32
48065
80
48255
69
48455
82
48666
67
48826
72
48996
69
49437
222
49637
32
49787
65
49968
78
50118
67
50308
72
50468
69
50649
32
50969
84
51189
85
51400
32
51560
65
51830
66
52211
8
52451
32
53933
8
55115
78
55576
68
55786
82
55996
65
56437
73
56607
32
56817
73
57018
78
57188
32
57418
86
57539
65
58360
67
58550
65
58961
78
59231
90
59451
65
59712
32
60102
86
60232
69
60853
82
61044
79
62075
16
62185
191
62486
32
63898
16
64018
79
64268
32
66922
73
67172
78
67443
68
67633
69
67974
70
68164
69
68685
8
68845
8
68985
8
69095
8
69225
8
69546
8
69726
8
70427
32
72270
78
72610
79
73471
16
73632
191
74263
32
79861
83
80081
69
80211
69
80802
32
81914
89
82364
79
82575
85
88513
32
88733
83
88904
79
89184
78
89314
78
90506
8
90646
8
90746
8
91057
8
