12596
16
12707
84
12857
72
13027
69
13207
32
13758
16
13828
85
13968
78
14088
73
14269
79
14469
78
14609
32
14800
16
15260
74
15370
65
15691
67
15971
75
16061
32
16342
73
16482
83
16592
83
16612
32
17594
8
17764
8
18194
32
18475
84
18555
72
18655
69
18795
32
18945
78
19056
65
19306
84
19496
73
19556
79
19737
78
20167
65
20378
76
20448
32
20848
70
21008
76
21109
65
21299
71
21729
32
22370
79
22471
70
22581
32
22751
84
22921
72
23071
69
23242
32
23512
85
23712
78
23863
73
24143
84
24463
69
25034
68
25235
32
25805
75
25956
73
26146
78
26396
71
26917
68
27137
79
27338
77
28900
32
29090
16
29541
16
29691
56
30262
16
30362
85
30622
75
30783
32
31023
70
31163
79
31233
82
31453
32
31904
83
32054
72
32315
79
32555
82
32745
84
33056
16
33176
57
33386
32
33937
79
34037
70
34227
32
39695
16
39785
71
39916
82
40096
69
40306
65
40436
84
40547
32
40707
16
40817
66
41097
82
41278
73
41518
84
41588
65
41828
73
42079
78
42269
32
42710
65
42850
78
42990
68
43120
32
43441
16
43571
78
43781
79
44102
82
44262
84
44462
72
44592
69
44803
82
45043
78
45163
32
45383
16
45504
73
45744
82
45874
69
46225
76
46625
65
46796
78
47036
68
47466
190
47647
32
48818
13
71141
16
71291
84
71551
72
71721
69
71862
32
72192
84
72382
72
72653
82
72823
69
72973
69
73153
32
73334
67
73534
82
73784
79
74055
83
74185
83
74365
69
74916
83
75066
32
75527
65
75627
82
75897
69
76058
32
76198
84
76348
72
76548
79
76859
83
77029
69
77159
32
77390
79
77540
70
77700
32
77970
84
78381
72
78471
69
78601
32
78952
80
79042
65
79513
84
79623
82
79873
79
80133
78
80424
32
81235
83
81425
65
81576
73
81746
78
81976
84
82236
83
82627
190
82847
32
92932
38
93593
16
93683
73
93883
84
93953
32
94274
73
94454
83
94574
32
94825
84
94945
72
95035
69
95185
32
95516
16
95606
85
95756
78
95936
73
96287
79
96557
78
96717
32
97228
79
97428
70
97559
32
98079
84
98219
72
98400
82
98760
69
98890
69
99061
32
99201
70
99361
76
99521
65
99782
71
00042
83
00302
32
00793
65
00933
78
01094
68
01204
32
01484
84
01935
72
02075
82
02255
69
02385
69
02536
32
02746
67
02936
82
03187
79
03417
83
03547
83
03747
69
04148
83
07943
190
08124
32
08284
16
08364
84
08514
72
08685
69
08825
32
09175
84
09305
82
10127
8
10447
72
10627
82
10778
69
10948
69
11118
32
11739
70
12029
76
12129
65
12300
71
12300
70
12420
83
12730
32
12971
65
13161
82
13241
69
13401
32
15224
84
15354
72
15464
69
15624
32
16366
69
16536
78
16806
71
17006
76
17177
73
17547
83
17968
72
18429
188
18509
32
18819
84
18949
72
19140
69
19300
32
19770
83
19971
67
20632
79
20942
84
21052
84
21363
73
21533
83
22074
72
22254
32
22655
65
22765
78
22885
68
22985
32
23646
84
23786
72
23896
69
24017
32
24467
73
24567
82
24738
73
24938
83
25369
72
25779
32
26210
70
26510
76
26951
65
27171
71
29735
190
30736
32
30866
16
31017
84
31217
72
31327
69
31487
32
31758
16
31998
85
32308
78
32619
73
32669
79
32869
78
33270
32
33510
16
34001
16
34031
16
34061
16
34091
16
34131
16
34131
74
34341
65
35263
67
35433
75
35513
32
40120
72
40210
65
40380
83
40540
32
41021
65
41151
76
41301
83
41542
79
41632
32
41782
65
41892
32
42073
82
42253
69
42583
76
42844
73
43144
71
43344
73
44186
79
44376
85
44696
83
44867
32
45027
77
45207
69
45487
65
45638
78
45778
73
45948
78
46208
71
46709
16
46829
190
47600
46
48061
46
48602
32
48792
84
49613
40
50274
13
50785
16
51015
66
51286
82
51466
73
51716
84
52047
73
52307
83
52858
72
52978
32
54070
65
54150
82
54270
69
54420
32
54811
86
54971
69
55161
82
55762
89
55912
32
56343
80
56453
82
56674
79
57164
85
57495
68
57665
32
57895
79
58106
70
58266
32
58516
84
58757
72
59047
69
59317
73
59448
82
59638
32
60589
16
60709
78
60819
65
60990
84
61310
73
61360
79
61541
78
61841
65
62111
76
62161
32
62362
16
62472
70
62892
76
63013
65
63293
70
63824
8
63874
71
64315
190
65176
13
70994
16
71485
16
71515
16
71525
81
71615
85
71925
69
72116
83
72346
84
72536
79
72626
32
72947
66
73137
82
73267
65
73588
78
73908
79
75070
32
75320
76
75451
219
76041
72
76262
79
76342
32
76472
73
76652
77
76883
80
76983
65
77173
82
77253
65
77373
84
77764
79
77844
32
77994
65
78094
32
78235
77
78345
69
78455
77
78735
79
78855
82
79006
73
79146
65
79316
32
80368
73
80438
78
80538
32
80918
80
81049
82
81189
73
81359
77
81469
65
81609
32
81760
77
81860
69
82050
68
82210
73
82350
65
82521
32
82631
69
82781
32
82961
65
83182
78
83432
67
83612
79
83762
82
84013
65
84163
32
84313
77
84403
69
84554
32
84694
76
84834
79
84944
32
85104
82
85285
73
85485
67
85745
79
85956
82
86156
68
86336
79
99856
190
00086
32
00416
16
00547
76
03391
219
03611
73
03791
78
04022
71
04422
76
04522
69
04693
83
04853
69
05043
32
05894
76
06004
219
06375
72
06575
79
06635
32
06826
83
07006
84
07336
85
07617
68
07747
73
07857
65
08158
84
08328
79
08398
32
08648
83
08778
79
08919
76
09009
65
09159
77
09279
69
09389
78
09600
84
09690
69
09850
32
09960
65
10100
32
10221
76
10401
73
10701
86
10861
69
11082
76
11202
76
11352
79
11482
32
11603
83
11803
67
11963
79
12103
76
12213
65
12554
83
12814
84
13015
73
13285
67
13505
79
13645
32
14266
8
14537
188
14637
32
14817
77
14897
65
15057
32
15168
77
15278
73
15378
32
15979
186
16069
32
16279
83
16570
69
16760
82
16980
86
17120
73
17371
84
17571
79
17631
32
17841
77
17962
79
18182
76
18472
84
18673
73
18973
83
19103
83
19183
73
19334
77
19444
79
19534
32
20926
78
21076
69
21266
76
21387
76
21487
219
21667
65
21797
77
22108
66
22338
73
22628
84
22819
79
22999
32
23389
76
23490
65
23750
86
23940
79
24090
82
24341
65
24481
84
24852
73
25102
86
25472
79
35467
17
35958
17
35988
17
36018
17
36058
17
36088
17
36118
17
36148
17
36178
17
36218
17
36248
17
36278
17
36308
17
36338
17
36368
17
36408
17
36438
17
42207
190
42337
32
42487
16
42607
78
42707
79
42807
78
43418
79
44991
36
45491
46
45732
16
45952
78
46403
35
47284
83
47364
84
47474
65
47805
78
48035
84
48125
69
48275
32
48456
67
48716
73
49687
192
50028
32
54855
78
54885
79
54985
78
55085
32
55746
72
55956
79
56066
32
56257
77
56357
65
56527
73
56617
32
56787
80
56928
69
57148
78
57348
83
57468
65
57739
84
57899
79
57989
32
58270
68
58410
73
58480
32
58951
83
59051
84
59321
85
59561
68
59752
73
59852
65
60102
82
60513
76
60653
79
60763
32
65670
65
65851
32
66451
76
66622
73
66992
86
67122
69
67283
76
67393
76
67553
73
67653
32
67843
65
67994
86
68114
65
68244
78
68614
90
68775
65
69055
84
69265
73
72971
190
77167
16
77287
80
77517
69
77758
67
77868
67
78068
65
78288
84
78469
79
80071
190
80942
32
81042
16
81163
66
81403
85
81743
79
81914
78
82034
32
82224
16
82344
76
82474
65
82755
86
82975
79
83095
82
83215
79
