26080
16
26240
78
26410
79
26460
78
26630
79
27180
8
27290
32
28060
83
28330
79
28440
78
28610
79
28720
32
29370
77
29430
65
29590
73
29700
32
29980
82
30200
73
30420
85
30640
83
30860
67
31080
73
31520
84
31680
79
32070
32
33490
65
34320
83
34650
8
34760
68
34980
32
35250
65
35860
78
36020
68
36240
65
36510
82
36570
69
36900
32
37450
73
37720
78
37780
32
38000
86
38110
65
38440
67
38550
65
38930
78
39100
90
39260
65
39430
32
39980
67
40080
79
40300
78
40410
32
40960
76
41020
65
41180
32
41400
77
42010
73
42060
65
42280
32
42720
82
43050
65
43380
71
43490
65
43710
90
43870
90
43980
65
45580
190
45960
32
46840
16
47010
73
47170
76
47550
32
48380
80
48650
69
48820
82
49150
67
49370
72
50250
186
50300
32
51620
32
52000
8
52220
186
52550
32
53160
77
53270
79
53490
76
54040
84
54150
79
54260
32
54970
83
55130
69
55680
77
55900
80
56070
76
56290
73
56510
67
56670
69
59470
16
59750
190
59910
32
61010
83
61670
85
61730
65
62000
32
62440
77
62550
65
62660
77
62770
77
62880
65
63100
32
66560
78
66780
79
67000
78
67110
32
67930
86
68210
85
68430
79
68870
76
68980
69
74140
16
74190
49
74910
16
75290
32
75900
73
76170
78
76450
8
76670
8
77050
16
77380
73
78480
78
78640
67
78860
82
79080
69
79080
82
80290
221
80560
73
80780
8
81000
8
81110
8
81330
68
81880
73
82540
66
82710
73
83090
76
83150
69
84460
188
84570
32
85290
72
85340
65
85560
32
87100
49
87600
57
87710
32
88250
65
88530
78
88640
78
88860
73
88970
32
89680
69
89790
32
90010
78
90230
79
90510
78
90620
32
90840
76
91000
65
91220
32
91990
76
92150
65
92320
83
92540
67
92700
73
92870
65
92980
78
93200
79
93250
32
93420
65
93910
78
94020
68
94240
65
94520
82
94570
69
94850
32
95500
73
95670
78
95830
32
96110
86
96270
65
96660
67
96770
65
97100
78
97320
90
97430
65
97650
32
98360
67
98530
79
98750
78
98910
32
99020
73
99240
75
99840
8
00060
8
00670
73
00890
76
01000
32
01220
80
01820
8
02920
80
03030
82
03190
79
03520
80
03740
82
03910
73
04070
79
04180
32
05060
82
06430
65
06650
71
06760
65
07040
90
07150
90
07420
65
07750
8
07970
79
08190
32
09460
80
09570
69
09790
82
10010
32
11650
80
12090
65
12370
85
12640
82
12750
65
12970
32
13520
67
13790
72
13900
69
14070
32
14780
76
14950
79
15060
32
15770
70
15880
65
16270
67
16430
67
16650
73
16760
65
16870
77
17090
79
26210
38
26370
39
26810
39
26920
39
26980
39
27090
39
27200
39
27250
39
27360
39
27470
39
27530
39
27640
39
27750
39
27800
39
27910
39
27970
39
28080
39
28190
39
28240
39
28350
39
28460
39
28510
39
28620
39
28730
39
28790
39
29340
37
29560
37
29720
37
29890
37
30050
37
30220
37
30490
37
30660
39
31150
39
31210
39
31320
39
31430
39
31480
39
31700
39
31870
39
32520
8
32690
8
32850
8
33290
8
33730
8
33840
8
34670
46
34890
46
35050
46
35220
46
35380
46
35600
46
35980
8
36480
46
36640
46
36810
46
37080
8
37300
8
37580
8
38510
77
38570
69
38680
32
39550
40
42740
190
43020
32
43560
16
43780
73
43950
79
44060
32
44610
78
44830
79
45050
78
45100
32
45430
83
45870
79
46090
32
46970
80
47080
82
47300
79
47900
80
48010
82
48230
73
48400
79
48510
32
49220
67
49330
79
49610
83
49660
65
49830
32
50490
80
50590
69
50870
78
51090
90
51420
8
51580
83
51690
65
51910
82
52020
69
63780
190
64440
32
65320
16
65480
73
65700
79
65860
32
66080
8
66250
8
66470
8
66910
16
67020
86
67240
79
67460
82
67570
82
67790
69
67950
73
68170
32
68890
65
69050
78
69210
68
69430
65
69600
82
69760
69
69980
32
70480
73
71800
78
71910
32
72180
16
72240
83
72510
80
72620
65
73060
71
73330
78
73390
65
73610
32
74210
8
74600
188
74710
32
75530
73
75750
78
75810
32
76630
8
76790
8
77010
8
77230
8
77450
8
78000
32
78330
79
78500
32
79100
8
79270
8
79980
8
81300
188
81460
32
82400
73
82890
78
83000
32
84650
16
84810
83
85140
67
85360
79
85580
90
85750
73
86130
65
86300
32
87010
79
87230
32
87560
73
87780
78
87940
32
91950
16
92120
73
92450
84
92500
65
92830
76
93000
73
93050
65
98160
37
98600
37
98710
37
98820
37
98870
37
98980
37
99090
37
99150
37
99260
37
99370
37
99420
37
99530
37
99590
37
99700
37
99810
37
99860
37
99970
37
00080
37
00140
37
00250
37
00360
37
00410
37
01510
39
01790
39
02280
39
02330
39
02440
39
02550
39
02610
39
02720
39
02830
39
02880
39
02990
39
03100
39
03160
39
03270
39
03380
39
03430
39
03540
39
03600
39
03710
39
03820
39
03870
39
03980
39
04090
39
04150
39
04260
39
04370
39
04420
39
05520
190
05800
32
09480
16
09580
65
09910
78
10080
67
10410
72
10520
69
10680
32
11340
73
11400
32
11780
80
11840
65
12220
69
12720
83
12880
73
12990
32
15240
73
15520
84
15630
65
15900
76
16070
73
16180
65
16340
78
16510
73
17110
32
17710
83
17820
79
18040
78
18260
79
18370
32
18700
66
18870
69
19090
76
19200
76
19420
73
22000
190
22710
32
23700
8
24850
32
25180
16
25290
80
26010
69
26170
82
26340
32
26890
16
26940
69
27440
8
27600
8
27660
69
27930
83
28150
8
28310
8
28480
32
29080
69
29250
83
29580
69
29800
77
30020
80
30240
73
30400
79
30620
32
31060
8
31720
32
32160
16
32270
67
32600
65
32760
83
33200
84
33420
69
33700
76
34080
78
34300
85
34520
79
34960
86
35020
79
36390
32
36550
68
36550
73
36720
32
37270
16
37430
71
37710
65
37930
82
38530
70
38640
65
38920
71
39130
78
39300
65
39460
71
39520
65
40950
188
41110
32
41770
78
41830
69
42050
76
42210
76
42320
65
42540
32
44960
16
44960
84
45120
79
45450
83
45780
67
46110
65
46220
78
46330
65
47320
190
47370
32
48140
16
48360
85
48580
78
48640
32
49240
8
49410
8
49680
8
50560
8
50940
32
51220
8
51440
8
52260
190
52320
32
54620
16
54790
80
55170
69
55340
82
55500
32
56110
70
56440
79
56550
82
56820
84
57100
85
57320
78
57430
65
57590
32
59020
8
59350
188
59460
32
59620
68
60280
79
60500
80
60670
79
60780
32
61210
86
61320
65
61490
82
62040
73
62090
32
62480
84
62700
69
62920
78
63140
84
63250
65
63410
84
63960
73
64290
86
64460
73
64950
188
65060
32
67040
81
67260
85
67480
69
67700
83
67970
84
68300
219
68570
69
68790
83
69070
84
69120
65
69290
84
69450
69
69620
32
70390
83
70550
79
70830
78
70880
79
70990
32
71710
82
72200
73
72360
85
72800
83
73020
67
73190
73
73410
84
73630
79
73680
32
73960
65
74120
32
74230
70
74510
65
74670
82
74780
69
75000
32
75830
50
76040
32
77030
71
77200
73
77360
79
77530
82
77750
78
77970
73
78020
32
78520
67
78570
79
78850
78
78960
69
79070
32
79340
76
79450
69
79670
73
81810
188
81920
32
82800
80
82860
82
83020
79
83240
80
83730
82
83840
73
84010
79
84120
32
85050
76
85220
73
85600
8
88130
221
89230
190
89390
190
89610
32
92800
70
92910
73
93130
78
93180
65
93400
76
93680
77
93950
69
94060
78
94280
84
94500
69
94660
32
96370
84
97850
8
98510
8
99330
188
99390
32
99660
84
99880
79
00100
76
00430
84
00600
73
00710
32
01420
68
01640
73
01700
32
01910
77
02020
69
02410
90
02570
90
02680
79
02790
32
03120
73
03230
32
03560
71
03780
69
04000
78
04220
73
04440
84
04660
79
04990
82
05160
73
07020
188
07130
32
07350
67
07460
73
07790
32
08560
83
08780
73
08840
65
09550
77
09710
79
09820
32
10100
65
10370
86
10540
86
10760
69
11640
78
11750
84
11970
85
12410
82
12520
65
12630
84
13120
73
13170
32
13890
86
14110
69
14330
82
14550
83
14710
79
14820
32
16470
76
16520
65
16740
32
17570
8
17730
8
18060
8
25420
38
25590
37
25750
37
26190
37
26300
37
26410
37
26470
37
26580
37
26690
37
26740
37
26850
37
26910
37
27020
37
27130
37
27180
37
27290
37
27400
37
27460
37
27560
37
27670
37
27730
37
27840
37
27950
37
28000
37
28110
37
28660
8
29210
40
29930
39
30420
39
30530
39
30590
39
30700
39
30810
39
30860
39
30970
39
31030
39
31140
39
31240
39
31300
39
31410
39
31520
39
31570
39
31680
39
31790
39
31850
39
31960
39
32070
39
32120
39
32230
39
32290
39
32400
39
33610
32
33770
76
33880
65
34050
32
34980
70
35250
65
35530
86
35750
79
35910
76
36080
79
36460
83
36570
65
36740
32
37510
69
38170
68
38280
32
38550
73
38710
76
38880
76
39100
85
39260
77
39430
73
39650
78
39700
65
39920
78
40360
84
40580
69
40800
32
44040
86
44150
65
45750
67
45860
65
46510
78
46680
90
46730
65
47610
190
47780
190
48270
32
50140
66
50520
72
50580
69
51290
190
51460
190
51680
32
54260
68
54370
69
55080
86
55190
79
55300
32
55580
65
55800
77
55960
77
56180
69
56950
84
57060
84
57110
69
57280
82
57390
69
57660
32
58870
67
59420
72
59530
69
59700
32
60250
186
60300
32
60580
83
60850
84
60900
65
61010
84
61890
65
62060
32
62330
85
62550
78
62660
65
62770
32
63650
86
63760
69
63980
82
64090
65
64310
32
64860
83
65790
67
66010
72
66180
73
66450
70
66620
69
67060
90
67170
90
67390
69
67720
8
67770
65
69310
190
69860
8
70300
16
70460
49
70850
32
72880
16
72990
78
73100
79
73210
78
73980
32
75730
72
75950
73
76280
8
76390
79
76560
32
77220
80
77380
79
77600
84
78150
85
78480
84
78590
79
78700
32
79470
70
79800
85
79960
77
80020
65
80460
82
80620
69
80730
32
81500
80
81560
69
81720
82
81940
32
83420
51
83590
32
84030
71
84190
73
84360
79
84520
82
84740
78
84960
73
86120
188
86280
32
86990
78
87210
79
87430
78
87540
32
88590
76
88860
219
89580
72
89690
79
89850
32
90020
80
90230
79
91110
84
91280
85
91330
84
91550
79
91660
32
92320
70
92430
65
92600
82
92650
69
94520
32
95010
80
95120
69
95290
82
95400
32
95890
76
96000
65
96170
32
96720
80
96830
82
97050
73
97320
77
97430
65
97540
32
97870
86
98030
79
98200
76
98530
84
98690
65
98910
32
99740
80
99790
69
99960
82
00890
67
01170
72
01270
69
01440
32
01880
8
02100
8
02980
186
03030
32
03420
76
04350
69
04520
73
04630
32
06000
72
06110
65
06440
8
06600
8
06820
65
07700
86
07870
69
07980
86
08140
65
08470
32
09020
83
09180
79
09400
78
09570
78
09790
79
10560
190
10670
190
10940
32
12100
69
12310
32
12530
65
12530
83
13030
8
13850
8
14070
83
14730
221
15560
190
15670
190
15830
32
16870
80
16980
82
17150
79
17420
80
17640
82
17860
73
18030
79
18140
32
19130
85
19350
78
19460
65
19840
8
20610
65
20770
32
20990
77
21160
69
21380
82
21600
68
21870
65
22530
16
22700
49
22920
49
23140
49
23410
49
24560
8
