90058
16
90559
16
90589
16
90619
16
90649
16
90679
16
90709
16
90729
67
90849
72
91691
73
91871
32
92442
83
92692
86
93002
73
93213
76
93503
85
93784
80
93904
80
94164
65
94394
32
96217
65
96387
80
96528
80
96728
76
96928
73
97319
67
97459
65
97910
90
98000
73
98150
79
98370
78
98591
73
01334
32
01605
16
01755
57
02626
32
02837
79
03187
32
03468
65
03818
80
03948
80
04209
76
04850
69
05000
84
05611
16
06031
48
07553
32
08064
68
08214
73
08385
32
08585
85
08775
78
08935
65
09106
32
09346
67
09546
69
09717
82
09867
84
10057
65
10217
32
10668
73
10868
77
11088
80
11269
79
11699
82
11850
84
12060
65
12270
78
12651
90
12851
65
14974
8
15475
8
15505
8
15545
8
15575
8
15615
8
15635
8
15665
8
15825
8
16166
8
17017
67
17137
79
17347
77
17568
80
17818
76
18349
69
18589
83
18709
83
19250
73
19541
84
20903
65
22255
192
22815
32
27442
32
27612
83
27732
73
27873
32
29435
84
29785
82
29926
79
30306
86
30486
65
30667
32
30837
83
31127
80
31328
69
31668
83
31798
83
32089
79
33931
32
34112
65
34252
32
34963
68
35133
69
35413
70
35634
73
35884
78
36064
73
36435
82
36625
69
37466
32
37927
78
38127
85
38328
77
38628
69
38898
82
39319
79
39990
83
40150
73
41502
32
42003
77
42454
69
42854
84
43004
79
43605
68
43705
73
44817
188
44967
32
45879
67
46009
76
46309
65
46529
83
46660
83
46870
73
47050
32
47901
69
48042
32
48532
86
48703
65
48923
82
49424
73
49584
65
50065
66
50215
73
50375
76
50555
73
53279
190
53570
32
54281
16
54521
73
54801
78
55122
32
57756
81
57906
85
58136
69
58457
83
58817
84
58987
79
59128
32
59438
67
59568
65
59738
83
60189
79
61661
32
64195
69
64385
192
64565
32
65747
73
65917
77
66138
80
66308
79
66588
82
66779
84
66999
65
67269
78
67880
84
68040
69
68341
32
69242
67
69342
79
69563
77
69813
80
70244
82
70394
69
70955
78
71295
68
71445
69
71606
82
71766
69
71996
32
73488
66
73658
69
74400
78
74560
69
74730
32
75211
73
75391
76
75551
32
77905
67
78025
79
78245
78
78666
67
78866
69
79196
84
79317
84
79537
79
79687
32
79917
68
80078
73
80238
32
80789
65
80989
77
81670
66
81840
73
82141
84
82251
79
84925
188
85075
32
85305
79
85536
32
87378
86
87689
73
88149
83
88310
73
88720
66
88880
73
89051
76
89241
73
89802
84
90613
65
90893
192
91013
32
94959
188
95260
32
96111
68
96261
73
96411
32
96672
81
96892
85
97192
69
97553
83
97713
84
98134
73
98274
32
98574
69
98725
76
98915
69
99095
77
99295
69
99526
78
99926
84
00237
73
01689
190
02951
32
03311
16
03812
16
03842
16
03872
16
03902
16
03932
16
03962
16
03992
16
04032
16
04062
16
04092
16
04122
16
04132
76
04663
192
05524
32
07697
65
07838
77
08328
66
08499
73
08899
84
09049
79
09220
32
09400
73
09630
78
09790
32
10001
80
10451
82
10782
65
11152
84
11273
73
11693
67
11843
65
11984
32
14938
68
15098
69
15378
70
15579
73
15899
78
16089
73
16510
83
16760
67
16961
69
17752
32
18863
73
19114
76
19314
32
20466
82
20616
65
20936
71
21067
71
21467
73
21637
79
25433
32
26164
68
26595
192
26995
32
27436
65
27616
90
28107
73
28257
79
28457
78
28818
69
28998
32
29198
68
29349
73
29529
32
29739
85
29939
78
30090
32
31331
68
31472
69
31662
84
31852
69
32002
82
32473
77
32753
85
32954
78
33184
65
33454
84
33805
79
33965
32
34286
69
34416
76
34626
69
36108
77
36258
69
36389
78
36729
84
36859
79
39653
186
41366
32
41756
65
41917
68
42137
32
43679
69
43919
83
44100
69
44390
77
45041
80
45231
73
45402
79
46924
188
50299
32
50940
85
51160
78
51851
65
51991
32
53003
86
53153
65
53674
82
53814
73
54074
65
54535
66
54745
85
55797
8
56608
73
56758
76
57259
69
59993
32
60513
80
61234
85
61645
79
61885
192
62066
32
62927
69
63418
83
63538
83
63818
69
64109
82
64229
69
66722
32
66913
68
67083
69
67323
70
67523
73
67774
78
67954
73
68315
84
68465
65
70668
32
70968
65
71179
76
71319
76
71990
192
72170
32
72461
73
72651
78
73001
84
73162
69
73262
82
73612
78
73843
79
74023
32
75905
68
76056
73
76216
32
76596
85
76777
78
76937
32
77117
77
77468
69
77838
84
77998
79
78469
68
78529
79
78740
32
80031
69
80202
32
80833
82
80973
73
81293
83
81524
85
81754
76
82255
84
82395
65
82525
82
82685
69
86290
32
87041
86
87322
73
87803
83
87973
73
88243
66
88514
73
88684
76
89265
69
92089
32
92299
83
92459
79
92630
76
93130
84
93280
65
93541
78
93931
84
94092
79
94242
32
94432
65
94602
32
95083
81
95243
85
95594
69
95914
83
96064
84
96725
192
96876
32
97286
85
97737
76
98238
84
98388
73
98628
77
98828
79
01803
188
01973
32
02754
77
03535
69
03705
78
04096
84
04256
82
04406
69
04607
32
07551
65
07731
76
08172
84
08352
82
08582
73
08753
32
08973
77
09354
69
09784
84
09934
79
10655
68
10776
73
15122
32
15813
78
16013
79
16213
78
16374
32
16564
80
16714
79
16955
83
17075
83
17255
79
17535
78
17756
79
17906
32
18226
69
18477
83
18607
83
18837
69
19078
82
19238
69
19448
32
26238
8
26739
8
26769
8
26799
8
26839
8
26869
8
26889
8
27059
8
28020
32
28591
65
28772
67
28882
67
29112
69
29282
68
29432
69
29593
82
29743
69
33679
8
34590
86
35111
73
37073
32
37414
16
37724
57
38125
32
39847
8
43272
38
43523
38
43683
38
43843
38
44033
38
44254
38
44474
38
44825
37
45305
37
45345
37
45375
37
45405
37
45435
37
45466
37
45496
37
46367
8
48520
40
49021
37
49511
37
49541
37
49571
37
49601
37
49631
37
49662
37
49702
37
49732
37
49762
37
49792
37
49822
37
49852
37
49882
37
49912
37
49952
37
49982
37
50012
37
50042
37
50072
37
50102
37
50132
37
50172
37
50202
37
50433
37
50653
37
50883
37
51785
8
53818
40
54158
40
54428
37
55370
17
55680
37
55971
37
56121
37
56271
37
56411
37
56561
37
56682
37
56852
37
57022
37
57252
37
57573
37
58775
8
61599
37
61909
37
62670
8
65755
39
66025
39
66406
32
67958
40
68308
40
68949
40
69540
40
70011
40
71132
17
71303
37
71473
37
71613
37
71894
37
72074
37
72234
37
72394
37
72524
37
72695
37
72855
37
73175
37
74307
8
76440
32
77942
40
78894
40
83570
83
83680
73
83851
32
84602
80
84742
65
85062
82
85243
76
85874
65
86004
32
87256
73
87476
78
87656
32
88247
81
88407
85
88618
69
88878
83
89038
84
89509
79
89649
32
89929
67
90080
65
90250
83
91151
79
92163
32
95047
68
95207
73
95347
32
96128
65
96339
77
96849
66
97010
73
97350
84
97490
79
97631
32
97831
76
98061
79
98542
67
98682
65
98932
76
99273
69
00214
16
00705
16
00735
16
00775
16
00805
16
00835
16
00865
16
00895
16
00925
16
00955
16
00985
16
01025
16
01055
16
01085
16
01116
16
01136
48
01967
190
04090
32
04761
16
04951
73
05181
76
05362
32
06383
67
06533
79
06784
78
07154
84
07354
82
07695
79
07875
76
07995
76
08156
79
08296
32
09648
68
09808
69
09998
76
10128
76
10509
192
11350
32
11591
65
11871
77
12432
66
12562
73
13503
84
13624
79
13784
32
15987
68
16257
73
16408
32
16828
86
16978
65
17519
82
17709
73
17940
65
18430
66
18571
73
18741
76
18931
73
19772
32
20213
69
20363
32
20804
77
21204
69
21635
84
21805
79
22336
68
22486
73
23347
32
24079
83
24169
73
24339
32
26101
69
26352
70
26492
70
26702
69
27003
84
27133
84
27403
85
27984
65
29166
32
30658
68
31169
85
31499
82
31639
65
31940
78
32290
84
32411
69
