34564
32
34774
76
34864
65
35014
32
35926
68
36046
73
36356
67
36637
72
36797
73
37428
65
37698
82
37959
65
38219
90
38479
73
38629
79
38860
78
39170
69
43186
188
43346
32
44268
84
44428
82
44668
65
44939
77
45219
73
45660
84
45840
69
47592
32
47753
73
47903
32
48834
67
48994
79
49615
83
49806
73
50116
68
50236
68
50426
69
50777
84
50897
84
51198
73
58458
32
59199
77
59389
79
59910
68
60050
73
60351
70
60481
73
60851
67
60992
65
61502
84
61633
79
62424
82
62524
73
65638
188
65809
32
66560
80
66680
65
67010
82
67281
84
67451
73
68062
67
68202
79
68352
76
68613
65
69274
82
69384
73
69674
32
74030
80
74161
65
74521
82
74681
79
74862
76
75162
69
75563
32
78176
67
78497
72
78667
73
78887
65
79318
86
79528
69
79699
32
80339
67
80520
72
81241
69
81461
32
82242
68
82402
69
82623
84
82783
69
83053
82
83484
77
83744
73
83935
78
84115
65
84395
78
84746
79
85867
32
86318
76
86498
69
86669
32
87059
67
87209
65
87470
82
87610
65
88051
84
88181
84
88351
69
88541
82
89112
73
89372
83
89863
84
90003
73
90674
67
90905
72
92517
69
92727
32
93308
68
93478
73
93649
32
93829
85
94019
78
94189
65
94340
32
94660
86
94930
65
95351
82
95521
73
95712
65
96112
66
96282
73
96443
76
96723
69
98706
32
98896
79
99076
32
99527
68
99687
73
99898
32
01109
85
01320
78
01510
32
02902
77
03363
69
03703
84
04094
79
04454
68
04564
79
05466
190
07609
32
10383
16
10563
69
11755
83
11955
69
12215
77
12536
80
12796
73
13006
32
14479
68
14619
73
14779
32
15670
77
15851
79
16311
68
16441
73
16802
70
16922
73
17583
67
17733
65
18194
84
18334
79
18805
82
18965
73
19145
32
27097
83
27217
79
27447
78
27637
79
27808
32
27978
76
28158
65
28869
8
29200
69
29610
32
30441
80
30612
65
30982
82
31193
79
31353
76
32144
69
36761
32
37201
67
37412
72
37602
73
37832
65
38333
86
38453
69
39635
32
40196
80
40546
85
41197
66
41297
76
41467
73
41878
67
42819
188
43430
32
44492
83
44642
84
44832
65
45423
84
45593
73
45944
67
46465
188
46845
32
48357
80
48608
82
48788
73
49188
86
49349
65
49639
84
49809
69
52163
186
52663
32
53134
65
53274
76
53885
67
54106
85
54326
78
54506
73
55047
32
55608
68
55758
73
55908
32
56389
81
56769
85
57040
69
57300
83
57470
84
58001
73
59113
32
59533
83
59794
79
60024
78
60204
79
60375
32
60945
71
61306
73
61847
65
62137
192
62317
32
63619
83
63759
84
63910
65
64080
84
64510
73
64711
32
65953
73
66143
77
66353
80
66573
73
66984
69
67154
71
67335
65
68076
84
68226
73
69287
32
70209
78
70389
69
70800
71
70930
76
71110
73
71310
32
81325
8
81825
8
81855
8
81885
8
81926
8
81956
8
81986
8
82016
8
82046
8
82076
8
82106
8
82136
8
82166
8
82196
8
82236
8
82266
8
82296
8
82326
8
82366
8
82386
8
82416
8
82456
8
82486
8
82516
8
82546
8
82576
8
82606
8
82637
8
82667
8
82707
8
82737
8
82767
8
82797
8
82827
8
82867
8
82887
8
82927
8
82957
8
82987
8
83017
8
83308
8
83468
8
83648
8
83768
8
84740
8
84920
8
85110
8
85691
8
85901
8
86132
8
87413
190
89336
32
92070
16
92441
73
92641
78
92811
32
94694
16
94944
74
95165
65
95535
86
95685
65
95916
32
97288
69
97478
83
97828
73
98109
83
98489
84
98670
79
98920
78
99130
79
01333
32
01704
86
01884
65
02265
82
02415
73
02585
69
02745
32
03076
70
03296
79
03507
82
03727
77
04518
69
04738
32
05389
68
05529
73
05690
32
05960
65
06200
77
06811
66
06972
73
07532
84
07653
79
07813
32
08794
80
09014
69
09235
82
09375
32
10186
86
10316
65
10657
82
10827
73
11158
65
11588
66
12179
73
12359
76
12520
73
14923
32
15484
69
15634
32
15834
77
16115
69
16455
84
16615
79
17086
68
17206
73
18448
188
18608
32
18989
67
19309
72
19470
73
19640
65
19860
77
20030
65
20531
84
20651
69
22013
32
22484
65
22714
78
23205
67
23475
72
23966
69
24146
32
24467
76
24647
73
25548
86
25739
69
25949
76
26099
76
26289
73
26470
32
26740
83
27361
8
27611
68
28302
73
28482
32
29354
80
29674
82
29804
79
30205
84
30425
69
30856
90
30986
73
31136
79
31327
78
31547
69
32879
190
39278
32
39518
16
39699
76
40129
69
40289
32
40980
86
41101
65
41501
82
41651
73
41892
65
42483
66
42633
73
42783
76
42953
73
45046
32
45667
69
45807
32
46348
73
46498
32
47179
77
47480
69
47720
84
48061
79
48441
68
48601
73
48762
32
49262
68
49403
73
49733
67
50084
72
50244
73
50594
65
50855
82
51265
65
52247
84
52357
73
54300
32
55011
67
55251
79
55501
78
55682
32
56262
80
56633
85
57324
66
57434
76
57614
73
58125
67
58736
32
59367
82
59777
73
60088
83
60328
85
60639
76
61009
84
61159
65
61420
78
61760
79
64144
32
64855
86
64995
73
65836
83
65986
73
66667
66
66808
73
66978
76
67148
73
70603
32
71845
83
71945
73
72135
65
72265
32
76652
65
76842
76
76962
76
77453
192
77623
32
77934
73
78104
78
78464
84
78665
69
78815
82
79235
78
79456
79
80097
32
80277
67
80457
72
80718
69
80898
32
81168
65
81369
76
81489
76
81759
192
81969
32
82771
69
83011
83
83251
84
83421
69
83682
82
84122
78
84273
79
88168
32
88319
68
88459
69
88609
76
88719
76
88889
65
89040
32
89310
67
89470
76
89650
65
89901
83
90051
83
90271
69
90402
32
93556
73
93756
78
93917
32
94507
67
94658
85
94798
73
94958
32
95439
83
95609
79
95829
78
96020
79
96170
32
96661
68
96831
69
97181
70
97372
73
97802
78
97972
73
98463
84
98613
73
99985
188
00156
32
00756
69
00917
32
01367
65
01568
32
01928
84
02208
85
02599
84
02729
84
02950
73
03661
32
04482
71
04672
76
04862
73
05073
32
05323
65
05563
76
06154
84
06314
82
06675
73
06875
32
07156
77
07526
69
07857
84
07997
79
08648
68
08788
73
11642
190
12193
32
12754
16
12914
83
13264
73
13585
32
13905
84
14056
82
14226
65
14396
84
14516
84
14706
65
14967
32
16569
83
17200
8
17410
68
17571
69
17751
76
17891
76
18402
192
20475
32
21196
65
21456
77
21917
66
22067
73
22898
84
23068
79
25612
32
26293
80
26513
73
27815
85
28056
192
28176
32
29538
65
29688
77
29928
80
30159
73
30319
79
30509
32
31130
80
31280
79
31581
83
31711
83
31911
73
32662
66
32822
73
33023
76
33844
69
34004
32
36568
8
36898
188
37049
32
37840
67
38070
72
38491
69
38601
32
41195
86
41325
65
41495
32
42016
85
42486
84
42617
73
42777
76
42937
73
43338
90
43448
90
43638
65
44319
84
44459
79
45791
32
46132
73
46322
78
46482
32
46753
67
47003
69
47213
82
47454
84
47704
73
48535
32
49016
67
49156
65
49396
83
49827
73
49997
32
50187
79
50818
66
50949
66
51449
76
51650
73
52010
71
52160
65
52481
84
52831
79
53232
82
53592
73
53723
65
53973
77
54213
69
54353
78
54734
89
55425
8
55765
84
55916
69
59301
32
59471
16
59731
57
60572
65
60663
68
60883
32
61684
69
61904
83
62095
69
62906
77
63206
80
63396
73
63547
79
70907
32
71939
80
72069
69
72269
82
72429
32
72570
76
72750
65
72910
32
73241
68
73631
73
74052
67
74352
72
74492
73
75003
65
75203
82
75404
65
75644
90
75945
73
76075
79
76255
74
77487
8
77627
8
78648
79
79229
78
79329
69
81322
32
81603
68
81753
69
81983
76
82123
76
82254
65
82424
32
82624
67
82794
76
83045
65
83295
83
83425
83
83676
69
84397
32
85218
68
85348
73
85518
32
85719
85
85929
78
86089
32
86800
65
87050
80
87171
80
87381
76
88162
69
88262
84
90636
16
90786
48
92508
188
92659
32
93920
69
94031
32
94451
73
94631
78
94792
32
96524
65
96684
76
97065
84
97225
82
97616
73
97776
32
