98056
67
98217
65
98617
83
98757
73
99759
32
00159
67
00360
79
00580
78
00760
32
01011
85
01181
78
01371
65
01521
32
01932
67
02082
69
02262
82
02453
84
02603
65
02823
32
06839
77
07039
79
07460
68
07590
69
07740
82
07900
65
08231
90
08511
73
08642
79
08842
78
09102
69
12307
190
13018
32
13188
16
13368
76
13829
69
14009
32
14870
86
15001
65
15642
82
15912
73
16142
65
16593
66
16743
73
16903
76
17094
73
18175
32
18786
69
18946
32
19287
73
19427
32
19768
77
20328
69
20629
84
20779
79
21160
68
21340
73
22181
32
22652
68
22912
73
23072
32
23263
76
23473
73
23964
86
24214
69
24454
76
24584
76
24745
79
24915
32
25105
80
25676
82
25806
79
26237
84
26497
69
26758
84
26858
84
27278
79
30142
188
30293
32
30643
68
30783
73
31204
67
31414
72
31574
73
32055
65
32255
82
32406
65
33167
84
33297
73
35170
32
35720
67
35941
79
36371
78
36582
32
36842
73
37072
76
37233
32
37423
77
37623
79
38264
68
38394
73
38615
70
38765
73
39115
67
39266
65
39916
84
40037
79
42811
82
42931
69
43181
32
44042
80
44333
82
44543
79
45114
84
45254
69
45595
67
45995
84
46095
69
46446
68
49490
188
49650
32
50201
82
50341
73
51203
83
51343
85
51563
76
51954
84
52124
65
52364
78
52695
79
54167
32
54858
86
54988
73
55549
83
55689
73
56260
66
56440
73
56610
76
56791
73
58043
32
58884
83
59024
79
59194
76
59535
84
59705
65
59985
78
60496
84
60616
79
61528
32
61798
65
62018
76
62148
76
62489
192
63100
32
63310
73
63530
78
63941
84
64101
69
64231
82
64592
78
64812
79
66755
32
67256
68
67436
69
67616
76
67777
32
67987
80
68287
65
69369
67
69469
75
69970
65
70270
70
70921
8
71282
71
71422
69
75808
32
75958
73
76559
78
76709
32
77260
67
77491
85
77641
73
77801
32
78252
83
78402
79
78672
78
78852
79
79013
32
79594
68
79724
73
80074
67
80315
72
80515
73
80725
65
81086
82
81196
65
81727
84
81897
73
84611
188
84761
32
85893
69
86043
32
86243
65
86493
76
86634
76
87986
69
88166
32
88526
83
88737
73
89328
8
89588
79
89948
84
90059
84
90259
79
90579
67
90760
76
91000
65
91270
83
91401
83
91621
73
94775
32
94916
68
95086
69
95206
76
95326
76
95486
65
95657
32
95977
67
96258
76
96478
65
96738
83
96858
83
97049
69
97289
32
99793
68
99943
73
00123
32
00474
79
00944
82
01094
73
01765
71
01916
73
02156
78
02186
66
02677
69
03308
8
03438
8
03848
8
04810
78
05030
69
07404
190
08195
32
08375
16
08495
73
10468
78
10698
32
13663
80
13963
82
14514
65
14924
84
15065
73
15515
67
15685
65
16126
188
16296
32
18790
67
18930
79
19150
78
19321
32
19891
81
20082
85
20352
69
20643
83
20863
84
22956
79
23156
32
23587
76
23757
73
24128
86
24308
69
24528
76
24668
76
24859
79
25039
32
26140
68
26421
73
26601
32
26811
80
27352
82
27492
79
27803
84
27913
69
28233
90
28434
73
28584
79
28864
78
29075
69
31588
32
31959
83
32129
73
32299
32
32470
80
32650
79
32840
83
32990
83
33191
79
33441
78
33661
79
33872
32
35895
67
36245
82
36405
69
36806
65
37056
82
37206
69
37467
32
37877
77
38048
69
38418
84
38568
79
39329
68
39560
73
39830
32
42534
69
42694
32
43015
78
43916
8
44737
86
44897
65
46520
82
46710
73
46950
65
47411
66
47621
73
47782
76
47972
73
49444
32
50065
86
50245
73
50576
83
50756
73
51287
66
51587
73
51767
76
51928
73
52108
32
52388
65
52589
32
54111
84
54641
85
54922
84
55052
84
55242
69
55433
32
55603
76
55783
69
55953
32
56214
67
56414
76
56654
65
56875
83
57005
83
57215
73
58116
32
58467
68
58617
69
58797
76
58928
76
59108
79
59248
32
59629
83
59959
84
60159
69
60450
83
60590
83
60790
79
60961
32
61141
80
61471
65
61992
67
62333
75
63013
65
63674
71
63825
69
68702
188
68872
32
69172
77
69333
65
69503
32
69923
78
70134
79
70324
78
71506
32
72057
65
72357
68
72517
32
72717
65
72958
76
73428
84
73589
82
73729
69
77154
190
78105
32
78255
16
78436
67
78776
79
79017
78
79187
32
79367
73
79537
76
79718
32
79888
77
80078
79
80429
68
80569
73
80909
70
81049
73
81410
67
81560
65
81961
84
82261
79
82552
82
82702
69
83223
32
83843
80
84104
82
84254
73
84695
86
84865
65
85416
84
85666
69
86217
32
86978
83
87118
73
87298
32
87469
68
87639
69
87859
70
88140
73
88420
78
88600
73
88941
83
89171
67
89371
69
89572
32
90683
76
90894
192
91084
32
91464
65
91635
77
92185
66
92336
73
92696
84
92826
79
93688
32
94319
80
94529
73
94769
85
95300
192
95410
32
96482
82
96622
73
97002
83
97153
84
97323
82
97473
69
97814
84
97944
84
98274
79
98525
32
00678
8
01589
188
01739
32
01909
80
02190
69
02380
82
02520
32
04183
67
04423
85
04583
73
04733
32
04894
76
05224
69
05344
32
05655
86
05795
65
06296
82
06596
73
06786
65
07267
66
07477
73
07628
76
07828
73
08699
32
09080
79
09250
32
09430
77
09881
69
10181
84
10322
79
11013
68
11133
73
15529
82
15649
73
16721
8
16921
8
17612
32
18163
82
18303
73
18954
83
19154
85
19355
76
19755
84
19985
65
20276
78
20726
79
22189
32
23010
86
23160
73
23450
83
23601
73
24432
66
24602
73
24782
76
24953
73
26124
32
26565
83
26745
79
26915
76
27386
84
27556
65
27807
78
28107
84
28267
79
29699
32
30050
65
30220
76
30350
76
30521
65
30671
32
30931
67
31071
76
31272
65
31542
83
31682
83
31883
69
32093
32
32924
73
33134
78
33305
32
33825
67
34036
85
34206
73
34396
32
36049
83
36309
79
36539
78
36709
79
36900
32
37410
68
37571
73
38462
67
38823
72
39233
73
39574
65
40425
82
40555
65
41116
84
41226
73
45672
190
49237
32
49949
16
50079
67
50409
79
50629
78
50800
32
50980
73
51160
76
51320
32
51501
76
51671
76
51871
73
52883
8
53153
8
54345
8
55216
76
55376
73
56007
86
56248
69
56418
76
56558
76
56708
79
56868
32
57209
68
57970
73
58130
32
58721
80
59032
82
59402
79
59753
84
59873
69
60223
90
60384
73
60534
79
60724
78
60904
69
61034
32
61245
68
61465
73
61665
32
61956
68
62136
69
62376
70
62697
65
63077
85
63117
73
63308
76
63828
84
65120
8
65271
8
65431
8
66292
76
66552
84
68395
188
68545
32
68866
67
69106
72
69286
69
69447
32
69967
86
70138
73
70508
69
70768
78
71560
69
71700
32
73502
65
73973
66
74123
73
74273
76
74454
73
74804
84
74985
65
75165
84
75655
79
77348
32
77738
83
78029
69
78229
32
78480
78
78730
79
78910
78
79080
32
79751
83
79892
73
80072
32
81334
85
81824
84
81955
73
82125
76
82285
73
82585
90
82726
90
82896
65
85870
32
86000
78
86151
69
86862
83
86982
83
87252
85
87462
78
87673
32
89425
77
89606
79
89986
68
90146
73
90367
70
90477
73
90867
67
90998
65
91268
84
91729
79
92029
82
92179
69
92520
32
92960
80
93401
65
93711
82
93892
84
94152
73
94503
67
94803
79
94963
76
95143
65
95404
82
95544
69
96636
188
96796
32
96986
76
97186
192
97387
32
97687
65
97897
77
98568
66
98699
73
99029
84
99159
79
00221
32
01152
68
01282
73
01463
32
01723
85
01933
78
02154
65
02324
32
02694
86
02835
65
03195
82
03355
73
03556
65
03996
66
04186
73
04337
76
04647
69
05889
32
06320
79
06480
32
06910
68
07061
73
07241
32
07441
73
08142
8
08463
85
08643
78
08823
32
09775
77
10005
69
10355
84
10646
79
11377
68
11487
79
15973
32
16284
69
16464
192
16614
32
17526
67
17706
79
