18407
83
18597
84
19018
73
19448
84
19599
85
19749
73
20129
84
20290
79
23064
32
23564
68
23785
65
23975
76
24135
32
24325
80
24556
65
24906
67
25317
75
25627
65
25948
71
26138
69
27760
32
28331
68
28461
73
28622
32
28882
67
29082
85
29233
73
29383
32
30034
70
30174
65
30334
32
30695
80
30875
65
31215
82
31486
69
31566
84
32477
8
32647
8
33709
84
33809
69
36052
32
36353
76
36493
65
36613
32
36894
82
37024
69
37264
76
37404
65
37785
84
37895
73
38205
86
38346
65
39297
32
39948
67
40078
186
40709
8
41019
76
41200
65
41630
83
41771
83
41941
69
43233
190
46007
32
46147
16
46237
73
46557
78
46587
77
49021
8
49942
32
50693
80
50824
82
51164
65
51545
84
51685
73
52075
67
52206
65
54008
188
54168
32
54329
76
54509
65
54619
32
54939
86
55100
65
55761
82
55881
73
56141
65
56932
66
57053
73
57213
76
58114
69
59887
32
60277
79
60437
32
60618
73
60818
76
60978
32
61178
77
61719
69
61839
84
62410
79
62721
68
62861
79
64133
32
64764
82
64984
73
65294
83
65525
85
65705
76
66055
84
66216
65
66436
78
66646
79
66827
32
68259
86
68569
73
68940
83
69070
73
69360
66
69621
73
69801
76
69981
73
70191
32
71563
65
71694
32
71954
84
72505
85
72725
84
72845
84
73035
69
73196
32
74958
76
75409
69
75599
32
75870
67
75990
76
76180
65
76440
83
76581
83
76801
73
76961
32
77292
68
77462
69
77602
76
77772
32
78223
67
78784
8
79074
83
79224
79
79555
79
79775
32
81277
8
82269
8
82759
76
82910
79
87416
8
87626
8
88538
8
88708
8
88918
8
89679
76
89820
79
89980
32
90511
83
90671
84
90861
69
91101
83
91222
83
91472
79
91642
32
92834
80
93004
65
93485
67
93635
75
94096
65
94516
71
94847
69
99874
188
00054
32
00675
77
00825
65
00996
32
01296
78
01627
79
01807
78
01987
32
06013
65
06153
76
08036
76
08176
69
08326
32
10169
65
10329
76
10800
84
10950
82
11090
69
14485
32
14695
16
14836
57
15797
78
16178
69
16388
77
16518
77
16738
69
16899
78
17169
79
18371
32
18681
76
19302
76
20213
8
20364
8
20734
65
21295
76
21415
76
21756
69
23168
32
23708
83
24109
79
24449
84
24600
84
24760
79
25371
67
25501
76
25811
65
26102
83
26212
83
26472
73
27614
188
27804
32
28015
83
28255
69
28435
32
29567
81
30328
85
30508
69
30859
83
31019
84
31179
69
34614
70
34744
65
35245
78
35365
78
35565
79
35736
32
35916
80
36166
65
36577
82
36807
84
36837
69
41103
32
41314
68
41344
73
41544
32
42505
65
42626
76
43056
84
43216
82
43657
73
43837
32
43998
80
44198
65
44729
67
45059
75
45530
65
45700
71
46040
69
46671
16
46892
48
47723
190
52189
32
52330
16
52450
73
52640
32
53661
80
53802
65
55033
67
55194
75
55905
65
56115
71
56475
69
58308
32
58779
82
58959
65
59480
80
59610
80
60161
82
60311
69
60672
83
60862
69
61563
78
61913
84
62043
65
62334
78
62654
79
65118
32
65408
85
65579
78
65809
79
65969
32
66280
68
66440
69
67151
71
67321
76
67501
73
67662
32
68212
83
68383
84
68923
82
69444
85
69715
77
69895
69
70035
78
70516
84
71137
73
73200
32
73610
80
73820
73
74451
85
74652
192
74832
32
75283
80
75453
79
75783
84
75953
69
76184
78
76484
84
77125
73
78297
32
78798
77
79158
69
79418
83
79549
83
79739
73
79879
32
80079
65
80340
32
80730
68
81011
73
81281
83
81712
80
81872
79
82513
83
82663
73
83104
90
83244
73
83384
79
83584
78
83825
69
85287
32
85888
68
86078
65
86318
32
86819
16
87029
74
87270
65
87400
32
87941
86
88101
65
89243
8
89393
8
89543
8
90625
86
90735
65
92808
188
92978
32
93158
80
93328
79
93509
73
94270
67
94580
72
95051
69
95231
192
95371
32
97855
67
97955
79
98175
78
98486
83
98676
69
98977
78
99407
84
99567
79
99808
78
00008
79
01520
32
02291
68
02412
73
02602
32
03183
82
03483
65
03964
71
04094
71
04454
82
06958
85
07329
80
07439
80
07839
65
08050
82
08180
69
08440
32
10984
68
11254
73
11665
86
11835
69
12005
82
12346
83
12526
69
15771
32
16862
67
17013
76
17253
65
17543
83
17673
83
17984
73
18154
32
18525
67
18695
79
19015
82
19136
82
19346
69
19586
76
19837
65
20397
84
20528
69
22100
32
22571
73
22791
78
22951
32
23121
77
23322
79
23932
68
24063
79
24273
32
26186
67
26416
72
26767
69
26917
32
27247
83
27488
73
27628
65
27808
32
28008
80
28179
79
28569
83
28719
83
28910
73
29270
66
29400
73
29571
76
29931
69
32955
32
33136
73
33316
77
33506
80
33697
79
34217
82
34357
84
34658
65
34888
82
35599
76
35739
69
38844
32
39084
73
39285
78
39455
32
40026
84
40186
85
40566
84
40697
84
41117
69
41808
32
42549
76
42750
65
44292
8
45073
69
45223
32
45514
65
45874
80
46014
80
46204
76
46405
73
46735
67
46875
65
47126
90
47296
73
47446
79
47657
78
48728
73
49439
32
50831
67
51492
8
51813
68
52023
79
52504
86
52674
69
52844
32
53054
83
53335
79
53565
78
53745
79
53966
32
57871
82
57991
73
58292
67
58632
72
58813
73
59283
69
60235
83
60375
84
60585
69
63049
188
63409
32
63579
16
63790
73
64050
78
64941
32
65893
8
66033
8
66243
8
66404
8
66634
8
67505
190
67735
32
68396
16
68627
73
68877
78
69037
32
69608
81
69778
85
70089
69
70449
83
70590
84
70910
79
71080
32
71261
77
71431
79
71891
68
72022
79
72182
32
75276
83
75427
73
75577
32
75897
67
76087
82
76268
69
76408
65
76969
78
77249
79
80734
32
81575
83
81706
79
82577
83
82727
84
82877
65
83228
78
83568
90
83779
73
83989
65
84149
76
84429
77
84830
69
84940
78
85211
84
85361
69
89907
32
90088
68
90238
69
90809
76
90929
76
91069
69
91269
32
91640
76
91830
73
92241
66
92601
82
92751
69
93523
82
93663
73
93923
69
96537
188
96697
32
97508
67
97709
72
98109
69
98259
32
98450
83
98610
73
98780
32
98940
80
99121
79
99361
83
99491
83
99711
79
99932
78
00122
79
03617
8
04108
8
04418
8
04588
8
05199
8
05370
8
05510
8
05660
8
05800
8
06021
8
06782
80
06942
79
07202
83
07302
83
07553
79
07903
78
08073
79
12229
32
12810
69
13031
83
13151
83
13391
69
13551
82
13712
69
14863
32
15124
85
15604
84
15744
73
15905
76
16095
73
16886
90
17016
90
17177
65
17527
84
17677
69
22745
32
23025
69
23255
83
23486
65
23836
84
23966
84
24137
65
24437
77
24597
69
24727
78
24958
84
25108
69
25248
32
25609
67
25819
79
26029
78
26580
8
26860
77
27071
69
27211
32
27441
73
27612
32
28172
80
28333
65
28953
67
29174
75
29965
65
30135
71
30335
69
30536
32
35263
68
35363
73
35523
32
36274
83
36404
73
37155
83
37275
84
37436
69
37786
77
38527
65
40210
32
40931
70
41101
79
41441
82
41752
78
41932
73
42323
84
42483
73
42653
32
43024
67
43184
79
43454
78
43655
32
43845
73
44045
186
45597
8
46469
76
46649
32
47180
16
47500
74
48431
68
48972
75
51326
190
57585
32
58065
16
58556
16
58596
16
58626
16
58666
16
58696
16
58736
16
58766
16
58806
16
58836
76
59237
192
59417
32
59798
73
60479
83
60639
84
60859
82
61390
85
61731
90
61981
73
62121
79
62382
78
62622
69
62812
32
65186
80
66317
65
67128
67
67249
75
67960
65
68110
71
68831
69
69021
32
70904
68
71074
69
71445
86
71585
69
71755
32
72015
84
72186
82
72716
79
73077
86
73638
65
73978
82
74459
83
74609
73
75611
32
76011
83
76282
69
76602
77
76882
80
77273
82
77413
69
77593
32
77814
65
78074
76
78204
76
78445
192
78615
32
78855
73
79086
78
79256
73
79556
90
79696
73
