79857
79
80007
32
84573
68
84764
69
85695
76
85875
32
86116
70
86246
73
86416
76
86616
69
86767
32
88249
83
88619
79
88950
82
89711
71
89871
69
90071
78
90562
84
90702
69
93546
188
93727
32
94588
80
94868
82
95069
73
95309
77
95509
65
95689
32
95920
68
96100
73
96280
32
96511
79
97001
71
97382
78
97552
73
97742
32
98133
65
98253
76
98764
84
98924
82
99084
65
01247
190
06495
32
06665
16
07126
69
07687
192
07807
32
08688
80
08838
79
09109
83
09229
83
09429
73
09770
66
10000
73
10180
76
10411
69
10561
32
10731
68
10901
69
11152
70
11372
73
11602
78
11803
73
12133
82
12313
69
13215
32
14306
68
14757
73
15147
86
15308
69
15548
82
16089
83
16630
69
18993
32
19744
67
19964
76
20145
65
20425
83
20545
83
20836
73
21006
32
21216
65
21416
76
21567
76
21907
192
22097
32
22328
73
22538
78
22889
84
23119
69
23349
82
23750
78
24130
79
24962
32
25352
83
26183
8
26414
68
26544
69
27115
75
27635
8
27936
76
28086
76
28396
79
28637
32
29288
83
29468
84
29688
69
30059
83
30199
83
30369
79
30540
32
31190
219
31351
65
32112
8
32252
8
32923
80
33073
65
33494
67
33944
75
34365
65
34766
71
34906
69
38371
8
38521
8
38691
8
38862
8
39002
8
39142
8
39302
8
40143
70
40294
73
40464
76
40824
69
41005
32
41906
83
42016
79
42256
82
42697
71
42837
69
43308
78
43648
84
43769
69
45731
32
46012
73
46242
78
46412
32
46913
67
47103
85
47294
73
47414
32
48205
83
48325
73
48465
32
50749
69
50879
192
51059
32
51790
68
51920
73
52261
67
52581
72
52741
73
53002
65
53362
82
53493
65
53813
84
54244
79
56247
32
56597
73
56767
76
56938
32
57178
78
57368
85
57558
79
58289
86
58430
79
58590
32
58750
80
59010
65
59441
67
59712
75
60322
65
60453
71
60663
69
64388
16
64579
186
65620
32
66281
69
66551
83
66672
83
66882
69
67102
32
67753
86
67903
69
68194
78
68765
71
68875
79
69105
78
69315
79
70407
32
70817
84
71218
85
71488
84
71599
84
72039
69
73471
32
73852
65
74192
72
74773
8
75154
71
75304
71
75775
73
75935
85
76175
78
76556
84
76726
69
78428
32
78689
65
78839
76
78989
32
79159
80
79360
65
80031
67
80301
75
80682
65
80942
71
81082
69
82444
32
82665
83
82995
80
83245
69
83686
67
83856
73
84327
70
84437
73
84778
67
84928
65
85358
84
85509
79
88373
186
88693
32
89424
83
89574
79
89735
76
89915
73
90316
84
90466
65
90706
77
90906
69
91017
78
91297
84
91467
69
95082
32
95273
83
95363
73
95533
32
96514
80
96745
82
96905
69
97175
70
97376
69
97646
82
97866
73
98287
83
98527
67
98718
69
01041
32
01512
84
02323
85
02583
84
02713
84
02864
65
03444
86
03855
73
04005
65
07961
32
08341
85
09243
84
09383
73
09563
76
09723
73
10424
90
10555
90
10705
65
11636
82
11786
69
17274
32
17445
85
17665
78
17825
32
18556
70
18716
73
18867
76
19087
69
19307
32
22131
83
22271
79
22552
82
22972
71
23113
69
23523
78
23844
84
23984
69
24274
32
24435
83
24645
69
25196
80
25356
65
25646
82
25787
65
26427
84
26568
79
32296
80
33097
8
33347
32
33558
80
33808
69
33998
82
34169
32
35420
67
35561
73
35791
65
36051
83
36302
67
36512
85
36732
78
36923
65
37093
32
37473
67
37614
76
37834
65
38114
83
38254
83
38485
69
40558
190
44263
32
45385
16
45615
85
45855
78
46026
65
46166
32
47338
86
47868
79
48018
76
48499
84
48659
65
48840
32
49190
67
49400
82
49581
69
49751
65
50031
84
50452
79
50823
32
51003
73
51183
76
51333
32
51493
80
51774
65
52184
67
52585
75
53096
65
53416
71
53657
69
60937
37
61428
37
61478
37
61528
37
61578
37
61618
37
61668
37
61718
37
61828
37
62009
37
62259
16
62339
39
62509
39
63641
85
63811
78
64602
17
64793
39
65103
39
69379
188
69539
32
70321
80
70611
69
70831
82
71012
32
71322
85
71783
84
71923
73
72083
76
72253
73
72664
90
72784
90
72924
65
73215
82
73335
69
79744
32
79994
76
80125
69
80255
32
80896
67
81046
76
81246
65
81467
83
81597
83
81767
73
81937
32
84521
73
84711
78
84881
32
85302
69
85542
83
85673
83
85853
79
86003
32
93694
67
93834
79
94095
78
94455
84
94595
69
94836
78
95076
85
95447
84
95597
69
99342
32
00063
69
00274
192
00404
32
01215
80
01365
79
01606
83
01716
83
01936
73
02457
66
02567
73
02737
76
02907
73
03979
8
04440
69
04560
32
08305
80
08445
82
09196
79
09687
67
09897
69
10088
68
10228
69
10388
82
10548
69
10779
32
11059
73
11249
78
11410
32
11800
68
12000
85
12241
69
12381
32
12701
77
12872
79
13152
68
13302
73
14895
16
15045
186
21003
32
22325
73
22506
77
22726
80
22886
79
23267
82
23427
84
23717
65
24008
82
24158
69
24368
32
26451
73
26622
76
26782
32
26942
80
27172
65
27813
67
27973
75
28354
65
28745
71
28885
69
30717
32
31108
65
31288
76
31418
76
31969
192
32350
32
32600
73
32830
78
33071
73
33592
90
33722
73
33852
79
34042
32
36135
68
36295
69
36466
76
36636
32
36946
70
37107
73
37267
76
37457
69
37627
32
38268
83
38398
79
38629
82
39039
71
39220
69
39520
78
39881
84
40001
69
41723
32
41883
69
42004
32
42925
82
43045
73
43456
70
43596
69
43736
82
44207
73
44577
82
44918
83
45048
73
46440
32
46951
68
47401
73
47712
82
47852
69
48042
84
48162
84
48353
65
48593
77
48753
69
48863
78
49114
84
49304
69
50406
32
50886
65
51097
73
51257
32
51517
78
51708
79
52439
77
52629
73
54532
32
54772
68
54922
69
55112
76
55243
76
55403
69
55583
32
56124
67
56244
76
56444
65
56675
83
56795
83
56965
73
57125
32
58067
68
58217
69
58437
83
58688
73
58968
68
59298
69
59499
82
59839
65
60170
84
60280
69
63855
16
64396
186
65908
32
66499
73
66669
78
67040
68
67160
73
67490
67
67640
65
68041
82
68181
69
70264
32
70615
73
70775
76
71196
32
71466
78
71676
80
71726
79
71887
77
72988
8
73138
8
73299
8
74000
79
74230
77
74570
69
75281
32
76493
67
76623
79
76834
77
77214
80
77385
76
77935
69
78396
84
78576
79
80990
32
81120
68
81300
69
81400
76
81550
32
82312
80
82462
65
83133
67
83263
75
83664
65
84084
71
84254
69
88110
32
88891
80
89041
82
89201
73
89432
77
90113
65
92166
32
92546
68
92707
69
92867
76
93037
32
93287
78
93488
79
93688
77
93888
69
95981
32
96442
68
96562
73
96712
32
97614
67
97784
76
97984
65
98255
83
98395
83
98595
69
00237
188
00388
32
01299
83
01489
69
01750
80
01990
65
02431
82
02571
65
02981
78
03522
68
03672
79
03823
76
03983
79
04163
32
04614
67
04754
79
04984
78
05164
32
05385
85
05575
78
05725
32
06026
80
06456
85
06667
78
07518
84
07618
79
09721
190
10873
32
11964
16
12235
78
12765
69
12936
76
13096
32
13266
80
13657
82
13837
73
14217
77
14408
79
14588
32
14969
67
15109
65
15349
83
15760
79
18103
32
20106
83
20406
73
20567
32
20837
85
21688
84
21788
73
21929
76
22089
73
22439
90
22600
90
22770
65
24182
32
24512
76
25384
192
25584
32
25804
73
26585
83
26725
84
26886
82
27416
85
27677
90
28067
73
28208
79
28408
78
28638
69
30571
32
30831
73
31072
77
31342
80
31482
79
31883
82
32023
84
32734
32
33105
80
33345
69
33525
82
33876
32
34116
73
34617
77
34827
80
34977
79
35398
82
35598
84
35788
65
35989
82
36159
69
37982
32
38362
73
38522
76
38683
32
38823
80
39153
65
39564
67
39834
75
40305
65
40465
71
40686
69
42909
186
45553
32
46203
67
46364
79
46995
78
47165
32
47405
76
