72650
16
72870
16
72930
16
72930
76
73310
219
73640
73
73860
77
74140
80
74960
69
75180
82
75730
65
75950
84
76440
79
76940
82
77160
69
77430
32
78040
83
78370
69
78640
32
79190
78
79570
219
80340
69
80670
82
81110
65
81280
32
81440
65
81610
78
81770
68
81990
65
82430
84
82980
32
83750
8
84630
79
84790
32
85180
85
85560
66
86000
82
86110
73
86440
65
86770
67
86880
79
95340
188
96270
32
97370
76
97530
65
97700
32
97970
83
98250
67
98410
73
98630
77
98800
77
98960
73
99180
65
99290
32
99460
83
99730
69
99840
32
00010
78
00280
219
00670
69
00890
82
01160
65
01320
32
01490
65
01600
78
01710
68
01930
65
02260
84
02530
65
02700
32
02860
77
03080
79
03300
82
03520
84
03800
65
09560
188
09730
32
10170
69
10390
32
10880
73
11100
76
11210
32
11430
83
11600
85
11820
79
11930
32
12250
71
12420
73
12580
65
12910
82
13080
68
13240
73
13460
78
13680
79
13790
32
15220
8
15390
8
15610
8
15770
8
16150
8
16320
8
16540
8
16700
8
17420
85
17640
65
17970
82
18130
68
18300
73
18460
65
18630
78
18850
79
18960
32
20880
83
21100
69
21320
32
21540
78
22200
69
22360
32
23950
69
24230
82
24500
65
24830
32
25160
65
25330
78
25550
68
25770
65
26100
84
26260
79
26370
32
26540
80
27140
73
27360
65
27470
78
27910
71
28180
69
28290
78
28620
68
28840
79
30330
190
30930
13
34220
16
34440
16
34500
16
34500
16
34550
16
34550
16
34610
16
34660
16
34660
16
34720
16
34720
16
34770
16
34830
16
34830
16
34880
16
34880
16
34940
16
34940
16
34990
16
35050
73
35490
82
35760
69
36040
78
36200
69
37960
32
38290
69
38450
32
38780
73
38950
79
39060
32
39280
69
39500
82
39720
65
40160
86
40430
65
40600
77
40820
79
40980
32
43620
83
43780
79
44000
76
44170
73
44330
32
46420
73
46640
78
46800
32
47240
81
47350
85
47570
69
47680
76
47850
32
48400
66
48670
69
48840
76
48940
76
49110
73
49330
83
49550
83
49660
73
49820
77
50040
79
50210
32
50540
76
50760
85
50980
79
51910
66
52080
8
52190
71
53500
79
57070
188
57290
32
57680
67
57840
79
58060
78
58230
32
59380
73
59600
76
59770
32
59930
84
60260
65
60590
86
60750
79
60920
76
61080
79
61250
32
61410
77
61580
65
61800
67
62020
67
62130
72
62290
73
62400
65
62680
84
62730
79
62900
32
63230
68
63390
73
63450
32
63670
83
63880
65
64050
78
64270
71
64380
85
64600
69
70480
8
70750
8
70920
8
71410
8
71570
8
71740
8
72950
86
73060
73
73280
78
73550
79
73660
32
73830
83
74050
85
74320
76
74490
32
75200
81
75310
85
75470
65
75580
76
76130
69
80800
32
81570
83
81740
73
81850
32
82230
84
82500
82
82670
79
83050
86
83270
65
83660
86
83930
65
85360
32
87060
73
87230
76
87390
32
87780
86
88000
65
88330
83
88440
79
88770
32
89040
67
89150
79
89370
78
89530
32
90140
73
90300
32
90580
70
90690
73
90910
67
91020
72
91240
73
91400
32
91790
65
92060
86
92230
86
92450
69
92610
76
92780
69
92940
78
93110
65
93430
84
93540
73
98050
32
99150
69
99310
32
99530
76
99700
65
99750
32
00080
67
00250
79
00470
80
00630
80
00740
65
00900
32
01290
68
03930
79
04200
82
04470
65
04860
84
05080
65
05240
32
05460
65
05680
77
05790
77
05960
65
06230
67
06400
67
06620
65
07000
84
07170
65
07390
32
09750
83
09910
85
10130
76
10300
32
10570
80
10680
65
11120
86
11230
73
11510
77
11670
69
11780
78
12050
84
12160
79
12330
32
12770
68
12820
73
12990
32
13210
77
13370
65
13650
82
13760
77
13980
79
17660
190
19250
13
20790
16
21010
76
21280
219
21670
73
21940
77
22220
80
22380
69
22600
82
22870
65
23260
84
23480
82
23640
73
23860
67
24140
69
24360
32
28090
83
28200
73
28370
32
28590
83
28810
69
29080
68
29250
69
29520
84
29740
84
30020
69
30120
32
30340
83
30510
85
30950
76
31110
32
31830
68
31990
73
32320
86
32600
65
32710
78
32930
79
45560
188
45720
32
51550
71
51710
85
51930
65
52200
82
52480
68
52700
65
52860
78
53030
68
53140
79
53410
77
53630
73
53800
32
54020
67
54070
79
54290
78
54460
32
54620
85
54840
78
55230
65
55390
32
55610
83
55990
80
56160
69
56490
67
56600
73
56820
69
56980
32
57150
68
57260
73
57420
32
57640
83
57970
84
58140
85
58630
80
58800
79
59020
82
59240
69
59400
32
59620
78
59730
69
60000
71
60060
76
60280
73
60440
32
60610
79
60770
67
60990
67
61100
72
61320
73
61490
32
61650
67
61760
79
61980
77
65440
8
65660
8
66380
8
67090
77
67200
69
67360
78
67580
84
67800
82
68020
69
68190
32
70770
73
70930
79
71100
32
71210
83
71540
84
71870
65
72200
86
72310
79
72360
32
72470
73
72690
78
72860
32
73130
80
73350
73
73520
69
73740
68
73900
73
74010
32
79780
68
79940
73
80220
32
80660
70
80930
82
81100
79
81320
78
81540
84
81810
69
81920
32
82080
65
82250
32
82410
76
82580
69
82740
73
82910
32
83130
83
83790
85
85270
76
85430
76
85600
219
85930
65
86310
84
86480
84
86750
69
86860
78
87080
84
87190
73
91260
188
91590
32
92690
67
92790
79
93010
77
93180
69
93290
32
93450
68
93670
69
93950
86
94170
69
94330
32
94550
69
94830
83
94990
83
95210
69
95430
82
95930
76
96150
79
96260
32
96530
85
96750
78
96910
32
97130
83
97240
79
97460
76
97900
68
98180
65
98450
84
98620
79
98730
32
98950
73
99170
78
99330
32
99500
83
99660
69
99880
82
00100
86
00260
73
00700
90
00810
73
00980
79
25860
190
27340
13
29160
80
29380
80
29430
80
29430
80
29490
80
29540
80
29540
80
29590
80
29590
80
29650
80
29700
80
29700
80
29760
80
29760
80
29810
80
29810
80
29870
80
29920
80
29920
80
29980
80
29980
80
30030
80
30090
80
30090
80
30140
80
30140
80
30200
80
30200
80
30250
80
30310
80
30310
80
30360
80
30360
80
30420
80
30470
80
30470
80
30530
80
30530
80
30580
80
30580
80
30640
80
30690
80
30690
80
30750
80
30750
80
30800
80
30860
80
30860
80
30910
80
30910
80
30970
80
31020
80
31020
80
31080
80
31080
80
31130
80
31190
80
31190
80
31240
80
31240
80
31300
80
31300
80
31350
80
31410
80
31410
80
31460
80
31460
80
31520
80
31570
80
31570
80
31630
80
31630
80
31680
80
31680
80
31740
80
31790
80
31790
80
31850
80
31850
80
31900
80
31960
80
31960
80
32010
80
32010
80
32070
80
32070
80
32120
80
32180
80
32180
80
32230
80
32230
80
32290
80
32340
80
32340
80
32400
80
32400
80
32450
80
32450
80
32510
80
32560
80
32560
80
32620
80
32620
80
32670
80
32730
80
32730
80
32780
80
32780
80
32840
80
32840
80
32890
80
32950
80
32950
80
33000
80
33000
80
33060
80
33110
80
33110
80
33170
80
33170
80
33220
80
33220
80
33270
80
33330
80
33330
80
33380
80
33380
80
33440
80
33490
80
33490
80
33550
80
33550
80
33600
80
33600
80
33660
80
33710
80
33710
80
33770
80
33770
80
33820
80
33880
80
33880
80
33930
80
33930
80
33990
80
33990
80
34040
80
34100
80
34100
80
34150
80
34150
80
34210
80
34260
80
34260
80
34320
80
34320
80
34370
80
34370
80
34430
80
34480
80
34480
80
34540
80
34540
80
34590
80
34650
80
34650
80
34700
80
34700
80
34760
80
34760
80
34810
80
34870
80
34870
80
34920
80
34920
80
34980
80
35030
80
35030
80
35090
80
35090
80
35140
80
35140
80
35200
80
35250
80
35250
80
35310
80
35310
80
35360
80
35420
80
35420
80
35470
80
35470
80
35530
80
35580
80
35580
80
35640
80
35640
80
35690
80
35690
80
35750
80
35800
80
35800
80
35860
80
35860
80
35910
80
35970
80
35970
80
36020
80
36020
80
36080
80
36080
80
36130
80
36190
80
36190
80
36240
80
36240
80
36300
80
36350
80
36350
80
36410
80
36410
80
36460
80
36460
80
36520
80
36570
80
36570
80
36630
80
36630
80
36680
80
36740
80
36740
80
36790
80
36790
80
36850
80
36850
80
36900
80
36950
80
36950
80
37010
80
37010
80
37060
80
37120
80
37120
80
37170
80
37170
80
37230
80
37230
80
37280
80
37340
80
37340
80
37390
80
37390
80
37450
80
37500
80
37500
80
37560
80
37560
80
37610
80
37610
80
37670
80
37720
80
37720
80
37780
80
37780
80
37830
80
37890
80
37890
80
37940
80
37940
80
38000
80
38000
80
38050
80
38110
80
38110
80
38160
80
38160
80
38220
80
38270
80
39260
8
39540
8
39540
8
39590
8
39590
8
39650
8
39700
8
39700
8
39760
8
39760
8
39810
8
39870
8
39870
8
39920
8
39920
8
39980
8
39980
8
40030
8
40090
8
40090
8
40140
8
40140
8
40200
8
40250
8
40250
8
40310
8
40310
8
40360
8
40360
8
40420
8
40470
8
40470
8
40530
8
40530
8
40580
8
40630
8
40630
8
40690
8
40690
8
40740
8
40740
8
40800
8
40850
8
40850
8
40910
8
40910
8
40960
8
41020
8
41020
8
41070
8
41070
8
41130
8
41130
8
41180
8
41240
8
41240
8
41290
8
41290
8
41350
8
41400
8
41400
8
41460
8
41460
8
41510
8
41510
8
41570
8
41620
8
41620
8
41680
8
41680
8
41730
8
41790
8
41790
8
41840
8
41840
8
41900
8
41900
8
41950
8
42010
8
42010
8
42060
8
42390
8
42560
8
44150
39
46620
37
47170
38
47830
39
49310
38
49860
38
51240
46
51510
46
51510
46
51570
46
51620
46
51620
46
51670
46
51670
46
51730
46
51730
46
51780
46
51840
46
51840
46
51890
46
51950
46
51950
46
52000
46
52060
46
52060
46
52110
46
52170
46
52170
46
52220
46
52220
46
52280
46
52280
46
52330
46
52390
46
52390
46
52440
46
52500
46
52500
46
52550
46
52610
46
52610
46
52660
46
52660
46
52720
46
52770
46
52770
46
52830
46
52880
46
52880
46
52940
46
52940
46
52990
46
53050
46
53050
46
53100
46
53100
46
53160
46
53210
46
53210
46
53270
46
53320
46
53320
46
53380
46
53430
46
53430
46
53490
46
53490
46
53540
46
53600
46
53600
46
53650
46
53710
46
53710
46
53760
46
53760
46
53820
46
53870
46
53870
46
53930
46
53980
46
53980
46
54040
46
54040
46
54090
46
54150
46
54150
46
54200
46
54200
46
54260
46
54310
46
54310
46
54370
46
54370
46
54420
46
54480
46
54480
46
54530
46
54590
46
54590
46
54640
46
54640
46
54700
46
54750
46
54750
46
54810
46
54860
46
54860
46
54920
46
54970
46
54970
46
55030
46
55030
46
55080
46
55140
46
55140
46
55190
46
55190
46
55250
46
55300
46
55300
46
55350
46
55350
46
55410
46
55460
46
55460
46
55520
46
55570
46
55570
46
55630
46
55680
46
55680
46
55740
46
55740
46
55790
46
55850
46
55850
46
55900
46
55960
46
55960
46
56010
46
56010
46
56070
46
56120
46
56120
46
56180
46
56180
46
56230
46
56290
46
56290
46
56340
46
56400
46
56400
46
56450
46
56450
46
56510
46
56560
46
56560
46
56620
46
56620
46
56670
46
56730
46
56730
46
56780
46
56780
46
56840
46
56890
46
56890
46
56950
46
57000
46
57000
46
57060
46
57060
46
57110
46
57170
46
57170
46
57220
46
57280
46
57280
46
57330
46
57330
46
57390
46
57440
46
57440
46
57500
46
57500
46
57550
46
57610
46
57610
46
57660
46
57720
46
57720
46
57770
46
57770
46
57830
46
57880
46
57880
46
57940
46
57990
46
57990
46
58050
46
58050
46
58100
46
58160
46
58160
46
58210
46
58210
46
58270
46
58320
46
