55141
37
55202
37
55262
37
55322
37
55382
37
55442
37
55502
37
55612
37
55812
37
55983
37
56383
37
57224
8
58987
32
60229
40
63644
188
63814
32
64305
73
64495
77
64775
80
64936
76
65546
69
65707
77
65847
69
66328
78
66688
84
66828
65
67099
84
67209
65
69372
32
69752
73
69963
78
70123
32
70303
76
70494
73
70704
78
71225
71
71615
85
71815
65
72336
71
72466
71
73508
73
73708
32
74219
80
74449
73
75270
85
75441
192
75611
32
76112
65
76302
86
76452
65
77103
78
77444
90
77684
65
78235
84
78395
73
78605
32
81439
67
81610
79
81820
77
82200
69
82361
32
82561
73
82781
76
82931
32
83522
16
83743
67
85956
107
86156
107
88349
188
88519
32
89160
83
89371
69
89631
78
90012
90
90172
65
90913
32
91213
80
91384
69
91604
82
92055
79
92265
192
92385
32
95059
73
95249
78
96050
84
97032
82
97172
79
97793
68
98093
85
98424
82
98554
82
98684
69
01749
32
02289
76
02419
69
02540
32
03401
67
03541
79
03741
77
03982
80
04142
76
04502
69
04803
83
04933
83
05143
73
05524
84
05674
65
06065
192
06215
32
08108
76
08318
69
08949
71
09099
65
09440
84
09640
69
09940
32
10151
65
10551
32
11182
81
11332
85
11633
69
11963
83
12414
84
12574
79
12724
32
12945
77
13265
69
16219
67
16339
67
17071
65
17331
78
17661
73
18022
83
18963
77
19164
79
20445
190
22629
32
23310
16
23530
76
23990
69
24181
32
24381
73
24591
78
24942
84
25092
69
25222
82
25443
70
25643
65
26144
67
26264
67
26484
69
26724
32
27986
80
28207
82
28407
69
28597
83
28797
69
29138
78
29408
84
29558
65
29819
78
30049
79
31501
32
32012
80
32232
69
32423
82
32733
79
33003
192
33164
32
33644
85
34556
78
35848
65
35988
32
36278
76
36478
73
36679
77
36859
73
37330
84
37500
65
37720
90
37900
73
38391
79
38612
78
38802
69
42507
16
42717
186
43098
32
43789
80
43949
79
45041
83
45161
83
45501
79
45722
78
45922
79
46092
32
46563
67
46733
79
46974
78
47424
84
47624
69
48025
78
48195
69
48556
82
48696
69
52031
32
52261
83
52391
79
52562
76
53633
84
53783
65
54054
78
54434
84
54574
79
54755
32
55015
78
55205
79
55406
77
55566
73
55706
32
56107
68
56227
73
56397
32
56587
77
56818
69
57078
84
57649
79
57879
68
58009
73
58230
32
59361
8
59712
188
59862
32
60142
77
60243
78
60363
65
60533
32
62025
78
62225
79
62426
78
62576
32
62766
76
63117
69
63267
32
64759
82
64859
69
65190
76
65320
65
65751
84
65861
73
66191
86
66341
69
67483
32
67834
68
67984
69
68224
70
68414
73
68715
78
68875
73
69105
90
69296
73
69436
79
69656
78
70027
73
72430
190
75765
32
75915
16
76005
73
77087
78
77828
32
79030
83
79130
79
79320
83
79570
84
79721
65
80061
78
80442
90
80522
65
82384
188
82555
32
82695
76
83045
69
83166
32
83436
73
83646
78
84047
84
84187
69
84307
82
84508
70
84678
65
85379
67
85509
67
85659
69
87011
32
87462
83
87712
79
87912
78
88093
79
88413
32
88904
68
89084
69
89264
73
89435
32
99058
67
99199
79
99409
78
99769
84
99920
69
00160
78
00400
73
00901
84
01081
79
02173
82
02283
73
09974
32
10685
68
11046
79
11556
86
11707
69
14891
32
15382
83
15522
73
15692
32
15873
73
16083
78
16313
83
16514
69
16834
82
16964
73
17235
83
17515
67
17675
79
17886
78
18066
79
20379
32
21010
68
21170
69
21360
73
21521
32
21781
77
22062
69
22342
84
22702
79
23183
68
23313
73
24155
32
24645
68
24785
65
24946
32
25366
77
25547
69
25807
84
25937
84
26117
69
26448
82
26598
69
27379
32
27660
65
27820
32
28230
68
28401
73
28791
83
28941
80
29102
79
30233
83
30363
73
30614
90
30734
73
30874
79
31074
78
31275
69
32326
32
33318
68
33438
73
33628
32
33939
84
34409
85
34680
84
34800
84
34980
69
35120
32
35331
76
35481
69
35611
32
35851
67
35972
76
36222
65
36452
83
36592
83
36683
73
36833
32
37944
8
38595
188
38766
32
40188
73
40378
78
40839
68
41109
73
41660
80
41880
69
42190
77
42731
8
43042
78
43442
68
43602
69
43843
78
44113
84
44263
69
44514
77
44664
69
44844
78
45135
84
45275
69
45585
32
45996
68
46136
65
46497
76
46647
76
46857
65
47037
32
47508
71
47658
69
47809
82
47999
65
48580
82
49251
67
49441
72
49591
73
49721
65
49871
32
53897
8
55329
190
58103
32
58684
16
58894
73
59175
78
59315
32
59515
77
60006
79
60176
76
60857
84
61018
73
61168
32
61598
67
61729
65
61989
83
62309
73
62450
32
63010
69
63161
192
63301
32
63942
80
64092
79
64322
83
64452
83
64623
73
65073
66
65194
73
65344
76
65584
69
68038
32
69209
85
69370
84
69490
73
69670
76
69840
73
70211
90
70311
90
70471
65
70671
82
70812
69
74517
32
74637
76
74787
69
74978
32
75619
73
75829
78
76279
84
76400
69
76530
82
76690
70
76850
65
77231
67
77351
67
77471
69
78653
32
78933
65
79094
76
79234
32
79384
80
79554
79
79845
83
80045
89
80636
8
81056
84
81177
79
81337
32
83290
68
83460
69
83760
76
84031
69
84221
32
84561
67
84712
76
84912
65
85182
83
85302
83
85563
73
87345
188
87506
32
87686
80
88056
85
88567
82
88928
67
89158
72
89789
69
90029
192
90159
32
92242
73
92373
32
92763
82
92903
69
93164
76
93314
65
93835
84
93935
73
94596
86
94686
73
98181
32
98842
77
99303
69
99763
84
99943
79
00394
68
00544
73
01486
32
01836
83
02067
85
02637
8
03008
73
03178
65
03579
78
03839
79
04881
32
05351
68
05532
69
05852
70
06112
73
06353
78
06533
73
07004
84
07144
73
07825
32
08306
65
08466
76
08936
84
09137
82
09497
79
09938
86
10088
69
10999
190
18100
32
18230
16
18410
85
18620
78
18771
65
18921
32
19632
67
19842
76
20022
65
20363
83
20503
83
20703
69
20874
32
21274
80
21635
85
21805
79
22085
192
22246
32
23898
73
24078
77
24349
80
24539
76
25030
69
25200
77
25340
69
25540
78
25981
84
26301
65
26472
82
26662
69
27263
32
27844
85
28034
78
28204
32
28394
78
28575
85
28775
77
29155
69
29346
82
29526
79
29656
32
30057
81
30287
85
30477
65
30678
76
31339
83
31469
73
31629
65
32080
83
32210
73
32390
32
33932
68
34103
73
34263
32
34443
73
34683
78
34994
84
35114
69
35234
82
35414
70
35575
65
36186
67
36326
67
36556
69
38719
186
39530
32
40131
81
40312
85
40642
69
40902
83
41183
84
41553
79
41694
32
41934
83
42284
73
42675
71
43156
78
43316
73
43636
70
43736
73
44087
67
44197
65
47051
32
47472
67
47932
72
48143
69
48253
32
48503
69
48764
83
48884
83
49084
65
49224
32
52389
68
52529
69
52860
86
52970
69
53120
32
53561
73
53731
77
53931
80
54111
76
54432
69
54622
77
54792
69
54923
78
55193
84
55303
65
55543
82
55654
69
55824
32
58337
84
58458
85
58758
84
58888
84
59058
73
59189
32
59379
73
59609
32
60030
82
60190
69
60551
75
62113
8
62764
76
62874
65
63255
84
63785
73
64216
86
64336
73
64546
32
67300
77
67461
69
67801
84
68192
79
68913
68
69053
73
70425
190
71406
32
72217
16
72378
65
72838
76
72979
76
73129
79
73279
32
74170
83
74361
67
74551
79
74881
80
75031
79
75212
32
77525
83
77665
73
77876
32
78126
85
78617
84
78757
73
78917
76
79087
73
79498
90
79618
90
79758
65
83454
32
83744
76
83874
65
84024
32
84225
80
84545
65
85306
82
85436
79
85587
76
85897
65
87059
32
87509
67
87700
74
88801
8
89552
72
89743
73
90143
65
90544
86
90704
69
91325
32
91675
73
91896
77
92236
80
92386
76
92957
69
93107
77
93248
69
93949
78
94319
84
94780
83
97904
188
98085
32
98455
67
98605
79
98806
77
