35984
84
36124
84
36255
69
36415
32
36615
65
36785
32
37056
68
37296
73
37617
83
37797
80
37967
79
38538
83
38708
73
39299
90
39449
73
39589
79
39790
78
40000
69
41162
32
41602
84
42173
85
42554
84
42674
84
42854
69
43034
32
43285
76
43445
69
43585
32
44066
70
44286
85
44497
78
44867
90
45027
73
45188
79
45418
78
45588
65
45778
76
46089
85
46950
84
47541
65
47831
192
48002
32
49233
37
49864
37
50034
37
50245
37
50495
16
50615
39
51737
16
52849
73
52969
17
53409
39
53840
39
56514
32
57856
78
58036
69
58817
67
58997
69
59278
83
59408
83
59588
65
60109
82
60249
73
60550
69
62032
32
62462
80
62833
69
63053
82
63364
32
63574
73
63774
77
64005
80
64175
76
64686
69
64856
77
65006
69
65166
78
65427
84
65607
65
65787
82
65957
69
66238
32
66438
73
66618
76
66779
32
66949
77
67239
85
67560
76
68141
84
68501
73
69322
84
69472
72
69673
82
69863
65
70073
68
70514
73
70694
78
71205
71
75161
37
75651
37
75731
37
75802
37
75882
37
75952
37
76432
39
76733
16
76843
39
77975
69
78596
17
78946
39
82020
188
82181
32
82732
67
82832
79
82992
77
83192
80
83673
82
83843
69
84053
83
84174
69
85786
32
86577
81
86747
85
87058
69
87278
76
87408
76
87609
69
87769
32
89692
67
90122
72
90423
69
90593
32
92085
67
92215
79
92455
78
92866
83
93046
69
93327
78
93687
84
94038
79
94288
78
94478
79
02870
32
03501
68
03952
73
04122
32
04453
65
04943
80
05074
80
05254
76
05444
73
05875
67
06085
65
06315
82
06466
69
12444
32
12604
76
13075
69
13235
69
14127
8
14407
32
14808
78
15368
69
15769
67
15989
69
16230
83
16350
83
16540
65
16951
82
17391
73
17712
69
17902
32
18233
80
18663
82
18974
79
19304
84
19554
69
19905
90
20265
73
20416
79
20616
78
20796
73
22379
190
23740
32
24041
16
24261
73
24462
76
24632
32
24952
80
25333
82
25783
73
27836
78
28177
67
28547
73
28728
80
29068
65
29208
76
29409
69
29569
32
29749
80
30140
82
30270
79
31191
66
31572
76
32022
69
32163
77
32533
65
32683
32
37060
80
37560
79
38121
83
38552
84
38672
79
38822
32
39073
68
39323
65
39483
76
39643
32
39884
77
40324
85
40595
76
41075
84
41216
73
41766
84
41997
72
42608
82
42818
65
43038
68
43559
73
43749
78
44030
71
45121
32
45732
69
45872
192
46033
32
46363
81
46693
85
46954
69
47214
76
47344
76
47505
79
48386
32
48756
68
48917
69
49107
76
49227
76
49397
65
49598
32
51621
83
51731
73
51961
78
52372
67
53013
82
53223
79
53613
78
53774
73
54174
90
54294
90
54445
65
54605
90
55025
73
55166
79
56488
78
56658
69
60904
188
61074
32
61505
67
61765
72
62046
69
62196
32
62576
80
63067
85
63247
79
63528
192
63708
32
65170
69
65450
83
65571
83
65801
69
66382
82
66522
69
78850
8
79350
8
79431
8
79511
8
79581
8
79661
8
79741
8
79821
8
79901
8
79981
8
80061
8
80142
8
80222
8
80372
8
80903
8
81083
8
82185
190
83196
32
95113
16
95604
16
95674
16
95744
16
95814
16
95884
16
95954
16
96014
16
96084
16
96155
16
96225
16
96295
16
96365
16
96435
16
96505
16
96575
16
96645
16
96725
16
96796
16
96876
16
96956
16
97036
16
97106
16
97186
16
97266
16
97346
16
97426
16
97507
16
97587
16
97667
16
97737
16
97817
16
97897
16
97977
16
98057
16
98137
16
98218
16
98288
16
14171
16
14421
70
15442
73
15643
78
15883
79
16294
82
16434
65
16554
32
16934
83
17085
73
17255
32
17706
69
17976
192
18106
32
18777
83
18977
69
19228
77
19608
80
19999
82
20149
69
20359
32
20940
80
21110
65
21501
82
21701
76
21892
65
22402
84
22523
79
24686
32
25276
68
25417
73
25587
32
25807
65
26138
80
26258
80
26418
76
27279
69
27390
84
28832
32
29513
69
29643
32
30003
65
30284
80
30404
80
30584
76
30764
73
31115
67
31255
65
31505
90
31646
73
31786
79
31966
78
32136
73
32307
32
33438
8
33719
188
33869
32
34370
83
34570
69
35000
78
35321
90
35431
65
35591
32
35882
83
36222
80
36843
73
37254
69
37434
71
37614
65
37794
82
37965
69
38085
32
40769
73
40929
76
41089
32
41259
77
41490
69
41800
67
41920
67
42041
65
43182
78
43262
73
43913
83
44214
77
45786
79
45956
32
48630
68
48720
73
48890
32
49712
70
49942
85
50172
78
50543
90
50713
73
50833
79
51044
78
51204
65
51374
77
51664
69
51785
78
52045
84
52185
79
52636
32
53147
68
53297
73
53457
32
53858
16
54158
74
54358
65
54589
66
55099
8
55430
86
55540
65
56181
190
59125
32
59315
16
59526
83
59916
73
60056
32
60347
84
60507
82
60677
65
61008
84
61138
84
61569
65
61729
32
64222
68
64353
73
64523
32
64713
85
64903
78
65034
32
65885
65
66245
82
66456
71
66756
79
66946
77
67307
69
67417
78
67677
84
67828
79
69560
32
69730
77
69911
79
70071
79
70241
76
71583
8
71733
8
72925
76
73366
84
73486
79
73656
32
74167
65
74317
86
74477
65
75178
78
75549
90
75719
65
76390
84
76490
79
81097
188
81297
32
82669
80
83520
69
83700
82
84141
67
84361
73
84622
79
84902
192
85072
32
85683
78
85864
79
86054
78
86224
32
86925
69
87045
192
87216
32
87466
73
87666
76
87806
32
88207
67
88347
65
88598
83
88968
79
93194
32
93625
68
93765
73
93925
32
94456
69
94726
78
95217
84
95387
82
95578
65
95898
82
96148
69
97350
32
97851
78
98031
69
98382
73
98552
32
98912
68
99073
69
99363
84
99493
84
99714
65
00194
71
00334
76
00515
73
04060
188
04280
32
06123
84
06643
85
06974
84
07094
84
07264
65
07895
86
08015
73
08266
65
09848
32
10619
69
10769
192
10900
32
11731
73
11921
77
12141
80
12312
79
12792
82
12943
84
13093
65
13393
78
13714
84
13834
69
14775
32
15476
67
15626
79
15837
77
16177
80
16678
82
16828
69
17179
78
17549
68
17709
69
17870
82
18030
69
18230
32
19442
73
19602
32
20083
67
20213
79
20443
78
21094
67
21244
69
21445
84
21575
84
22016
73
22176
32
24289
71
24659
69
24960
78
25100
69
25531
82
25721
65
37007
76
37167
73
43927
32
44838
76
45660
69
46210
71
46331
65
46661
84
47072
73
47222
32
47432
65
47502
76
47642
32
54582
66
74391
89
75382
84
75523
69
75913
67
76113
79
76604
68
76774
69
84666
32
85497
69
85637
32
85827
65
86038
76
86168
76
86278
65
86408
32
87029
77
87199
65
87530
67
87660
67
87910
72
88071
73
88251
78
88381
65
88531
32
88872
86
89322
73
89913
82
90093
84
90384
85
90604
65
90764
76
91095
69
94239
190
95081
32
98115
16
98365
73
98546
76
98696
32
00228
80
00378
82
00518
73
00749
78
01149
67
01320
73
01530
80
01800
73
01951
79
06547
32
07228
83
07398
85
07589
32
08019
67
08169
85
08330
73
08470
32
08800
83
08941
73
09091
32
09471
66
09612
65
12075
83
12175
65
13627
32
14108
76
14288
65
14398
32
14709
67
14839
65
15099
82
15310
65
15640
84
15760
84
16011
69
16391
82
16562
73
17032
83
17232
84
17533
73
17964
67
18104
65
19005
32
19836
70
19996
79
20217
78
20637
68
20788
65
21068
77
21398
69
21479
78
23261
84
23411
65
23692
76
23852
69
23962
32
24182
68
24323
73
24513
32
24994
16
25244
74
25444
65
25534
32
25815
67
27227
8
27768
86
27908
65
28038
32
34908
8
35579
188
35759
32
37011
79
37592
86
37722
86
37972
69
38123
82
38593
79
38763
32
38934
73
39114
76
39234
32
39665
70
39815
65
40356
84
40476
84
40616
79
45223
32
45483
67
45944
72
46154
69
46324
32
46515
73
46715
76
46845
32
47286
67
47426
79
47937
68
48087
73
48648
67
48838
69
50861
32
51552
67
51782
82
51932
69
52093
65
52533
84
52934
79
53094
32
53685
67
53805
79
54015
78
54166
32
54756
81
54927
85
55277
69
55638
83
56158
84
56299
79
56459
32
56649
76
56829
73
57110
78
57611
71
58051
85
58211
65
58902
71
59033
71
59263
73
59403
79
67214
32
67375
68
67535
73
67675
32
68696
80
68827
82
68907
79
69247
71
69438
82
69548
65
69798
77
69928
77
70048
65
70249
90
70389
73
70519
79
70699
78
70840
69
70960
32
73293
80
73533
85
73694
79
73864
192
73974
32
74885
69
75096
83
75206
83
75356
69
75496
82
75657
69
78821
32
79372
85
79532
84
79632
73
79802
76
79953
73
80323
90
80433
90
80584
65
81204
84
81305
79
81485
32
83097
83
83368
85
83548
32
83718
85
83898
78
84029
65
84109
32
85931
71
86092
82
86202
65
86532
78
86833
68
87023
69
87173
32
87694
86
87844
65
88225
82
88405
73
89246
69
89376
84
89697
65
89957
192
90027
32
93773
68
93893
73
94053
32
94233
83
94644
73
94794
83
95225
84
95335
69
95605
77
95846
73
99381
32
99571
68
00442
73
00803
86
00963
69
01093
82
01313
83
01604
73
04778
188
04949
32
05840
69
05960
192
06120
32
06601
77
06821
79
06982
76
07472
84
07592
79
07763
32
08053
83
