08444
69
08764
77
09365
80
09525
76
09705
73
10146
67
10326
69
14823
190
15083
32
15384
16
15704
80
16045
69
16285
82
16455
32
16635
79
17687
71
17837
78
18017
73
18158
32
19249
83
19379
73
19830
83
19990
84
20110
69
20381
77
20731
65
25218
188
25398
32
25969
16
26460
74
26650
65
26990
86
27131
65
27251
32
27781
77
27992
69
28272
84
28392
84
28553
69
28713
32
28903
65
29053
32
31286
68
31397
73
31727
83
31977
80
32148
79
32739
83
32879
73
33209
90
33349
73
33510
79
33740
78
33960
69
34111
32
38307
85
38507
78
38797
32
38927
65
40259
8
40480
8
41151
65
41271
32
41461
77
41591
65
41952
67
42082
67
42292
72
42463
73
42643
78
42773
65
42923
32
43234
86
43554
73
43935
82
44065
84
44415
85
44556
65
44746
76
44906
69
45006
32
47079
8
47410
188
47560
32
47830
73
48441
8
48772
85
48962
78
49152
32
49272
65
50304
8
50444
8
51225
65
51335
32
52116
83
52247
79
52637
82
52827
89
53769
8
54350
84
54520
65
54680
32
58636
73
59327
8
59477
8
60488
32
60679
68
60809
73
60959
32
62311
67
62441
79
62632
77
63082
80
63343
85
63633
84
63843
69
63984
82
67619
32
68430
65
68570
76
68700
76
69952
192
70313
73
71805
8
72135
32
72416
73
72646
78
72846
32
73597
8
73768
8
74599
8
74779
8
75079
8
76181
76
76361
192
77172
32
77683
73
79215
78
79656
84
79856
69
79946
82
80337
78
80557
79
80728
32
80948
68
81248
76
81399
32
83572
8
83732
8
84593
69
85224
76
85404
32
86526
67
86686
79
86886
77
87187
80
87557
85
87918
84
88128
69
88288
82
93636
188
93796
32
94908
67
95108
72
95359
69
95509
32
95779
79
95929
80
96310
69
96520
82
96721
65
97772
32
98002
65
98163
32
98483
76
98673
73
99034
86
99224
69
99455
76
99575
76
99755
79
00005
32
02038
69
02249
83
02529
67
02839
76
03130
85
03480
83
03641
73
04091
86
04231
65
04512
77
04702
69
04832
78
05153
84
05293
69
07376
32
07536
76
07716
79
08417
71
08588
73
09189
67
09339
79
10100
32
10921
69
11091
32
11482
78
11672
79
11892
78
12053
32
12433
70
12623
73
13605
83
13765
73
14096
67
14286
79
18342
190
20234
32
20445
16
20745
69
21256
192
21406
32
23469
76
23619
65
23759
32
25031
77
25182
65
25512
67
25632
67
25913
72
26073
73
26283
78
26473
65
26644
32
27845
86
28096
73
28386
82
28687
84
29087
85
29327
65
29468
76
29668
69
29828
32
30219
67
30529
72
30719
69
30890
32
31210
83
31390
73
31571
32
31751
79
32101
67
32242
67
32492
85
32752
79
33303
8
33574
80
34064
65
34204
32
36027
68
36197
69
36388
76
36518
76
36698
192
36918
32
37760
69
37920
83
38120
69
38431
67
38981
85
39142
90
39392
73
39532
79
39732
78
39913
69
40023
32
41886
68
42056
69
42256
76
42416
32
44239
66
45270
89
45561
84
45811
69
46232
67
46672
79
47233
68
47373
69
51319
32
51479
16
51610
57
51970
32
52961
8
53272
73
53472
76
53612
32
53973
67
54103
79
54504
68
54654
73
55125
67
55295
69
56236
32
56877
71
57198
69
57678
78
57999
69
58169
82
58339
65
58920
84
59391
79
62085
32
62385
68
62605
65
62786
76
62956
32
63406
67
63587
79
63857
77
64158
80
64358
73
64528
76
64728
65
65069
84
65479
79
65840
82
65970
69
66331
32
66571
16
66801
74
67222
65
67412
86
67532
65
79540
17
80261
16
80531
48
81032
32
81803
83
82063
85
82264
76
82454
32
82834
83
82995
73
83636
83
83806
84
83906
69
84186
77
84367
65
84497
32
84967
70
85148
73
85438
78
85568
65
85829
76
86049
69
90055
190
90375
32
93580
16
93880
73
94111
78
94271
32
94782
81
95002
85
95322
69
95583
83
95933
84
96083
79
96254
32
96504
77
96714
79
97145
68
97285
79
97475
32
98677
73
98857
76
99008
32
99328
67
99438
79
99769
68
99909
73
00269
67
00840
69
02573
32
03314
82
03684
73
04085
83
04235
85
04826
76
05146
84
05287
65
05487
32
08111
73
08301
78
08662
68
08872
73
09333
80
09553
69
09823
77
10785
8
12497
78
12787
68
12938
69
13228
78
13559
84
13709
69
13889
32
14049
68
14300
65
14490
76
14650
32
15111
83
15251
73
15672
83
15852
84
15992
69
16232
77
16423
65
16573
32
16943
70
17114
73
17454
83
17614
73
18245
67
18355
79
22231
32
22622
85
22822
84
22962
73
23132
76
23303
73
23673
90
23783
90
23934
65
24464
84
24624
79
26507
188
26677
32
26998
80
27158
79
27358
73
27779
67
28620
72
28981
69
29381
192
29722
32
31585
32
31735
76
32065
65
32286
32
32496
67
32896
79
33207
84
33748
8
34118
82
34238
82
34659
73
35070
83
35901
80
36061
79
36371
78
36862
68
37002
69
37463
78
37723
84
37914
69
40167
32
40848
77
41268
65
41559
67
41689
67
42070
72
42290
73
42540
78
42901
65
43622
32
44513
86
44814
73
45464
82
45825
84
46035
85
46346
65
46736
76
47047
69
48218
32
48669
79
48749
73
48839
80
49180
69
49340
82
49550
65
50482
32
53576
83
53897
82
53977
69
55148
8
55299
8
55569
8
55739
8
55909
8
56070
8
56250
8
56400
8
56570
8
57452
80
57932
69
58083
82
58293
65
58523
32
58734
83
58904
69
59515
77
59735
80
61998
82
62138
69
62329
32
62769
73
62970
78
63150
32
63310
77
63490
79
63871
68
64211
79
64372
32
64692
65
65203
78
65503
65
65904
76
66054
79
66405
71
66725
79
69609
188
69769
32
70591
73
70771
78
71111
84
71342
69
71482
82
72043
80
72403
82
72603
69
72694
87
72824
84
72904
82
75558
8
75698
8
75858
8
77040
84
77270
65
77761
78
78091
68
78492
79
79724
32
80214
79
80365
80
81136
80
81947
79
82798
82
82988
84
83399
85
83830
78
84170
65
84561
77
84901
69
85402
78
85923
84
86113
69
87895
32
88256
76
88707
87
88787
69
88907
32
89978
8
90119
8
90519
8
91471
69
91751
32
93534
73
94094
83
94705
84
94896
82
95336
85
95757
90
96157
73
96308
79
96538
78
96948
73
99933
32
00323
70
00774
79
01084
82
01385
78
01605
73
01906
84
02186
69
02406
32
02607
68
02817
65
03268
76
03458
32
06953
66
07494
89
07834
84
08074
69
08445
67
08996
79
09446
68
09607
69
12391
190
13002
32
13813
16
13983
73
15225
78
15395
32
18319
69
21173
70
21314
70
22445
69
22746
84
22876
84
23276
73
27783
188
27943
32
28684
65
28844
32
29055
68
29315
73
29736
70
29866
70
30006
69
30186
82
30337
69
31108
78
31708
90
31829
65
61591
32
62623
68
62763
73
62933
32
63174
65
63354
76
64005
84
64155
82
64616
73
64796
32
65878
76
66088
73
66358
78
67250
71
67420
85
67660
65
68221
71
68331
71
68602
73
75321
32
76313
67
76513
79
76803
77
77214
69
77404
32
77614
73
77805
76
77965
32
78486
16
78706
67
80188
188
80368
32
80919
16
81420
16
81500
16
81580
16
81670
16
81750
16
81831
74
82021
65
82261
86
82391
65
85045
32
85336
78
85636
79
85836
78
85966
32
86387
71
86527
69
86818
78
86978
69
87248
82
87399
65
89291
32
89592
85
89792
78
89952
32
90433
67
90603
79
91164
68
91294
73
91735
67
92025
69
92205
32
92476
77
92636
65
92997
67
93137
67
93868
72
94048
73
94268
78
94619
65
08859
188
09090
32
09891
77
10051
65
10231
32
10572
85
10742
78
10882
65
11033
32
11373
70
11533
79
11834
82
12034
77
12224
65
12384
32
12655
73
12845
78
13496
84
13636
69
13756
82
14167
78
14678
8
14988
77
15148
69
15439
68
15569
73
15769
65
15880
32
20907
8
21678
188
21858
32
22098
73
22279
76
22419
32
22779
66
23410
89
23821
84
23971
69
24352
67
24572
79
24933
68
25093
69
28888
188
29058
32
29549
67
30100
72
30290
69
30470
32
30751
69
30921
32
33505
8
34376
192
34506
32
35107
68
35257
69
35668
83
36028
84
36459
73
36790
78
36940
65
37521
84
37651
79
43139
32
43349
65
43760
80
43890
80
44240
85
44451
78
44921
84
45071
79
45242
32
45622
65
45803
68
45973
32
46223
69
46484
83
46614
83
46814
69
46994
82
47144
69
47345
32
47845
73
48056
78
48396
84
48556
69
48697
82
49258
80
49598
82
49758
69
49999
84
50269
65
50439
84
50850
79
51701
32
52072
68
52232
65
52522
76
52652
76
52813
65
52993
32
53243
77
53434
65
53824
67
53954
67
54215
72
54385
73
54565
78
54725
65
54866
32
55166
86
55547
73
56017
82
56137
84
56458
85
56648
65
56828
76
57149
69
58801
190
70598
38
