56107
0
56351
67
56819
105
56956
32
57612
118
57727
111
57899
114
58105
114
58328
97
58545
32
60061
117
60147
110
60332
32
60762
112
60862
111
61906
39
62044
32
62353
100
62668
105
62975
32
63285
116
63302
114
63817
8
63911
101
64144
109
64706
112
64800
111
64912
32
65278
112
65332
101
65420
114
65525
32
66875
114
67091
105
67253
101
67414
109
67727
112
68016
105
68326
114
68665
101
68789
32
69594
116
69850
117
70004
116
70162
116
70297
111
70521
32
71093
113
71344
117
71516
101
71721
115
71882
116
71907
114
72434
8
72636
111
72798
32
73374
115
73523
112
73635
97
73945
122
74054
105
74122
111
74653
46
74869
46
75034
46
75172
32
75873
0
75955
77
76503
97
76632
32
78278
109
78511
117
79139
61
79525
8
79699
8
80495
105
81209
13
82062
99
82277
104
82376
105
82519
101
82946
100
83285
111
83749
0
84366
58
84476
32
84864
99
85348
111
85506
109
85652
101
85779
32
86204
99
86379
97
86664
118
86804
111
87026
108
87235
111
87405
32
88848
115
89023
105
89118
32
89325
112
89522
117
89978
111
90575
8
90749
8
91484
117
91579
111
92663
39
92761
32
93285
114
93460
105
93695
99
93746
111
93903
110
94019
111
94271
115
94651
99
94875
101
95085
114
95206
101
95320
32
95870
117
95965
110
96167
32
96645
117
96808
116
97386
101
97541
110
97764
116
97886
101
98001
32
99557
100
99792
111
00149
8
00321
115
00689
8
00879
8
00938
115
01303
111
01529
108
01706
111
01782
32
02832
100
02974
97
03063
32
03286
99
03389
111
03513
109
03596
101
03717
32
04270
115
04489
99
04730
114
04896
105
05150
118
05245
101
05535
0
06013
63
06340
13
07530
0
07774
73
07983
110
08159
116
08357
101
08463
114
08872
101
09148
115
09343
115
09530
97
09666
110
09909
116
09935
103
10029
101
10325
8
10501
8
10528
101
10784
32
11768
108
12356
39
12513
97
13049
114
13280
103
13491
111
13623
109
13792
101
13914
110
14145
116
14294
111
14681
46
14979
32
15848
0
16366
83
16491
97
16500
113
16769
114
16952
97
17129
32
17515
8
17700
8
17851
8
18198
8
18268
114
18454
97
19252
39
19290
32
19572
97
19767
110
20033
99
20163
111
20354
114
20636
97
20745
32
21286
112
21453
105
21639
117
22444
39
22531
32
22920
105
23053
110
23350
116
23489
101
23642
114
23849
101
24132
115
24301
115
24494
97
24571
110
24834
116
24961
101
25066
32
25807
118
25928
101
26153
100
26293
101
26503
114
26603
101
27104
13
27866
115
28151
101
28271
32
28646
101
28744
32
29018
99
29130
111
29226
109
29343
101
29430
32
30033
118
30145
101
30298
114
30597
114
30887
97
31473
39
31563
32
31872
99
31941
111
32138
110
32904
99
33139
114
33231
101
33421
116
33726
105
35205
122
35473
122
35498
97
35845
116
36022
111
36366
46
36496
32
37133
0
37450
69
37558
32
37743
99
37840
111
38086
115
38278
105
38908
39
38987
32
39314
104
39457
111
39583
32
40213
100
40277
101
40502
99
40669
105
40947
115
41040
111
41316
32
41706
100
41796
105
41908
32
42343
112
42443
97
42767
114
43022
116
43119
101
43759
99
43831
105
44131
112
44273
97
44531
114
44644
101
45516
13
46279
119
46288
101
46670
8
46841
8
46878
101
47001
32
47590
115
47686
111
47806
110
47898
111
47995
32
48290
97
48437
32
48702
109
48828
101
49104
114
49111
116
49510
8
49685
8
49784
116
50214
97
50878
39
50994
32
51512
115
51599
101
52098
8
52257
100
52275
8
52490
8
52588
100
52718
101
52947
59
53328
8
53567
108
53784
32
54661
102
54708
111
55052
114
55447
109
55541
32
55986
101
56025
32
56243
110
56369
111
56493
110
56638
32
56942
115
57041
111
57188
32
58577
103
58757
105
59420
97
60344
39
60438
32
60683
99
60781
111
61059
115
61266
97
61365
32
61888
115
62003
99
62236
114
62385
105
62654
118
62852
101
62897
114
63107
101
63458
46
63590
32
65648
0
65784
78
66523
111
66651
110
66807
32
68467
115
68571
111
68745
32
69028
112
69289
105
69455
117
69915
39
70011
32
70222
99
70934
8
71295
13
72020
99
72043
111
72481
115
72717
97
72840
32
73255
100
73340
105
73518
114
73641
101
73853
46
74017
32
75021
0
76467
77
76750
97
76917
32
77834
110
77961
111
78065
110
78179
32
78548
115
78802
97
79084
114
79206
101
79635
98
79822
98
80011
101
80174
32
80409
109
80538
101
80889
103
81092
108
81271
105
81412
111
81511
32
82827
105
82927
110
83257
115
83538
116
83732
97
83873
108
84044
108
84434
97
84781
116
84798
114
84941
101
85176
8
85367
8
85560
114
85731
8
85966
8
86106
114
86208
101
86358
32
87444
0
87573
76
87781
105
87996
110
88197
117
88342
120
88434
32
88758
115
89044
117
89103
32
89853
116
90532
117
90730
116
90914
116
91066
105
91145
32
91353
105
91481
32
91996
13
92904
112
93138
99
93255
32
94385
113
94596
117
94682
105
94746
32
95001
97
95098
32
95635
105
95764
110
96019
102
96104
111
96265
114
96403
109
96554
97
96840
116
96983
105
97223
99
97427
97
97521
32
98222
112
98407
105
98630
117
98846
116
99001
116
99154
111
99510
115
99715
116
99874
111
99993
32
00765
100
00871
32
00889
105
01175
108
01497
8
01670
8
01833
8
02138
105
02404
32
02676
108
02817
101
03533
103
03729
103
03837
101
04037
114
04181
101
04291
32
04989
99
05082
111
05254
115
05471
97
05576
32
05792
101
05905
32
06241
99
06360
111
06465
109
06670
101
06829
32
07509
115
07763
116
07905
111
08140
32
08755
115
08931
99
09163
114
09369
105
09493
118
09629
101
09777
110
09945
100
10052
111
10463
13
10886
105
10894
111
11373
32
12745
115
12856
117
12961
32
13575
113
13729
117
13926
101
14143
115
14944
116
15054
111
15128
32
15603
115
15740
99
15987
104
16083
105
16687
102
16789
111
17103
115
17207
111
17324
32
17719
0
17981
83
18390
111
18592
108
18831
97
19194
114
19310
105
19525
115
20729
46
20782
32
21007
0
21151
67
21318
111
21442
110
21576
32
22016
110
22101
0
22413
8
22482
0
22628
78
22812
101
23174
116
23491
115
23662
99
23835
97
24042
108
24329
8
24567
112
24611
101
24693
114
24807
32
25274
8
25448
8
25534
32
25793
99
26146
8
26224
118
26369
101
26550
32
26836
8
27104
99
27364
99
28155
104
28267
105
28826
111
28933
32
29252
99
29357
111
29459
109
29643
101
29822
32
30136
105
30270
108
30327
32
30625
99
30921
117
31206
99
31398
99
31516
111
31820
13
32230
99
32392
104
32514
101
32596
32
32813
110
32942
111
33060
110
33139
32
33489
109
33625
105
33743
32
34750
118
34961
97
35052
32
35223
110
35366
101
35986
97
36577
110
37218
99
37339
104
37429
101
37518
32
37778
97
37874
32
38193
99
38379
97
38575
112
38646
111
39003
46
39099
32
41961
0
43464
69
43587
32
44066
112
44182
111
44440
105
44599
32
45320
100
45417
111
45680
118
45810
101
45938
32
47241
99
47449
97
47760
118
47884
111
48114
108
48305
111
48393
32
48588
101
49153
39
49256
32
49892
112
50256
121
50486
116
50608
104
50735
111
50911
110
51970
44
52038
32
52261
111
52270
112
52649
8
52810
8
53060
112
53156
101
53261
114
53369
32
53713
8
53826
99
54082
104
54097
106
54493
8
54616
101
55643
39
55755
32
56267
13
56609
110
56797
111
56939
110
57074
32
57647
104
57756
111
57900
32
58364
112
58630
117
59026
8
59220
121
60547
116
60616
104
60726
111
60934
110
61124
32
61477
110
61584
101
61828
108
61992
32
62221
112
62371
97
62722
116
62977
104
64405
0
65079
63
65209
32
65465
0
65829
81
66186
117
66324
97
66583
108
67037
99
67324
117
67535
110
67675
111
67783
32
68096
115
68321
97
68445
32
68755
115
69738
112
69945
105
70222
101
70450
103
70668
97
70859
114
70951
109
71125
101
71631
108
71840
111
72222
0
72533
63
72754
32
73389
0
74548
70
74723
105
74928
110
75062
97
75504
108
75751
109
75920
101
76024
110
76320
116
76442
101
76582
32
76990
104
77505
111
78022
13
78743
103
79225
8
79337
100
79781
8
79947
102
80210
105
80340
110
80453
105
80720
116
80830
111
80951
32
81254
105
81358
108
81426
32
81791
116
81898
101
82205
115
82448
116
82825
46
83104
32
83327
0
83491
65
83703
110
83884
116
84308
8
84398
118
84411
99
84651
111
84881
8
85070
8
85239
8
85281
99
85611
111
85891
114
86075
97
86237
32
86555
117
86648
110
86799
97
86903
32
87441
114
87591
105
87884
99
88073
97
88421
8
88613
8
88720
103
88730
102
89072
97
89151
8
89358
8
89421
97
89571
32
90043
101
90127
32
90604
99
90731
101
90865
32
91194
108
91560
39
91919
104
92014
111
92116
32
92656
102
92820
97
93033
116
93217
116
93658
111
94232
8
94372
97
94624
0
94772
62
95013
32
95249
8
95446
8
95573
0
96097
58
96184
32
96556
104
96673
111
96800
32
97206
115
97232
100
97558
8
97737
8
97801
102
97993
97
98227
8
98405
8
98444
100
98576
97
99186
116
99310
111
99404
32
99680
105
99782
108
99889
32
00240
109
00423
105
00434
117
00486
111
00894
8
01066
8
01966
111
02169
13
02655
99
02850
111
03011
110
03259
116
03377
114
03553
105
04123
98
04271
117
04472
116
04726
111
04919
32
05286
97
05517
108
05689
108
05834
97
05922
32
06497
115
06641
99
06936
105
07014
101
07617
110
07978
122
08349
97
08652
46
08807
32
09505
0
10407
67
10642
105
10762
97
10923
111
11012
32
11330
97
11441
32
12437
0
12624
71
13318
117
13545
110
13763
110
13956
101
13971
114
14371
8
14506
116
14746
116
14922
105
15147
32
15557
8
16437
44
16532
32
16867
99
16930
105
17087
97
17263
111
17411
32
17922
97
18197
32
18405
0
18727
66
18889
101
19075
114
19443
102
19685
97
19950
8
20111
103
20132
8
20355
8
20444
103
20702
97
21405
100
21517
97
21715
110
21870
111
22208
46
