09326
16
09646
72
10197
79
10398
32
10878
84
10958
69
11119
82
11239
77
11359
73
11559
78
11639
65
11840
84
11960
79
12120
32
12320
76
12440
65
12491
32
12651
77
12811
73
12931
65
13021
32
13172
77
13332
65
13532
84
13772
85
14023
82
14263
73
15885
84
16246
222
16446
32
16566
83
16727
67
16807
73
16967
78
17087
69
17257
84
17388
73
17548
70
17708
73
17788
67
17988
65
18109
32
18750
8
19250
8
19280
8
19320
8
19350
8
19390
8
19421
8
19451
8
19491
8
19521
8
20362
73
20442
69
20562
78
20762
84
20893
73
21093
70
21253
73
21333
67
21534
65
21624
32
22215
76
22375
219
22535
65
22615
78
22775
78
22976
79
23096
32
23236
83
23396
67
23556
79
23637
82
23837
83
24007
79
24197
32
30106
67
30346
79
30547
78
30707
32
30907
85
31067
78
31308
65
31428
32
31668
84
31708
69
31868
83
32009
73
32209
65
32289
78
32489
32
33040
8
33200
8
33361
8
33841
78
33921
65
34011
32
35784
83
35944
85
36165
76
36285
76
37396
8
37617
32
37967
80
38087
69
38488
78
38608
83
38728
73
38848
69
38969
82
39059
79
39249
32
39850
8
40361
32
40521
77
40641
65
40841
82
41042
88
41683
73
42233
83
42353
84
42444
65
43275
190
43475
32
44727
83
44887
79
45137
78
45338
79
45498
32
45778
85
45859
83
46019
67
46139
73
46299
84
46419
79
46580
32
46740
68
46900
65
46990
76
47100
76
47220
65
47311
32
47461
83
47661
67
47751
85
47901
79
48102
76
48222
65
48262
32
48512
83
48633
85
48793
80
48913
69
49073
82
49153
73
49314
79
49354
82
49484
69
49564
32
50836
67
50956
79
51156
78
51276
32
51517
73
51677
76
51837
32
51957
86
52077
79
52218
84
52378
79
52578
32
52698
68
52819
73
52979
32
53259
55
53419
50
54251
190
54411
32
56193
68
56314
79
56474
80
56594
79
56794
32
56954
69
57155
83
57315
83
57515
69
57676
82
57796
69
57916
32
58116
83
58236
84
58316
65
58437
84
58957
79
59158
32
59368
73
59528
78
59688
32
60399
86
60560
65
60680
67
60810
65
61010
78
61171
90
61291
65
61411
32
61962
65
62052
76
62182
32
62352
77
62512
65
62633
82
62793
69
62913
32
63304
50
63394
32
63554
77
63634
69
63794
83
63914
73
64115
32
65857
8
66178
188
66298
32
66498
80
66668
82
66749
73
66909
77
67069
65
67229
32
67430
67
67480
79
67650
78
67810
32
68010
76
68101
65
68291
67
68381
85
68541
78
68741
73
68902
32
69192
8
69703
8
69733
8
69763
8
69803
8
69833
8
69873
8
70474
65
70554
76
70714
67
70804
85
70965
78
71125
73
71305
32
71425
65
71505
77
71666
73
71786
67
71866
73
72066
32
72557
80
72727
79
72857
73
73058
32
74209
67
74380
79
74580
78
74700
32
74940
73
75101
32
75341
77
75501
75
76022
8
76262
73
76342
69
76422
73
76593
32
76953
71
77073
69
77164
78
77354
73
77514
84
77634
79
77754
82
77875
73
78636
188
78796
32
79146
72
79267
79
79407
32
79567
83
79687
79
79807
83
79928
84
80048
69
80208
78
80368
85
80548
84
80629
79
80789
32
80989
73
81149
76
81269
32
81510
84
81640
65
81810
82
81930
77
82051
32
82601
80
82762
69
82892
82
83012
32
83252
76
83533
219
83773
73
83933
83
84684
67
84885
82
85045
73
85165
90
85245
73
85405
79
85606
78
85766
73
85966
32
86126
65
86447
8
86607
8
86727
8
86847
69
87048
32
87248
65
87368
76
87488
76
87609
65
87649
32
87849
70
87929
65
88059
67
88159
73
88169
79
88600
8
88760
8
88961
8
89672
67
89952
79
90152
76
90312
84
90703
222
90903
32
91064
68
91224
73
91364
32
91564
73
91765
78
92716
70
92836
79
92976
82
93096
77
93257
65
93347
84
93657
73
93737
67
93938
65
95410
190
95570
32
95730
65
96001
84
96131
84
96221
85
96411
65
96501
76
97212
77
97333
69
97453
78
97573
84
97773
69
97933
32
98054
83
98254
84
98334
79
98534
32
98614
83
98775
69
98975
71
99105
85
99155
69
99285
78
99365
68
99526
79
99726
32
00197
73
00357
32
00487
67
00607
79
00727
82
00888
83
01008
73
01168
32
01649
68
01809
73
02009
32
02560
76
02680
79
02881
71
03001
73
03161
67
03361
65
03481
32
03682
77
03842
65
03922
84
04052
69
04212
77
04333
65
04533
84
04663
73
04743
67
04943
65
05064
32
05264
69
05384
32
06015
80
06175
82
06265
79
06576
71
06696
82
06816
65
06936
77
07057
77
07187
65
07307
90
07387
73
07507
79
07707
78
07828
69
07948
32
10762
67
10842
79
11042
78
11162
32
11403
73
11563
32
11883
80
12084
82
12164
79
12324
70
12484
69
12685
83
12805
83
12925
79
13125
82
13255
73
13416
32
13656
90
13816
65
13946
77
14147
66
14267
69
14427
76
14527
76
14607
65
14728
32
14888
69
15008
32
15879
71
16080
73
16240
79
16520
86
16801
65
16891
78
17001
78
17121
69
17321
84
17411
84
17652
73
18934
190
19765
32
19895
78
20055
69
20145
76
20306
32
20466
77
20626
73
20786
79
20947
32
21297
84
21457
69
21587
77
21788
80
21948
79
22819
32
23060
76
23190
73
23390
66
23510
69
23630
82
23751
79
23911
32
30370
77
30530
73
30711
32
30911
80
31111
73
31231
65
31472
67
31632
69
31792
32
32984
71
33144
73
33274
79
33434
67
33595
65
33715
82
33795
69
33915
32
37991
67
38552
8
40214
83
40334
85
40505
32
40745
73
40905
32
41105
84
41426
8
41817
8
42377
78
42588
84
42678
69
42808
82
42928
78
43088
69
43249
84
43409
32
43539
67
43699
79
43970
78
44090
32
44290
73
44450
32
44651
86
44771
73
45011
68
45171
69
45532
79
45772
71
45892
73
46013
79
46133
67
47084
72
47284
73
47485
32
47685
77
47845
85
48045
76
48166
84
48246
73
48406
80
48566
76
48807
65
48897
89
49047
69
49207
82
49297
8
49798
8
49828
8
49868
8
49898
8
49928
8
49968
8
49998
8
50649
8
51150
8
51180
8
51220
8
51250
8
51280
8
51320
8
51350
8
51390
8
51420
8
51460
8
51490
8
51530
8
51561
8
51591
8
51631
8
51661
8
51691
8
51731
8
51761
8
52071
8
52642
73
52812
78
52973
32
53133
77
53333
85
53493
76
53613
84
53694
73
53864
80
54024
76
54184
65
54274
89
54395
69
54555
82
55466
188
55626
32
57890
80
58170
82
58290
65
58410
84
58731
73
58851
67
59051
65
59572
86
59702
79
59903
32
60023
70
60153
73
60353
78
60513
79
60674
32
60874
65
61114
76
61234
76
61395
219
61555
65
61645
78
61795
78
61955
79
62116
32
62236
83
62366
67
62526
79
62606
82
62767
83
62897
79
63047
32
63247
65
63728
82
63858
84
64018
73
64189
32
64349
77
64469
65
64629
82
64840
90
65000
73
65080
65
65240
76
65400
73
65601
32
65781
65
65891
32
66362
79
66602
82
66762
66
66883
65
67043
83
67203
83
67323
65
67453
78
67644
79
67784
32
67944
69
68034
32
68465
67
68515
79
68685
78
68845
84
68925
79
69106
32
69627
68
69747
73
69907
32
70067
82
70187
73
70348
67
70438
79
70598
77
70758
73
70958
78
71089
67
72000
73
72140
65
72260
82
72380
69
72501
32
72861
65
72981
32
73492
71
73692
69
73772
78
73893
78
74013
65
74253
73
74373
79
74614
32
75725
65
75815
80
75946
80
76066
69
76196
78
76316
65
76396
32
76516
65
76757
86
76957
82
77398
192
77558
32
77788
80
77868
82
78039
69
78199
83
78319
79
78479
32
78639
65
78760
76
78880
65
78970
32
79340
8
79501
8
79701
8
79821
8
80412
76
80973
32
81363
8
81484
65
81614
32
82245
80
82445
65
82605
84
82725
69
82805
78
82926
84
83086
69
88233
190
91488
32
91959
83
92089
65
92249
76
92569
84
92890
85
93050
65
93250
82
93371
73
93491
65
93611
77
93731
69
93891
78
94602
84
94763
69
94923
32
96986
71
97156
73
97316
79
97477
67
97637
79
97837
32
97997
65
98077
32
98568
80
98698
65
98818
76
98939
76
99099
79
99339
78
99459
69
99970
32
00170
69
00220
32
02073
84
02233
85
02354
84
02444
84
02514
73
02724
32
02924
73
03085
32
03245
83
03365
65
03485
66
03565
65
03766
84
03886
73
04046
32
04146
69
04256
32
04366
84
04487
85
04617
84
04737
84
04897
69
05017
32
05258
76
05338
69
05438
32
05518
68
05638
79
05839
77
05929
69
06479
78
06680
73
06760
67
06890
72
06960
69
11246
32
11447
77
11607
73
11807
32
12398
73
12598
78
12718
67
12849
79
12999
78
13079
84
13249
82
13319
79
13680
8
14191
8
14221
8
14251
8
14291
8
14321
8
14361
8
14391
8
14421
8
14461
8
14491
8
15242
69
15472
83
15673
88
15873
79
16274
8
16434
8
16594
67
17145
79
17305
32
17545
67
17746
79
17906
78
18066
32
18266
73
18427
32
18627
77
18787
73
18947
69
19008
73
19168
32
19328
65
19418
77
19568
73
19688
67
19779
73
22863
190
23063
32
24175
80
24295
65
24455
83
24576
83
24736
73
24776
65
24946
77
25146
79
25347
32
25507
77
25707
79
25867
76
25988
84
26068
79
26228
32
26749
84
26869
69
27029
77
27229
80
27390
79
27550
32
27710
65
27800
32
27990
67
28231
65
28391
83
28551
65
28711
32
29032
68
29112
73
29312
32
29493
85
29693
78
29853
65
29973
32
30214
80
30314
65
30514
69
30674
82
30875
83
30875
79
31435
8
31596
8
31756
8
31916
8
32036
8
32156
69
32677
82
32867
83
32958
79
33128
78
33248
65
33328
32
33448
65
33558
32
34029
80
34229
73
34310
65
34630
78
34750
69
34950
90
35111
90
35271
65
36533
76
36673
76
36833
76
36993
76
37154
76
37314
76
37474
76
37634
76
37955
8
38455
8
38486
8
38526
8
38556
8
38596
8
38626
8
38666
8
38696
8
38726
8
38766
8
39908
90
40028
90
40228
65
41179
13
41680
13
41720
13
41750
13
41790
13
41820
13
41860
13
41900
13
41930
13
41971
13
42001
13
42041
13
42071
13
42111
13
42141
13
42181
13
42211
13
42251
13
42281
13
42321
13
42351
13
42391
13
42421
13
42461
13
42491
13
42531
13
42561
13
42601
13
42631
13
42672
13
42702
13
42742
13
42782
13
42812
13
42852
13
42882
13
42922
13
42952
13
42992
13
43022
13
43062
13
43092
13
43132
13
43162
13
43202
13
43232
13
43272
13
43302
13
43343
13
43373
13
43413
13
43443
13
43483
13
43513
13
43553
13
43583
13
43623
13
43663
13
43693
13
43733
13
43763
13
43803
13
43833
13
43873
13
43903
13
44394
8
44895
8
44925
8
44965
8
44995
8
45025
8
45065
8
45095
8
45135
8
45165
8
45205
8
45235
8
45275
8
45305
8
45335
8
45375
8
45405
8
45446
8
45476
8
45506
8
45546
8
45576
8
45616
8
45646
8
45676
8
45716
8
45746
8
45786
8
45816
8
45856
8
45886
8
45926
8
45956
8
45986
8
46026
8
46056
8
46086
8
46127
8
46157
8
46197
8
46227
8
46267
8
46297
8
46327
8
46367
8
46397
8
46437
8
46467
8
46507
8
46537
8
46577
8
46607
8
46637
8
46677
8
46707
8
46737
8
46777
8
46807
8
46848
8
46878
8
46918
8
46948
8
46978
8
47018
8
47048
8
47088
8
48490
65
