27227
16
27467
83
28058
65
28208
76
28659
86
28819
69
29009
32
32004
83
32154
73
32785
71
32985
78
33546
79
33706
82
33936
32
34417
16
34657
68
34878
65
35188
78
35769
73
35859
69
36039
76
36350
69
36700
32
37211
16
37401
71
37772
85
38032
78
38222
69
38533
84
38653
84
38843
73
48207
188
48627
32
49088
83
49288
79
49609
78
49799
79
50160
32
50320
76
50500
73
50801
69
50981
84
51291
65
51471
32
51652
68
51892
73
52193
32
52393
65
52723
73
52914
85
53204
84
53364
65
53575
82
54476
16
54756
76
55157
65
56409
32
56789
73
57029
78
57190
32
57510
81
57981
85
58562
69
58862
83
59022
84
59433
79
59633
32
59924
83
60114
85
60334
79
60565
32
60865
69
61135
83
61446
80
61666
69
61896
82
62187
73
63158
8
63339
8
63489
8
63639
8
63819
8
64030
8
64200
8
64370
8
64530
8
64701
8
65161
8
65341
8
66012
65
66213
32
66403
83
66774
85
66914
65
67124
32
67464
82
67685
73
68176
67
68316
69
68476
82
68706
67
68867
65
80593
32
81435
69
81825
32
82076
83
82626
80
82787
69
82967
82
83207
79
83437
32
83738
67
83918
72
84088
69
84289
32
84619
73
84819
76
85020
32
85190
77
85380
73
85540
79
85711
32
86081
65
86302
73
87093
85
87373
84
87583
79
88014
32
91599
76
91769
65
92010
32
97398
8
97578
8
97758
8
97928
8
99040
32
04798
67
04998
79
05459
78
05980
84
06120
82
06390
73
07262
66
07492
85
07933
73
08594
82
09265
222
09515
32
11558
69
11878
70
12039
70
12259
73
12669
67
12820
65
12960
67
13120
69
13441
77
13721
69
13901
78
14182
84
14332
69
15504
32
16305
78
16425
69
16715
76
16946
32
17366
83
17677
85
17867
79
18067
32
18368
83
18558
84
18798
85
19189
68
19389
73
19549
79
20401
190
35512
32
41741
16
42242
16
42272
16
42302
16
42332
16
42362
16
42402
16
42402
67
42913
79
43784
77
44856
69
45136
32
45477
83
45657
65
45977
80
46408
82
47069
222
47429
32
48120
83
48321
79
48601
78
48831
79
50304
32
50554
68
50704
69
50884
76
51115
32
51405
80
51565
82
51756
79
52427
8
52767
73
52947
77
53148
79
53358
32
53719
65
53979
78
54129
78
54339
79
64835
32
66717
69
67338
32
67919
78
68059
65
68370
82
68510
82
68620
69
68900
82
69962
192
70192
32
70823
85
71023
78
71314
32
71544
80
72235
192
73898
32
74589
83
75069
85
76141
76
76291
76
77262
65
77443
32
77653
77
77873
73
78054
65
78224
32
78724
86
78885
73
79145
84
79315
65
79496
32
79656
83
79896
67
80046
79
80187
76
80417
65
80697
83
80848
84
81168
73
81508
67
81669
65
82900
32
83261
85
83451
78
83652
73
84112
86
84222
69
84423
82
84593
83
84883
73
85194
84
85414
65
85614
82
86646
73
87547
222
89139
8
89620
65
91022
188
91383
32
91733
68
91873
65
92014
84
92374
79
92574
32
92875
67
93065
72
93335
69
93606
32
93836
65
94016
76
94277
32
94497
77
94687
79
94888
77
95168
69
95358
78
96190
84
97381
79
97952
32
98383
78
98583
79
98803
78
99034
32
99404
77
99605
73
99845
32
00155
86
00316
69
00656
78
01017
71
01197
79
01537
78
01738
79
01948
32
02479
65
02609
82
03059
71
03230
79
03450
77
03881
69
04091
78
04361
84
04552
73
11281
32
11882
65
12133
66
12273
66
12423
65
12653
83
12824
84
12974
65
13234
78
13474
88
14276
8
14396
90
14576
65
14786
32
15187
73
15407
78
15758
84
15918
69
16098
82
16228
69
16529
83
16679
83
16949
65
17270
78
17691
84
17861
73
19123
32
19633
68
19774
65
19984
32
20414
80
20535
82
20715
79
21015
80
21356
79
21856
82
22017
82
22147
69
23078
190
24190
13
25802
8
26683
32
27034
16
27545
16
27575
16
27605
16
27635
16
27665
16
27695
16
27725
16
27755
16
27785
16
27815
16
27855
16
27885
16
27915
16
27945
16
27975
16
28005
16
28035
16
28065
16
28095
16
28126
16
28156
16
28186
16
28216
16
28246
16
28276
16
28306
16
28346
16
28376
16
28406
16
28436
16
28466
16
28496
16
28526
16
28556
16
28586
16
28616
16
28646
16
28676
16
28706
16
28736
16
28776
16
28806
16
28837
16
28867
16
28897
16
28927
16
28957
16
28987
16
29017
16
29047
16
29077
16
29107
16
29137
16
29167
16
29197
16
29237
16
29267
16
29297
16
29327
16
29357
16
29387
16
29417
16
29447
16
29477
16
29508
16
29538
16
29568
16
30739
8
31350
13
32281
16
32562
80
32993
82
33323
79
33714
86
33954
69
34645
8
34805
8
34965
8
35136
8
35386
8
36648
16
36878
72
37239
79
37839
32
39181
70
39352
82
39532
69
40133
81
40353
85
40563
69
40864
78
41124
84
41284
65
41435
84
41835
79
41965
32
42626
80
42757
69
42927
82
43147
32
43357
85
43558
78
43728
32
44018
83
44199
69
44429
77
44529
69
44870
83
45090
84
45290
82
45480
69
45731
32
46041
73
46212
76
46402
32
46913
16
47223
80
47664
79
47814
76
47994
73
50608
188
62735
32
63086
73
63306
78
63486
32
63747
80
64107
65
64277
82
64428
84
64798
73
65469
79
66771
8
67031
67
67282
73
67923
8
68273
79
68423
76
68634
65
68934
82
69044
69
69876
32
70577
16
71087
16
71117
16
71117
77
71518
65
71778
84
71908
69
72249
77
72399
65
72800
84
73110
73
73461
67
73611
65
73811
32
74232
80
74362
69
74542
82
74753
32
75063
76
75203
69
75403
32
75584
83
75824
67
76034
73
76225
69
76515
78
76775
90
77166
69
77396
32
77597
68
77767
69
78057
76
78208
76
78478
219
78899
73
79169
78
79980
71
80140
69
80441
71
80641
78
80801
69
81032
82
81282
73
81572
65
87821
188
89213
32
89524
77
89664
65
89864
32
90085
77
90295
73
90475
32
90746
83
90906
79
91176
78
91386
79
91587
32
92027
82
92138
69
92358
83
92558
65
92768
32
93009
83
93379
85
93960
66
94211
73
94531
84
94701
79
94871
32
95212
67
95352
79
95603
78
95933
84
96143
79
96354
32
96704
67
96904
72
97075
69
97265
32
97716
78
97866
79
98006
78
98246
32
98487
65
98837
86
99148
82
99248
69
99548
73
99809
32
00059
80
00269
73
00830
191
01020
32
01451
80
01631
79
02032
84
02292
85
02533
84
02733
79
03444
32
04085
67
04285
79
04535
78
04916
84
05066
73
05306
78
05507
85
05807
65
06088
82
06248
69
11435
32
11936
80
12076
69
12267
82
12467
32
12947
81
13178
85
13328
69
13659
76
13819
76
13929
65
14109
32
14289
83
14510
84
14700
82
14840
65
15010
68
15171
65
15681
32
16923
80
17053
69
17244
82
17524
32
17905
80
18105
73
19026
191
19237
32
19897
77
20088
79
20338
84
20488
73
20829
86
21089
73
25145
16
25656
16
25686
16
25716
16
25746
16
25776
16
25806
16
25836
16
25866
16
25896
16
25926
16
25956
16
25986
16
26016
16
26056
16
26086
16
26116
16
26146
16
26177
16
26207
16
26237
16
26267
16
26297
16
26327
16
26357
16
26387
16
26417
16
26427
188
27208
32
27468
69
27689
32
28159
67
28360
79
28520
83
29521
221
29682
32
30443
72
30613
79
30783
32
31314
83
31514
67
31775
69
32145
76
32546
84
32706
79
32896
32
33928
16
34328
80
34709
73
35099
69
35270
82
35500
79
35660
32
35991
68
36161
69
36411
76
36561
76
36712
65
36882
32
37513
16
37713
70
38014
82
38364
65
38895
78
39065
67
39255
69
39646
83
39876
67
40217
65
44473
190
46656
13
64101
8
64251
8
64722
65
81907
16
82417
16
82447
16
82477
16
82508
16
82538
16
82568
16
82598
16
82628
16
82658
16
82688
16
82718
16
82758
16
82788
16
82818
16
82848
16
82878
16
82908
16
82938
16
82968
16
82998
16
83028
16
83058
16
83088
16
83118
16
83148
16
83178
16
83219
16
83249
16
83279
16
83309
16
83339
16
83369
16
83399
16
83429
16
83459
16
83489
16
83519
16
83549
16
83579
16
83609
16
83649
16
83679
16
83709
16
83739
16
83769
16
83799
16
83829
16
83859
16
83889
16
83920
16
83950
16
83980
16
84010
16
84040
16
84070
16
84110
16
84140
16
84170
16
84200
16
84230
16
84260
16
84290
16
84320
16
84350
16
84380
16
84410
16
84440
16
84470
16
84500
16
84530
16
84570
16
84601
16
84631
16
84661
16
84691
16
84721
16
84751
16
84781
16
84811
16
84841
16
84851
72
85261
79
85442
32
85662
77
85832
79
85983
76
86363
84
86553
65
86794
32
87104
70
87284
73
87635
68
87815
85
88266
67
88456
73
88736
65
88977
32
89277
73
89488
78
89628
32
89888
81
90229
85
90379
69
90639
83
90819
84
90990
65
91240
32
91951
77
92131
73
92302
65
92472
32
92662
83
92872
67
93103
69
93333
76
93664
84
93854
65
99792
32
00123
69
00493
32
00714
83
00864
80
01004
69
01224
82
01425
79
01595
32
01755
73
01955
78
02116
32
02576
79
02727
84
03087
84
03307
73
03528
77
03718
73
03958
32
04729
82
05020
73
05671
85
05951
76
06372
84
06502
65
06652
84
07113
73
14343
190
16166
32
20943
16
21443
16
21474
16
21504
16
21544
16
21574
16
21604
16
21634
16
21664
16
21694
16
21724
16
21754
16
21784
16
21814
16
21844
16
21874
16
21904
16
21934
16
21974
16
22004
16
22034
16
22064
16
22094
16
22124
16
22155
16
22185
16
22215
16
22245
16
22275
16
22305
16
22335
16
22365
16
22395
16
22435
16
22465
16
22495
16
22525
16
22555
16
22585
16
22615
16
22645
16
22675
16
22705
16
22735
16
22765
16
22795
16
22825
16
22856
16
22896
16
22926
16
22956
16
22986
16
23016
16
23046
16
23076
16
23106
16
23136
16
23166
16
23196
16
23226
16
23256
16
23286
16
23326
16
23356
16
23386
16
23416
16
23446
16
23476
16
23506
16
23537
16
23567
16
23597
16
23627
16
23657
16
23687
16
23717
16
23747
16
23787
16
23817
16
23847
16
23877
16
23907
16
23937
16
23967
16
23997
16
24027
16
24057
16
24087
16
24117
16
24147
16
24177
16
24207
16
24248
16
24278
16
24308
16
24338
16
24368
16
24398
16
24428
16
24458
16
24488
16
24518
16
24548
16
24578
16
24608
16
24638
16
24668
16
24708
16
24738
16
24768
16
24798
16
24828
16
24858
16
24888
16
24918
16
24949
16
24979
16
25009
16
25039
16
25069
16
25099
16
25139
16
25169
16
25199
16
25229
16
25259
16
25289
16
25319
16
25349
16
25379
16
25409
16
25429
80
26250
73
26401
65
26671
67
26801
69
26981
82
27112
69
27602
32
28143
68
28373
73
28564
32
28804
69
29115
83
29265
83
29435
69
29705
82
30316
16
30587
76
30827
69
31748
32
33351
37
35103
8
35434
69
37096
32
38748
83
38939
84
39079
65
39259
84
39429
65
39880
32
40301
68
40661
73
40841
32
41142
65
41372
73
41562
85
41913
84
42113
79
71836
190
73248
32
84044
16
84554
16
84584
16
84614
16
84644
16
84674
16
84704
16
84734
16
84765
16
84795
16
84825
16
84855
16
84885
16
84915
16
84945
16
84975
16
85015
16
85045
16
85075
16
85105
16
85135
16
85165
16
85195
16
85225
16
85255
16
85285
16
85315
16
85345
16
85355
69
85886
76
86056
73
86237
83
86437
65
