37219
66
37430
69
37600
78
38020
69
38221
32
38351
73
38571
78
39242
67
39342
79
39523
77
39663
73
39853
78
39993
67
40093
73
40193
65
40364
77
40444
79
50208
73
50448
69
50508
82
50639
73
50719
32
50889
83
50959
69
51059
82
51229
65
51410
32
51530
77
51570
73
51720
32
51920
186
52111
32
52371
83
52481
85
52571
67
52812
67
53022
69
53182
83
53362
83
53402
65
53573
32
53623
85
53833
78
53913
65
54053
32
54144
67
54264
79
54344
83
54394
65
54544
32
54614
85
54784
78
54905
32
55035
80
55105
79
55215
32
55375
83
55536
84
55736
82
55816
65
55996
78
56156
65
56477
188
57098
78
57178
69
57318
76
57508
32
57609
83
57699
69
57899
78
58009
83
58169
79
59131
32
59491
8
59982
8
60022
8
60052
8
60082
8
60122
8
60152
8
60182
8
60222
8
60853
8
61604
83
61785
79
61955
78
62095
79
62175
32
62295
85
62425
83
62526
67
62656
73
62986
84
63096
65
63217
32
63337
67
63377
79
63527
78
63597
32
63747
68
63847
85
63968
69
64068
32
64158
77
64218
73
64398
69
65219
73
65360
32
65500
65
65600
77
65640
73
65730
67
65840
73
68284
188
68454
77
68574
65
68644
32
68805
81
68935
85
69105
69
69145
83
69275
84
69446
73
69526
32
69636
84
69826
82
69896
65
70036
32
70147
68
70227
73
70297
32
70487
76
70677
79
70797
82
70898
79
70988
32
71058
65
71208
86
71358
69
71529
86
71689
65
71809
78
71969
79
72099
32
72250
76
72380
73
72540
84
72680
73
72840
71
72991
65
73191
84
73381
79
73622
190
73802
190
75895
69
76165
32
76365
81
76536
85
76586
73
76756
78
76886
68
76956
73
77056
32
77177
73
77237
79
77337
32
77497
69
77647
82
77968
79
78098
32
78168
68
78268
73
78408
86
78569
69
78719
78
78799
84
78869
65
79049
84
79170
65
79350
32
79440
85
79650
78
79760
65
79921
32
80401
8
80572
8
80852
32
81012
80
81142
79
81473
32
81683
67
81753
79
81934
77
82064
69
82174
32
83235
76
84327
219
84577
79
84828
70
85178
191
85439
8
85889
8
86069
71
86250
71
86420
69
86580
84
86750
84
86851
79
87011
32
87181
68
87361
69
87431
76
87552
32
87622
76
87802
79
88383
82
88783
79
88924
32
89104
66
89324
69
89474
78
89574
69
89805
83
89915
84
90075
65
90195
82
90275
69
90926
188
91557
83
91647
73
91738
32
91838
68
91928
73
92008
67
92108
69
92258
32
92459
67
92609
79
92659
83
93420
191
93430
221
94031
8
94181
8
94431
221
94702
16
94862
219
95673
188
96474
70
96575
79
96715
82
96915
83
96985
69
97135
32
97175
77
97296
69
97516
71
97526
66
97576
76
97716
73
97776
79
98157
8
98327
8
98487
8
98648
8
98818
8
99389
71
99509
76
99659
73
99689
79
99829
32
99889
68
00009
73
00120
82
00200
69
00350
32
01522
73
01662
76
01792
32
01932
76
02123
82
02593
8
02934
8
03144
8
03314
8
03484
8
03725
67
03875
69
03975
82
04196
67
04256
65
04656
86
04746
65
04917
78
05057
79
05147
32
05247
68
05387
73
05537
32
06068
67
06258
65
06459
84
06619
84
06739
85
06899
82
07020
65
07190
82
07290
69
07430
32
07540
76
07701
65
07741
32
08191
77
08231
73
08341
65
08512
32
08842
65
09022
84
09213
84
09293
69
09503
78
09613
90
09784
73
09824
79
10034
78
10104
69
10505
190
10665
190
10855
76
11035
79
11186
82
11286
79
11526
32
11726
68
12487
8
12978
8
13018
8
13048
8
13078
8
13449
8
13659
84
13829
82
13909
65
14010
32
14130
68
14200
73
14290
32
14430
76
14651
79
14811
82
14911
79
15041
32
15151
78
15322
78
15392
32
15512
83
15602
73
15712
32
15852
83
15952
79
16093
78
16203
79
16263
32
16423
80
16453
65
16573
82
16724
76
16894
65
17014
84
17134
73
17244
32
17405
80
17455
69
17525
82
17645
32
17725
78
17825
73
17855
69
17975
78
18015
84
18085
69
18256
190
18396
190
18516
65
18596
78
18706
67
19437
8
19568
90
19948
73
20148
190
20279
190
22001
78
22121
69
22312
65
22472
78
22612
67
22702
72
22993
69
23203
32
23363
81
23513
85
23613
65
23744
71
24144
8
24314
8
24485
8
24635
8
24745
71
24865
85
24935
65
25056
82
25276
68
25336
65
25556
84
25656
73
25716
32
25857
73
26047
78
26127
32
26227
70
26277
65
26468
67
26618
67
26988
73
27078
65
27469
190
27619
190
27709
83
27930
67
28100
72
28200
69
28280
82
28510
90
28611
73
28771
16
28871
49
29091
49
29292
49
30764
69
30894
32
31034
67
31134
79
31254
83
31375
221
31555
32
31655
77
31695
73
31805
32
31935
83
32336
8
32486
84
32596
79
32767
67
32997
67
33087
65
33317
86
33438
65
33798
32
33938
80
34018
65
34119
82
34419
76
34589
65
35070
82
35130
69
35300
32
35491
49
35641
219
36171
8
36492
48
36802
32
36923
77
36993
73
37163
78
37333
32
37533
67
37553
79
37724
78
37784
32
37994
85
38154
78
38315
79
38615
32
38935
69
39086
32
39466
49
39616
48
39867
32
40017
77
40097
73
40297
78
40468
32
40578
67
40648
79
40798
78
40848
32
40958
76
41159
219
41319
65
41469
76
41569
84
41729
82
41840
65
42270
8
42521
79
42771
190
42911
190
46717
77
46837
69
46937
78
47087
84
47308
82
47358
69
47508
32
47578
78
47728
69
47868
76
48009
32
48199
70
48419
82
48509
65
48730
84
48910
84
48990
69
49100
77
49290
80
49411
79
49501
32
51333
8
51834
8
51864
8
51894
8
51934
8
51964
8
51994
8
52034
8
52064
8
52094
8
52134
8
52164
8
52195
8
52235
8
52355
8
52605
8
52825
8
53026
8
53216
8
53396
8
53707
8
55690
65
55920
68
56070
32
56170
85
56351
78
56451
32
56591
84
56801
82
56871
65
57072
84
57232
84
57332
79
57452
32
57572
85
57732
78
57843
79
57933
32
58013
68
58183
69
58293
73
58363
32
58574
68
58674
85
58844
69
58944
32
59084
83
59175
69
59285
32
59405
78
59515
69
59675
32
59846
86
59946
65
60096
190
60246
190
60466
77
60537
73
60627
32
60787
186
60917
32
61117
83
61207
80
61268
73
61408
65
61878
67
61949
73
62149
85
62329
84
62439
79
62670
190
62790
190
62970
77
63070
65
63180
32
63270
80
63691
8
64032
186
64282
32
64372
83
64472
84
64582
65
64713
84
64823
79
64893
32
65003
77
65083
69
65323
71
65424
76
65614
73
65674
79
65784
32
65884
67
65984
79
66064
83
66205
221
66455
190
66595
190
66796
80
66876
69
66936
82
67086
32
67166
70
67296
79
67406
82
67627
84
67717
85
67917
78
68087
65
68188
32
68268
78
68428
78
68558
32
68768
83
68848
69
68989
32
69079
76
69289
219
69519
186
69720
32
69850
80
70000
82
70090
69
70271
83
70491
65
70651
32
70751
67
70841
79
70992
78
71082
32
71222
77
71352
69
71522
190
71673
190
72544
69
72644
32
72774
67
72864
73
72984
32
73105
77
73205
65
73365
78
73445
67
73535
65
73806
86
73896
65
74076
32
74176
83
74376
76
74777
8
75037
79
75178
76
75368
79
75478
32
75578
81
75718
85
75758
69
75909
83
75989
84
76029
65
76239
16
76359
49
76590
49
76780
49
78973
73
79163
78
79534
8
79784
8
80495
73
80946
8
87545
67
87646
79
87786
83
87916
219
88417
8
88647
8
88837
8
89017
8
96238
79
96498
71
96678
71
96819
73
96879
32
97039
83
97099
79
97289
78
97440
79
97550
32
97960
85
98081
83
98171
67
98261
73
98531
84
98621
65
98741
32
98862
67
98872
79
99052
78
99162
32
99322
73
99392
76
