99483
32
99683
82
99863
65
00033
84
00384
8
00534
71
00574
65
00794
90
00955
90
01045
79
01095
32
01245
67
01345
72
01425
69
01545
32
02707
73
02867
69
02937
82
03088
73
03178
32
03318
83
03388
69
03508
32
03649
78
03769
69
03889
32
04069
69
04169
82
04249
65
04400
32
04540
65
04640
78
04690
68
04810
65
05000
84
05081
79
05231
32
05341
80
05391
69
05451
82
05611
32
05681
70
05802
79
06012
84
06152
85
06603
8
06763
8
06873
82
07003
85
07134
84
07334
84
07584
8
07774
8
07925
8
08145
84
08305
85
08506
78
08636
65
08766
32
08886
84
09016
85
09136
84
09317
84
09707
79
09777
32
09928
79
09988
75
11830
190
12041
190
16747
8
16918
8
17078
8
17248
8
17398
8
17569
8
17739
8
17899
8
18069
8
18240
8
18410
8
18961
77
19051
69
19151
78
19271
79
19361
32
19511
77
19672
65
19732
76
19972
69
20743
46
20903
46
21054
46
21204
46
21364
46
21514
46
21674
46
21825
46
21985
46
22315
78
22456
78
22986
8
23157
8
23387
32
23507
78
23697
78
24018
32
24158
67
24268
69
24418
32
24509
76
24719
219
24919
72
25049
65
25159
32
25290
67
25320
79
25470
78
25550
32
25660
77
25750
69
25931
190
26922
46
27573
35
35665
190
35935
190
41463
83
41543
79
41733
78
41873
79
41994
32
42134
67
42194
79
42354
78
42605
84
42705
69
42915
78
43065
84
43165
65
43486
190
44177
8
45689
188
46270
78
46610
79
46781
78
46891
32
47021
80
47121
69
47201
82
47341
32
47462
76
47642
79
47732
82
47872
79
48333
188
48543
32
48713
77
48833
65
48954
32
49204
80
49404
69
49504
82
49635
32
49725
73
49815
76
49885
32
49955
70
50015
65
50215
84
50406
84
50586
79
50726
32
50836
67
51007
72
51077
69
51297
32
52649
73
52779
82
52849
69
53020
83
53340
8
53530
8
53690
8
53841
8
54131
82
54261
73
54432
69
54522
83
54712
67
54952
79
55092
32
55383
65
55533
32
55733
77
55844
65
55974
78
56184
84
56254
69
56434
78
56625
69
56785
82
56905
65
57366
8
57426
69
57596
32
57666
76
57907
219
58167
65
58307
77
58387
73
58487
67
58638
73
58828
90
58908
73
59118
65
59248
32
59309
67
59399
79
59529
78
59629
32
59729
84
59879
85
60030
84
60210
84
60290
69
60530
32
60650
69
60811
32
60971
68
61081
85
61201
69
61922
190
62743
8
71516
13
72488
13
73108
13
73309
13
73799
13
73829
13
73869
13
73900
13
73930
13
73970
13
74000
13
74030
13
74070
13
74100
13
74130
13
74170
13
74200
13
74230
13
74270
13
74300
13
74330
13
74360
13
74400
13
74430
13
74460
13
74500
13
74530
13
74560
13
74601
13
74631
13
74661
13
74701
13
74731
13
74761
13
74801
13
74831
13
74861
13
74901
13
74931
13
74961
13
74991
13
75031
13
75061
13
75091
13
75131
13
75161
13
75191
13
75231
13
75261
13
75292
13
75332
13
75362
13
75392
13
75432
13
75462
13
75492
13
75532
13
75562
13
75592
13
75622
13
75662
13
75692
13
75722
13
75762
13
75792
13
75822
13
75862
13
75892
13
75922
13
75963
13
75993
13
76023
13
76063
13
76093
13
76123
13
76163
13
76193
13
76223
13
76263
13
76293
13
76323
13
76353
13
76393
13
76894
8
77385
8
77425
8
77455
8
77485
8
77515
8
77555
8
77585
8
77615
8
77655
8
77685
8
77715
8
77755
8
77785
8
77815
8
77855
8
77885
8
77915
8
77955
8
77985
8
78015
8
78056
8
78086
8
78116
8
78146
8
78186
8
78216
8
78246
8
78286
8
78316
8
78346
8
78386
8
78416
8
78446
8
78486
8
78516
8
78546
8
78586
8
78616
8
78646
8
78686
8
78716
8
78747
8
78787
8
78817
8
78847
8
78877
8
78917
8
78947
8
78977
8
79017
8
79047
8
79077
8
79117
8
79147
8
79177
8
79217
8
79247
8
79277
8
79317
8
79347
8
79377
8
79417
8
79448
8
79478
8
79508
8
79548
8
79578
8
79608
8
79648
8
79678
8
79708
8
79748
8
79778
8
79808
8
79848
8
79878
8
79908
8
79948
8
79978
8
80419
8
80649
8
80970
8
88080
188
91194
32
91315
80
91415
69
91485
82
91535
32
91685
76
91875
79
92276
84
92396
79
92466
32
92857
8
93027
8
93187
8
93307
82
93418
79
93568
32
93698
77
93758
73
93888
32
94219
83
94279
80
94379
73
94479
65
94579
67
94669
69
94800
32
95060
77
95260
65
95451
32
95751
8
95941
8
96121
8
98555
8
98855
188
99296
32
99837
8
01689
77
01800
65
01940
32
02731
70
02861
79
03071
78
03172
68
03302
65
03482
77
03602
69
03712
78
03853
84
03953
65
04093
76
04313
77
04443
69
04554
78
04684
84
04724
69
04944
32
05084
83
05475
79
05625
78
05775
79
05835
32
06196
70
06226
65
06506
8
06677
8
06747
65
06927
70
07087
70
07167
65
07328
82
07478
73
07588
32
07728
76
07908
79
08179
82
08369
79
08589
190
08720
190
08940
73
08980
79
09170
32
09421
86
10102
79
10232
82
10402
82
10472
69
10632
73
10712
32
10813
68
10903
65
11183
82
11764
71
11834
76
11934
73
12004
32
12155
85
12345
78
12465
65
12555
32
12685
77
12775
65
12866
78
13016
79
13106
32
13206
77
13336
65
13426
32
13607
70
13697
73
13847
71
13947
85
14047
65
14207
82
14678
8
14848
8
15229
82
15319
65
16070
84
16220
73
16511
190
16651
190
17973
83
18053
79
18213
76
18313
73
18454
84
18514
65
18664
32
18874
82
19004
73
19195
80
19225
79
19315
83
19405
84
19445
65
19966
32
20116
68
20236
65
20917
8
21728
8
22249
8
22509
190
22660
190
22790
16
22960
190
23220
50
23601
70
23711
65
23911
84
24082
84
24142
73
24272
32
24422
73
24522
32
24723
67
24873
65
25514
8
26685
65
26886
90
27066
90
27206
73
27306
32
27447
84
27577
85
27717
79
27787
73
28017
16
28298
50
28939
8
29169
16
29259
49
29550
50
30060
69
30180
32
30461
81
30571
85
30661
73
30891
78
31482
68
31633
73
31883
190
32033
190
35398
67
35488
77
35618
81
35769
32
36329
67
36530
69
36650
82
37040
67
37150
79
37271
32
38202
68
38322
73
38512
32
39003
70
39083
65
39324
82
39484
76
39844
73
39965
32
40055
80
40135
69
40265
78
40355
83
40415
65
40585
82
40666
69
40866
190
41016
190
43890
13
44090
66
44341
78
44611
69
44932
8
45102
8
45232
69
45362
78
45543
69
45693
32
45813
79
45933
82
46033
65
46113
32
46274
84
46384
73
46464
32
46754
83
46864
65
46985
76
47145
85
47265
84
47485
32
47836
8
48236
8
48427
8
48607
8
49098
8
49128
8
49168
8
49198
8
49228
8
49268
8
49298
8
49328
8
49368
8
49398
8
49428
8
49598
8
49819
8
49979
8
50209
8
50700
66
50900
69
51020
78
51151
69
51291
32
51561
79
51711
82
51842
65
51982
32
52092
84
52192
73
52252
32
52392
65
52793
8
52923
83
53023
65
53083
76
53304
85
53414
84
53694
32
54055
8
54265
79
54355
32
54455
67
54566
73
54706
65
54796
79
54886
32
54966
65
55086
32
55186
80
55317
82
55377
69
55527
83
55637
84
55717
79
55767
32
56298
8
56608
190
56769
190
56969
190
57680
16
58051
190
59102
57
59272
57
59443
57
63258
83
63378
80
63468
69
63568
82
63699
79
63839
32
63949
68
64029
73
64109
32
64340
69
64530
83
64710
83
64870
69
64981
82
65091
69
65271
32
65411
83
65521
84
65601
65
65782
84
65842
65
65972
32
66583
85
66663
84
67154
73
67344
76
67454
69
67594
16
67734
49
67935
49
69968
72
69998
69
70158
72
70198
69
