45374
16
45644
76
46045
69
46175
32
46445
73
46646
78
47076
86
47246
73
47427
79
47687
32
48058
85
48238
78
48368
32
48789
67
49019
65
49219
77
49580
80
50321
73
50471
79
50741
78
51002
69
51152
32
51613
68
51793
73
51933
32
52554
66
52855
65
53255
84
53415
84
53586
73
53936
84
54146
85
54587
82
54968
65
55128
32
55729
80
55899
69
56089
82
56249
32
56480
73
56680
76
56870
32
57381
83
57621
85
57832
79
58252
32
58733
84
58903
69
59124
83
59454
84
60576
190
60856
32
61066
16
61347
78
61557
79
61777
78
61958
32
62879
72
63029
79
63169
32
63510
73
64091
68
64261
69
64471
65
64631
32
64822
68
65012
73
65152
32
65703
81
65983
85
66174
65
66464
78
66714
84
66905
79
67065
32
67936
68
68147
69
68587
66
68737
66
69118
65
69318
32
69629
69
69839
83
70009
83
70179
69
70350
82
70510
69
70680
32
71031
76
71331
85
71551
78
72072
71
72232
79
72433
32
72913
69
73094
32
73314
83
73855
80
74065
69
74255
82
74486
79
74686
32
78381
8
78892
8
78932
8
78972
8
79002
8
79042
8
79062
8
79092
8
79132
8
79172
8
79192
8
79222
8
79263
8
79283
8
79323
8
79353
8
79393
8
79413
8
79443
8
79483
8
79523
8
79543
8
79573
8
79613
8
79653
8
79673
8
79703
8
79743
8
79783
8
79803
8
79833
8
79873
8
79893
8
79933
8
79964
8
80004
8
80024
8
80064
8
80094
8
80134
8
80154
8
80184
8
80224
8
80264
8
80284
8
80314
8
80354
8
80394
8
80404
8
80444
8
81245
32
81716
16
81836
83
82036
79
82257
78
82457
79
82577
32
82798
85
82988
78
83218
32
83449
67
83639
79
84260
71
84470
76
84660
73
84991
8
85201
8
85381
8
85542
8
85712
8
85882
8
86072
8
86243
8
86433
8
86613
8
86793
8
86974
8
87144
8
90459
16
90679
78
90939
79
91170
78
91350
32
91831
88
91841
83
92712
8
92962
8
93453
83
93763
79
93894
32
94304
68
94474
73
94595
32
94845
80
95245
82
95416
69
95876
67
96117
73
96447
83
96607
79
96728
32
97208
67
97409
79
97829
83
98120
65
98280
32
98650
83
99061
67
99391
82
99622
73
00052
86
00403
69
00603
82
01174
76
01344
69
01504
32
02085
80
02296
69
02486
82
02816
67
03427
73
03608
79
04018
32
04339
76
05060
69
05230
32
05731
68
05881
73
06251
82
06422
79
06642
32
07273
67
07733
72
07854
69
08004
32
08314
83
08515
79
08755
78
08975
79
09125
32
09456
77
09686
79
09856
76
10237
84
10397
79
10568
32
10828
68
11018
73
11449
83
11849
80
12070
73
12320
85
13011
67
13211
73
13552
85
13942
84
14073
79
14253
32
14754
67
14974
72
15414
69
15615
32
16065
13
16726
37
17237
37
17267
37
17307
37
17337
37
17367
37
17397
37
17437
37
17467
37
17497
37
17528
37
17558
37
17598
37
17628
37
17658
37
17688
37
17918
39
18118
39
18309
39
18479
39
18629
39
19360
8
19721
65
20492
40
23386
73
23877
69
24057
82
24257
73
24417
32
24778
76
24988
65
25128
32
25920
74
26180
85
26911
86
27201
69
27372
78
27662
84
28053
85
28353
83
28503
32
29465
65
29865
66
30026
66
30186
73
30456
65
30626
32
31157
86
31367
73
31568
78
31908
84
32078
79
32229
32
32419
76
32689
79
32970
32
33340
83
33831
67
34051
85
34452
68
34642
69
34882
84
35063
84
35273
79
36104
190
36635
32
51226
16
51486
67
51687
79
51897
78
52328
84
52938
73
53509
78
53669
85
54110
79
54280
32
54621
67
54811
79
55031
78
55252
32
55552
85
55752
78
56003
65
56143
32
56323
83
56534
69
56724
82
56944
73
57155
69
57325
32
57655
68
57815
73
57956
32
58216
76
58486
85
58957
79
59468
71
59768
72
59959
73
60119
32
60599
67
60930
79
61911
77
62142
85
62372
78
62602
73
62793
32
63293
65
63444
76
63574
32
63884
83
64054
79
64235
76
64405
79
64535
32
65006
83
65216
67
65436
79
65737
80
65917
79
66097
32
66748
82
66959
73
67289
69
67519
78
68070
80
68270
73
68721
82
68901
69
69162
32
70814
8
71004
8
71215
8
71405
8
71585
8
71946
8
72887
77
73308
80
73508
73
73869
82
74029
69
74179
32
75120
76
75301
79
75481
32
76262
83
76572
80
76743
65
77243
90
77654
73
77814
79
78245
16
78545
186
79206
32
86196
37
86707
37
86737
37
86767
37
86807
37
86837
37
86867
37
86897
37
86927
37
86967
37
86997
37
87027
37
87058
37
87098
37
87128
37
87158
37
87188
37
87218
37
87258
37
87288
37
87528
37
87849
39
88630
68
88810
73
88970
32
89942
35
94198
13
94709
49
96731
32
96842
189
96992
32
98173
16
98384
82
98784
79
99185
83
99345
83
99475
79
99576
32
99986
68
00176
73
00297
32
00717
83
00917
69
01098
82
01328
65
01568
32
03671
66
04032
69
04212
76
04342
32
04803
84
04983
69
05214
77
05474
80
05684
79
05845
32
06425
83
06746
73
06876
32
07327
83
07547
80
07948
69
08138
82
08408
65
11693
186
11833
32
12875
16
13385
16
13405
50
14056
32
14197
189
14297
32
15749
8
15969
8
16139
8
16320
8
16480
8
17141
32
17441
50
18092
32
18212
189
18302
32
19895
16
20335
79
20846
71
21036
73
21737
8
21858
71
21878
84
22428
8
23179
73
23310
32
24201
86
24501
65
24722
78
24892
78
25112
79
25242
32
25683
84
25913
85
26104
84
26284
84
26444
84
27285
8
28147
73
28257
32
28687
68
28838
73
28958
32
29358
70
29529
82
29709
69
30159
84
30310
84
30670
65
32092
186
32613
32
33394
51
34215
32
34346
189
34426
32
35998
16
36298
83
36719
73
36849
32
37480
83
37851
84
38161
65
38572
86
38772
65
38962
32
39172
77
39383
69
39924
71
40134
76
40324
73
40494
79
40615
32
41235
81
41466
85
41776
69
42147
8
42327
65
42798
78
43268
68
43449
79
43559
32
43979
83
44160
73
44290
32
44650
83
44921
84
45201
65
45622
86
45852
65
46032
32
46533
80
46974
69
47394
71
47565
71
47785
73
47965
79
49457
186
50599
32
51300
51
52081
8
53082
52
54044
32
54184
189
54264
32
57028
16
57178
78
57409
79
57659
78
58670
32
59482
67
61244
222
62556
69
63517
8
63708
8
64939
67
65350
32
65460
222
65560
32
66221
8
66402
8
67333
222
67453
32
68394
69
68985
222
69116
32
70117
32
70357
80
70558
73
71209
85
71619
32
71779
222
71920
32
72981
8
73151
8
73712
222
73842
32
74203
32
74854
76
75014
65
75134
32
75354
77
75575
69
76005
90
76166
90
76326
65
76536
32
76736
83
77037
84
77337
65
77798
71
78068
73
78239
79
78439
78
78669
69
79991
186
81193
32
84037
16
84548
16
84578
16
84618
16
84648
16
84678
16
84708
16
84738
16
84778
16
84808
16
84838
16
84868
16
84898
16
84938
16
84968
16
84998
16
85028
16
85068
16
85098
16
85129
16
85159
16
85199
16
85229
16
85259
16
85289
16
85319
16
85359
16
85389
16
85419
16
85449
16
85479
16
85519
16
85549
16
85579
16
85609
16
85649
53
88904
8
89585
53
89975
32
90136
189
90206
32
00060
16
00280
80
00641
73
00851
79
01502
86
01973
69
02193
32
02433
71
02714
79
03445
86
03665
69
03835
82
04106
78
04376
79
04526
32
04707
76
04897
65
05267
68
05478
82
06199
79
07340
186
07831
32
09464
54
10054
32
10215
189
10295
32
13209
16
13409
76
13720
65
13960
32
14170
67
14421
65
14911
76
15212
77
15402
65
15542
32
16203
69
16594
222
16714
32
17856
32
18036
76
18206
65
18346
32
18717
86
18957
73
19278
82
19478
84
19878
85
20079
32
20479
68
20640
69
20810
73
20900
32
22232
70
22472
79
22783
82
22983
84
23323
73
25106
186
25216
32
26728
16
27389
54
29132
32
29282
189
29362
32
31565
16
31836
67
32336
72
32507
73
32617
32
32777
78
33057
79
33268
78
33438
32
33678
77
33949
85
34189
79
34610
82
34780
69
35000
32
37023
37
37534
37
37564
37
37594
37
37634
37
37664
37
37694
37
37724
37
37754
37
37794
37
37824
37
37854
37
37884
37
37924
37
37954
37
37985
37
38255
37
38826
8
40047
55
40899
35
42471
83
42701
73
42821
32
44935
82
45225
73
45626
86
45836
69
46357
68
46537
69
48229
186
48369
32
50442
56
51774
32
51925
189
52015
32
55089
16
55229
73
55580
76
55820
32
56281
68
56471
73
56772
65
57162
86
57362
79
57553
76
57723
79
57903
32
58264
70
58504
65
58674
32
58975
76
59205
69
59355
32
59736
80
59966
69
60327
78
60597
84
60827
79
61018
76
61248
69
61398
32
61759
77
61929
65
62049
32
62450
78
62610
79
62720
78
62950
32
63401
73
63571
32
64222
16
64403
67
65815
8
65925
67
66546
79
66726
80
67277
69
67447
82
67938
67
68238
72
68448
73
69209
186
69360
32
73385
57
74217
32
74477
189
74637
32
82649
16
82929
68
83280
79
83570
77
83830
65
84001
78
84231
73
84391
32
84852
69
85613
222
85713
32
86655
32
86875
85
87055
78
87175
32
87636
65
88047
76
89108
84
89308
82
89529
79
89649
32
90170
71
90380
73
90550
79
91091
78
91401
79
94866
186
95007
32
96699
49
96889
48
97670
32
97770
189
97891
32
02688
16
02878
67
03328
72
03499
73
03589
32
04090
86
04380
65
04550
32
05251
80
05462
73
05672
65
06082
78
06223
79
06343
32
06723
86
06924
65
07064
32
07224
83
07484
79
07795
78
08035
79
08195
32
08806
69
08997
32
09347
86
09547
65
09688
32
09948
76
10148
79
10499
78
10849
84
11170
65
11470
78
11701
79
14855
186
14985
32
16507
49
16678
49
17709
32
17849
189
17980
32
36406
16
36556
78
36837
79
37097
78
37257
32
37698
83
37908
73
38048
32
38249
80
38669
85
38960
79
39130
32
40542
83
40762
69
41063
77
41523
80
41744
82
41944
69
42094
32
42795
86
43016
73
43236
78
43677
67
43867
69
44047
82
44227
69
45109
186
45249
32
47312
49
47482
49
48203
189
48564
8
48824
32
49385
189
49475
32
57917
16
58107
78
58348
79
58558
78
58708
32
59029
80
59519
85
59720
79
60220
222
60320
32
61152
32
61472
80
61763
73
61983
79
62454
86
62654
69
62824
82
62994
69
63165
32
63956
80
64086
69
64286
82
64557
32
64937
83
65127
69
65408
77
65848
80
66119
82
66289
69
68062
186
69434
32
73069
49
73660
50
75062
32
75172
189
75282
32
76223
16
76394
78
77215
69
77365
76
77495
32
77876
77
78026
69
78527
90
78697
90
78837
79
78967
32
79448
68
79688
73
79839
32
80379
67
80590
65
80820
77
81000
77
81210
73
81411
78
81611
32
82102
68
82252
73
82362
32
82713
78
82983
79
83454
83
83784
84
83954
82
84185
65
84345
32
84635
86
84876
73
85246
84
85537
65
85687
32
85907
77
86148
73
86328
32
86748
84
86899
82
87239
79
87740
86
88000
65
88341
73
88491
32
88801
73
89012
78
89122
32
89482
85
89703
78
90143
65
90294
32
90444
83
90654
69
90874
75
91415
8
92377
76
92777
86
92987
65
93148
32
93608
79
94209
83
94429
67
95050
85
95441
82
96162
65
96653
32
97384
67
03152
72
03332
69
03483
32
03973
76
04123
65
04274
32
04744
82
04935
69
05185
84
05385
84
05656
65
05856
32
06176
86
06417
73
06597
65
06777
32
08800
69
09010
82
09241
65
09411
32
09631
83
10082
77
10252
65
10693
82
10863
82
11023
73
11344
84
11594
65
