33520
16
33740
66
34010
85
34070
79
34340
78
34620
32
34730
76
34890
65
35170
86
35280
79
35440
82
35660
79
36050
188
36210
32
36710
83
36820
80
36980
69
37140
82
37250
79
37420
32
37580
67
37690
72
37800
69
37970
32
39620
84
39730
85
39890
84
40000
84
40110
73
40330
73
41480
8
41590
32
41810
73
42140
32
42530
68
42750
65
42970
84
43080
73
43240
32
43460
82
43680
65
43900
67
44010
67
44120
79
44290
76
44510
84
44670
73
44830
32
44940
73
45110
78
45270
32
45550
81
45660
85
45820
82
45820
69
46480
8
46920
8
47140
69
47310
83
47910
84
48020
79
48190
32
48350
69
48570
83
48730
80
49010
69
49390
82
49720
73
49940
77
50270
69
50440
78
50550
84
51040
79
51100
80
51760
8
51920
8
52800
79
53070
32
53240
80
53290
79
53950
83
54060
83
54280
65
54340
78
54500
79
54720
32
54890
69
55110
83
55220
83
55380
69
55550
82
55710
69
55870
32
56090
85
56480
84
56640
73
56860
76
56970
73
57690
32
58950
80
59170
69
59330
82
59550
32
60380
73
60490
76
60710
32
60820
80
61040
82
61200
79
61590
71
61810
69
62030
84
62190
84
62300
79
62740
188
62910
32
63120
73
63290
78
63510
32
63620
82
63780
69
64060
65
64170
76
64440
84
64940
222
65100
32
65320
78
65430
79
65650
78
65870
32
66480
72
66530
79
66800
32
66970
67
67130
65
67240
80
67460
73
67680
84
67900
79
68120
32
68950
77
69280
79
69550
76
69770
84
69990
79
70210
32
70430
66
70700
78
70870
69
71420
8
71970
8
72520
69
72630
78
72740
69
74000
188
74160
32
75810
76
75980
65
76090
32
76310
82
76470
69
76640
76
76750
65
77240
90
77350
73
77410
79
77630
78
77730
69
77900
32
78230
67
78390
72
78500
69
78670
32
79160
67
79440
219
79820
186
79990
32
80320
84
80480
82
80760
65
80920
32
81470
76
81690
65
82070
32
82510
66
82730
65
82950
84
83060
84
83560
85
84220
8
85260
73
85480
84
85590
85
85750
84
86190
8
86520
82
86800
65
87070
188
87240
32
87400
67
87620
79
87900
78
88060
32
88830
82
88990
69
89100
76
89270
65
89710
84
89930
73
90200
86
90310
73
90590
32
90750
69
90920
82
91030
82
91190
79
91360
82
91690
73
91910
32
94210
69
94490
32
94870
16
95370
16
95420
219
95640
219
95860
219
96240
32
97230
8
97620
190
97840
32
98170
16
98610
67
99100
77
99540
81
99650
32
99980
83
00090
80
00200
69
00690
82
00860
79
01020
32
01630
68
01790
73
01960
32
03770
69
03990
83
04100
83
04320
69
04480
82
04700
69
04870
32
06900
85
07230
84
07390
73
07560
76
08000
69
08380
188
08600
32
10580
65
10690
78
11130
67
11290
72
11400
69
11570
32
12060
83
12230
69
12450
32
12940
8
13270
188
13440
32
13660
82
13880
73
14100
80
14260
69
14590
84
14750
79
15080
77
15190
32
15690
8
16240
8
17340
188
17500
32
17780
78
17830
79
18000
78
18160
32
18600
83
18760
79
18930
32
19260
66
19420
69
19590
78
19700
69
19860
32
20740
80
20910
69
21020
82
21180
32
21460
81
21570
85
21840
65
21950
76
22170
69
22330
32
22500
77
22610
79
22880
84
23160
73
24090
86
24310
79
24640
190
25030
13
25250
16
25520
83
25960
84
26070
79
26290
32
26560
83
26730
67
27000
82
27280
73
27610
86
27770
69
27940
78
28430
68
28600
79
28760
32
29360
84
29640
84
29750
84
30020
73
30570
8
30740
8
30900
8
31780
85
31950
84
32110
84
32220
73
32440
32
32770
68
32880
73
33100
32
33320
71
34420
69
34750
84
34910
84
35570
79
36180
188
36340
32
36780
81
36890
85
37000
73
37160
78
37600
68
37710
73
37930
32
38100
76
38210
69
38320
32
38540
80
38700
65
39030
85
39690
83
39800
69
39970
32
40080
69
40240
32
40680
71
40790
76
40900
73
41060
32
41280
69
41560
82
41670
82
41780
79
42160
82
42270
73
42710
190
42930
190
43100
190
44190
32
45020
69
45460
72
45730
77
46230
190
46390
190
46560
190
46720
32
48480
80
48640
69
48810
82
48970
32
49630
70
49740
79
49910
82
50570
84
50680
85
50840
78
51010
65
51170
32
54520
186
55020
32
55400
80
55560
65
55730
83
55840
83
56060
65
56280
84
56390
79
56550
32
56720
68
56880
69
56990
76
57600
32
57710
84
57870
69
57980
77
58150
80
58310
79
58640
188
58800
32
59020
80
59190
82
59350
73
59570
77
59740
65
59900
32
60120
83
61770
8
62430
69
62590
82
62920
79
63250
32
63580
80
63800
82
64240
79
64410
80
64740
82
64850
73
64960
79
65070
32
65400
85
65620
78
65890
65
66060
32
66270
83
66440
67
66770
72
67100
69
67590
71
67700
71
67810
73
67980
65
68090
32
68200
65
68360
32
69080
83
69300
67
69840
82
69950
73
70230
86
70390
69
70560
82
70720
69
70890
32
71110
80
71220
69
71380
82
71490
32
71930
8
72150
67
72320
74
72870
8
73310
72
73520
186
73690
32
73960
78
74130
79
74290
78
74510
32
75120
85
75340
83
75500
65
76050
86
76220
79
76440
32
76660
80
76880
73
77860
191
78030
32
78250
83
78410
67
78630
82
79130
73
79840
86
80060
69
80230
82
80340
69
80500
32
80610
65
80780
32
80940
77
81100
65
81210
78
81380
79
81600
32
81930
77
82040
65
82200
32
82640
83
82810
79
83030
76
84020
79
84240
32
84570
65
84670
32
85220
84
85500
65
85720
83
86050
84
86210
73
86380
69
86600
82
87040
65
87640
32
88460
69
88790
32
89400
70
89510
79
89780
82
90060
83
90220
69
90330
32
90720
67
90940
73
91650
192
91820
32
92090
65
92360
86
92640
82
92750
69
93130
66
93240
66
93460
69
93630
32
93850
80
94010
79
94290
84
94450
85
94620
84
94890
79
95330
188
95440
32
96040
82
96260
73
96430
80
96590
69
96810
84
96980
79
97140
32
97580
70
97750
79
97970
82
98300
83
98570
69
98790
188
99010
32
02860
70
03070
65
03290
76
03510
83
03840
65
04230
82
04390
69
04560
32
04940
73
05110
78
05270
32
05380
80
05600
65
05880
82
05990
84
06210
69
06370
32
06540
76
06920
219
07580
69
07800
83
07910
80
08130
69
08510
82
08680
73
08950
80
09390
8
09610
77
09780
69
09940
78
10050
84
10650
79
11040
190
11260
190
11420
190
11810
13
12910
16
13240
83
13510
73
13730
67
13900
67
13950
79
14110
77
14330
69
14500
32
14720
83
14830
79
14990
78
15160
79
15380
32
15600
73
15820
77
16040
80
16310
85
16590
76
17080
83
17190
73
17580
86
17850
65
17960
32
18120
78
18290
79
18450
78
18670
32
19000
83
19110
79
19280
78
19440
79
19610
32
19830
84
19940
79
20210
82
20320
78
20490
65
20760
84
21040
65
21150
32
21370
73
21580
78
22410
68
22460
73
22630
69
22850
84
23010
82
23230
79
23450
32
23560
80
23730
69
23950
82
24170
32
24330
76
24500
69
24830
71
24940
71
25210
69
25370
82
25480
69
25650
32
26470
68
26750
65
26910
67
27080
67
27300
65
27460
80
27680
79
27850
32
28010
69
28120
32
28290
67
28400
79
28560
78
28780
32
28940
67
29160
65
29220
76
29440
77
29820
65
29990
32
30210
76
30370
65
30540
32
31200
77
31360
65
31470
73
31750
76
32080
190
32240
190
32410
190
32510
32
32730
65
32900
76
33060
84
33170
82
33340
73
33560
77
33610
69
33720
78
33890
84
34000
73
34160
32
34440
65
35040
86
35370
82
35480
69
35760
73
35980
32
36140
67
36360
65
36520
80
36740
73
37020
84
37130
79
37460
190
37730
190
37900
190
38450
32
38830
16
39110
66
39380
85
39490
79
39770
78
39930
32
40040
76
40310
65
41080
86
41690
79
42510
82
42680
79
43230
190
43450
190
43660
190
