05330
69
05490
32
06150
73
06700
78
06860
32
07250
81
07410
85
07690
69
07910
83
08180
84
08350
73
08460
32
09390
71
09500
73
09720
79
09940
82
10220
78
10380
73
10540
32
11040
76
11310
69
11480
32
11750
77
11860
65
12140
78
12520
68
12800
69
12960
82
14610
192
14830
32
15100
85
15380
78
15540
65
15650
32
16090
77
16260
65
16530
73
16750
76
16970
32
17690
80
17900
69
18070
82
18230
32
18780
67
18950
72
19280
73
19550
69
19830
83
20320
8
20430
68
20650
69
20980
76
21370
8
21370
82
22240
76
22410
69
22520
32
22850
73
23070
78
23290
70
23450
79
23670
82
24000
77
24110
65
24500
90
24610
73
24830
79
24990
78
25150
73
28070
190
35320
32
36410
86
36580
73
36740
83
37240
84
37460
79
37620
32
38120
67
38230
72
38390
69
38450
32
39600
67
39930
219
40480
186
40640
32
40920
65
41080
78
41580
67
41800
79
42070
82
42240
65
42460
32
42790
85
43230
78
43450
32
43610
80
43830
79
44050
32
44320
68
44430
73
44600
32
44870
83
45370
80
45590
65
45970
90
46080
73
46300
79
46580
32
47130
80
47510
79
47890
84
48170
82
48440
69
48720
73
48880
32
49270
82
49490
65
49870
67
50040
67
50200
79
50480
78
50750
84
50920
65
51130
82
51410
69
51570
32
53940
81
54210
85
54430
65
54540
76
54920
67
54980
79
55420
83
56900
219
57230
65
57450
76
57840
84
58060
82
58220
79
58440
32
59540
8
60310
190
60640
32
60970
20
61460
86
61740
20
62170
69
62500
68
62720
73
63000
65
63220
77
63380
79
63550
32
63820
85
64100
78
64260
32
64760
80
65030
79
66400
190
66620
190
66840
190
67390
32
68550
65
68770
32
68930
83
69100
73
69260
32
70030
76
70360
219
71240
85
71460
76
72060
84
72280
73
72560
77
72720
65
72830
32
73320
66
73600
73
73870
82
74040
73
74640
67
74860
67
75030
72
75250
73
75520
78
75690
65
76070
84
76400
65
77550
37
77720
37
77940
37
78210
37
78270
37
78320
37
78380
37
78430
37
78430
37
78490
37
78760
37
78980
37
79480
16
79810
50
80250
35
80570
16
80850
50
81450
32
82880
37
83210
37
83210
37
83270
37
83320
37
83380
37
83380
37
83430
37
83490
37
83540
37
83540
37
83600
37
83650
37
83980
37
84470
8
85020
37
85350
37
85790
16
86070
50
87660
37
88590
46
89310
39
89580
39
90350
16
90680
16
90680
50
91830
35
92930
32
93650
8
94200
67
94420
72
94580
69
94690
32
95790
72
95900
79
96120
32
96500
70
96610
65
97000
84
97220
84
97270
79
97490
32
97880
76
97990
65
98150
32
98430
83
98700
67
98920
79
99140
82
99580
83
99740
65
99850
32
00180
83
00400
69
00680
84
00840
84
00950
73
01230
77
01390
65
01610
78
01890
65
02760
190
03090
32
05620
20
06440
77
06610
20
07160
69
07380
78
07760
84
07980
82
08200
69
08370
32
08640
73
08810
76
08970
32
09580
77
09690
65
10340
69
10560
83
10890
84
11110
82
11280
79
11500
32
11830
68
12050
69
12210
76
12320
32
12820
78
12980
79
13480
83
13860
84
14130
82
14240
79
14410
32
14850
71
15180
82
15400
85
15890
80
16060
80
16330
79
17370
188
17590
32
17810
73
18360
78
18910
68
19240
8
19350
83
19520
73
19790
69
20070
77
20230
69
20400
32
21110
65
21710
68
21930
32
22210
65
22540
76
22920
84
23090
82
23250
69
23420
32
23750
80
23910
69
24080
82
24570
83
24840
79
25120
78
25390
69
25500
32
26050
68
26330
69
26440
76
26600
76
26820
65
26930
32
27260
68
27760
73
28140
82
28360
69
28910
90
29070
73
29240
79
29460
78
29620
69
29730
32
30560
65
30890
78
31490
8
31660
8
33740
83
34020
79
34240
78
34400
79
34570
32
34840
65
35010
78
35230
68
35450
65
35720
84
35940
73
36160
32
39240
73
39510
78
39620
32
41650
65
42700
77
43080
69
43240
82
43460
73
43790
67
43900
65
44120
32
46650
73
47090
79
47580
32
47800
69
47910
32
48850
65
49010
76
49450
82
49450
84
49840
8
50170
8
50330
82
50990
8
51150
84
51370
82
51760
73
52030
32
53020
68
53300
85
53520
69
53680
32
54070
77
54230
73
54450
69
54670
32
55110
65
55270
77
55440
73
55710
67
55820
73
56040
32
58460
83
58620
73
58900
77
59340
8
59450
65
59670
77
59780
79
60000
32
60880
65
61210
8
61370
83
61700
84
61920
65
62080
84
62300
73
62470
32
62850
67
63180
72
63400
73
63620
65
63900
77
64230
65
64500
84
64720
73
64890
32
65110
65
65210
32
65540
67
65760
65
66040
78
66370
84
66810
65
67030
82
67250
69
67410
32
69500
80
69720
69
69880
82
70050
32
70380
85
70650
78
70820
32
71310
71
71530
82
71750
85
72080
80
72300
80
72570
79
73340
32
74940
16
75210
16
75270
16
75320
16
75380
16
75380
16
75430
16
75490
16
75490
56
76750
82
76970
73
77240
86
77410
65
77570
76
77900
69
78010
32
78890
68
79110
69
79280
76
79440
32
79770
78
79940
79
80370
83
80920
84
81200
82
81310
79
82740
16
82960
57
84050
32
86750
8
87570
80
87790
69
87900
82
88060
32
88720
68
88940
85
89270
69
89380
32
89550
83
89820
69
90040
82
90210
69
90430
32
90760
67
90920
79
91140
78
91360
83
91630
69
92570
67
93230
85
93610
84
93780
73
94330
86
94550
69
95530
190
95860
32
96250
20
96520
78
96630
20
97020
65
97400
84
97570
85
97730
82
97950
65
98230
76
98660
77
98940
69
99270
78
99490
84
99650
69
99820
32
01740
86
01910
73
02120
83
02450
84
02560
79
02730
32
03060
67
03170
72
03330
69
03440
32
03770
73
03990
76
04210
32
04540
71
04710
65
05150
84
05310
84
05420
79
05590
32
05860
78
06020
79
06190
78
06350
32
06680
67
07010
219
07340
69
07560
82
07730
65
07890
32
08610
78
08770
79
09050
73
09270
32
09590
84
09760
79
10090
82
10580
8
11240
80
11630
79
12010
8
12340
73
12620
78
12840
73
13160
32
14150
65
14430
66
14590
66
14760
73
14980
65
15140
77
15310
79
15530
32
15690
68
15970
69
16350
67
16520
73
16790
83
16950
79
17120
32
17610
68
17720
73
17890
32
18550
66
18770
65
18930
76
19320
65
19700
8
20030
76
20200
65
20520
82
20690
69
20910
32
28820
69
28980
32
29310
67
29420
79
29640
83
31840
221
67490
32
67710
83
68310
8
68580
65
69080
66
69350
66
69520
73
69680
65
69960
77
70180
79
70400
32
70840
67
70950
79
71220
76
71440
76
71550
65
71990
66
72320
79
72540
82
72760
65
73140
84
73360
79
73530
32
73860
67
73970
79
74190
78
74350
32
74570
76
74960
219
75180
65
75450
76
75780
84
76000
82
76220
79
76490
32
76880
71
77370
82
77540
85
77920
80
78140
80
78360
79
79350
190
79570
32
80280
20
80390
77
80560
20
80830
65
81160
76
81330
65
81710
85
82150
70
82700
8
82870
71
83090
85
83410
82
83580
65
83910
84
84130
65
84350
77
84570
69
84730
78
85010
84
85230
69
90120
32
90720
73
90990
76
91210
32
91930
86
92040
73
92370
67
92590
69
92750
32
93690
77
93740
65
94130
69
94400
83
95000
84
95280
82
95440
79
95610
32
96160
69
96380
32
98520
76
99180
65
99340
32
99620
77
99780
79
00170
71
00330
76
00440
73
00770
69
01490
32
01810
16
01980
56
03790
69
04070
78
04450
84
04670
82
04780
65
05110
77
05710
66
05990
73
06370
32
06590
77
06920
85
07250
83
07360
73
07690
67
07860
73
08190
83
08460
84
08570
73
08790
32
09120
68
09340
69
09720
76
09940
76
10330
65
10490
32
10710
78
10930
79
11210
83
11540
84
11760
82
11920
65
12030
32
12470
66
12580
65
12850
78
13180
68
13350
65
13950
16
14230
57
14890
32
15330
69
15550
82
15660
65
16040
78
16260
79
16420
32
16750
80
16920
82
17140
69
17580
83
17800
69
18020
78
18130
84
18290
69
18400
73
18570
32
18900
8
19060
8
19170
8
19500
73
19720
32
19890
65
20100
32
20870
85
21150
78
21310
65
21420
32
21700
68
21920
69
22360
76
22580
76
22800
69
22850
32
23350
68
23570
85
23840
69
23950
32
24110
83
24550
69
24770
82
24940
65
25430
84
25600
69
26860
190
27360
32
30650
20
30930
83
31040
20
31250
73
31750
67
31970
85
32240
82
32350
65
32570
77
32790
69
33010
78
33070
84
33620
69
33780
32
38340
65
38560
78
38940
68
39160
82
39330
65
39490
78
39660
78
39880
79
40040
32
40590
65
40760
32
41090
83
41360
80
41640
73
42620
70
43280
70
43500
69
43780
82
44220
65
44710
82
44930
69
45150
32
45540
84
45700
85
45970
84
46190
84
46300
79
46470
32
46690
65
46800
32
48060
71
48280
82
48450
65
48560
78
48780
68
49050
69
49220
32
49440
67
49650
65
50040
80
50260
79
50480
32
50700
65
51300
8
51520
69
51690
32
51960
65
52180
76
52840
76
53120
79
53390
82
53500
65
53660
32
54100
83
54320
65
54820
82
54980
65
55260
78
55420
78
55590
79
55750
32
56740
67
56960
65
57340
86
57450
79
57730
76
57890
73
58110
32
58280
65
58500
77
59100
65
59380
82
59600
73
59820
32
61300
8
62010
190
62290
32
62670
20
62890
77
63000
20
63330
65
63440
32
63770
78
63990
79
64210
73
64370
32
64590
65
64870
66
65030
66
65200
73
65420
65
65580
77
65750
79
65910
32
66130
68
66350
69
66630
67
66790
73
67230
83
67340
79
67560
32
67780
68
67940
73
68110
32
68880
70
69100
82
69320
69
70420
71
70420
70
70860
8
71080
65
71350
82
71730
67
71950
69
72280
78
72450
69
72560
32
72720
65
72830
76
73220
84
73490
65
73820
77
74100
69
74260
78
74370
84
74590
69
74810
32
75200
80
75470
69
75580
82
75910
67
76070
72
77120
186
77280
32
77780
80
78050
69
78220
82
78440
32
79260
76
79530
79
79700
32
80850
77
81020
69
81240
78
81400
79
36750
188
37190
32
37790
80
38070
69
38230
82
38450
32
38780
68
39000
85
39440
69
39550
32
39940
83
40270
69
40540
82
40700
65
41140
84
41360
69
41970
188
42190
32
42680
67
42790
73
43070
32
43290
83
43560
73
43890
65
44110
77
44280
79
44440
32
44660
68
44770
73
45320
86
45540
69
45700
82
46200
84
46420
73
46640
84
46910
69
47080
32
47570
8
47740
8
47960
69
48280
32
48450
8
48890
8
49490
73
49710
32
49990
84
50150
65
50430
78
50810
84
51030
73
51360
83
51530
83
51850
73
52130
77
52350
79
52620
32
52900
69
53060
32
53340
65
53720
66
53940
66
54110
73
54380
65
54550
77
54710
79
54930
32
55430
67
55590
65
55750
78
56030
84
56190
65
56520
84
56630
79
56800
32
57130
67
57240
79
57400
78
57570
32
58450
71
58720
85
59160
83
59490
84
59650
79
62890
188
63280
32
64710
67
64930
79
65150
78
65310
32
68000
76
68170
76
68550
8
68880
219
69100
65
69380
78
69540
73
69870
77
69980
65
70800
32
71080
69
71190
32
71630
67
71680
79
71900
78
72070
32
72780
86
72950
79
73500
71
73660
76
73830
73
73990
65
