40734
16
40906
69
41781
70
41937
70
42234
69
42500
84
42625
84
43015
73
43437
86
43562
65
43781
77
43921
69
44031
78
44187
84
44390
69
44546
32
47109
78
47265
79
47375
78
47671
32
48328
72
48609
79
48687
32
48906
85
49109
78
49234
65
49375
32
49968
86
50093
65
50218
71
50312
65
50500
32
51265
73
51390
68
51562
69
51781
65
51875
32
52078
68
52265
73
52359
32
52750
81
52890
85
53078
69
53296
76
53406
76
53625
79
53718
32
53859
67
53984
72
54078
69
54203
32
54406
68
54546
69
54781
86
54890
79
55125
32
55359
83
55593
67
55828
82
55968
73
56203
86
56437
69
56625
82
56765
69
58109
190
58281
190
59171
68
59281
73
59484
67
59562
73
59984
65
60921
77
61140
79
61234
32
61390
67
61500
72
61593
69
61703
32
62093
78
62218
79
62281
78
62484
32
63093
83
63281
79
66843
78
66953
79
67281
32
67562
77
67703
65
67859
73
67937
32
68250
83
68359
84
68437
65
68656
84
69140
79
69218
32
69484
66
69625
82
69890
65
70218
86
70343
73
70812
83
70937
73
72640
8
72859
83
73593
73
73828
77
74046
79
74140
32
74250
65
74359
32
74703
82
74968
65
75359
67
75500
67
75609
79
75875
78
76062
84
76390
65
76609
82
76703
69
76890
32
77234
76
77343
69
77515
32
77953
84
78156
82
78468
65
78625
77
78781
69
78921
32
79093
68
79250
69
79390
73
79468
32
80031
70
80156
73
80390
76
80765
77
82656
188
82843
32
82937
69
83078
32
83515
81
83718
85
83921
73
84156
78
84312
68
84515
73
84656
32
85937
78
86078
79
86156
78
86421
32
87125
82
87406
65
87734
67
87859
67
87953
79
88203
78
88390
84
88609
69
88796
82
89140
192
89421
32
89671
76
89921
219
90281
85
90609
76
90796
84
90937
73
91140
77
91375
79
91484
32
91625
67
91750
72
91828
69
91968
32
92296
72
92593
79
92687
32
92921
86
93046
73
93250
83
93562
84
93718
79
95968
188
96156
32
96828
68
96984
73
97078
32
97343
67
97468
85
97671
73
97734
32
98218
80
98359
69
98546
82
98656
32
98890
65
99062
76
99453
84
99625
82
99703
79
99781
32
00062
78
00328
79
00500
78
00687
32
00953
82
01171
73
01343
67
01437
79
01625
82
01828
68
01906
79
02000
32
02156
73
02343
76
02437
32
02687
84
02828
85
02843
73
03984
8
04171
8
04375
84
04875
8
05171
73
05375
84
05562
79
05781
76
05921
79
06781
190
06968
190
07187
190
12703
81
12906
85
13093
73
13312
78
13468
68
13640
73
13750
32
14406
80
14515
65
14796
82
14937
76
15031
69
15281
84
16375
8
16500
82
17171
192
17390
32
17625
85
17843
78
18015
32
18390
80
18437
79
18656
219
18765
32
19187
68
19296
73
19375
32
19593
77
19687
69
22218
188
22437
32
22750
85
22984
78
23609
72
23828
77
24812
188
24968
32
25390
86
25484
69
25687
68
25796
73
25953
65
26078
77
26328
79
27312
188
27484
32
30843
37
31921
37
31953
37
32000
37
32031
37
32078
37
32109
37
32156
37
32187
37
32234
37
32265
37
32312
37
32343
37
32390
37
32703
39
33328
8
33453
39
33718
39
33953
39
34062
39
34171
39
34312
39
34437
39
34562
39
34703
39
34843
39
34968
39
35093
39
35218
39
36531
77
36734
73
36828
32
37031
67
37125
72
37328
73
37484
65
37765
77
37984
79
38062
32
38218
16
38359
77
38625
65
38921
82
39203
67
39328
79
40109
188
40265
32
40578
72
40843
79
40921
32
41750
49
41843
57
42078
32
42703
65
42906
78
43062
78
43171
73
43531
32
45500
69
45656
32
45937
72
46078
79
46140
32
46343
73
46593
78
46812
73
47296
90
47406
73
47515
65
47796
84
48140
79
48234
32
48406
68
48593
65
48671
32
48968
80
49171
79
49390
67
49500
79
49578
32
49812
76
50109
219
50375
16
50515
85
50843
78
51093
73
53625
188
53781
32
54718
186
54937
32
55250
80
55468
69
55703
65
56187
8
56312
83
56515
65
57156
78
57453
84
57609
85
58015
67
58140
67
58265
73
58468
65
66515
188
66671
32
66890
77
67015
65
67109
32
68062
83
68156
80
68281
69
68468
82
68625
79
68718
32
68906
68
69000
73
69078
32
69390
70
69515
73
69781
78
69984
73
70109
82
70265
69
70484
32
70671
69
70796
78
71109
84
71281
82
71437
79
71515
32
71984
73
72078
32
72531
84
72718
82
72843
69
73031
32
73187
65
74406
78
74546
78
74671
79
75375
8
75734
73
76031
188
76171
32
76359
65
76484
78
76703
67
76828
72
76937
69
77062
32
77437
80
77562
69
77734
82
78281
67
78390
72
78812
186
78953
32
79156
65
79250
76
79531
84
79718
82
79843
73
80062
77
80187
65
80578
8
80703
69
80906
78
81078
84
81250
73
81375
32
81812
83
81968
65
82234
82
82671
192
82953
32
83171
77
83312
65
83515
78
83765
68
83953
65
84125
84
84500
79
84593
32
84781
65
85062
73
85171
32
85593
76
85734
65
86046
86
86156
79
86375
82
86531
73
86625
32
86984
70
87078
79
87234
82
87750
90
87953
65
88343
84
88484
73
88562
32
88796
68
89000
65
89156
32
89328
77
89531
73
89640
65
89781
32
90265
77
90406
65
90687
68
90890
82
91093
69
94031
190
94171
190
94578
66
94906
82
95078
82
95218
82
96046
190
96218
190
96390
190
98343
8
17796
76
18078
219
18546
69
18781
83
18984
65
19109
77
19250
69
19406
32
19640
67
19750
72
19859
69
20000
32
29937
77
30156
73
30265
32
30515
80
31093
82
31265
69
31390
79
31718
67
32546
67
32718
85
33281
80
33453
65
33609
32
33875
68
34046
73
34140
32
34437
80
34671
73
35265
191
35687
32
36375
80
36531
69
36703
82
36890
32
37593
79
37765
82
38078
65
38203
32
38625
186
38703
32
39296
76
39515
79
40281
71
40437
73
40750
67
41046
65
43156
188
43312
32
43750
65
43906
78
44109
67
44218
72
44328
69
44468
32
44859
80
44968
69
45125
82
45390
67
45546
72
46031
186
46125
32
46500
76
46625
65
46765
32
46953
67
47203
65
47437
80
47687
73
47812
83
48000
67
48140
79
48218
32
48640
80
48843
79
49375
67
49515
79
50187
188
50437
32
50890
77
51031
65
51140
32
51593
78
51750
79
51843
78
52093
32
52500
73
52718
77
52984
80
53187
79
53359
82
53515
84
53843
65
58171
188
58343
32
58562
77
58718
65
58953
71
59031
65
59281
82
59671
73
59765
32
60328
86
60406
69
60609
82
60765
82
60984
192
61234
32
61515
73
61796
76
61921
76
62218
85
62468
77
63171
73
63343
78
64265
65
64437
84
64843
79
64937
32
65203
68
65359
85
65531
82
65796
65
65953
78
66203
84
66421
69
66562
32
67765
73
67984
76
68109
32
68609
84
68828
69
69125
83
69484
84
70218
190
70406
190
93609
80
93750
69
93921
82
94203
67
94359
72
94890
186
95125
32
95625
72
95859
79
95937
32
96140
83
96359
67
96578
69
96671
76
96937
84
97078
79
97156
32
97406
76
97734
219
98015
73
98250
78
98796
70
98937
79
99265
82
99703
77
99875
65
00125
84
00468
73
00734
67
01015
65
01359
16
01984
219
02796
16
03046
78
03375
79
03500
78
03718
32
04093
76
04265
79
04328
32
04453
83
04546
79
05000
188
05156
32
05296
65
05421
32
06062
77
06390
69
06531
32
06890
80
06890
186
08031
8
08562
73
08718
65
09062
67
09250
69
09375
32
09796
84
09921
65
10140
78
10343
84
10531
73
10812
83
10921
83
11046
73
11265
77
11484
79
11562
32
11750
76
11875
65
11968
32
12281
70
12484
73
13218
76
13421
79
13609
83
13718
79
13968
70
14140
73
14281
65
14687
188
14843
32
15156
77
15281
65
15406
32
16687
76
16984
219
17296
85
17515
78
17765
73
17906
67
17984
79
18062
32
18328
83
18609
66
18921
79
19156
67
19281
67
19406
79
19718
65
20125
8
20343
32
20843
67
20984
72
21078
69
21250
32
21453
68
21640
65
21765
32
22234
186
22421
32
22703
76
23281
219
23578
73
23796
78
24140
83
24359
69
24531
71
24718
78
24812
65
25125
77
25250
69
25328
78
25546
84
25828
79
26890
32
27031
69
27453
190
27625
190
27812
190
28578
8
31984
78
32109
79
32218
78
32765
32
33328
77
33562
73
33640
32
33859
73
34359
83
34562
80
34875
73
34984
82
35281
65
35453
32
36015
77
36265
79
36390
76
36562
84
36640
79
37484
190
37703
190
37953
190
39781
190
40156
190
40937
8
47859
13
48156
13
48375
13
48546
13
48718
13
48875
13
49015
13
49156
13
49312
13
49484
13
49625
13
49781
13
49921
13
50078
13
50250
13
50531
13
51625
13
51656
13
51703
13
51734
13
51781
13
51812
13
51859
13
51890
13
51921
13
51968
13
52000
13
52046
13
52078
13
52125
13
52156
13
52203
13
52234
13
52281
13
52312
13
52359
13
52390
13
52437
13
52468
13
52515
13
52546
13
52593
13
52625
13
52671
13
52703
13
52734
13
52781
13
52812
13
52859
13
52890
13
52937
13
52968
13
53015
13
53046
13
53093
13
53125
13
53171
13
53203
13
53250
13
53281
13
53328
13
53359
13
53406
13
53437
13
53484
13
53515
13
53562
13
53593
13
53625
13
53671
13
53703
13
53750
13
53781
13
53828
13
53859
13
53906
13
53937
13
53984
13
54015
13
54062
13
54093
13
54140
13
54171
13
54218
13
54250
13
54296
13
54328
13
54375
13
54406
13
54437
13
54484
13
54515
13
54562
13
54593
13
55140
8
56234
8
56265
8
56312
8
56343
8
56390
8
56421
8
56468
8
56500
8
56546
8
56578
8
56625
8
56656
8
56703
8
56734
8
56781
8
56812
8
56859
8
56890
8
56937
8
56968
8
57000
8
57046
8
57078
8
57125
8
57156
8
57203
8
57234
8
57281
8
57312
8
57359
8
57390
8
57437
8
57468
8
57515
8
57546
8
57593
8
57625
8
57671
8
57703
8
57750
8
57781
8
57828
8
57859
8
57890
8
57937
8
57968
8
58015
8
58046
8
58093
8
58125
8
58171
8
58203
8
58250
8
58281
8
58328
8
58359
8
58406
8
58437
8
58484
8
58515
8
58562
8
58593
8
58640
8
58671
8
58703
8
58750
8
58781
8
58828
8
58859
8
58906
8
58937
8
58984
8
59015
8
59062
8
59093
8
59140
8
59171
8
59218
8
59250
8
59296
8
59328
8
59375
8
59406
8
59453
8
59484
8
59515
8
59562
8
60031
8
60218
8
60375
8
60562
8
60781
8
61031
8
