12424
100
14014
8
14502
0
14722
68
14950
97
15931
108
16159
32
16463
109
16759
111
17029
109
17346
101
17814
110
18056
116
18496
111
18723
32
19026
99
19324
104
19606
101
19841
32
20056
115
20325
111
20622
110
20877
111
21112
32
22619
8
22882
8
23356
8
23556
8
23743
8
24895
109
25171
105
25399
32
25635
115
25923
101
26357
110
26592
116
27032
111
27246
32
27440
109
27682
111
27875
108
28261
116
28708
111
28936
32
29212
99
29591
111
29791
105
30054
110
30453
118
30790
111
30990
108
31417
116
31856
111
32092
32
32394
100
32575
97
32781
32
33051
113
33608
117
33987
101
34187
115
36174
116
36402
97
36671
32
36920
115
37224
112
37622
101
38145
105
38353
109
38684
101
39131
110
39393
116
39601
97
39823
122
40269
105
40449
111
40684
110
40988
101
41763
32
42429
99
42917
104
43248
101
45380
13
51564
114
58453
8
60679
13
62372
110
65968
32
66210
115
66561
105
66878
99
67853
117
68765
114
69630
97
70447
109
70799
101
71458
110
71705
116
71934
101
72189
32
72608
116
73055
105
73276
32
73524
112
73882
101
74049
114
74510
109
74827
101
75068
116
75221
116
75422
101
75616
114
76022
97
76373
39
76642
32
77308
100
79035
8
80358
100
80833
105
81067
32
81364
116
81544
114
81773
97
82083
114
82242
114
82450
101
82986
32
86412
8
86612
8
86799
8
86981
8
87175
8
87389
8
87623
8
88521
111
88933
116
89113
116
89327
101
89850
110
90166
101
90353
114
90541
101
90803
32
91051
100
91238
101
91720
105
91947
32
92264
114
92704
105
92925
115
93312
117
93676
108
94035
116
94194
97
94435
116
94876
105
95166
32
10810
109
11079
111
11251
108
11650
114
13288
8
14563
116
14963
111
18538
13
19985
105
20206
109
20529
112
20709
111
21116
114
21302
116
21530
97
21923
110
22211
116
22666
105
22915
32
27325
112
27704
101
27883
114
28105
32
28388
105
28622
108
28844
32
29161
112
29526
114
30089
111
30371
115
30620
101
31081
103
31521
117
31708
105
31977
109
32308
101
32728
110
32976
116
33403
111
33623
32
33899
100
34058
101
34527
108
34665
108
35003
101
35258
32
35644
116
36084
117
36654
101
37074
32
38884
114
39297
105
39607
99
39938
104
40242
101
40415
114
40670
99
41124
104
41407
101
41690
32
43494
8
43659
8
43839
8
44025
8
44213
8
44420
8
44621
8
45519
101
46001
114
46236
99
46560
104
46815
101
47023
32
47285
101
47499
32
47810
112
48160
101
48334
114
48582
32
49577
108
51535
8
52976
105
53198
108
55473
32
61602
102
62097
117
62393
116
62855
117
63124
114
63618
111
65311
13
67818
111
69169
32
74408
98
74643
114
74830
101
75230
118
75471
101
75816
116
75961
116
76607
111
76938
32
79685
100
79871
101
80353
105
80566
32
80897
114
81365
105
81607
115
81951
117
82289
108
82620
116
82834
97
83034
116
83475
105
83778
32
84486
115
84755
116
84976
101
85218
115
85371
115
85934
105
90461
32
91443
101
91711
32
92358
112
92544
111
93163
105
93432
99
93755
104
94037
101
94547
39
94789
32
96139
104
96326
97
96781
105
97018
32
97333
103
97772
105
98069
117
98304
115
98559
116
98794
97
99165
109
99455
101
99861
110
00117
116
00345
101
01593
32
02964
115
03399
117
03860
103
04019
103
04289
101
04640
114
05135
105
05842
13
07131
116
07550
111
07785
32
08081
100
08461
105
08682
32
08909
110
09158
111
09626
110
09826
32
10054
115
10288
99
10510
114
10964
105
11357
118
11598
101
11778
114
11979
101
12618
32
13092
115
13491
117
13720
32
13928
97
14251
114
14582
103
14946
111
15215
109
15511
101
15972
110
16201
116
16634
105
16848
32
17091
116
17256
114
17751
111
17972
112
18132
112
18339
111
18717
32
19219
112
19653
101
19812
114
20033
115
20795
111
21968
110
22162
97
22465
108
22761
105
23031
32
23772
112
23952
111
24214
105
24565
99
24854
104
25124
101
25660
39
26066
32
26862
112
27056
111
27441
116
27635
114
27815
101
28303
98
28463
98
28794
101
28988
114
30352
111
30929
13
34266
114
35047
111
35392
32
36380
112
36567
111
36966
116
37160
114
37173
101
37956
8
38944
8
40015
101
40523
110
40813
122
41109
105
41515
97
41737
108
42170
109
42480
101
42988
110
43230
116
43451
101
43741
32
44434
101
44602
115
44768
115
44976
101
45210
114
45397
101
46069
32
47968
108
48326
101
48608
116
48754
116
49173
105
49415
32
49685
100
49892
97
50079
32
50410
97
50768
108
51208
116
51395
114
52506
105
54061
44
54283
32
55845
104
56210
111
56493
32
57077
112
57585
101
58067
110
58453
115
58646
97
59066
116
59568
111
59864
32
60872
100
61297
105
61841
32
62493
97
62933
102
63086
102
63273
114
63734
111
64009
110
64326
116
64506
97
64795
114
64976
101
66141
13
67115
99
67508
111
67845
109
68156
101
68370
32
68597
97
68874
114
69205
103
69582
111
69879
109
70196
101
70671
110
70919
116
71413
111
71834
32
73335
105
73536
109
73550
110
74332
8
75129
8
75931
110
76199
105
76483
122
76773
105
76946
97
77249
108
77655
101
78733
32
80932
108
81324
101
81567
32
81898
116
82084
101
82531
109
82703
97
82993
116
83399
105
83717
99
84006
104
85117
101
85674
32
88045
114
88225
101
88699
108
88880
97
89203
116
89651
105
90105
118
90353
101
90595
32
90762
97
91195
105
91417
32
93452
112
93830
114
94298
111
94958
98
95323
108
95667
101
96182
109
96424
105
96659
32
96901
100
97066
101
97554
108
97714
108
97983
97
98998
13
99808
115
00159
105
00491
99
00801
117
01172
114
01338
101
01662
122
01814
122
02009
97
02339
32
02965
105
03185
110
03558
102
03936
111
04273
114
04748
109
04907
97
05184
116
05563
105
05933
99
06067
97
06904
44
07078
32
07340
105
07602
110
07803
32
08113
112
08279
97
08609
114
08796
116
09223
105
09526
99
09891
111
10071
108
10244
97
10568
114
10748
101
11537
32
13559
97
14005
108
14356
99
14763
117
15018
110
15411
105
15823
32
16893
112
17313
117
17514
110
17824
116
18175
105
18403
32
18686
105
18866
109
19156
112
19343
111
19674
114
19853
116
20026
97
20377
110
20633
121
21422
8
21814
116
22166
105
22456
32
23383
13
24794
114
24954
101
25435
108
25609
97
26015
116
26400
105
26751
118
27056
105
27324
32
27806
97
28253
105
28454
32
28778
112
29171
114
29597
111
29948
116
30443
111
32486
99
33459
111
33674
108
33819
108
34390
105
34741
32
35236
0
35695
84
36229
76
37496
83
38245
47
38588
115
38769
115
39291
108
40210
8
40404
8
40597
8
40983
0
41407
83
41564
83
42195
76
44134
32
47613
0
47826
40
48477
84
48931
114
49166
97
49730
110
49937
115
50288
112
50468
111
50846
114
51034
116
51460
32
51626
0
52305
76
52677
97
53281
121
53632
101
53811
114
54396
32
54726
0
55671
83
55913
101
56229
99
56655
117
57000
114
57447
105
57757
116
57998
121
58691
0
59986
41
60427
46
60696
32
60903
0
62369
67
63309
111
63578
109
63930
101
64842
13
66076
98
66366
101
66841
110
67032
32
67379
115
67627
97
68039
105
70334
32
71213
101
71387
115
71547
115
71959
105
72209
32
72547
99
72973
111
73242
110
73491
115
73822
101
74290
110
74524
116
75012
111
75364
110
75695
111
76478
32
76980
108
77188
97
77381
32
78281
114
78454
101
78675
97
79040
108
79262
105
79661
122
79814
122
80008
97
80230
122
80718
105
80892
111
81119
110
81415
101
81759
32
83137
100
84303
105
84545
32
84773
117
84994
110
85195
32
85499
99
85692
97
86050
110
86278
97
86664
108
87097
101
88242
32
88847
115
89246
105
89604
99
89975
117
90245
114
90706
111
93220
32
94325
118
94751
105
96231
114
97862
45
98364
13
99660
116
00094
117
00254
97
00599
108
00964
101
01219
32
01872
116
02058
114
02287
97
02467
32
03277
100
03792
117
04129
101
04529
32
05565
99
05957
111
06225
109
06378
109
06619
117
06834
110
07056
105
07345
99
07505
97
07822
116
08242
105
08436
111
09396
110
09610
32
10256
101
10840
110
11156
100
11747
45
11969
112
12162
111
12452
105
12741
110
13134
116
14135
46
15760
32
18795
0
19658
68
20016
97
20395
32
21685
8
21878
8
22435
8
22758
0
23389
81
23898
117
24256
101
24429
115
24773
116
26028
111
26352
32
27354
99
27526
97
27843
98
28667
8
29730
110
29869
97
30173
108
30545
101
30937
32
32199
99
32591
105
33161
102
33355
114
33583
97
33866
116
34450
111
35889
32
37165
112
37564
117
37805
111
39505
39
40007
13
41235
99
41627
111
41848
115
42268
116
42750
105
43094
116
43404
117
43612
105
43977
114
44185
101
44816
32
45126
97
45361
32
45665
116
46126
117
46846
116
46992
116
47412
105
47674
32
48601
103
49007
108
49214
105
49436
32
49753
101
50069
102
50216
102
50403
101
50755
116
50893
116
51449
105
51698
32
52343
117
52564
110
52785
97
53014
32
53393
118
53723
105
54081
114
54248
116
54797
117
55012
97
55404
108
55893
32
56648
112
57349
114
57782
105
58140
118
58279
97
58637
116
58852
101
59224
32
60000
110
60331
101
60545
116
61020
119
61528
111
62379
114
63073
107
64444
46
64672
32
65906
0
66222
66
66531
121
66848
101
68474
46
68708
46
68929
46
71773
8
73725
13
86535
8
86728
8
86908
8
87096
8
87289
8
87511
8
88799
32
89020
32
90049
13
21958
0
22444
80
22775
111
23214
116
23401
114
23938
111
24932
39
25174
32
25971
116
26136
114
26392
97
26778
110
27039
113
27377
117
27557
105
27984
108
28129
108
28317
97
28620
109
28992
101
30616
110
30872
116
31093
101
31341
32
31541
97
31783
99
31928
99
32130
101
32569
110
32729
110
32916
97
33191
114
33378
101
33737
32
34218
97
34706
100
34921
32
35636
97
35979
108
36365
99
36682
117
37211
110
37515
101
37784
32
39422
99
39588
97
39871
114
40126
97
40381
116
40534
116
40769
101
40956
114
41554
105
41775
115
42093
116
42525
105
42904
99
43481
104
43777
101
44717
32
45268
97
45598
115
45744
115
45897
97
46248
105
46853
13
48259
105
48480
110
48756
116
48991
101
49151
114
49338
101
49539
115
49699
115
49879
97
50284
110
50540
116
50974
105
51257
32
51909
100
52090
101
53262
108
53502
32
54018
112
54397
114
54865
111
55264
116
55670
111
56028
99
56448
111
56642
108
56788
108
56981
111
67299
44
67520
32
68891
99
69208
104
69512
101
69747
32
70104
116
70544
105
70821
32
71939
115
72372
111
72662
110
72910
111
73153
32
74469
103
75156
8
76219
102
76434
97
76819
109
77075
105
77297
108
77531
105
77780
97
78172
114
78634
105
87097
59
87325
32
88258
105
88465
110
88686
105
89079
122
89402
105
89788
101
89947
114
90373
111
90855
39
91569
32
92221
97
94229
13
95463
100
95910
105
96268
114
96435
101
96759
32
98206
99
98626
111
98867
109
99171
101
99399
32
99689
117
99897
110
00139
97
00284
32
02703
99
03068
111
03433
110
03572
110
03910
101
04097
115
04243
115
04628
105
04823
111
05064
110
05409
101
05685
32
06440
115
06873
105
07163
99
07487
117
07804
114
08046
97
08287
32
09187
118
09503
105
09862
101
