76200
16
76580
68
76800
65
76910
78
77020
73
77130
69
77240
76
77350
69
77520
188
77630
32
77900
69
78070
67
78230
67
78340
79
78560
77
78780
73
78950
32
79170
81
79280
85
79390
73
79660
75
79660
188
79770
32
80150
8
80320
8
80430
8
81090
188
81250
32
81970
80
82130
82
82190
79
82680
67
82850
69
83230
79
83720
8
83890
68
84160
79
84330
78
84490
79
84600
32
84770
73
84880
32
85040
77
85320
73
85480
69
85650
73
85810
32
86090
69
86250
83
86360
80
86470
69
86640
82
86750
73
87020
77
87080
69
87190
78
87240
84
87400
79
88010
8
88230
73
88500
190
88670
32
88780
16
88890
83
89050
79
89440
78
89550
79
89660
32
89880
65
89990
32
90150
16
90430
78
90650
79
90760
86
90920
65
91080
82
91250
65
91360
188
91520
32
93610
70
93780
65
93940
67
94110
67
94160
73
94270
79
94380
32
94490
73
94710
76
94870
32
95150
67
95310
65
95420
78
95530
69
95750
68
96190
8
96410
32
96580
68
96740
65
96850
32
97460
71
97570
85
97680
65
97840
82
98060
68
98170
73
98330
65
99380
32
00860
190
01030
190
01190
190
01250
32
01470
67
01910
192
01960
69
02070
192
02230
32
02450
85
02620
78
02840
79
03000
32
03170
83
03330
67
03550
82
03660
73
03830
84
03990
84
04100
79
04210
32
04320
68
04430
73
04540
32
05090
16
05530
16
05590
65
05800
82
05970
67
06080
72
06130
73
06300
84
06410
69
06570
84
06740
84
06850
85
07070
82
08060
65
08110
32
08280
68
08440
69
08610
71
08660
76
08830
73
08940
32
09100
16
09320
69
09480
76
09650
65
09870
66
10140
190
10310
32
10420
16
10530
73
10690
73
10970
190
11190
32
14540
16
15030
16
15360
67
15470
79
15640
83
15750
73
16020
192
17060
32
17340
77
17500
73
17610
32
17780
83
17890
79
18000
78
18160
79
18270
32
18380
68
18550
69
18710
84
18880
84
19040
65
20960
16
21020
186
21130
32
21350
80
21460
69
21510
82
21730
67
21840
72
22010
69
22120
192
22230
32
22450
78
22610
79
22720
78
23330
32
23490
83
23660
67
23880
82
23990
73
24310
86
24480
79
24700
32
26240
85
29590
78
29700
65
29810
32
30190
70
30300
73
30470
78
30580
69
30740
83
30960
84
31070
82
31290
69
31400
76
31560
76
31730
65
31840
32
32060
68
32170
73
32330
32
32720
80
32830
65
32990
82
33100
79
33380
76
33490
69
33650
32
34150
73
34590
78
34750
86
34970
69
35190
78
35300
84
35460
65
35570
84
35740
69
35850
32
36010
65
36120
32
36340
67
36510
65
36620
83
36840
79
36950
32
37220
68
37390
65
37500
32
39970
8
40080
8
40190
8
40630
80
40740
69
40850
82
40960
32
41070
70
41230
65
41560
82
41620
32
41780
67
41890
79
42110
78
42220
84
42330
69
42500
78
42600
84
42710
79
42880
32
43100
16
43150
68
43320
65
43590
78
43760
73
43980
69
44140
76
44250
69
44420
16
44530
191
44690
32
44970
16
45190
83
45300
79
45520
78
45630
79
45740
32
45850
68
46010
65
46230
86
46450
86
46610
69
46780
82
46940
79
47000
32
47220
67
47380
85
47710
82
47880
73
47990
79
48320
83
48480
65
48590
32
48810
68
48920
73
49030
32
49200
83
49420
65
49750
80
49860
69
49960
82
50070
69
50180
32
50950
67
51060
79
51280
77
51340
69
51450
32
51610
65
52050
78
52160
70
52330
82
52550
65
52710
192
52880
32
53320
8
53480
8
53590
8
53750
8
53860
8
53970
68
54360
82
54520
65
55460
192
55620
32
55790
65
55840
32
56060
70
56170
73
56340
78
56450
73
56610
82
56720
69
56780
32
56940
76
57110
192
57270
65
57540
8
57600
69
58040
83
58200
80
58310
69
58480
82
58590
73
58860
77
58920
69
59080
78
59140
84
59300
79
59740
32
59910
69
59960
32
60180
83
60350
69
60460
32
60680
68
60900
65
61060
86
61280
86
61440
69
61550
82
61770
79
61940
32
63040
73
63200
76
63310
32
63700
84
63750
85
63920
79
64030
32
64190
83
64300
73
64410
83
64580
84
64680
69
64850
77
64960
65
65120
32
65290
83
65400
65
65670
82
65780
65
65950
192
66110
32
67490
67
67600
65
67710
80
67820
65
68090
67
68260
69
68360
32
68580
68
68690
73
68860
32
69300
82
69410
73
69570
67
69680
79
69960
78
70070
79
70230
83
70400
67
70560
69
70950
82
71110
77
71440
32
71880
8
72150
73
72370
32
74680
83
74900
69
75070
77
75230
80
75400
76
75560
73
75670
67
75830
69
75940
77
76050
69
76110
78
76220
84
76380
69
76490
32
76710
80
76880
69
77150
82
77320
32
77920
67
78030
79
78310
77
78420
69
78530
32
78750
85
79020
83
79300
79
79620
32
79840
76
80560
65
80670
32
80890
84
81380
65
81660
83
81930
84
82100
73
82430
69
82540
82
82920
65
83140
190
85830
32
86600
16
87090
16
87420
84
87590
82
87750
65
87860
32
88030
76
88250
192
88360
65
88470
76
88630
84
88800
82
88910
79
89020
32
89510
72
89730
79
89840
32
90010
73
90170
68
90340
69
90770
16
90880
32
91650
8
91760
65
91930
32
92310
67
92420
72
92530
69
92640
32
93250
73
93410
32
93520
67
93740
65
93850
77
94020
80
94180
73
94340
79
94560
78
94730
73
94890
32
95170
68
95220
73
95770
219
96210
8
96430
80
96600
69
96760
78
97040
68
97480
65
97700
78
97860
79
98020
32
98410
68
98680
65
98740
32
99340
81
99340
85
99670
65
99730
76
00000
69
00110
32
01810
16
02250
16
02420
80
02470
67
02640
32
02860
85
03020
83
03300
79
03460
32
03570
80
03630
69
03740
82
03790
32
04010
76
04180
192
04340
69
04780
83
04950
80
05060
69
05160
82
05330
73
05550
77
05660
69
05770
78
05820
84
05990
79
06430
190
06540
32
06650
16
06870
83
07030
73
07200
67
07310
85
07530
82
07690
65
07800
77
07910
69
08080
78
08130
84
08300
69
08410
32
08850
81
08950
85
09120
65
09230
78
09340
68
09450
79
09610
32
09720
85
09940
83
10220
79
10330
32
10550
76
10660
65
10770
32
10990
84
11150
65
11540
83
11810
84
11980
73
12140
69
12420
82
12580
65
12690
32
12850
68
13020
69
13130
76
13240
32
13350
80
13460
79
13730
82
13950
84
14120
65
14230
84
14450
73
14890
76
15000
69
15160
32
17300
16
17410
57
17580
67
17690
79
17850
83
18020
65
18070
32
18290
67
18400
72
18510
69
18620
32
18790
65
19280
67
19450
67
19610
65
19780
82
20320
8
20600
68
20820
69
20930
32
21310
81
21420
85
21530
65
21700
76
22190
8
22360
83
22520
73
22690
32
22910
83
23070
69
23180
77
23350
80
23510
82
23620
69
23950
16
24060
48
24220
32
25540
78
25650
79
25760
78
25930
32
34550
83
34710
67
34930
82
35040
73
35210
86
35320
79
35430
32
35700
76
36090
8
36200
65
36360
76
36470
76
36640
79
36800
32
36860
83
37080
84
37240
69
37460
83
37680
83
37680
79
37790
32
37900
77
38070
79
38230
68
38290
79
38390
32
38610
68
38720
73
38830
32
39050
81
39160
85
39440
69
39710
78
40150
8
40260
8
40590
90
40810
78
41250
8
41360
8
42070
65
42240
78
42400
68
42460
79
42620
32
42790
85
42900
83
43120
79
43230
32
43450
81
43560
85
43670
69
43890
76
44000
76
44110
65
44220
32
44490
68
44660
69
44820
76
44880
32
44990
16
45100
80
45320
67
45480
32
45860
16
46690
8
46850
8
46960
8
47070
68
47240
69
47510
83
48010
75
48280
84
48340
79
48560
80
48890
32
49050
67
49160
72
49270
69
49380
32
49930
72
50090
79
50200
32
50370
83
50480
85
50700
76
50860
76
50970
65
51030
32
51190
83
51360
67
51580
82
51690
73
51910
86
52180
65
52290
78
52460
73
52680
65
53170
190
53500
32
53770
16
54270
16
54760
16
55260
16
55750
16
56300
16
56790
16
57290
16
57780
16
58330
16
58830
16
59320
16
59710
79
59930
80
60040
80
60260
85
60370
82
60420
69
60530
32
61850
72
61960
79
62180
32
62950
83
63220
66
63330
65
63550
71
63660
76
63830
73
63880
65
64100
84
64210
79
64320
32
65140
69
65310
32
65420
68
65530
79
65750
86
65910
69
66080
86
66190
79
66300
32
66630
83
66850
69
66960
77
67120
80
67230
82
67340
69
67450
32
67620
85
67730
83
67890
65
68050
82
68110
69
68220
32
68440
76
68660
65
68710
32
68990
83
69210
84
69320
69
69540
83
69700
83
69810
65
69920
32
70090
84
70250
65
70530
83
70750
84
70860
73
71080
69
71240
82
71730
65
71790
32
72060
69
72170
32
72560
65
72830
68
73050
69
73270
83
73440
83
73550
79
73660
32
74210
66
74480
85
74590
84
74760
84
74870
73
74980
32
75200
86
75300
73
75470
65
75520
32
75690
85
76020
8
76180
84
76290
85
76400
84
76620
84
76680
73
76790
32
76900
73
77010
32
77230
77
77450
73
77670
69
77830
73
78000
32
78330
67
78490
65
78600
77
78820
80
78980
73
79150
79
79530
78
79700
73
79860
16
79970
32
80190
49
80690
8
81290
190
81790
8
82340
191
82450
191
82660
191
82720
32
83210
65
83490
73
83650
85
83820
84
83930
79
84370
16
84530
49
84920
32
85140
83
85250
80
85360
69
85470
82
85580
79
85740
32
85910
68
85960
73
86070
32
86240
78
86400
79
86780
190
87060
13
87170
16
87280
67
87390
73
87550
65
87610
79
87830
32
87940
16
88320
71
88650
8
88820
8
89370
190
89480
32
89480
16
89700
71
89810
73
89860
85
90020
76
90080
73
90240
65
90350
78
90460
65
