51108
16
51298
73
51518
78
51598
32
51769
81
51899
85
52029
69
52219
83
52339
84
52570
79
52710
32
52800
77
52920
79
53080
77
53211
69
53351
78
53461
84
53601
79
53681
32
53912
68
54032
73
54162
32
54332
83
54442
70
54653
73
55143
68
55213
65
56866
188
56956
32
57126
76
57306
219
57487
79
57887
67
58088
67
58358
73
58468
68
58578
69
58859
78
59229
84
59319
69
59500
32
59650
68
59740
69
60090
86
60161
69
60361
32
60521
82
60701
73
61062
84
61102
82
61302
79
61533
86
61663
65
61883
82
61953
69
62123
32
62294
70
62424
79
62534
82
62824
90
62945
65
63085
32
63525
78
63666
69
63866
76
63986
76
64126
69
64246
32
64377
83
64527
85
64837
69
64998
32
65198
82
65238
69
65969
8
66189
65
66420
68
66580
73
67121
67
67241
73
71267
188
71337
32
71978
69
72118
78
72238
69
72538
82
72749
71
72899
73
73029
65
73139
32
73440
78
73550
69
73690
76
73790
32
74241
83
74531
85
74671
79
74872
32
75052
83
75122
76
75342
65
75863
78
76023
67
76184
73
76264
79
76394
32
76554
73
76805
68
76875
69
77055
65
77215
76
77355
69
77696
188
77796
32
80760
78
80880
69
81061
76
81161
76
81291
65
81832
32
82052
83
82202
85
82352
65
82523
32
82743
67
82973
82
83054
69
83264
65
83464
84
83564
73
84045
86
84195
73
84325
84
84656
222
84846
32
84996
69
85106
32
85317
78
85427
69
85557
76
85687
76
85807
65
85918
32
86058
83
86148
85
86348
65
86528
32
86749
77
86859
79
87109
82
87219
65
87390
76
87560
73
87770
84
88051
222
90604
190
90805
32
90955
16
91095
73
91426
76
91646
32
91836
67
91926
79
92097
77
92227
65
92327
78
92457
68
92587
79
92657
32
92898
82
92968
65
93178
71
93328
71
93468
73
93529
85
93719
78
93889
70
94230
8
94350
71
94450
69
94600
32
94790
73
94941
32
95141
83
95241
85
95341
79
95451
73
95622
32
95832
70
95942
73
96092
78
96222
73
96323
32
96473
69
96593
32
96753
83
97094
8
97945
8
98175
76
98315
65
98436
32
99307
8
99437
8
99557
8
00278
32
00459
76
00609
65
00719
32
00859
83
00959
85
01109
65
01260
32
01450
69
01710
70
01851
70
02011
73
02151
86
02161
67
02592
8
02722
8
02952
67
03062
69
03223
78
03633
90
03753
65
03913
32
04384
83
04574
79
04745
76
04905
79
04995
32
05225
81
05346
85
05506
65
05616
78
05776
68
05916
79
05996
32
06327
186
06527
32
06728
65
06848
78
06968
73
07178
77
07328
65
07609
84
07779
79
07849
32
08069
68
08180
65
08310
76
08430
76
08610
219
08801
69
09041
78
09281
84
09471
85
09682
83
09882
73
10042
65
10303
83
10473
77
10603
79
10723
32
10904
69
11044
32
11184
70
11304
79
11494
78
11675
68
11725
65
12025
84
12225
79
12235
73
12356
32
12826
8
12946
8
13567
79
13908
8
14078
32
14509
83
14729
85
14959
76
15100
76
15240
65
15350
32
15490
86
15630
73
15821
82
15911
84
16972
191
17593
190
18755
16
19025
67
19676
8
19957
32
20147
16
20247
67
20567
73
20648
79
21038
186
21238
32
21479
81
21679
85
21829
65
21959
78
22090
68
22230
79
22330
32
22610
186
22731
32
23221
71
23422
73
23522
85
24183
8
27217
8
27447
8
28118
17
28499
73
30151
71
34798
71
36370
73
36460
85
36621
83
37492
84
37562
79
37682
32
38714
67
38824
79
39004
77
39134
65
39234
78
39344
68
39475
79
41157
190
41347
32
41548
16
41858
81
42128
85
42279
65
42499
83
42619
73
42729
32
42980
84
43140
85
43300
84
43470
84
43561
69
43711
32
43831
76
43951
69
44051
32
44442
73
44662
83
44932
84
45093
73
45283
84
45433
85
45674
90
45854
73
45924
79
46134
78
46264
73
46545
188
46625
32
48798
81
48948
85
49078
65
49279
83
49439
73
49609
32
50380
84
50511
85
50661
84
50801
84
50931
69
51061
32
51191
76
51322
69
51422
32
51582
73
51752
77
51933
80
52013
82
52113
69
52303
83
52433
69
52604
188
52684
32
53014
83
53164
69
53445
78
53895
84
54086
79
54266
78
54416
79
54516
32
54687
81
54817
85
54957
69
55157
83
55287
84
55428
65
55538
32
55678
69
55978
83
56149
73
56559
71
56639
69
56800
78
57190
65
57410
32
57851
8
57941
8
58071
90
58101
65
58502
77
58592
32
59233
8
59373
8
60305
188
60395
32
61446
84
61516
65
61667
78
61847
84
62167
219
63439
186
65482
32
65913
86
65983
69
66083
82
66323
79
66784
32
69308
67
69478
72
69568
69
69698
32
69838
73
70019
78
70139
83
70259
69
70489
82
70619
73
70820
83
71290
67
71421
79
71591
78
71751
79
71821
32
72102
78
72252
69
72432
76
72542
76
72682
65
72783
32
72943
80
73113
82
73233
79
73373
80
73554
82
73704
73
73874
65
74024
32
74295
77
74425
73
74635
83
74815
83
74906
73
74976
79
75166
78
75506
69
75667
32
76127
86
76217
65
76338
76
76498
79
76708
82
76868
73
76959
32
77119
69
77259
32
77419
82
77660
69
78050
71
78180
79
78331
76
78461
69
78581
32
78701
77
78851
79
79102
82
79212
65
79492
76
79642
73
82286
190
82577
32
82737
16
82867
77
83137
69
83308
32
83568
186
83758
32
84019
86
84129
69
84279
78
84459
85
84680
84
84800
79
84890
32
85040
73
85150
76
85250
32
85391
77
85521
79
85671
77
85821
69
85951
78
86062
84
86182
79
86272
32
86542
68
86652
73
86753
32
86943
82
87063
73
87213
67
87333
79
87484
78
87614
79
87684
83
87764
67
87894
69
88065
82
88205
69
88385
32
88525
67
88615
72
88766
69
88866
32
89036
84
89156
85
89286
84
89436
84
89557
69
89737
32
89877
76
90037
69
90147
32
90308
70
90428
79
90568
82
90688
77
90828
65
91009
90
91109
73
91189
79
91369
78
91479
73
91580
32
91730
83
91870
79
92020
67
92170
73
92341
65
92431
76
92551
73
95475
32
99471
67
99721
82
99841
69
00062
83
00132
67
00252
65
00422
79
01944
8
02285
8
03046
79
03216
78
03326
79
03447
32
03637
69
03747
32
03877
80
04118
79
04738
82
04949
8
05119
8
05289
82
05419
79
05730
83
06010
80
06140
69
06251
82
06421
65
06581
78
06741
79
06862
32
07603
83
07693
79
07853
76
08003
79
08113
32
08314
83
08454
69
08604
32
08754
83
08894
79
09085
78
09265
79
09365
32
09535
80
09646
69
09836
82
10056
77
10216
69
10467
65
10767
84
10987
69
11158
32
14763
68
14863
65
15033
32
15474
85
15644
78
15794
65
15915
32
16185
83
16355
80
16505
73
16726
78
17096
84
17226
65
17357
32
17517
73
17807
68
17917
69
18128
65
18298
76
18478
69
18618
32
20471
69
20621
32
20762
68
20852
85
21062
84
21463
8
21593
82
21703
65
21873
78
21993
79
22133
32
22304
78
22404
73
22744
8
23085
69
23245
76
23375
32
23686
84
23826
69
23906
77
24056
80
24136
79
25709
32
26009
83
26119
79
26279
76
26400
79
26530
32
26660
83
26760
69
26880
32
27021
82
27121
73
27261
69
27471
83
27541
67
27742
79
27922
78
28072
79
28162
32
28312
65
28463
32
28583
68
28713
73
29023
86
29124
69
29274
78
29444
84
29554
65
29734
82
29835
69
29985
32
31277
68
31367
69
31527
76
31637
76
31837
69
31988
32
32128
67
32228
79
32749
77
32909
85
33059
78
33189
73
33560
84
33730
222
33960
32
34191
77
34311
79
34551
82
34732
65
34832
76
34952
73
36254
190
46378
46
46689
17
46979
16
47039
79
