33132
16
33562
69
33762
67
33933
67
34023
79
34213
77
34393
73
34624
188
34724
32
34944
83
35044
79
35205
78
35305
79
35435
32
35605
79
35735
32
35916
78
36066
79
36186
78
36316
32
36446
83
36546
79
36697
78
36797
79
36917
32
37318
66
37488
82
37668
65
37989
86
38159
65
38349
16
38479
191
38629
32
42205
83
42515
84
42645
79
42775
32
42906
82
43016
73
43146
69
43346
77
43757
66
44248
8
44458
80
44658
73
44808
69
44918
78
45159
68
45249
79
45379
32
45529
73
45780
76
45900
32
46561
77
46751
73
46911
79
47011
32
47162
83
47352
69
47522
67
47632
79
47843
78
48013
68
48153
79
48303
32
56415
8
56886
8
56916
8
56956
8
56986
8
57026
8
57056
8
57096
8
57126
8
57166
8
57206
8
57236
8
57416
8
57567
8
57707
8
58148
76
58228
65
58328
32
58478
77
58668
73
58808
65
58909
32
59029
83
59239
69
59399
67
59499
79
59730
78
59830
68
59970
65
60090
32
60581
70
60721
73
60932
78
61012
69
61202
83
61422
84
61492
82
61713
69
61853
76
61973
76
62313
65
62434
190
62634
13
63165
8
63585
32
64156
16
64306
71
64437
82
64647
65
64817
90
64927
73
65047
69
65128
32
65278
80
65408
69
65478
82
65608
32
68302
73
68452
32
68743
84
68913
65
69043
78
69223
84
69334
73
69464
32
69564
67
69684
79
69894
78
70015
83
70175
73
70395
71
70555
76
70726
73
71036
32
71427
83
71537
85
71687
32
71857
67
71967
79
72108
83
72288
65
72338
32
72498
65
72678
78
72789
68
72919
65
73079
82
73189
69
73259
32
73399
65
73490
32
73680
86
73870
69
74060
68
74211
69
74321
82
74431
69
74551
32
74711
65
74852
32
75272
8
75743
76
75843
32
75993
67
76133
73
76394
78
76544
69
76654
77
76804
65
77005
190
77125
32
77355
16
77826
16
77856
16
77896
16
77926
16
77966
16
77996
16
78036
16
78076
16
78106
16
78146
16
78176
16
78216
16
78246
16
78286
16
78317
16
78357
16
78397
16
78427
16
78467
16
78497
16
78537
16
78567
16
78607
16
78647
16
78677
16
78717
16
78747
16
78787
16
78817
16
78857
16
78887
16
78927
16
78967
16
78997
16
79038
16
79068
16
79108
16
79138
16
79178
16
79208
16
79248
16
79288
16
79318
16
79358
16
79388
16
79428
16
79458
16
79498
16
79528
16
79548
68
79688
73
79789
32
79899
84
79989
85
80099
84
80279
84
80369
73
80470
32
80630
81
80720
85
80850
69
80960
76
81090
76
81271
73
81381
32
81481
67
81571
72
81691
69
81781
32
81932
77
82172
73
82292
32
82593
72
82723
65
83244
73
83384
32
85767
67
85867
73
86028
84
86198
65
86328
84
87480
8
87630
8
87780
8
87910
8
88051
8
88151
83
88601
85
88792
71
88952
71
89052
69
89192
82
89312
73
89453
84
89623
79
90394
32
90604
72
90794
79
90915
32
91065
86
91205
73
91315
83
91536
84
91646
79
91946
8
92086
8
92227
8
92367
8
92517
8
92657
8
92797
8
92938
8
93028
65
93518
86
93679
69
93869
86
94009
79
94159
32
94540
86
94670
73
94820
83
95051
84
95181
79
95311
32
95581
83
95722
79
95952
76
96132
79
96272
32
98746
16
98856
76
99026
222
99557
69
99747
82
99898
65
00008
32
00268
71
00498
76
00619
65
00819
67
00919
73
01059
65
01239
76
01390
69
01480
32
01600
16
01690
57
02651
72
02822
79
02922
32
03032
80
03182
79
03292
82
03493
84
03623
65
04144
84
04284
79
04394
32
04514
16
04614
76
04825
69
05045
84
05185
73
05476
90
05646
73
06267
65
06497
16
06667
48
06948
190
07058
32
07158
16
07348
68
07559
69
07759
86
07889
79
08009
32
08129
68
08230
73
08410
82
08530
69
08630
32
08951
67
09071
72
09181
69
09271
32
09772
65
09892
32
10032
77
10132
69
10242
32
10523
69
10793
222
10893
32
11204
80
11394
73
11514
65
11735
67
11865
73
12065
85
12205
84
12365
79
12496
32
12596
83
12696
79
12876
76
13026
79
13107
32
13257
67
13357
79
13507
83
13627
73
13948
222
14058
32
14999
67
15139
79
15320
83
15440
73
15790
222
16932
188
17042
32
17493
66
17623
69
17743
76
17893
76
17984
65
18104
32
18234
71
18344
82
18574
65
18735
70
18855
73
18975
67
19135
65
19346
188
19466
32
19646
78
19806
79
19916
78
20006
32
20107
67
20517
222
20607
69
20697
222
20808
32
20948
67
21048
72
21178
69
21268
32
21418
68
21569
73
21709
82
21819
69
22210
188
22380
32
24493
77
24643
65
24783
32
27818
80
27908
69
27958
82
28048
32
28218
73
28419
76
28529
32
28639
82
28739
69
28989
83
29200
84
29320
79
29400
32
29620
76
29831
222
30081
72
30241
79
30341
32
30532
84
30632
82
30772
79
30952
86
31122
65
31333
84
31453
79
31563
32
31693
81
31803
85
31934
65
32214
83
32334
73
32444
32
32675
85
32855
78
32965
32
33085
80
33175
79
33396
222
33546
32
33706
78
33856
79
34177
73
34417
79
34728
83
34858
79
35158
190
40416
8
40526
32
41217
8
43130
190
44311
32
44672
16
45143
16
45173
16
45213
16
45243
16
45283
16
45313
16
45353
16
45393
16
45423
16
45463
16
45493
16
45533
16
45563
16
45603
16
45623
70
45733
79
45854
82
46004
83
46204
69
46284
32
46454
80
46565
69
46615
82
46845
67
46965
72
47125
69
47366
222
48758
32
48958
68
49108
65
49249
32
49909
73
50110
71
50190
78
50380
79
50500
82
50661
65
50891
78
51021
84
51141
69
51271
32
53925
78
54055
79
54166
78
54256
32
54386
82
54526
73
54636
69
54847
83
55027
67
55107
79
55237
32
55367
65
55457
32
55578
67
55698
79
55928
71
56038
76
56209
73
56309
69
56429
82
56549
69
56679
32
58011
76
58121
69
58251
32
58392
67
58512
73
58672
84
58852
65
59633
8
59814
8
59964
8
60114
8
60264
8
60405
8
60575
8
64651
76
64771
69
64851
32
65001
67
65101
73
65282
84
65492
65
65752
90
65862
73
65932
79
66143
78
66283
73
66413
32
72862
68
72963
73
73073
32
73173
67
73323
85
73503
73
73604
32
73704
65
73844
67
74004
67
74134
69
74325
78
74455
78
74535
65
74915
86
75086
73
75216
32
75386
78
75456
69
75596
76
75727
76
75837
65
75917
32
76097
84
76177
85
76367
65
76478
32
76658
77
76778
65
77018
73
77229
76
77339
32
77469
190
77639
190
77770
190
77830
32
78481
80
78561
69
78721
67
78861
67
78981
65
79242
84
79352
79
80804
188
80914
32
82576
70
82697
79
82807
82
82967
83
83147
69
83237
32
83348
68
83478
79
83648
86
83838
82
83958
69
84129
73
84249
32
84449
82
84569
73
84780
86
84920
69
85120
68
85280
69
85360
82
85591
76
85761
79
85861
32
85951
67
86051
79
86222
78
86322
32
86452
80
86592
73
86772
85
86973
222
87093
32
87223
65
87413
84
87564
84
87674
69
87824
78
88034
90
88225
73
88415
79
88645
78
88765
69
89426
32
89546
16
89617
186
89817
189
89967
16
89997
48
90308
32
90728
16
91189
16
91229
16
91259
16
91299
16
91339
16
91369
16
91409
16
91439
16
91479
16
91509
16
91549
16
91579
16
91619
16
91659
16
91690
16
91730
16
91760
16
91800
16
91830
16
91870
16
91910
16
91940
73
92651
78
92841
32
93863
79
94554
71
94654
78
94764
73
94894
32
95155
67
95375
65
95555
83
95695
79
95825
32
96136
83
96256
79
96406
78
96577
79
96657
32
18598
8
18748
8
18889
8
19039
8
19179
8
20100
84
20221
73
20331
32
20391
82
20561
65
20731
67
20912
67
21022
79
21232
78
21522
84
21633
79
21753
32
22053
72
22404
8
22524
67
22634
72
22764
69
22854
32
24907
83
25007
73
25158
65
25268
77
25418
79
25508
32
25618
65
25738
78
25829
68
25959
65
26169
84
26259
73
26379
32
26460
65
26570
32
26820
86
26990
69
27120
82
27471
8
27571
68
27731
69
27811
82
27942
69
28062
32
28462
16
28613
80
28763
65
28963
82
29163
76
29254
65
29374
32
29524
67
29624
79
29814
78
29935
32
30075
76
30205
69
30375
73
30666
190
30786
32
30906
16
31246
83
31477
69
31597
32
31717
84
31827
73
31957
32
32218
80
32418
73
32548
65
32698
67
32889
69
32979
32
33109
16
33219
65
33420
76
33870
77
34010
79
34201
68
34311
79
34471
86
34671
65
34822
82
35112
32
35302
84
35402
73
35543
32
35713
67
35853
79
36043
78
36224
83
36344
73
36574
71
36734
76
36925
73
37025
79
37135
32
37285
67
37445
65
37586
76
37736
68
37866
65
38086
77
38196
69
38317
78
38407
84
38527
69
38657
32
38857
68
38937
73
39168
65
39538
8
39669
32
39809
65
39979
78
40159
68
40329
65
40540
82
40690
76
40890
79
41000
32
41111
65
41221
32
41441
86
41661
69
41872
68
42022
69
42142
82
42272
69
42773
190
43374
32
43534
16
43995
16
44035
16
44065
16
44105
16
44145
16
44175
16
44215
16
44245
16
44285
16
44315
16
44355
16
44385
16
44425
16
44455
16
44495
16
44536
16
44566
16
44606
16
44636
16
44676
16
44706
16
44746
16
44786
16
44816
16
44856
16
44886
16
44926
16
44956
16
44996
16
45026
16
45066
16
45106
16
45136
16
45176
16
45206
16
45247
16
45277
16
45317
16
45347
16
45387
16
45427
16
45457
16
45497
16
45527
16
45567
16
45597
16
45637
16
45677
16
45677
76
45887
222
46118
72
46298
79
46418
32
46619
84
46719
82
46859
79
47089
86
47310
65
47510
84
47650
79
47770
32
49403
8
49863
8
49893
8
49933
8
49973
8
50003
8
50043
8
50073
8
50114
8
50144
8
50184
8
50214
8
50254
8
50364
8
50845
32
52076
16
52537
16
52577
16
52607
16
52647
16
52687
16
52717
16
52757
16
52787
16
52827
16
52857
16
52898
16
52928
16
52968
16
52998
16
53038
16
53078
16
53108
16
53148
16
53178
16
53218
16
53248
16
53288
16
53328
16
53358
16
53398
16
53428
16
53468
16
53498
16
53538
16
53569
16
53599
80
53839
85
53949
82
54199
32
54450
65
54650
86
54790
69
54971
78
55161
68
55291
79
55481
32
57885
76
58085
222
58776
73
58986
77
59167
80
59317
82
59417
79
59647
78
60358
8
61039
78
61149
84
61320
65
61430
32
62401
67
62571
76
62662
65
62782
83
62982
83
63082
73
63212
67
63393
65
63503
32
63753
68
63853
73
63973
32
64164
16
64334
65
64664
8
64815
8
66036
32
66327
16
66447
80
66607
69
66818
68
67018
82
67108
79
67218
32
67338
16
67519
65
67749
76
67939
77
68089
79
68200
68
68320
79
68540
86
68770
65
68941
82
69081
32
74589
76
74779
222
75019
72
75200
79
75300
32
75490
84
75590
82
75710
79
75881
86
76111
65
76341
84
76501
79
76622
32
76922
77
77062
79
77293
76
77463
84
77583
79
77723
32
77883
80
78665
73
78885
85
79175
222
79326
32
81148
8
81318
8
81469
8
81629
8
81779
8
82520
77
82630
69
82730
78
83041
79
83181
32
89751
16
89801
222
90061
80
90191
82
90321
79
90512
86
90612
79
90822
67
90992
65
91243
84
91393
79
91653
82
91773
73
91844
79
92114
16
92204
222
93276
188
93426
32
94077
85
94317
78
94437
32
94598
80
94688
79
94958
222
95118
32
96570
80
96731
73
96911
85
97181
222
97361
32
98593
16
98693
222
99214
80
99495
83
99955
8
00095
8
00526
8
04061
16
04261
222
04952
8
08147
16
08227
222
08858
80
09068
83
09239
73
09329
67
09509
79
09689
76
09869
79
10040
71
10140
73
10380
67
10500
79
10931
16
11251
222
14366
190
16038
32
18762
8
18922
8
19513
188
19644
32
20014
80
20174
73
20345
85
21416
222
21576
32
22998
68
23179
69
23299
76
23549
73
23749
67
23900
65
24170
84
24260
79
24350
32
24821
78
25111
69
25342
76
25472
32
25612
80
25692
82
25802
69
26003
83
26183
69
26293
78
26403
84
26553
65
26704
82
26814
69
26884
32
27024
76
27134
69
27234
32
27415
83
27575
73
27925
84
28046
85
28226
65
28596
90
28656
73
28757
79
30389
78
30519
73
30990
32
31420
85
31621
78
31721
32
31861
80
31931
79
32152
222
32262
32
32502
80
32612
65
32832
82
32973
65
33233
68
33674
79
33814
83
34044
83
34194
65
34405
76
34585
73
36067
32
36187
67
36307
79
36508
77
36678
69
37259
32
38671
8
38831
8
39001
8
39182
8
39342
8
39512
8
42316
190
42847
8
42997
32
44549
67
44619
72
44760
69
44860
32
45601
83
45811
69
45921
77
46082
80
46172
82
46242
69
46352
32
46582
67
46742
65
46923
82
47043
65
47183
84
47323
84
47433
69
47714
82
47854
73
48044
90
48235
90
48395
65
48555
78
48715
79
48825
32
48926
73
49056
32
49156
83
49286
85
49537
79
49787
73
49907
32
50458
70
50558
73
50758
76
50949
77
51199
190
52200
32
52431
16
52801
67
52931
73
53092
65
53232
79
53372
32
53572
16
53933
67
54163
73
54323
65
54444
79
55024
190
55135
32
55165
16
55395
71
55515
73
55575
85
55765
76
55806
73
55936
65
56046
78
56186
65
