29305
0
29516
85
29713
102
29881
102
30074
97
30490
44
30698
32
30898
110
31005
111
31147
110
31238
32
31359
115
31660
8
31775
114
31903
105
32014
115
32500
8
32639
101
32839
115
32995
99
33126
111
33266
32
33438
109
33581
97
33741
105
33884
32
34032
97
34139
32
34488
114
34664
105
34783
101
34955
109
35147
112
35335
105
35434
114
35532
101
35639
32
35985
113
36141
117
36232
101
36428
115
36608
116
36706
101
36785
32
37006
98
37114
101
37229
110
37356
101
37516
100
37708
101
37871
116
38059
116
38173
101
38264
32
38422
102
38577
111
38684
114
38880
109
41942
46
42065
32
42261
0
42483
83
42705
101
42813
109
43041
98
43148
114
43304
97
43405
32
43571
105
43783
110
43906
99
44130
114
44240
101
44453
100
44569
105
44797
98
44916
105
45113
108
45211
101
45317
32
45474
109
45557
97
45669
32
45921
101
46125
39
46240
32
46428
118
46592
101
46722
114
46899
111
47058
0
47217
33
48271
13
48693
99
48997
104
49109
101
49240
32
49400
99
49515
111
49707
115
49915
97
50090
32
50170
112
50309
111
50425
115
50613
115
50724
111
50849
32
51128
114
51283
97
51475
99
51647
99
51729
111
51970
110
52115
116
52120
114
52546
8
52641
97
52921
114
53059
101
53171
32
53304
111
53749
103
53905
103
54016
105
54240
0
54927
63
55058
32
56940
67
57146
104
57273
101
57393
32
59432
115
59644
101
59745
32
59828
112
59956
101
60170
110
60297
115
60453
111
60632
32
62627
97
62733
105
62828
32
62993
100
63125
117
63252
101
63359
32
63523
99
63646
111
63806
114
64545
115
64713
105
64847
32
65101
99
65240
104
66551
101
66871
32
67498
105
67706
110
67853
105
68009
122
68092
105
68248
97
68379
110
68535
111
68771
13
69036
105
69259
108
69383
32
69683
112
69903
114
70041
105
70210
109
70358
111
70506
32
70640
111
70833
116
71057
116
71196
111
71417
98
71596
114
71744
101
71879
32
72156
109
72392
105
72532
32
73303
118
73462
105
73556
101
73726
110
73821
101
73920
32
74076
108
74183
97
74273
32
74438
100
74662
101
74902
112
75074
114
75192
101
75421
115
75569
115
75668
105
75852
111
76044
110
76260
101
76367
32
76460
0
76519
40
77265
100
77424
97
77528
32
77784
110
77956
101
78232
98
78392
98
78523
105
78679
97
78798
32
79010
97
79149
108
79289
101
79541
115
79697
115
80191
97
80435
110
80533
100
80790
114
80910
105
81234
110
81334
97
81513
0
81547
41
81889
46
82157
13
86643
0
86877
81
87018
117
87146
101
87322
115
87534
116
87750
39
87897
97
88109
110
88245
110
88469
111
88628
32
88824
108
88956
101
89057
32
89259
118
89487
97
89909
99
90060
97
90240
110
90460
122
90676
101
90783
32
91003
115
91167
111
91407
110
91603
111
91763
32
96868
112
96975
97
97131
115
97327
115
97444
97
97642
116
97731
101
97843
32
98125
116
98198
114
98380
111
98636
112
98808
112
98922
111
99020
32
99214
32
99688
118
99908
101
00148
108
00340
111
00588
99
00796
101
00956
109
01079
101
01219
110
01314
116
01470
101
01641
46
01813
32
02161
0
03487
77
03709
105
03791
32
03932
112
04013
97
04127
114
04232
101
04319
32
04557
117
04781
110
05066
13
05459
115
05671
101
05839
99
05966
111
06186
108
06414
111
06537
32
06890
102
07098
97
07777
32
07920
99
08044
104
08188
101
08299
32
08938
115
09150
103
09253
117
09421
97
09645
122
09808
122
09984
97
10574
118
10818
111
10994
32
11673
102
11897
101
12117
108
12341
105
12489
99
12729
101
12864
32
13097
110
13216
101
13428
108
13588
108
13667
101
13790
32
13978
97
14174
99
14442
113
14606
117
14744
111
14750
105
15175
8
15297
101
15550
8
15709
8
15786
101
15922
32
16184
100
16368
101
16467
108
16607
108
16794
39
16966
0
17060
73
17418
115
17546
111
17750
108
17857
97
17964
32
18172
100
18473
39
18632
0
18778
69
19153
108
19454
98
19674
97
19870
46
20171
13
21846
0
22009
69
22139
32
22338
109
22486
101
23020
122
23232
122
23339
111
23433
32
23590
115
23802
101
23970
99
24109
111
24334
108
24541
111
24701
32
24775
99
24916
104
25042
101
25118
32
25371
109
25583
105
25714
32
25902
114
26025
105
26274
101
26498
109
26710
112
26970
105
27862
118
27973
111
28071
32
28212
105
28336
32
28479
112
28557
111
28818
108
29103
109
29291
111
29491
110
29654
105
29798
32
29962
100
30061
105
30196
32
30360
97
30781
114
30937
105
31105
97
31220
32
31497
112
31785
117
32001
114
32177
97
32298
32
32464
100
32676
101
33532
108
34383
32
34664
0
34757
80
34903
97
35083
114
35327
99
35450
111
35630
13
35801
0
36444
0
36606
78
36763
97
36992
122
37071
105
37168
111
37462
110
37602
97
37737
108
37829
101
37956
32
38087
0
38246
70
38508
114
38768
8
38936
8
39001
0
39222
71
39241
70
40086
8
40229
8
40352
0
40558
71
40772
114
40936
97
41128
110
41259
32
41402
0
41500
80
41658
97
41813
114
41941
97
42257
100
42356
105
42512
115
42660
111
42940
46
43208
13
46112
0
46319
72
46545
111
46662
32
46782
113
46931
117
47103
101
47443
8
47619
97
47819
115
48007
105
48199
32
48366
102
48590
97
48770
116
48946
116
49012
111
49127
32
49284
108
49370
97
49449
32
49679
109
49915
105
50131
97
50234
32
50659
98
50855
117
51067
111
51259
110
51382
97
51468
32
51629
97
51841
122
51948
105
52030
111
52203
110
52303
101
52442
32
52598
113
52713
117
52937
111
53206
116
53349
105
53593
100
53785
105
54021
97
54201
110
54333
97
54520
46
54680
32
54793
0
54973
82
55179
101
55516
8
55672
8
55867
0
55989
84
56279
101
56407
109
56611
111
56738
32
56882
99
57013
104
57112
101
57224
32
57601
113
57723
117
57856
101
58068
115
58251
116
58326
111
58440
32
58589
115
58689
105
58865
97
59189
13
59554
115
59730
111
59922
108
60085
116
60265
97
60469
110
60733
116
60845
111
61016
32
61196
105
61561
108
61709
32
62098
116
62270
101
62425
114
62714
122
62918
111
63057
32
63358
102
63529
111
63661
114
63849
109
64008
32
64196
99
64296
104
64439
101
64542
32
64718
114
64808
105
65054
101
65261
109
65474
112
65705
105
65799
111
66073
46
66229
32
66537
0
66691
65
66917
110
67073
99
67196
111
67340
114
67471
97
67577
32
67754
97
67898
108
68045
116
68171
114
68288
105
68492
32
68961
56
70554
44
70709
32
70954
103
71753
97
72046
115
72362
112
72486
0
72599
33
72889
32
76249
118
76670
8
76759
0
76883
86
77080
97
77196
32
77408
98
77515
101
77658
110
77802
101
78082
44
78323
13
79824
98
79831
110
79948
105
80358
8
80538
8
81015
105
81146
115
81278
111
81458
103
81557
110
81697
97
81804
32
81919
99
82047
104
82134
101
82229
32
82381
109
82613
105
82704
32
82835
109
82947
101
83111
116
83250
116
83422
97
83529
32
83661
100
83945
39
84169
105
84361
109
84545
112
84654
101
84872
103
84979
110
85159
111
85307
32
85446
112
85574
101
85655
114
85889
99
85971
104
86116
101
86263
39
86415
32
86611
115
86835
101
86920
32
87090
110
87233
111
87373
110
87474
32
87636
102
87811
105
88245
110
88384
105
88512
115
88748
99
88855
111
88979
32
89219
112
89491
105
89828
8
89992
114
90123
105
90371
109
90487
97
90610
32
90717
100
90877
101
90960
108
91124
108
91239
97
91363
13
91712
100
91899
105
92160
8
92316
8
92419
102
92546
105
92758
110
92832
101
92957
32
93144
100
93372
101
93548
105
94457
8
94940
8
95121
8
95859
100
95983
105
96080
32
96197
115
96373
115
96726
8
96833
101
97005
116
97177
116
97316
101
97480
109
97732
98
97860
114
98072
101
98215
32
00468
112
00663
111
00859
105
00957
32
01094
99
01197
111
01405
109
01593
105
01781
110
01872
99
01999
105
02123
97
02218
110
02374
111
02489
32
02572
105
02720
32
02843
99
02959
111
03131
114
03335
115
03425
105
03523
32
03656
101
03746
32
03931
110
04047
111
04156
110
04272
32
04566
102
04709
105
05204
110
05395
105
05680
115
05872
99
05971
111
06086
32
06189
109
06321
97
06481
105
06648
32
06763
112
07077
105
07272
117
07500
39
07740
13
08193
0
09611
67
09849
97
09988
105
10273
8
10432
8
10608
105
10739
97
10895
111
11843
44
11951
32
12028
0
12572
99
12675
105
12835
97
12982
111
13259
46
13487
32
13723
0
14175
78
14348
111
14476
110
14605
32
14851
116
14950
105
15050
32
15278
109
15360
97
15823
8
16043
8
16223
8
16407
8
16578
8
16758
8
16934
8
17109
8
17301
8
17629
0
20177
65
20382
100
20558
101
20761
115
20933
115
21024
111
21107
32
21242
116
21368
117
21374
105
21501
32
21628
115
21840
97
22104
8
22264
8
22420
8
22576
8
22735
8
23100
105
23215
32
23331
115
23474
97
23602
108
23818
117
23957
116
24145
111
24280
32
24561
101
24660
32
24816
118
25042
97
25187
100
25375
111
25515
32
25638
97
25744
32
25897
99
26020
111
26196
114
26352
114
26459
101
26671
103
27044
103
27284
101
27383
114
27539
101
27747
105
27903
32
28058
99
28206
111
28442
109
28867
112
29256
105
29674
116
29789
105
29900
32
30086
100
30127
105
30217
32
30406
97
31041
114
31253
99
31348
104
31429
105
31615
116
31779
101
31938
116
32102
116
32201
117
32317
114
32459
101
32704
46
33009
13
