77900
16
78070
79
78450
71
78610
71
78830
69
79000
84
79160
84
79490
79
79770
16
79990
186
80320
32
82020
8
82350
8
83720
16
84050
186
84440
32
88230
8
88610
8
90810
16
91140
186
91740
32
95530
80
95700
69
95970
82
96190
83
96360
79
96690
78
96850
65
97010
71
97180
71
97400
73
97730
32
97950
80
98170
82
98390
73
98660
78
98940
67
99050
73
99320
80
99430
65
99650
76
99930
73
00260
32
00420
68
00580
69
00800
76
00970
76
01190
65
01410
32
01570
16
01790
84
02070
69
02290
76
02450
69
02670
78
02950
79
03220
86
03440
69
03720
76
03880
65
04210
32
04540
16
04980
16
05030
16
05090
16
05200
16
05250
16
05310
222
05860
16
06130
85
06410
78
06630
32
06960
80
07180
79
07340
83
07510
84
07840
79
08110
32
08330
65
08710
76
08990
32
09210
16
09370
83
09650
79
09870
76
10030
69
10310
16
10530
222
12390
16
12830
16
12890
16
12940
222
13330
32
15300
8
15690
8
21240
8
22280
16
22610
222
26130
16
26400
85
27000
32
27940
8
28320
8
38150
16
38590
16
38870
16
39090
192
39360
192
40680
8
41010
8
42600
16
43040
16
43040
85
46610
8
47000
8
47270
8
47550
8
47820
8
48640
83
48920
79
49140
76
49360
69
65950
222
66220
222
70610
8
73750
222
75120
13
89450
16
89670
65
90000
76
90220
69
90500
83
90660
83
90830
65
91050
78
91270
68
91540
82
91820
79
92090
32
92370
69
92590
68
92800
32
92910
16
93130
69
93410
76
93680
69
94010
79
94340
78
94670
79
94890
82
95170
65
95390
32
95610
16
95880
80
95990
65
96210
76
96370
76
96590
65
96870
68
97200
73
97470
78
97800
79
99400
13
03570
8
04230
16
04390
65
08730
13
32850
32
33500
16
33720
57
34270
70
34490
82
34710
65
34930
84
35150
69
35430
76
35650
76
35920
73
36140
16
36360
48
37180
13
63770
16
63880
82
64100
69
64650
78
64920
65
65200
84
66080
79
68330
188
68710
32
70250
16
70470
71
70800
73
71020
85
71350
76
71620
73
71950
65
72230
188
72500
32
77940
16
78210
65
78600
78
78980
71
79200
69
79480
76
79700
65
81340
188
81560
32
81780
16
81950
78
82280
73
82550
67
82830
79
83160
32
83380
16
83540
80
84040
79
84480
71
84640
71
84970
73
85350
32
86840
16
87280
16
87390
16
87390
57
88320
80
88480
65
89200
68
89470
82
89640
69
90300
188
90520
32
90740
77
91010
65
91180
68
91450
82
91670
69
92330
188
92550
32
92770
70
93040
73
93590
71
94140
76
94420
73
95520
79
98040
8
98430
65
98810
32
99310
69
99530
32
99740
70
99960
73
00240
71
00460
76
00790
73
01010
79
01780
32
09630
8
10670
16
11060
16
11170
16
11220
16
11280
48
13420
188
13590
32
13810
65
14030
66
14350
73
14680
84
14900
65
15290
78
15560
79
15840
32
16110
16
16280
80
16440
65
16610
76
16830
65
17050
90
17270
90
17490
79
17820
32
17980
16
18140
80
18250
65
18470
76
18690
76
18800
65
19080
68
19300
73
19630
78
19900
73
20510
32
21610
8
24900
190
25390
32
25830
73
26110
76
26380
32
27150
8
27430
8
27650
8
31110
16
31550
82
31710
69
32260
78
32480
65
32650
84
32970
79
33300
32
33630
192
33910
69
34130
32
34350
76
34620
222
34900
32
35120
65
35280
77
35390
77
35670
73
35890
78
36160
73
36330
83
36490
84
36710
82
36870
65
37090
84
38630
79
38960
82
39130
69
39400
32
42860
68
43080
69
43300
76
43630
32
44290
16
44670
80
44890
65
45170
76
45330
65
45610
90
45770
90
45990
79
46270
32
46600
69
46870
32
47150
68
47310
69
47530
76
47750
76
47970
69
48130
32
48410
16
48520
73
48790
77
49010
80
49230
82
49400
69
49670
83
49890
69
50110
32
50280
16
50500
80
50610
65
50830
76
50990
76
51210
65
51540
68
51700
73
52030
78
52310
73
54180
190
54510
13
58730
73
62190
13
66810
16
67030
82
67190
65
67410
70
67630
70
67910
65
68240
69
68510
76
68840
69
70210
188
70600
32
74390
16
74610
68
74830
73
75050
69
75320
71
75710
79
77020
32
77300
69
77570
32
78070
16
78340
69
78620
76
78780
69
79060
78
79280
65
79550
32
93780
88
94050
88
94220
88
94710
88
95370
16
95810
16
95860
57
96300
32
98010
16
98280
80
98560
65
98940
68
99650
82
99870
69
00590
188
00860
32
01190
70
01520
73
01800
71
02070
76
02350
73
02570
79
02890
32
03170
69
03440
32
03830
78
04160
73
04430
80
04600
79
04980
84
05150
69
06190
16
06630
16
06680
48
11900
8
12230
80
15250
8
19760
80
20030
79
20420
82
20690
84
21020
73
21180
69
21460
82
21680
69
21950
32
22280
68
22450
69
23330
8
24970
73
25300
32
25690
16
25910
80
26020
65
26240
76
26680
65
26950
90
27120
90
27390
79
27720
32
27890
16
28110
80
28270
65
28490
76
28650
76
28820
65
29040
68
29310
73
29590
78
29810
73
32720
190
34200
13
46180
16
46400
77
46730
73
47110
67
47330
72
47600
69
47880
76
48210
69
52110
32
53210
69
55130
8
55460
8
56450
188
56720
32
57000
16
57220
83
57490
73
57880
86
58530
73
58920
65
60900
8
61120
8
61390
8
61670
8
62710
73
63420
76
63970
86
64140
73
64360
65
64630
32
64910
69
65130
32
78420
13
81330
16
81490
82
81820
79
82100
83
82260
83
82540
69
82760
76
82920
76
83140
65
84460
32
85230
16
85500
57
96100
80
96490
65
97040
68
97260
82
97480
69
98900
8
99180
8
99450
8
99730
8
01980
8
06260
70
06480
65
06810
77
07090
73
07470
71
07690
76
07970
73
08190
65
08410
32
08630
16
08790
80
09010
79
09290
71
09450
71
09670
73
09940
16
10160
186
10550
32
14830
8
19500
13
27910
189
28780
32
30430
189
31200
32
35540
8
36640
189
37080
32
38510
70
38730
65
41200
77
41530
73
41800
71
42190
76
42460
73
42740
65
44000
16
44550
32
44820
88
45040
88
45260
88
46690
16
47070
186
48120
32
51360
8
56520
189
56850
32
57130
70
57400
65
57560
77
57840
73
58220
71
58550
76
58770
73
58990
65
59210
32
59430
16
59650
83
59760
65
60090
86
60370
73
60590
65
60750
78
61030
69
61790
16
62120
186
62510
32
66190
80
66460
65
66740
68
67010
82
67230
69
67620
188
67890
32
68060
77
68220
65
68440
68
68710
82
68880
69
69210
32
69370
69
69590
32
69810
70
70090
73
70420
71
70640
76
70860
73
71080
65
71410
16
71630
48
72290
32
73600
65
73930
66
74260
73
74760
84
74980
65
75250
78
75530
79
75860
32
76020
16
76130
80
76350
65
76510
76
76680
65
76950
90
77120
90
77390
79
77670
32
77890
16
78050
80
78220
65
78440
76
78600
76
78710
65
78990
68
79210
73
79540
78
80140
73
80580
188
80800
32
81070
16
81290
77
81570
73
81900
67
82060
72
82280
69
82500
76
82780
69
83050
32
84200
192
84530
69
84920
32
85630
71
85910
73
86130
79
86400
82
86620
78
86790
65
87010
76
87280
73
87500
83
87720
84
87990
65
88270
188
88540
32
89150
16
89420
83
89810
73
90190
86
92500
8
93490
76
93870
86
94040
73
94260
65
94530
32
94800
192
95130
69
95410
32
95680
80
96010
82
96180
79
96400
80
96560
82
96840
73
97220
69
97390
84
97610
65
97770
82
98100
73
98260
65
98540
32
98760
68
98980
69
99200
76
99470
32
99640
16
99800
66
99970
65
00190
82
00520
32
00790
16
00900
86
01180
85
01560
76
01830
86
02770
8
03040
67
03760
65
04030
78
04360
79
06720
190
16010
13
17540
189
18150
32
30010
73
30400
32
30730
82
31000
65
31170
71
31440
65
31710
90
31930
90
32210
73
34240
16
34460
186
34790
32
46490
16
46650
70
46930
82
47150
65
47530
78
47860
67
48140
79
48520
188
48740
32
49020
16
49180
65
49400
78
49620
78
49950
65
50330
188
50610
32
53250
16
53360
71
53740
73
54120
192
54450
79
55610
188
55940
32
59950
16
60060
71
60330
85
60610
73
60930
68
61150
79
61590
188
61920
32
70110
68
70330
69
70600
76
70770
76
70990
65
71210
32
71480
84
71760
69
71970
82
72140
82
72410
65
72690
90
72910
90
73130
65
78020
32
78730
16
78950
65
79220
83
79330
83
79610
85
79880
78
80210
84
80430
65
82080
188
91200
16
91360
86
91690
73
92020
84
92240
84
92520
79
92790
82
93010
73
93230
79
96640
32
26190
190
