07368
67
07664
73
07832
65
07920
79
08200
32
08360
65
08504
32
08736
84
08792
85
09263
84
09424
84
09528
73
09840
188
10104
32
11159
83
11327
79
11535
78
11679
79
11786
32
13223
65
13406
82
14462
73
14782
86
14838
65
15486
8
15662
8
15829
8
16045
82
16198
73
16421
86
16464
65
16661
84
16813
65
16997
32
17389
73
17613
78
17781
32
18093
85
18229
83
18341
65
18957
190
19133
32
20020
69
20212
82
20364
65
20492
32
20732
85
21140
78
21324
32
21444
80
21508
79
23691
32
23931
84
24043
65
24723
8
24914
8
25474
70
25586
65
25874
84
25994
73
26274
67
26386
79
26586
83
27898
79
28617
188
28825
32
30217
68
30369
79
30505
82
30665
73
31008
77
31408
8
31576
8
31936
77
32136
73
32321
82
32432
69
32800
32
33104
68
33280
85
33416
69
33608
32
34031
72
34167
79
34327
82
34481
69
35072
8
35263
8
35423
8
35559
8
36127
79
36311
82
36399
69
36583
32
39982
78
40581
8
41005
76
41117
65
41245
32
41389
78
41477
79
41581
84
41869
84
41989
69
42149
32
42357
80
42461
82
42589
73
42797
77
42884
65
43084
188
43237
32
43396
68
43493
79
43764
80
43916
73
44076
32
44284
86
44372
73
44493
65
44732
71
46028
71
46180
73
46275
65
46611
82
46717
69
46915
32
47859
50
48067
51
48251
32
48875
79
49130
82
49226
69
49619
190
49818
190
49994
190
50330
32
53401
77
53700
65
53897
32
54033
65
54281
68
54480
69
54705
83
54889
83
55000
79
55160
32
55648
71
55824
73
56096
65
56416
32
56536
83
56640
79
56848
78
57008
79
57448
32
60071
8
60279
8
60431
8
60583
8
60743
8
61215
72
61390
79
61526
32
61822
82
61951
69
62278
67
62446
85
62646
80
62790
69
63014
82
63158
65
65021
84
65221
79
65445
190
65613
32
69284
76
69468
65
69596
32
69811
83
70075
67
70228
85
70403
79
70636
76
70732
65
70908
32
71051
69
71211
32
71451
32
71899
8
72179
77
72347
79
72531
76
72635
84
72755
79
72867
32
73050
66
73154
85
73323
79
73530
78
73690
65
73898
188
74018
32
74290
80
74386
69
74554
78
74706
83
74818
79
74954
32
75842
68
75970
73
76098
32
77249
8
77449
8
77657
8
77817
67
77953
72
78129
69
78265
32
79233
77
79736
69
80288
71
80640
76
80840
73
81024
79
81938
8
83952
8
84159
8
84335
8
84511
8
85806
8
86222
69
86430
32
86894
77
86991
73
87590
71
87790
76
88318
73
88518
79
89038
82
89157
69
89309
32
91213
68
91412
69
91532
76
91740
76
91821
69
91940
32
92228
65
92756
76
92948
84
93164
82
93269
69
93540
32
94612
68
94739
79
94899
86
94996
69
95099
32
96795
83
96915
79
97107
78
97243
79
97363
32
97523
65
97627
78
97898
65
98442
8
98571
68
98682
65
98898
84
99026
65
99594
190
99810
32
01123
86
01265
73
01441
86
01553
73
01697
65
01857
78
02105
65
02345
32
02721
72
02849
65
03146
32
03672
83
03928
67
04664
69
05720
8
07111
69
07567
76
07727
84
07847
79
07967
32
08223
66
08351
69
08495
78
08639
69
08943
190
09143
32
10958
73
11246
76
11398
32
11782
67
11910
65
12174
77
12358
80
12518
85
12670
83
12845
32
13021
69
13165
32
13693
66
13845
69
14005
76
14213
76
14445
79
14741
188
14901
32
16116
84
16484
85
16836
84
17140
84
17244
79
17372
32
17596
86
17708
69
17900
82
18204
68
18420
69
19179
188
19379
32
20691
77
21666
79
21866
76
22018
84
22115
79
22250
32
22450
83
22554
79
22786
76
22954
69
24970
188
25241
32
25458
84
25633
85
25993
84
26170
84
26265
79
26385
32
26641
79
27025
82
28336
71
28464
65
28664
78
28848
73
29328
90
29544
65
29736
84
29888
79
29992
32
31088
0
31559
85
31783
78
31919
32
32191
80
32343
79
32503
32
32871
84
33103
82
33247
79
33511
80
33727
80
33815
79
33998
32
34342
70
34487
79
34654
82
34918
83
35046
69
36158
0
37933
190
38269
32
39005
83
39269
69
39373
32
39501
77
39589
65
39885
71
40125
73
40268
65
40452
32
40652
77
40788
79
41012
76
41132
84
41260
79
41364
32
41676
66
41804
69
42060
78
42164
69
42532
188
42884
32
43107
65
44347
78
45027
67
45499
72
45891
69
46027
32
46739
72
46858
65
47219
78
47610
78
47794
79
47970
32
49401
73
49617
32
49753
83
49874
73
50585
8
50809
8
50977
8
51145
8
52657
73
52800
32
52896
83
53008
73
53168
77
53432
66
53493
79
54104
76
54200
73
54328
32
55287
86
55640
32
56055
69
56327
32
56695
86
57575
71
58023
32
59783
0
60166
86
60286
69
63653
71
63837
69
64181
84
64316
69
64557
82
64741
73
64860
65
65044
78
65301
32
66036
69
66228
32
66420
86
66516
69
66740
71
66876
65
67196
78
68203
0
68587
32
69963
8
70867
188
71050
32
71178
65
71666
8
72378
80
72498
69
72626
82
72897
32
73162
77
73393
69
73569
32
78992
66
79447
69
79928
76
80119
76
80255
73
80359
83
80496
73
80679
77
80815
79
81079
190
81255
32
84158
68
84446
79
84718
77
84893
65
85126
78
85509
73
85709
32
88221
65
90788
78
91132
73
91187
68
91883
8
92067
8
92195
68
92379
73
92539
65
92771
77
92931
79
93051
32
93235
70
93339
65
93547
82
93635
69
93755
32
94003
82
94171
65
94442
70
94795
84
94938
73
95122
78
95282
65
96010
8
96106
71
96330
32
96634
83
97074
89
97353
75
97690
8
97897
8
98689
85
98889
76
99025
32
99433
70
99601
73
99809
85
00232
77
00625
69
00816
32
01001
77
06295
8
06471
8
07094
8
07271
8
07422
8
07598
8
07758
8
07926
8
08102
8
08326
8
09206
8
10205
188
10350
32
10517
77
10997
65
11117
32
11381
67
11565
73
11663
32
11760
83
11922
79
12069
78
12205
79
12355
32
13069
76
13204
69
13373
32
13542
76
13641
69
13852
90
13964
73
14116
79
14324
78
14644
73
14788
32
14940
65
15475
78
15708
67
15995
72
16211
69
16347
32
16522
83
16635
65
17051
66
17139
65
17371
84
17474
79
17571
32
17835
77
17915
65
18051
84
18211
73
18539
78
18691
65
18826
190
19323
8
19530
8
19682
8
19850
8
20034
84
20210
73
20426
78
20546
65
20698
190
20986
32
21386
83
21554
80
21721
69
21921
82
22114
73
22284
65
22457
77
22609
79
22745
32
23121
67
23337
72
23705
32
23881
69
24113
8
24288
8
24393
69
24601
32
24737
76
24872
65
25032
32
25241
67
25720
69
25992
8
26176
8
26576
71
26712
69
26992
78
27272
84
27360
69
27496
32
27752
83
27864
73
27984
32
28143
79
28296
82
28567
71
28695
65
28871
78
29023
73
29127
90
29343
65
29527
32
30023
70
30103
65
30375
69
30550
32
31190
8
31376
8
31655
82
31743
69
31926
32
32622
67
32790
85
32926
76
33030
65
33526
81
33965
8
34166
8
34485
8
34677
8
35270
8
36093
81
36325
85
36461
65
36589
76
37013
67
37172
72
37421
69
37597
32
37852
67
37956
79
38140
83
38268
65
38412
32
40651
68
40827
79
40995
77
41123
69
41259
78
41388
73
41555
67
41731
65
41899
190
42033
32
67578
67
67730
73
67916
32
68026
83
68146
79
68442
78
68586
79
68666
32
69010
77
69146
79
69354
76
69690
84
69834
69
69970
32
70194
67
70338
79
70601
83
70722
69
70866
32
71585
81
71754
85
71969
65
72121
32
72481
86
72609
73
72817
67
72913
73
73144
78
73249
79
73361
32
73905
67
74017
72
74192
69
74304
32
74472
83
74600
69
75240
8
75504
69
75640
32
76207
80
76328
79
76575
83
76816
83
76919
79
77144
78
77263
79
77359
32
77535
86
77607
73
77783
83
77919
73
78111
84
78223
65
78575
82
78703
69
78935
188
79031
32
79182
76
79271
65
79367
32
79519
78
79655
65
79840
84
80006
85
80206
82
80278
65
80454
32
80567
69
80710
32
80850
77
80974
79
81182
76
81360
84
81475
79
81614
32
81766
66
82381
76
82871
8
83030
69
83238
76
83621
65
83797
190
83941
32
84309
8
84677
8
84861
8
85548
76
85677
65
85895
190
86076
32
87068
69
87244
32
87804
65
88459
8
88732
8
88891
8
89452
67
89747
69
89907
32
90115
65
90363
78
91011
67
91163
72
91323
69
91443
32
91650
85
91930
32
92298
8
92563
78
92722
32
92834
65
92986
77
93066
73
93346
67
93450
79
93546
32
93715
77
93802
73
93972
79
94130
32
94490
68
94634
65
94865
32
95066
78
95170
79
95329
86
95617
8
95801
8
95953
8
96897
78
96993
79
97145
86
97265
73
97369
32
97552
83
97665
65
97849
68
98153
188
98720
32
98960
69
99112
32
99313
67
99464
79
99624
83
99816
73
99960
32
00577
72
00711
79
00847
32
01040
76
01143
65
01303
32
01527
67
01664
79
01887
77
02271
80
02423
65
02647
78
03159
8
03375
71
03615
78
03784
73
03974
65
04126
32
05015
80
05145
69
05224
82
05366
32
05486
73
05734
78
05862
73
06334
90
06582
73
06845
65
07189
82
07256
69
09085
190
09269
32
09533
86
09701
69
09972
68
10108
73
10252
65
10484
77
10596
79
10717
32
11076
67
11188
72
11364
69
11468
32
11628
79
11924
70
12212
70
12476
82
12652
79
12852
78
12971
79
13124
32
13955
71
14227
76
14347
73
14483
32
14675
65
15099
76
15275
84
15522
82
15651
73
16090
190
16314
190
16482
190
17042
32
32053
66
32277
65
32445
83
32700
84
32770
65
33157
32
34620
68
34700
65
34956
78
35092
73
35260
76
35436
69
35940
8
36116
8
36268
69
36540
76
36876
69
38251
0
38579
32
40907
71
41066
73
41211
65
41530
32
41802
68
42754
8
43514
68
43761
69
43953
86
44081
79
44177
32
44377
65
44481
78
44609
68
44993
65
45553
82
45673
69
45900
32
46545
8
48640
8
49472
76
49672
65
49791
32
49952
67
50175
69
50288
78
50439
65
50536
32
50647
77
50735
73
50847
32
50999
83
51143
84
51239
65
51415
32
52183
65
52566
83
52742
80
52902
69
53534
84
53606
65
53894
78
54214
68
54702
79
54998
190
55182
32
56509
83
72193
73
72560
76
72712
32
72920
84
73080
69
73149
82
73680
8
73903
8
76111
69
76375
77
76583
80
76711
79
76783
32
77006
69
77158
32
77766
66
77894
69
79934
76
80141
76
80333
79
80701
188
80901
32
81149
78
81261
79
81413
78
81565
32
81901
70
81981
65
82436
32
82645
84
82749
65
82892
78
83684
84
83833
79
83940
32
84268
67
84428
65
84604
76
84900
79
84991
68
85644
8
85827
8
85940
68
86131
79
86339
32
86851
67
86963
79
87115
77
87307
69
87555
32
87771
73
87963
78
88139
32
88347
84
88499
79
88667
82
88795
73
88995
78
89130
79
89514
188
89682
32
89858
83
89978
69
90146
32
91562
80
91770
85
92153
79
92353
32
96176
86
96336
73
96488
86
96664
69
96816
82
96952
69
97480
190
97663
32
99511
40
99727
40
99959
40
00127
40
00295
40
06055
73
06229
76
06389
86
06501
73
07743
65
25279
8
31956
76
32236
65
32315
32
32572
67
32788
69
32932
78
33084
65
33260
32
33972
77
34091
73
34244
32
34412
83
34611
84
34716
65
34836
32
34987
65
35164
83
35315
80
35467
69
35779
84
35851
65
36179
78
36459
68
36643
79
38706
39
39002
39
39826
67
40090
73
40194
65
40354
79
40673
32
43689
39
43880
39
44216
39
44552
39
44736
39
44920
39
58388
32
