99850
67
00130
105
00240
97
00350
111
00730
44
00950
32
02380
76
02710
97
02930
32
03040
115
03370
99
03530
117
03700
111
03860
108
03970
97
04140
32
04300
115
04410
116
04520
97
04630
32
04740
97
04910
110
05020
100
05130
97
05680
110
05950
100
06060
111
06170
32
06390
98
06550
101
06660
110
06830
101
07050
46
07540
32
14630
65
14900
110
15230
99
15560
104
15670
101
15840
32
16000
108
16060
97
16220
32
16440
99
16550
111
16720
109
17160
112
17210
97
18580
103
18800
110
18970
105
19680
97
21170
32
21380
110
21550
111
21710
32
21880
110
22210
8
22320
8
22590
110
22760
32
22870
101
23030
32
23140
109
23690
97
23800
108
23970
101
24080
46
24570
13
25780
67
26000
101
26160
32
26440
117
26930
110
27210
32
28250
97
28360
109
28470
105
28690
99
28740
111
28910
32
29020
109
29130
105
29290
111
29570
32
29680
100
29790
105
29900
32
30060
110
30170
111
30340
118
30500
105
30610
32
30830
115
30940
97
31110
100
32150
44
32310
32
32640
99
32920
101
33140
32
33410
117
33690
110
33910
32
34020
97
34130
108
34350
116
34680
114
34730
111
34900
32
35060
100
35170
105
35280
32
35500
109
35610
97
35780
99
36000
101
36270
100
36430
111
38140
110
38250
105
38410
97
39290
44
39460
32
39680
117
39890
110
40000
97
40110
32
40280
100
40390
105
40720
32
41210
13
42920
99
43140
114
43250
111
43360
97
44400
122
44890
105
45110
97
45390
32
46320
40
46600
116
46710
117
46980
116
47200
116
47360
97
47530
32
47640
108
47690
97
47860
32
48300
119
48630
120
48960
8
49120
8
49230
101
49450
99
50930
8
51920
120
52690
45
53020
121
53190
117
53850
32
53960
105
54120
110
54290
97
54450
105
54560
119
54780
109
55330
8
55490
8
55660
8
55820
8
56040
115
56210
105
56370
101
56540
109
56760
101
57530
41
58130
44
58350
32
58730
117
59010
110
59060
97
59170
32
59340
100
59450
105
59610
32
59780
105
60000
114
60270
108
60380
97
60600
110
60710
100
60820
97
61150
44
61260
32
61650
100
62630
8
64230
97
64560
32
65050
99
65220
117
65440
108
65600
97
66310
8
66480
8
66640
8
67190
117
67410
97
67690
108
67910
99
68070
117
68570
110
68730
105
69120
13
69330
114
69390
97
69720
103
69830
97
70210
122
70430
122
70540
105
70710
32
71920
99
72030
97
72140
110
72300
97
72520
100
72690
101
73180
115
73560
105
73890
46
74060
32
75930
71
76310
108
76370
105
76580
32
76910
97
77020
108
77350
116
77520
114
77680
105
77790
32
77960
110
78070
111
78230
110
78400
32
78670
115
78780
111
78950
110
79060
111
79170
32
79610
116
79660
97
79880
110
79990
116
80160
111
80320
32
80430
105
80590
110
80700
116
80920
101
81140
114
81200
101
81470
115
81580
97
81800
110
82020
116
82190
105
83070
44
83290
32
83340
110
83560
111
83670
110
83780
32
84110
13
84440
112
85100
111
85370
115
86090
115
86580
105
87020
97
87410
109
87570
111
87620
32
88390
100
88610
105
88780
109
89110
101
89270
110
89440
116
89550
105
89880
99
89990
97
90150
114
90260
101
90370
32
90650
99
90760
104
90920
101
91360
32
92240
8
94710
116
94820
105
95090
46
95200
32
97570
76
97730
101
97950
32
98340
108
98450
101
99210
8
99380
8
99600
13
99980
108
00150
101
00310
122
00420
105
00590
111
00750
110
00860
105
01030
32
01140
115
01190
111
01410
110
01520
111
01630
32
01850
105
02020
110
02130
116
02240
101
02400
114
02510
101
02840
115
02890
97
03060
110
03280
116
03390
101
04540
44
04710
32
04820
109
04930
97
05200
32
05750
103
05920
105
06030
97
06190
32
06410
99
06520
111
06680
109
06850
105
07010
110
07620
103
07840
105
07890
97
08390
8
08500
8
08660
8
08770
99
08940
105
09050
97
09270
32
09380
101
09600
115
09870
115
10030
101
10200
114
10310
101
10470
32
10640
117
10860
110
10970
32
11130
112
11240
111
11960
8
13060
112
13660
8
13930
111
14210
32
14700
112
14810
101
15470
115
15580
97
15750
110
16020
116
16130
101
17070
46
17230
32
18110
13
18990
78
20250
101
21510
109
21620
32
22610
8
22780
8
22940
8
23270
111
23440
110
23660
32
24100
112
24210
111
24370
115
24700
115
25030
111
25140
32
25360
112
25470
101
25580
110
25740
115
25800
97
26180
114
26290
101
26790
32
27060
99
27170
111
27340
115
27450
97
27560
32
27780
102
27890
97
28110
110
28160
111
28320
32
28540
115
28650
101
29150
8
29310
8
29590
108
29970
97
30140
32
30410
115
30470
101
30630
116
30800
105
30910
109
31460
8
31680
8
31890
116
32060
105
32280
109
32390
97
32720
110
32770
97
32880
32
32990
112
33100
114
33270
111
33380
115
33600
115
33710
105
33820
109
33930
97
34150
44
34640
32
36890
113
37000
117
37330
101
37660
115
37770
116
37940
111
38050
32
38270
97
38380
110
38650
99
38710
111
38870
114
38980
97
39200
13
39690
99
39970
104
40080
105
40190
97
40410
109
40460
97
40740
110
40790
111
40960
32
41670
98
41780
97
41950
115
42110
105
42280
99
42500
46
42660
32
44250
63
44580
33
44800
32
46510
76
47660
32
47710
97
47820
108
48100
116
48320
114
48540
111
50350
105
50460
101
50620
114
50840
105
50950
32
51170
115
51280
105
51450
97
51610
109
51780
111
51830
32
52050
97
52220
110
52380
100
52600
97
52770
116
52930
105
53100
32
53260
102
53370
97
53480
114
53590
101
53810
32
54190
114
54300
97
54630
102
55020
116
55130
105
55290
110
55460
103
55680
32
55840
115
55950
117
56120
108
56390
32
57160
13
57600
109
58150
99
58590
107
58700
101
58860
110
59140
122
59410
105
59520
101
60070
46
60240
32
60790
83
60900
105
61120
109
61170
97
61610
111
61990
8
62160
8
62320
8
62380
97
62650
109
62820
111
62980
32
63150
109
63310
111
63420
108
63530
116
63700
111
63810
32
64190
100
64300
105
64470
118
64800
101
65010
114
65290
116
65450
105
65670
116
65840
105
66110
46
66220
32
66940
76
67100
97
67210
32
67490
110
67600
97
67870
116
68040
117
68370
114
68420
97
68640
32
69410
101
69740
32
69900
109
70010
111
70290
108
70400
116
70510
111
70670
32
71000
98
71110
101
71390
108
71720
108
71830
97
71990
44
72160
32
72320
116
72370
117
72590
116
72810
116
72920
111
73310
13
73420
118
73530
101
73750
114
73970
100
74130
101
75290
32
75400
101
75560
32
75780
112
75950
117
76220
108
76330
105
76550
116
76930
111
77100
32
77320
101
77430
32
77590
109
77650
111
77870
108
77980
116
78090
111
78200
32
78800
116
79020
114
79130
97
79350
110
80280
113
80390
117
80610
105
80890
108
81110
111
81380
46
81490
32
82760
77
84510
8
85060
76
85280
97
85450
32
85610
118
85720
105
86000
116
86050
97
86380
32
86710
105
86930
110
87150
32
87860
97
88140
109
88300
101
88470
114
88630
105
88740
99
88850
97
89070
32
89240
101
89400
32
90120
109
90280
111
90450
108
90560
116
90670
111
90830
32
91100
13
91430
111
91710
114
91980
103
92090
97
92700
110
92810
105
94070
115
94130
97
94400
116
94510
97
95060
44
95220
32
95610
102
95720
111
95880
114
96210
115
96270
101
96430
32
96600
117
96820
110
96930
32
97090
112
97150
111
97310
32
97480
116
97700
114
97860
111
98190
112
98520
112
98680
111
98900
46
99070
32
99180
77
99400
97
99510
32
00500
113
00610
117
00770
101
01210
115
01320
116
01490
111
03300
32
06150
102
06260
97
06430
32
06590
108
06700
97
07090
32
07420
118
07530
105
07690
116
07800
97
08300
32
08410
109
08520
111
08790
108
08960
116
09070
111
09230
32
09390
112
09500
105
09890
117
10330
13
10550
102
10600
97
10930
99
11100
105
11320
108
12530
101
13950
32
14170
101
14450
32
14670
115
14830
101
16260
8
16970
8
17080
8
17300
8
17470
8
18290
46
18510
32
19390
73
19610
108
19720
32
19830
115
20000
116
20540
97
20820
109
20980
112
21150
97
21480
110
21640
116
21700
101
21920
32
22410
32
22520
104
22960
8
23130
8
23290
99
23460
104
23620
101
23790
32
23950
116
24060
105
24170
32
28670
34
28890
115
29500
116
29610
97
29830
112
30100
108
30270
101
31040
34
31310
32
31640
108
31690
101
31860
32
32190
112
32240
97
32520
103
34110
105
34330
110
34440
101
34550
32
34880
112
34940
101
35040
114
35260
32
35480
116
35590
101
35870
44
36030
32
36750
105
37680
8
38010
108
38890
39
39990
97
40100
109
40430
102
40590
105
40870
116
42020
8
43560
45
43830
13
44050
116
44160
101
44600
97
44880
116
45040
114
45210
111
45480
32
45700
99
45810
111
46090
110
46300
32
46690
108
46690
97
46910
32
47070
99
47180
111
47350
110
47460
101
48280
122
48390
105
48500
111
48720
110
48830
101
49000
32
49050
112
49220
101
49380
114
49660
32
49710
105
49930
110
50090
116
50150
101
50370
114
50640
110
50750
101
51740
116
52130
44
52290
32
52460
97
52620
110
53390
8
53610
8
56190
13
58500
8
60530
99
60700
111
60970
110
61080
101
63170
122
67560
8
67730
115
69810
8
70250
115
71300
105
71460
111
71680
110
71790
101
71900
32
72010
105
72170
110
72340
32
72450
115
72670
116
72720
97
72890
110
73110
122
73270
97
73490
46
73710
46
73880
46
74260
32
74810
83
75310
46
