45540
67
45710
105
45820
97
45980
111
46260
44
46640
32
48730
73
48950
101
49060
114
49330
105
49440
32
49610
115
49940
105
50100
97
50320
109
50430
111
50540
32
51200
8
51470
8
51640
8
51800
8
51970
8
52130
8
52410
97
52570
98
52790
98
52960
105
53070
97
53230
109
53340
111
53450
32
53620
102
53670
97
53890
116
54110
116
54660
111
54820
32
55370
117
55650
110
57020
32
57570
97
57740
108
57900
116
58120
114
58180
111
58280
32
58560
103
58670
105
58940
114
59270
111
59440
32
59710
115
59930
117
60150
108
60370
108
60540
101
60920
32
61030
109
61140
111
61360
110
61530
116
61640
97
61910
103
62180
110
62350
101
62730
46
63010
32
66360
67
66850
101
66960
32
67070
117
67350
110
67680
32
68340
108
68450
97
68560
103
68940
111
69320
13
70150
109
70260
111
70420
108
70700
116
70750
111
70920
32
71140
98
71300
101
71470
108
71630
108
71850
111
71960
32
72400
99
72460
104
72620
101
72790
32
73000
115
73220
101
73440
32
73660
99
73770
104
73940
105
74050
97
74210
109
74320
97
74490
32
75260
67
75480
114
75590
97
75750
116
75860
101
76080
114
76250
32
76470
108
76850
8
77180
76
77340
97
77560
107
77670
101
79600
32
80090
101
80420
32
80860
99
81020
104
81130
101
81630
32
81900
101
82120
32
82400
102
82510
97
82730
116
82950
116
83060
111
83170
32
83390
115
83550
111
83720
108
83940
111
84100
32
84430
8
85200
8
86410
8
87230
8
87450
114
87560
97
87730
32
87940
102
88050
97
88270
116
88820
116
88880
111
88990
32
89760
113
89870
117
90310
97
90470
110
90690
100
90800
111
90970
32
95690
97
95850
118
96240
8
96460
8
96680
13
96790
97
97010
118
97060
101
97390
118
99040
8
99260
8
99420
8
99590
8
99750
8
99920
8
00360
32
00520
101
00630
114
00850
97
01130
13
01290
100
01460
105
01620
115
01900
116
02060
114
02170
117
02450
116
02550
111
02720
32
02880
117
03100
110
03320
32
03710
118
03930
111
04150
108
04420
99
04530
97
04640
110
04750
111
04920
32
06130
55
06560
48
07170
8
08100
55
08270
48
08490
48
09150
32
09260
97
09370
110
09590
105
09750
32
10520
102
10570
97
10740
46
10900
32
14360
69
14640
32
14690
115
14800
105
14970
32
15570
97
15680
108
15850
105
16010
109
16180
101
16340
110
16510
116
16620
97
16780
32
16950
115
17000
111
17220
108
17380
111
17550
32
17820
100
18370
105
18540
32
18700
110
18810
101
19030
118
19140
101
19250
32
19860
101
20080
13
20790
112
20950
105
21120
111
21450
103
21720
103
21940
105
22000
97
22220
46
22330
32
24360
69
26720
32
33700
8
34030
8
35240
69
35350
32
35570
100
35670
111
36060
112
36390
111
36990
32
37540
97
37760
98
39630
8
39790
8
40010
115
40180
105
40510
97
40670
109
40840
111
40950
32
41110
97
41220
110
41440
97
42320
8
42490
100
42600
97
42760
116
43360
105
43530
32
43750
109
43800
111
44020
108
44190
116
44410
111
44520
32
44790
110
45010
101
45180
108
45510
108
45730
101
46550
32
47260
104
47480
105
47810
107
48030
105
48200
110
48420
103
48640
32
48910
116
49130
114
49190
97
49350
105
49570
108
49900
115
50120
32
50560
118
50670
105
51160
99
51270
105
51440
110
51600
111
51880
46
52430
13
53200
83
53310
105
53470
97
53640
109
53750
111
53860
32
54020
114
54180
105
54290
116
54510
111
54680
114
54900
110
55010
97
55170
116
55280
105
55500
32
55780
116
55890
117
56160
116
56330
116
56440
105
56550
32
56820
100
56930
105
57210
115
57370
116
57540
114
57650
117
57860
116
58030
105
59180
46
59510
32
60610
69
60720
32
60940
115
61110
97
61380
98
61440
97
61710
116
61870
111
61980
32
62260
101
62480
114
62700
97
62860
32
63030
115
63520
8
64620
115
64680
106
64790
111
65220
8
65440
8
66160
104
66380
111
66600
112
66870
112
67090
105
67310
110
67420
103
67590
32
67810
114
67920
117
68410
8
68630
8
68740
116
68900
111
69010
117
69230
114
70830
13
71100
111
71380
114
71600
103
71710
97
71870
110
71980
105
72310
122
72480
97
72640
116
72800
97
73300
32
73460
99
73570
104
73740
101
73850
32
74230
97
74400
118
74560
101
74840
118
74950
97
75110
32
75440
99
75550
111
75720
109
75830
101
75990
32
76320
114
76370
101
77310
115
77470
117
77640
108
77750
116
77860
97
78020
116
78300
111
80050
32
80490
45
81320
8
81540
8
82200
46
82420
46
82640
32
83300
8
83680
46
83900
32
84060
117
84280
110
84390
32
84560
97
84670
108
84830
116
85000
114
85110
111
85270
32
85380
112
85660
97
85820
105
86040
111
86210
32
86590
100
86700
105
86810
32
86980
115
87580
99
87740
97
87850
114
88130
112
88570
101
89450
46
89780
13
90160
78
90330
105
90440
101
90600
110
90980
116
91090
101
91200
32
91370
115
91480
116
91700
114
91750
97
91920
110
91970
111
92250
46
92410
32
95980
81
96260
117
96420
101
96640
115
96810
116
96920
97
97030
32
97140
115
97190
101
97410
116
97580
105
97800
109
97850
97
98450
8
98620
8
98780
8
98950
8
99500
116
99660
116
00100
111
00650
8
00930
111
00930
105
01370
8
01530
8
02410
8
02570
8
02740
8
02850
8
03010
8
03730
8
03890
8
04550
79
04770
103
04940
103
05050
105
05210
32
05600
97
05920
8
06140
104
06250
97
06470
110
06750
110
07020
111
07130
32
07300
105
07460
110
07630
105
07960
122
08010
105
08180
97
08400
116
08510
111
08620
32
08890
108
09060
101
09280
108
09660
8
09880
32
10040
108
10040
101
10370
122
10430
105
10590
111
10760
110
10920
105
11090
32
11200
100
11310
105
11420
32
11640
110
11800
117
11910
111
12190
118
12240
111
12520
46
12680
32
13780
83
13940
105
14110
97
14220
109
14490
111
14770
32
15370
13
15870
8
16310
103
16420
105
16580
97
16850
13
17070
116
17240
117
17570
116
17730
116
17840
105
18010
32
18170
109
18610
116
19000
8
19270
101
19600
116
21030
8
21470
8
21800
8
22570
112
22730
105
22950
117
23120
32
23670
111
23780
32
23940
109
24050
101
24160
110
24270
111
24380
32
24540
112
24650
101
24760
114
25090
115
25260
105
25810
32
26140
101
26360
32
26580
115
26740
116
26850
97
27020
110
27400
99
27570
105
28000
8
28170
8
29050
99
29100
104
29160
104
29710
8
29980
105
30150
115
30370
115
30480
105
30700
109
30810
105
31740
46
32230
32
34710
78
34870
111
35090
110
35250
32
35470
115
35910
111
36190
32
36410
99
36570
111
36740
109
36850
101
36960
32
37120
97
37400
114
37560
114
37730
105
37890
118
38060
111
38220
32
38390
97
38610
32
39870
13
40090
118
40250
101
40530
110
40860
101
41190
114
41460
100
41630
105
41900
46
42070
32
01060
73
01220
108
01330
32
01550
103
01770
114
01880
117
02040
112
02260
111
02430
32
03310
8
03470
8
03580
116
03800
111
04130
8
04300
8
05340
112
05450
111
05610
32
05720
100
05830
97
05940
32
07370
8
07590
8
07870
105
08030
32
08360
103
08750
101
08910
110
09070
116
09180
101
09350
32
09730
99
09900
104
10060
101
10230
32
11440
99
11490
111
11710
109
11880
117
12100
110
12260
105
12480
99
12590
97
13030
32
13300
101
13580
32
14130
115
14240
101
14510
116
14680
116
14840
108
14950
101
15450
100
16160
32
16380
101
16490
32
16650
97
16820
100
16980
101
17260
115
17480
115
17590
111
17700
32
17970
110
18140
111
18300
110
18580
13
19020
99
19070
97
19290
109
19510
98
19680
105
19790
97
19950
32
20330
109
20440
111
20610
108
20770
116
20830
111
21050
46
21490
32
21710
69
21820
32
21980
115
22090
101
22200
109
22420
112
22530
114
22640
101
22920
32
23030
99
23140
111
23300
115
23360
105
23680
44
23790
32
24730
115
24840
101
25000
32
25170
102
25220
97
25330
32
25500
117
25660
110
25770
32
26270
103
26490
114
26540
117
26710
112
26820
111
27040
111
27420
8
27640
8
27970
112
28080
111
28300
32
28460
104
28630
111
28850
109
28960
105
29340
8
29620
111
29780
103
29950
101
30110
110
30330
111
30770
32
30990
101
31150
32
32860
8
33080
8
33190
100
33350
111
33520
118
33570
101
33680
32
33900
116
34010
117
34230
116
34450
116
34560
105
34830
13
34940
115
35110
111
35270
110
35380
111
35490
32
36210
99
36260
111
36480
110
36590
116
36700
101
37030
110
37140
116
37470
105
39780
46
39940
32
40160
67
40380
101
40600
32
40710
117
41040
110
42300
97
42410
32
42690
105
42850
114
43070
108
43180
97
43350
110
43510
100
43680
101
44010
122
44390
8
44450
115
44560
97
44830
44
45000
32
45160
117
45330
110
45550
32
47910
8
48180
8
48900
8
49170
100
49340
117
49610
101
49770
32
49940
100
50050
105
50160
32
50380
99
50540
97
50600
110
50710
97
50930
100
51040
97
51860
44
52080
32
53130
117
53400
110
53620
32
55210
116
55540
101
55870
100
56040
101
56260
115
56640
99
56970
111
58620
32
58780
100
58840
105
58950
32
59110
117
59220
115
59330
97
59830
44
60320
8
60760
13
61750
8
61910
8
62080
8
62350
8
62680
13
63070
8
63840
117
63890
115
64000
97
64770
13
65870
110
66030
111
66360
105
66580
32
66800
100
66910
105
67020
32
67410
119
68060
8
69550
101
69990
120
70150
32
70700
121
70920
117
71250
103
71360
111
71530
115
71630
108
71740
97
71850
118
72020
105
72350
97
79710
32
80810
101
80970
32
81080
98
81190
97
81300
115
81630
116
81690
97
82070
46
82290
32
85640
73
85860
110
86030
105
86250
122
86570
105
86900
97
87070
32
87780
105
88390
8
88660
108
89100
8
89430
105
89760
108
89930
32
90090
108
90250
101
90470
122
90530
105
90640
111
90910
110
91020
101
91570
46
91740
32
93220
67
93330
105
93610
32
93880
118
94100
101
94370
100
94430
105
94590
97
94810
109
95360
8
96240
8
96570
83
97070
114
97450
8
97560
99
97720
114
98220
111
98330
118
98660
8
98820
8
98990
118
99150
111
99760
8
99920
8
00640
111
01180
8
01790
105
02060
118
02120
111
02230
32
02450
117
03000
8
04650
100
04750
111
04920
112
05030
111
05410
32
06020
8
06350
47
06510
32
06840
8
07010
8
07670
46
07830
32
08050
83
