05687
81
05875
85
07656
69
07843
69
08078
76
08343
79
10343
8
10531
8
10953
8
11937
76
12093
76
12265
79
12468
32
12656
67
12937
72
13031
69
13234
32
19343
17
19671
192
20406
69
21703
8
27531
18
33562
17
33796
192
34359
69
36015
222
37531
8
37953
8
42093
18
42625
18
42656
18
42687
18
42734
18
42765
18
42796
18
42828
18
42875
18
42906
18
42937
18
42984
18
43015
18
43046
18
43093
18
43125
18
43156
18
43203
18
43234
18
43265
18
43312
18
43343
18
43375
18
43421
18
43453
18
43484
18
43531
18
43562
18
43593
18
43625
18
43671
97
43968
99
44140
97
45390
8
45781
18
46296
18
46343
18
46375
18
46406
18
46453
18
46484
18
46515
18
46562
18
46593
18
46625
18
46671
18
46703
18
46734
18
46750
97
47078
99
47234
99
48437
8
48656
18
48953
97
49156
99
49593
101
50609
8
50890
18
51140
97
51328
99
51593
104
53093
32
53265
83
53609
85
54078
67
54218
67
54375
69
54656
83
54843
83
55078
79
55234
32
55406
73
55562
69
55734
82
55890
73
56046
32
56328
65
57687
76
57812
76
58531
222
59609
79
59812
76
59984
79
60796
8
61546
73
61796
77
62078
80
62265
73
63468
67
63578
79
64000
32
66890
18
67093
97
67500
99
68031
104
69125
32
69375
76
69562
65
69671
32
70156
80
70359
73
71187
18
71656
97
71843
101
72031
97
73000
32
73531
78
73750
73
74093
84
74218
73
74750
68
74875
65
75156
32
76468
68
76734
73
76968
77
77218
79
77421
83
77734
84
77828
82
77984
65
78171
90
78453
73
78578
79
78921
78
79046
69
79218
32
79375
68
79656
73
82078
32
84531
81
84750
85
84937
65
85093
78
85468
84
85687
79
85812
32
86125
83
86328
73
86468
65
86562
32
86765
73
87000
77
87234
80
87593
82
87750
69
87937
86
88078
69
88515
68
89546
73
93265
66
93562
73
93765
76
93953
69
94109
32
97468
69
97718
32
05812
66
05953
69
06203
76
06343
76
06500
79
06640
32
06953
73
07171
76
07328
32
07718
71
08171
73
08265
85
08750
67
08843
79
09031
32
09250
68
09375
69
09546
76
09703
32
10031
67
10250
65
10546
76
10781
67
11015
73
11093
79
14031
190
14390
32
14578
67
14875
72
15078
73
15265
32
17546
8
17750
8
17906
8
18296
8
18890
16
19203
67
19531
72
19796
73
19968
32
20156
65
20390
83
20546
83
21343
73
21500
84
22156
8
23484
83
23703
84
24125
73
24343
84
24468
79
25843
32
26343
65
26609
32
26953
73
27140
78
27468
84
27625
69
27859
82
28812
189
29609
76
29734
65
29968
90
30328
73
30437
79
32265
32
32500
78
32765
79
33046
78
33265
32
33609
80
33921
85
34453
18
34781
97
34921
100
35125
105
36203
32
38515
78
38843
79
39125
78
39453
32
39843
69
40125
83
40281
83
40546
69
40703
82
40859
69
41484
8
42000
83
42156
73
42312
32
42703
82
42843
69
45078
83
45218
79
45375
32
47062
67
47437
79
47656
78
48312
84
48453
79
49687
32
51343
68
51453
73
51640
32
64250
67
64421
79
64671
77
64875
69
65015
32
65343
73
65656
32
66218
71
66593
73
66703
79
67109
67
67234
65
67359
84
71140
8
71671
8
71703
8
71734
8
71765
8
71812
8
71843
8
71875
8
71921
8
71953
8
71984
8
72031
8
72062
8
72093
8
72140
8
73578
69
74171
76
74343
76
74859
65
75031
32
75500
80
75625
65
76156
85
76500
82
76625
65
76843
32
77015
67
77250
72
77359
69
77578
32
77875
65
78671
67
78828
67
78984
79
79187
77
79406
80
79578
65
80125
71
80375
78
80515
65
80796
86
80921
65
81093
32
81421
73
81609
32
82015
71
82218
73
82328
79
82750
67
82890
65
83453
84
83593
79
84046
82
84171
73
84343
32
84859
78
84984
69
85265
82
85406
65
85875
90
86031
90
86218
85
86906
82
87046
82
87171
73
88500
190
93796
8
94140
188
94359
32
94718
76
94859
65
94953
32
95250
80
95375
65
95906
85
96187
82
96328
65
96500
32
96671
68
96953
73
97156
32
97609
86
98140
73
98421
78
99078
67
99203
69
99343
82
99484
69
00171
190
00437
32
00671
76
00843
65
00968
32
01171
76
01343
65
01515
90
01687
73
01812
79
02328
32
03046
72
03171
65
03312
32
03718
82
03796
69
03968
65
04343
76
04562
73
04796
90
04953
90
05156
65
05296
84
05687
79
05906
32
06843
81
07093
85
07250
65
07609
84
07750
84
07953
82
08812
79
08968
32
09234
82
09343
69
09578
84
09781
73
09953
32
10265
67
10484
79
10750
78
10937
32
11109
73
11312
76
11546
32
11765
77
11968
73
12171
78
12312
73
12531
77
12703
79
12890
32
13046
83
13296
70
13718
79
13921
82
14468
90
14625
79
14875
32
15031
67
15390
79
15843
78
16203
84
16281
82
16750
79
16906
32
17062
76
17250
65
17578
32
17703
83
18187
81
18359
85
18515
65
18890
68
19031
82
19187
65
20359
32
20531
67
20687
72
20890
69
21062
32
21375
80
21937
73
23328
18
23859
18
23890
97
24109
101
24281
97
25171
32
25359
68
25687
79
26312
8
26640
73
26859
32
27671
79
27828
71
28015
78
28187
73
28359
32
28562
65
28734
76
29156
84
29234
82
29421
65
32718
32
33156
69
33296
82
33484
65
33609
32
33765
83
33906
84
34031
65
34187
84
34359
65
34562
32
34921
73
35125
78
35343
32
35640
86
35765
69
35953
84
36093
84
36234
65
36390
32
36671
65
36828
76
36953
76
37078
65
37218
32
37531
67
37687
76
37890
65
38171
83
38312
83
38703
73
39062
70
39171
73
39515
67
39671
65
39859
32
40031
68
40328
73
40546
32
41328
81
41671
85
41843
69
42046
83
42171
84
42609
79
42781
32
43359
67
43484
65
43890
77
44203
80
44390
73
44546
79
44781
78
44921
65
45187
84
46218
79
53968
190
55015
32
55937
71
56078
76
56296
73
56500
32
57453
83
57875
84
58000
69
58687
83
58828
83
58968
73
59140
32
59593
71
60015
73
60125
79
60515
67
60640
65
60828
84
61312
79
62031
82
62218
73
62546
32
64562
66
64968
73
65156
65
65515
78
65781
67
66578
79
66843
78
67015
69
67281
82
67812
73
71484
32
71812
73
72031
78
72468
83
72718
73
72921
69
73187
77
73328
69
73468
32
73843
65
75312
32
75671
68
75859
73
76156
82
76312
73
77000
71
77125
69
77406
78
77671
84
77828
73
78000
32
78203
69
78375
32
78687
84
78968
73
79687
70
79984
79
80781
83
80875
73
86343
32
86609
78
86968
79
87453
78
87640
32
88125
83
88234
73
88375
32
88578
65
88765
83
89062
80
89234
69
89484
84
89671
65
90437
86
90578
86
90671
65
90875
78
91375
79
93750
8
93937
8
94078
8
94218
8
95500
65
95687
78
95921
79
96093
32
96453
85
96687
78
96875
32
97171
82
97296
69
97609
71
97703
65
98078
76
98281
79
98421
32
98796
84
98937
65
99187
78
99500
84
00000
79
00171
32
00593
66
00718
69
00984
76
01140
76
01281
79
15546
79
18640
8
24015
72
24156
65
24296
32
35484
72
35609
65
35750
32
39500
84
39640
79
42187
32
42687
69
42875
32
43250
66
43453
76
43593
79
44125
67
44250
67
44421
65
44500
84
44875
79
67375
84
70953
190
71281
32
71515
67
71687
79
71906
77
72171
85
72406
78
72718
81
73390
85
73500
69
73718
32
81906
8
82171
8
82390
8
82578
8
82796
8
83000
8
83156
8
83359
8
83734
8
85343
76
86187
8
95500
85
95703
78
95875
65
96375
32
08125
16
08406
85
08796
78
09015
32
10734
85
11062
76
11468
84
11609
69
11718
82
12187
73
12312
79
12671
82
12812
69
13140
32
16703
8
17234
8
17265
8
17312
8
17343
8
17375
8
17421
8
17625
8
17781
8
18156
8
18890
65
19656
76
20125
84
20171
82
21578
79
21843
32
22109
69
22265
86
22468
69
22703
78
22921
84
23203
79
23437
32
23890
67
24046
72
24187
69
24406
32
25062
70
25171
65
25296
82
26250
18
26781
18
26812
18
26859
18
26890
18
26921
18
26968
18
26984
97
27187
99
27359
97
29281
8
30218
18
30421
97
32312
8
32625
18
32937
97
33281
98
33500
105
34609
8
35125
18
35546
97
35984
99
36125
99
37296
32
38781
76
39000
65
39187
32
39343
83
39671
84
40125
79
40484
82
40656
73
40953
65
41125
32
41328
68
41437
69
41625
76
41765
76
41906
79
42046
32
42218
83
42546
80
43093
79
43421
82
43531
84
43781
32
44281
80
44484
73
45250
18
45781
18
45828
18
45859
18
45859
97
46031
101
46218
97
47078
32
47421
66
47546
69
47906
76
48046
76
48203
79
48359
32
48625
68
48734
69
48937
76
49093
32
49328
77
49531
79
49812
78
49812
77
50937
8
63375
65
63578
80
63718
80
63859
65
64218
82
64375
84
64500
69
64765
82
64890
82
65796
18
66046
97
66328
99
66468
99
69093
39
70453
65
73375
76
80765
68
80875
79
82671
190
85484
32
88265
16
88796
16
88828
16
88859
16
88906
65
89250
78
89562
67
89828
72
89953
69
90187
32
90468
83
90640
69
90812
32
91125
71
91406
76
91609
73
91781
32
92171
85
92312
76
92484
84
92609
73
92875
77
93046
73
93281
32
94187
67
94656
65
94906
77
95187
80
95375
73
95500
79
95843
78
95968
65
96250
84
96593
73
96781
32
96890
67
97703
73
98031
32
98359
65
99312
86
99468
69
99593
86
99796
65
00046
78
00328
79
00484
32
00828
65
01000
66
01343
73
01656
84
01890
85
02062
65
02187
84
02687
79
04609
32
08140
65
08406
32
08765
86
08953
69
09140
68
09265
69
09453
82
09578
69
09843
32
09953
86
10375
73
10609
78
10968
67
11093
69
11218
82
11343
69
11578
32
11890
76
12015
69
12296
32
12453
83
13062
81
13234
85
13375
65
13781
68
13984
82
14031
69
14500
32
14703
73
14921
78
15156
32
15343
82
15531
73
15765
77
15937
79
16171
78
16593
84
16703
65
18781
32
18953
81
19218
85
19484
69
19828
76
19968
76
20203
79
20453
32
20671
68
20859
73
21031
32
21515
73
21640
69
21921
82
22218
73
25468
32
26156
83
26406
85
26765
80
27187
69
27296
82
30687
8
31218
8
31250
8
31281
8
31328
8
31359
8
31390
8
31437
8
31468
8
31500
8
31546
8
31578
8
31609
8
31656
8
32546
32
32796
65
33062
67
33187
67
33343
65
33984
68
34265
85
34625
84
34843
79
34984
32
35484
73
35671
69
35890
82
36234
73
36468
32
37671
83
37921
85
38281
80
38468
65
38875
69
38984
82
40734
8
40875
8
41015
8
42031
69
42171
82
42328
65
42531
32
43218
79
44656
71
44812
78
45093
73
45265
32
45453
65
45656
83
45843
80
46093
69
46390
84
46531
84
46656
65
46828
84
47875
73
48375
86
48484
65
50328
190
51703
32
52312
73
55921
8
70109
16
70375
81
17687
16
18218
79
27375
16
27453
73
31234
16
31437
76
39468
16
39781
76
42781
16
43109
76
52281
16
52437
71
67437
65
67687
78
68375
84
68500
79
