02692
16
02792
67
03413
65
03773
82
04534
73
04775
83
04915
83
05015
73
05185
77
05306
79
05616
32
05826
65
05967
77
06107
79
06718
8
07659
73
07789
67
07889
79
08240
188
08380
32
09081
84
09191
73
09311
32
09982
86
10122
79
10333
82
10473
82
10563
69
10723
73
10844
32
11184
82
11394
65
11635
67
11765
67
11895
79
12135
78
12356
84
12576
65
12756
82
12846
69
12957
32
13137
68
13287
69
13437
76
13567
76
13718
79
13868
32
14028
83
14499
80
15170
79
15380
82
15570
84
15721
32
15921
67
16021
72
16171
69
16281
32
16992
80
17193
82
17383
65
17593
84
17693
73
17844
67
17974
79
18104
32
18885
68
19035
65
19145
32
20778
79
21008
82
21148
77
21299
65
21419
73
21589
32
22100
83
22300
86
22520
65
22781
82
22931
73
23061
65
23301
84
23442
73
23572
32
23732
65
23972
78
24123
78
24303
73
24513
32
25645
69
25815
32
26025
67
26206
72
26326
69
26426
32
26666
80
26806
69
27027
78
27207
83
27437
73
27958
8
28809
79
28909
32
29100
68
29310
73
29440
32
29831
67
30231
79
30432
78
33646
84
33867
73
34077
78
34197
85
34297
65
34528
82
34678
69
34798
32
34958
65
35108
78
35359
67
35529
79
35709
82
35719
84
36631
8
36951
65
37071
32
37572
80
37682
69
37812
82
37912
32
38173
77
38353
79
38503
76
38824
84
38994
79
40396
190
40646
32
41047
16
41207
70
41538
79
41688
82
41928
83
42088
69
42239
32
42389
84
42539
69
42639
32
42900
78
43070
69
43220
32
43360
83
43521
65
43731
82
43911
73
44031
65
44201
32
44872
68
45013
73
45203
77
45353
69
45453
78
45573
84
45774
73
45934
67
46134
65
46385
84
46695
79
48448
32
51332
37
51822
37
51913
37
52003
37
52103
37
52193
37
52283
37
52383
37
52473
37
52564
37
52664
37
52754
37
52844
37
53064
37
53545
39
54136
8
54276
8
54616
65
54717
73
55247
39
55738
39
55828
39
55918
39
56018
39
56109
39
56199
39
56299
39
56389
39
56479
39
56579
39
56669
39
57190
32
57471
77
57541
65
57701
32
57871
73
58021
79
58162
32
58442
80
58622
82
58853
65
59083
84
59213
73
59363
67
59493
79
59644
32
60134
84
60275
73
60725
82
60835
79
60976
32
61106
67
61226
79
61436
78
61597
32
61797
76
62027
189
62728
8
63369
222
63489
32
64220
65
64250
83
65232
8
65853
82
66063
67
66213
79
68346
188
68837
32
69628
85
69778
78
69949
79
69959
73
70099
32
70840
8
71090
8
71601
32
71861
83
72052
80
72342
79
72522
82
72702
84
72893
32
73093
68
73263
65
73403
76
73524
76
73664
69
73804
32
75386
79
75617
82
75857
73
76248
71
76448
73
76668
78
76808
73
76959
32
78591
78
78861
79
79462
66
79622
73
79813
76
79983
73
83358
190
83508
32
83929
16
84109
78
84499
69
84760
76
84890
76
85010
65
85120
32
85641
77
85781
73
85881
65
86002
32
86182
67
86362
73
86923
84
87053
84
87664
65
87944
222
88105
32
89867
69
90057
83
90288
73
90448
83
90658
84
90809
69
90969
32
93042
37
93182
37
93312
37
93462
37
93593
37
93723
37
93853
37
94103
32
94284
39
94434
39
94574
39
94674
39
94804
39
94934
39
95195
32
95766
85
95926
78
96066
65
96206
32
96717
83
97088
79
97248
67
97508
73
98219
69
99140
84
00432
65
00853
222
01103
32
03407
73
03577
78
03717
32
03917
67
04098
85
04228
73
04348
32
04809
67
05019
73
05229
82
05460
67
05640
65
05780
32
13030
79
13211
71
13311
78
13461
73
13481
85
13541
32
14322
8
14473
8
14733
32
15254
84
15404
82
15554
69
15704
32
16095
86
16235
79
16375
76
16505
84
16686
69
16836
32
16996
65
17166
76
17277
76
17407
65
17527
32
17637
83
17827
69
18058
84
18198
84
18308
73
18498
77
18639
65
18789
78
18939
65
19580
32
23546
69
23856
70
24006
70
24156
69
24387
84
24517
84
24637
85
24807
73
24968
65
25158
77
25328
79
25438
32
25699
85
27001
8
27581
68
27752
69
27972
71
28102
76
28292
73
28403
32
28533
83
28543
65
29284
8
29464
8
29684
65
30355
76
30486
76
30616
69
30786
78
30916
65
31147
77
31307
69
31407
78
31587
84
33580
73
33720
32
33920
67
34071
79
34271
78
34441
32
35633
85
35973
78
36194
32
40810
73
40911
83
42403
84
42593
82
42713
85
43584
84
43735
84
43855
79
43985
82
44205
69
48121
68
48982
8
49303
32
52988
78
53088
65
53258
90
53479
73
53579
79
53759
78
53879
65
53999
76
54941
69
57625
190
58376
32
58997
16
59267
79
59708
71
59808
78
59958
73
60058
32
60238
83
60429
69
60759
84
60899
84
61029
73
61200
77
61390
65
61630
78
62141
8
62281
8
62411
8
62562
8
62682
8
62812
8
62942
8
63303
8
63974
68
64204
79
64434
77
64575
69
64695
78
65035
73
65326
67
65526
65
65786
32
67268
80
67409
79
67589
73
67809
32
68020
73
68240
78
68430
32
68440
78
69452
8
70383
84
70493
85
70713
84
70844
84
71074
69
71334
32
71935
76
72075
69
72206
32
72406
82
72536
69
72756
71
72927
73
73037
79
73267
78
73457
69
73638
32
74068
8
74198
8
74729
73
74839
32
75040
83
75190
79
75400
78
75560
79
75721
32
86136
8
86286
8
86426
8
86556
8
86696
8
87367
86
87698
69
87938
78
88158
68
88579
8
88809
71
88990
79
89130
78
89260
79
89470
32
89771
83
90081
86
90272
79
90412
76
90712
84
90953
69
91063
32
91764
68
91914
69
92034
76
92114
76
92254
76
92435
69
92585
32
92965
8
93086
8
93206
8
93366
69
93556
32
94257
84
95219
8
95820
71
96000
65
96200
82
96280
69
96450
32
97021
67
97171
72
97282
69
97682
80
97852
79
98113
83
98243
83
98343
79
98844
8
99004
8
99144
8
99284
8
99405
8
99645
32
00216
80
00346
79
00566
83
00717
83
01317
79
01928
78
02189
79
02359
32
03160
86
03370
65
03561
82
03691
73
03811
65
04081
82
04232
69
04422
32
07196
73
07356
76
07526
32
08698
8
09189
8
09289
8
09379
8
09469
8
09569
8
09659
8
09750
8
09850
8
09940
8
10030
8
10130
8
10220
8
10310
8
10410
8
10501
8
10591
8
10691
8
10781
8
10871
8
10971
8
11061
8
11152
8
11382
8
12163
190
12363
32
12554
16
12844
81
13164
85
13285
69
13465
83
13685
84
13805
69
13956
32
14126
71
14306
65
14456
82
14576
69
14677
32
15167
83
15277
79
15458
78
15588
79
15698
32
16439
68
16589
73
16679
32
16880
68
17020
73
17901
86
18072
69
18212
82
18462
83
18612
79
18742
32
18953
84
19093
73
19343
80
19634
73
20385
8
21046
79
21937
188
22077
32
22308
80
22438
79
22638
83
22788
83
22918
79
23139
78
23339
79
23469
32
23609
65
24050
8
24601
69
25182
83
25312
83
25512
69
25682
82
25783
69
25933
32
26053
65
26183
32
26864
67
27104
69
27545
8
27775
65
28056
82
28276
65
28486
84
28617
84
28747
69
28887
82
28997
69
29117
32
30089
82
30219
69
30459
71
30630
73
30740
79
30930
78
31030
65
31210
76
31351
69
32422
188
32552
32
33754
78
33944
65
34175
90
34385
73
34455
79
34635
78
34776
65
34876
76
35036
69
35186
32
36879
79
37039
32
37239
65
37319
78
37529
67
37660
72
37780
69
37910
32
39602
73
39763
78
39973
84
40123
69
40404
82
40724
78
40874
65
41395
90
41555
73
41645
79
41816
78
41966
65
42126
76
42256
69
42396
32
42707
77
42877
65
42987
32
43598
81
43728
85
43919
69
44119
83
44339
84
44570
65
45070
8
45170
69
45381
32
46572
77
46733
79
46903
76
46923
79
47995
84
48425
79
48716
8
48856
8
48976
8
49106
8
49797
76
49947
84
50047
79
50208
32
50829
82
50999
65
51199
82
51319
65
51740
77
51840
69
51960
78
52070
84
52181
69
52321
32
53903
73
54043
78
54203
32
54434
81
54584
85
54704
65
54844
78
55105
82
55475
8
55615
84
55756
79
55876
32
56116
83
56357
73
56507
32
57078
83
57298
86
57468
79
57608
76
57969
71
58219
79
58389
78
58500
79
58610
32
58920
83
59111
79
59381
76
59741
73
60192
84
60442
65
60573
77
60743
78
60833
84
61834
8
61995
8
62996
69
63627
78
63877
84
64078
69
64228
32
64488
73
64689
78
64839
32
65550
16
65750
69
66241
85
66531
82
66691
79
66862
80
67022
65
68975
190
73261
32
79039
16
79350
81
79960
85
80111
69
80271
83
80421
84
80762
79
80912
32
83125
69
83255
222
83345
32
84237
85
84417
78
84567
79
84707
32
84888
83
85348
80
85559
79
85829
82
86019
84
86219
32
86450
67
86550
72
86690
69
86800
32
87261
83
87391
73
87521
32
87692
83
87902
84
88052
65
88212
32
88433
65
88583
78
88753
67
88953
79
89204
82
89624
65
89785
32
91097
69
91307
83
91457
80
91597
65
91798
78
92028
68
92198
69
92328
78
92879
68
93109
79
93931
8
94101
8
94241
8
94361
8
94491
8
94622
8
94762
8
94902
8
95032
8
95162
8
99198
70
99408
65
99609
88
99629
67
99799
69
00861
8
01001
8
01121
8
01562
67
01722
69
01842
78
02122
68
02503
79
02643
32
02843
67
03024
79
03214
78
03364
79
03474
83
03665
67
03865
69
04015
82
04175
69
04576
32
05387
77
05497
65
05607
32
05778
67
05898
72
06018
69
06158
32
06419
73
06539
32
06979
71
07140
73
07280
79
07630
86
08562
65
08682
78
08822
73
08962
32
09884
65
10174
67
10314
67
10434
79
10595
76
11456
67
11876
8
12037
71
12227
79
12427
66
12868
8
13128
78
13268
79
13399
32
14330
71
14690
73
15732
65
15832
222
15952
32
16713
73
16864
78
17034
32
17244
77
17394
79
17645
68
17765
79
17875
32
18115
70
18296
65
18526
86
18686
79
18967
82
19197
69
19477
86
19628
79
19778
76
19918
69
23163
188
23303
32
24174
71
24344
82
24565
65
24705
78
24795
68
24985
69
25035
32
25306
73
25486
78
25736
70
25927
65
26147
84
26277
84
26367
73
26497
32
26608
69
26838
32
27269
8
27419
8
28520
69
28791
222
28931
32
29672
76
29772
65
29912
32
30113
81
30303
85
30443
65
30533
78
30744
82
31124
8
31264
84
31384
73
31735
84
32556
65
32746
222
32907
32
34118
68
34299
69
34399
73
34519
32
34970
71
35080
73
35170
79
35380
86
35600
65
35741
78
35901
73
36111
32
40427
67
40578
72
40658
69
40798
32
41499
80
41589
65
41829
82
42040
84
42150
69
42701
67
42871
73
43051
80
43191
65
43732
78
44363
79
45224
32
46716
65
46917
68
47057
32
47307
79
47658
71
47778
78
47938
73
48048
32
48549
71
48739
65
48910
82
49080
65
50312
190
50472
32
63611
16
63861
83
64462
80
64552
69
64642
82
64772
79
64943
32
65574
67
65674
72
65824
69
65904
32
66124
86
66315
69
66515
78
66745
68
67096
8
67216
71
67446
65
70340
32
70481
65
70661
78
70761
67
70911
72
71021
69
71142
32
71302
65
71422
32
73185
8
73355
8
74306
84
74376
85
74526
32
74677
65
74797
32
75488
80
75778
82
75939
79
76189
86
77060
65
77210
82
77351
69
77451
32
78282
81
78442
85
78582
65
78712
76
78863
67
79013
72
79133
69
79263
32
83369
86
83499
79
83660
76
83820
84
84120
65
85202
32
13012
190
13152
190
13282
190
14063
16
14274
84
14654
73
15145
32
15606
65
15856
83
16056
80
16226
69
16507
84
16647
84
16797
79
17949
32
18239
65
18390
76
18510
32
18660
80
18840
73
20312
85
20783
222
20963
32
21334
80
21644
82
21995
69
22275
83
22546
84
22766
79
24218
16
24578
49
24739
49
24879
49
25009
49
25129
49
