46731
0
47455
73
47715
108
47976
32
48443
108
48625
97
49016
103
49304
111
49672
32
49938
100
50576
39
50895
0
51034
79
51453
114
51592
116
51724
97
52237
32
52727
101
52825
39
53201
32
53440
115
53621
101
53925
110
54205
122
54290
97
54534
32
54681
100
54939
117
55586
98
55725
98
55926
105
56035
111
56373
32
56661
117
56877
110
57108
111
57385
32
57719
100
57838
101
58085
105
58301
32
58571
112
58693
111
59152
100
59336
116
59781
105
59977
32
60399
112
60611
105
60834
117
62494
39
63305
32
64342
98
64474
101
64850
108
65001
108
65202
105
65673
32
65902
100
65992
101
66355
108
66639
32
67494
0
68008
80
68462
105
68567
101
68798
109
68983
111
69317
110
69944
116
70023
101
73933
46
87546
13
93344
0
94412
83
94736
105
94952
32
95929
116
96043
114
96190
111
96627
118
96736
97
96921
32
97049
100
97227
105
98208
118
98344
105
98693
115
98802
111
99011
32
99341
116
99418
114
99532
97
99794
32
99979
100
00302
117
00423
101
02082
32
03101
0
03262
80
03812
8
04934
112
05039
114
06024
111
06579
118
06913
105
07232
110
07748
99
08303
105
08389
101
09531
44
10341
32
10884
113
11310
117
11472
101
11779
108
11927
108
12021
97
12282
32
12414
100
12584
105
12907
32
13267
0
13451
78
13654
111
14083
118
14215
97
14324
114
14444
97
15220
32
15577
101
15770
32
16329
113
16613
117
16726
101
17228
108
17729
108
17899
97
18694
32
18811
100
19019
105
46046
115
71109
13
72097
0
72297
86
72613
101
72722
114
73365
98
73474
97
73736
110
74976
105
75066
97
78451
46
78842
32
79064
0
79264
73
79554
108
79846
32
79970
115
80255
117
80436
111
80633
32
80978
115
81137
112
81319
101
81695
99
81857
99
82062
104
82319
105
82463
111
82629
32
82936
100
83411
39
83677
97
84057
99
85144
113
85768
117
85873
97
87399
32
90098
101
90226
39
91852
32
92212
105
95223
109
95374
109
95582
101
95806
114
96460
115
96573
111
96796
32
97202
116
97276
114
97432
97
97953
32
98157
108
98339
101
98524
32
98710
109
98887
111
99141
110
99434
116
99577
97
99774
103
00168
110
00301
101
01393
32
01593
101
01725
100
02699
13
03882
111
04319
102
04474
102
04743
114
04852
101
05594
32
05760
97
05976
105
06249
32
06583
112
06688
97
07125
101
07535
115
07896
105
08180
32
08514
99
08829
104
08934
101
09303
32
09515
108
09681
111
10110
99
10303
105
11042
114
11451
99
11815
111
12084
110
12388
100
12505
97
12877
110
13112
111
18278
32
19363
32
19914
117
20111
110
20304
32
20642
112
20770
97
21195
101
21464
115
21596
97
22041
103
22176
103
22568
105
22692
111
23544
32
23897
118
24029
101
24161
114
24369
97
24631
109
25072
110
26496
8
27290
101
27479
110
27752
116
27865
101
28111
32
28335
115
28604
117
29106
103
29253
103
29403
101
29772
115
29953
116
30371
105
31277
118
31386
111
32508
8
34217
48
35282
8
35665
111
36285
13
42956
0
43197
84
43605
114
43714
97
44044
105
45228
8
46186
32
46531
105
46728
32
46974
112
47388
97
47768
101
52002
8
52229
8
52414
8
53217
8
53425
8
53656
8
53857
8
54191
8
54734
8
57200
0
59095
79
59557
108
60062
116
60165
114
60326
101
60694
32
61154
97
62055
108
62172
108
62323
97
63049
32
63363
0
63510
80
64086
8
64530
112
64749
105
65136
116
65276
116
65335
111
65716
114
65817
101
66110
115
66443
99
66515
97
69453
32
69775
0
69906
79
70725
114
70795
116
70974
97
73677
44
73892
32
74155
99
74294
104
74464
101
74626
32
75094
98
75099
110
75217
101
75882
8
75999
8
76391
8
77200
110
77351
101
77681
32
78240
100
78357
97
78557
32
78872
105
79115
108
79403
32
79611
110
79846
111
80275
109
80396
101
81808
44
82092
32
82529
100
82668
97
82869
32
83352
115
83545
101
83783
103
84052
110
84169
97
84446
108
84540
97
84855
114
84957
101
85182
98
85185
32
86789
8
87706
8
88024
32
88400
116
88473
114
88618
97
89257
32
89820
103
90062
108
90270
105
90486
32
90744
97
91089
108
91472
116
91542
114
92026
105
92181
32
92378
112
92544
97
93027
101
93185
115
93653
105
94647
8
94798
8
94942
8
95089
8
95511
8
96375
8
96514
8
96657
8
96983
8
97344
8
97799
8
00086
8
00416
8
00705
8
01032
8
04080
13
05172
103
05361
108
05565
105
06494
32
06851
97
07474
108
07872
116
07942
114
08357
105
08505
32
08720
112
09298
97
09541
101
09696
115
10372
105
15539
32
15865
0
15984
80
16400
101
16807
116
16938
116
17070
101
18022
110
18153
97
18545
115
18669
99
19126
111
30035
46
32056
32
32575
0
34658
83
34978
105
35339
116
35498
111
35988
32
37042
115
37288
117
37595
32
37822
117
38061
110
38243
97
38337
32
38774
112
38966
105
39133
97
39650
110
39785
97
40291
32
40499
99
40871
104
40973
101
41173
32
41309
115
41503
105
41783
32
42071
97
42272
102
42411
102
42562
97
42759
99
42895
99
43202
105
43326
97
43550
32
43655
115
43955
117
44243
108
44516
32
44789
108
44940
97
45347
103
45772
111
46122
32
48784
8
49171
8
49313
8
49453
8
49608
8
49786
8
50078
8
53702
108
54717
13
56792
108
56916
97
58054
103
58144
111
77595
32
78089
111
78868
102
79004
102
79235
114
79390
101
79687
32
80629
97
80735
105
82093
32
82412
115
83108
117
83617
111
83744
105
83965
32
84318
99
84576
105
84921
116
85076
116
85189
97
85553
100
85800
105
86029
110
86216
105
88435
32
88967
117
89175
110
89399
97
89596
32
89876
118
89993
97
90163
114
90813
105
91228
101
91618
116
91987
97
92157
39
92464
32
93229
100
93326
105
93557
32
93986
112
94347
97
94639
101
95004
115
95143
97
98613
8
99070
8
99104
8
99139
8
99174
8
99210
8
99245
8
99280
8
99315
8
99351
8
99385
8
99420
8
00269
8
00485
8
00663
8
00802
8
00980
8
01154
8
01313
8
01456
8
01619
8
08484
117
08898
110
09167
97
11576
32
11777
100
12000
105
12258
109
12470
111
12888
114
13043
97
13220
32
13547
116
13624
114
13807
97
14183
110
14700
113
14866
117
15047
105
15412
108
15590
108
15706
97
18025
32
20430
112
20798
114
20896
111
21250
116
21351
101
21552
116
21691
116
21827
97
22176
32
22537
100
22657
97
23056
108
23226
108
23960
101
24660
13
25028
109
25209
111
25795
110
26301
116
26440
97
26915
103
27397
110
27484
101
31805
32
32089
99
32541
104
32677
101
37364
32
41392
115
41570
116
41793
97
42824
110
42983
110
43252
111
43517
32
44160
97
44635
108
44767
108
44914
101
45141
32
45582
115
45718
117
45850
101
46302
32
46659
115
46840
112
46972
97
47188
108
47343
108
47471
101
54105
46
60116
32
62411
0
63205
76
63575
97
64203
32
64506
99
64749
105
65159
116
65287
116
65411
97
65582
100
66042
105
66326
110
66458
97
66582
32
66905
112
67128
105
67355
117
67838
39
68850
32
69275
110
69544
111
70481
8
70803
8
71613
103
71859
114
72029
97
72938
110
73024
100
73113
101
73963
32
75169
101
75324
39
75612
13
76495
105
76699
110
77235
118
77352
101
77518
99
77638
101
77976
32
78451
0
78589
79
78955
109
79076
101
79490
103
79991
110
80101
97
81795
44
82018
32
82173
99
82346
104
82467
101
82660
32
82967
99
83187
111
83422
110
83626
32
83880
105
84157
32
84434
115
84711
117
84942
111
85089
105
85282
32
86748
49
86872
53
87537
46
87867
48
88014
48
88318
48
88774
32
88997
97
89396
98
89658
105
90037
116
90146
97
90488
110
91108
116
91213
105
93089
32
93633
114
93795
105
94297
115
94490
117
94740
108
95101
116
95210
97
95658
32
95901
101
96208
115
96344
115
96522
101
96730
114
96862
101
97558
32
97911
105
98107
108
99284
13
99660
112
00126
117
00418
110
00645
116
00755
111
01040
32
01186
100
01368
105
01774
32
01956
114
02202
105
02555
102
02672
101
02808
114
03199
105
03560
109
03672
101
03824
110
03986
116
04198
111
07157
32
13214
100
13345
101
13989
108
14136
108
14291
101
14453
32
14684
97
15327
116
15722
105
16076
118
16184
105
17985
8
18443
8
18477
8
18513
8
18547
8
18583
8
18617
8
18891
8
19084
8
19331
8
19718
8
22439
112
22754
101
22915
114
23205
32
23375
103
23545
108
23742
105
24061
32
24242
97
24367
98
24609
105
24886
116
25029
97
25657
110
26019
116
26153
105
27161
32
27408
100
27669
105
27832
32
28124
116
28260
117
28903
116
29045
116
29315
105
29489
32
29865
103
30065
108
30239
105
30569
32
30735
97
31043
108
31514
116
31665
114
31934
105
32120
32
32381
112
32563
101
33400
8
33593
97
33854
101
33986
115
35211
105
36562
46
39493
13
40341
0
40643
73
41269
108
41435
32
41601
112
41885
101
41993
114
42245
105
42868
111
43061
100
43201
111
43382
32
43697
109
43959
105
44400
103
44593
108
44801
105
44925
111
45290
114
45368
101
46026
32
46444
112
46721
101
46825
114
47080
32
47456
97
47790
112
47918
112
48321
114
48409
101
49080
122
49220
122
49355
97
49575
114
49741
101
50651
32
51119
113
51376
117
51572
101
51842
115
51966
116
52399
111
52581
32
52808
108
53043
117
53220
111
53676
103
53793
111
54504
32
55002
101
55389
39
55674
32
55905
115
56300
105
56725
99
56918
117
57252
114
57338
97
58164
109
59698
101
59833
110
60121
116
60208
101
61955
32
62079
108
63312
39
63863
13
65343
101
65498
115
65626
116
65789
97
66045
116
66106
101
69575
44
69889
32
70135
109
70275
97
70590
32
70909
97
71137
110
71421
99
71766
104
71837
101
72205
32
73084
110
73208
101
73439
108
73678
32
73974
112
74174
101
74297
114
74637
105
74753
111
75796
100
76024
111
76251
32
76885
112
77101
105
77431
117
77914
39
78232
32
78585
102
78775
114
79231
101
79637
100
79799
100
80126
111
80970
32
85908
115
86039
97
89133
8
89542
8
91099
105
91245
108
91499
32
91765
108
92697
97
94390
103
94499
111
94715
32
95148
100
95775
39
96045
0
96800
79
97444
114
97579
116
97696
97
98171
32
98552
115
98633
97
98853
32
99046
101
99288
115
99443
115
99701
101
00427
114
00521
101
01172
13
01833
109
02011
111
02215
108
02599
116
02723
111
03053
32
03265
97
03523
99
03632
99
04000
111
04552
103
04744
108
04941
105
05125
101
05502
110
06446
116
06536
101
07917
46
