33833
0
34667
80
35029
105
35291
110
35534
111
36188
99
36339
99
36524
104
36843
105
36968
111
37408
46
37655
32
37863
0
38032
82
38516
111
38934
98
39096
101
39240
114
39650
116
39893
111
40090
32
40343
0
40513
66
40764
101
41160
110
41387
105
41984
103
42123
110
42316
105
42715
32
45038
101
45138
39
46025
32
47106
0
47305
80
47603
105
47838
110
48046
111
48559
99
48703
99
48930
104
49360
105
49495
111
49967
46
54793
32
55488
0
56228
78
56716
101
56905
108
57251
32
57478
115
57766
117
58226
111
58552
32
58905
117
59182
108
59452
116
59603
105
59876
109
60054
111
60300
32
60584
108
60741
97
61063
118
61438
111
62374
114
62476
111
63846
32
64088
108
64641
39
65084
13
66485
97
66697
114
66829
116
67354
105
67676
115
68487
116
68619
97
69044
32
69519
116
69747
111
70096
115
70354
99
70444
97
70767
110
71075
111
71442
32
73822
114
74065
105
75100
112
75270
114
75455
111
75698
112
75815
111
76328
110
76689
101
78215
32
78694
108
79070
39
80124
8
80699
8
81155
105
81351
108
81563
32
82411
112
82589
101
82743
114
83273
115
83488
111
83746
110
83894
97
84277
103
84428
103
85387
105
85500
111
85865
32
86135
105
86335
110
86738
118
86881
101
87150
110
87625
116
87773
97
87988
116
88342
111
88535
32
88842
100
89023
97
89217
32
89447
0
89571
67
89895
111
90126
108
90277
108
90428
111
91971
100
92129
105
97366
13
98877
105
99234
110
99453
32
99692
117
00011
110
00200
97
00420
32
00647
99
00783
104
01031
105
01223
97
01759
118
01883
101
04743
32
04909
115
05064
105
05303
109
05580
112
05716
97
05947
116
06354
105
06836
99
06930
97
14354
32
14547
115
14732
101
15039
110
15301
122
15393
97
16118
32
19728
97
21605
108
21744
108
21945
111
22195
110
22507
116
22654
97
28981
110
29101
97
29462
114
30020
115
30213
105
32483
32
32878
100
33029
97
33413
108
33575
108
33726
97
34172
32
34452
115
34698
116
35215
111
35599
114
36032
105
36183
97
36715
32
37327
111
37661
114
37809
111
38360
8
39147
105
40205
103
40524
105
41426
110
41562
97
42799
108
42869
101
44465
46
45069
13
50916
0
51590
77
51944
111
52236
108
52947
116
53053
111
53581
32
54300
98
54791
101
55075
108
55234
108
55427
101
55624
32
55939
108
56086
101
61780
32
62144
115
62311
99
62504
101
62929
110
63183
111
63655
103
63859
114
64029
97
64272
102
64797
105
64914
101
65434
32
65764
101
65918
100
66109
32
66374
105
66723
99
66928
111
67212
115
67375
116
67896
117
68249
109
68507
105
70081
0
70541
0
70576
0
70612
0
70649
0
70685
0
70721
0
70757
0
70943
0
71107
0
74284
32
75734
32
75912
99
76113
104
76252
101
77927
32
79515
100
79609
97
80114
110
80265
110
80481
111
80728
32
81291
97
81624
110
81795
99
81992
104
82116
101
82282
32
82559
117
83518
110
83723
32
83923
112
84105
105
84656
122
84838
122
85004
105
87081
8
87219
8
87370
8
87529
8
88073
8
88403
13
89502
112
89924
105
90609
122
90767
122
90968
105
91664
99
91800
111
92004
32
92704
100
92810
105
92995
32
94034
109
94162
97
94397
103
94686
105
94825
97
95422
32
95916
108
97596
8
97845
97
98115
108
98251
108
98398
97
98686
32
98837
115
99019
101
99406
113
99714
117
99918
101
00344
110
00621
122
00698
97
00992
32
01135
100
01340
105
01525
32
01749
105
02083
109
02218
109
02442
97
02925
103
03106
105
03315
110
03481
105
04501
32
04835
105
05013
110
05316
32
05605
99
05824
117
05968
105
06180
32
06681
0
06820
66
07198
101
07413
110
07637
105
08162
103
08320
110
08498
105
11021
32
14248
13
14735
105
14966
110
15296
116
15451
101
15518
114
16085
112
16491
114
16565
101
17106
116
17238
97
20155
32
20828
117
21034
110
21386
111
21781
32
22004
100
22104
101
22478
105
22633
32
22872
112
23099
101
23237
114
23653
115
24525
8
24725
8
24857
8
24997
8
25148
8
25284
8
25424
8
25571
8
25711
8
25866
8
26025
8
26404
8
27035
109
27213
97
27673
103
27904
105
28135
115
28378
116
28455
114
28611
97
28915
108
29222
109
29332
101
29479
110
29779
116
29903
101
30142
32
30400
117
30612
110
30881
111
31787
32
31987
100
32049
101
32351
105
32490
32
32729
112
32953
101
33752
114
34787
115
35144
111
35405
110
35541
97
35906
103
36038
103
36334
105
36660
32
36945
102
37115
105
37369
97
37722
98
37854
101
38116
115
38728
99
39356
104
39548
105
40123
32
40525
112
40749
105
40943
117
42263
39
44292
13
45441
102
45570
97
45854
109
46101
111
46934
115
47043
105
49335
32
49650
97
49828
108
50105
32
50496
109
50693
111
51321
110
51468
100
51649
111
53721
46
54062
32
58529
0
59250
83
60718
8
61375
0
61704
65
62698
122
62865
122
63012
101
63380
99
63528
99
64140
97
64261
116
64400
97
64700
32
64999
0
65367
78
65637
105
66856
99
67548
111
68049
108
68269
101
68584
116
68728
116
68894
97
69107
32
69383
0
69697
66
70002
114
70141
97
70338
115
70486
99
70824
104
71067
105
71320
32
72069
110
72243
101
72501
105
72652
32
72849
112
73058
97
73334
110
73474
110
73637
105
73853
32
74103
100
74222
101
74409
108
74568
108
74757
97
74939
32
75776
116
75919
97
76402
105
76642
110
77593
61
77598
8
77750
8
77943
8
78277
8
78626
8
80530
102
80643
97
81769
116
82641
97
83310
13
84047
0
84678
84
85250
117
85679
114
86341
99
86568
104
86769
105
87308
110
87418
97
88007
32
88295
101
88614
32
89146
0
89566
75
89879
105
90264
109
90494
32
90771
0
90936
82
91439
111
91777
115
91932
115
92110
105
92333
32
92686
115
92861
116
93252
117
93605
97
93756
114
93896
116
94325
32
96782
8
96944
8
97145
8
02278
0
02456
0
02956
0
03139
0
03944
0
04123
0
05019
0
06112
8
06263
8
06410
8
06801
8
07111
0
07578
83
07956
116
08302
117
08441
97
08619
114
08736
116
10045
32
11477
110
11635
101
11821
105
11957
32
12142
112
12385
97
12753
110
12901
110
13052
105
13222
32
13617
100
13875
105
14038
32
14299
117
14507
110
14754
32
14974
99
15151
105
15478
110
16739
8
17252
8
17734
111
18022
110
18394
118
18717
105
18971
110
19457
99
19574
101
20278
110
21153
116
21239
101
21726
32
22177
0
22415
76
22789
117
23988
99
24219
105
24717
103
25032
110
25271
111
25769
108
25927
111
28239
13
32492
0
32841
73
33230
108
33506
32
33818
102
33973
105
34588
108
34873
109
35512
32
35694
115
35885
99
36111
111
36524
114
36664
114
37048
101
37244
32
37559
108
37897
105
38312
115
38489
99
38854
105
39005
111
39209
32
39429
105
39653
110
39876
32
40363
116
40529
117
40890
116
41034
116
41188
101
41603
32
42623
8
43319
8
44826
105
45126
32
45509
105
45702
32
46060
115
46927
117
47131
111
47278
105
47494
32
47943
49
48035
50
48356
48
48606
32
48833
109
49030
105
49231
110
50132
117
51187
116
51315
105
60979
32
61614
116
61718
114
61939
97
62326
32
62557
108
63520
97
63980
32
64333
115
64526
116
64906
111
65427
114
65532
105
66043
97
66928
32
67464
100
67638
105
68090
13
69175
0
69914
67
70239
111
70477
108
70613
108
70776
111
70992
100
71231
105
72296
32
72497
101
72667
32
72978
108
73705
101
74058
32
74426
105
74612
110
74946
116
75070
101
75187
114
75643
112
76069
114
76161
101
76455
116
76595
97
76807
122
76992
105
77109
111
77371
110
77556
105
87860
32
88057
100
88208
105
88618
118
88796
101
88947
114
89320
116
89452
101
89858
110
90200
116
91342
105
92083
32
92258
100
92424
105
93204
32
93492
0
94240
66
94812
101
95005
110
95285
105
96150
103
96296
110
96871
105
17686
32
17947
99
18392
104
18527
101
19757
32
20251
114
20444
105
20565
101
20964
115
21325
99
21491
101
22114
32
22510
97
27842
13
29125
100
29234
97
29545
114
29668
101
32579
32
33027
113
33327
117
33650
97
33854
110
34543
116
34667
111
34982
32
35774
100
35993
105
36160
32
36502
115
36767
117
37158
111
37492
32
38798
99
38999
105
39207
32
39526
112
39618
111
40118
116
40241
114
40451
101
41166
98
41324
98
41449
101
41989
32
42384
101
42729
115
42907
115
43477
101
44078
114
44241
101
46164
32
46959
105
47171
110
47440
32
48136
117
48348
110
48930
32
49371
0
49509
80
49879
105
50106
110
50307
111
50729
99
50884
99
51036
104
51365
105
51482
111
51950
32
52417
114
52494
101
52712
97
53469
108
53578
101
63017
46
64723
13
66714
0
76149
0
76454
70
77240
111
77833
114
77965
115
78440
101
78923
32
79264
97
80341
122
80477
122
80647
97
80848
101
81538
8
81974
114
82281
100
82417
97
82663
116
82746
97
83118
32
83486
108
83607
97
83861
32
84077
115
84224
99
84433
101
84931
108
85303
116
85443
97
85689
32
85897
100
86052
101
86344
105
86633
32
86830
102
86985
105
87330
99
87527
104
87724
105
88428
32
88838
100
91040
39
91499
105
91711
110
92064
100
92474
105
92595
97
95253
32
95980
99
96104
111
96884
109
97069
101
97304
32
98145
103
98239
97
98478
116
98602
116
99020
97
99679
8
00306
111
00514
32
00745
101
01229
32
03205
118
03405
111
03621
108
05220
112
05325
101
06886
46
07632
13
08255
0
08493
67
08901
111
09132
109
09371
117
09766
110
10237
113
10682
117
10814
101
10965
32
11227
117
11469
110
11704
32
12617
102
12769
105
12924
108
13147
109
13386
32
13739
99
14153
104
14346
101
14539
32
14832
109
15044
105
15370
32
15594
101
16077
39
16357
32
16737
112
16930
105
17157
97
17716
99
18062
105
18198
117
18589
116
18698
111
19852
46
