25335
0
25518
76
25835
97
26044
32
26366
110
26566
97
26744
122
26959
105
27091
111
27322
110
27454
97
27666
108
27855
101
28029
32
28192
100
28343
105
28490
32
28732
0
28924
84
29286
114
29425
97
29881
112
29994
97
30325
116
30433
116
30816
111
31101
110
31321
105
31616
32
32209
99
32736
111
32964
110
33233
116
34982
105
35301
110
35555
117
35694
97
35906
32
36168
97
36349
32
36542
100
36646
101
36894
108
37140
117
37436
100
37556
101
37696
114
37813
101
39654
46
40106
32
40507
0
40653
73
41275
32
41452
115
41805
117
42028
111
42187
105
42414
32
42645
115
42929
102
43351
111
43726
114
45381
122
45566
105
48492
32
48788
110
48954
101
49163
108
49420
32
49769
116
49890
101
50162
110
50458
116
50590
97
50810
116
51281
105
51687
118
51887
111
52069
32
52296
100
52458
105
52613
32
52920
101
53163
109
53401
117
53628
108
53775
97
54029
114
54188
101
54891
32
55042
113
55878
117
56057
101
57008
8
57174
8
57596
8
59391
8
59649
8
59811
8
59974
8
60125
8
60279
8
60427
8
60582
8
60736
8
60899
8
61047
8
61193
8
61352
8
61488
8
61665
8
61832
8
61995
8
62179
8
62585
8
62961
8
63314
8
64139
8
65518
13
66407
116
66512
101
66873
110
67146
116
67262
101
67764
116
68101
105
68912
118
71073
8
71219
8
71370
8
71556
8
72491
97
72782
116
73131
105
73659
118
73795
111
73950
32
74253
100
74446
105
74578
32
75011
101
75200
109
75446
117
75715
108
75878
97
76182
114
76298
101
78797
32
79668
109
80337
111
80956
100
81214
117
81471
108
81702
105
82009
32
82385
112
82570
105
82752
117
83702
39
83910
32
84134
111
84700
102
84852
102
84855
114
85001
101
85350
110
85775
115
86197
105
86884
118
86970
105
91488
32
91939
115
92117
105
92317
32
92529
115
92718
111
93056
110
93298
111
93529
32
94518
114
94779
105
95010
108
95294
101
95640
118
95772
97
95904
116
96405
105
97732
32
98005
118
98122
97
98775
110
98915
105
99774
13
02494
0
06058
67
06386
101
06548
114
06803
99
06949
97
07100
114
07215
101
08057
32
09217
100
09379
105
09545
32
09708
105
09912
109
10109
105
10507
116
10613
97
10760
114
10941
101
11660
32
14178
108
14322
101
14503
32
14761
115
14954
113
15280
117
15937
97
16116
100
16323
114
16516
101
17101
32
17781
100
17898
105
18098
32
18352
99
18652
108
18909
117
19453
98
20510
32
20931
99
21101
104
21256
101
21407
32
21581
115
21743
116
21875
97
22152
110
22287
110
22496
111
22658
32
22996
102
23116
97
23355
99
23525
101
23847
110
24299
100
24461
111
24612
32
25049
109
25931
101
26193
103
26496
108
26719
105
26840
111
27463
13
27922
114
28100
105
28472
115
28680
117
28873
108
29168
116
29243
97
29459
32
29675
105
29891
110
30331
117
31122
116
31246
105
31469
108
31879
101
45322
32
45561
115
45731
101
45962
32
46452
110
46698
111
46910
110
47194
32
49713
99
49837
97
50292
109
50581
98
51117
105
51324
97
51487
32
51954
105
52154
108
53531
8
53728
8
55240
0
55699
0
55735
0
55771
0
55807
0
55843
0
55879
0
55915
0
55951
0
55987
0
56027
0
56058
0
57329
0
57751
105
57913
108
58175
32
58927
99
59021
116
59370
32
60703
0
61163
0
61198
0
61234
0
61271
0
61306
0
61342
0
61378
0
61414
0
61450
0
61486
0
63337
105
63519
108
63799
32
63966
115
64151
117
64325
111
64510
32
64730
97
64953
112
65089
112
65449
114
65947
111
66414
99
66568
99
66937
105
67286
111
68312
32
68497
97
68930
108
69275
32
69659
109
70152
97
70345
116
70843
99
70960
104
71876
32
75381
8
76590
44
81392
13
85182
105
85382
110
85701
116
85774
114
86190
111
86626
100
86918
117
87240
114
87391
114
87512
101
87693
32
88039
116
88131
114
88299
101
88469
32
88768
112
89038
117
89249
110
89576
116
89719
101
90597
32
90981
110
91265
111
91454
110
91978
32
92609
115
92787
101
93002
114
93264
118
93422
101
94499
32
94729
115
94903
101
95085
32
95560
110
95768
111
95938
110
96131
32
96438
116
96526
114
96671
97
96860
115
97198
109
97315
101
97542
116
97666
116
97844
101
98044
32
98435
97
98826
108
98966
108
99197
97
99553
32
99872
115
00141
113
00384
117
00519
97
00906
100
01069
114
01193
97
01637
32
02500
117
02674
110
03004
13
03418
97
03653
116
03785
116
03962
101
04555
103
04676
103
04990
105
05122
97
05468
109
05584
101
05697
110
05909
116
06065
111
06265
32
06442
112
06635
105
06798
117
07341
39
07911
32
08172
97
08567
103
08729
103
09128
114
09351
101
09841
115
09981
115
10151
105
10938
118
11032
111
11922
46
12182
32
12474
0
12582
67
12959
111
13198
109
13444
117
13694
110
14241
113
15096
117
15198
101
17089
32
17666
101
17882
39
18170
32
18530
105
19012
109
19259
112
19366
111
19774
114
19906
116
20129
97
20962
110
21292
116
21401
101
21895
32
22164
114
22361
105
22649
99
22834
111
23213
114
23837
100
24502
97
25471
114
25569
101
26554
13
27413
99
27830
104
27947
101
28147
32
28439
108
28567
101
28787
32
29091
97
29382
115
29545
115
29738
101
30285
110
30622
122
30899
101
31138
32
31643
100
31828
105
31975
32
32446
113
32631
117
32904
101
33086
115
33214
116
33593
111
33790
32
34002
109
34682
111
35065
109
35190
101
35314
110
35675
116
35837
111
36541
32
37464
115
37592
111
37835
110
38054
111
38354
32
38657
105
38842
109
39107
112
39196
111
39585
114
39701
116
39837
97
40129
110
40996
116
41120
105
47191
44
48023
32
48711
101
50198
32
50398
115
50565
101
50742
32
51164
97
51311
32
52303
113
52645
117
52857
101
53065
115
53166
116
53618
111
54485
13
54891
115
55046
105
55330
32
55496
97
55708
103
55825
103
56087
105
56202
117
56842
110
57316
103
57494
111
57717
110
57880
111
58838
32
59415
103
59601
114
59729
97
60108
118
60427
105
60612
32
60813
101
61128
114
61275
114
61475
111
62567
114
62676
105
63280
32
64600
99
64747
111
64905
109
65133
101
65284
32
65576
113
65905
117
66076
101
66352
108
66499
108
66669
111
66847
32
67463
100
67583
105
67765
32
68132
0
68362
78
68656
101
68993
115
69148
116
69280
97
70790
32
71032
116
71276
117
71537
116
71668
116
72059
111
72682
32
73446
115
73578
105
73702
32
74026
114
74202
105
74693
118
74923
101
75212
108
75439
97
75624
32
75901
112
76140
105
76336
117
76986
39
78479
8
78728
8
78986
8
80099
8
80360
13
80740
112
80952
105
81137
117
81608
39
81862
32
82131
100
82342
105
82627
102
82789
102
82986
105
83118
99
83318
105
83938
108
84020
101
85043
46
95495
32
95953
0
96229
78
96534
111
96788
110
97007
32
97345
99
97519
105
97704
32
97996
114
98158
101
98359
115
98491
116
98821
97
99002
32
99291
99
99426
104
99600
101
99804
32
00507
97
00661
115
01073
112
01292
101
01504
116
01640
116
01886
97
02075
114
02184
101
02411
32
02680
117
02904
110
03314
97
13107
8
13262
8
22153
8
22554
105
22698
108
22864
32
23335
114
23615
101
25476
8
25886
105
26057
101
26964
110
27256
116
27329
114
27676
111
28059
32
28192
100
28284
101
29030
105
30430
32
30768
13
31529
109
31709
105
32294
103
32457
108
32657
105
32804
111
32975
114
33137
105
35812
32
36317
101
37271
32
37441
115
37695
111
37831
112
38382
114
38559
97
38790
116
38938
116
39374
117
39746
116
39916
116
40128
111
40919
32
41394
108
41548
101
41722
32
41827
100
42036
105
42259
109
42448
105
42732
115
42895
115
43008
105
43132
111
43340
110
43491
105
44956
32
45423
100
45532
105
45751
32
46021
117
46510
110
46718
32
46988
99
47656
116
48234
32
48857
99
48981
104
49170
101
49352
32
49564
110
49761
111
50022
110
50207
32
50453
104
50582
97
50752
32
51159
112
51351
105
51593
117
52928
39
53464
13
53919
110
54082
101
54358
115
54521
115
54691
117
54892
110
55328
32
55620
112
55981
114
56101
111
56378
103
56502
101
56672
116
56804
116
57203
111
63094
32
63409
114
63514
97
63707
122
63904
105
64009
111
64309
110
64825
97
65345
108
65435
101
70474
46
71254
32
71998
0
72114
67
72445
111
72737
110
72918
32
73146
105
73308
108
73493
32
73914
0
74136
71
74282
97
75453
108
75585
108
75762
101
76021
115
76339
32
77156
99
77794
105
81688
8
82018
8
82933
100
83157
111
83647
118
83973
114
84061
101
84610
109
84788
111
85072
32
85288
97
85446
108
85632
109
85825
101
85949
110
86253
111
86677
32
87708
101
88354
115
88486
115
88702
101
88849
114
88964
101
91287
13
92093
100
92278
105
92871
103
93125
110
93131
32
94142
8
95058
105
95373
116
95474
111
97152
115
97276
105
99171
32
99307
115
99499
101
99685
32
00932
110
01239
111
01493
110
01755
32
02283
118
02864
111
03354
103
03490
108
03705
105
03898
97
04099
109
04269
111
04466
32
04758
102
04871
97
05041
114
05160
101
05868
32
06290
112
06589
101
06721
101
07432
8
07801
115
07932
115
08509
105
08824
109
08925
101
09088
32
09243
102
09451
105
10025
103
10282
105
11321
8
11989
117
12479
114
12562
101
13558
46
15875
32
19467
0
24532
8
25763
8
26893
32
27162
101
27598
32
27985
116
28319
111
28482
114
28865
110
28982
97
30149
114
30273
101
30607
32
30914
99
31192
111
31376
110
31565
32
31774
117
31951
110
32102
97
32265
32
32561
118
32830
105
33133
116
33269
116
33393
111
33571
114
34118
105
34227
97
35054
8
35189
8
35329
8
35468
8
35616
8
35755
8
35910
8
36034
8
36747
13
37736
118
38035
105
38388
116
38520
116
38698
111
39127
114
39541
105
39638
97
39938
46
