00022
0
00446
76
00817
97
01350
32
01577
115
01790
105
02006
115
02237
116
02328
101
02674
109
02863
97
03064
122
03231
105
03348
111
03602
110
03734
101
03908
32
04041
100
04203
101
04458
108
04586
108
05672
39
06301
32
07138
117
07432
102
07568
102
07791
105
07946
99
08200
105
08382
111
08629
32
09288
112
09714
114
09846
101
10589
118
10744
101
10891
100
11039
101
11285
32
11460
100
11619
117
11747
101
11963
32
12118
115
12304
99
12490
114
13019
105
14273
118
14374
97
14819
110
15276
105
15366
101
20110
44
20341
32
20672
117
20976
110
21135
97
21305
32
21655
100
21871
105
24837
115
25065
112
25170
111
25455
115
25695
116
25804
97
26053
32
26420
97
26536
100
26779
32
27011
101
28205
8
28521
8
29103
8
29621
8
30127
8
31101
13
31526
97
31647
100
31905
32
32125
101
32414
108
32535
108
32636
101
34269
32
34995
101
35898
32
36111
115
36307
105
36615
116
36916
117
37093
97
37245
116
37354
97
37753
32
38332
115
38541
111
38902
116
39049
116
39204
111
39372
32
39717
108
39853
97
40042
32
40255
102
40444
105
40756
110
40896
101
41166
115
41359
116
41406
114
41581
97
43789
44
43986
32
44271
108
44594
39
44886
97
45354
108
45818
116
45896
114
46099
97
57128
32
57794
101
57880
39
58157
32
58278
100
58498
105
59493
8
59846
8
60745
115
60976
105
61612
116
61890
117
62411
97
62818
116
62927
97
63437
32
63745
97
63984
108
64112
108
64489
39
67056
8
67218
8
67358
8
67734
8
68583
100
68704
97
68981
118
69167
97
69456
110
69943
116
70033
105
70658
13
70996
97
71197
108
71336
108
71472
97
71620
32
71905
112
71975
111
72391
114
72718
116
72854
97
73062
32
73198
100
73369
105
73669
32
73919
105
74158
110
74466
103
74724
114
74990
101
75481
115
75628
115
77394
111
77945
46
79749
32
80075
0
80209
83
80652
117
80884
32
81093
101
81530
110
82139
116
82216
114
82396
97
83146
109
83664
98
83788
101
83921
32
84221
108
84315
101
84523
32
84728
115
84864
99
85031
114
85556
105
85883
118
86043
97
86247
110
86505
105
86645
101
87040
32
87379
115
87518
111
87757
110
87974
111
88125
32
88322
112
88439
111
88877
115
89028
116
92860
101
94233
8
94627
105
95385
32
95872
100
96425
117
97098
101
97381
93
97384
13
00185
8
00515
8
01064
13
01684
109
01846
111
02063
110
02244
105
02869
116
02978
111
03450
114
14053
32
14207
101
14355
32
15151
100
15225
117
15446
101
15635
32
17210
108
17319
97
17486
109
17725
112
17971
97
18409
100
18530
101
19631
46
21171
32
21593
0
21785
76
22140
101
22326
32
23343
116
23956
111
24531
119
24667
101
24860
114
26500
8
26635
8
26783
8
26915
8
27898
111
28278
114
28426
114
28634
105
28934
32
29574
100
29682
101
29926
105
30127
32
30401
99
30865
111
31066
109
31263
112
31563
117
32061
116
32213
101
32334
114
32944
32
33502
115
33730
111
34412
110
34616
111
35374
32
38619
115
39179
117
41307
8
41503
8
41949
8
42908
44
43105
32
43382
117
43580
110
43731
97
43890
32
44053
115
44299
117
44584
32
45430
117
45703
110
45858
97
46716
32
46993
115
47167
99
47379
114
47813
105
48193
118
48345
97
48492
110
48663
105
48814
97
49825
8
49984
8
50139
8
50291
8
50442
8
50609
8
50972
8
51342
8
52004
8
52265
13
53023
115
53133
99
56031
114
56262
105
56699
118
56835
97
57116
110
57283
105
57407
97
58139
32
58290
101
58453
32
58757
108
59080
39
59334
97
59688
108
60153
116
60229
114
60382
97
61365
32
62611
112
62766
101
62936
114
63092
32
63396
116
63532
101
63694
114
63834
114
64138
97
64805
32
65177
115
65413
111
65911
116
66097
116
66275
111
66544
32
66761
108
67194
39
67479
97
69507
108
70238
116
70346
114
70801
111
70933
32
71256
116
71426
97
71593
99
72145
8
73208
111
74088
8
75181
118
75283
111
75469
108
75608
111
79929
46
81442
32
81711
0
81880
67
82297
105
82631
32
82794
115
82960
111
83222
110
83374
111
84002
32
84275
112
84383
111
84631
105
85237
13
86121
100
86424
117
86564
101
86731
32
87077
97
87217
114
87685
109
87855
97
88693
100
88806
105
91479
44
91703
32
92010
117
92246
110
92504
111
92732
32
93081
112
93328
105
93876
99
94016
99
94160
111
94361
108
94520
111
94965
32
95299
101
95474
32
95995
108
96223
39
97362
97
97494
108
97886
116
97971
114
98341
111
98496
32
98812
103
98993
114
99194
97
99441
110
99841
100
99956
101
03573
44
03827
32
04234
99
04576
104
04754
101
04913
32
05159
99
05373
111
05649
110
05961
116
06143
101
06431
110
07090
103
07360
111
07591
110
07777
111
10297
32
10517
100
10729
105
11076
118
11200
101
11336
114
11564
115
12428
105
12762
13
13810
116
13935
101
14171
115
15573
116
15968
105
23321
46
23652
32
23894
0
24056
73
24342
32
26779
116
26930
101
27146
115
27305
116
27880
105
28287
32
28846
115
29059
111
29371
110
29594
111
29783
32
30274
116
30529
105
31337
8
32521
117
32783
116
32923
116
33132
105
33405
32
34903
115
35676
112
35808
101
36235
99
36649
105
36797
97
37032
108
37248
105
37552
115
37692
116
38503
105
38635
99
38783
105
40659
8
41118
8
41152
8
41187
8
41222
8
41258
8
41293
8
41328
8
41363
8
41399
8
42339
99
42548
105
43024
102
43186
105
43570
99
43706
105
48760
44
49403
32
49997
101
50427
32
50543
114
50921
111
50926
105
51750
8
52057
8
53288
105
53668
103
53983
117
54577
97
54725
114
55544
100
55668
97
56126
110
56402
111
56969
32
57457
118
57592
97
57748
114
58269
105
62166
32
62398
97
62660
109
62990
98
63344
105
63873
116
64341
105
65007
13
65471
105
65714
110
66172
102
66479
111
66691
114
66938
109
67200
97
67446
116
67964
105
68505
99
68625
105
73629
46
76530
32
78470
0
79269
65
79487
108
79925
99
80107
117
80269
110
80493
105
80725
32
80933
112
81165
114
81442
111
82520
118
82653
101
82941
110
83123
103
83324
111
83536
110
83699
111
86456
32
86805
100
86942
97
87180
32
87374
99
87521
111
87806
110
88137
102
88273
101
88390
114
88545
101
88914
110
89386
122
89541
101
90604
44
91446
32
91792
97
92012
108
92426
116
92519
114
92946
105
93247
32
94199
115
94381
111
94624
110
94863
111
95102
32
00590
116
00775
101
01388
115
01528
116
02057
105
02990
13
03813
117
03968
116
04196
105
04473
108
04685
105
05153
122
05274
122
05441
97
05649
116
05995
105
06185
32
06393
97
06606
32
06791
102
06954
105
07170
110
07318
105
07641
32
08414
100
08680
105
08911
100
09230
97
09431
116
09548
116
09971
105
10241
99
10914
105
11421
32
11606
101
11776
100
11947
32
12133
97
12280
108
12664
116
12749
114
13116
105
13332
32
13598
97
13883
110
14152
99
14330
111
14730
114
14866
97
16177
32
16675
115
17025
111
17264
110
17499
111
17712
32
18611
112
19056
117
20153
98
20293
98
20570
108
20779
105
21316
99
21432
97
21637
122
21777
105
21902
111
22728
110
22906
105
23596
13
24411
99
24558
104
24759
101
24937
32
25268
118
25541
101
25796
110
26394
103
26854
111
27181
110
27435
111
27914
32
28172
117
28434
116
28567
105
28787
108
28965
105
29257
122
29428
122
29644
97
31108
116
31240
101
31963
32
33606
105
34857
8
36114
110
36311
101
36615
108
36770
108
37020
97
37492
32
37895
114
38169
105
38541
99
38651
101
38817
114
39320
99
39437
97
43078
46
50721
32
55014
0
55567
73
56786
8
57176
0
57948
79
58711
103
58836
110
59079
105
59337
32
60042
8
60212
8
60429
8
60622
8
60964
8
61462
0
61669
83
62097
117
62466
32
63552
111
64096
103
64372
109
64377
110
65531
8
65724
8
66497
110
66709
117
66921
110
67107
111
67415
32
67608
100
67727
101
67949
105
68089
32
68316
100
68586
117
68749
101
68923
32
69773
116
69916
97
70327
118
70734
111
70920
108
71167
105
73179
32
73373
99
73657
39
73858
101
75278
8
75439
8
75835
8
76394
13
77740
99
78318
39
78439
101
78590
39
79123
32
79396
117
79624
110
79832
32
80148
116
80269
101
80538
108
80648
101
81338
102
81664
111
81937
110
82146
111
87954
32
88147
99
88352
111
88976
110
89181
32
89363
115
89545
101
89936
103
90172
114
90338
101
90482
116
90603
101
90842
114
91318
105
91511
97
91715
32
92264
116
92384
101
92757
108
93187
101
93434
102
94055
111
94366
110
94529
105
94951
99
95083
97
99789
32
00384
100
00487
101
00701
108
00833
108
01021
101
01170
32
01539
112
01778
105
01963
117
02603
39
03098
32
03486
114
03595
101
03842
99
03932
101
04446
110
05158
116
05252
105
06232
46
06596
13
10375
0
11530
78
12568
101
12738
108
13023
32
13235
115
13482
117
13767
111
14098
32
14344
105
14587
110
15109
115
15291
105
15541
101
16632
8
18205
8
18360
8
18508
8
18648
8
18795
8
18939
8
19086
8
19230
8
19359
8
19518
8
19867
8
20251
8
21383
0
21620
67
22006
105
22306
32
22572
115
22727
111
22970
110
23163
111
23333
32
23553
105
23770
110
24211
115
24511
111
24785
109
24951
109
25523
8
25655
8
25795
8
25942
8
26090
8
26657
8
32961
100
33238
117
33446
101
33834
32
34558
103
38138
114
38324
97
38975
110
39260
100
39361
105
39616
32
39756
102
39888
105
40127
110
40282
101
40586
115
40741
116
40830
114
41024
101
42298
32
42522
99
42665
104
42847
101
42964
32
43211
108
43419
97
43632
115
43783
99
44083
105
44208
97
44413
110
44644
111
44868
32
45523
112
45704
97
46042
115
46133
115
46250
97
46451
114
46537
101
46811
32
47676
112
47842
97
48165
114
48255
101
48632
99
48768
99
48893
104
49101
105
49333
97
49816
32
50429
108
50645
105
51191
8
51505
117
52026
99
52158
101
53359
44
53872
13
55687
99
55854
104
56049
101
56056
119
57216
8
57561
32
57778
97
57975
32
58477
118
58643
111
58814
108
59141
116
59258
101
59466
32
59576
114
59800
105
60226
115
60526
117
60918
108
61393
116
61529
97
61715
32
62274
102
62441
97
62596
115
62988
116
63483
105
63928
100
64545
105
64749
111
65255
115
65349
97
67084
32
67834
112
68031
101
68162
114
68403
32
71618
8
71811
8
71962
8
72125
8
77055
115
77256
101
77453
32
78016
115
78351
105
78651
32
78940
117
79408
115
79524
97
79737
32
79999
105
80249
108
80454
32
80689
112
81608
46
81831
99
81967
46
