14904
0
15191
78
15502
111
15765
110
15966
32
16463
116
16650
114
16865
111
17341
118
17481
97
17723
110
17999
100
18461
111
18690
32
18967
100
19114
105
19356
32
19551
109
19737
101
20082
103
20614
108
20829
105
21017
111
21795
32
22216
104
22486
111
22721
32
22915
100
23103
101
23415
99
23608
105
23797
115
24149
111
24412
32
24855
100
25021
105
25627
32
25862
115
26146
99
26423
111
26590
112
26819
105
26965
97
27311
122
27463
122
27657
97
27921
114
28019
101
30246
32
31072
117
31314
110
31488
97
32287
32
32852
112
33033
97
33338
114
33518
116
33665
101
33880
32
34073
100
34241
101
34512
108
34637
108
34811
97
34965
32
35152
99
35333
105
35651
114
36360
99
36547
111
36742
108
36861
97
37166
114
37277
101
38695
32
39280
100
39461
101
39647
108
39885
32
40346
49
40843
54
41141
32
41556
102
41674
101
42150
98
42275
98
42532
114
43407
97
43697
105
43865
111
47596
32
50435
13
51329
50
51634
48
51752
48
52091
49
52306
32
55159
114
55285
101
55541
108
55708
97
55930
116
56248
105
56676
118
56822
97
57037
32
62589
97
62810
108
62950
108
63859
39
64109
0
64500
65
64858
73
65119
80
65731
65
67272
46
67720
13
68004
0
68203
73
69030
110
69202
32
69486
112
69633
97
69856
114
70029
116
70347
105
70761
99
71086
111
71273
108
71496
101
71710
114
72311
8
72457
8
73496
97
73683
114
73843
101
74087
32
74542
113
74750
117
74896
97
75146
110
75450
116
75644
111
75894
32
76068
115
76275
101
76511
103
77131
117
77271
101
81367
32
81718
0
82062
58
82339
32
82526
0
82781
67
83924
8
84495
0
87869
34
88757
0
88977
67
89277
111
89554
109
89707
101
89895
32
90364
101
90571
39
90842
32
91153
110
91367
111
91652
116
92018
111
93332
32
94743
108
95493
39
96505
97
96666
114
96859
116
98332
32
99056
51
99263
32
99437
100
99625
101
99757
108
00000
32
00407
100
00540
101
00755
99
01314
114
01481
101
01696
116
02296
111
03211
13
04140
108
04272
101
04769
103
05005
105
05226
115
05633
108
05779
97
06049
116
06388
105
06837
118
07216
111
08696
32
10819
49
11000
50
11263
32
11759
102
11891
101
12162
98
12287
98
12529
114
12696
97
12911
105
13106
111
14701
32
15232
49
15667
57
15800
57
16626
51
18373
32
19776
110
20115
46
20453
32
20860
51
21116
57
22650
44
22872
32
23293
104
23426
97
23552
32
23821
105
24069
110
24286
116
24453
114
24744
111
25398
100
25551
111
25904
116
26023
116
26328
111
27772
32
28124
105
28360
108
28575
32
29072
112
29232
114
29419
105
29738
110
30125
99
30333
105
30581
112
30789
111
31691
32
32366
115
32560
101
32857
99
33046
111
33412
110
33750
100
34179
111
34656
32
35728
105
35944
108
36160
32
36456
113
36665
117
36790
97
36963
108
37214
101
38157
32
38997
103
39177
108
39406
105
39662
32
39829
97
40148
116
40273
116
40550
105
40820
32
41055
97
41353
109
41486
109
41715
105
42019
110
42200
105
42600
115
42780
116
42961
114
43066
97
43240
116
43744
105
45842
118
46777
105
47528
13
49056
97
49311
100
49609
111
49913
116
50038
116
50240
97
50394
116
51735
105
52155
32
52576
100
52696
97
52828
32
53112
116
53588
117
53947
116
54095
116
54255
101
54489
32
55302
108
55455
101
55622
32
55912
112
56189
117
56582
98
56709
98
56951
108
57152
105
57450
99
58016
104
58189
101
58376
32
58632
97
58909
109
59049
109
59264
105
59472
110
59660
105
59916
115
60069
116
60291
114
60430
97
60741
122
60929
105
61110
111
61352
110
61560
105
64076
32
64415
115
64649
111
65036
110
65279
111
65541
32
65743
100
65903
105
66145
32
66629
110
66864
111
67106
114
67521
109
67640
97
68885
32
70219
112
71073
114
71198
101
71435
100
71616
105
71927
115
72924
112
73463
115
73636
116
74106
105
75962
8
76109
8
76261
8
76786
8
77831
112
78011
111
78268
115
78573
116
79220
105
79716
13
81690
116
81870
114
82036
97
82458
109
82666
105
83204
116
83337
101
84246
32
85305
105
85562
32
86258
115
86397
105
87086
115
87342
116
87475
101
87931
109
88139
105
88409
32
88715
105
88998
110
89405
102
89538
111
89705
114
90098
109
90265
97
90577
116
90861
105
91157
118
91469
105
92090
32
92526
97
92829
117
93112
116
93451
111
93728
109
93902
97
94145
116
94477
105
94809
122
94969
122
95205
97
95440
116
96006
105
97711
46
98943
13
00133
0
00586
76
01633
39
01910
97
02138
114
02380
116
03557
46
03773
32
03953
49
04237
53
05064
32
05829
100
05938
101
06477
108
06705
32
06866
99
07033
111
07323
109
07456
109
07595
97
07796
32
08122
50
09154
32
11051
104
11211
97
11364
32
11778
112
13395
111
13562
105
14746
32
15358
114
15518
105
15856
99
16112
111
16644
110
16934
111
17177
115
17399
99
17648
105
18228
116
18608
111
19943
32
21353
118
21499
97
21686
108
21909
105
22323
100
22628
105
22932
116
23298
97
23623
39
24257
32
24678
101
24852
32
25046
114
25248
105
25428
108
25547
101
25955
118
26093
97
26803
110
27404
122
27605
97
30355
32
30535
97
30722
32
31075
116
31551
117
32288
116
32406
116
32718
105
33840
13
34666
103
34846
108
35054
105
35297
32
35437
97
35700
116
35825
116
36110
105
36420
32
36663
100
36829
101
37923
108
38049
108
38216
97
38390
32
38915
112
39226
117
39605
98
39717
98
40001
108
40202
105
40582
99
40707
97
40881
32
41117
97
42452
109
42585
109
42815
105
43125
110
43319
105
43631
115
43790
116
43958
114
44097
97
44374
122
44912
105
45072
111
45335
110
45433
101
48849
32
49490
101
49657
32
50002
100
50121
97
50467
105
52838
32
54030
112
54189
114
54535
105
55334
118
55482
97
55695
116
56281
105
58083
32
58964
99
59344
111
59621
110
59815
32
60105
115
60299
116
60452
114
60737
117
61303
109
61469
101
61588
110
61871
116
62245
105
62934
32
64268
105
64490
110
64904
102
65091
111
65259
114
65906
109
66100
97
66268
116
66525
105
66869
99
67064
105
67402
32
67680
101
68678
13
69113
116
69252
101
69920
108
70060
101
70645
109
70778
97
71020
116
71289
105
71595
99
71824
105
74572
44
74767
32
74988
100
75183
101
75398
109
75546
97
75698
110
76168
100
76293
97
76626
110
76998
100
77219
111
78630
32
79093
97
79259
32
80120
115
80335
112
80488
101
80978
99
81186
105
81662
102
81829
105
82312
99
82472
105
82742
32
83039
114
83178
101
83372
103
83711
111
83892
108
84053
97
84384
109
84523
101
84663
110
84946
116
85257
105
89937
44
90137
32
90462
100
90616
97
90790
32
91018
101
91295
109
91420
101
91677
116
91823
116
91956
101
92103
114
92393
115
92855
105
93881
32
94185
97
94367
105
94615
32
94720
115
94931
101
95109
110
95482
115
95677
105
96599
32
97137
100
97311
101
97601
108
97741
108
98348
39
98632
97
98907
114
99164
116
99585
105
99958
99
00132
111
00285
108
00466
111
00825
32
02153
49
02253
55
03313
44
03555
32
03764
99
03924
111
04223
109
04348
109
04536
97
04736
32
05618
50
05990
44
07977
13
08563
100
08723
101
08889
108
09016
108
09196
97
09343
32
09696
103
10447
8
10943
108
11062
101
11421
103
11546
103
11658
101
14573
32
15440
52
15661
48
15794
48
16256
0
17042
47
18781
49
19210
57
19335
57
19811
56
21221
44
21408
32
22791
108
22971
97
23137
32
23332
100
23519
101
23823
102
24032
105
24337
110
24537
105
24972
122
25139
105
25307
111
25542
110
25695
101
26713
32
27210
100
27424
101
27626
105
28143
32
28730
99
28952
114
29277
105
30838
116
30957
101
31131
114
31469
105
32453
32
33046
101
33323
32
33702
100
33883
101
34106
108
34231
108
34391
101
34654
32
35447
109
35689
111
36040
100
36180
97
36381
108
36589
105
36921
116
37096
97
39543
97
39641
39
40337
8
40806
8
41618
13
43111
100
43271
105
43650
32
43859
97
44568
112
44694
112
44896
108
45110
105
45442
99
45595
97
45837
122
46018
105
46185
111
46482
110
46643
101
47296
32
47937
100
48111
101
48375
108
48506
108
48721
97
48881
32
49187
110
49422
111
49741
114
50264
109
50417
97
51861
46
52206
13
