38617
16
39118
16
39148
16
39178
16
39218
16
39248
16
39288
16
39318
16
39348
16
39388
16
39418
16
39448
16
39488
16
39518
16
39548
16
39588
16
39618
16
39658
16
39689
16
39719
16
39759
16
39789
16
39819
16
39859
16
39889
16
39929
16
39959
16
39989
16
40029
16
40059
16
40089
16
40129
16
40159
16
40189
16
40229
16
40259
16
40299
16
40329
16
40360
16
40400
16
40430
16
40460
16
40500
16
40530
16
40570
16
40600
16
40630
16
40670
16
40700
16
40730
16
40770
16
40800
16
40830
16
40870
16
40900
16
40940
16
40970
16
41000
16
41040
16
41071
16
41101
16
41141
16
41171
16
41211
16
41241
16
41271
16
41311
16
41341
16
41371
16
41411
16
41441
16
41471
16
41511
16
41541
16
41581
16
41611
16
41641
16
41681
16
41711
16
41741
16
41782
16
41812
16
41852
16
41882
16
41912
16
41952
16
41982
16
42012
16
42052
16
42082
16
42112
16
42152
16
42182
16
42222
16
42252
16
42282
16
42322
16
42352
16
42382
16
42422
16
42453
16
42483
16
42523
16
42553
16
42593
16
42623
16
42653
16
42693
16
42723
16
42753
16
42793
16
42823
16
42863
16
42893
16
42923
16
42963
16
42993
16
43023
16
43063
16
43093
16
43123
16
43164
16
43194
16
43234
16
43264
16
43294
16
43334
16
43364
16
43394
16
43434
16
43464
16
43504
16
43534
16
43564
16
43604
16
43634
16
43664
16
43704
16
43734
16
43764
16
43804
16
43835
16
43875
16
43905
16
43935
16
43975
16
44005
16
44035
16
44075
16
44105
16
44145
16
44175
16
44205
16
44245
16
44275
16
44305
16
44345
16
44375
16
44405
16
44445
16
44455
68
45437
79
46719
77
46809
69
46989
78
47179
73
47520
67
47670
65
47850
32
48661
83
48882
69
49052
82
49212
65
49453
32
50504
72
51425
79
51786
32
52227
65
52557
86
52898
85
53198
84
53639
79
53929
32
58395
76
58546
65
58666
32
59157
80
59337
79
59587
83
59747
83
59918
73
60308
66
60559
73
60779
76
60999
73
61620
84
61880
65
62201
222
62461
32
62692
68
62912
73
63142
32
63673
83
63863
80
64284
69
64554
82
64765
73
65015
77
65195
69
65285
78
65546
84
65686
65
65856
82
66036
69
67689
32
68800
85
69031
78
69261
32
70202
78
70423
85
70693
79
71334
86
71534
79
72596
32
73497
65
73637
71
73858
82
74408
73
75340
84
75770
85
76041
82
76501
73
76732
83
77293
77
77523
79
77914
32
82150
65
82390
32
82670
16
83171
16
83201
16
83221
80
83461
73
84082
86
84233
69
84403
82
84974
79
85364
78
85524
69
85685
32
86957
16
87227
57
87577
82
87748
73
88108
68
88258
69
88569
78
88789
84
88939
69
89120
32
89490
76
89650
79
89991
67
90111
65
90331
76
90712
73
91042
84
91273
65
92785
222
93035
32
94307
32
94748
83
95278
85
95609
76
95729
76
95929
69
96110
32
96420
65
96640
76
96971
84
97331
85
97582
82
97702
69
98313
32
99304
67
99464
72
99655
69
00796
32
01527
67
01728
79
01998
83
02188
84
02299
69
02659
71
02779
71
03050
73
03220
79
03610
65
03841
78
04071
79
04342
32
05073
187
05413
8
05934
8
06094
8
06254
8
06404
8
06555
8
08437
65
08918
78
09128
79
09389
32
10060
73
10260
76
10490
32
10801
76
11111
65
11512
71
11792
79
12033
32
12203
68
12373
73
12623
32
12804
16
12994
86
13274
73
13735
86
13855
69
14055
82
14466
79
14897
78
15027
69
17881
190
18742
13
22257
16
22758
16
22788
16
22818
16
22858
16
22888
16
22918
16
22958
16
22988
16
23028
16
23058
16
23088
16
23129
16
23159
16
23189
16
23229
16
23259
16
23299
16
23329
16
23359
16
23399
16
23429
16
23459
16
23499
16
23529
16
23559
16
23579
77
23850
69
24551
78
24861
85
25973
32
26974
67
27244
79
30990
78
31220
32
34455
65
34625
78
34925
84
35266
73
35687
80
35857
65
36127
83
36217
84
36548
73
36788
32
36978
67
37159
79
37389
83
37629
84
37960
73
38360
84
38771
85
38931
73
39252
84
39732
73
39983
32
40273
68
40413
65
41795
32
43328
16
43758
186
44019
32
47383
83
47544
65
47864
76
47954
65
48605
78
48825
73
49516
8
49657
8
50268
77
50458
73
50708
32
50939
68
51119
73
51339
32
51700
68
51920
85
52361
69
52501
32
52811
84
53042
73
53422
80
53622
73
55645
188
55936
32
57428
51
57608
32
57868
65
58179
83
58319
83
59060
65
59371
71
59491
71
59771
73
60052
32
60652
68
60823
73
61504
32
62075
84
62295
79
63006
77
63196
69
63406
32
64198
84
64578
73
64849
80
65359
73
65740
67
65930
72
66160
69
66571
32
67743
68
67893
73
68173
32
69265
80
69405
82
69565
79
69916
86
70026
69
70366
78
70547
73
71087
69
71388
78
72049
90
72179
65
72379
32
73170
86
73341
65
74092
76
74412
68
74593
79
74853
83
75033
84
75193
65
75644
78
75734
65
78268
188
79189
32
80661
83
80842
80
81132
69
82424
67
82604
75
83876
188
84116
32
84517
76
84677
65
85028
82
85388
68
85558
79
86970
188
87371
32
89123
67
89274
65
89434
82
90035
78
90155
69
90325
32
90586
67
90816
82
91076
85
91447
68
91567
65
97546
32
03674
67
03845
79
04225
78
04385
32
04646
76
04856
73
05247
77
05447
79
05717
78
05888
69
06629
190
08261
32
08561
16
08802
81
09212
85
09363
73
09723
78
10114
68
10254
73
10554
32
11405
85
11876
78
12056
32
12637
71
12828
73
13488
82
13639
79
14019
32
15361
68
15501
73
15762
32
16162
90
16733
85
17214
67
17564
72
18385
67
18896
8
19087
8
19637
67
20519
72
20739
73
21079
78
21230
69
21390
32
24354
83
24494
79
24905
84
25075
84
25285
79
26097
32
26467
65
26888
67
27048
69
27318
84
28009
79
29131
190
29762
13
30914
16
31184
80
31464
69
31675
82
31785
32
32065
73
32275
32
32536
80
32716
82
32936
73
33387
77
33587
73
33818
32
34178
69
34789
82
34959
65
35130
32
35540
80
35670
79
36011
83
36161
83
36331
73
36852
66
37072
73
38474
186
38585
69
39065
8
39215
8
39816
76
39946
69
40097
32
40337
83
40567
67
40758
69
41208
71
41589
76
41799
73
41919
69
42130
82
42200
69
42981
32
43391
70
43562
82
43712
65
43942
32
44223
67
44413
82
44553
69
44803
83
45104
80
45244
69
45635
76
45775
76
45915
69
46125
32
46366
65
46616
76
46736
76
46937
69
47117
32
47648
69
47858
82
48929
66
49080
69
50532
188
51193
32
51613
82
51814
73
52114
83
52525
79
52875
84
52995
84
53436
79
53716
32
53917
65
54077
76
54207
76
54377
65
54598
32
55539
84
55789
79
56310
77
56480
65
56671
32
58673
69
58884
68
59114
32
59304
65
59785
71
60346
78
60556
79
60776
76
60927
79
61427
84
61578
84
61758
73
62038
32
62869
67
63010
79
63350
78
63520
32
64151
83
64362
65
64562
76
64942
83
65183
65
65463
32
66224
68
66385
73
66635
32
69659
65
70110
82
70280
82
70460
79
70771
83
71001
84
71612
79
73385
190
74346
32
75007
16
75237
73
75498
78
75898
70
76098
73
76579
78
76709
69
78101
32
80625
68
80775
79
81747
76
82698
67
82808
69
83018
32
83349
65
83599
76
83719
76
83970
65
84150
32
85041
70
85212
82
85562
85
85913
84
86033
84
86213
65
86443
32
87435
79
88136
32
91731
70
91921
82
92081
65
92492
71
92883
79
93053
76
93193
69
93383
32
93714
67
94054
72
94645
8
95096
79
95456
78
95667
32
97339
74
97589
79
98070
71
98431
85
98761
84
04289
72
09937
32
16166
8
16747
8
16947
8
17117
8
17288
8
17458
8
17588
8
18950
71
19110
69
19431
76
19821
65
20402
84
20572
79
21784
32
22625
8
23797
190
26581
32
34122
16
34292
73
34543
76
34783
32
35023
84
35264
85
35664
84
35814
84
36125
79
36936
32
38058
67
38208
79
38658
78
38899
32
42404
86
42564
73
43075
78
43475
79
43726
32
43936
82
44116
79
44547
83
44717
83
44998
79
47141
13
47491
16
47792
57
49123
67
49354
82
49484
69
49734
68
51887
8
52058
8
52228
8
52408
8
57305
67
57636
82
57786
69
58026
68
58207
79
58447
32
58587
68
58767
69
58948
76
59088
76
59288
65
59408
32
60290
90
60490
79
60820
78
60981
65
61071
32
61381
68
61521
73
61762
32
61972
16
62172
67
62413
65
62573
82
62693
69
63154
77
63294
65
64085
16
64576
48
66609
190
71686
32
72036
16
72177
73
72417
76
72657
32
72928
84
73138
85
73358
85
73479
85
74159
8
74300
8
75171
84
75331
84
75501
79
75762
32
76082
80
76232
69
76443
82
76713
32
77614
49
78035
54
78366
32
78906
69
79217
85
79647
82
79808
79
80859
190
83112
13
