04073
16
04273
65
04844
78
05104
67
05295
72
05455
69
05625
32
05955
79
06326
71
06466
71
06877
73
07167
32
08970
76
09230
222
10081
32
10772
85
11183
71
11754
8
12144
70
12315
70
12595
73
13116
67
13286
73
13436
79
13677
32
13877
68
13977
69
14267
73
14498
32
14778
84
14898
69
15169
67
15479
78
15669
73
16010
67
16160
73
16400
32
16551
68
16741
69
16901
76
17112
32
18343
68
18524
73
18774
80
18944
65
19295
82
19455
84
19956
73
20216
77
20336
69
20496
78
20817
84
20987
79
21267
32
21568
72
21678
65
21838
32
22109
80
22289
82
22469
79
22960
86
23070
86
23280
69
23501
68
23791
85
24402
84
24542
79
26455
32
28718
65
31702
76
32303
32
32754
76
32924
65
33205
86
33535
79
33795
82
33956
79
34196
32
34356
68
34567
73
34787
32
35047
73
35308
78
35558
83
35708
84
35868
65
36269
76
36389
76
36559
65
36790
90
36930
73
37090
79
37331
78
37941
69
38182
32
38332
68
38542
69
39914
76
40225
32
40725
78
41046
85
41266
79
41767
86
41917
79
42148
32
42508
83
42688
69
42879
82
43239
86
43399
69
43529
82
43820
32
44100
68
44261
69
44541
76
44661
76
44861
65
44982
32
46073
68
46404
73
46684
68
46804
65
46974
84
47095
84
47535
73
47956
67
48286
65
48517
32
48757
67
48927
72
49057
69
49258
32
49548
83
49768
79
50129
83
50469
84
50900
73
51231
84
51491
85
51681
73
52142
82
52683
65
52853
222
53193
32
54165
32
54545
73
54806
76
55036
32
55627
16
56047
222
56909
86
57049
69
57319
67
57429
67
57700
72
57920
73
59202
79
59502
16
59763
222
60073
32
60794
83
61135
80
61365
69
61515
69
61726
68
62066
89
64239
190
65251
13
65601
16
65842
83
66172
73
66412
32
66833
84
66983
82
67123
65
67374
84
67484
84
67674
65
67895
32
69527
68
69637
73
69897
32
70188
85
70438
78
70648
32
71039
16
71179
83
71660
85
72371
78
73773
32
76156
50
76427
56
77088
48
78460
32
78890
16
79061
82
79742
32
80463
66
80733
73
81023
80
81364
82
81544
79
81915
67
82015
69
82325
83
82465
83
82686
79
83006
82
83126
69
85109
32
86511
16
86992
85
87383
76
87683
84
87853
82
88013
65
88644
16
88815
83
89125
80
89315
65
89506
82
90157
67
91268
51
92199
8
92890
32
93131
16
93351
73
93471
73
94022
73
94393
32
94883
65
95054
32
95735
57
96175
48
96285
48
96736
32
97757
16
98258
16
98288
16
98328
16
98358
16
98388
16
98428
16
98458
16
98499
16
98529
16
98559
16
98599
16
98629
16
98659
16
98689
77
99119
72
99460
90
01172
13
01643
67
01873
79
02604
78
02805
32
03155
50
03356
32
03766
68
03916
73
04187
83
04457
67
04647
72
04878
73
05128
32
05378
73
05609
78
05839
84
05999
69
06130
82
06810
78
07021
73
07311
32
07592
68
07752
65
07902
32
08613
55
08833
50
09074
32
09454
16
09955
16
09975
71
11297
66
14812
32
15393
69
15603
32
15793
67
15964
79
16404
78
16534
78
16755
69
17035
83
17185
83
17446
79
17756
32
18587
73
18878
78
19068
32
19619
70
19909
73
20440
66
20670
82
20861
65
21121
32
21462
79
21832
84
21932
84
22233
73
22593
67
22753
65
22964
32
24005
65
24236
68
24616
32
25017
85
25227
78
25407
65
25597
32
26379
85
26589
78
26789
73
27190
84
27430
65
28041
222
28291
32
28512
68
28702
73
28942
32
29113
83
29904
84
30254
79
30575
82
30735
65
30865
71
31065
69
31216
32
31566
69
31776
83
32037
84
32187
69
32337
82
33158
78
34861
65
35091
32
39598
16
39768
57
41500
16
41801
84
42362
51
43383
16
43583
48
46067
32
46478
68
46628
73
46888
32
47128
16
47299
83
47689
85
48000
78
48240
32
49472
68
49642
79
49943
84
50123
65
50263
84
50393
65
50874
32
51435
68
51615
73
51895
32
52767
57
53057
32
53387
68
53578
73
53758
83
54028
67
54229
72
54459
73
54880
32
55751
68
55901
65
56141
32
57573
51
57834
54
58485
32
58955
16
59216
71
60097
66
61359
190
63202
32
64984
16
65245
84
65535
65
65855
76
66026
69
66266
32
67328
80
67528
73
67698
65
68029
84
68139
84
68369
65
68920
70
69200
79
69561
82
70342
77
70472
65
70642
32
71854
67
72054
79
72345
78
73056
83
73246
69
73516
78
73777
84
74027
73
74588
82
74748
65
75830
222
76070
32
76381
73
77102
78
77332
79
77502
76
77833
84
77993
82
78133
69
78373
32
79094
73
79315
76
79525
32
79775
80
79946
65
80276
83
80426
83
81788
65
82329
71
82449
71
82730
73
82890
79
83220
32
86305
68
86745
65
86976
76
87086
76
87306
65
87466
32
87747
86
87877
69
88037
82
88268
83
88538
73
88698
79
90701
78
90841
69
91072
32
92914
50
93375
190
93756
54
93956
32
94497
68
94657
73
94957
32
95228
16
95428
83
95778
79
95939
76
96099
65
96319
82
96620
73
96880
83
97070
32
97711
65
98502
76
98623
76
98853
65
99053
32
99364
78
99594
85
99784
79
00185
86
00325
65
00515
32
01316
50
01627
190
02578
56
04291
32
05052
83
05212
73
05412
65
05663
32
06424
83
06604
85
06874
76
07105
32
07395
83
07655
69
07846
82
08717
86
08847
69
09017
82
09829
32
10149
67
10580
72
10750
69
11010
32
14525
83
14956
85
15176
73
15437
32
15717
67
15897
76
16078
73
16278
69
16578
78
16879
84
18241
32
18832
16
19022
73
19252
78
19543
84
19683
69
20103
76
20354
32
21095
67
21285
79
21555
83
21896
84
22256
73
22637
84
23178
85
23418
69
23679
78
23939
84
24219
73
24460
32
24730
73
24950
76
25161
32
25491
76
25671
65
26392
66
26663
79
27023
82
27174
65
27364
84
27845
79
28195
82
28515
73
28896
79
32441
190
35225
32
37799
16
38059
76
38390
69
38530
32
38800
80
39051
82
39251
69
39581
83
39762
84
39892
65
40473
90
40643
73
40803
79
41054
78
41224
73
41474
32
41684
68
41885
69
42045
76
42165
76
42446
65
42586
32
43137
77
43297
65
43667
67
43787
67
44028
72
44208
73
44468
65
44629
78
45199
65
46121
8
46271
8
46561
8
48374
78
48514
65
48684
32
49436
83
49626
69
49966
77
50627
66
50878
82
51038
65
51759
78
51989
79
52300
32
52850
68
53021
69
54142
67
54283
73
54673
83
54813
65
55034
77
55164
69
55294
78
55524
84
55675
69
55845
32
56065
83
56686
85
56966
80
57107
69
57317
82
57537
73
57677
79
58749
82
58909
73
62835
32
63195
83
63536
73
63756
65
63956
32
64327
73
64958
8
65108
8
65979
32
66270
73
66500
78
66660
32
66951
84
67131
69
67241
82
67682
77
67882
73
68122
78
68323
73
68573
32
69725
68
69875
73
70135
32
70426
86
70546
69
70876
76
71087
79
71497
67
71778
73
72148
84
72829
65
72999
222
73280
32
73540
67
74011
72
74141
69
74341
32
75513
68
75653
73
75904
32
76114
83
76224
80
76484
65
76815
90
77035
73
77175
79
77446
32
77866
68
78027
73
78177
83
78537
67
78738
79
79088
32
80140
67
80350
72
80550
69
80791
32
81131
80
81291
79
81612
84
81752
82
81932
69
82493
8
82603
65
83434
222
83665
32
83865
69
84155
83
84296
83
84626
69
84997
82
85177
69
85537
32
86429
70
86619
79
87430
82
88241
78
88442
73
88752
84
89083
79
89353
32
89683
65
90274
71
90545
76
90745
73
90995
32
91756
85
92227
84
92387
69
92818
78
93128
84
93509
73
94871
190
