78932
81
79052
85
79152
69
79192
83
79472
84
79663
65
79793
32
79973
77
80033
65
80233
84
80374
84
80464
73
80784
78
80894
65
81115
32
81335
77
81505
73
81645
32
82136
186
82236
32
82326
83
82477
85
82567
67
83819
67
83949
69
84199
83
84349
83
84419
65
84580
32
84770
85
84960
78
85070
65
85170
32
85301
67
85441
79
85551
83
85651
65
85711
32
85851
73
86072
78
86152
67
86382
82
86442
69
86623
68
86743
73
86903
66
86993
73
87203
76
87294
69
87514
16
87604
190
87754
32
88565
72
88756
79
88866
32
88966
67
89086
65
89206
77
89397
66
89517
73
89657
65
89827
84
89937
79
90017
32
90148
73
90238
32
90388
84
90508
73
90718
77
90889
73
91109
78
91299
71
91480
32
92080
8
92191
83
92311
32
92541
80
92661
69
92741
82
92862
32
93072
76
93192
219
93292
65
93502
67
93693
67
93883
69
94113
83
94244
83
94334
79
94404
32
94534
65
94644
76
94804
76
94925
65
95035
32
95205
77
95285
69
95415
77
95565
79
95696
82
95826
73
95956
65
96056
32
96176
83
96276
85
96497
76
96587
32
96747
77
96887
73
97098
79
97188
32
97418
80
97528
67
97668
32
97819
68
97899
69
98139
83
98359
75
98590
84
98720
79
98970
80
99030
32
99201
69
99371
32
99531
68
99641
79
99852
80
00012
79
00272
188
00362
32
00593
67
00673
79
00853
77
00943
69
01033
32
01143
80
01224
69
01284
82
01404
32
01584
73
01804
78
01905
67
02035
65
02155
78
02455
84
02596
79
02816
188
02916
32
02996
84
03136
85
03226
84
03367
84
03527
79
03587
32
03777
72
03907
65
04028
32
04138
83
04338
77
04558
69
04969
83
05109
83
05259
79
05420
32
05580
68
05770
73
05840
32
06091
70
06231
85
06451
78
06551
90
06671
73
06832
79
06992
78
07102
65
07322
82
07392
69
07563
190
07633
32
07863
72
08043
79
08164
32
08304
80
08374
82
08564
79
08734
86
08804
65
09085
84
09225
79
09315
32
09485
65
09966
32
10417
65
10577
76
10787
90
10948
65
11258
82
11358
69
11438
32
11619
78
11749
85
11989
79
12169
86
12239
65
12400
77
12540
69
12620
78
12770
84
12860
69
13051
32
13311
73
13431
32
14493
86
14573
65
14713
76
14903
79
15043
82
15164
73
15374
188
15464
32
15564
80
15724
79
15815
82
16005
84
16095
65
16375
78
16526
68
16686
79
16896
76
17086
73
17177
32
17307
65
17427
76
17537
32
17637
76
17837
73
17998
86
18088
69
18178
76
18318
76
18498
79
18569
32
18669
80
18769
82
18859
69
19089
67
19169
69
19420
68
19770
69
19991
78
20091
84
20191
69
20421
188
20501
32
20652
77
20762
65
20862
32
21042
78
21172
85
21453
76
21603
76
21743
65
21903
190
22023
32
22414
65
23656
76
23806
76
23996
79
24096
82
24207
65
24287
32
24607
83
24898
84
25058
79
25158
32
25298
79
25408
82
25519
65
25619
32
25739
80
25839
82
26069
79
26260
86
26350
65
26570
78
26700
68
26880
79
27001
32
27071
65
27381
32
28142
73
28373
78
28453
83
28653
84
28723
65
28853
76
28983
76
29084
65
29264
82
29354
69
29454
32
29634
78
29745
85
29995
79
30105
86
30195
65
30305
77
30426
69
30506
78
30636
84
30736
69
30806
32
31056
87
31207
73
31467
78
31627
68
31788
79
31918
87
32148
83
32358
32
32549
88
32779
80
33019
188
33099
32
33200
83
33310
80
33420
69
33560
82
33660
65
33820
78
33971
68
34211
79
34351
32
34381
67
34582
72
34692
69
34822
32
34892
81
35052
85
35062
69
35182
83
35373
84
35513
79
35583
32
35733
82
35943
73
36174
83
36364
79
36594
76
36785
86
36905
65
36995
32
37145
76
37255
65
37366
32
37466
67
37596
79
37696
83
37776
65
37896
16
38016
190
38167
32
38307
83
38487
80
39108
69
39298
82
39469
79
39559
32
39649
83
39729
79
39889
76
40069
79
40160
32
40240
68
40360
73
40861
32
41081
78
41241
79
41391
78
41481
32
41582
65
41722
86
41822
69
42012
82
42132
32
42273
70
42413
85
42833
83
43014
79
43094
32
43254
76
43354
65
43414
32
43605
77
43705
69
43825
77
43945
79
44085
82
44225
73
44356
65
44536
188
44626
32
44736
67
44886
72
46228
8
46389
8
46509
68
46579
65
47120
84
47290
79
47360
32
47460
67
47610
72
47700
69
47801
32
47941
83
48051
73
48121
32
48261
84
48351
82
48532
65
48762
84
48872
84
49944
65
50124
32
50384
68
50605
73
50685
32
51195
53
51446
49
51576
50
52167
16
52317
77
52497
66
52828
16
52938
49
53268
32
55532
65
55622
72
56002
188
56092
32
56363
79
56864
72
57024
72
57204
73
57274
32
57454
83
57675
84
57865
79
57935
32
58085
83
58165
67
58436
82
58606
73
58776
86
58897
69
59077
78
59197
68
59337
79
59447
32
59567
81
59728
85
59798
69
59878
83
60098
84
60198
79
60268
32
60409
68
60479
65
60599
76
60649
32
60839
77
60990
73
61190
79
61280
32
61420
80
61580
79
61741
82
61931
84
62061
65
62211
84
62341
73
62542
76
62642
69
62792
188
62872
32
62952
67
63093
72
63203
69
63313
32
63453
79
63583
86
63733
86
63854
73
63984
65
64104
77
64224
69
64314
78
64444
84
64525
69
64615
32
64765
72
64855
65
64955
32
65085
85
65286
78
65416
65
65536
32
65646
84
65756
65
65927
83
66167
84
66307
73
66457
69
66678
82
66798
65
66958
32
67068
68
67269
73
67459
86
67559
69
67749
82
67899
83
68050
65
68260
32
68430
68
68671
65
68871
76
68941
32
69091
68
69211
69
69582
83
69812
75
70023
84
70283
79
70523
80
70613
32
70774
69
70934
32
71104
65
71404
8
71485
68
71585
65
71815
76
71885
32
72045
67
72156
79
72356
77
72476
80
72656
85
72817
84
72887
69
73057
82
73187
32
73367
68
73457
69
73578
76
73718
76
73878
219
74098
85
74329
70
74459
70
74579
73
74719
67
74819
73
74970
79
75060
32
75200
73
75410
78
75510
32
75611
70
75971
8
76061
68
76171
73
76422
80
76562
65
76782
82
76972
84
77133
73
77353
77
77443
69
77563
78
77724
84
77834
79
78104
188
78174
32
78535
68
78715
85
78915
78
79055
81
79166
85
79286
69
79426
188
79526
32
79716
73
79947
76
80027
32
80237
77
80377
73
80568
79
80648
32
80798
77
80948
79
81098
68
81209
79
81309
32
81419
68
81549
73
81649
32
81769
83
81950
67
82190
82
82350
73
82581
86
82671
69
82881
82
82981
69
83071
32
83201
80
83392
79
83522
84
83602
82
83802
69
84033
66
84183
66
84363
69
84503
32
84603
67
84674
65
84824
77
85335
66
85475
73
85615
65
85775
82
85875
69
85955
32
86096
76
86176
69
86376
71
86526
71
86596
69
86757
82
86847
77
86987
69
87137
78
87267
84
87408
69
87588
32
87718
65
87818
32
87938
83
88088
69
88309
67
88389
79
88619
78
88699
68
88800
65
88890
32
89020
68
89160
69
89330
76
89430
32
89511
67
89631
79
89821
77
89971
80
90131
85
90232
84
90332
69
90492
82
90602
32
90742
85
90903
84
91003
73
91834
76
92054
73
92164
90
92305
90
92465
65
92815
84
92976
79
93326
190
93336
188
94037
8
94167
8
94828
190
94928
32
95159
83
95309
80
95389
69
95559
82
95699
79
95790
32
95880
67
96010
72
96150
69
96300
32
96440
81
96551
85
96621
69
96681
83
96901
84
96991
79
97081
32
97252
78
97372
79
97512
78
97602
32
97692
67
97792
79
98033
77
98193
80
98694
79
98874
82
99024
84
99184
73
99265
32
99425
80
99545
82
99695
79
00306
76
01668
8
01818
66
02599
76
02730
69
02910
77
03080
73
03170
32
03340
80
03340
79
03390
69
04172
8
04402
69
04913
8
05183
82
05333
32
05584
76
05784
219
05914
69
06285
83
06425
80
06545
69
06735
82
06875
73
07106
77
07226
69
07316
78
07476
84
07717
79
08137
190
08658
32
11162
16
11422
65
11592
32
11732
80
11823
82
11903
69
12123
83
12313
84
12474
79
12844
188
12934
32
13094
16
13245
77
13385
65
13856
82
14206
67
14326
79
14416
32
14667
16
14797
82
14857
69
15027
77
15137
79
15368
78
15518
68
15598
73
15808
78
15999
79
16329
190
