43147
16
43368
81
43648
85
43738
69
43798
83
44018
84
44129
79
44219
32
44329
80
44549
85
45080
192
45370
188
45451
32
45541
65
45651
68
45771
32
45891
85
46101
78
46182
65
46262
32
46352
80
46452
82
46572
73
46752
77
46813
65
46893
32
47023
73
47183
77
47313
80
47383
82
47443
69
47624
83
47774
83
47834
73
48004
79
48184
78
48265
69
48455
188
48545
32
48695
83
48785
69
48855
77
48996
80
49627
8
49727
66
49857
82
50037
65
50217
82
50288
69
50388
32
50578
80
50668
82
50738
69
50989
77
51079
65
51299
84
51429
85
51609
82
51790
79
52010
16
52100
190
52210
32
52340
73
52541
78
52631
32
52731
69
52891
70
53051
70
53122
69
53322
84
53472
84
53542
73
53622
32
53763
78
53873
79
54003
78
54083
32
54213
76
54423
79
54514
32
54694
186
55074
188
55175
32
55245
67
55335
79
55505
78
55605
83
55745
73
55856
68
55916
69
56116
82
56186
65
56366
78
56526
68
56707
79
56807
32
56947
76
57017
65
57157
32
57238
67
57348
79
57548
78
57688
78
57778
69
57979
84
58129
84
58479
73
58670
86
58800
73
58960
84
59310
222
59381
32
59511
69
59691
70
59821
70
60052
69
60252
84
60412
84
60532
73
60723
86
60853
65
61003
32
61103
68
61263
73
61353
32
61484
81
61594
85
61664
69
61734
83
62034
84
62255
65
62405
32
62505
83
62635
69
62826
82
62956
73
63036
69
63176
32
63286
68
63466
73
63466
32
64398
83
64458
67
64558
72
64668
69
64848
68
64919
69
65169
190
65439
32
65990
16
66511
16
66541
16
66571
16
66601
16
66641
16
66671
16
66701
16
66731
16
66771
16
66801
16
66831
16
66871
16
66901
16
66931
16
66961
16
67002
16
67032
16
67062
16
67092
16
67132
16
67162
16
67192
16
67232
16
67262
16
67292
16
67322
16
67362
16
67392
16
67422
16
67452
16
67492
16
67522
16
67552
16
67562
73
67833
78
67923
70
67993
65
68213
84
68303
84
68494
73
69265
188
69385
32
69555
83
69625
79
69816
78
69936
79
70016
32
70166
68
70256
73
70386
32
70497
83
70597
69
70877
82
70977
73
71238
69
71839
32
72039
66
72189
69
72359
78
72459
32
73020
52
73160
32
73281
80
73431
79
73521
82
73721
84
73801
69
73921
32
74062
16
74272
85
74392
83
74813
66
75454
32
75714
73
75924
78
76025
32
76085
83
76295
84
76375
65
76575
78
77066
68
77136
65
77437
82
77757
68
78087
32
78318
49
78548
190
78708
49
79079
188
79189
32
80180
52
80311
32
80551
73
80831
78
80922
32
81052
83
81352
84
81472
65
81833
78
82233
68
82304
65
82514
82
82744
68
82874
32
83045
50
83195
190
83475
48
84166
32
84857
69
85158
32
87110
68
87231
85
87351
69
87461
32
88713
16
89234
16
89264
16
89294
16
89334
16
89364
16
89394
16
89434
16
89464
16
89494
16
89524
16
89564
16
89594
16
89624
16
89654
16
89694
16
89724
16
89754
16
89794
16
89824
16
89854
16
89884
16
89925
16
89955
16
89965
73
90105
69
90295
69
90475
69
91006
49
91226
51
91847
57
92328
52
92528
32
92638
16
92769
70
92919
73
92999
82
93079
69
93620
87
93790
73
93990
82
94040
69
94171
190
00029
32
00269
16
00490
73
00680
78
00830
79
01020
76
01071
84
01191
82
01401
69
01561
188
01671
32
02092
84
02252
85
02322
84
02463
84
02603
65
02703
32
02833
76
02993
65
03164
32
03334
83
03464
69
03664
82
03895
73
04005
69
04165
32
04335
16
04485
77
04576
65
04866
88
05016
32
05186
80
05297
82
05367
69
05567
83
05647
69
05797
78
05948
84
06038
65
06218
188
06298
32
06378
68
06488
73
06578
32
06699
83
06789
69
06989
82
07149
73
07289
69
07510
188
07610
32
08201
85
08792
78
08862
65
08982
32
09102
83
09182
67
09272
72
09403
69
09643
68
09723
65
09853
32
09963
68
10083
73
10194
32
10324
82
10424
69
10624
84
10734
69
11315
32
11606
73
11816
78
11946
84
12036
69
12287
71
12357
82
12557
65
12757
84
13028
65
14510
188
14560
32
14810
69
14991
68
15051
32
15211
85
15401
78
15511
65
15601
32
15762
83
15812
67
15972
72
16052
69
16252
68
16312
65
16423
32
16563
83
16683
79
16873
78
16993
79
17174
82
17264
65
17364
32
17524
73
17714
78
17795
32
17895
71
17965
82
18155
65
18315
68
18476
79
18566
32
18756
68
18966
73
19106
32
20749
80
20929
79
21029
82
21220
84
21300
65
21550
82
21610
69
21740
188
21820
32
21971
73
22171
78
22241
32
22411
79
22622
85
22832
84
23212
80
23443
85
23603
84
23833
188
23933
32
24264
66
24474
69
24624
78
24725
32
25055
83
25175
69
25375
73
25466
32
25566
67
25636
65
25896
78
25996
65
26187
76
26377
73
26647
190
33016
32
33177
16
33327
77
33447
69
33547
78
33657
84
33727
82
33948
69
34078
32
34228
78
34308
69
34519
76
34669
76
34779
65
34949
32
35059
16
35240
65
35480
84
35931
55
36041
32
36261
69
36431
82
36582
79
36662
32
36822
82
36912
73
37092
77
37172
65
37343
83
37523
84
37603
79
37713
32
37853
85
38054
78
38154
32
38264
80
38354
79
38514
219
38635
32
38835
68
38955
69
39125
76
39596
85
39786
83
39896
79
39986
32
40487
68
40567
65
40898
76
41098
76
41399
219
41619
69
41819
83
42110
73
42430
71
42550
85
42740
73
42861
84
43281
222
43371
32
43482
68
43552
69
43742
71
43862
76
44062
73
44162
32
44543
83
44683
76
44864
79
45004
84
45184
32
45274
16
45464
80
45605
67
45765
73
46095
188
46205
32
47067
73
47267
78
47347
32
47457
81
47567
85
47637
69
47698
83
47898
84
47988
65
48108
32
48228
16
48429
73
48899
84
49280
55
49480
32
49961
80
50071
69
50131
82
50281
32
50442
16
50612
80
50782
69
50922
78
51052
84
51143
73
51343
85
51593
77
51693
32
52264
52
53666
32
54788
73
55038
76
55118
32
55278
78
55379
85
55579
77
55669
69
55769
82
55929
79
56030
32
56150
68
56280
73
56390
32
56580
84
56650
65
56811
76
57131
73
57281
32
57432
67
57492
79
57692
78
57812
78
57872
69
58042
84
58193
84
58323
79
58443
82
58573
73
58663
32
58934
186
59024
32
59104
83
59274
84
59354
65
59485
84
59635
79
59735
32
59835
65
59995
76
60145
90
60236
65
60466
84
60616
79
60676
32
60756
65
60857
32
61027
81
61207
85
61287
65
61537
84
61698
84
61748
82
61948
79
63480
188
63570
32
63681
68
63771
69
63971
67
64091
73
64171
83
64241
65
64362
77
64402
69
64562
78
64602
84
64672
69
64772
32
64912
83
65002
85
65193
70
65333
70
65413
73
65553
67
65633
73
65774
69
65904
78
65994
84
66064
69
66164
32
66284
80
66374
69
66445
82
66585
32
66755
73
66855
32
68708
8
68858
8
69158
76
69289
65
69399
32
69539
77
69579
65
69859
71
70000
71
70080
73
70240
79
70350
82
70430
32
70530
80
70631
65
70881
82
71201
84
71302
69
71552
32
71802
68
71902
69
72073
76
72223
76
72373
69
72483
32
72583
80
72744
69
72834
82
72994
83
73074
79
73344
78
73485
69
73655
190
81336
32
81596
16
81747
83
81907
79
82107
78
82227
79
82327
32
82748
73
82928
78
83088
86
83179
69
83499
67
83589
69
83699
32
83820
68
83900
73
84100
77
84230
73
84440
78
84571
85
84791
73
84941
84
85111
73
85222
32
85552
71
85642
76
85822
73
85933
32
86013
83
86363
76
86553
79
86744
84
89097
32
90129
80
90219
69
90269
82
90369
32
90830
76
90930
65
91020
32
91210
77
91541
69
91801
77
91931
79
92021
82
92182
73
92492
65
92692
32
92802
16
92973
68
93123
68
93343
82
93674
188
93794
32
93914
67
94034
72
94124
69
94204
32
94325
81
94405
85
94635
73
94735
32
94875
83
94966
79
95166
78
95286
79
95376
32
95476
83
95536
79
95727
76
95927
79
96017
32
96317
84
96398
82
96598
69
96778
188
96848
32
96898
67
97019
79
97179
78
97259
84
97329
82
97459
79
97639
32
98100
73
98200
32
98601
81
98751
85
98821
65
99051
84
99212
84
99282
82
99432
79
99492
32
99632
68
99702
69
99833
76
99973
76
00083
65
00213
32
00303
16
00483
65
00704
84
01134
55
01335
190
07363
32
07574
16
07744
67
07874
79
08084
77
08275
85
08445
78
08545
81
08675
85
08765
69
08976
32
09146
83
09186
73
09386
65
09577
188
09677
32
10678
76
10768
65
10888
32
11079
16
11299
73
11429
84
11850
55
11940
32
12080
83
12180
73
12290
32
12421
80
12561
82
12731
79
12981
80
13172
79
13392
78
13482
69
13602
32
13713
67
13793
79
13983
77
14083
69
14193
32
15074
85
15275
78
15355
32
15485
80
15585
82
15725
79
15936
68
16066
79
16186
84
16336
84
16497
79
16607
32
16997
68
17107
73
17208
32
17338
65
17518
76
17688
84
17858
65
18039
32
18329
71
18449
65
18610
77
18760
77
18850
65
19020
32
19501
78
19601
69
19791
76
19891
32
20002
83
20082
69
20302
84
20432
84
20542
79
20713
82
20803
69
21043
32
21183
16
21384
80
21984
52
22165
188
22245
32
22335
65
22455
78
22535
67
22645
72
22715
69
22826
32
22966
73
23156
78
23246
32
23356
86
23517
73
23647
82
23837
84
24949
191
25039
32
25149
68
25249
69
25359
76
25469
32
25570
67
25680
72
25810
73
26220
80
26461
83
26571
69
26821
84
26972
32
27122
77
27252
79
27442
78
27542
84
27653
65
27793
84
27933
79
28243
16
28354
190
28574
32
29525
73
30617
56
31108
52
31138
53
31488
16
31638
69
31889
188
32009
32
32079
67
32209
79
32890
78
32970
32
33100
83
33221
85
33461
80
33601
80
33791
79
33942
82
34122
84
34482
79
34613
32
35484
85
35694
70
35834
70
35894
73
36035
67
36105
73
36235
65
36365
76
36475
69
36595
32
37006
80
37096
69
37176
82
37306
32
38829
70
39309
8
39500
76
39580
65
39690
32
40000
70
40070
82
40321
69
40471
81
40621
85
40681
69
40852
78
40972
90
41072
65
41202
32
41312
68
41422
73
41522
32
41603
16
41753
66
41883
85
42133
83
42304
32
42454
68
42804
73
42914
32
43275
53
43565
51
43706
51
43916
16
44076
77
44286
72
44377
90
47080
188
47161
32
47601
68
47751
73
47792
32
47892
83
48002
69
48212
82
48372
73
48452
69
48623
32
49814
80
49895
69
49975
82
50055
32
50195
76
50315
69
50405
32
50606
85
50806
76
50896
84
51026
73
51216
77
51287
69
51387
32
51757
86
51827
69
51988
82
52078
83
52178
73
52328
79
52528
78
52598
69
52719
32
52889
68
53670
8
53820
8
54221
8
54451
73
54541
32
54691
68
54772
73
54862
32
54962
16
55142
80
55392
52
55503
32
55663
16
55783
78
55903
79
56043
82
56224
84
56434
72
56814
87
56955
79
57085
79
57275
68
57536
190
