64723
16
65176
76
65473
65
65755
32
65895
80
66114
79
66270
83
66426
83
67114
73
67270
66
67380
73
67567
76
67739
73
67864
84
68130
222
68208
32
68333
68
68473
73
68567
32
68708
85
68864
84
68958
73
69145
76
69301
73
69411
90
69567
90
69692
65
69848
82
69911
69
70005
32
70301
73
70661
76
70755
32
70895
80
71005
82
71161
79
71348
80
71489
82
71598
73
71786
79
71880
32
71942
67
72036
69
72161
76
72301
76
72489
85
72692
76
72770
65
73005
82
73067
69
73286
32
73567
66
73645
76
73864
85
73973
69
74176
84
74411
79
74551
79
74739
84
74911
72
74989
32
75161
80
75255
69
75317
82
75426
32
75583
67
75739
79
75989
78
76114
78
76223
69
76426
84
76567
84
76645
69
76801
82
76880
69
77020
32
77333
65
77551
68
77630
32
77739
73
77926
78
78020
84
78114
69
78255
82
78364
78
78458
69
78864
84
79098
188
79192
32
79270
83
79380
69
79536
78
79676
90
79770
65
79895
32
80020
67
80067
65
80317
86
80458
73
80723
188
80817
32
81020
73
81239
76
81317
32
81426
80
81536
82
81661
79
83098
8
83286
8
83442
8
84083
16
84426
80
84567
67
85520
188
85614
32
85864
186
85942
32
86114
83
86208
73
86348
67
86442
85
86583
82
86661
65
86755
77
86833
69
86942
78
87005
84
87083
69
87161
32
87583
85
87786
78
87880
32
87958
81
88067
85
88161
65
88286
76
88411
67
88505
79
88614
83
88676
65
88786
32
88880
68
88989
73
89051
32
89130
65
89270
76
89395
76
89473
69
89676
84
89817
84
89895
65
90098
78
90176
84
90270
69
90630
190
90723
32
90958
16
91301
84
91551
85
91676
84
91801
84
92020
65
92239
86
92426
73
92520
65
93020
188
93098
32
93708
67
93801
79
94005
78
94176
83
94395
73
94551
68
94630
69
94848
82
94911
65
95223
84
95411
69
95520
32
95630
67
95770
72
95864
69
95989
32
96223
73
96442
76
96520
32
96583
67
96692
79
96926
76
97051
76
97145
69
97364
71
97489
65
97692
77
97739
69
97880
78
97989
84
98208
79
98395
32
98676
65
98926
68
99098
32
99458
73
99645
78
99692
84
99786
69
99958
82
00051
78
00145
69
00301
84
00458
32
00630
84
00708
82
00895
65
01051
77
01208
73
01348
84
01442
69
01551
32
01708
67
01864
69
01989
76
02114
76
02317
85
02505
76
02583
65
02755
82
02817
69
02926
32
03161
186
03255
32
03348
65
03505
78
03598
67
03708
79
03833
82
03926
65
03989
32
04098
80
04286
73
04458
85
04567
84
04708
84
04833
79
04942
83
05161
84
05270
79
05380
32
05442
67
05551
79
05676
83
05895
84
06036
79
06301
83
06426
79
06536
32
06692
69
06942
32
07442
86
07520
65
07723
32
07942
85
08067
84
08145
73
08364
76
08583
73
08692
90
08833
90
08926
65
09458
84
09645
79
09926
188
10020
32
10083
65
10192
32
10301
77
10442
73
10661
79
10755
32
11036
65
11317
86
11458
86
11567
73
11661
83
11786
79
11989
188
12067
32
12176
83
12270
79
12489
76
12692
79
12786
32
12895
80
12973
69
13036
82
13130
32
13489
67
13598
72
13661
73
13801
65
13958
77
14067
65
14255
84
14333
69
14411
32
14536
68
14614
73
14692
32
14864
69
15020
77
15114
69
15301
82
15520
71
15598
69
15817
78
15942
90
16051
65
16176
32
16348
79
16473
32
16567
80
16645
69
16723
82
16880
32
17098
76
17192
69
17380
71
17551
71
17645
69
17833
82
17911
69
17989
32
18130
76
18192
65
18317
32
18426
80
18614
79
19036
83
19333
84
19536
65
20286
188
20364
32
20473
65
20645
84
20770
84
21489
73
21630
86
21755
73
21989
84
22270
222
22364
32
22520
80
22583
69
22645
82
22708
32
22880
67
22958
85
23145
73
23223
32
23348
85
23536
78
23614
65
23723
32
23786
67
23880
79
24051
78
24176
78
24239
69
24426
83
24536
83
24630
73
24801
79
24958
78
25005
69
25161
32
25223
65
25333
32
25458
82
25551
65
25801
71
25942
71
26067
73
26130
32
26286
73
26489
78
26583
70
26708
82
26911
65
27145
82
27333
79
27458
83
27583
83
27739
73
27817
32
28067
186
28145
32
28239
83
28380
80
28473
69
28676
83
28817
83
28942
79
29005
32
29239
80
29426
73
29817
191
29973
32
30098
67
30192
72
30286
69
30395
32
30505
83
30692
85
30958
70
31098
70
31161
73
31301
67
31395
73
31489
69
31630
78
31708
84
31786
69
32036
190
32270
32
32489
16
33005
16
33036
16
33067
16
33098
16
33114
68
33317
73
33411
83
33614
67
33786
79
33958
82
34161
83
34348
79
34426
32
34567
68
34739
73
34973
70
35333
8
35380
86
35473
69
35645
82
35755
83
35973
79
36083
32
36348
186
36426
32
36614
73
36833
78
36926
86
37005
69
37301
67
37380
69
37520
32
37645
81
37755
85
37848
69
38020
76
38176
76
38348
79
38442
32
38505
67
38630
72
38676
69
38817
32
38880
82
39020
73
39176
71
39301
85
39411
65
39583
82
39770
68
39848
65
39926
32
40051
65
40161
76
40286
84
40364
82
40551
69
40833
32
41145
80
41223
69
41333
82
41567
73
41817
70
41895
69
42083
82
42223
73
42380
67
42505
72
42583
69
42770
188
42848
32
42973
83
43161
69
43364
77
43473
80
43598
82
43676
69
44223
32
45301
80
45536
73
46192
191
46380
32
46567
73
46786
78
46880
32
47145
86
47317
79
47536
71
47676
65
49286
188
49395
32
49926
8
50442
8
50473
8
50505
8
50536
8
50567
8
50598
8
51067
8
51458
8
51614
8
51770
8
51926
8
52083
8
52598
77
52676
65
52880
71
53005
71
53098
73
53255
79
53348
82
53473
77
53551
65
53708
78
53770
69
54145
8
54286
8
54380
84
54458
69
55223
8
55739
8
55770
8
55801
8
55833
8
55864
8
55895
8
55926
8
55958
8
55989
8
56020
8
56067
8
56598
8
56770
8
56926
8
57083
8
57255
8
57395
8
62317
82
62380
69
62583
83
62676
69
62848
32
62958
68
63083
73
63223
83
63317
80
63505
79
63723
78
63801
73
63973
66
64051
73
64270
76
64458
73
64536
32
64723
85
64942
76
65051
84
65145
73
65348
77
65426
65
65630
78
65645
77
66208
8
66473
8
67145
77
67239
69
67348
78
67442
84
67520
69
67661
188
67755
32
67895
73
68098
78
68176
32
68255
83
68536
84
68630
65
68895
78
68989
68
69051
65
69255
82
69458
68
69567
32
69801
66
69926
76
70145
85
70239
69
70442
84
70583
79
70723
79
70864
84
71020
72
71317
16
71426
190
71551
32
71708
77
71848
73
71958
32
72067
82
72192
73
72364
70
72473
69
72614
82
72770
73
72911
83
72973
67
73130
79
73223
32
73333
80
73380
69
73458
82
73583
32
73676
69
73895
83
74036
69
74161
77
74270
80
74442
73
74614
79
74692
32
74786
65
74880
32
75005
83
75239
84
75317
65
75489
77
75630
80
75739
65
75911
78
76036
84
76176
73
76270
32
76380
69
76458
32
76614
83
76848
67
76926
65
77051
78
77208
78
77348
69
77551
82
77864
190
78286
32
78442
16
78958
16
78989
16
79020
16
79051
16
79083
16
79114
16
79145
16
79176
16
79192
83
79380
69
79880
32
80020
86
80161
79
80364
76
80442
69
80614
84
80708
69
80801
32
80911
76
81114
73
81270
66
81442
69
81692
82
81817
65
82020
82
82348
86
82473
73
82551
32
82676
68
82755
65
83036
73
83130
32
83911
84
83989
69
84192
82
84317
82
84458
73
84583
66
84692
73
84895
76
85083
73
85192
32
85442
70
85567
73
85786
78
85880
73
86380
8
86520
8
86801
76
86989
73
87239
188
87333
32
87551
80
87833
82
88020
79
88223
66
88348
65
88505
66
88583
73
88786
76
88942
77
89051
69
89130
78
89208
84
89301
69
89551
32
89708
73
89895
76
89973
32
90098
66
90176
76
90395
85
90489
69
90692
84
90958
79
91114
79
91270
84
91505
72
91583
32
91926
186
92036
32
92239
76
92348
65
92473
32
92583
83
92723
79
92911
76
93098
85
93520
90
93614
73
93770
79
93958
78
94036
69
94130
32
94239
77
94333
73
94489
71
94614
76
94786
73
94958
79
95051
82
95130
69
95301
188
95395
32
95676
69
95864
83
96005
83
96145
69
96348
78
96442
68
96567
79
96676
32
96880
79
97020
82
97161
77
97270
65
97426
73
97536
32
97723
73
98114
8
98364
85
98567
78
98880
79
99005
32
99130
83
99333
84
99426
65
99583
78
99708
68
99801
65
99989
82
00192
68
00317
32
00411
69
00505
32
00614
70
00786
85
01005
78
01130
90
01255
73
01411
79
01583
78
01661
65
01801
78
01926
68
02083
79
02176
32
02255
80
02442
73
02614
85
02739
84
02880
84
03005
79
03145
83
03348
84
03489
79
03551
32
03676
66
03848
69
04005
78
04098
69
04395
190
04505
32
04630
16
04786
65
04926
32
05036
81
05176
85
05223
69
05301
83
05505
84
05630
79
05864
32
06067
80
06239
82
06426
79
06614
80
06817
79
06958
83
07239
73
07426
84
07551
79
07817
188
07895
32
08364
73
08598
76
08692
32
08801
68
09442
79
10130
78
10255
71
10411
76
10505
69
10661
32
10770
68
10942
73
11020
32
11395
16
11645
66
11755
76
11989
85
12083
69
12473
84
12692
65
12848
75
12973
69
13067
32
13223
77
13380
73
13489
32
13614
80
13708
65
13880
82
13973
69
14098
32
14223
68
14317
65
14598
86
14739
86
14848
69
15020
82
15176
79
15270
32
15770
85
15958
78
16145
219
16458
79
16614
84
16739
84
16817
73
17020
77
17114
65
17223
32
17317
83
17380
79
17567
76
17770
85
17895
90
17973
73
18130
79
18333
78
18411
69
18598
188
18676
32
18801
69
19005
83
19145
83
19442
69
19598
78
19723
68
19848
79
19973
32
20083
80
20255
73
20442
67
20567
67
20676
79
20911
76
21130
73
21270
83
21411
83
21536
73
21786
77
21958
79
22192
32
22848
69
23051
32
23255
70
23333
65
23536
67
23661
73
23848
76
23942
69
24083
32
24208
68
24286
65
24395
32
24692
77
25051
79
25348
78
25442
84
25536
65
25786
82
25880
69
26958
32
27114
83
27208
85
27426
76
27505
32
27630
86
27755
79
27848
83
28051
84
28130
82
28270
79
28364
32
28505
16
28676
80
28723
67
28958
188
29051
32
29270
71
29348
82
29598
65
29801
90
29958
73
30192
69
30380
32
30473
65
30598
76
30723
76
30864
219
31098
85
31239
83
31473
79
31583
32
31645
68
31739
69
31880
76
32005
76
32083
65
32176
32
32270
80
32458
79
32598
82
32786
84
32895
65
33051
32
33176
16
33520
85
33676
83
33958
66
34255
190
