07289
67
07309
73
07419
65
07559
79
07680
32
08060
67
08160
79
08381
77
08611
69
08771
32
09082
83
09292
84
09492
65
09803
73
10113
16
10454
191
10584
32
11045
66
11155
69
11295
78
11365
69
12487
190
12627
190
12767
190
13068
78
13298
79
13508
78
13639
32
13969
83
14049
79
14209
32
14420
80
14490
69
14610
82
14810
67
14951
72
15091
69
15491
222
15632
32
15872
77
15992
65
16062
32
16393
79
16703
71
16883
71
17074
73
17154
32
17685
77
17905
73
18025
32
18135
83
18316
69
18716
78
18916
84
19047
79
19197
32
19357
85
19587
78
19838
79
19998
32
20218
90
20619
79
20879
77
21240
66
21310
73
21620
69
22161
190
22312
190
22442
190
22742
79
22912
32
23113
70
23193
80
23313
82
23483
83
23704
69
23814
32
23994
77
24224
73
24715
32
25306
83
25506
69
25707
78
25927
84
26047
79
26117
32
26368
83
26578
69
26678
77
27039
80
27229
82
27249
69
27399
32
27559
85
27830
78
28080
79
28100
80
28260
32
28471
8
28631
8
28831
32
29352
90
29622
79
29883
77
30213
66
30293
73
30514
69
30644
32
30794
73
30995
78
31125
32
31465
81
31535
85
31756
69
32176
83
32347
84
32407
79
32507
32
32647
80
32717
69
32837
82
33428
79
33779
73
34039
68
34109
79
35131
190
35231
190
35371
190
35722
68
35922
69
36603
86
36713
79
37424
32
37825
84
37885
82
38055
79
38275
80
38426
80
39357
79
39617
32
39778
65
39828
76
40048
76
40278
65
40409
32
40689
83
40839
67
40939
73
41120
69
41310
78
41410
90
41661
65
41741
32
41961
80
42131
32
42251
186
42352
65
42492
32
43223
8
43343
8
43503
8
43804
76
44054
65
44184
32
44435
83
44645
67
44735
73
44885
82
44905
69
45046
78
46037
90
46227
65
46328
32
46758
77
46948
73
46958
79
47059
32
47479
8
47549
8
47690
8
48371
73
48481
32
48631
68
48681
69
48881
86
48991
69
49292
32
49833
84
49893
82
50073
79
50364
80
50514
80
50704
79
51345
190
51495
190
51625
190
51756
83
51936
69
51996
78
52296
84
52377
73
52497
32
52687
77
52817
65
52927
32
53468
87
53548
85
53929
8
54079
8
54169
81
54289
85
54460
65
55021
8
55171
69
55431
83
55641
84
55782
65
55912
32
56312
68
56393
73
56543
83
56703
76
56893
69
57124
83
57274
83
57344
73
57444
65
57524
32
58295
68
58386
79
59117
86
59918
85
60178
84
60409
65
60479
32
60699
65
60879
32
61320
83
61660
84
61801
65
62001
78
62211
67
62352
69
62362
82
62392
72
63133
90
63373
8
63543
8
63694
8
64044
8
64605
72
64725
69
65056
90
65246
90
65446
65
65536
32
65727
78
65997
73
66017
79
66538
8
67109
8
67369
79
67649
78
67860
32
68491
69
68721
222
68811
32
69102
80
69222
65
69442
82
69642
84
69703
69
69863
32
70013
68
70023
69
70313
73
70454
32
70704
77
70894
73
71075
69
71175
73
71205
32
72006
8
72707
8
73518
73
73588
32
73859
78
74109
79
74359
82
74490
77
74540
65
74740
73
75351
8
75531
76
75701
73
75822
32
76423
82
76503
73
76633
84
76753
73
77054
8
77294
77
77504
73
77634
32
78215
68
78406
32
78676
83
78866
67
79097
82
79467
73
79768
84
79918
84
80008
85
80188
82
80399
65
80939
190
81080
190
81270
67
81400
79
81670
77
81801
69
81931
32
82311
86
82472
65
82632
32
82952
65
83113
32
83263
84
83403
79
83423
80
83563
82
84425
73
84915
8
85066
8
85186
8
85917
82
86047
73
86297
78
86388
79
86888
16
86978
191
97494
77
97644
65
97724
32
98005
75
98385
8
98976
76
99147
65
99227
32
99888
70
99958
65
00368
84
00459
69
00649
32
00859
81
01100
85
01200
69
01360
83
01570
84
02271
222
02482
65
02802
78
02942
78
03223
79
03363
32
03483
76
03583
65
03673
32
03864
83
03964
80
04134
69
04354
76
04435
76
05316
8
05466
8
05907
8
06077
76
06187
69
06428
78
06598
68
06738
73
07439
68
07509
65
07619
32
08130
70
08300
69
08501
83
08631
84
08761
65
08931
32
09212
68
09552
73
09672
32
10413
72
10504
65
10804
76
10934
76
11235
79
11405
87
11645
69
11866
69
12006
78
12146
32
12437
79
12717
32
12907
76
12987
65
13348
32
13779
70
13869
65
14109
67
14249
67
14349
73
14800
65
14950
77
15151
79
15291
32
15481
67
15551
79
15852
78
16012
83
16262
69
16703
71
16843
78
16903
65
17164
84
17284
65
17394
32
17504
76
17594
65
17744
32
17935
84
18005
69
18245
83
18365
73
18726
16
19197
191
19367
32
19657
73
19888
79
20008
32
20138
83
20208
79
20469
78
20689
79
20849
32
21019
78
21170
69
21340
69
21460
76
21710
8
21861
8
22031
76
22221
76
22351
69
22502
32
22632
80
22772
69
23042
82
23203
83
23503
8
23653
8
23784
83
23964
84
24134
69
24314
32
24805
67
25276
8
25847
80
25967
69
26017
82
26277
67
26458
72
26658
69
26988
222
27088
32
27339
77
27529
73
27639
32
27810
77
27930
65
28030
78
28270
67
28410
65
28541
32
28721
85
28941
78
29031
32
29422
83
29622
65
29803
67
29933
67
30023
79
30153
32
30403
68
30474
73
30574
32
30774
82
30894
79
31345
66
32106
65
32246
32
32497
65
32617
78
32757
67
32987
79
33348
82
33468
65
34049
190
34219
190
34309
190
34670
77
34750
65
34870
32
35161
68
35251
69
35491
86
35571
79
35711
32
35842
65
35962
78
36062
68
36212
65
36412
82
36463
69
36623
32
36733
65
37174
86
37314
65
37444
78
37594
84
37825
73
38536
32
39307
67
39777
8
39928
83
40629
84
40679
82
40789
73
41089
78
41240
71
41430
69
41570
78
41831
68
41971
79
42141
32
42522
73
42762
32
43263
68
43353
69
43543
78
43743
84
43944
73
44394
190
44555
190
44685
190
45917
86
46007
79
46197
73
46337
32
46608
67
46708
79
46938
77
47038
69
47149
32
47349
65
47449
78
47599
68
47669
65
47930
84
47960
69
48250
16
48340
191
48491
32
48801
78
49021
79
49272
78
49382
32
49492
83
49592
79
49742
32
50013
79
50333
8
50463
67
50594
79
50864
83
50884
68
51335
8
51575
65
51986
32
52186
83
52497
67
52737
82
53117
73
53218
86
53318
69
53518
82
53598
69
53718
32
53989
77
54139
65
54289
32
54850
84
54950
65
55090
78
55231
84
55421
79
55581
32
55781
80
55862
69
56162
78
56392
83
56563
79
56913
32
57153
67
57544
72
57774
69
57995
32
58465
78
58596
69
59507
83
59657
83
59918
85
60539
78
60799
79
61019
32
61149
76
61280
65
61410
32
61570
76
61700
65
62311
71
62562
71
62672
69
63363
82
63413
69
63994
8
64114
65
64394
222
64515
32
64775
77
64935
65
65556
73
66297
190
66497
190
66588
190
66738
83
67189
8
67459
73
67669
76
67809
32
67970
70
68040
65
68220
84
68340
84
68440
79
68511
32
68711
67
69873
8
70313
69
70393
222
70503
32
70754
67
71936
72
72106
69
72366
32
72506
78
72777
79
73017
78
73117
32
73278
83
73648
84
73778
79
73899
32
74379
68
74520
73
74830
71
74890
73
75090
84
75231
65
75371
78
75521
68
75801
79
75952
32
76082
67
76202
79
76422
77
76523
69
76653
32
77103
83
77284
69
77394
77
77684
80
77784
82
77844
69
78205
190
78345
190
78515
190
79227
68
79407
73
79517
32
79737
83
79837
79
80038
76
80238
73
80418
84
80508
79
80679
32
80969
83
81069
79
81260
78
81470
79
81600
32
82051
16
82291
187
82411
32
83002
66
83162
82
83263
65
83403
78
84134
8
84364
86
84655
79
85165
32
85326
16
85676
57
86387
67
86608
82
86728
69
86868
68
87008
79
87359
16
87619
48
87930
32
88270
79
88530
80
88671
80
89091
85
89262
82
89332
69
89452
32
89622
83
89702
79
89953
78
90203
79
90373
32
90453
65
90734
66
90824
73
91024
85
91184
84
91275
65
91455
84
91755
79
91926
32
92907
65
93087
32
93288
83
93428
67
93899
82
94580
73
94760
86
94820
69
95200
82
95261
69
95411
32
95531
73
95791
78
95871
32
96212
73
97143
78
97344
70
97694
8
97764
71
97834
76
97965
69
98185
83
98445
69
98926
190
99126
190
99317
190
99677
65
00408
73
00739
85
00939
84
01240
79
01470
32
01720
83
01921
84
02071
65
02201
32
02852
70
02912
73
03132
78
03202
69
03323
68
03433
78
04164
79
04404
32
04915
76
05085
79
05195
32
05326
83
05486
80
05606
65
05826
90
05917
73
06147
79
06247
32
06367
65
06477
32
07269
68
07329
73
07479
83
07619
80
07809
79
07940
83
08040
73
08290
90
08350
73
08550
79
08731
78
08851
69
09272
32
09602
78
09872
79
10123
78
10213
32
10804
69
11485
222
11575
32
11755
67
11895
72
12046
69
12186
32
13368
69
13959
222
14029
32
14299
85
14519
78
14760
79
14900
32
15120
83
15601
67
15751
72
15871
69
16242
82
16442
90
16623
79
16783
32
16883
65
17304
8
17454
69
17534
32
17684
76
17804
65
18095
32
18455
66
18545
65
18736
82
18886
82
18996
65
19116
32
19697
78
19998
79
20228
78
20298
32
20809
70
20889
73
21069
78
21290
73
21420
83
21640
67
21680
69
21850
32
22251
65
22642
8
22862
77
22972
65
23102
73
23403
16
23653
191
23773
32
23964
67
24284
79
24434
83
24574
73
25235
222
25376
32
25546
86
25686
65
25856
68
25997
79
26067
32
26197
65
27449
86
27539
65
27729
66
27739
78
28500
8
28691
8
29492
78
30073
84
30393
73
30573
32
30924
90
31405
8
31966
65
32076
32
32216
83
32446
67
32757
82
32827
73
32977
86
33057
69
33237
82
33278
69
33518
32
34009
73
34219
78
34329
32
34509
84
34539
69
34900
8
35040
8
35160
69
35641
84
35681
69
35841
82
35972
78
36342
73
36362
79
36793
8
37013
8
37714
79
38085
190
38255
190
38365
190
38946
66
39126
65
39407
83
39627
82
39767
84
39787
65
40118
8
40268
8
40448
8
40639
8
40769
84
41320
8
41520
68
41540
83
41981
8
42161
8
42321
83
42491
84
42622
65
43343
190
43463
190
43603
190
44164
83
44374
69
44554
78
44825
84
45045
73
45275
32
45556
71
45676
85
45886
78
45977
69
46207
84
46307
32
46728
69
46928
32
47559
84
47669
85
47749
32
48000
67
48080
79
48310
77
48410
69
48520
32
48671
84
48771
69
48921
32
49111
76
49291
65
49452
32
49692
80
49862
83
50213
8
50333
65
50473
83
50674
83
50734
73
51365
16
51595
191
51765
32
52276
83
52616
8
52757
69
52947
83
53147
67
53338
73
53588
32
54239
87
54609
8
54740
81
54860
85
55020
65
55170
76
55371
67
55501
72
55631
69
55781
32
56382
86
56422
79
56612
76
56683
84
56813
65
56883
32
57003
76
57123
65
57233
32
57424
83
57674
69
57824
84
58145
65
58345
8
58505
8
58666
82
58756
65
59046
32
59256
79
59467
32
59877
84
59927
73
60028
32
60188
65
60458
68
60588
68
60659
79
60799
82
60949
77
61059
69
61189
78
61309
84
61610
73
61660
32
62011
83
