62301
85
62551
66
63002
73
63142
84
63252
79
63393
32
64014
83
64124
85
64374
76
64484
32
64634
68
64725
73
64855
86
65095
65
65185
78
65506
79
65826
16
66918
191
76953
67
77123
72
77273
69
77414
32
77804
65
78015
78
78365
8
78665
76
78916
84
78976
82
79126
79
79266
32
79477
68
79527
69
79727
86
79847
69
80268
8
80418
79
80558
32
80939
83
81149
67
81380
82
81480
73
81630
86
81690
69
81860
82
81940
69
82351
190
82441
190
82571
190
83312
85
83513
78
83593
32
83863
80
84024
79
84374
222
84474
32
84755
84
84835
79
84985
82
85095
73
85315
78
85536
79
85656
32
85846
77
86067
73
86157
32
86327
77
86437
65
86587
78
86778
67
86868
65
87569
77
87749
32
88080
8
88640
8
88861
32
89011
65
89161
78
89522
67
89672
72
89752
69
89882
32
90183
83
90553
69
90744
32
90924
78
91204
79
91455
78
91535
32
91935
83
92346
73
92546
32
92646
83
92807
84
92957
65
93107
32
93267
77
93388
65
93658
76
93838
69
94018
32
94439
81
94569
85
94800
73
94890
32
95020
73
95230
78
95340
32
95851
66
95921
73
96162
66
96572
8
96773
67
96983
79
97353
67
98004
190
98135
190
98305
190
98565
80
98716
69
98766
82
99096
79
99417
222
99537
32
99747
76
00058
222
00168
65
00468
84
00538
79
00779
77
01029
83
01289
70
01410
69
01510
82
01560
69
02030
8
02191
65
02411
32
02812
84
02892
79
03022
82
03102
73
03322
78
03543
69
03703
83
03863
69
03953
32
04064
69
04164
82
04364
65
04484
32
04965
85
05175
78
05365
73
05486
67
05696
65
06357
190
06507
190
06637
190
07238
83
07429
69
07529
78
07689
84
07859
73
08180
32
08660
77
08801
65
08941
32
09141
67
09241
79
09962
83
10113
65
10363
32
10643
78
10834
69
10914
32
11264
71
11395
85
11605
65
11785
68
11885
65
12166
71
12356
32
12857
8
13528
78
13628
65
13758
32
14089
76
14199
65
14920
32
15060
83
15280
67
15581
73
15721
69
15911
78
16031
90
16252
65
16352
32
16672
68
16743
69
17323
8
17414
65
17684
32
18085
8
18255
73
18395
32
18986
84
19106
85
19366
79
19567
73
19657
32
19797
83
20027
69
20408
8
20568
8
20718
69
20939
83
21269
80
21800
82
21880
73
22131
77
22241
69
22361
78
22431
84
22621
73
23262
16
23663
191
24104
32
25716
67
25876
79
26046
83
26197
65
26407
32
26778
83
26878
85
27218
67
27388
67
27529
69
27759
68
27789
69
27999
82
28049
69
28500
8
29151
65
29321
222
30413
190
30613
190
30743
190
32085
70
32136
73
32366
78
32566
73
32726
82
32897
65
33027
222
33147
32
33337
75
33357
76
33458
65
33708
8
33868
8
34259
8
34840
76
35110
65
35300
32
35400
70
35501
65
35711
77
35871
69
36031
32
36252
68
36382
68
36632
8
36893
78
37253
8
37353
8
37594
78
37764
69
37904
76
38105
32
38305
77
38515
79
38776
78
38866
68
39036
79
39226
32
39437
79
39687
80
39827
80
40047
85
40228
82
40248
69
40348
32
40668
76
41349
222
42221
73
42521
84
43032
8
43783
82
43913
65
43943
20
44975
81
45395
8
45636
20
46157
81
46267
32
46647
78
46858
79
47088
78
47188
32
47418
86
47489
69
47699
82
47839
82
47959
65
48220
222
48340
32
49081
66
49131
79
49812
77
50423
66
50623
65
50904
82
51334
83
51515
65
51865
8
52015
8
52596
68
52676
65
52947
84
53017
79
53187
32
53277
68
53347
65
53458
32
53848
66
53998
85
54189
83
54419
72
54539
32
54779
79
55230
80
55400
80
55651
85
55901
82
55941
69
56292
32
56492
78
56742
79
56993
78
57113
32
57203
83
57393
79
61770
190
61920
190
62040
190
63673
65
63993
76
64214
76
64504
79
64664
82
64774
65
65125
32
65806
66
65876
65
66136
82
66257
82
66347
65
66537
32
67769
86
67869
85
68160
79
68360
73
68540
32
68951
83
69381
77
69562
69
69952
84
70122
84
70253
69
70423
82
70523
69
70743
32
70974
68
71094
73
71174
32
71414
83
71605
67
71735
79
71925
82
72115
82
72145
69
72476
82
72546
69
72937
16
73127
191
73267
32
73738
81
73888
85
74028
69
74339
83
74479
84
74649
79
74779
32
75320
69
75491
222
75581
32
75891
85
76081
78
76162
32
76452
66
76592
65
76812
82
78154
66
78245
65
78565
84
78625
82
78795
85
79056
67
79206
67
79266
79
79416
32
79567
68
79597
69
79787
76
79937
32
80518
71
80618
85
80839
78
80919
69
81079
84
81550
84
81860
73
87468
190
87639
190
87749
190
88019
83
88190
69
88280
78
88520
84
88630
73
88650
79
88810
32
89131
8
89251
8
89512
32
89822
77
89992
65
90112
32
91024
75
91214
69
91545
86
91625
73
91835
78
91945
32
92095
83
93157
80
93477
65
93698
67
93778
69
94449
89
94579
32
94709
67
94809
79
95030
77
95100
69
95871
32
96121
83
96392
84
96532
65
96873
191
97113
32
99547
8
99697
8
99937
16
00548
191
00658
32
01009
78
01229
79
01469
78
01540
32
01860
72
01910
79
02020
32
02391
16
02561
187
02641
32
02982
86
03122
79
03583
8
04073
83
04424
8
04614
73
04724
83
04905
84
05736
79
05816
32
05976
83
06096
85
06377
73
07198
8
07308
79
07569
73
07759
32
08360
70
08420
73
08800
76
09041
77
09301
32
13397
13
14339
13
14499
13
14669
13
14809
13
14960
13
15080
13
16181
13
16222
13
16272
13
16312
13
16352
13
16392
13
16432
13
16632
13
16732
13
16772
13
16812
13
16852
13
16893
13
16933
13
16973
13
17003
13
17053
13
17093
13
17133
13
17173
13
17413
13
17453
13
17493
13
17533
13
17584
13
17624
13
17664
13
17704
13
17754
13
17794
13
17834
13
17874
13
18114
13
18154
13
18194
13
18235
13
18275
13
18315
13
18355
13
18405
13
18445
13
18485
13
18525
13
18565
13
18815
13
18865
13
18906
13
18946
13
18986
13
19026
13
19066
13
19106
13
19146
13
19186
13
19226
13
19266
13
19306
13
19546
13
19597
13
19637
13
19677
13
19717
13
19757
13
19797
13
19847
13
19887
13
19927
13
19967
13
20007
13
20047
13
20298
13
20338
13
20378
13
20418
13
20458
13
20498
13
20538
13
20578
13
20638
13
20678
13
20718
13
20758
13
20999
13
21039
13
21089
13
21129
13
21169
13
21209
13
21249
13
21289
13
21329
13
21369
13
21409
13
21459
13
21499
13
21750
13
21790
13
21840
13
21880
13
21920
13
21960
13
22000
13
22040
13
22080
13
22120
13
22160
13
22210
13
22451
13
22491
13
22531
13
22571
13
22611
13
22661
13
22711
13
22751
13
22791
13
22831
13
22871
13
22912
13
22962
13
23202
13
23242
13
23292
13
23332
13
23372
13
23412
13
23452
13
23492
13
23542
13
23583
13
23623
13
23663
13
23703
13
23963
13
24003
13
24043
13
24083
13
24123
13
24163
13
24213
13
24254
13
24294
13
24334
13
24374
13
24424
13
24664
13
24704
13
24764
13
24804
13
24844
13
24884
13
24925
13
24975
13
25015
13
25055
13
25095
13
25135
13
25185
13
25225
13
25265
13
25305
13
25345
13
25395
13
25435
13
25475
13
25515
13
25555
13
25606
13
25646
13
25686
13
25736
13
25776
13
25826
13
25866
13
25906
13
25946
13
25986
13
26036
13
26076
13
26116
13
26156
13
26206
13
26247
13
26287
13
26327
13
26377
13
26417
13
26457
13
26497
13
26547
13
26587
13
26627
13
26667
13
26717
13
26767
13
26807
13
26847
13
26887
13
26938
13
26978
13
27018
13
27068
13
27108
13
27148
13
27188
13
27238
13
27278
13
27318
13
27358
13
27408
13
27448
13
27488
13
27538
13
27579
13
27619
13
27669
13
27709
13
27759
13
27799
13
27849
13
27889
13
27929
13
27979
13
28019
13
28059
13
28099
13
28149
13
28189
13
28229
13
28480
13
28520
13
28570
13
28610
13
28650
13
28700
13
28750
13
28790
13
28840
13
28880
13
28921
13
29171
13
29221
13
29261
13
29301
13
29351
13
29391
13
29441
13
29572
13
29762
13
29902
13
30052
13
30192
13
30343
13
31164
38
31635
40
32065
13
32556
65
32836
13
33227
65
33417
13
33608
13
33788
13
34889
13
34930
13
34980
13
35030
13
35070
13
35120
13
35220
13
35270
13
35310
13
35360
13
35400
13
35440
13
35490
13
35530
13
35570
13
35621
13
35661
13
35861
13
35951
13
36001
13
36051
13
36091
13
36141
13
36181
13
36221
13
36272
13
36312
13
36352
13
36402
13
36442
13
36492
13
36532
13
36582
13
36622
13
36662
13
36702
13
36752
13
36792
13
36842
13
36882
13
36933
13
36973
13
37033
13
37073
13
37123
13
37163
13
37203
13
37253
13
37293
13
37333
13
37383
13
37433
13
37473
13
37523
13
37563
13
37604
13
38214
69
38395
222
38525
32
38725
68
38785
65
39026
86
39196
86
39356
69
39386
82
39466
82
40147
8
40378
79
40468
32
40818
85
41139
78
41309
79
41429
32
41539
83
41710
67
41840
72
41920
69
42671
82
42901
90
43112
79
43873
190
44083
190
44203
190
44764
80
44985
65
45095
32
45315
8
45465
8
46016
8
46747
76
46867
65
46917
32
47308
66
47378
65
47649
82
47799
82
47939
65
48079
32
48480
78
48760
79
48991
78
49081
32
49772
70
49822
73
50052
78
50242
73
50373
83
50573
67
50653
69
50753
32
50873
77
50984
65
51114
73
51294
32
51675
68
51735
73
51835
32
51995
83
52175
67
52265
79
52416
82
52566
82
52646
69
52776
82
52846
69
53467
13
54569
13
54619
13
54659
13
54709
13
54749
13
54799
13
54839
13
54889
13
54940
65
55040
13
55430
65
55641
83
55791
65
55831
83
55931
13
55981
65
57824
13
58034
13
58154
13
59266
13
59306
13
59356
13
59396
13
59446
13
59697
13
59747
13
59787
13
59837
13
59877
13
59927
13
59967
13
60017
13
60057
13
60107
13
60147
13
60197
13
60458
13
60508
13
60548
13
60598
13
60638
13
60688
13
60728
13
60778
13
60818
13
60868
13
60908
13
61159
13
61209
13
61249
13
61299
13
61339
13
61399
13
61439
13
61489
13
61539
13
61579
13
61630
13
61670
13
61720
13
61760
13
61810
13
61850
13
61900
13
61940
13
61990
13
62040
13
62080
13
62130
13
62170
13
62220
13
62260
13
62311
13
62361
13
62411
13
62601
70
62711
79
62931
82
63072
83
63492
69
63602
32
63853
67
63973
73
64043
32
64213
83
64624
84
64774
65
64894
32
65095
76
65225
65
65325
32
65936
68
66046
73
66166
86
66246
73
66477
78
66607
65
66677
32
66847
67
66877
79
67138
77
67278
77
67338
69
67448
78
67839
68
68119
8
68269
8
68400
68
68490
73
68700
65
69371
190
69491
190
69972
190
70252
13
71144
67
71294
73
71394
65
71524
79
71795
13
72105
188
72135
77
72606
8
72776
8
