28650
16
28870
16
39200
16
39420
16
39470
16
39530
16
39580
16
39640
16
39690
16
39800
16
39800
72
40350
79
40630
32
41010
85
41230
78
41450
32
41890
80
42060
82
42330
79
43100
66
43590
76
43700
69
44030
77
44310
65
44530
32
48150
67
48870
79
49200
78
49420
32
49960
76
50070
69
50350
32
50840
77
51120
65
51450
73
51720
76
54300
190
54520
32
54960
16
55180
16
55240
16
55290
16
55350
16
55400
16
55460
16
55570
16
55620
16
55680
16
55730
16
55730
78
56060
69
56340
32
57100
82
57320
73
57710
67
57930
69
58810
86
59080
79
59300
32
59850
84
60070
82
60570
79
61000
80
61170
80
61330
69
61610
32
61830
69
62050
32
68470
80
68640
69
68910
82
69130
32
69410
76
69570
69
70180
71
70290
71
70510
69
70780
82
71500
76
71660
69
71880
32
73030
84
73310
85
73800
84
73970
84
74130
69
74410
32
79570
188
79730
32
80010
69
80280
32
80720
83
80940
79
81380
80
81660
82
82210
65
82540
84
82700
84
83300
85
83690
84
83850
84
84070
79
84460
32
86000
82
86270
73
86600
83
86930
80
87150
79
87420
78
87750
68
87920
69
88250
82
88410
69
88630
32
89020
65
89240
32
89620
84
90120
85
90500
84
90610
84
90940
69
93250
188
93470
32
04560
73
04780
77
05380
80
06040
73
06210
69
06760
71
07250
79
07580
32
10440
80
10710
65
11210
82
11430
69
11920
67
12030
67
12520
72
12910
73
13070
79
13350
32
13730
84
13840
69
14230
77
14610
80
14830
79
15880
190
16150
32
17030
16
17250
16
17300
65
17740
68
18020
32
18290
69
18570
83
18790
69
19280
77
19830
80
20050
73
20210
79
22470
188
22690
32
23510
78
23670
79
23780
78
24060
32
24500
65
25820
86
25980
69
26370
78
26750
68
27030
79
27300
32
27740
76
27850
69
28890
84
29000
84
29550
79
30160
32
30540
76
30710
69
30920
32
31470
77
31750
65
32020
73
32240
76
32520
32
33230
80
33450
69
33670
82
33890
32
34390
68
34600
85
34820
69
35040
32
35760
71
35920
73
36140
79
36420
82
36750
78
37020
73
42570
188
42790
32
43500
79
43940
71
44110
71
44660
73
44930
32
48340
72
48940
79
49270
32
51910
84
52130
82
52510
79
53220
86
53770
65
54050
84
54600
79
54930
32
58390
67
58660
73
59430
82
60090
67
60750
65
60970
32
61960
53
62340
48
62730
32
63830
77
64040
65
64320
73
64590
76
64870
32
68710
8
70250
190
70530
32
70860
16
71080
16
71130
16
71190
16
71240
16
71300
16
71350
76
71680
65
71900
32
72390
77
72560
65
73160
71
73330
71
73820
73
73990
79
74480
82
74700
32
75140
80
75300
65
75630
82
75850
84
76020
69
76290
32
76570
68
76790
73
77010
32
77230
81
77560
85
77830
69
78220
83
78660
84
78870
69
79090
32
79420
82
79590
73
80470
71
80910
85
81570
65
82120
82
82990
68
83160
65
83430
32
83870
76
84040
65
84260
32
84750
67
84920
79
85410
77
85580
77
85910
73
86340
83
86510
83
86890
73
87110
79
87330
78
87440
69
87660
32
88320
66
88490
73
89910
66
90130
76
90350
73
90520
79
90790
84
91010
69
91560
67
91730
65
95790
190
96010
32
96560
16
96780
16
96840
16
96890
16
97000
16
97060
16
97110
16
97160
80
97440
69
97710
82
97880
32
98650
70
98870
79
99140
82
99580
84
00080
85
00350
78
00520
65
00840
32
23420
8
24080
188
24300
32
24630
68
24850
79
25230
80
25400
79
25670
32
50660
65
51380
86
51540
69
51820
82
52260
32
52580
76
52750
69
53130
84
53300
84
53740
79
54070
32
56150
76
56370
69
56590
32
56980
68
57200
79
57580
77
57800
65
58020
78
58350
68
58960
69
59780
188
60000
32
60600
76
60820
69
61040
32
61320
82
61540
73
61870
83
62310
80
62470
79
62750
83
63020
84
63190
69
63460
32
70110
8
70660
188
70980
32
71860
73
72080
32
72360
81
72630
85
72960
69
73290
83
73510
73
74010
84
74500
73
74770
32
79940
67
80210
72
80320
69
80540
32
81040
76
81150
65
81370
32
81590
67
81810
79
82960
8
83180
8
83400
8
83620
8
83840
8
85160
71
85380
76
85590
73
85870
32
86090
65
86310
76
86860
84
87020
82
87460
73
87680
32
87900
77
88120
69
88340
78
88950
8
89270
77
90100
66
90810
82
91030
73
91310
32
91530
68
91750
69
92130
76
92300
76
92520
65
92740
32
92900
67
93280
79
93670
77
93830
77
94270
73
94820
83
94930
83
95370
73
95700
79
96090
78
96250
69
96470
32
96910
83
97240
73
97510
32
98500
83
98890
79
99160
78
99490
79
99770
32
00040
83
00260
67
00860
65
01190
77
02240
66
02680
73
02840
65
03280
84
03890
73
04100
32
04870
73
05090
78
05310
32
05700
81
06030
85
06190
69
06630
83
07180
84
07400
73
07680
32
07950
68
08500
85
08660
69
08940
32
09490
71
09710
73
09870
79
10310
82
10640
78
11080
73
16410
188
16900
32
18060
77
18330
73
18880
32
20470
192
20910
69
21410
32
22560
66
22670
65
22940
83
23270
84
23380
65
23600
84
24210
79
24540
32
26180
82
26350
73
26730
83
27170
80
27340
79
27720
78
28050
68
28220
69
28550
82
28660
69
28930
32
29320
65
29590
76
29810
32
30140
68
30470
79
31240
67
31510
85
32010
77
32170
69
32450
78
32720
84
33160
79
33380
32
33870
70
34040
73
34420
78
34590
65
35140
76
35360
69
48100
190
48370
32
50740
16
50960
16
51070
16
51120
16
51180
16
51230
16
51290
16
51340
16
51400
16
51510
16
51510
67
52000
79
52490
83
53040
192
53320
73
53590
32
54360
8
54800
188
55020
32
55620
67
55900
79
56170
78
56390
32
56780
85
57000
78
57220
65
57380
32
57710
83
57990
79
58260
76
58430
65
58650
32
59250
82
59470
73
59800
83
60240
80
60400
79
60620
83
60950
84
61170
65
64580
188
64850
32
65730
72
66230
79
66500
32
89680
83
90230
77
90500
73
90670
83
91050
84
91160
65
91440
84
91930
79
92210
32
92640
67
92860
73
93850
82
94290
67
94900
65
95170
32
96270
50
96600
53
97150
32
98960
77
99130
65
99400
73
99620
76
00720
190
02040
32
03790
16
04010
16
04070
16
04120
16
04180
16
04180
76
04510
69
04730
32
05000
65
06050
76
06540
84
06710
82
06870
69
07860
32
08630
83
09180
79
09450
78
09780
79
10000
32
10220
68
10440
73
10720
32
13240
86
13410
65
13850
82
14120
73
14290
79
14560
32
15550
84
15770
73
16320
80
16480
79
18080
16
18290
16
18350
16
18460
16
18510
16
18510
186
18790
32
19610
65
19940
76
20490
67
20880
85
21150
78
21370
69
21650
32
21920
83
22140
79
23020
78
23460
79
23790
32
29230
68
29330
65
29660
32
29990
67
30210
69
30650
83
31150
84
31640
73
32030
78
32190
65
32850
82
33070
69
38730
188
39330
32
40160
69
40380
32
40650
83
41310
80
41470
69
42020
83
42130
83
42630
79
42900
32
43070
65
43620
82
43780
82
44330
73
44770
86
44880
65
45370
78
45700
79
46030
32
46750
71
46970
73
47410
192
47680
65
48060
32
48280
69
48830
84
49330
73
49710
67
49990
72
50150
69
50540
84
50700
84
50870
65
51360
84
51520
69
51800
32
52290
67
52460
79
52680
77
53010
69
53230
32
54440
83
55370
80
55590
65
56030
77
59160
188
61250
32
61470
65
61910
76
62460
84
62620
82
62780
69
63060
32
64210
82
64490
73
65150
71
65590
85
65810
65
66080
82
66630
68
66740
65
67400
78
67840
79
68330
32
69050
67
69160
79
69490
78
70200
86
70420
69
70970
71
71460
78
71790
73
72290
188
72510
32
73000
67
73170
79
73440
78
73930
70
74150
69
74480
82
74590
69
75030
78
75420
90
75860
69
77340
188
77610
32
78990
67
79210
79
79540
78
79870
83
80140
73
82940
8
83160
8
83330
8
83550
8
83770
8
84860
83
85080
79
85520
78
86020
79
86290
32
86950
67
87170
79
87500
78
88320
86
88820
79
89420
67
89590
65
89920
90
90190
73
90360
79
90580
78
90910
73
91180
32
91400
68
91620
73
91840
32
92170
67
92390
79
92610
78
93270
83
93760
73
95080
71
95300
76
95520
73
95790
32
96070
68
96290
73
96620
32
97500
16
97720
16
97770
16
97830
16
97940
16
97990
16
98050
16
98100
16
98100
68
98650
73
98980
80
99150
65
99530
82
99750
84
00240
73
00570
77
00740
69
01010
78
01340
84
01840
79
02170
32
04030
79
04360
32
04640
68
04860
73
05130
32
05520
16
05740
16
05790
67
06290
79
06450
82
06890
83
07220
79
07490
32
07770
68
07990
73
08260
32
08540
16
08760
16
08810
83
09420
84
09690
85
10080
68
10410
73
11780
190
12110
32
13320
16
13540
16
13590
16
13650
73
13920
78
14410
70
14690
73
14960
78
15290
69
15510
32
16120
82
16500
69
16780
83
17270
84
17440
65
17770
78
18310
79
18590
32
19080
76
19410
69
19630
32
20240
77
20510
65
20790
73
21010
79
21720
8
21990
76
22650
32
23420
68
23590
69
24630
71
24910
76
25130
73
25400
32
27430
83
28090
84
28590
85
29020
68
29190
69
29520
78
29900
84
30400
73
34460
190
