26875
67
27065
65
27206
76
27336
67
27586
73
28548
65
29088
84
29229
79
29379
82
29559
69
30180
188
30350
32
30530
80
30631
69
30841
82
31582
79
31922
222
32113
32
32804
73
33224
8
33555
32
33755
73
33945
76
34096
32
34586
71
34716
73
34877
79
35037
67
35337
79
35508
32
35628
68
35778
69
35858
76
36008
32
36179
80
36289
65
36529
76
36689
76
36930
79
38041
78
38191
69
38322
32
39403
69
39744
222
39914
32
40445
32
40705
83
40875
69
41015
77
41216
80
41326
82
41496
69
41576
32
41737
73
41917
76
42057
32
42177
77
42367
73
42538
79
42728
32
42878
80
42988
82
43159
69
43359
70
43549
69
43699
82
43840
73
44050
84
44200
79
46734
32
46874
69
47004
32
47184
80
47385
69
47585
78
47875
83
48046
79
48206
32
51010
76
51210
79
51370
32
51541
83
51741
65
51991
82
52292
65
52943
222
53163
32
53614
32
54094
83
54265
69
54395
77
54625
80
54775
82
54956
69
55406
190
55647
32
77378
13
78900
16
79080
79
79321
82
79651
65
80102
32
80392
67
80562
79
80773
77
80923
69
81053
32
81253
79
81384
82
81674
65
81854
32
82054
78
82265
79
82475
78
82655
32
83226
67
83477
82
83657
69
83977
68
84087
79
84268
32
84598
80
84859
73
85840
85
86821
222
87022
32
87402
32
87663
67
87823
72
87943
69
88053
32
88394
73
88554
32
89065
83
89205
79
89475
71
89595
78
89806
73
89996
32
90116
83
90236
73
90386
32
90497
82
90657
69
90897
65
91047
76
91278
73
91488
90
91638
90
91778
73
91989
78
92309
79
94693
188
94913
32
95203
77
95334
65
95464
32
95654
80
95754
69
95954
78
96105
83
96275
79
96445
32
96585
67
96706
72
96846
69
96966
32
97887
85
98088
78
98308
32
98809
71
98959
73
99119
79
99460
82
99590
78
99800
79
99960
32
00110
79
00281
32
00411
76
02023
222
02234
32
02854
65
03275
76
03465
84
03636
82
03766
79
03916
32
04066
77
04276
73
04437
32
04817
82
04937
73
05498
83
05719
86
05909
69
06119
71
06259
76
06430
69
07892
8
08593
73
08713
69
08883
82
09774
79
10125
222
10355
32
11066
32
11407
32
11817
8
11988
69
12098
32
12508
67
12729
65
12919
80
13099
73
13360
82
14802
79
15132
222
15443
32
15873
32
16574
67
16744
72
16875
69
17015
32
24415
73
24626
78
24826
32
24986
82
25156
69
25447
65
25607
76
25757
84
26639
65
27410
222
27660
32
28071
32
28702
73
28892
32
29042
83
29172
79
29393
71
29493
78
29713
73
29853
32
29993
78
30194
79
30374
78
30544
32
30704
83
30805
73
30985
32
31125
80
31325
79
31536
83
31706
83
31876
79
32096
78
32327
79
32487
32
32918
82
33088
69
33308
65
33448
76
33689
73
34009
90
34159
90
34350
65
34580
82
34740
69
34840
32
35011
80
35101
69
35251
82
35471
67
35612
72
36653
69
37094
222
37284
32
37845
32
40328
73
40569
78
40779
32
41029
76
41290
8
41620
82
41790
69
42081
65
42361
76
42662
84
43393
65
43713
222
43974
32
44284
32
44534
76
44935
8
45255
8
45716
32
46327
8
46577
188
46788
32
47228
76
47378
65
47509
32
47669
82
47879
69
48270
65
48420
76
49121
84
49732
65
49912
222
50122
32
50773
32
50984
83
51284
84
51494
69
51735
83
51865
83
52055
65
52225
32
53357
69
53677
222
54459
222
54729
32
55200
32
55871
85
56081
78
56271
32
56802
83
57042
79
57293
71
57453
78
57673
79
58324
188
58494
32
58755
78
58935
69
59045
76
59235
32
60197
83
60347
73
60607
71
60778
78
60988
73
61188
70
61318
73
61489
67
61689
65
61969
84
62130
79
62290
32
62450
77
62580
69
62690
78
62871
79
63031
32
63411
82
63562
79
63782
77
63932
69
64072
78
64203
84
64373
73
64904
67
65034
79
65214
32
65374
69
65464
32
65855
83
65995
79
66366
71
66516
78
66666
65
66977
84
67237
69
67377
32
68028
8
68288
8
68569
8
68929
78
69320
84
69540
69
69660
32
69821
67
69931
72
70051
69
70161
32
70422
69
70712
83
70882
83
71223
65
71423
32
71994
72
72164
65
72665
16
73085
49
09277
8
09458
8
09688
8
78449
67
78560
73
78990
65
79100
79
79711
188
79922
13
83356
76
83497
65
83797
86
83917
79
84077
79
84128
32
84418
8
84558
8
85039
82
85159
79
85209
32
85299
67
85369
79
85550
77
85650
69
85720
32
85900
67
85970
79
86150
78
86301
83
86391
85
86611
76
86781
69
86932
77
87352
8
87593
78
87843
84
87883
69
87973
32
88103
73
88284
78
88344
70
88504
79
88524
82
88714
77
88854
65
88995
84
89205
73
89345
67
89445
79
89495
32
90056
80
90166
82
90326
69
90557
83
90717
83
90767
79
90817
32
91017
85
91218
78
91398
65
91498
32
91598
65
91919
90
92419
73
92530
69
92660
78
92740
68
92930
65
93010
32
93130
68
93201
73
93251
32
93651
16
93751
84
94042
79
94152
82
94252
73
94422
78
94563
79
94793
190
94983
13
95083
16
95244
65
95524
84
95664
84
95784
85
96185
65
96315
76
96505
77
96595
69
96696
78
96936
84
97086
69
97216
32
98518
83
98719
78
98929
79
99189
8
99299
8
99500
79
99690
78
99820
79
99880
32
00030
73
00201
83
00371
67
00521
82
00611
73
00721
84
00902
84
00972
79
01012
32
01212
65
01312
76
01362
32
01553
80
01713
82
02214
73
02434
77
02624
79
02684
32
02935
65
03025
78
03155
78
03315
79
03375
32
03495
68
03616
69
03686
76
03866
76
04026
65
04156
32
04657
70
04777
65
04988
67
05098
79
05248
76
05498
84
05648
65
07772
219
07922
32
08102
68
08202
73
08262
32
08402
83
08543
67
08653
73
08703
69
08873
78
09144
90
09394
69
09484
32
09544
68
09604
69
09764
76
09895
76
10005
219
10165
73
10355
78
10435
70
10596
82
10696
79
11096
77
11787
8
11907
8
12008
8
12719
79
12889
82
13009
77
13169
65
13360
90
13430
73
13490
79
13680
78
13780
69
13990
190
14151
13
14181
16
14321
68
14451
69
14702
83
14782
73
14932
68
15022
69
15152
82
15282
79
15433
32
17966
82
18106
73
18277
85
18387
83
18577
67
18647
73
18847
65
19268
8
19468
82
19538
69
19729
32
19869
65
19979
32
20410
83
20520
84
20720
85
20820
68
20951
73
21071
65
21261
82
21291
84
21872
8
22252
69
22443
32
22543
69
22633
32
22873
76
23033
65
23344
86
23494
79
23564
82
23855
65
24105
82
24215
51
24676
8
24836
8
24966
69
25317
8
25517
82
26058
69
26208
32
26398
67
27900
79
28211
8
29032
79
29272
78
29533
84
29633
69
29883
77
30164
80
30234
79
30554
82
30684
65
30885
78
30985
69
31095
77
31215
65
33879
8
34019
8
34180
8
34320
8
35071
78
35171
69
35351
65
35421
77
35602
78
35982
84
36172
69
37865
8
37995
8
38135
8
38336
8
38526
8
38726
8
39477
69
39717
65
39888
77
40108
69
40278
78
40489
84
40639
69
41370
190
41510
190
41670
190
41821
190
41981
69
42071
32
42181
77
42331
65
42672
71
42782
65
42922
82
43172
73
43273
32
43984
69
44134
86
44324
73
44705
84
44805
65
44945
78
45055
68
45145
79
45215
32
45336
65
45456
78
45556
67
45646
72
45766
69
45846
32
45956
73
46157
76
46237
32
46337
83
46527
69
46768
82
47028
86
47158
73
47358
90
47419
73
47479
79
47559
32
47769
77
47899
73
48120
76
48270
73
48760
84
48901
65
48991
82
49101
69
49321
16
49482
49
49592
32
49982
83
50112
80
50203
69
50373
82
50473
73
50643
65
50713
77
50823
79
50884
32
51004
73
51194
78
51244
32
51635
66
51765
69
51875
78
51965
69
52215
16
52456
49
52596
49
52736
49
53017
13
53167
13
53928
8
55500
16
55610
69
55821
219
55921
32
56081
83
56191
85
56371
70
56532
70
56622
73
56702
67
56812
73
56862
69
56992
78
57203
84
57293
69
57503
77
57743
69
57864
78
58074
84
58194
69
58274
32
58464
76
58645
85
58815
78
58935
71
59035
79
59105
32
59316
81
59396
85
59506
69
59676
83
59766
84
60017
79
60107
32
60678
84
60808
69
61028
83
61559
84
61959
79
62130
16
62610
16
62630
219
62851
219
63011
219
63151
219
63402
13
63542
13
63792
67
64093
73
64243
65
64323
79
64413
32
64533
67
64643
73
64774
65
64914
79
65124
13
65284
13
