70580
40
70800
40
70860
40
70860
40
70910
40
70970
40
70970
40
71020
40
71080
40
71080
40
71130
40
71190
40
71190
40
71240
40
71240
40
71300
40
71350
40
71350
40
75310
16
75530
16
75580
67
76020
73
76850
65
77230
79
78220
32
79480
67
79870
79
80140
77
80470
69
80690
32
81020
86
81350
65
81790
32
82390
16
82610
16
82670
16
82670
16
82720
16
82780
16
82780
16
82830
16
82830
16
82890
16
82940
16
82940
16
83000
16
83000
16
83050
16
83110
16
83110
16
83160
16
83220
16
83220
16
83270
16
83270
16
83330
16
83380
16
83380
219
83710
32
84700
80
85300
82
85800
79
86180
70
86510
69
86730
83
86900
83
87280
79
87560
82
87780
69
87990
32
88430
78
88710
79
88980
78
89150
32
90580
8
90850
8
90910
8
90910
8
90960
8
90960
8
91020
8
91070
8
91070
8
91290
8
91510
8
91570
8
91570
8
91620
8
92390
8
92660
8
92940
8
93100
8
93320
8
93540
8
95570
8
95740
8
96120
8
96340
8
96400
8
96450
8
96450
8
96510
8
96510
8
96560
8
96620
8
96620
8
96670
8
97280
16
97550
16
97550
83
97770
65
98270
76
98650
86
98980
69
99200
32
99580
67
99860
79
00130
77
00410
69
00740
32
01450
86
01620
65
02330
32
02440
16
02710
16
02710
16
02770
16
02820
16
02820
16
02880
16
02880
16
02930
16
02990
16
02990
16
03040
16
03100
16
03100
16
03150
16
03150
16
03210
16
03260
16
03260
16
03320
16
03320
16
03370
16
03430
16
03430
16
03480
16
03540
16
03540
219
03920
32
04970
78
06390
79
06720
78
06940
32
07660
8
07880
8
07930
8
08210
8
08920
16
09140
16
09200
16
09200
16
09250
16
09310
78
09580
79
09860
78
10070
32
11060
72
11340
79
11670
32
12440
65
13860
78
14190
67
14470
79
14740
82
15240
65
15570
32
16340
65
16780
86
17220
85
17600
84
17820
79
18590
32
18970
73
19190
76
19410
32
19740
80
19960
73
20180
65
20620
67
20840
69
21010
82
21170
69
21390
32
21660
68
22050
73
22320
32
23150
67
23420
79
23810
78
24300
79
24740
83
24960
67
25230
69
25450
82
26720
76
26940
65
27540
32
28690
77
29080
65
29350
32
30070
77
30290
73
30560
32
30840
80
31110
73
31390
65
31660
67
31940
69
32150
82
32370
69
32870
66
32980
66
33140
69
33360
32
33860
80
34190
82
34300
69
34570
83
34900
84
35180
79
35450
32
37430
8
37760
190
38530
32
39570
16
39790
72
40610
79
40830
32
41880
80
42210
69
42430
82
42810
67
43140
65
44400
8
44620
8
44730
8
46050
82
46220
32
46490
67
46710
65
46880
83
47150
79
47420
32
54240
65
54620
80
54890
69
55060
82
55330
84
55610
79
57310
32
57480
16
57750
16
57750
16
57810
16
57810
16
57860
56
58240
65
58520
78
58900
88
59450
8
59620
90
60610
73
60770
32
61430
88
61700
32
62200
78
62360
69
62750
67
62970
69
63190
83
63350
83
63740
85
63790
73
64780
8
65060
8
65710
73
65990
84
66370
65
67250
16
67470
16
67800
8
68790
222
69230
16
69450
16
69500
16
69500
16
69560
16
69560
16
69610
16
69670
16
69670
16
69720
16
69780
16
69780
16
69830
16
69830
16
69890
16
69940
16
69940
16
70000
16
70000
16
70050
16
70050
57
71700
32
77960
76
78180
65
78460
32
78730
67
79010
83
79780
8
79940
65
80540
83
80820
69
81150
76
81310
76
81700
65
82300
32
83020
68
83350
73
83570
32
83840
80
84000
79
84390
83
84720
84
84880
65
85100
32
86200
69
86420
76
86590
69
87030
84
87140
84
87630
82
87850
79
88120
78
88400
73
88840
67
89110
65
89280
32
97960
68
98180
69
98400
76
98560
32
99600
77
00980
73
01140
79
01360
32
01750
76
01910
79
02510
71
02790
73
04220
8
04440
8
04490
8
04820
8
05150
8
07730
32
08170
76
08340
79
09270
71
10150
73
10420
78
11580
32
13830
8
14490
188
14980
32
15970
88
16250
32
16470
83
16740
65
17070
80
17340
69
17560
82
17780
69
18060
32
54310
73
54530
76
54750
32
56120
8
56290
8
56450
8
57170
76
57440
219
58480
79
58920
82
59090
65
59360
82
59910
73
60080
79
60630
32
80230
68
80450
69
80670
76
80840
32
81060
77
81220
73
81390
79
81610
32
81990
69
82210
83
82380
65
82870
77
83090
69
83260
32
83470
68
83750
73
83970
32
84240
76
84350
79
84850
71
85180
73
85450
67
85670
65
85890
32
86770
67
87040
79
87260
78
87430
32
87920
73
88090
76
88310
32
88750
80
89570
82
90010
79
90450
70
90670
69
90940
83
91110
83
91380
79
91660
82
91880
69
92810
8
92980
8
94350
82
94620
32
95010
16
95280
16
95280
16
95340
76
95610
79
95940
76
96050
76
96770
85
96770
73
97590
8
97760
8
97920
8
98190
8
98360
8
98520
8
98800
16
99020
16
99070
16
99070
16
99130
16
99180
16
99180
16
99240
16
99290
16
99290
76
00010
79
00280
76
00500
76
00670
73
06870
188
07090
32
10390
38
10660
39
10880
39
10940
39
10940
39
10990
39
10990
39
11050
39
11100
39
11100
39
11160
39
11210
39
11210
39
11270
39
11320
39
11320
39
11380
39
11380
39
11430
39
11490
39
11490
39
11540
39
12150
39
12420
39
12420
39
12480
39
12530
39
12530
39
12590
39
12640
39
12640
39
12700
39
12750
39
12750
39
12800
39
12800
39
12860
39
12910
39
12910
39
12970
39
13020
39
13020
39
13080
39
13130
39
13130
39
13190
39
13190
39
13240
39
13300
39
13300
39
13350
39
13410
39
13410
39
13460
39
13460
39
13520
39
13570
39
13570
39
13630
39
13680
39
13680
39
13740
39
14070
39
14620
39
14840
39
15110
37
16870
32
17360
69
18190
32
19950
72
20660
79
20880
32
21540
65
22140
86
22580
85
22910
84
23300
79
23570
32
23840
73
24010
76
24230
32
24450
80
24670
73
25110
65
25380
67
25600
69
25820
82
26760
69
27090
32
28240
68
28620
73
28790
32
29010
76
29450
69
29780
71
29890
71
30050
69
30220
82
30380
69
30600
32
31100
81
31590
85
31860
69
32140
83
32470
84
32960
79
33240
32
33350
77
33790
69
34060
83
34610
83
34830
65
35650
71
35760
71
36150
73
36310
79
41530
190
42140
32
43840
16
44060
16
44110
16
44110
16
44170
16
44220
16
44220
81
44940
85
45430
69
45650
83
45980
84
46360
219
46640
32
46860
69
47080
83
47520
80
47740
69
47960
82
48230
73
48450
77
48950
69
49280
78
49550
84
49770
79
49990
32
50760
68
50920
69
51420
86
51640
69
51800
32
52790
69
53010
83
53120
83
53340
69
53610
82
53780
69
54220
32
55040
82
55260
69
55590
65
55870
76
56090
32
56200
77
57240
8
57400
8
58120
77
58340
69
58670
78
58890
82
59440
8
59820
84
60150
69
60370
32
61080
73
61300
77
61630
80
61740
79
62180
82
62350
84
62730
65
63170
78
63450
82
64000
8
64160
84
64540
69
65200
32
71140
80
71410
69
71630
82
71740
32
72290
69
72510
83
72670
83
72890
69
73060
82
73220
69
73440
32
76020
73
76300
78
76570
83
76850
69
77010
82
77290
73
77620
84
77950
79
78170
32
81680
32
81960
69
82290
32
86190
8
86410
8
86460
8
86790
8
87450
32
93710
83
93980
85
94370
76
94590
32
05130
83
05410
73
05790
84
06180
79
06400
32
06670
68
06890
73
07110
77
07390
80
07610
79
08540
8
08700
8
09030
8
09910
32
10630
80
10790
79
11120
83
11510
84
11670
65
11890
32
12330
69
13210
76
13430
69
13760
84
13920
84
14090
82
14310
79
14640
78
14860
73
15240
67
15460
65
15740
32
16060
68
16340
73
16500
32
16780
79
17160
71
17440
78
17770
73
17930
32
18260
83
18700
84
19090
85
19420
68
19640
69
20070
78
20460
84
20680
69
20900
32
21170
68
21390
65
21560
32
22330
81
22660
85
22930
65
23320
76
23750
67
24080
72
24360
69
24520
32
24800
65
25130
78
25290
78
25570
79
25730
32
25950
65
26340
32
26890
81
27540
85
27980
69
28200
83
28480
84
28640
69
28970
32
29360
80
29580
65
29910
82
30180
84
30460
73
32320
190
32540
32
34300
83
34790
80
35510
45
35730
8
35950
8
36110
8
36720
32
36990
16
37270
16
37270
16
37320
16
37320
16
37380
16
37430
16
37430
16
37490
16
37540
16
37540
16
37600
16
37600
16
37650
16
37650
83
38200
80
39020
69
39190
82
39850
79
40070
32
40730
67
41390
72
41660
69
41820
32
42210
76
42430
65
42590
32
43140
77
43420
73
43640
65
43750
32
44520
83
44900
67
45230
82
45500
73
45830
84
45940
84
46220
85
46550
82
46880
65
47040
32
47760
80
47980
79
48420
83
48690
83
48910
65
49130
32
49950
69
50280
83
50450
83
50670
69
50830
82
51050
69
51330
32
51600
83
51820
69
51990
82
52480
73
52650
65
52970
77
53190
69
53520
78
54020
84
54240
69
54460
32
56490
68
57040
219
57370
65
57810
73
58140
85
58520
84
58960
79
63250
16
63470
16
63520
16
63580
16
63580
16
63630
16
63630
56
64070
73
64510
32
65220
8
65440
8
65610
8
66760
32
67480
16
67690
16
67750
16
67800
16
67800
16
67860
16
67910
16
67910
56
68790
73
69010
78
69180
32
70390
81
70720
85
70940
65
71260
78
71700
84
71980
79
72250
32
73850
83
74180
84
74400
79
74620
32
74890
83
75440
80
75600
69
76100
78
76540
68
76700
69
76980
78
77360
68
77640
79
77860
32
78130
83
78410
79
78620
76
79060
68
79340
73
79610
32
82410
80
82690
69
82910
82
83070
32
84560
73
84720
78
85220
84
85440
69
85660
82
85930
78
86200
69
86480
84
87470
32
88130
67
88620
72
89280
69
89390
32
90380
77
90540
73
90870
65
90980
32
91590
77
91920
65
92190
68
92360
82
92630
69
92850
32
93240
68
93560
79
93890
86
94280
82
94610
65
95160
219
95430
32
96310
80
96530
65
97300
71
97630
65
97900
82
98070
69
98620
32
00270
85
00540
82
00920
76
01360
65
01860
78
02130
68
02410
79
02680
77
02850
73
03120
32
04220
68
04600
73
04820
69
05150
84
05320
82
05700
79
08010
40
08230
40
08280
40
08340
40
08340
40
08390
40
08450
40
08450
40
08500
40
08610
39
08890
39
08890
39
08940
39
08940
39
09000
39
09050
39
09050
39
15860
32
16470
67
17290
72
18010
69
18230
32
18780
77
18940
73
19160
32
19650
84
19870
65
20200
71
20530
76
20810
73
21080
69
21250
82
21630
65
22510
219
23060
32
23610
76
23770
79
23990
32
24320
83
24650
84
25040
73
25310
80
25530
69
25920
78
26630
68
26900
73
27070
79
28060
8
28220
8
28390
8
28610
8
28990
8
29210
8
29270
8
29320
8
29320
8
29380
8
29380
8
29430
8
30310
76
30470
65
30640
32
31020
80
31190
65
31680
71
32290
72
32510
69
32780
84
32890
84
34150
65
34430
32
35200
83
35470
69
35640
32
36190
83
36630
84
36960
65
37290
84
37290
82
37560
79
38660
8
38820
8
39540
8
40800
82
41570
79
41840
219
42060
32
42610
65
43000
78
43330
67
43550
79
43880
82
44150
65
44430
32
48980
83
50520
8
51730
78
52010
69
52500
76
52610
76
52990
65
53160
32
53490
82
53710
69
53980
84
54150
69
55080
190
56180
32
57440
68
58430
8
58600
16
58870
16
58870
16
58930
16
58930
16
58980
16
59040
16
59040
16
59090
16
59150
16
59150
16
59200
16
59200
16
59420
68
60240
8
60350
16
60630
16
60680
16
60680
16
60740
16
60740
16
60790
16
60850
16
60850
16
60900
16
60960
16
60960
16
61010
16
61010
16
61070
16
61120
16
61120
16
61180
16
61180
68
61670
219
61950
32
62500
65
62830
76
63210
84
63430
82
63590
79
63870
78
64250
68
64420
69
64580
32
65080
80
65240
79
65790
84
65960
82
66560
79
67220
219
67440
32
67710
65
68040
70
68210
70
68370
69
68590
82
68920
77
69140
65
69470
82
69690
69
69860
32
70740
67
71450
72
71720
69
71830
32
73760
65
74140
78
74420
67
74800
72
75020
69
75130
32
75620
71
75840
82
76170
65
76830
90
77050
73
77490
69
77660
32
78640
65
79140
76
79250
32
79470
77
79630
73
79800
79
80790
32
81010
65
82380
73
82820
85
83260
84
83640
79
83920
32
85670
85
85950
78
86110
32
87650
73
87870
77
88150
80
88310
79
88750
82
88920
84
89190
65
89520
78
89850
84
90070
69
90340
32
91280
69
91500
83
91720
80
91990
69
92210
82
92540
73
92980
77
93250
69
93250
82
95010
8
95560
78
95950
84
96330
79
06220
65
08470
78
08850
68
09070
65
09510
84
10450
79
10670
32
11050
65
11380
32
12370
66
12700
85
12920
79
13250
78
13470
32
14130
70
14510
73
14680
78
15000
69
19560
190
19730
32
20720
16
20940
16
20990
73
21270
78
21430
32
21980
16
22200
16
22260
16
22260
16
22310
16
22370
16
22370
16
22420
16
22420
16
22470
70
22690
69
22910
68
23080
69
26480
32
31590
38
31810
38
31870
38
31920
38
31920
38
31980
38
32030
38
32030
38
32090
38
32090
38
32140
38
32200
38
32200
38
32250
38
32310
38
32310
38
32360
38
32420
38
32420
38
32470
38
32800
37
33080
37
33080
37
33130
37
33130
37
33460
39
33680
39
33730
39
