77375
16
77846
16
77876
16
77906
16
77936
16
77976
16
78006
16
78036
16
78066
16
78096
16
78126
16
78166
16
78196
16
78226
16
78256
16
78286
16
78316
16
78357
16
78387
16
78417
16
78427
80
78667
69
79338
82
79508
32
80540
76
80780
69
81020
32
81411
86
81601
65
82052
67
82262
65
82502
78
82953
90
83334
69
83644
32
83894
68
84045
73
84425
32
85977
81
86188
85
86398
69
86709
83
87069
84
88491
222
88731
32
89533
69
89803
83
90013
84
90244
65
90684
84
90854
69
91435
32
93338
65
93568
86
94480
8
94750
8
95802
72
96032
79
96372
32
96623
73
96873
78
97164
32
97394
77
97744
69
97945
78
98505
84
98816
69
99026
32
99307
68
99517
73
99918
32
00588
70
01109
65
01279
82
01570
69
01760
32
02241
76
03493
222
03733
32
04744
73
05155
78
05636
84
05786
69
05966
82
09361
65
10823
73
13036
76
13607
32
13938
73
14188
78
14408
32
14879
71
15069
73
15440
82
15580
79
15961
32
16471
80
16802
69
17162
82
17363
32
19546
76
20467
222
20788
32
21338
16
21789
69
22290
85
22560
82
22850
79
23441
80
23772
65
23972
32
24323
73
24623
78
24823
32
25194
80
25534
65
25705
82
26245
84
26486
73
26856
67
27026
79
27417
76
27677
65
28138
82
32264
37
32755
37
32795
37
32825
37
32855
37
32885
37
32915
37
32945
37
32985
37
33265
37
34267
77
34377
79
35739
68
35929
79
36380
32
36771
37
37121
39
37612
39
37642
39
37682
39
37712
39
37742
39
37772
39
37802
39
37832
39
38052
39
38263
39
39244
69
39394
32
39865
70
40786
8
41738
16
42238
16
42479
76
42689
65
42939
32
43440
16
43680
70
43921
82
44472
65
44782
78
45173
67
45433
73
45663
65
45904
32
46114
69
46324
32
46935
16
47185
79
47436
76
47606
65
48057
78
48367
68
48768
65
50701
188
51241
8
52062
190
52934
32
55608
16
56108
16
56138
16
56178
16
56208
16
56238
16
56269
16
56299
16
56329
16
56359
16
56399
16
56429
16
56459
16
56489
16
56519
16
56549
16
56589
16
56619
16
56649
16
56679
16
56709
16
56739
16
56779
16
56809
16
56839
16
56869
16
56899
16
56929
16
56960
16
57000
16
57030
16
57060
16
57090
16
57120
16
57150
16
57190
16
57220
16
57250
16
57280
16
57310
16
57340
16
57380
16
57410
16
57440
16
57470
16
57500
16
57520
76
57771
65
58001
78
58932
8
59323
32
60094
80
60404
65
60665
82
60875
84
61126
69
61486
78
61917
90
62077
65
62417
32
63359
222
63529
69
63940
32
64761
83
64971
84
65121
65
65382
84
65772
65
66003
32
66804
83
67044
84
67214
65
67585
66
67975
73
68256
76
68486
73
68877
84
69087
65
69287
32
69798
80
70058
69
70319
82
70519
32
71020
73
71340
76
71711
32
73463
49
73654
48
74204
32
74975
68
75186
73
75606
32
75807
65
76448
71
76618
79
76968
83
77279
84
77769
79
78190
32
78400
67
78661
79
79001
77
79222
69
79412
32
85951
37
86452
37
86612
37
86792
37
86973
37
87153
37
87463
39
88255
69
88535
32
89056
39
89546
39
89576
39
89877
39
90378
32
91429
80
91709
82
91940
73
92280
77
92511
65
92661
32
92851
68
92891
68
93081
69
93542
83
94083
84
94243
73
94624
78
94914
65
95205
90
95465
73
95635
79
95966
78
96276
69
96426
32
96787
76
96997
65
97197
32
97438
67
97658
73
98209
84
98409
84
98680
65
99110
32
99371
68
99771
73
00252
16
00753
16
01163
32
01343
16
01844
16
01874
16
01904
76
02575
89
02755
79
03176
78
03426
69
05589
190
06180
32
06931
16
07432
16
07462
16
07492
16
07532
16
07562
16
07592
16
07622
16
07652
16
07682
16
07723
16
07753
16
07783
16
07813
16
07843
16
07873
16
07913
16
07943
16
07973
16
08003
16
08033
16
08063
16
08093
16
08123
16
08163
16
08193
16
08223
16
08253
16
08283
16
08313
16
08353
16
08383
85
08754
78
08964
65
09125
32
09455
86
09665
79
09866
76
10406
84
10597
65
10847
32
11177
71
11358
73
11568
85
11879
78
12319
84
12459
79
12880
32
13070
65
13281
32
13721
76
13951
73
14723
8
14963
8
21412
68
21572
69
22003
83
23275
84
23996
73
24346
78
24567
65
24817
90
25017
73
25188
79
25588
78
25859
69
26039
32
26580
80
27010
69
27271
82
27651
78
27932
79
28382
84
28562
84
28733
69
28863
82
29334
79
29914
32
31517
73
31857
78
32058
32
32508
85
32819
78
35953
32
36935
79
37345
83
37515
84
37776
69
38116
76
38276
76
38527
79
38897
32
39438
80
41060
69
41211
82
41792
32
43324
68
43654
85
44105
69
44275
32
44906
71
45056
73
45216
79
45557
82
45847
78
46138
73
49743
32
50404
80
51095
8
51495
68
51946
79
52126
80
52347
79
52787
32
53018
68
53238
73
53598
32
53849
67
54059
72
54259
69
54490
32
54810
77
55081
73
55421
32
55802
83
56082
79
56613
8
56883
80
57073
79
57424
83
57644
84
57835
69
58235
82
59156
79
59557
32
60138
78
61480
69
61971
76
62211
76
62601
65
62802
32
63052
67
63302
73
63693
84
63873
84
64785
222
64955
65
65345
32
66076
68
66247
73
66848
32
67088
16
67549
66
67829
76
68059
79
68490
73
68700
83
69041
32
69471
70
70743
65
71775
77
71915
79
72335
83
72606
65
74819
37
75310
37
75340
37
75380
37
75410
37
75440
37
75580
37
75861
39
76922
78
77242
69
77473
76
77663
76
77863
65
78825
32
78995
39
79215
39
79396
39
79576
39
79746
39
79926
39
80257
32
81058
86
81258
65
81579
76
81749
76
81979
65
82240
84
83522
8
84142
8
85234
69
85414
32
85675
68
85835
69
86085
76
86255
76
86576
65
86816
32
87267
76
87487
79
88048
73
88338
82
88909
65
90251
37
90421
37
90612
37
90792
37
91323
8
91884
16
92234
76
92745
39
93005
39
93165
39
93356
39
94307
190
94457
32
97051
16
97542
16
97582
16
97612
16
97642
16
97672
16
97702
16
97732
16
97772
16
97802
16
97812
68
97972
65
98363
32
99254
81
99545
85
99825
69
00175
83
00336
84
00616
65
00866
32
01117
67
01367
73
02689
84
02869
84
03540
222
03751
65
04161
32
05233
65
05503
86
05904
82
06144
79
06945
8
07356
222
07977
79
08507
32
09058
77
09309
79
09699
68
09879
79
10220
32
10490
68
10721
73
11111
32
13224
86
14005
73
14316
83
14626
73
15067
84
15207
65
15457
82
15728
69
16028
32
17701
77
17971
79
18362
76
18822
84
19013
73
19383
32
19653
67
19844
65
20184
83
20475
84
20675
69
21055
76
21226
76
21476
73
23950
32
24280
68
24460
69
24681
76
25131
32
26754
8
26954
8
27695
73
28116
32
29057
80
29257
69
29508
82
29748
73
29928
79
30439
68
30649
73
32051
8
32552
8
32592
8
32622
8
32652
8
32692
8
32722
8
32742
8
32772
8
32933
8
34094
69
34254
76
34735
32
35206
80
35426
69
35677
82
35957
73
36137
79
36708
68
36848
79
37249
32
37479
82
37659
73
37980
78
38220
65
38541
83
38881
67
39101
73
39402
77
39652
69
39822
78
40103
84
40604
65
40814
76
41094
69
48184
190
51920
32
53813
16
53993
70
54774
73
55054
78
55245
73
55846
84
56026
79
56416
32
56717
73
56977
76
57318
32
58009
84
58179
79
58559
85
58960
82
59140
32
61844
78
62866
8
63707
78
63937
69
64348
76
64528
76
64738
65
64989
32
65319
16
65539
76
65800
79
66020
73
66431
82
66671
65
66921
32
67312
77
67582
73
67963
32
68213
83
68414
80
68644
79
68954
83
70096
84
70517
69
70697
82
71238
79
71899
32
72159
73
72399
78
72630
32
75303
78
75504
79
77026
8
77216
8
77967
16
78288
78
78608
79
79079
82
79329
77
79670
65
79890
78
80291
68
80521
73
80781
65
81082
32
81512
80
81753
69
82043
82
82454
32
83886
86
84837
73
85178
83
85558
73
85959
84
86229
65
87201
82
87411
69
88032
32
88993
73
89234
76
89584
32
89894
77
90105
79
90535
78
91216
84
91447
69
91737
32
92408
16
92548
83
93029
65
93720
78
93950
32
94321
16
94822
16
94852
16
94882
16
94912
16
94942
16
94962
77
95282
73
95693
67
95883
72
96103
69
96955
76
98216
190
99538
13
07209
16
07710
16
07740
16
07770
16
07800
16
07830
16
07870
16
07900
16
07930
16
07960
16
07990
16
08021
16
08061
16
08081
66
09052
8
10845
37
13008
32
14059
81
14260
85
14430
69
14730
83
14951
84
15341
79
15722
32
17925
37
18115
37
18606
37
18646
37
18676
37
18896
37
19587
8
20018
16
20368
81
20819
39
21310
39
21340
39
21370
39
21400
39
21440
39
21470
39
21860
37
24434
77
24604
79
25135
78
25446
69
25946
84
27579
8
27789
8
28490
84
28660
69
28911
32
30583
72
32486
8
43031
83
43221
73
44142
84
44323
85
44753
65
45214
84
45424
79
45845
32
47017
83
47237
85
47587
32
47828
68
48138
73
49220
32
49430
85
49700
78
50782
222
50972
32
51844
73
52104
83
52344
79
52535
76
52845
69
53115
84
53306
84
53536
65
53826
32
54628
78
54968
69
56300
8
56751
8
59555
72
59695
65
59995
32
60406
76
60566
65
61047
32
61588
80
61758
65
62259
82
62499
84
63050
73
63440
67
63641
79
64001
76
64241
65
72023
8
73955
46
74146
46
74336
46
74526
46
74726
46
74907
46
75107
46
75307
46
75798
46
75838
46
75998
46
76539
46
76739
46
76930
46
77110
46
77290
46
77480
46
77921
46
79133
40
82498
82
82658
73
83068
84
83830
222
83990
65
84290
32
84991
68
85242
73
85612
32
86193
84
86373
82
86594
65
86884
83
88066
70
88356
79
88767
82
89127
77
89488
65
90259
82
90629
83
90860
73
91220
32
91481
73
91731
78
91951
32
92242
73
92702
83
92973
79
93173
76
93393
65
93594
32
93944
67
94325
79
94605
78
94825
32
96348
76
97409
222
98681
65
99412
8
00153
222
00514
32
00704
65
01595
86
01765
86
01906
69
02066
84
02637
79
02907
32
03157
68
03378
69
03558
76
03748
76
03938
65
04119
32
06152
8
06562
8
08034
222
08485
65
08725
76
09206
84
09476
65
09827
32
10047
77
10288
65
11139
82
11339
69
12801
65
16036
190
17398
8
18069
188
18289
32
19451
73
19691
78
19891
32
20282
67
20492
73
20853
77
21063
65
21313
32
22075
65
22245
32
23867
8
24097
8
27512
86
27743
73
28093
32
28594
186
29045
8
29305
222
29325
186
29575
69
30026
8
30206
8
30407
8
31208
222
31388
69
31718
32
32600
85
32950
78
33170
32
34603
65
35604
66
35784
66
35924
65
36205
90
36425
73
36615
65
36866
32
38128
68
38318
69
39109
76
39279
76
40141
222
41723
8
42264
32
42975
8
43215
8
43535
32
44236
8
44517
76
44817
32
45128
79
45568
82
46209
68
46339
73
46680
78
46910
69
47091
32
47241
68
47461
69
47731
73
48062
32
48953
66
49234
69
51006
78
51206
69
51727
68
51968
69
53329
84
53500
84
53720
73
55182
78
55392
73
55893
32
74340
37
74550
37
74850
39
75832
190
76162
32
78766
16
79267
16
79297
16
79327
16
79357
16
79387
16
79427
16
79457
16
79477
73
79828
78
80398
70
80609
73
80929
78
81620
69
81770
32
82341
77
82682
73
84264
32
84985
83
85275
79
85706
8
85936
80
86137
79
86517
83
86818
84
86998
69
87318
82
87569
79
87889
32
88089
65
88260
32
88580
16
88800
80
88981
65
89491
82
89672
73
90192
71
90353
73
90863
32
91685
68
91935
79
92526
86
92856
69
93137
32
93938
86
94098
73
94338
83
94479
73
94969
84
95250
69
95460
82
96812
222
97052
79
97373
32
98284
84
98555
85
99005
84
99195
84
99386
73
99726
32
00037
73
00387
32
00638
83
00928
85
01168
79
01379
73
01729
32
02100
77
02390
79
02660
78
02941
85
03291
77
03602
69
03782
78
04153
84
04383
73
05184
32
07648
80
07878
82
08449
73
09791
78
10251
67
10572
73
10802
80
11133
65
11613
76
11924
73
14357
190
14778
32
17872
8
18133
8
19304
16
19815
16
20025
186
20496
32
21457
81
21628
85
21828
69
22148
83
22799
84
22980
79
23290
32
23621
77
23871
73
24161
32
24502
82
24752
73
25243
67
25443
72
25824
73
26054
69
26365
68
26605
69
26875
82
27246
65
27456
32
28037
8
28247
8
29149
222
29319
65
29599
32
30050
65
30260
76
30601
77
31031
69
31211
78
31682
84
31842
79
32253
32
34376
52
34576
32
35247
71
35428
73
35608
79
35988
82
36539
78
36769
73
