20300
16
20520
79
20850
71
20960
71
21070
73
21290
32
21620
186
21780
32
21950
85
22440
78
22550
32
22880
71
23040
82
23150
65
23320
78
23480
32
23920
71
23980
73
24140
79
24470
82
24580
78
24800
79
24910
32
25020
80
25130
69
25190
82
25240
32
25410
76
25460
65
25570
32
25790
16
25900
74
26060
85
26280
86
26390
69
26500
78
26610
84
26720
85
26830
83
27380
188
27490
32
29740
68
29850
79
29960
80
30020
79
30130
32
30290
76
30350
65
30460
32
30730
80
31170
65
32220
8
32330
8
32770
71
32930
82
33040
65
33260
78
33420
68
33530
69
33920
32
34190
70
34250
69
34470
83
34800
84
34850
65
35350
32
41220
83
41440
67
43040
65
43810
84
43970
85
44300
82
44460
73
44850
84
44900
65
45290
32
46220
65
46390
76
46500
76
46610
65
46770
32
47050
70
47160
73
47380
78
47490
69
47650
32
48310
68
48420
69
48580
76
48750
76
48800
65
48910
32
49080
80
49130
65
49350
82
49630
84
49790
73
49850
84
51280
65
51990
8
52540
69
53640
8
54130
8
54130
8
54190
8
54240
8
54300
8
54350
8
54350
8
54410
8
54460
8
55390
76
55500
69
56710
8
58140
219
58420
73
59240
8
59510
85
59680
76
59730
84
59840
73
60060
77
60120
65
60230
32
60500
71
60560
73
60720
79
60940
78
61110
65
61550
8
62040
8
62150
84
62370
78
62700
8
62810
8
63190
82
63360
78
63470
65
63690
84
63800
65
64020
32
66650
68
66760
73
66870
32
67090
67
67150
65
67480
77
67750
80
67920
73
68080
79
68300
78
68410
65
68630
84
68690
79
68960
32
69510
8
69950
32
70110
71
70220
82
70330
65
70550
90
70660
73
70830
69
71100
32
72040
65
72150
76
72310
76
72370
69
72920
32
73470
8
73630
8
73690
65
73790
32
74010
67
74120
79
74400
78
74510
84
74560
69
74670
77
75000
80
75060
79
75500
82
75550
65
75770
78
75880
69
76160
65
76320
32
76650
86
76760
73
76930
84
77090
84
77370
79
77690
82
77800
73
77910
65
78080
32
78240
68
78300
69
78460
76
78630
76
78680
65
78850
32
81050
83
81260
81
81370
85
81700
82
82090
8
84010
8
84180
8
84670
8
84890
8
85110
8
85270
8
87310
76
87420
65
87470
32
87580
16
87640
74
87800
85
88240
86
88350
69
88520
32
88680
65
88790
32
89390
85
90000
16
90160
8
90440
85
90600
68
90710
73
91320
78
91370
69
91480
32
91590
32
91650
69
91760
32
92300
8
92410
8
92580
8
92740
69
92960
32
93240
65
93290
32
93570
8
93680
8
94010
65
94170
32
94670
8
94830
8
95220
76
95330
65
95380
32
95600
83
95770
67
95880
79
96040
78
96310
70
96420
73
96530
84
96640
84
96810
65
97080
32
00540
73
01150
8
01370
68
01420
69
01590
76
01700
76
01920
219
02250
8
02360
16
03180
219
03340
16
03510
79
03780
16
03780
8
04000
73
04280
78
04390
84
04500
69
04660
32
04940
8
04990
82
05160
32
05380
67
05430
65
05650
80
05820
79
06040
76
06200
73
06310
83
06480
84
06590
65
06920
32
07080
65
07570
32
07740
16
07900
82
08010
79
08230
77
08340
65
08560
32
08730
67
08780
79
09000
78
09060
84
09110
82
09390
79
09660
32
09770
76
09880
65
09940
32
10100
16
10210
76
10270
65
10490
90
10600
73
11250
8
11690
8
11750
8
11800
8
11860
8
11860
8
11910
8
12460
85
12630
78
12680
65
12790
32
13010
16
13120
76
13230
65
13400
90
13510
73
13670
79
14380
32
14880
84
14990
85
15100
84
15210
84
16030
219
16360
65
16530
76
16640
84
16690
82
16860
79
16970
32
17130
67
17350
72
17350
69
17900
32
18120
68
18230
69
18670
77
18890
79
19000
84
19110
73
19220
86
19330
65
19600
84
19710
65
34320
188
34820
8
34980
16
35150
188
35310
32
38550
81
38660
85
38720
69
38940
83
39160
84
39270
79
39380
32
39820
186
39980
32
40140
76
40310
79
40360
32
40580
83
40690
67
40860
85
40970
68
41130
69
41300
84
41410
84
41680
79
41850
32
41960
78
42180
85
42400
77
42450
69
42510
82
42730
79
42840
32
43220
50
43330
54
45750
188
47510
32
47830
73
48000
76
49150
32
49430
80
49700
82
49810
73
50030
77
50310
79
50470
32
50970
68
51080
79
51130
80
51240
79
51400
32
51620
81
51730
85
51950
65
53110
84
53220
84
53440
82
53820
79
53930
32
54150
65
54260
78
54370
78
54590
73
54700
32
54920
68
54970
73
55140
32
56070
65
56240
83
56460
84
56570
73
56790
78
56900
69
57010
78
57170
90
57340
65
58380
16
58650
50
58930
37
59420
37
59480
37
59530
37
59530
37
59590
37
59640
37
59700
37
59750
37
59750
37
59920
37
60140
39
60250
16
60300
50
60410
39
60910
39
60910
39
60960
39
61020
39
61070
39
61130
39
61130
39
61180
39
61400
39
61730
32
61900
16
62010
56
62330
71
62440
73
62830
222
63050
32
63210
80
63320
69
63380
82
63710
67
63820
72
64090
16
64200
186
64420
32
64700
65
64810
32
64920
16
65030
84
65190
79
65190
82
65360
73
65520
78
65630
79
65850
32
66230
76
66400
79
66510
32
66620
83
66730
67
66950
85
67060
68
67170
69
67390
84
68160
84
68210
79
68320
32
68760
186
68870
32
69040
67
69150
79
69310
77
69420
69
69480
32
69590
85
69800
78
69860
65
70020
32
70630
68
70850
82
70960
79
71730
71
72000
65
72220
16
72440
49
72990
57
77000
8
77220
8
77600
188
77660
32
77820
77
77930
65
77990
32
78370
84
78480
85
78700
84
78870
84
79530
219
79690
65
79800
76
79910
84
79970
82
80080
79
80240
32
80410
67
80520
72
80630
69
83370
8
83810
8
83870
8
83870
8
83920
8
83980
8
84030
8
84090
8
84090
8
84140
8
84200
8
84250
8
84470
8
84580
8
84910
67
85020
72
85130
69
85240
32
85400
78
86120
79
86390
78
86500
32
86670
78
86890
85
87110
79
87490
67
87600
69
88530
8
88970
8
89030
8
89250
8
89410
8
89740
70
89850
65
89960
32
90510
80
90570
69
90620
82
90790
32
90900
78
91060
85
91340
76
91450
76
91500
65
91610
32
91670
77
91770
65
91880
76
92100
69
92210
32
92320
65
92430
76
92600
76
92650
65
92870
32
93040
83
93150
85
93480
8
93590
65
94360
76
94520
85
94630
84
95020
69
95290
16
95510
49
95780
57
01880
188
02430
32
02540
76
02650
79
02760
32
02920
83
02980
67
03090
85
03250
68
03360
69
03690
84
03860
84
03970
79
04130
32
04300
67
04410
72
04520
69
04680
32
05620
16
05730
76
05950
73
06110
80
06220
80
06390
73
06490
32
06770
68
06820
79
07040
86
07150
69
07430
86
07650
65
07810
32
08530
86
08640
73
08800
78
08910
67
09020
69
09190
82
09300
69
12150
190
12370
32
12540
16
12590
76
12760
73
12980
80
13090
80
13310
73
13360
32
13530
69
13640
82
13800
65
14020
32
14240
76
14350
65
14400
32
14510
77
14730
73
14950
78
15230
69
15390
83
15720
8
15890
8
16000
8
16160
8
16270
8
16440
8
16660
8
16820
8
16930
16
17150
50
17320
32
17430
76
17540
65
17640
32
17920
8
18030
8
18190
8
18300
8
18630
76
18690
65
18740
32
18850
77
19070
73
19240
78
19350
69
19510
83
19790
84
19840
82
20120
65
20230
32
20610
82
20720
73
20830
83
20890
67
21220
65
21540
76
21760
68
21820
65
22040
84
22150
65
22420
16
22700
50
25440
188
25500
32
25660
70
25770
79
25880
82
26050
83
26100
69
26320
32
26930
76
27040
65
27090
32
27260
83
27420
84
27530
69
27700
83
27810
83
27970
65
28030
32
28190
77
28360
73
28580
78
28630
69
28790
83
29070
84
29120
82
29340
65
29450
32
29670
67
29780
72
29950
69
30060
32
30330
79
30440
32
30770
8
30880
8
31210
32
31270
76
31600
8
31710
8
31870
76
32040
79
32200
32
32360
72
32470
65
32470
32
32800
70
32860
65
33080
84
33240
84
33350
79
33520
32
33900
16
34010
50
34230
83
34340
69
34510
78
35060
8
35170
8
35330
8
35720
86
35770
69
36320
8
36480
79
36870
77
37030
73
37580
84
37690
65
37800
82
37860
69
38080
16
38190
50
38630
32
39560
78
39670
69
39830
73
39940
32
40330
71
40380
73
40550
79
40660
82
40820
78
40990
73
41150
32
41320
80
41540
82
41590
69
41810
67
41870
69
42250
68
42360
69
42470
78
42580
84
42690
73
42910
32
43790
76
44010
219
44230
85
44450
76
44560
84
44670
73
44830
77
44890
65
45000
32
45270
71
45380
73
45550
79
45710
82
45880
78
45930
65
46210
84
46320
65
48730
188
48790
32
48950
77
49060
65
49170
32
49390
76
49500
76
49780
8
49940
8
50050
65
50110
76
50270
76
50330
65
50440
32
50660
70
50710
73
50930
78
50980
69
51370
188
51480
32
51590
65
51700
76
51860
76
51920
65
52030
32
52300
70
52360
65
52740
67
52910
67
52960
73
53130
65
53240
32
53400
68
53570
73
53680
32
53900
84
54010
85
54230
84
54500
84
54660
69
54770
32
54990
76
55100
32
55210
69
55380
32
55600
67
56260
8
56480
8
56590
8
56750
8
57360
69
57470
32
57580
67
57800
82
57960
73
58020
84
58180
73
58290
67
58670
72
58780
69
59330
32
59440
80
59660
73
59770
79
60270
86
60380
85
60600
84
60600
69
60710
32
60930
68
61090
85
61370
8
61480
8
61590
83
61750
85
61800
32
61970
68
62080
73
62190
32
62350
76
62570
85
62790
73
