64440
188
64990
32
65100
73
65320
32
65920
8
66140
76
66310
32
66530
82
66860
8
66860
84
66910
69
67740
67
67850
78
68010
73
68180
67
68290
79
68450
32
68890
86
69000
73
69110
65
69330
82
69770
69
70150
71
70370
71
70540
73
70700
78
70920
79
71090
32
71640
72
71750
65
71860
32
71970
65
72080
32
72350
86
72460
85
72570
84
72740
79
72840
32
72950
76
73060
65
73170
32
73720
37
74160
37
74220
37
74270
37
74270
37
74330
37
74380
37
74440
37
74490
37
74710
39
74820
8
74930
39
75370
39
75430
39
75480
39
75540
39
75590
39
75590
39
75650
39
76360
77
76470
69
76630
71
76740
76
76910
73
77070
79
77840
32
79770
69
80150
68
80310
32
80420
79
80590
82
80640
65
80750
32
81030
84
81250
85
81580
84
81740
84
82180
65
82620
32
82790
76
82950
65
83890
32
84050
67
84320
82
84490
73
84600
84
84710
73
84930
67
84980
65
85150
32
85310
76
85480
79
85860
32
87510
80
87670
79
87840
82
88060
84
88110
65
88220
32
88390
73
88550
78
88660
32
89100
84
89160
82
89210
73
89380
79
89600
78
90200
70
90260
79
93000
190
93170
32
93330
16
93390
81
93500
85
93660
65
93770
78
93940
84
94050
79
94210
32
94430
186
94490
32
94980
83
95030
84
95200
82
95310
65
95470
78
96240
79
96410
32
96520
73
96680
76
96790
32
96960
67
97070
65
97180
76
97340
73
97840
8
98000
67
98110
73
98280
79
01300
32
01570
68
01680
69
01790
73
02010
32
02290
71
02340
73
02500
79
02670
82
02780
78
02890
65
03050
76
03270
73
09540
188
09700
32
09970
84
10030
85
10140
84
10300
84
10410
73
10580
32
10690
73
10800
32
11070
86
11130
69
11240
76
11460
69
11620
78
11900
73
12120
32
12340
65
12450
76
12560
76
12670
65
12780
32
13000
70
13110
73
13330
78
13430
69
13540
32
14310
80
14590
8
14700
83
14810
80
14860
65
15080
82
15250
73
15410
83
15520
67
15630
79
15850
78
16020
79
16130
32
16400
83
16460
69
16680
77
17060
80
17170
82
17220
69
17500
32
17660
69
17830
32
19090
83
19200
73
19310
32
19480
80
19750
69
19920
78
20080
83
20630
65
20790
32
21180
71
21290
73
21620
222
21730
32
21840
65
22170
76
22390
32
22660
69
22830
82
23270
8
23380
8
23600
77
23650
69
23930
82
24200
67
24310
65
24530
84
24640
79
24750
32
24910
69
25130
83
25350
84
25460
73
26070
86
26180
79
26840
190
27000
32
27220
16
27390
81
27500
85
27550
69
27720
83
27940
84
28480
219
28590
65
28700
78
28810
78
29090
79
29140
32
29310
80
29360
69
29420
82
29530
32
29800
70
29910
79
30020
82
30350
84
30410
85
30630
78
30850
65
30960
32
31230
68
31400
73
31780
8
31940
8
32000
67
32160
73
32270
32
32770
83
33100
78
33480
8
33650
79
33700
78
34030
79
34310
32
34420
80
34530
82
34640
73
34860
77
35020
79
35410
65
35410
8
35510
32
36060
8
36170
8
36280
65
36340
32
36500
73
36830
32
36940
77
37110
79
37330
78
37440
68
37550
73
37660
65
37770
76
37880
73
39520
188
39580
32
39800
65
40510
76
40730
77
40840
69
40950
78
41170
79
41610
32
44580
80
44690
69
44740
82
44910
32
45070
81
45180
85
45290
69
45460
83
45620
84
45790
65
45900
32
46170
86
46280
79
46450
76
46550
84
46610
65
47320
32
51500
76
51610
69
55560
32
56110
83
56220
79
56280
65
56500
80
57760
189
58090
79
58250
80
58580
69
58690
82
58970
65
59630
32
61000
68
61000
69
62700
8
63140
8
63200
8
63250
8
63310
8
63310
8
63360
8
63420
8
63470
8
63530
8
63530
8
63750
8
63910
8
64130
83
64410
84
64520
79
64630
82
64740
73
64850
69
64960
32
65230
69
65340
68
65560
8
65720
8
65780
68
65830
69
66050
76
66220
32
66330
77
66440
69
66550
82
66820
67
66880
65
67100
84
67210
79
67810
32
68030
68
68090
79
68310
86
68800
65
69240
8
69290
82
69350
65
69510
78
69620
78
69900
79
70010
32
70120
65
70390
84
70560
84
70720
69
70940
78
71050
68
71160
69
71380
82
71490
69
72150
32
73190
76
73520
85
73690
71
73800
76
74130
73
74350
79
77590
37
78080
37
78080
37
78140
37
78190
37
78250
37
78300
37
78300
37
78360
37
78410
37
78470
37
78520
37
78520
37
78580
37
78630
37
78690
37
78740
37
78740
37
78800
37
78850
37
78910
37
78960
37
78960
37
79020
37
79070
37
79130
37
79180
37
79180
37
79240
37
79290
37
79350
37
79400
37
79400
37
79460
37
79510
37
79570
37
79620
37
79730
37
79950
8
80170
8
80280
8
80440
8
80550
8
80720
8
81270
73
81600
86
82090
8
82420
78
82750
86
82860
69
83030
78
83250
90
83360
73
83460
79
83680
78
83850
73
84290
39
84730
39
84780
39
84840
39
84890
39
84890
39
84950
39
85000
39
85060
39
85110
39
85110
39
85330
39
85660
32
85830
16
85880
56
86100
80
86210
65
86380
90
86490
90
86600
79
86760
16
87090
57
87750
40
87970
40
91920
188
92200
32
93520
83
93630
80
93790
69
94010
82
94120
73
94230
65
94400
77
94610
79
95270
190
95490
16
95660
8
95710
49
97140
13
00930
16
01430
16
01480
16
01480
16
01540
16
01590
16
01650
16
01700
16
01700
16
01760
16
01810
16
01860
16
01860
16
01920
16
01970
16
02030
16
02080
16
02080
16
02140
16
02190
16
02250
16
02300
16
02300
16
02360
16
02410
16
02470
16
02470
16
02520
16
02580
16
02630
16
02690
16
02690
16
02740
16
02800
16
02850
67
03400
79
03620
77
03950
80
04170
76
04340
73
04610
77
04720
69
04830
78
04890
84
05220
73
05330
32
05490
73
05650
78
05760
32
05930
79
06150
71
06260
78
06420
73
06530
32
06590
67
06700
65
06970
83
07140
79
07300
32
07470
65
07630
32
07800
73
07800
16
08020
78
08070
84
08130
69
08790
82
09060
37
09330
37
09440
37
09610
37
09880
8
09990
16
10430
73
10710
39
10930
39
11040
39
11150
39
11310
32
11420
69
11590
32
11700
16
11860
82
11970
79
12140
77
12250
65
12360
32
12470
80
12580
69
12630
82
12740
32
12850
73
13070
76
13180
32
13620
71
13670
82
13890
65
14110
78
14220
68
14330
69
14500
32
14610
67
14770
65
14940
77
15160
80
15320
73
15490
79
15710
78
15820
65
16090
84
16200
79
16690
32
16800
67
16910
72
17020
69
17130
32
17850
80
17960
69
18010
82
18180
192
18340
32
19330
76
19440
65
19550
32
19770
16
19830
74
19990
85
20870
86
20980
69
21090
32
21310
83
21360
73
21640
32
22020
65
22240
71
22350
71
22460
73
22570
85
22960
68
23070
73
23290
67
23340
65
24050
190
24330
32
24880
16
25370
16
25370
16
25430
16
25480
16
25540
16
25590
16
25590
16
25590
69
25810
219
26140
32
26250
76
26470
65
26530
32
26800
32
27240
8
27410
71
27460
73
27630
85
27730
83
27950
84
28060
73
28390
90
28500
73
28610
65
29550
32
29770
16
30210
16
30980
37
31410
37
31470
37
31520
37
31580
37
31630
37
31630
37
31690
37
31740
37
32180
8
32290
16
32350
71
32510
39
33010
39
33060
39
33060
39
33120
39
33170
39
33230
39
33450
39
34110
32
34380
79
34820
8
34990
67
35040
79
35370
32
35640
8
35920
78
36030
32
36190
76
36300
65
36410
32
36800
71
36910
32
37070
77
37180
65
37350
73
37400
65
38010
8
38390
8
38990
73
39210
85
39320
83
39380
67
39540
79
39760
76
39820
65
42240
37
42560
39
43720
188
43830
32
43990
81
44160
85
44270
69
44430
76
44540
76
44650
65
44760
32
44980
67
45150
72
45200
69
45420
32
46080
68
46190
73
46300
69
46570
68
46680
69
46900
32
47120
65
47290
192
47400
192
47450
65
47780
8
47950
8
48060
8
48390
76
48550
76
48550
65
48720
32
49160
16
49320
76
49430
65
49650
90
49710
73
49920
79
50140
32
50360
76
50530
79
50640
32
50800
83
50860
67
50970
85
51130
68
51240
69
51520
84
51740
84
51850
79
55250
32
55530
67
55580
79
55800
78
55910
32
56020
85
56190
78
56300
32
56460
65
56630
78
56740
78
57010
79
57120
32
58160
8
58600
8
58660
8
58710
8
58770
8
58770
8
58820
8
58880
8
58930
8
58930
8
58990
8
59210
8
59870
67
59920
79
60140
78
60250
32
60360
85
60530
78
60690
32
60850
65
60960
78
61070
78
61290
79
61400
32
61570
68
61730
73
61790
32
61950
82
62060
73
62170
84
62340
65
62500
82
62780
68
62890
79
63000
32
64150
71
64320
82
64860
65
65030
90
65140
73
65300
69
65410
32
65580
65
65800
76
70740
32
70960
68
71070
73
71240
76
71460
85
71840
86
71890
73
72110
79
72170
32
72330
68
72440
73
72500
32
72610
16
72660
80
72830
69
72940
82
73100
85
73540
71
73600
73
73760
65
76560
188
76620
32
76730
68
76890
79
77000
80
77060
79
77220
32
77550
65
77660
86
77770
69
77880
82
78380
71
78490
76
78600
73
78760
69
79200
76
79360
79
79640
32
79970
83
80080
79
80300
82
80630
8
80740
84
80850
84
81070
82
81230
65
81450
84
81620
84
81730
79
81890
32
84140
80
84200
69
84310
82
84470
32
84530
77
84640
69
84860
90
84970
90
85130
79
85190
32
85460
68
85570
73
85680
32
85740
85
85960
78
86070
32
86180
77
86560
8
86720
16
86830
77
87000
73
87220
76
87490
65
87660
78
88040
32
88430
70
88540
65
88650
78
88760
84
88870
65
89030
83
89250
67
89530
8
89640
84
89800
73
90020
67
90190
79
90300
32
90620
78
90680
69
90840
76
90950
32
91170
70
91230
73
91390
78
91500
65
91670
76
91720
69
91780
32
92000
68
92050
69
92220
76
92330
76
92380
65
92490
32
92600
83
92820
84
92930
65
93210
71
93260
73
93430
79
93650
78
93700
69
93810
32
93980
80
94080
82
94140
69
94690
8
95130
69
95350
67
95510
69
96060
68
96170
69
96390
84
96720
8
97220
78
97330
84
97440
69
98200
190
03370
13
03810
16
04030
71
04140
76
04250
73
04360
32
04690
16
05120
73
05340
78
05620
84
05730
69
06110
82
06330
83
06440
73
06610
84
06830
73
07050
8
07160
8
07320
8
07430
84
07540
73
07650
32
07760
80
07930
79
08040
83
08200
83
08310
79
08590
32
08860
71
09410
8
09570
8
09850
78
10070
79
10230
32
10510
71
10560
73
11060
222
11110
32
11280
70
11330
65
11550
82
11610
69
11720
32
12100
71
12210
76
12380
73
12430
32
12540
83
12650
67
12760
79
12980
78
13250
71
13310
73
13470
85
13580
84
14190
8
14680
82
14790
73
14960
16
15070
49
15950
13
16330
16
16600
68
16880
8
16930
70
17100
79
17260
82
17590
8
17810
8
17980
16
18360
79
18470
82
18750
90
18970
65
19080
32
19460
74
19630
85
19840
86
19950
69
20230
49
20670
32
21930
8
22260
13
22920
66
23470
89
23800
32
23910
16
23960
76
24180
85
24240
67
24290
65
24730
32
24840
16
25060
71
25340
190
26660
8
27480
190
