89480
16
89590
85
90520
78
90580
65
91130
32
91290
68
91400
79
91570
77
91620
65
91790
78
91950
68
92060
65
92170
32
92330
83
92610
79
92770
82
93100
71
93160
69
93320
32
94920
78
95030
65
95360
84
95570
85
95790
82
95900
65
96290
76
96400
69
96560
32
97500
69
97610
32
97830
70
97990
79
98160
78
98820
68
98930
65
99250
77
99360
69
99470
78
99640
84
99910
65
00080
76
00190
69
00900
32
11720
37
11940
37
12160
37
12160
37
12220
37
12220
37
12270
37
12330
37
12330
37
12380
37
12380
37
12440
37
12440
37
13260
67
13320
72
13370
69
13540
32
17330
8
17490
8
17650
8
17760
8
18310
39
18590
39
18590
39
18640
39
18640
39
18700
39
18750
39
18750
39
18810
39
19030
39
19470
39
19630
39
19910
32
20460
67
20570
72
20620
69
20730
32
21170
83
21230
79
21390
82
21720
71
21770
69
21940
32
23530
81
23640
85
23750
65
23810
78
23970
68
24080
79
24190
32
24360
83
24410
73
24520
32
24800
86
25010
73
25120
69
25340
78
25560
69
26550
32
28200
65
28310
32
28480
67
28590
79
28860
78
28970
79
29130
83
29350
67
29410
69
29740
78
30010
90
30070
65
30230
32
31940
68
32050
73
32160
32
32430
81
32540
85
32700
69
32870
83
32980
84
33200
73
33310
32
33690
80
33800
69
34520
90
34680
90
34790
73
34900
32
35010
68
35180
73
35400
32
36820
83
36930
79
37370
70
37540
84
38140
87
38310
65
38470
82
38580
69
38750
32
40060
69
40170
32
40280
68
40390
73
40500
32
40940
72
41000
65
41220
68
41710
8
41820
82
42040
68
42810
87
43030
65
43310
82
43410
69
43690
32
46550
73
46660
78
46990
84
47150
82
47200
69
47480
67
47640
67
47750
73
47920
65
48080
84
48250
73
48360
32
48690
70
48910
82
49070
65
49240
32
49400
76
49570
79
49730
82
49840
79
50010
32
50450
186
50610
32
50880
76
50990
65
51100
32
51270
83
51490
69
51710
71
51820
85
52420
69
53360
78
53520
84
53740
69
55550
16
55660
190
55830
32
56160
16
56380
50
57530
16
57700
73
58030
78
58960
32
59070
67
59120
72
59230
69
59340
32
59780
77
59950
79
60880
68
60990
79
62800
32
63520
72
63630
65
63740
32
63960
80
64120
79
64340
84
64510
85
64730
84
64890
79
65110
32
66430
65
66700
86
66810
69
66980
82
67090
69
67250
32
68190
79
68520
82
68630
73
68900
71
69010
73
69180
78
69340
69
69560
32
70710
84
70880
85
71040
84
71210
84
71320
79
71590
32
71810
67
71980
73
72800
192
73730
16
73900
219
74170
16
74390
16
74450
16
74450
50
75270
32
77410
8
77960
190
78130
32
78460
16
78680
16
78730
83
79010
73
79280
32
79390
84
79500
82
79670
65
80220
84
80320
84
80490
65
80600
32
82360
68
82520
73
82580
32
82850
85
83020
78
83130
65
83240
32
83510
83
83680
73
84060
84
84220
85
84280
65
84770
90
84830
73
84940
79
85050
78
85160
69
85320
32
86860
67
86920
72
87030
69
87190
32
87630
76
87740
65
87900
83
88120
67
88230
73
88340
65
88560
32
90210
86
90320
69
90490
82
90600
65
91090
77
91200
69
91310
78
91470
84
91690
69
91860
32
93010
80
93180
69
93400
82
93840
80
94060
76
94170
69
94440
83
94610
83
94720
73
94940
32
95480
8
97080
190
97240
32
97410
16
97570
83
97790
73
98070
32
98510
80
98720
85
99550
192
99660
32
99930
73
00150
77
00260
77
00430
65
00700
71
00760
73
00920
78
00980
65
01090
82
01200
69
01310
32
05150
67
05210
72
05320
69
05430
32
05590
83
05650
73
05870
32
06190
83
06250
73
06410
65
06520
32
06850
86
06960
69
07130
82
07290
73
07620
70
07680
73
08390
67
08500
65
08720
84
08890
79
08940
32
12350
85
12400
78
12680
32
13390
81
13440
85
13550
65
13660
192
13830
67
14430
72
14430
69
14540
32
15090
8
15260
8
15370
8
15530
8
15700
8
16300
76
16740
67
16850
72
16910
69
17020
32
17560
80
17730
82
17890
79
18280
67
18330
69
18550
83
18720
83
18830
79
18940
32
32560
68
32670
73
33000
32
33660
66
33880
79
33990
79
34150
84
34650
83
34700
84
36070
82
36180
65
36790
80
36950
32
38160
8
38490
188
38600
32
38820
81
38880
85
38990
65
39100
76
39260
67
39370
79
39530
83
39640
65
39750
32
41130
68
41290
73
41350
32
41510
65
41620
78
41790
65
42230
76
42340
79
42560
70
43490
8
43650
71
43760
79
44420
32
45740
65
45800
32
45960
67
46180
73
47110
192
47280
32
51070
67
51230
72
51290
69
51400
32
51890
83
52000
73
52060
32
52330
86
52440
69
52660
82
52770
73
53600
70
53710
73
54360
67
54420
65
54970
32
58980
65
59090
66
59310
73
59800
84
59860
85
60020
65
60130
76
60460
77
60570
69
60680
78
60850
84
61010
69
61290
32
63760
78
63870
69
64200
76
64310
76
64470
79
64530
32
64750
83
65070
86
65290
73
65460
76
65680
85
65840
84
66170
8
66500
80
66670
80
66830
79
66940
32
74300
68
74360
69
74520
73
74630
32
75240
78
75460
85
75620
79
76010
86
76060
73
76170
32
76500
76
76830
78
78480
8
79030
73
79140
78
79520
71
79580
85
79740
65
80180
71
80340
71
80510
73
80620
32
81280
68
81390
73
81500
32
81610
80
81770
82
81880
79
82210
71
82320
82
82430
65
82600
77
82710
77
82760
65
83150
90
83200
73
83370
79
83370
78
83580
69
83750
32
84130
8
85890
16
86000
188
86830
32
91160
77
91220
65
91380
32
91990
85
92040
78
92150
32
92540
66
92650
79
92760
79
93200
83
93310
84
93420
82
93470
65
93750
79
93910
32
94080
67
94130
72
94240
69
94300
32
94460
70
94520
65
94680
32
94840
83
95010
79
95120
76
96160
76
96270
69
96880
86
96930
65
97100
82
97150
69
97370
32
01440
68
01440
65
01600
32
02150
83
02310
69
02750
77
03190
80
03250
76
03470
73
03630
67
04070
8
05170
67
05170
73
05280
32
05830
77
05940
79
06100
76
06270
69
06650
67
06760
79
06930
76
06980
69
07150
32
07370
65
07480
32
08520
73
08690
78
08910
84
09020
69
09240
82
09400
69
09560
32
10440
69
10940
8
10990
67
11100
69
11380
76
11490
76
12090
85
12090
73
13020
8
13410
76
13460
69
13570
32
18190
186
18300
32
18570
81
18790
65
18900
76
19840
8
20000
65
20440
8
20550
83
21980
8
22090
8
22860
85
23020
65
23190
83
23350
73
23460
32
28400
65
28510
76
28570
32
28680
68
28840
73
28950
32
29390
71
29720
8
29830
70
30050
85
30160
73
30600
8
30990
79
31100
73
31320
82
31480
73
32140
8
32250
8
32360
8
33510
82
33730
73
36590
32
36700
68
36750
69
37250
76
37360
76
37910
65
38020
32
38620
78
38780
79
39060
83
39170
84
39280
82
39440
65
39550
32
39660
67
39880
65
40430
80
40760
65
41090
67
41200
73
41420
84
41970
222
46090
68
46310
219
46690
73
47020
77
47130
77
47240
65
47570
71
47680
73
49060
78
49110
65
49610
90
50150
73
50260
79
50650
78
50760
69
52240
190
53450
32
53780
16
54000
16
54050
16
54050
83
54380
85
54660
76
54820
76
55480
219
56200
79
56360
82
56470
73
56860
71
56860
73
57020
78
57240
69
57400
32
59270
68
59380
69
59600
76
59770
65
61030
8
61410
76
61520
65
61800
32
62290
86
62400
73
62620
84
62680
65
62840
32
63280
69
63450
83
63720
73
63890
83
64000
84
64270
79
64600
78
64710
79
66250
32
66910
86
66960
65
67240
82
67350
73
67460
69
67620
32
67840
84
68390
69
68770
79
68990
82
69160
73
69380
69
73550
188
73720
32
73940
77
74050
65
74160
32
74320
84
74430
85
74540
84
74760
84
74980
69
75090
32
77620
83
78000
219
78990
73
80030
78
80310
67
80470
65
80860
71
81020
76
81080
73
81190
65
81350
78
81740
79
89700
32
89920
83
90030
85
90140
32
90310
81
90470
85
90580
69
90740
83
90850
84
91020
65
91180
32
96680
67
96790
72
96900
69
97010
32
97500
186
97610
32
97830
76
97990
65
98050
32
98320
77
98760
8
99700
68
99810
79
00030
77
00140
65
00250
78
00470
68
00580
65
00740
32
16560
80
16720
73
17380
191
17490
32
18370
67
18430
69
18650
78
18810
84
18870
82
19030
65
19200
76
19310
69
22990
16
23040
190
26390
16
26610
16
26670
16
26670
16
26720
16
26720
16
26780
16
26780
50
26940
50
27710
37
28370
73
28530
78
28860
32
29960
37
30070
37
30460
8
31170
16
31390
73
31770
32
34680
8
34850
8
35670
16
35780
73
36330
39
36610
32
36940
67
36990
72
37100
69
37160
32
37490
77
37600
79
37710
68
37930
79
38040
32
38640
72
38750
65
38800
32
39080
65
39240
85
39570
8
39680
86
39790
85
39960
84
40070
79
40180
32
40340
79
40510
82
40670
73
41000
71
41110
73
41610
78
41720
69
41830
32
42320
73
42430
76
42540
32
43640
16
43860
67
44520
79
44790
68
44900
73
45620
67
45620
69
45830
32
46050
16
46270
71
46660
69
47370
78
47480
69
47810
84
47870
73
48140
67
48250
79
49240
16
49460
16
49510
16
49510
16
49570
16
49570
16
49620
16
49680
16
49680
219
