99666
190
00147
190
00177
190
00207
190
00237
190
00267
190
00297
190
00327
190
07498
16
07748
83
07978
73
08209
32
08329
67
08459
72
08659
73
08800
65
08970
77
09090
65
09300
32
09511
16
09701
80
09871
69
10081
78
10292
32
10512
16
10672
68
10863
82
10963
73
11203
86
11313
69
13747
32
14127
73
14318
76
14518
32
14648
78
14858
85
15039
79
15349
86
15479
79
15700
32
15920
70
16090
76
16310
65
16531
83
17232
72
17873
32
18323
68
18484
73
18604
83
18744
75
18934
32
19114
82
19275
73
19455
77
19655
79
19886
86
20026
73
20226
66
20346
73
20556
76
20717
69
22680
188
22970
71
23170
82
23300
65
23461
78
23581
68
23761
69
23931
32
24152
81
24402
85
24572
65
24722
78
24883
84
25033
79
27016
32
27326
85
27527
78
27687
32
27947
80
28137
79
28308
76
28468
76
28638
73
28748
67
28979
69
29149
32
29269
67
29399
79
29620
78
29790
32
30080
67
30200
65
30441
80
30571
65
30821
67
30941
73
31192
84
32003
222
32233
32
32373
68
32474
73
32664
32
32874
77
32944
69
33054
77
33245
79
33335
82
33475
73
33886
90
34016
90
34126
65
34316
90
34416
73
34507
79
34727
78
34847
69
37010
32
37761
70
37891
73
38032
78
38172
79
38402
32
38542
65
38853
68
39764
32
40675
49
40856
32
41096
16
41246
71
41426
73
42037
71
42158
65
42388
66
42748
89
42989
84
43139
69
44591
32
44871
77
45102
79
45322
76
45653
84
45783
73
46013
80
46193
76
46384
73
46664
67
46784
65
47766
66
47886
73
48116
76
48226
69
51521
32
51771
67
51932
79
52162
78
52332
32
52532
83
52663
73
52783
83
52913
84
53023
69
53213
77
53354
65
53464
32
53594
68
53684
73
53894
32
54005
67
54125
79
54315
77
54535
80
54776
82
54996
69
55246
83
55397
83
55497
73
55597
79
55817
78
55907
69
59633
190
59883
16
60043
80
60334
82
60544
69
60774
83
60955
69
61095
78
61315
84
61395
65
61505
84
61756
79
61966
32
62086
68
62317
65
62447
32
62657
16
62797
69
63198
189
63428
16
63578
71
63809
82
64470
79
64660
85
64880
80
66733
32
67284
186
67504
32
67704
76
67804
65
67945
32
68285
83
68455
79
68636
76
68836
85
69016
90
69106
73
69206
79
69417
78
69527
69
69607
32
69827
73
69917
68
70108
69
70358
65
70498
76
70618
69
72321
32
72802
80
72942
69
73132
82
73322
32
76757
67
76908
72
77218
73
77388
85
77609
78
78059
81
78199
85
78350
69
78540
32
78670
65
78810
66
78940
66
79151
73
79291
65
79421
32
79611
78
79702
69
79862
67
79932
69
80373
83
81544
83
81925
73
82926
84
83377
222
85730
32
85920
68
86091
73
86301
32
86531
84
86712
82
86792
65
87022
83
87222
80
87393
79
87553
82
87713
84
87903
65
87993
82
88134
69
88264
32
88454
68
88704
65
89325
84
89626
73
91939
32
92129
68
92290
73
92490
32
92720
79
92921
71
93051
78
93261
73
93471
32
93602
84
93802
73
94012
80
94182
79
94413
32
94553
82
94703
73
94903
76
95014
69
95224
71
95374
71
95484
69
95604
78
95735
68
95895
79
96075
76
96285
73
97197
32
97607
83
97778
85
97978
32
98168
81
98308
85
98438
65
98689
76
98899
83
99069
73
99260
65
99600
83
99770
73
01613
32
01984
67
02184
79
02384
77
02594
80
02835
85
03065
84
03185
69
03356
82
03496
32
03646
68
03756
79
04006
84
04097
65
04187
84
04487
79
04697
32
04808
68
04948
73
05128
32
05358
80
05529
79
05659
82
05789
84
05969
65
06120
32
06360
16
06720
85
06871
83
07141
66
10456
190
10926
190
10956
190
10987
190
11017
190
11057
190
11087
190
11117
190
11347
13
11708
16
11868
84
12409
82
12539
65
12899
84
13090
84
13270
79
13460
32
13710
68
13901
65
14041
32
14281
16
14542
80
14662
67
14882
32
15102
16
15313
80
15453
82
15563
79
15984
70
16094
69
16354
83
16514
83
16615
73
16745
79
16895
78
16995
65
17155
76
17296
69
22890
67
23440
73
23600
65
23930
79
24040
32
24320
65
24870
32
25030
84
25190
85
25360
84
25520
84
25630
73
25690
32
26240
72
26400
79
26460
32
27010
86
27340
79
27390
76
27670
85
27830
84
28000
79
28050
32
28330
65
28550
78
28870
67
29090
72
29310
69
29370
32
30410
73
30470
79
30580
32
30740
65
30960
73
31180
85
31460
84
31840
65
32120
82
32170
69
32280
32
32500
81
32720
85
32830
65
32940
76
33270
67
33490
85
33820
78
33930
79
34040
32
34480
80
34640
69
34810
82
34920
32
35080
85
35360
78
35410
32
35960
65
36290
8
36510
8
36620
65
36890
32
37610
82
37830
73
37990
67
38270
69
38430
82
38650
67
38980
65
39150
32
41670
8
42330
190
42390
32
42550
16
42940
83
43210
80
43320
69
43540
82
43700
79
43760
32
44470
81
45080
85
45300
69
46290
83
47060
84
47220
32
47220
79
47710
83
47820
73
47990
65
48040
32
48320
68
48590
65
48810
86
48980
86
49030
69
49250
82
49580
79
49640
32
49910
68
50080
73
50190
32
50460
65
50570
73
50790
85
51010
84
51390
79
51670
190
51830
32
52050
85
52270
78
52380
32
52880
85
53210
8
53370
8
53760
8
54140
8
54360
16
54740
70
54960
65
55240
67
55400
67
55510
73
55680
32
56450
8
57160
79
57270
32
57770
85
58040
78
58210
32
58480
73
58700
77
58970
66
59360
79
59910
67
60070
67
60180
65
60240
32
60570
65
61120
76
61170
32
61340
76
61560
85
62050
80
62270
79
62320
32
62600
65
62870
32
63040
84
63420
85
63590
84
63700
84
63860
32
63920
73
64300
67
64360
79
64580
76
64740
79
64850
82
64960
79
65020
32
65350
67
65570
72
65620
69
65730
32
65950
83
66170
84
66280
65
66830
78
66990
78
67100
79
67210
32
67600
65
68040
8
68590
76
68750
65
69410
86
69570
79
69790
82
70010
65
70180
78
70840
68
70950
79
71000
32
71280
65
71440
76
71770
32
72320
80
72540
82
72650
79
72980
71
73250
69
73530
84
73800
84
73970
79
74190
32
76770
69
76770
32
77100
83
77320
80
77540
69
77700
82
77920
79
77920
32
78530
82
78690
73
78910
85
79080
83
79300
67
79410
73
79570
65
79850
84
80010
69
80070
32
81440
38
81710
39
82040
46
82370
39
82650
32
83470
40
84020
8
84240
8
84400
8
84570
8
84730
8
86990
8
87210
8
87810
8
88580
69
88800
83
89070
67
89350
65
89570
78
89680
79
89790
32
90060
78
90170
69
90780
76
90890
32
91050
76
91270
79
91380
82
91490
79
91600
32
91820
73
92040
78
92310
84
92420
69
92590
78
92970
84
93140
79
94510
190
86938
16
87058
78
87509
79
87629
78
88079
32
88460
72
88470
79
88550
32
88750
65
88981
78
89121
67
89301
79
89451
82
89702
65
89882
32
90433
67
90513
65
90703
80
90823
73
91014
84
91174
79
91234
32
91614
83
91855
69
92015
32
92225
83
92446
79
92656
78
92716
79
92976
32
93237
80
93617
73
96101
222
96191
85
96772
32
97172
86
97643
69
97823
82
97904
69
98184
32
98494
76
98595
69
98765
32
98935
80
99095
65
99376
82
01759
79
01939
76
02070
69
02230
32
02390
67
02570
72
02660
69
02871
32
03532
80
03672
82
03792
79
04022
86
04112
69
04263
78
04543
71
04693
79
04914
78
04994
79
05114
32
05985
68
06085
65
06726
76
06876
76
07027
65
07347
32
07597
77
07738
69
07808
78
08078
84
08198
69
08409
32
08629
79
08899
32
09230
68
09320
65
09480
76
09590
32
09731
67
09911
85
09971
79
10171
82
10261
69
