01798
16
02098
67
02238
73
02288
65
02429
79
03040
32
03430
78
03480
79
03550
78
03650
32
03811
80
03951
79
04101
83
04211
83
04291
79
04381
32
04512
68
04612
73
04762
82
04872
69
04992
32
05133
67
05223
72
05353
69
05413
32
06084
8
06224
8
06945
73
07045
32
07135
83
07246
79
07466
78
07526
79
07616
32
07977
65
08057
76
08307
84
08427
82
08568
73
08698
77
08778
69
08878
78
09028
84
09178
73
09329
32
10000
86
10120
69
10350
82
10460
82
10580
69
10911
66
11031
69
11171
32
11482
77
11572
69
11692
78
11942
79
12093
32
12273
81
12423
85
12513
65
12643
78
12874
84
13034
79
13154
32
13565
68
13715
69
13915
84
14025
84
14095
79
14206
32
14356
78
14426
69
14586
76
14696
76
14817
65
14897
32
15057
77
15147
65
15267
73
15417
76
16349
190
16499
190
17681
67
17791
77
17901
81
18031
32
18582
83
18692
79
18892
78
18942
79
19063
32
19724
70
19854
69
21106
76
21246
73
21386
67
21466
69
21586
32
21746
68
21827
73
21917
32
22027
80
22157
79
22327
84
22457
69
22618
82
22788
32
22968
67
23058
79
23229
78
23389
84
23519
82
23679
73
24070
66
24250
85
24390
73
24540
82
24551
84
25602
8
25932
69
26183
32
26684
73
26844
78
26934
32
27084
81
27234
85
28096
65
28226
76
29257
67
29347
72
29448
69
29498
32
29728
77
29938
79
30199
68
30299
79
30379
32
30489
65
30589
76
30699
76
30779
65
30900
32
31330
82
31511
73
31771
67
31931
69
32071
82
32492
67
32742
65
32953
32
33183
190
33333
190
34365
8
34525
8
34695
8
35106
32
35466
16
35566
190
35787
16
36017
57
36818
32
37900
16
38170
49
39752
8
40113
8
40834
190
40964
190
41184
83
41325
80
41445
69
41595
82
41735
79
41825
32
42126
86
42216
73
42346
86
42586
65
42807
77
42957
69
43077
78
43348
84
43808
69
43938
32
44099
67
44229
72
44349
69
44419
32
44720
81
44880
85
44990
69
45140
83
45551
84
45651
79
45771
32
46442
77
46602
73
46752
79
46863
32
47103
67
47183
79
47393
78
47614
84
47754
82
47894
73
48184
66
48335
85
48595
84
48705
79
48775
32
48896
65
49026
76
49136
76
49236
65
49376
32
54654
83
54834
67
55074
73
55195
69
55335
78
55655
90
55735
65
55886
32
56156
80
56286
79
56486
83
56587
83
57518
65
58079
32
58479
80
58609
79
58870
82
59050
84
59230
65
59461
82
59551
69
59741
32
61474
76
61664
219
61954
85
62205
79
62395
77
62555
79
62695
32
62886
86
62946
69
63507
82
63717
83
63817
79
63907
32
64047
79
64328
82
64418
73
64868
90
64969
90
65119
79
65319
78
65680
84
65790
73
66180
32
66431
73
66611
78
66861
69
67042
83
67372
80
67542
76
67813
79
68093
82
68223
65
68434
84
68604
79
68874
8
69044
73
69946
32
70166
16
70276
56
70527
77
70627
65
70727
32
70877
83
71007
73
71168
78
71538
67
71648
69
71879
82
72099
65
72239
77
72489
69
72610
78
72740
84
72840
69
73010
32
73541
78
73681
69
73761
32
74773
68
74923
85
75173
66
75293
73
75484
84
75594
79
75864
16
76305
57
78047
190
78899
32
79149
16
79500
68
79690
69
79900
86
80010
79
80090
32
80211
65
80351
77
80471
77
80581
69
80761
84
80861
69
81032
82
81142
69
81292
32
81512
67
81713
72
81813
69
81903
32
82123
67
82253
79
82414
77
82764
80
82914
76
83045
69
83225
84
83355
65
83525
82
83605
69
83816
32
84056
76
84286
219
84507
73
84657
78
84837
84
84907
69
85128
82
85258
79
85458
32
88683
70
88793
79
89003
71
89083
76
89234
73
89374
79
91066
16
91337
50
91577
37
92048
37
92078
37
92108
37
92138
37
92168
37
92198
37
92228
37
92258
37
92488
39
92678
39
92949
16
93369
50
93770
35
94241
32
94942
78
95042
79
95102
78
95222
32
95482
83
95573
73
95793
32
95923
83
96143
84
96264
65
96444
32
96604
82
96724
73
96945
86
97015
69
97215
76
97305
65
97465
78
97746
68
97856
79
97936
32
98076
80
98166
69
98297
82
98437
32
98607
78
98797
85
98968
76
99098
76
99168
65
99288
32
99428
70
99498
65
99689
67
99809
73
99949
76
00069
69
01932
32
02042
67
02192
77
02292
87
02963
8
03073
81
03314
32
04806
80
04966
79
05277
83
06028
8
06709
84
06789
82
06979
69
07149
73
07360
32
09493
67
09613
79
09763
77
09933
80
10124
76
10254
69
10464
84
10574
65
10744
82
10845
69
10985
32
11125
81
11275
85
11385
69
11546
83
11766
84
12106
69
12237
32
12467
80
12597
79
12777
67
12918
72
13028
69
13108
32
13358
82
13488
73
13769
71
13899
72
14029
69
14119
32
14290
77
14390
69
14490
78
14720
67
14790
65
14971
78
15141
84
15281
73
15411
32
16383
67
16503
79
16673
77
16783
77
16923
69
16983
78
17134
84
17254
65
17604
78
17895
68
18015
79
19187
32
19427
67
19607
73
20549
192
20659
32
20749
67
20919
72
21019
69
21109
32
21310
65
22531
8
23012
186
23122
32
23423
65
23643
67
23753
67
24294
65
24514
68
24825
85
25095
84
25195
79
25265
32
25385
73
25896
69
26056
82
26167
73
27018
80
27388
8
27509
32
27629
80
27779
79
28840
77
28921
69
29091
82
29241
73
29652
71
29772
73
30683
8
31264
71
31815
73
31955
79
32856
190
33026
190
33187
190
33367
76
33457
65
33587
32
34018
16
34178
74
34408
85
34909
86
35029
69
35200
32
35600
186
35690
32
35881
68
36021
73
36321
86
36401
69
36552
78
36762
70
37273
8
37513
84
37563
65
37813
84
37873
65
38234
32
38364
67
38965
65
39175
77
39406
80
39566
73
39696
79
39906
78
39986
69
40107
32
40197
68
40347
69
40527
76
44954
32
45234
67
45314
65
45444
77
45615
80
45775
73
45795
85
45915
79
46095
78
46175
65
46376
84
46466
79
46576
32
46736
68
46816
73
46906
32
47457
67
47507
65
47648
76
47948
67
48078
73
48218
79
48318
32
48529
73
48789
84
48859
65
49040
76
49180
73
49520
65
49650
78
49831
79
50091
190
50231
190
50391
190
51353
79
51623
82
51733
82
51824
79
51974
82
52194
69
52414
16
52655
49
52775
49
54177
16
54658
16
54688
16
54718
16
54728
86
55359
65
55529
66
55659
66
56090
186
56270
32
57962
65
58253
68
58413
32
58613
65
58914
8
59074
69
59254
83
59374
83
59555
69
59705
82
59795
69
59945
32
60055
67
61037
8
61568
83
61798
73
62078
78
62299
67
62399
69
62599
82
62709
79
62789
32
62939
85
63060
78
63160
32
63300
80
63420
79
63550
219
63671
32
63901
69
64321
8
64492
77
64572
69
64692
32
65213
76
65333
79
65443
32
65593
65
65713
83
65864
80
66034
69
66244
84
66364
84
66495
65
66655
86
66765
79
66845
32
67316
85
67456
78
67576
32
67686
80
67817
79
67967
219
68057
32
68377
80
68477
69
68598
82
68768
32
70881
76
70971
65
71061
32
71492
70
71612
79
71712
82
72023
90
72113
65
72253
32
72373
68
72513
69
72684
76
72794
76
72874
65
72994
32
73104
16
73364
74
73595
85
73945
86
73995
69
74186
32
74436
85
74566
78
74726
32
75197
80
75337
79
75508
219
75728
32
76159
80
76279
69
76369
82
76569
32
77841
76
78031
219
78312
73
78492
78
78722
67
78842
69
79213
8
79313
82
79373
69
80024
68
80134
73
80695
66
80885
73
81026
76
81176
69
81266
32
81466
83
81787
84
81917
85
82267
80
82418
73
82678
70
83129
8
83269
68
83349
73
83579
84
83940
222
84040
32
84210
68
84290
69
84460
76
84571
76
84721
219
84971
16
85121
73
85332
78
85512
84
85612
69
85782
82
85872
69
86994
8
87264
32
87565
69
87715
32
88096
8
88276
68
88446
32
88707
73
88887
78
89267
70
89367
73
89538
78
89718
69
89838
32
91130
80
91230
69
91380
82
91731
32
91961
76
92131
219
92392
73
92572
78
92832
67
93053
82
93163
69
93363
68
93503
73
93844
66
93974
73
94114
76
94575
69
94765
32
95086
16
95126
83
95136
17
96077
8
97069
83
97189
70
97379
73
97599
71
97760
65
97870
32
98010
67
98140
72
98240
69
98320
32
99442
67
99582
79
99772
78
00043
84
00193
82
00463
65
00734
68
00844
68
01144
73
01375
83
01735
84
01865
73
02066
78
02436
71
02607
85
02797
69
02977
32
03508
16
03958
67
04279
85
04469
80
04619
69
04780
82
05070
16
05300
49
05481
49
06172
49
07303
16
07784
16
07814
16
07844
16
07874
16
07904
16
07934
16
07964
16
07994
16
08024
16
08054
16
08084
16
08114
16
08144
16
08175
16
08205
16
08235
16
08265
16
08295
16
08325
16
08355
16
08385
16
08415
16
08445
16
08475
16
08505
16
08535
16
08565
16
08585
49
09026
49
09476
49
18339
16
18820
16
18850
16
18880
16
18910
16
18940
16
18970
16
19000
16
19030
16
19060
16
19090
16
19120
16
19150
16
19180
16
19210
16
19240
16
19270
16
19301
16
19331
16
19361
16
19391
16
19421
16
19451
16
19481
16
19511
16
19541
16
19571
16
19601
16
19631
16
19661
16
19691
16
19721
16
19751
16
19781
16
19821
16
19841
16
19881
16
19911
16
19941
16
19972
16
19982
67
20242
65
20482
67
20582
67
20783
72
22125
73
22275
79
22405
32
22555
83
22645
79
22856
78
22896
79
22996
32
23156
83
23396
84
23527
65
23907
84
24047
79
24137
32
24818
66
24979
85
25279
71
25399
71
25590
69
25720
82
25950
65
26751
84
26881
79
27853
190
28033
190
28173
190
28714
67
28864
72
29405
8
29635
82
29756
69
30066
68
30136
69
30366
86
30497
79
30627
32
30947
67
31057
72
31158
69
31228
32
31428
76
31558
79
31658
32
31778
83
31929
80
32009
65
32429
90
32560
73
32690
79
32850
32
33030
70
33110
79
33331
83
33461
83
33641
69
33751
32
33922
70
34022
73
34202
78
34382
73
34502
84
34613
79
36275
32
36425
73
36545
78
36836
86
36916
69
37116
67
37166
69
37326
32
37487
77
37627
73
37707
32
37857
80
37927
65
38068
82
38168
69
38338
32
40862
85
41022
78
41332
219
41573
73
41783
78
41963
84
42083
69
42324
82
42534
77
42694
73
42864
78
42955
65
43315
66
43445
73
43585
76
43686
69
43796
32
43996
80
44076
69
44206
82
44577
71
44737
65
44877
77
45158
69
45268
78
45398
84
45869
8
46119
78
46219
65
48072
8
48162
8
48593
65
49003
190
49153
190
49304
190
49494
77
49564
65
49764
78
49885
78
49975
65
50195
71
