22511
0
22696
76
22764
65
22965
32
23857
8
24047
8
24350
0
25128
0
25838
97
26125
32
27333
109
27473
111
28009
98
28171
105
28395
108
28593
105
28949
116
29422
-32
29655
32
29814
97
30977
8
31081
115
31294
101
32035
109
32517
112
32627
114
32705
101
32907
32
33667
112
33916
105
35805
-7
36077
32
36240
115
36549
112
36841
105
37062
110
37441
116
37737
97
39192
32
42022
114
42122
105
42483
99
42733
104
42988
105
43169
101
43643
115
43960
116
44112
97
44245
32
44514
100
44656
97
44805
32
45019
97
45253
108
45647
99
45875
117
46045
110
46302
101
46486
32
46811
97
47176
116
47341
116
47428
105
48082
118
48233
105
48640
116
49371
-32
51870
32
53488
112
54006
111
54298
114
54560
116
54836
97
55043
32
55279
97
55452
32
56129
112
56410
114
56474
101
56972
110
57318
100
57411
101
57649
114
57781
101
58328
44
58479
32
60075
97
60212
32
60797
118
60988
111
61216
108
61631
116
62001
101
69260
44
72307
13
89662
0
89919
0
90488
0
90718
0
90896
0
92211
105
92390
110
92573
32
92810
99
93072
111
93326
110
93653
115
93855
105
94364
100
94459
101
94982
114
95182
97
95553
122
95759
105
95940
111
96164
110
96307
101
96416
32
98628
100
98802
105
98934
32
00171
114
00272
105
00476
109
00829
112
01114
105
01302
97
01747
122
01915
122
02124
97
02444
114
02532
101
02655
32
02998
105
03215
108
03379
32
03560
112
03752
114
03944
111
04265
112
05694
114
05817
105
06016
111
06169
32
06408
99
06599
111
06852
109
07219
112
07606
117
08357
116
08455
101
08617
114
08810
32
09091
100
09314
97
09448
32
09633
115
09895
99
10288
114
10452
105
10758
118
11106
97
11269
110
11467
105
11666
97
13285
13
18082
99
18208
111
18438
110
18601
32
18997
117
19156
110
19328
97
19625
32
20184
112
20370
111
20606
115
20952
116
21097
97
21559
122
21710
105
21913
111
22136
110
22322
101
22487
32
22750
109
23066
111
24141
98
24316
105
24541
108
24753
101
29141
44
29292
32
29475
99
29742
111
30755
115
30888
-20
31144
32
31900
100
31977
97
32083
32
32520
112
32990
111
33531
116
33630
101
33816
114
33880
32
34521
99
34990
111
35236
110
35686
116
35818
105
36053
110
36327
117
36590
97
36885
114
36953
101
37139
32
37360
105
37564
108
37730
32
37944
112
38447
114
38579
111
38977
112
39271
114
39455
105
39648
111
39870
32
40047
108
40214
97
41007
118
41108
111
41477
116
41950
8
42125
114
42461
111
43422
13
50859
97
50982
110
51287
99
52005
104
52062
101
52194
32
53259
102
53431
117
54119
111
54672
114
54826
105
54989
32
55165
100
55245
97
55540
108
55700
108
56165
39
56707
117
57400
102
57544
105
57854
99
58061
105
58341
111
60143
32
61606
111
61783
32
62019
112
62199
114
62272
101
62639
115
62780
115
62924
111
63092
32
63229
108
63349
97
63499
32
64326
112
65046
114
65906
111
66177
112
66689
114
66812
105
67001
97
67181
32
67501
97
68691
98
68841
105
69158
114
69604
8
69806
116
69997
97
70476
122
70743
105
70935
111
72049
110
72149
101
75191
46
76314
13
79231
0
80486
81
80620
117
81428
101
81637
100
82276
8
82445
115
82766
116
83064
111
83285
32
83403
0
83866
84
84206
104
84773
117
84956
110
85429
100
85515
101
85714
114
85873
32
86421
0
86547
78
86815
111
87581
116
87659
101
93788
32
94595
118
94670
105
94907
110
95312
8
95710
101
95835
110
96028
32
96567
8
97500
101
97628
32
98059
112
98283
114
98436
111
98713
112
98920
111
99258
115
99779
116
99900
111
00096
32
00415
100
00538
97
00662
32
03521
0
04314
65
05305
118
05406
97
05793
108
06022
111
06258
110
06451
32
06691
0
06860
67
07067
111
07352
109
07779
112
08207
117
08978
116
09090
101
09244
114
15560
32
16455
99
16519
111
16790
109
16967
101
17111
32
17456
102
17791
8
17977
115
18305
111
18497
108
18807
117
19428
122
19659
105
19844
111
20094
110
20235
101
20371
32
20673
99
20966
111
21419
109
21702
112
22581
108
22715
101
23030
116
23288
97
23505
32
26618
112
26752
101
26882
114
27029
32
27350
117
28020
102
28162
102
28283
105
28659
99
28873
105
29086
111
32789
32
33675
13
35842
101
35985
32
36773
116
36931
114
37233
97
37536
122
37965
8
38110
115
38686
102
38920
101
39053
114
39292
116
39790
97
41459
44
47026
32
48344
99
48414
111
48642
110
48803
32
49462
117
49620
110
49783
97
49961
32
50707
100
50819
111
51139
116
51373
97
51722
122
51906
105
52088
111
52328
110
52461
101
52618
32
52916
99
53119
111
53590
109
54137
112
54358
108
54520
101
54893
116
55117
97
55303
32
61686
97
61893
100
61900
115
62012
32
62826
8
63001
8
63467
32
64060
117
64176
110
64326
32
64823
112
65070
114
65138
101
65689
122
65834
122
66011
111
66154
32
66916
112
67193
105
67745
117
68121
116
68279
116
68375
111
68792
115
69097
116
69268
111
69462
32
69701
99
69884
111
70138
110
70508
99
71079
111
71620
114
71753
114
71886
101
72129
110
72631
122
73162
105
73273
97
73507
108
73783
101
76507
46
79260
32
79333
0
79836
0
80222
13
80565
0
81129
73
81995
110
82749
102
82885
97
83321
116
83465
116
83596
105
83990
44
84125
32
84791
112
84916
101
85078
114
85239
32
86432
112
86611
111
88132
99
88317
111
88622
32
88919
112
89319
105
90221
-7
90499
32
90988
100
91150
105
91319
32
91843
50
92097
48
92271
48
92441
48
93250
32
94132
101
94300
117
94848
114
95047
111
98216
44
98378
32
98826
100
98993
105
99246
115
99652
112
99916
111
00241
110
00411
101
00567
32
00757
100
00951
105
01145
32
01375
117
01550
110
01634
32
01985
0
02159
77
02645
8
03483
109
04061
111
04348
110
04526
105
05581
116
05701
111
08197
114
13737
32
13876
0
14412
84
15026
102
15137
116
15313
32
18978
100
19058
97
19158
32
19818
98
20235
101
20413
110
20578
32
22201
49
22382
53
24378
39
24504
39
25600
13
28286
8
29112
44
29991
13
36450
50
36723
53
36927
54
37711
0
38428
77
39571
98
39775
121
40165
116
40272
101
40386
32
40730
100
40924
105
41147
32
44311
109
44386
101
44571
110
44973
8
45418
109
45956
111
46607
114
46736
105
46929
97
47079
32
47742
0
48067
82
48357
65
48633
77
54310
32
54428
0
55052
40
56355
101
56563
115
56903
112
57046
97
57353
110
58000
100
58096
105
58891
98
59041
105
59323
108
59844
101
59998
32
60322
102
60683
105
61019
110
61276
111
61492
32
61732
97
61869
32
62657
51
62723
50
63195
48
63682
0
64153
41
70445
32
71612
101
71847
100
71984
32
72327
110
72597
32
73271
8
73455
8
74034
117
74211
110
74458
32
74818
112
75960
114
76113
111
76463
99
76600
101
76997
115
77166
115
77336
111
77629
114
77693
101
78722
13
78937
0
79380
73
79651
110
80111
116
80267
101
80543
108
80748
32
80904
0
81089
80
81441
101
81711
110
82193
116
82362
105
82584
111
82980
8
83381
117
83575
110
84421
109
85667
8
85874
8
86949
109
87145
32
87352
0
88600
73
88745
73
88911
73
91115
32
93134
97
93302
32
94473
49
94611
46
94770
49
95960
48
96147
48
96390
32
96715
0
98965
77
00527
72
01153
122
01352
32
03660
8
06787
44
07006
32
07751
97
07892
32
08302
116
08516
101
08778
115
09328
116
09469
105
09706
109
09882
111
10201
110
10507
105
10688
97
11067
110
11726
122
11867
97
12042
32
12577
100
12701
105
12818
32
13249
112
13474
111
14580
116
14818
101
14925
114
15132
32
15637
114
15780
105
16014
109
16939
112
17171
105
17342
97
17880
122
18052
122
18279
97
19048
114
19132
101
19794
13
20560
97
20692
32
21115
112
21474
105
22034
101
22142
110
22470
111
27257
8
27446
8
27640
8
27831
8
28016
8
28245
8
29111
112
29253
112
30353
105
30459
101
31142
110
31399
111
31762
32
32123
108
32235
97
32370
32
32795
112
39262
8
39494
8
40159
8
40464
8
41118
117
41269
110
41412
32
41948
0
42538
80
42802
0
43467
67
43740
32
43971
100
44103
101
44586
115
45455
107
46161
116
46915
111
47089
112
47313
32
48128
100
48277
97
48439
32
48798
117
49493
102
49620
102
49747
105
50288
99
50462
105
50668
111
51452
46
