66866
16
67076
83
67216
80
67396
69
67657
83
67817
83
67937
79
68157
32
68768
68
69049
65
69409
8
69600
8
70000
8
70621
188
70781
32
71002
68
71142
65
71282
32
71412
81
71532
85
71723
78
72303
8
72474
65
72624
78
72784
68
72914
79
73165
32
73665
77
73846
73
74036
32
74256
84
74366
82
74507
79
74747
86
74987
79
75468
32
76289
65
76640
8
76970
80
77110
82
77240
79
78082
8
78262
8
78833
8
79193
80
79313
82
79504
69
79744
83
79914
83
80055
79
80285
32
80565
81
80736
85
80836
69
81046
83
81176
84
81286
65
81427
32
81867
70
81957
65
82198
67
82318
79
82478
76
82728
84
83149
65
83279
222
83510
32
83650
32
84190
8
84371
8
84531
8
85182
222
85362
65
86123
8
86904
8
87806
84
88006
192
88196
65
89118
188
89308
32
91761
77
91932
73
92122
32
92272
83
92382
79
92583
78
92593
66
92763
79
92963
32
93183
84
93334
82
93424
79
93644
86
93764
65
93864
70
94986
8
95747
84
95847
79
96048
32
96208
68
96318
73
96498
32
96939
86
97289
8
97460
70
97560
79
97680
82
97800
78
98020
84
98161
69
98441
8
98601
8
98771
8
98942
8
99102
8
99362
82
99863
79
00103
78
00304
84
00434
69
00574
32
00734
69
00864
32
02026
80
02186
65
02357
71
02567
73
02747
78
03078
69
03248
32
03408
83
03518
73
03699
77
03859
73
04039
76
04219
69
04380
32
04700
8
04860
8
05191
79
05201
73
05641
8
05802
8
06342
73
06543
32
06833
65
06973
32
07093
81
07234
85
07344
69
07544
83
07694
84
07794
65
08235
188
08405
32
08556
68
08656
79
08906
86
09267
69
10058
32
10438
68
10588
79
10849
66
11019
66
11380
8
11550
8
11720
8
11890
8
12451
68
12651
69
12782
86
12992
79
13172
32
13342
82
13483
73
13613
69
13743
77
13933
80
14144
73
14264
82
14454
69
14644
32
14835
68
15035
69
15455
73
15686
32
15816
70
15936
79
16026
82
16186
77
16727
188
16908
32
17168
79
17368
80
17518
80
17789
85
17969
82
18189
69
18450
32
21785
83
21995
69
22215
76
22365
69
22876
90
23056
73
23197
79
23397
78
23497
65
23747
82
24098
69
24268
32
24549
79
24819
80
25300
90
25460
73
25600
79
25810
78
26011
73
26371
32
26662
80
26822
69
27022
82
27152
32
27363
80
27613
79
28114
84
28254
69
28334
82
28524
32
28674
65
28945
67
29085
67
29205
69
29295
68
29426
69
29526
82
29636
69
29926
32
30237
65
30357
71
30587
76
30747
73
30948
32
31068
69
31278
83
31478
65
31599
77
31759
73
32190
190
32420
32
32730
16
32860
80
33121
85
33421
82
33602
84
33772
82
34092
79
34252
80
34413
80
34573
79
34773
32
34974
80
35104
69
35304
82
36205
192
36436
79
36676
32
38388
76
39420
222
39670
32
40401
79
40672
82
40862
71
40982
65
41573
78
41723
73
41954
90
42114
90
42334
65
42504
90
42625
73
42755
79
42945
78
43065
69
43175
32
43295
68
43426
73
43606
32
44007
81
44177
85
44277
69
44457
83
44557
84
44758
79
44768
48
44938
32
45799
8
45959
8
46210
32
46550
83
46650
73
46841
83
47031
84
47161
69
47351
77
47842
65
48483
32
48703
68
48823
73
49114
68
49214
65
49314
84
49444
84
49915
73
50215
67
50326
79
50506
32
50716
78
50926
79
51117
78
51277
32
52459
69
52729
32
53170
8
53330
8
53520
192
53911
69
54041
32
54452
80
54622
82
54782
79
55213
8
55793
73
56024
86
56124
65
56254
32
56384
68
56484
73
56685
32
56905
76
57015
65
57706
85
58277
8
58457
67
58597
85
58848
78
59268
69
60991
16
61161
186
61512
32
62042
80
62173
69
62353
82
62533
32
62753
69
62944
83
63154
69
63274
77
63284
188
63775
8
64326
80
64546
73
64726
79
64967
32
67330
86
67470
69
67630
78
67851
71
68071
79
68261
78
68432
79
68602
32
68812
65
69022
70
69163
70
69784
73
70054
83
70284
83
70525
73
70965
32
71276
78
71466
85
71646
77
71796
69
71997
82
72107
79
72237
83
72357
73
72548
32
72698
65
72808
86
72938
86
73158
73
73339
83
73449
73
73719
32
74510
67
74621
65
74731
82
74891
84
75011
65
75372
67
75482
69
75732
73
76453
32
76874
67
77224
72
77344
69
77515
32
77775
68
78566
8
84795
83
84895
79
85096
78
85266
79
85466
32
85646
83
85827
80
86217
69
86638
8
86938
65
87509
82
87689
83
87900
73
88150
32
88791
78
89121
69
91575
76
93347
76
93518
69
93638
32
93858
86
93958
65
94089
82
94369
79
94379
73
94509
69
95370
8
95531
8
96161
8
96442
73
96552
69
96682
32
97153
66
97303
65
97614
67
97764
72
97874
69
98094
67
98365
72
98485
69
98625
32
99647
73
99847
78
00017
32
00217
77
00428
79
00698
68
00908
79
01279
32
02601
81
02731
85
02851
65
03041
83
03051
68
03152
73
03352
32
03792
8
03943
8
04113
8
04734
73
04934
32
05094
69
05174
78
05375
84
05515
82
05885
79
06136
80
06346
73
06556
67
06717
79
07828
190
07999
32
08169
16
08329
73
08519
76
08720
32
08890
82
09020
73
09180
83
09290
85
09491
76
09701
65
09781
84
09961
84
10522
8
11363
79
11594
32
12505
37
12685
37
12845
37
13186
37
13837
84
14097
39
14268
39
14428
39
14708
39
15690
192
15880
69
16120
32
16671
67
16821
72
16941
69
17082
32
17282
78
17472
79
17662
78
17833
32
17973
83
18083
73
18283
32
18454
83
18694
65
24012
32
24272
77
24432
65
24642
73
24883
32
25063
68
25163
79
25464
86
25574
69
25724
32
25924
65
26064
78
26225
65
26295
68
26465
65
26525
82
26725
69
26886
32
27537
8
27707
8
27867
8
28047
8
28218
8
28798
8
28939
68
29179
65
29580
82
29680
69
29920
32
30220
65
30361
32
30591
76
30701
69
31182
71
31332
71
31422
69
31532
82
31633
69
31773
32
32243
71
32504
76
32664
73
32834
32
33004
65
33115
86
33235
86
33445
73
33585
83
33685
73
33886
32
34046
69
34166
32
34527
83
34687
73
34907
32
35087
70
35198
73
35388
78
35578
73
35698
83
35849
67
35939
69
36059
32
36259
67
36369
79
36560
77
36700
69
36850
32
37371
81
37511
85
37641
69
37841
83
37932
84
38162
79
38362
32
38582
76
38833
85
39013
78
39153
69
39364
68
39904
192
40075
73
40415
32
41196
81
41326
85
41457
65
41597
78
41737
68
41817
79
42047
32
42438
16
42678
67
42899
86
43079
83
43500
32
44441
192
44591
69
44841
32
45082
83
45202
84
45352
65
45462
84
46304
79
46514
32
46654
65
46784
78
46924
78
47115
85
47345
76
47495
76
47615
65
48056
84
48196
84
48457
79
48657
32
49007
69
49188
32
52262
71
52402
69
52503
78
52693
84
52803
69
52963
32
53564
67
53684
79
53884
77
54025
69
54115
32
54896
65
54996
76
55236
67
55387
85
55557
78
56128
8
56608
8
56648
8
56679
8
56709
8
56739
8
56769
8
56799
8
56829
8
56859
8
56889
8
56919
8
56959
8
56989
8
57019
8
57049
8
57079
8
57109
8
57920
69
59312
32
59603
65
59743
76
59923
67
60033
85
60214
78
60314
69
60404
32
60604
80
60714
69
60975
83
61596
8
61706
82
61986
83
62086
79
62307
78
62497
69
63138
188
63378
32
63959
67
64049
79
64259
77
64380
69
64510
32
65010
85
65201
78
65371
32
65551
77
65722
73
65872
79
66072
32
66252
65
66302
77
66483
73
66623
67
66763
79
67604
188
67865
32
69207
72
69327
65
69587
78
69737
78
69918
79
70138
32
71069
70
71169
65
71290
84
71420
84
71660
79
71900
32
73202
79
73222
80
73783
8
73983
8
74524
80
74755
73
75546
192
75816
85
76046
32
76267
68
76427
73
76677
32
77128
85
77308
78
78230
222
78450
32
78710
79
78910
82
79191
65
79361
32
79511
68
79632
73
79822
32
80272
86
80513
73
80633
65
80753
71
80863
71
81124
79
81144
73
81284
79
81725
8
81895
8
82045
8
82476
73
82616
79
82816
32
83066
73
83257
78
83447
85
83878
84
84148
73
84388
76
84769
77
84939
69
85039
78
85250
84
85380
69
86051
190
86241
32
86391
16
86511
70
86752
79
86932
82
87162
83
87373
69
87553
32
88094
82
88484
8
88675
83
88885
65
89285
82
89486
69
89626
66
89776
66
89856
69
89976
32
90207
80
90407
73
91008
192
91208
85
91418
32
92069
85
92300
84
92430
73
92640
76
92881
69
93061
32
94833
76
95024
65
95244
83
95324
67
95544
73
95765
65
96075
82
96205
69
96346
32
96726
83
96866
84
96986
65
97337
82
97477
69
97607
78
98168
8
98659
32
98959
84
99079
65
99260
78
99450
84
99570
69
99700
32
00712
70
00842
79
00992
82
01152
77
01323
65
01473
76
01653
73
02114
84
02575
65
02775
222
03666
32
04147
8
04317
8
04537
192
04868
65
05078
32
05749
69
05909
32
06130
82
06340
69
06590
78
06921
68
07141
69
07391
82
07592
69
07802
32
12319
76
12439
69
12559
32
12739
67
12859
79
13030
77
13891
85
14081
78
14251
73
14572
67
14852
65
15072
90
15223
73
15373
79
15573
78
15753
73
15984
188
16174
32
16444
76
16565
69
16755
32
17186
73
17356
83
17596
67
17927
82
18157
73
18487
90
18608
73
18768
79
19138
78
19369
73
19389
79
19669
32
19919
8
20060
8
20340
32
20500
69
20610
32
20771
67
20881
79
21031
83
21472
69
21742
32
21892
68
22032
73
22253
32
22433
81
22603
85
22703
69
22904
83
22994
84
23214
79
23404
32
23775
84
23875
73
24085
80
24286
79
24526
32
24917
80
25127
73
25507
192
25708
85
25948
32
26489
70
26609
65
26729
67
26990
73
27180
76
27340
73
28281
188
28452
32
28682
80
28892
73
29223
192
29373
85
29573
32
29934
65
30094
32
30364
77
30565
73
30775
83
31336
85
31576
82
31686
65
31857
32
33058
68
33259
222
33509
32
34200
85
34370
79
34581
77
34751
79
35762
190
35922
190
36073
190
36523
32
36954
16
37304
80
37685
65
37925
83
38086
83
38276
73
38476
65
38927
77
39127
79
39708
8
39858
8
40028
8
40209
8
40339
69
40569
82
40789
69
41400
77
41581
79
41771
32
41981
76
42151
65
42312
32
42582
78
42802
79
43213
83
43333
84
43483
82
43573
65
43714
32
43934
86
44134
73
44345
84
44465
65
44625
32
45116
65
45246
32
45486
67
45596
79
45837
77
46468
66
46608
65
46718
84
46868
84
47008
69
47079
82
47219
69
47309
32
47509
67
47579
79
47810
78
48400
84
48531
82
48781
79
48991
32
49832
73
50063
32
50293
16
50564
80
50774
67
52066
32
52336
69
52456
32
52787
65
52967
32
53938
67
54049
69
54159
82
54319
67
54419
65
54549
82
54649
69
54800
32
54960
68
55070
73
55280
32
55491
80
55621
82
55761
79
56302
71
56432
69
56522
84
56672
84
56782
65
56913
82
57063
69
57203
32
57944
83
58074
73
59907
83
60037
84
60147
69
60328
77
60498
73
60688
32
60908
79
61089
80
61229
69
61419
82
61549
65
62160
84
62391
73
62601
86
62731
73
62931
32
65695
68
65805
73
66036
86
66166
69
66276
82
66446
83
66677
73
66857
32
67848
68
68109
65
68339
32
68579
16
68850
87
69100
73
69300
78
69431
68
69531
79
69681
87
70042
83
70582
32
70893
16
71043
57
71303
79
71524
83
71684
83
71974
73
72275
65
72455
32
72916
67
73056
72
73176
69
73316
32
73597
70
73717
85
73907
78
74047
90
74157
73
74328
79
74568
78
75109
73
75369
78
75700
79
77352
16
77843
16
77873
16
77903
16
77933
16
77963
16
77993
16
78033
16
78063
16
78093
16
78123
16
78153
16
78183
16
78213
16
78243
16
78273
16
78303
16
78333
16
78363
16
78404
16
78434
16
78464
16
78494
16
78524
16
78554
16
78584
16
78614
16
78644
16
78674
16
78694
48
79295
188
79505
32
80236
80
80376
69
80617
82
81127
67
81288
72
82409
192
83931
222
84482
8
85644
72
85994
186
86385
8
86545
8
86796
8
87507
72
87897
222
88188
69
88398
32
88899
67
89089
79
89299
77
89489
73
89660
78
89810
67
89890
73
90080
65
90661
82
90781
69
90972
32
91833
65
92223
68
92434
69
92704
83
92884
83
93035
79
93255
32
93415
65
94397
70
94577
69
94717
82
95027
8
95198
8
95358
8
95628
32
95879
70
95979
65
96099
82
96229
83
96389
73
96570
32
96800
86
96920
69
97070
78
97251
73
97511
82
97711
69
97922
32
98482
76
00135
222
00365
32
01016
85
01216
76
01407
67
01597
69
01737
82
01927
65
02468
16
02959
16
02989
16
03019
16
03049
16
03079
16
03109
16
03139
191
09498
13
09749
16
09909
71
10059
82
10179
65
10370
90
10510
73
10650
69
11962
190
12683
37
13043
37
13194
37
13354
37
13514
37
13654
37
13824
37
14255
8
14676
32
