25614
8
26265
32
26705
8
27006
32
28298
8
28868
8
29950
188
30100
32
31032
68
31192
73
31362
32
32043
82
32343
65
32774
71
32944
73
33145
79
33395
78
33585
69
33765
82
33906
73
34066
65
34226
32
35588
8
36069
8
36099
8
36129
8
36159
8
36189
8
36219
8
36249
8
36279
8
36309
8
36339
8
36690
8
36930
8
37110
8
37441
8
38192
32
38492
80
38763
82
38923
69
39143
83
39323
79
39474
32
39844
78
40004
79
40155
78
40435
32
40655
83
40866
69
41096
78
41296
90
41457
65
41577
32
41767
65
41917
76
42528
67
42668
85
42889
78
43059
65
43219
32
43990
68
44160
73
44681
70
44861
70
45172
73
45913
67
46033
79
46253
76
46454
84
47165
32
47746
8
47936
65
48487
192
48637
32
52102
188
52282
32
53263
78
53364
79
53494
78
53654
32
54515
86
54696
69
54916
68
55086
69
55246
86
55727
79
55907
32
56168
76
56969
192
57600
79
57800
32
58541
8
58771
8
60824
37
61065
37
61545
37
61575
37
61605
37
61636
37
61666
37
61696
37
61726
37
61756
37
61786
37
61816
37
61846
37
61876
37
61906
37
61936
37
61966
37
61996
37
62036
37
62056
37
62096
37
62126
37
62156
37
62186
37
62216
37
62697
39
63178
39
63208
39
63238
39
63268
39
63298
39
63328
39
63358
39
63388
39
63418
39
63448
39
63478
39
63869
37
64099
37
64730
39
65301
8
65511
8
66623
65
66823
192
67404
32
68576
8
68806
8
69897
65
70098
192
71450
39
72151
37
72441
32
73713
39
74324
37
74724
37
75075
39
75666
8
75936
8
77739
65
79421
192
81644
32
82405
40
84408
192
84518
79
84729
32
85620
8
85840
8
86782
79
86902
192
87483
8
88524
192
88624
79
89305
8
90126
38
91108
39
91589
39
91619
39
91649
39
91679
39
91709
39
91749
39
91769
39
91809
39
91839
39
91869
39
91899
39
91929
39
91959
39
91989
39
92019
39
92049
39
92079
39
92109
39
92139
39
92169
39
92199
39
92230
39
92260
39
92290
39
92320
39
92350
39
92380
39
92410
39
92440
39
92470
39
92610
38
93011
39
93551
8
93782
8
96375
192
96486
65
97998
32
99420
40
99650
39
00131
39
00161
39
00191
39
00221
39
00251
39
00281
39
00311
39
00341
39
00371
39
00401
39
00431
39
00461
39
00632
39
00842
39
01072
39
01773
8
02194
8
03596
192
03696
65
04808
40
06160
192
06690
79
07111
8
07552
192
07762
32
07942
79
09945
82
10065
65
49852
32
50053
68
50213
73
50383
32
50664
73
50834
83
51044
67
51314
82
51565
73
52376
86
52536
69
52696
82
53017
77
53247
73
53407
32
54119
81
54219
85
54399
73
54539
32
55791
86
56001
73
56372
83
56692
84
56872
79
57073
32
57273
67
57453
72
57614
69
57764
32
60047
76
61399
192
61780
32
62020
73
62220
32
62811
8
63322
78
64043
70
64203
79
64433
82
64654
77
64834
65
65164
84
65525
73
65825
67
66006
65
74638
32
81288
77
81548
73
81718
32
81928
80
82209
73
82449
65
82690
67
82870
69
83010
32
83320
77
83461
79
83661
76
83891
84
84022
79
84252
32
91883
8
92564
190
93605
32
97491
16
97972
72
98192
79
99093
32
99694
73
99894
78
00075
73
00756
90
01256
73
01407
65
01727
84
01937
79
02128
32
03880
73
04050
32
04241
67
04431
79
04671
82
04922
83
05372
73
05933
32
06794
68
06964
85
07085
69
07255
32
07425
83
07645
69
07906
84
08076
84
08186
73
08417
77
08607
65
08757
78
08917
69
09188
32
10570
70
10880
65
11801
192
12182
8
13884
192
14025
65
14545
32
15627
67
15787
73
15977
82
16518
67
16678
65
16849
32
22166
8
22697
188
22837
32
23839
69
24009
32
24169
65
24400
68
24580
69
24830
83
24990
83
25141
79
25331
32
25501
83
25852
84
26062
79
26262
32
26543
83
26873
84
27053
85
27564
68
27704
73
27885
65
28085
78
28495
68
28646
79
28816
32
29567
80
29777
69
29938
82
30138
32
30809
76
31039
79
31330
71
31540
73
32031
67
32221
65
32421
32
32621
69
32782
32
33122
80
33453
82
33643
79
34144
71
34294
82
34574
65
34835
77
35005
77
35115
65
35315
90
35455
73
35646
79
35886
78
36036
69
36938
32
37098
85
37308
78
37548
79
38169
8
38370
8
38530
8
38820
8
39271
32
40022
85
40172
78
40312
79
48054
188
48204
32
49245
72
49375
79
49536
32
49706
65
50066
84
50227
84
50397
73
51158
86
51328
65
51599
84
51759
79
51919
32
55234
76
55434
65
55554
32
55755
80
55995
79
56195
83
56506
84
56786
65
57637
32
57848
69
58078
76
58469
69
58709
84
58859
84
59039
82
59170
79
59430
78
59660
73
59911
67
60101
65
60281
32
60532
83
60722
79
60912
76
61112
79
61293
32
62074
79
62254
71
62404
71
62564
73
62755
32
63556
80
63876
69
64077
82
64227
32
64908
67
65028
85
65238
73
65419
32
66150
72
66290
79
66450
32
66640
76
66891
69
67161
84
67321
84
67472
79
67642
32
68593
83
68733
79
68954
76
69154
79
69334
32
69554
79
69745
82
70005
65
70155
32
70436
73
70676
76
70836
32
71057
77
71197
69
71627
83
71808
83
71968
65
72399
71
72539
71
72689
73
72849
79
73090
79
73590
8
73741
32
74502
69
75323
32
75954
72
76104
79
76324
32
76605
83
76815
67
77356
69
77526
76
77726
84
77846
79
78027
32
79008
68
79128
73
79299
32
79549
80
80240
65
80550
82
80761
84
80921
69
81371
67
81512
73
82794
80
82914
65
83194
82
83344
69
83535
32
84526
65
84676
76
84846
76
85838
32
85998
192
86569
8
86809
192
86919
32
87811
69
88041
83
88231
80
88422
69
88622
82
88842
73
89073
77
89373
69
89533
78
89653
84
89854
79
90044
32
93078
80
93229
69
93389
82
93589
32
93910
67
94410
85
94931
82
95021
73
95231
79
95492
83
95632
73
95862
84
97274
65
97415
192
97595
32
98176
8
98386
8
99478
192
99648
65
99968
32
00669
69
00870
32
01430
65
01621
78
01801
67
01991
72
02171
69
02322
32
02622
85
02832
78
03043
32
03253
80
04124
79
04915
192
05316
32
06397
80
06578
69
06788
82
06998
32
07639
68
07810
65
08080
82
08250
69
08440
32
08701
85
08901
78
09061
65
09212
32
09422
77
09592
65
09722
78
09973
79
10183
32
11134
8
11675
190
11855
32
12947
16
13127
76
14719
192
14870
32
15060
69
15320
83
16522
80
16722
69
16963
82
17143
73
17443
77
17704
69
17854
78
17984
84
18224
79
18425
32
18615
188
19827
8
20037
8
20267
8
21139
79
21369
32
21609
77
21870
73
22020
32
22360
72
22541
65
22691
32
22911
73
23182
78
23732
67
23843
85
24113
82
24273
73
24483
79
24774
83
24944
73
25164
84
25315
79
25515
32
25695
77
25936
79
26156
76
26296
84
26516
79
27358
32
53706
8
54306
188
54487
32
55658
78
55768
79
55869
78
56209
32
56820
80
57040
69
57521
78
58032
83
58192
65
58522
86
58723
79
58913
32
59614
67
59784
72
59924
69
60085
32
60425
65
60816
84
60996
84
61186
82
61557
65
61827
86
61987
69
62148
82
62528
83
62678
79
62849
32
63450
73
63700
76
63910
32
64862
77
65002
79
65533
68
65663
79
65833
32
66093
68
66264
73
66434
32
66594
83
66794
67
67035
82
67225
73
67525
86
67666
69
67846
82
68016
69
68186
32
68347
68
68517
73
68687
32
68887
85
69068
78
69228
65
69358
32
69558
80
69729
69
69849
82
70440
83
70550
79
70770
78
70920
65
71080
32
71281
83
71491
73
71671
32
72042
82
72553
73
72853
85
73083
83
73294
67
73604
73
73804
83
73955
83
74155
69
74285
82
74475
79
74646
32
74806
65
74956
32
75116
67
75287
65
75427
80
75677
73
75897
82
76038
69
76188
32
76348
84
76739
65
76899
78
77089
84
77269
69
77440
32
77700
67
77850
79
78081
83
78281
69
78431
32
86382
8
86953
188
87114
32
90518
68
90639
73
90849
67
90999
79
91209
32
91420
84
91971
65
92091
78
92271
84
92441
69
92652
32
92882
67
93072
79
93222
83
93433
69
93613
32
94194
80
94314
69
94464
82
94745
67
95115
72
95876
192
96137
69
96297
32
98029
71
98250
73
98690
192
98890
65
99101
32
00112
78
00262
79
00733
78
01114
32
01404
77
01664
73
01845
32
02025
82
02225
73
02606
67
02796
79
02946
82
03187
68
03347
79
03537
32
03737
80
04028
73
05079
192
05180
85
05380
32
11248
81
11368
85
11549
65
11749
76
12620
192
12760
32
13031
69
13211
82
13441
65
13612
32
13882
186
14753
8
15304
76
15504
79
16115
32
16336
83
16566
67
16716
79
16906
80
17117
79
17287
32
20411
78
20532
79
20622
78
20822
32
21223
8
21493
8
21723
8
21944
8
22434
8
22464
8
22494
8
22524
8
22555
8
22585
8
22615
8
22645
8
22675
8
22705
8
22735
8
22765
8
22795
8
22825
8
22855
8
22885
8
22915
8
22945
8
22975
8
23005
8
23035
8
23065
8
23095
8
23125
8
23155
8
23185
8
23215
8
23245
8
23276
8
23306
8
23336
8
23376
8
23406
8
23436
8
23466
8
23496
8
23526
8
23556
8
23586
8
23616
8
23646
8
23676
8
23706
8
23736
8
23766
8
23796
8
23826
8
23856
8
23886
8
23916
8
23947
8
23977
8
24007
8
24037
8
24067
8
24097
8
24127
8
24157
8
24197
8
24227
8
24257
8
24287
8
24317
8
24347
8
24377
8
24998
32
42002
32
42473
8
42673
8
44005
83
44336
65
44987
8
45157
8
45367
32
46078
83
46529
65
46849
82
47030
69
47280
66
47460
66
47611
69
47761
32
48021
67
48201
85
48812
82
48972
73
49183
79
49824
83
49964
79
62762
32
65356
83
65566
65
65777
80
65937
69
66127
82
66267
69
66428
32
01578
8
01939
8
06766
8
08087
8
08568
8
08598
8
08628
8
08658
8
08688
8
08718
8
08748
8
08778
8
08809
8
08839
8
08879
8
08909
8
08939
8
08969
8
08999
8
09029
8
09059
8
09089
8
09119
8
09149
8
09179
8
09209
8
09239
8
09269
8
09299
8
09329
8
09359
8
09389
8
09419
8
09800
8
11943
67
12123
79
12243
83
12404
73
12584
32
12804
65
12995
32
13335
73
13655
68
13836
69
13996
78
14296
84
14497
73
15098
70
15258
73
15668
67
15869
65
16129
82
16399
76
16510
65
16690
32
17781
8
18042
188
18192
32
23059
86
23279
69
23420
82
23980
65
24131
77
24281
69
24411
78
24551
84
24731
69
24952
32
25533
73
25763
78
26103
71
26334
69
26604
71
26885
78
27065
79
27355
83
27495
79
27656
32
28587
8
28877
188
29108
32
36238
67
36408
79
36659
77
36929
85
37159
78
37890
81
38051
85
38171
69
38301
32
47664
77
47895
73
48085
32
48446
67
48586
72
48836
73
49096
69
49337
68
49607
79
49787
32
49968
83
50198
69
50318
32
50508
83
50679
65
51009
82
54114
65
54654
192
55015
32
55536
8
55796
8
56367
192
56577
65
56757
32
57679
65
57869
78
58139
67
58340
72
58540
69
58690
32
58961
80
59301
82
59562
65
59892
84
60102
73
60543
67
60673
79
61594
32
62185
78
62315
79
62436
78
62866
8
63107
8
63327
8
63587
8
64479
190
64669
32
65140
78
65260
79
65380
78
65630
32
67042
192
67152
69
67383
32
68334
67
68474
72
68584
69
68725
32
69606
80
69756
69
69906
82
70127
32
70327
65
70627
67
70788
67
70948
69
71128
68
71298
69
71439
82
71589
69
71759
32
72961
65
73101
32
73331
85
74533
8
74743
8
74944
8
77487
65
77617
76
77808
32
78058
77
78248
73
78459
79
78639
32
78859
67
79510
79
79761
77
80442
8
80632
8
80822
8
82525
80
82635
67
84057
32
85569
79
85719
71
85919
78
86050
73
86240
32
87021
83
87211
65
87382
78
87672
84
87962
65
88173
32
88854
86
88954
79
89154
76
89314
84
89665
65
89865
32
90466
83
90606
73
90776
32
90937
68
91087
79
91427
86
91658
82
93450
192
93600
65
94301
32
95353
68
95523
73
95683
71
95804
73
95954
84
96344
65
96645
82
96815
69
96955
32
99649
85
99809
78
00290
65
00450
32
01031
83
01221
80
01382
69
02093
67
02223
73
02363
69
02523
32
02663
68
02814
73
02974
32
03134
84
03324
69
03455
77
03575
65
03725
32
10745
16
10895
191
12428
32
15442
67
15542
73
15632
65
15762
79
15782
73
16233
8
16553
32
19478
16
19648
68
19828
65
19948
78
20169
73
22512
220
23483
8
24224
8
24465
8
24685
8
24875
8
25076
8
25256
8
25456
8
25657
8
25887
8
28150
67
28260
79
28481
77
28731
85
28941
78
29442
81
29602
85
29823
69
30003
32
30974
66
31114
85
31345
79
31625
78
31855
65
32416
70
32566
79
32737
82
32987
84
33197
85
33428
78
33608
65
