92519
16
92969
67
93100
65
93230
82
93590
79
93791
32
93921
70
94081
82
94211
79
94642
8
94762
8
95253
79
95413
82
95593
77
95834
188
96004
32
98427
67
98517
79
98718
78
98878
79
98958
83
99168
67
99218
79
99679
85
00330
8
00500
32
00901
85
01071
78
01191
65
01271
32
01522
80
01602
69
01772
82
02022
79
02143
83
02233
78
02393
65
02764
8
02904
8
03034
8
03154
8
03314
83
03485
79
03645
65
03825
78
04246
8
04406
8
04937
77
05307
8
05588
78
05758
65
06088
32
06739
84
06819
65
07470
76
07681
77
07761
69
08332
78
08542
84
08622
69
08792
32
11276
65
11446
78
11606
84
11776
73
11937
80
12067
65
12267
84
12477
73
12598
67
12848
65
13960
8
14170
8
14310
8
14400
8
14601
8
14731
8
14891
8
15021
8
15181
8
15352
8
17094
8
17615
8
17645
8
17685
8
17715
8
17755
8
17795
8
17825
8
17865
8
17895
8
17925
8
17965
8
18005
8
18035
8
18076
8
18106
8
18146
8
18176
8
18216
8
18246
8
18286
8
18316
8
18356
8
18386
8
18426
8
18456
8
18496
8
18526
8
18566
8
18596
8
18636
8
18666
8
18706
8
18736
8
18777
8
18807
8
18847
8
18877
8
18917
8
18947
8
18987
8
19017
8
19057
8
19087
8
19127
8
19167
8
27559
16
27759
67
27890
65
28180
82
28300
79
28310
32
28871
70
28951
79
29121
82
29452
77
29852
188
29903
32
30183
86
30273
79
30594
82
30724
82
30884
69
30964
73
31064
32
31345
80
31465
65
31715
82
31835
76
31956
65
32166
82
32376
84
32536
73
32626
32
33027
68
33197
73
33237
32
33438
85
33648
78
33938
32
34119
77
34239
73
34369
79
34449
32
34699
67
34740
79
35030
77
35150
80
35360
65
35641
71
35851
78
36011
79
36101
32
37323
68
37443
73
37534
32
37784
83
38074
84
38275
85
38555
68
38695
73
41449
190
41619
190
41740
190
42431
32
42551
73
42741
78
42741
32
43472
82
43843
69
44093
65
44293
76
44504
84
44864
222
44914
65
45034
32
46416
222
46546
69
46677
32
47237
73
47448
76
47538
32
47738
77
47979
73
47989
79
48209
32
48609
85
48820
78
48940
73
49511
67
49601
79
49741
32
50182
67
50312
79
50512
77
50682
80
50803
65
51133
71
51293
78
51504
79
51594
32
51954
68
52074
73
52114
32
52325
83
52615
84
52815
85
53106
68
53226
73
53316
32
53807
83
53967
69
54127
82
54298
73
56741
79
57512
190
57602
32
58824
16
58984
222
59135
69
59335
32
59745
8
59916
8
60116
8
60807
32
60937
16
61057
65
61228
32
61438
86
61608
79
61768
76
61929
84
62259
69
62389
32
62790
222
63080
69
63200
32
63571
68
63731
65
64022
86
64142
86
64312
69
64392
82
64562
79
64602
32
64853
73
65053
78
65263
83
65303
79
66175
80
66345
80
66545
79
66756
82
66876
84
67246
65
67527
86
68017
8
68188
66
68398
73
68568
76
68728
69
68979
32
81206
46
81717
46
81747
46
81787
46
81817
46
81857
46
81897
46
81927
46
82358
46
82879
46
82909
46
82949
46
82979
46
83019
46
83059
46
83379
46
83550
46
83730
46
83900
46
84070
46
84401
46
84581
46
84711
46
84882
46
85052
46
85713
46
86224
46
86374
46
86584
46
86764
46
86895
46
87065
46
87235
46
87435
46
87565
46
87736
46
88116
46
88327
46
88497
46
88657
46
88787
46
88988
46
89158
46
89328
46
89498
46
89699
46
90069
46
90279
46
91271
46
92212
46
92823
8
95427
8
96038
188
96038
32
15235
67
15365
73
15405
32
15656
83
15696
79
15906
78
16026
79
16147
32
16557
77
16697
79
17198
77
17278
69
17448
78
17529
84
17699
73
17739
32
18109
73
18320
78
18360
32
18650
67
18770
85
18901
73
19101
32
20933
8
21444
8
21484
8
21514
8
21554
8
21584
8
21624
8
21664
8
21695
8
21725
8
21765
8
21795
8
21835
8
21875
8
21905
8
21945
8
21975
8
22015
8
22045
8
22085
8
22115
8
22155
8
22376
8
22546
8
22706
8
24128
16
24338
186
24418
32
25520
222
25650
69
25770
32
26752
80
26962
69
27172
82
27373
77
27493
65
27823
76
28024
79
28314
83
28394
79
28845
188
28935
32
32069
84
32270
69
32480
83
32720
84
32891
65
33291
82
33502
68
33662
79
36356
32
37287
69
37407
32
38759
8
39901
37
40922
39
47071
32
57947
67
58037
79
58517
67
58688
67
58808
73
58848
85
59749
84
59869
79
66349
190
66399
32
68262
16
68632
81
68963
85
69043
65
69243
78
69413
68
69573
79
69664
32
70124
222
70204
69
70344
32
70545
67
70625
79
70875
78
71116
86
71206
73
71406
78
71616
84
71736
79
71837
32
72207
68
72287
73
72407
32
72618
65
72868
86
73068
69
73159
82
73329
32
73709
82
73870
65
74120
71
74200
73
74280
79
74531
78
74651
69
74781
32
75171
78
75342
79
75502
78
75592
32
75913
83
76043
73
76163
32
76854
82
76984
73
77064
69
77355
83
77515
67
77645
73
78006
8
78136
69
78256
32
78506
65
78626
32
79157
70
79688
65
79848
82
80459
71
80589
76
80830
73
80960
32
81280
67
81400
65
81611
77
81941
66
82061
73
82141
65
82392
82
82512
69
82682
32
82782
73
83063
68
83193
69
83473
65
83604
32
84375
78
84585
69
85106
65
85677
8
86047
78
86898
8
87269
8
87719
8
88611
73
88781
78
88821
32
89071
78
89192
69
89482
83
89642
83
89772
85
89973
78
90103
32
90343
77
90433
79
90714
68
90754
79
93287
190
93468
190
93588
190
93668
32
94770
222
94810
69
95030
32
95481
67
95601
65
96172
80
96252
65
96622
67
96752
69
96973
32
97263
68
97433
73
97514
32
97924
78
98044
69
98495
71
98655
65
98866
82
98946
69
99076
32
99436
76
99887
222
99977
32
00177
69
00508
86
00708
73
01039
68
01119
69
01369
78
02020
90
02140
65
03652
32
04343
80
05074
85
05325
82
05445
32
06216
68
06346
73
06506
32
06677
78
06797
79
06967
78
07087
32
07288
65
07618
77
07788
69
08069
84
08239
84
08439
69
08529
82
08650
69
09841
37
10352
37
10392
37
10422
37
10462
37
11113
37
12215
77
16501
35
17072
32
17592
68
17723
73
17803
32
18133
65
18384
86
18584
69
18714
82
18874
32
19115
70
19245
65
19495
84
19635
84
19675
79
19836
32
21388
85
21598
78
21678
32
21879
69
22329
82
22459
79
22700
82
22820
69
23561
8
23731
8
23891
8
24552
82
25073
79
25243
82
25374
69
26065
190
26195
32
26395
16
26555
65
26886
68
27096
32
27296
79
27587
78
27707
79
28688
8
28849
8
29019
8
29179
8
29309
8
29470
8
30281
16
30561
68
30771
69
31092
86
31222
79
31382
32
31993
80
32524
69
32694
82
33065
222
33305
79
33435
32
33595
65
33766
78
33966
67
34126
72
34216
69
34377
32
34667
68
34837
73
35078
82
35158
69
35328
32
35979
67
36109
72
36189
69
36319
32
37211
222
37421
69
37501
32
38192
85
38442
78
38563
65
38653
32
39264
80
39424
69
39504
82
39834
83
39874
79
40085
78
40255
65
40375
32
40946
65
41317
66
41437
66
41647
65
42008
83
42298
84
42418
65
42588
78
42869
90
42999
65
43279
32
43370
73
43590
78
43670
84
43920
69
44050
76
44211
76
44421
73
44631
71
44802
69
44882
78
45162
84
45613
69
46754
32
47005
69
47135
32
47816
88
47826
67
47916
72
48797
8
48968
8
49378
8
49618
67
49829
69
50760
72
50890
69
51010
32
51782
8
51952
8
52112
8
52282
8
53033
72
53114
69
53244
32
54786
68
54876
73
55156
70
55287
70
55447
73
56348
67
56468
73
56719
76
56919
77
57049
69
58101
78
58271
84
58431
69
58561
32
60023
68
60194
73
60514
67
60634
69
60815
32
61295
67
61355
79
61716
83
61926
69
62086
32
62297
65
62427
32
62868
83
63038
80
63318
79
64540
8
65061
8
65091
8
65321
8
65601
8
66212
83
66423
69
66583
78
67154
90
67284
65
67444
32
67614
83
67855
69
68025
78
69367
83
69457
79
70629
16
71039
49
76818
32
78160
16
78410
77
78700
73
78780
32
79071
84
79191
82
79321
79
79602
86
79732
79
79892
32
80343
66
80543
69
80583
78
80753
69
80873
32
81464
67
81474
79
81685
78
81775
32
82506
76
82826
85
82946
73
83097
32
83277
80
83437
69
83527
82
83848
67
83858
72
84429
222
84509
69
85730
32
13821
8
14342
8
14382
8
14412
8
14442
8
14482
8
14522
8
14552
8
14592
8
14772
8
15283
8
15323
8
15353
8
15393
8
15423
8
15463
8
15493
8
15533
8
15563
8
15603
8
15633
8
15673
8
15704
8
15744
8
15774
8
15814
8
16084
8
16254
8
16415
8
16545
8
30184
16
30465
83
30755
79
30955
78
31046
79
31396
32
34000
67
34120
79
34330
78
34571
84
34781
69
34821
78
34991
84
35192
65
35312
32
35602
68
35772
73
35852
32
36103
65
36303
86
36463
69
36594
82
36924
76
37084
79
37174
32
37395
67
37395
79
38006
78
38136
79
38336
83
38546
67
38707
73
38917
85
39197
84
39728
79
40499
32
40669
65
40830
78
40920
67
41130
69
41130
72
41330
32
41561
80
41641
69
41771
82
42071
67
42111
72
42562
222
42602
69
42692
222
42782
32
43754
8
44204
32
44936
77
45667
73
45757
32
46378
72
46498
65
46628
32
46908
65
47119
73
47289
85
47579
84
47740
65
47910
84
48481
65
48601
32
57924
8
58445
8
58475
8
58515
8
58545
8
58585
8
58615
8
58655
8
58685
8
58725
8
58755
8
58795
8
58836
8
58866
8
58906
8
58936
8
58976
8
59006
8
59036
8
59076
8
59116
8
59146
8
59186
8
59356
8
60127
72
60258
69
60368
32
60588
80
60758
69
60878
82
61129
72
61169
67
61660
222
61820
32
62391
8
62921
8
63082
8
63693
67
63783
72
64323
222
64363
69
64494
32
64774
65
65345
86
65555
69
65685
82
65886
32
66627
85
66797
78
66917
65
67007
32
67168
80
67338
69
67548
82
67828
83
67919
79
68159
78
68239
65
68409
32
68730
67
69020
79
69230
78
69351
32
69641
67
69921
85
70042
73
70212
32
70502
83
70793
84
70953
85
71283
68
71494
73
71614
65
71904
82
72024
69
72175
32
73717
222
73807
69
73937
32
74718
85
74959
84
75139
73
75419
76
75520
69
75650
32
76501
69
76631
32
77132
82
77302
69
77542
78
77793
68
78033
69
78163
32
78444
73
78694
76
78774
32
79065
76
79185
65
79435
86
79485
79
79686
82
79846
79
80016
32
80507
68
80677
65
80827
32
81428
70
81558
65
81809
82
81849
69
82059
32
82670
77
82750
69
82920
78
83080
79
83171
32
83741
70
83862
65
84152
84
84352
73
84522
67
84643
79
84933
83
85023
79
85183
32
85464
69
86035
32
95518
80
95769
73
96179
222
96830
85
96960
32
97331
68
97501
73
97872
86
98032
69
98202
82
98402
84
99224
69
99344
78
99554
84
99794
69
10019
190
10139
32
10950
16
11041
65
11321
66
11491
66
11611
73
11702
65
11942
77
12192
79
12242
32
13574
84
13624
82
13905
65
14275
83
14445
67
14566
79
14776
82
15257
83
15527
79
15727
32
17360
8
17870
8
17910
8
17941
8
18131
8
18301
8
18421
8
18591
8
18712
8
18872
8
19653
83
19743
85
20064
80
20264
69
20384
82
20594
65
20765
84
20845
79
20935
32
21115
73
21365
78
21766
83
21896
73
22096
69
22307
77
22387
69
22557
32
22958
77
23138
79
23348
76
24039
84
24129
73
24159
32
24450
69
24780
83
24901
65
25111
77
25231
73
25311
32
26102
69
26192
32
26963
80
27084
69
27254
82
27324
32
27564
70
27654
79
27895
82
28135
84
28305
85
28546
78
28626
65
28796
32
29127
78
29287
79
29497
78
29607
32
30499
78
30869
32
31360
8
31490
69
31620
32
32061
65
32351
66
32481
66
32602
73
32642
65
32852
77
33022
79
33022
32
36077
77
36197
79
36407
76
36728
84
36858
73
36908
32
37148
65
37278
78
37519
67
37559
79
37809
82
37929
65
38620
68
38740
65
38921
32
39121
70
39201
65
39451
82
39532
69
41214
37
41424
37
41554
37
41725
37
41905
37
42075
37
42205
37
42446
32
43477
35
46281
32
47022
8
47874
190
48034
32
49135
8
49957
32
50768
8
51869
32
54713
16
54844
65
54974
32
55745
86
55825
79
56025
76
56596
84
56776
69
56897
32
57067
80
57147
69
57557
78
57718
83
59020
79
59150
32
59350
65
59530
78
60021
67
60101
72
60221
69
60392
32
60642
68
60772
73
60892
32
61303
68
61433
79
61633
86
61794
69
61964
82
62124
76
62374
79
62465
32
62725
82
62845
73
63136
78
63336
71
63586
82
63746
65
64157
90
64247
73
64568
65
64858
82
64938
69
65138
32
65529
80
65649
69
65779
82
65909
32
66430
76
66761
222
66891
32
67041
65
67181
73
67382
85
67582
84
67682
79
67842
32
79449
8
79739
32
79900
77
80030
65
80070
32
80280
80
80480
79
80691
73
80811
32
81141
67
81222
73
82523
32
83254
82
83385
73
83665
80
83795
69
83996
78
84376
83
84506
79
84666
32
86129
8
86830
190
86990
190
87120
190
87240
32
87771
73
87931
78
88061
32
88222
70
88262
79
88512
78
88802
68
88852
79
89023
32
90775
65
90945
78
91146
67
91306
72
91346
69
91486
32
91807
76
92137
85
92257
73
92348
32
93409
222
93689
69
93860
32
98076
70
98156
79
98316
82
98566
84
98687
85
98937
78
99027
65
99277
84
99398
79
99488
32
99768
65
00019
68
00189
32
00389
65
00589
86
00760
69
00930
82
01010
32
01250
67
01350
79
01871
78
02041
79
02242
83
02452
67
02662
73
02823
85
03073
84
03153
79
03243
32
03504
77
03914
69
05827
190
15741
13
15961
13
16132
13
16292
13
16863
8
17073
8
17233
8
17684
8
