07349
16
07570
67
07680
73
07790
65
07850
79
08020
16
08160
49
09102
13
09242
13
09532
16
09803
8
10123
16
10504
73
10514
69
10524
82
10614
73
10684
32
11014
83
11135
69
11355
82
11445
65
11575
32
11786
83
11896
79
12076
78
12266
79
12366
32
12416
65
12557
78
12597
68
12677
65
12867
84
12987
79
13097
32
13148
65
13238
32
13388
83
13518
85
13678
79
13849
78
13919
65
14029
82
14109
69
14249
190
14359
32
14409
16
14530
69
14740
82
14830
65
15020
78
15210
79
15311
32
15451
84
15531
65
15671
78
15811
84
15922
73
16032
32
16262
71
16362
73
16502
79
16613
82
16723
78
16883
73
16993
32
17033
67
17123
72
17203
69
17303
32
17404
78
17584
79
17774
78
17894
32
17924
65
18035
78
18125
68
18195
65
18395
86
18645
79
18746
32
18856
65
18966
32
19086
80
19206
82
19306
79
19427
86
19717
65
19857
82
19917
69
20037
32
20178
67
20268
79
20458
78
20578
32
20708
73
20879
76
20969
32
21079
77
21269
73
21449
79
21550
32
21650
71
21740
82
21890
85
22100
80
22231
80
22391
79
22481
32
22561
69
22661
32
22912
85
23062
73
23232
78
23933
8
24103
8
24223
8
24384
81
24514
85
24694
73
24884
78
25005
68
25135
73
25235
32
25425
69
25505
82
25645
65
26096
86
26146
65
26296
77
26477
79
26597
32
26677
80
26877
73
27058
85
27238
84
27388
84
27508
79
27628
83
27739
84
27869
79
27979
32
28059
65
28279
82
28450
82
28570
85
28960
71
29131
71
29211
73
29391
78
29581
73
29681
84
29791
73
30272
16
30452
49
30733
32
31193
16
31354
67
31464
79
31624
77
31824
85
31995
78
32115
81
32235
85
32335
69
32445
32
32555
65
32656
76
32786
76
32896
65
32946
32
33076
70
33156
73
33347
78
33447
32
33547
70
33637
73
33817
78
33917
69
34048
32
34138
83
34248
73
34358
65
34458
77
34628
79
34739
32
34869
82
34999
73
35169
85
35269
83
35349
67
35550
73
35650
84
35770
73
35950
32
36311
65
36451
32
37022
82
37142
73
37342
80
37533
82
37613
69
37883
78
38274
68
38354
69
38544
82
38634
69
38834
32
39005
73
39125
32
39335
78
39576
79
39916
83
40176
84
40387
82
40507
73
40607
32
40847
76
41128
85
41308
78
41428
71
41508
72
41689
73
41819
32
41949
80
42129
69
42199
82
42370
73
42530
79
42640
68
42770
73
42890
32
43171
68
43311
73
43431
32
43591
80
43772
65
43932
85
44042
83
44112
65
44392
16
44533
49
44743
32
44973
16
45254
65
45434
66
45574
66
45744
73
45875
65
45955
77
46135
79
46255
32
46355
80
46516
82
46626
79
46746
86
46836
65
47016
84
47146
79
47287
32
47407
73
47587
76
47687
32
47787
78
47908
85
48098
79
48188
86
48278
79
48358
32
48438
67
48508
65
48679
78
48789
84
48869
65
49059
78
49119
84
49199
69
49360
32
49500
69
49600
32
49760
68
49910
69
50141
86
50321
79
50431
32
50481
68
50641
73
50752
82
50852
69
50992
32
51142
67
51282
72
51403
69
51503
32
52284
222
52364
69
52504
32
52724
68
52805
65
53125
86
53265
86
53445
69
53556
82
53646
79
53736
32
53876
77
54076
79
54227
76
54337
84
54437
79
54517
32
54958
66
55078
82
55148
65
55609
86
55869
79
56089
190
56209
32
56500
16
57001
16
57031
16
57041
65
57281
68
57361
69
57742
83
57872
83
57992
79
58092
32
58192
83
58353
84
58483
73
58593
65
58713
77
58883
79
59023
32
59144
80
59294
82
59404
79
59504
86
59604
65
59765
78
59905
68
59995
79
60125
32
60395
78
60576
85
60756
79
60856
86
60956
73
61036
32
61297
66
61417
82
61487
65
61597
78
61797
73
61918
32
61988
67
62198
79
62358
86
62539
69
62669
82
62819
32
62979
68
63019
65
63139
32
63480
80
63770
82
63860
69
64141
83
64241
69
64391
78
64531
84
64642
65
64792
82
64882
69
65022
32
65313
78
65413
69
65533
76
65673
76
65773
69
65873
32
66064
78
66254
79
66364
83
66544
84
66785
82
66885
69
67045
32
67165
83
67275
69
67506
82
67646
65
67756
84
67876
69
68006
32
68157
69
68297
32
69188
73
69408
78
69539
32
69709
80
69739
32
69889
79
70069
67
70190
72
70380
73
70530
32
70660
80
70800
69
70971
78
71161
83
71271
79
71391
32
71782
8
71912
8
72022
8
72132
8
72242
8
72373
8
72493
8
72603
8
72723
8
72843
8
72974
8
73094
8
73905
79
74075
67
74165
72
74356
73
74466
32
74596
77
74726
69
74916
83
75027
73
75117
32
75197
83
75307
65
75467
82
75567
69
75758
77
75958
79
76088
32
76218
73
76419
78
76499
32
77069
71
77270
82
77380
65
77550
68
77710
79
77831
32
78081
68
78221
73
78351
32
78461
82
78582
73
78742
84
78842
79
79032
82
79223
78
79323
65
79433
84
79803
8
79974
82
80064
69
80214
32
80775
70
80885
73
81075
78
81296
65
81396
76
81586
77
81686
69
81796
78
81856
84
81936
69
82027
32
82157
65
82217
32
82387
83
82487
85
82667
79
82848
78
82918
65
83018
82
83108
69
83198
32
83479
78
83619
69
83719
73
83839
32
83969
76
84130
79
84260
67
84340
65
84500
76
84680
73
84911
190
85061
32
87264
16
87765
16
87795
16
87825
16
87855
16
87885
16
87925
16
87955
16
87985
16
88015
16
88045
16
88075
16
88105
16
88145
16
88175
16
88205
16
88235
16
88266
16
88296
16
88336
16
88366
16
88396
16
88426
16
88456
16
88486
16
88526
16
88556
16
88586
16
88616
16
88646
16
88676
16
88706
16
88746
16
88776
16
88806
16
88836
16
88866
16
88886
83
89007
79
89137
78
89297
79
89457
32
89607
77
89828
57
89988
76
90248
8
90409
8
90749
79
90919
76
91030
84
91120
79
91200
32
91540
70
91630
69
91751
76
91921
73
92161
67
92261
69
92422
32
92792
68
92942
73
93072
32
94595
65
95045
86
95376
69
95456
82
95987
69
96157
32
96477
82
96638
73
96838
80
96948
82
97038
69
97289
83
97429
79
97559
32
97709
85
97909
78
98130
65
98270
32
98410
65
98691
84
98861
84
98991
73
99131
86
99251
73
99572
84
99712
222
99822
65
99972
32
00123
67
00253
72
00403
69
00443
32
00643
77
00854
73
00974
32
01124
80
01304
73
01344
65
01444
67
01565
69
01635
32
01885
77
02065
79
02226
76
02526
84
02987
79
03127
32
03367
70
03487
65
03678
82
03768
69
03948
32
07123
8
07413
190
07543
32
09266
8
09947
13
10407
16
10898
16
10938
16
10968
16
10998
16
11028
16
11058
16
11088
16
11118
16
11158
16
11188
16
11219
16
11249
16
11279
16
11309
16
11339
16
11379
16
11409
16
11439
16
11469
16
11499
16
11529
16
11559
16
11599
16
11629
16
11659
16
11689
16
11719
16
11759
16
11789
16
11819
16
11849
16
11879
16
11910
16
11940
16
11980
16
12010
16
12040
16
12070
16
12100
16
12130
16
12160
16
12200
16
12230
16
12260
16
12290
16
12320
16
12350
16
12380
16
12420
16
12450
16
12480
16
12510
16
12540
16
12570
16
12601
16
12641
16
12671
16
12701
16
12731
16
12761
16
12791
16
12821
16
12861
16
12891
16
12921
16
12951
16
12981
16
13011
16
13051
16
13081
16
13111
16
13141
16
13171
16
13201
16
13241
16
13271
16
13302
16
13332
16
13362
16
13392
16
13422
16
13462
16
13492
16
13522
16
13552
16
13582
16
13612
16
13652
16
13682
16
13712
16
13742
16
13772
16
13802
16
13832
16
13872
16
13902
16
13932
16
13962
16
13993
16
14003
66
14143
85
14323
79
14503
78
14593
65
14704
32
14804
70
14904
79
15024
82
15204
84
15344
85
15515
78
15635
65
15735
32
15865
80
15995
69
16066
82
16176
32
16326
73
16506
76
16616
32
16767
86
16887
79
16987
83
17177
84
17377
82
17518
79
17628
32
17768
69
17958
83
18128
80
18259
69
18369
82
18529
73
18709
77
18799
69
18910
78
19030
84
19130
79
19230
32
19330
69
19440
32
19691
83
20121
80
20252
69
20452
82
20552
79
20672
32
20782
67
20882
72
21003
69
21043
32
21163
73
21353
78
21453
32
21523
81
21624
85
21744
69
21944
83
22074
84
22144
79
22234
32
22365
77
22545
79
22695
68
22785
79
22875
32
23296
78
23476
79
23666
78
23787
32
24127
66
24217
69
24438
67
24588
67
24688
72
24848
73
24948
65
25048
84
25159
69
25239
32
25369
73
25489
32
25599
67
25629
65
26551
83
26651
73
26831
78
27001
73
27131
32
27171
67
27272
72
27372
69
27462
32
27742
70
27792
65
28003
67
28163
67
28233
73
28393
79
28483
32
28513
83
28594
69
28664
77
28834
80
28914
82
28984
69
29024
32
29154
73
29335
78
29435
32
29615
82
29685
69
29875
84
29955
69
30076
190
30216
190
30336
190
30506
32
30767
16
30887
190
31548
8
31898
186
32339
109
32589
16
32800
48
