10406
16
10676
83
11167
84
11357
73
11548
65
11668
77
11818
79
12118
32
12609
80
12920
82
13030
79
13370
71
13641
82
13751
65
14091
77
14251
77
14362
65
14552
78
15874
8
16355
8
16385
8
16425
8
16455
8
16485
8
16735
8
16925
8
17126
8
17356
8
23935
70
24086
65
24236
67
24386
69
24656
78
24777
68
24887
79
25117
32
25267
69
25538
83
25688
69
25838
82
26149
67
26269
73
26529
90
26689
73
26759
79
27050
32
27581
68
27701
73
27891
32
28121
80
28272
82
28422
79
28722
71
28953
82
29073
65
29333
77
29463
77
29614
65
29804
90
29924
73
29994
79
30305
78
30455
69
30575
32
30795
73
30986
78
31106
32
31446
16
31596
67
31827
32
32207
80
32398
69
32508
82
33119
32
33399
76
33549
65
33669
32
33970
80
34090
82
34240
73
34471
77
34581
65
34701
32
34961
86
35202
79
35392
76
35662
84
35813
65
35943
32
36133
78
36293
69
36524
76
36634
76
36764
65
36884
32
37194
78
37385
79
37615
83
37845
84
37966
82
38116
65
38306
32
38576
86
38687
73
38957
84
39107
65
39788
190
40359
32
40619
16
40810
66
41120
69
41350
76
41501
76
41651
79
41881
32
42072
77
42222
65
42452
32
42762
65
42953
66
43103
66
43213
65
43524
83
43674
84
43794
65
44215
78
44555
90
44665
65
44825
32
45016
68
45166
73
45436
70
45587
70
45697
73
46348
67
46498
79
46688
76
46989
84
47109
79
47369
83
47519
79
48331
190
49062
32
49702
16
49933
70
50163
73
50434
78
50554
65
50784
76
51054
77
51165
69
51285
78
51545
84
51675
69
51826
32
52086
79
52396
71
52547
71
52657
73
52857
32
54059
69
55040
222
55951
32
57043
32
57273
84
57424
79
57804
82
57994
78
58115
65
58415
84
58535
79
58725
32
58946
85
59106
78
59256
32
59487
80
59637
79
60208
222
60468
32
61319
32
61850
68
62040
73
62271
32
62491
83
62611
79
62801
76
62921
69
63072
32
63302
68
63412
79
63643
80
63753
79
64023
32
64283
84
64444
65
64604
78
64904
84
65025
65
65195
32
65615
80
65846
73
65996
79
66296
71
66417
71
66637
73
66797
65
67057
188
67218
32
67558
67
67708
79
67859
83
69821
73
70202
222
70693
32
71414
80
71674
82
71794
73
72025
77
72175
65
72255
32
72485
68
72565
73
72786
32
73056
73
73246
78
73437
73
73787
90
73947
73
74108
65
74258
82
74378
69
74458
32
74718
76
74869
69
74949
32
75179
76
75289
69
75560
90
75640
73
75720
79
75940
78
76070
73
76371
32
78484
80
78844
79
79195
84
79345
82
79495
69
79766
77
79916
79
80146
32
80487
85
80787
65
81018
83
81248
67
81358
73
81668
82
81789
69
82389
32
83711
8
84663
8
84813
8
84963
8
85123
8
85274
8
85614
8
86365
83
86636
67
86786
73
87016
82
87136
69
87657
32
87887
65
90271
32
90611
70
90762
65
90912
82
91072
69
94317
8
94507
8
94657
8
95038
8
98022
80
98332
82
98493
69
98683
78
98943
68
99063
69
99224
82
99334
69
99484
32
99734
85
99885
78
00045
32
00305
80
00425
79
00986
222
01297
32
01978
68
02649
222
02989
65
03340
82
03640
73
03720
65
04932
8
05122
8
05312
8
05613
8
06554
222
06825
32
07846
65
08938
82
09128
73
09248
65
09849
190
10600
32
16198
16
16308
78
16499
79
16689
78
16849
32
17109
83
17260
79
17450
32
17760
80
17830
73
20665
85
21155
222
21686
32
22707
32
23048
67
23168
79
23479
83
23589
65
23709
32
23859
83
24009
67
24320
82
24430
73
24730
86
24820
69
25011
82
25131
69
27464
190
27735
32
28976
16
29317
83
29818
84
29928
79
30118
32
30348
80
30459
69
30689
78
30999
83
31110
65
31450
78
31620
68
31770
79
32001
32
32151
65
32301
32
32512
68
32632
79
32872
86
32992
69
33102
32
33403
80
33543
65
33954
83
34104
83
34224
65
34374
82
34534
69
34605
32
35926
76
36087
69
36237
32
36497
86
36658
65
36808
67
36928
65
37188
78
37489
90
37609
69
37909
188
38200
32
38460
80
38690
82
38801
79
39141
66
39271
65
39802
66
39892
73
40082
76
40303
77
40463
69
40573
78
40803
84
40924
69
41074
32
41264
65
41565
76
41795
32
41985
77
42115
65
42306
82
42426
69
42806
188
42957
32
43517
86
43678
73
43828
83
44128
84
44258
79
44449
32
44599
67
44749
72
44869
69
45020
32
45210
78
45400
79
45590
78
45711
32
46121
76
46291
79
46522
32
46782
86
46862
69
47093
68
47203
79
47393
32
47623
80
47743
69
47894
82
48044
32
48354
84
48464
85
48655
84
48805
84
48925
79
49115
32
49346
76
49506
189
49997
8
52160
222
52500
32
53271
65
53572
78
53702
78
53852
79
55595
188
55785
32
56126
77
56316
69
56436
78
56706
84
56816
82
56977
69
57087
32
57317
73
57467
78
57618
32
57808
77
57968
79
58198
78
58419
84
58579
65
58729
71
58920
78
59070
65
59190
32
59450
67
59611
73
59811
32
60151
86
60312
65
60652
68
60802
79
61143
32
61413
85
61573
78
61683
32
61954
79
61954
80
62144
79
63997
222
64267
32
65249
8
65419
8
65629
8
66040
8
66651
80
66781
79
67572
222
67872
32
68593
73
68764
78
68874
32
69164
84
69314
85
69575
84
69695
84
69815
69
69935
32
70166
76
70316
69
70426
32
70656
83
71227
84
71488
65
71798
71
71948
73
71988
79
72259
78
72409
73
73621
190
73881
32
84877
16
85027
78
85217
79
85408
78
85558
32
86469
69
86880
222
87110
32
88061
8
88212
8
88362
8
88482
8
88632
8
88863
8
89463
16
89724
69
90445
222
90635
32
91396
84
91546
65
91697
78
91857
84
91967
79
92177
32
92368
76
92558
85
92758
78
92908
71
93029
79
93219
32
93559
81
93720
85
93840
69
94070
83
94330
84
94411
79
94651
32
94861
83
95092
80
95242
65
95512
90
95773
73
95783
79
96994
32
97295
68
97445
65
97525
32
97715
82
97866
73
98286
69
98516
77
98777
80
98937
73
99197
82
99278
69
00149
188
00299
32
00489
80
00640
69
00830
82
01481
79
02202
222
02452
32
03163
77
03333
73
03554
32
03784
80
03974
73
04125
65
04355
67
04435
69
04555
32
04976
76
06007
222
06308
73
07289
32
08881
8
09032
8
09222
8
10774
76
11225
222
11495
32
12206
73
12517
68
12667
69
12897
65
12977
32
13168
68
13278
73
13508
32
16903
67
17023
79
17253
78
17564
84
17714
82
17984
73
18555
66
18786
85
18896
73
19236
82
19356
69
19507
32
19667
65
19857
76
20007
76
20158
65
20278
32
20508
66
20698
85
20899
79
21129
78
21279
65
21389
32
21680
67
21790
65
22130
85
22401
83
22551
65
22671
32
22861
68
22982
69
23182
76
23342
76
23452
65
23572
32
23723
82
23833
73
24143
67
24253
69
24374
82
24564
67
24634
65
24944
190
25135
32
25365
16
25515
65
26116
78
26236
67
26387
72
26507
69
26617
32
26887
73
26957
79
27228
32
27358
65
27478
86
27668
82
27789
69
28009
73
28199
32
30583
8
31264
32
31714
86
31834
79
32025
76
32215
85
32445
84
32525
79
25362
32
25742
70
25892
65
26053
82
26163
69
26313
32
26543
82
26663
73
27004
67
27154
69
27234
82
27425
67
27535
65
27845
190
28035
32
28186
16
28336
65
28606
68
28726
69
28987
83
29147
83
29227
79
29417
32
29688
68
29798
69
30068
86
30179
79
30409
32
30579
65
30699
78
31000
68
31120
65
31270
82
31380
69
31540
32
31731
65
31921
32
32332
77
32492
65
32602
78
32993
71
33253
73
33373
65
33603
82
33674
69
35266
8
35456
8
35606
8
35797
8
35947
8
36107
8
36297
8
36678
8
37088
80
37539
82
37699
65
37920
78
38230
90
38340
65
38571
82
38651
69
39933
188
40123
32
40804
83
40994
80
41715
69
41945
82
42056
79
42286
32
42436
67
42586
72
42707
69
42787
32
43167
66
43317
65
43548
83
43848
84
43958
73
44189
32
44359
81
44549
85
44669
65
44780
78
45090
84
45240
79
45471
32
45831
72
45901
79
46131
32
46322
83
46552
67
47343
73
47503
82
47994
8
48144
8
48745
82
49236
73
49466
84
49616
84
49737
79
50678
190
51359
32
52611
16
52981
86
53212
79
53592
82
53712
82
53913
69
54033
73
54253
32
54974
83
55124
65
55355
80
55505
69
55705
82
55815
69
55936
32
56196
81
56346
85
56466
65
56887
76
57077
73
57298
32
57828
8
58059
8
58209
8
58369
8
59350
8
59691
8
60031
65
60793
32
61133
81
61353
85
61584
65
61774
76
61894
73
62124
32
62275
82
62425
73
62916
83
63066
85
63276
76
63577
84
63697
65
63927
84
64037
73
64227
32
64458
80
64608
79
64798
82
65479
84
65599
69
65870
82
67112
65
68554
222
68704
32
69315
81
69685
85
69846
69
70066
83
70336
84
70486
79
70677
32
70907
80
71137
82
71218
79
71558
71
71668
69
71969
84
72129
84
72730
79
72920
32
73110
68
73260
73
73451
32
73801
82
73911
73
74212
67
74292
69
74442
82
74602
67
74713
65
76225
190
76826
32
77176
16
77436
65
78758
8
79369
16
79590
65
79820
32
80050
80
80391
82
80501
69
80731
83
80962
84
81082
79
81312
32
81462
69
81582
32
81843
71
81993
82
82113
65
82303
90
82494
73
82644
69
82724
32
82954
80
83065
69
83225
82
83415
32
84096
76
84847
222
85077
32
85308
73
85498
78
85839
86
85949
73
86179
84
86299
79
88562
40
88783
40
90025
190
92218
32
93179
16
93329
67
93670
73
93790
65
93910
79
94060
79
94211
79
94371
79
95873
188
96033
32
96264
16
96564
82
96714
83
99288
32
00530
16
00870
57
01481
66
01671
73
02042
8
02272
85
02392
79
02593
78
02743
32
02973
65
03163
80
03284
80
03404
69
03634
84
04045
73
04315
84
04385
79
05487
188
05637
32
06548
69
08131
222
08321
32
08661
79
08932
82
09082
65
09162
32
09392
68
09463
73
09653
32
09923
80
10224
82
10344
65
10644
78
10915
90
11025
79
12727
16
13208
16
13238
16
13268
16
13308
16
13338
16
13368
16
13398
16
13438
16
13448
48
14400
190
