38921
16
39152
65
39462
32
39642
77
39812
69
39943
32
40323
80
40594
73
40764
65
40934
67
41074
67
41355
73
41475
79
41725
78
41835
79
42056
32
43438
77
43578
79
43748
76
44219
84
44459
73
44710
83
44880
83
45000
73
45200
77
45300
79
45541
32
45841
73
46031
32
46212
77
46352
65
46512
78
46772
71
46883
65
47103
32
47333
69
47504
32
47814
71
47974
76
48164
73
48375
32
48535
65
48715
78
48876
73
49076
77
49256
69
49687
188
49887
32
50348
73
50698
32
52240
70
52741
85
53021
77
53242
69
53522
84
53672
84
54023
73
54233
32
54464
69
54714
32
55455
73
55675
32
55876
67
56076
65
56346
82
56537
79
56767
84
57808
79
58880
8
59090
8
59230
8
60743
84
61073
79
61333
78
61544
73
61784
32
62325
71
62475
73
62675
65
62876
80
63016
80
63176
79
63406
78
63557
69
63757
83
64979
73
65730
32
66030
67
66190
73
66401
79
66941
69
67142
222
67462
32
68253
188
68454
32
70186
81
70386
85
70557
69
70787
76
70937
76
71067
79
71378
32
71588
67
71748
72
71869
69
72019
32
72810
78
73040
79
73261
78
73451
32
73641
83
73741
79
73982
80
74132
80
74252
79
74502
82
74693
84
74823
79
75063
32
75314
69
75484
32
76675
8
76846
222
77156
32
77807
32
78859
73
79109
76
79439
32
81452
70
81773
65
82013
84
82173
84
82544
79
82774
32
82945
68
83125
73
83345
32
84797
83
85017
69
85258
71
85588
82
85799
69
86379
71
86520
65
86680
82
86860
69
87050
32
92098
81
92408
85
92558
69
92819
83
93029
84
93169
65
93390
32
93690
80
93920
65
94231
83
94401
83
94551
73
94681
79
94992
78
95192
69
95402
32
97275
8
97776
8
97816
8
97846
8
97886
8
97906
8
97936
8
97976
8
98006
8
98026
8
98066
8
98096
8
98136
8
98156
8
98186
8
98226
8
98267
8
98277
8
98317
8
98347
8
98387
8
98407
8
98437
8
98477
8
98507
8
98547
8
98567
8
98607
8
98637
8
98657
8
98697
8
98737
8
98747
8
98787
8
98827
8
98867
8
98887
8
98917
8
98958
8
98978
8
99008
8
99048
8
99068
8
99108
8
99138
8
99178
8
99198
8
99238
8
99268
8
99288
8
99328
8
99368
8
99378
8
99418
8
99458
8
99488
8
99508
8
99548
8
99588
8
99598
8
99639
8
99679
8
99719
8
99729
8
99769
8
00690
69
00830
32
01762
83
01892
80
02132
69
02352
82
02533
79
02763
32
03304
86
03674
73
04095
86
04245
65
04435
77
04606
69
04776
78
05046
84
05237
69
05437
32
06609
67
06779
72
06909
69
07099
32
07520
65
07770
82
07900
82
08231
73
08531
86
08732
73
08982
32
09332
80
09573
82
09773
69
10033
83
10274
84
10584
79
10815
32
11035
65
11225
78
11476
67
11636
72
11786
69
11986
32
12587
81
12797
85
12938
73
13228
32
13458
73
13609
78
13829
32
14320
16
14500
73
14860
84
15041
65
15281
76
15491
73
15662
65
15832
32
19607
16
20018
83
20258
69
20689
78
20869
32
21139
84
21610
79
21911
32
22652
16
22862
67
23142
72
23423
73
25125
72
25265
73
25486
82
25686
79
25966
32
26667
78
26918
79
27188
32
27539
16
28039
16
28069
16
28109
16
28139
16
28170
16
28200
16
28230
16
28260
16
28290
16
28330
16
28360
16
28390
16
28420
16
28450
16
28480
16
28520
16
28550
16
28580
16
28610
16
28640
16
28670
16
28700
16
28740
16
28770
16
28800
16
28830
16
28861
16
28891
16
28921
16
28931
75
29301
65
29552
77
29772
73
30022
75
30212
65
30573
75
30813
85
31254
83
31454
72
31574
73
37683
188
37863
32
38434
79
38785
86
38935
86
39085
69
39195
82
39546
79
39816
32
40317
76
41178
222
41469
32
41649
65
41789
78
41929
79
41939
73
42340
77
42881
8
43111
8
43301
8
43892
73
44082
77
44273
69
44463
32
45174
67
45374
72
45605
69
45725
32
46125
72
46296
65
46426
32
46836
86
46997
73
47247
78
47718
84
47898
79
48128
32
48349
76
48929
222
49190
32
49440
79
49690
82
50001
83
50151
79
50371
32
50582
68
51002
222
51253
32
51433
79
51603
82
51984
79
52244
32
53866
65
54007
32
54187
16
54327
66
54578
69
54848
82
55098
76
55329
73
55559
78
55689
79
55980
32
58113
65
58273
32
58573
80
58914
65
59244
82
59565
73
59795
32
59975
77
60125
69
60346
82
60456
73
60696
84
60867
79
61117
32
61387
67
61568
79
61788
78
61998
32
62198
16
62399
66
62729
76
62980
79
63160
79
63300
68
63631
89
63851
32
63981
16
64201
83
64592
85
64782
78
64972
68
65163
65
65563
89
67266
16
67436
186
67817
32
69359
80
69679
69
70030
67
70180
67
70390
65
70631
84
70911
79
71161
32
71282
67
71482
72
71602
69
71782
32
71983
68
72153
73
72383
32
72684
66
73485
8
73765
16
74266
16
74296
16
74326
16
74366
16
74396
16
74426
16
74436
66
74837
79
75077
76
75468
8
75778
8
76409
76
76649
79
76779
79
76980
68
77160
85
77591
8
77891
89
78091
32
78191
16
78402
83
78732
85
78963
78
79163
68
79303
65
79563
89
79824
32
81466
65
81656
66
81797
66
82017
73
82187
65
82347
78
82498
79
82718
32
83339
80
83509
65
83810
82
83990
76
84250
65
84400
84
84721
79
84981
32
85212
65
85382
78
85522
67
86043
72
86213
69
86383
32
86684
67
86844
79
87054
78
87275
32
87605
83
87845
69
88056
82
88336
86
88646
73
88957
90
89157
73
89428
32
89938
65
90219
76
90539
32
90880
16
91531
84
91711
69
92242
76
92442
69
92853
71
93213
73
93313
79
93624
82
93774
78
94014
65
94415
76
94675
69
96217
188
96438
32
96618
77
96798
69
96978
78
97229
84
97379
82
97619
69
97820
32
98120
68
98380
73
98631
32
98821
16
99312
16
99342
16
99382
16
99412
16
99442
16
99462
83
99692
69
99853
78
00043
32
00263
84
00433
79
00654
32
00784
16
01134
67
01845
72
01956
73
02737
72
02877
73
03227
82
03508
79
03888
32
04339
78
04559
69
04840
65
05020
78
05220
67
05381
72
05591
69
05691
32
07684
85
07794
78
07984
65
08325
32
08775
80
08956
65
09336
82
09466
79
09657
76
09857
65
10117
190
10388
32
14363
16
14784
69
15175
222
15465
32
15986
32
16607
85
16757
78
16957
32
17178
80
17358
69
17648
67
17788
67
17979
65
18179
84
18469
79
18710
32
18960
67
19190
72
19301
69
19501
32
22455
78
22605
69
23056
76
23356
32
24528
80
24628
65
24909
69
25109
83
25309
69
25560
32
28063
68
28304
69
28504
76
28624
76
28824
79
29075
32
29706
83
29896
84
30226
73
30507
86
30667
65
30907
76
31067
69
31358
188
31528
32
31758
67
32139
72
32329
69
32470
32
32800
78
33010
79
33171
78
33381
32
33821
69
34092
222
34372
32
34512
32
35484
80
35674
73
35854
85
36195
222
36495
32
36625
32
37467
73
37667
76
37867
32
38078
77
38348
73
38428
79
38729
32
39289
8
40100
188
40291
32
40591
67
40791
73
41052
32
41292
83
41513
73
41643
65
41813
32
44407
85
44537
78
44807
65
45048
32
45388
67
45709
85
45959
76
46229
84
46490
85
46800
82
47010
65
47191
32
47431
67
47601
79
47802
83
48072
73
48392
222
48653
32
49674
32
50505
66
50726
79
51647
8
52238
73
52598
71
52759
79
53089
84
53229
84
53410
65
53610
32
54020
69
54191
32
57205
83
57546
85
57846
80
58046
69
58237
82
58457
70
58597
73
58857
67
59028
73
59208
65
59348
76
59558
69
60169
190
60500
32
62513
16
63003
16
63033
16
63064
16
63104
16
63114
73
63354
79
63604
32
63965
72
64145
79
64375
32
64576
68
64766
69
65016
67
65207
73
65357
83
65507
79
65737
32
65968
67
66178
72
66318
69
66468
32
66619
83
66879
69
67039
32
67240
78
67420
69
67620
32
68031
65
68281
86
68581
82
68812
79
69132
222
69413
32
69563
32
70324
76
70865
222
71115
32
71315
79
71526
67
71716
67
71956
65
72207
83
72377
73
72477
79
72717
78
72908
69
73138
32
74450
78
74570
79
74730
78
74951
32
75411
80
75692
69
75872
69
75892
82
76122
68
76303
69
76533
82
77705
8
78225
8
78406
8
78566
8
78726
8
78886
8
79257
8
79798
8
80989
8
81210
8
81390
8
82071
77
82291
73
82501
32
82952
84
83162
82
83393
65
83603
83
83703
70
83883
69
84104
82
84444
73
84725
82
84895
79
85295
222
85586
32
85736
32
87509
73
87789
78
87979
32
88310
16
88470
71
88740
73
88881
65
89031
80
89171
80
89281
79
89552
78
89692
69
95590
188
95801
32
96051
68
96251
65
96441
84
96702
79
96942
32
97092
67
97273
72
97383
69
97543
32
97793
79
98024
82
98194
77
98354
65
98524
73
98755
32
99085
73
99276
76
99466
32
99736
78
00287
8
00577
77
00858
73
00968
79
01288
32
01719
67
01939
85
02120
79
02390
82
02620
69
02861
32
05234
65
05404
80
05565
80
05865
65
06105
82
06256
84
06556
73
06796
69
07057
78
07307
69
07567
32
12785
65
13045
76
13296
32
13626
16
14027
83
14277
79
14477
76
14948
32
15489
16
15619
76
15940
69
16160
86
16350
65
16530
78
16821
84
16981
69
20336
32
23320
8
23661
188
23841
32
27897
69
28157
32
33024
73
33244
78
33675
70
33895
65
34146
84
34326
84
34646
73
34917
32
40084
78
40295
69
40845
8
40996
8
41817
65
41947
73
42157
32
42418
77
42628
79
42828
78
43269
68
43439
73
43619
65
43750
76
43980
73
44200
32
44511
68
44691
73
44891
32
45242
81
45422
85
45622
69
45843
83
45973
84
46483
222
46744
32
46964
65
47084
78
47225
78
47335
79
47605
32
48486
73
48687
79
48887
32
49468
84
49698
73
50069
70
50429
69
50569
82
51210
79
51531
222
51871
32
52352
32
56187
76
56378
65
56578
32
57059
83
57479
81
57740
85
57870
65
58341
68
58511
82
58741
65
58891
32
59102
68
59242
73
59462
32
59582
16
59853
89
60113
65
60403
77
61074
65
61385
84
62266
37
62767
37
62787
37
62827
37
62857
37
62897
37
62917
37
62947
37
62987
37
63017
37
63318
39
63678
8
63858
8
64039
8
64199
8
64379
8
64569
8
64760
8
65431
78
65541
65
65931
90
66172
73
66282
79
66532
78
66723
65
66883
76
67083
69
67484
39
67974
39
68014
39
68034
39
68064
39
68095
39
68135
39
68165
39
68195
39
68235
39
68255
39
68285
39
68906
79
69396
16
69887
16
69927
16
69967
16
69987
16
70017
16
70047
16
70077
16
70107
16
70147
16
70178
16
70208
16
70538
190
71449
32
91959
16
92279
76
92810
222
93121
32
93361
73
93671
84
94072
8
94232
8
94593
16
94813
73
95123
84
95274
65
95464
76
95704
73
95844
65
96115
32
96826
78
96926
79
97076
78
97287
32
97537
77
97827
69
98048
82
98268
73
98548
84
98829
65
98959
32
99229
78
99390
79
99580
73
99860
32
00471
65
00611
78
00812
73
01012
77
01172
69
01723
70
01873
65
02083
78
03826
16
04136
49
10656
32
11757
83
12058
79
12428
82
12548
69
12779
68
12929
69
13189
87
13430
65
17325
16
17816
16
17856
16
17886
16
17916
16
17946
16
17976
16
18006
16
18036
16
18066
16
18357
13
18587
13
18757
13
18948
13
19138
13
19308
13
19488
13
19669
13
19859
13
21081
8
21261
8
21471
8
21662
8
21842
8
22022
8
22182
8
22733
8
23194
8
26318
8
26509
8
26679
8
27380
8
27590
8
27770
8
27911
8
28071
8
