43902
16
44062
66
44483
85
44914
79
45124
78
45484
71
45585
73
45675
79
46686
82
46826
78
46987
79
47247
32
47928
83
48058
80
48289
69
48479
82
48639
79
48789
32
49120
68
49250
73
49400
32
49931
69
50281
83
50492
83
50752
69
50902
82
51093
69
52104
32
53406
68
53506
73
53646
32
54387
71
54678
82
54768
65
55118
78
55659
68
56000
69
56170
32
56600
65
56771
73
57041
85
57392
84
57502
79
57622
32
58263
65
58373
32
58844
81
58984
85
59384
69
59735
83
59915
79
60376
8
60526
84
60967
79
61077
32
61427
69
61678
83
62088
80
62309
69
62679
82
62789
73
63210
77
63350
69
63470
78
63581
84
63681
79
64582
32
64792
83
65483
67
65623
73
65974
69
66114
78
66415
84
66565
73
67005
70
67106
73
68257
67
68377
79
69369
190
69609
32
86554
16
87034
16
87064
16
87094
16
87124
16
87154
16
87184
16
87214
16
87245
16
87275
16
87305
16
87335
16
87365
16
87395
16
87425
16
87455
16
87485
16
87515
16
87545
16
87575
16
87605
16
87635
16
87665
16
87685
77
88166
73
89047
32
89538
72
89638
65
89728
32
90179
67
90299
73
90750
8
91811
72
92021
73
92282
69
92462
83
92662
84
92803
79
92903
32
93163
68
93313
73
93443
32
93814
83
94114
67
94505
82
94635
73
95046
86
95296
69
95727
82
95817
69
95967
32
14964
68
15055
79
15605
86
15896
69
16106
32
16416
77
16587
73
16727
32
17117
80
17318
73
17558
83
17588
65
18139
8
18299
8
18540
65
18800
67
19010
69
19200
82
19341
69
20062
66
20242
66
20382
69
20572
32
20903
65
21043
78
21253
68
21484
65
21814
82
21904
69
22065
32
22355
73
22505
78
22665
32
23487
86
23617
65
24078
67
24228
65
24548
78
24879
90
25580
65
27252
190
27392
190
27853
32
28334
16
29445
16
29926
16
29956
16
29986
16
30016
16
30046
16
30076
16
30106
16
30136
16
30166
16
30196
16
30226
16
30256
16
30286
16
30316
16
30347
16
30377
16
30407
16
30437
16
30467
16
30497
16
30527
16
30557
16
30587
16
30617
16
30647
16
30677
16
30707
16
30737
16
30767
16
30807
16
30837
16
30847
83
31698
80
31799
69
31879
82
32440
79
32550
32
32770
68
32900
73
33010
32
33311
65
33461
78
33822
68
33952
65
34282
82
34372
69
34573
32
34983
65
35163
76
35344
76
35614
69
35744
32
36185
16
36545
77
36756
65
36776
83
37357
8
37988
76
38328
68
38448
73
38779
86
39179
69
39620
16
40070
49
40241
49
40411
49
41002
32
41543
16
42023
16
42053
16
42083
16
42113
16
42143
16
42174
16
42204
16
42234
16
42264
16
42294
16
42324
16
42354
16
42384
16
42414
16
42444
16
42474
16
42504
16
42534
16
42564
16
42594
16
42624
16
42654
16
42684
16
42714
16
42744
16
42774
16
42804
16
42834
16
42865
16
42895
16
42925
16
42955
16
42985
16
43015
16
43045
16
43085
16
43115
16
43145
16
43175
16
43205
16
43235
16
43265
16
43295
16
43325
16
43355
16
43385
16
43415
16
43445
16
43475
16
43505
16
43535
16
43566
16
43596
16
43626
16
43656
16
43686
16
43716
16
43746
16
43776
16
43806
16
43836
16
43866
16
43896
16
43926
16
43956
16
43986
16
44016
16
44046
16
44076
16
44106
16
44146
16
44176
16
44206
16
44236
16
44267
16
44297
16
44327
16
44357
16
44387
16
44417
16
44447
16
44477
16
44507
16
44537
16
44567
16
44597
16
44627
16
44657
16
44687
16
44717
16
44747
16
44777
16
44807
16
44837
16
44867
16
44897
16
44927
16
44958
16
44988
16
45018
16
45048
16
45078
16
45108
16
45138
16
45168
16
45208
16
45238
16
45268
16
45298
16
45328
16
45358
16
45388
16
45418
16
45448
16
45478
16
45508
16
45538
16
45568
16
45598
16
45628
16
45659
16
45689
16
45719
16
45749
16
45779
16
45809
16
45839
16
45869
16
45899
16
45929
16
45959
16
45989
16
46019
16
46049
16
46079
16
46109
16
46139
16
46169
16
46199
16
46229
16
46259
16
46289
16
46319
16
46350
16
46380
16
46410
16
46450
16
46480
16
46510
16
46540
16
46570
16
46600
16
46630
16
46660
16
46690
16
46720
16
46750
16
46780
16
46810
16
46840
16
46870
16
46900
16
46930
16
46960
16
46990
16
47020
16
47051
16
47081
16
47111
16
47141
16
47171
16
47201
16
47231
16
47261
16
47291
16
47321
16
47351
16
47381
16
47411
16
47441
16
47471
16
47511
16
47541
16
47571
16
47601
16
47631
16
47661
16
47691
16
47721
16
47752
16
47782
16
47812
16
47842
16
47872
16
47902
16
47932
16
47962
16
47992
16
48022
16
48052
16
48082
16
48112
16
48142
16
48172
16
48202
16
48232
16
48262
16
48292
16
48322
16
48352
16
48382
16
48412
16
48443
16
48473
16
48503
16
48533
16
48573
16
48603
16
48633
16
48663
16
48693
16
48723
16
48753
16
48783
16
48813
16
48843
16
48873
16
48903
16
48933
16
48963
16
48993
16
49023
16
49053
16
49083
16
49114
16
49144
16
49174
16
49204
16
49234
16
49264
16
49294
16
49324
16
49354
16
49384
16
49414
16
49444
16
49474
16
49504
16
49534
16
49564
16
49594
16
49634
16
49664
16
49694
16
49724
16
49754
16
49784
16
49815
16
49845
16
49875
16
49905
16
49935
16
49965
16
49995
16
50025
16
50055
16
50085
16
50115
16
50145
16
50175
16
50205
16
50235
16
50265
16
50295
16
50325
16
50355
16
50385
16
50415
16
50445
16
50475
16
50506
16
50536
16
50566
16
50596
16
50626
16
50656
16
50696
16
50726
16
50756
16
50786
16
50816
16
50846
16
50876
16
50906
16
50936
16
50966
16
50996
16
51026
16
51056
16
51086
16
51116
16
51146
16
51176
16
51207
16
51237
16
51267
16
51297
16
51327
16
51357
16
51387
16
51417
16
51447
16
51477
16
51507
16
51537
16
52248
8
55262
32
55423
16
55903
16
55933
16
55963
16
55993
16
56023
16
56053
16
56084
16
56114
16
56144
16
56174
16
56204
16
56234
16
56264
16
56294
16
56324
16
56364
16
56394
16
56424
16
56454
16
56484
16
56514
16
56544
16
56574
16
56604
16
56634
16
56664
16
56694
16
56724
16
56754
16
56785
16
56815
16
56845
16
56875
16
56905
16
56935
16
56965
16
56995
16
57025
16
57055
16
57085
16
57115
16
57145
16
57175
16
57205
16
57235
16
57265
16
57295
16
57325
16
57355
16
57385
16
57425
16
57455
16
57486
16
57516
16
57546
16
57576
16
57606
16
57636
16
57666
16
57696
16
57726
16
57756
16
57786
16
57816
16
57846
16
57876
16
57906
16
57936
16
57966
16
57996
16
58026
16
58056
16
58086
16
58116
16
58146
16
58177
16
58207
16
58237
16
58267
16
58297
16
58327
16
58357
16
58387
16
58417
16
58447
16
58477
16
58517
16
58547
16
58577
16
58607
16
58637
16
58667
16
58697
16
58727
16
58757
16
58787
16
58817
16
58847
16
58878
16
58908
16
58938
16
58968
16
58998
16
59028
16
59058
16
59088
16
59118
16
59148
16
59178
16
59208
16
59238
16
59268
16
59298
16
59328
16
59358
16
59388
16
59418
16
59448
16
59478
16
59508
16
59538
16
59579
16
59609
16
59639
16
59669
16
59699
16
59729
16
59759
16
59789
16
59819
16
59849
16
59879
16
59909
16
59939
16
59969
16
59999
16
60029
16
60059
16
60089
16
60119
16
60149
16
60179
16
60209
16
60239
16
60270
16
60300
16
60330
16
60360
16
60390
16
60420
16
60450
16
60480
16
60510
16
60540
16
60570
16
60600
16
60630
16
60660
16
60690
16
60720
16
60750
16
60780
16
60820
16
60850
16
60880
16
60910
16
60941
16
60971
16
61001
16
61031
16
61061
16
61091
16
61121
16
61151
16
61181
16
61211
16
61241
16
61271
16
61301
16
61331
16
61361
16
61391
16
61421
16
61451
16
61481
16
61511
16
61541
16
61571
16
61601
16
61632
16
61662
16
61692
16
61722
16
61752
16
61782
16
61812
16
61842
16
61882
16
61912
16
61942
16
61972
16
62002
16
62032
16
62062
16
62092
16
62122
16
62152
16
62182
16
62212
16
62242
16
62272
16
62302
16
62333
16
62363
16
62393
16
62423
16
62453
16
62483
16
62513
16
62543
16
62573
16
62603
16
62633
16
62663
16
62693
16
62723
16
62753
16
62783
16
62813
16
62843
16
62873
16
62903
16
62943
16
62973
16
63003
16
63034
16
63064
16
63094
16
63124
16
63154
16
63184
16
63214
16
63244
16
63274
16
63304
16
63334
16
63364
16
63394
16
63424
16
63454
16
63484
16
63514
16
63544
16
63574
16
63604
16
63634
16
63664
16
63694
16
63725
16
63755
16
63785
16
63815
16
63845
16
63875
16
63905
16
63935
16
63965
16
64005
16
64035
16
64065
16
64095
16
64125
16
64155
16
64185
16
64215
16
64245
16
64275
16
64305
16
64335
16
64365
16
64395
16
64426
16
64456
16
64486
16
64516
16
64546
16
64576
16
64606
16
64636
16
64666
16
64696
16
64726
16
64756
16
64786
16
64816
16
64846
16
64876
16
64906
16
64936
16
64966
16
64996
16
65026
16
65066
16
65096
16
65127
16
65157
16
65187
16
65217
16
65247
16
65277
16
65307
16
65337
16
65367
16
65397
16
65427
16
65457
16
65487
16
65517
16
65547
16
65577
16
65607
16
65637
16
65667
16
65697
16
65727
16
65757
16
65787
16
65818
16
65848
16
65878
16
65908
16
65938
16
65968
16
65998
16
66028
16
66058
16
66088
16
66118
16
66148
16
66178
16
66208
16
66238
16
66268
16
66308
16
66338
16
66368
16
66398
16
66428
16
66458
16
66488
16
66519
16
66549
16
66579
16
66609
16
66639
16
66669
16
66699
16
66729
16
66759
16
66789
16
66819
16
66849
16
66879
16
66909
16
66939
16
66969
16
66999
16
67029
16
67059
16
67089
16
67119
16
67149
16
67179
16
67210
16
67240
16
67270
16
67300
16
67330
16
67370
16
67400
16
67430
16
67460
16
67490
16
67520
16
67550
16
67580
16
67610
16
67640
16
67670
16
67700
16
67730
16
67760
16
67790
16
67820
16
67850
16
67880
16
67911
16
67941
16
67971
16
68001
16
68031
16
68061
16
68091
16
68121
16
68151
16
68181
16
68211
16
68241
16
68271
16
68301
16
68331
16
68361
16
68391
16
68431
16
68461
16
68491
16
68521
16
68551
16
68581
16
68612
16
68642
16
68672
16
68702
16
68732
16
68762
16
68792
16
68822
16
68852
16
68882
16
68912
16
68942
16
68972
16
69002
16
69032
16
69062
16
69092
16
69122
16
69152
16
69182
16
69212
16
69242
16
69272
16
69303
16
69333
16
69363
16
69393
16
69423
16
69453
16
69483
16
69523
16
69553
16
69583
16
69613
16
69643
16
69673
16
69703
16
69733
16
69763
16
69793
16
69823
16
69853
16
69883
16
69913
16
69943
16
69973
16
70004
16
70034
16
70064
16
70094
16
70124
16
70154
16
70184
16
70214
16
70244
16
70274
16
70304
16
70334
16
70364
16
70394
16
70424
16
70454
16
70484
16
70514
16
70544
16
70584
16
70614
16
70644
16
70675
16
70705
16
70735
16
70765
16
70795
16
70825
16
70855
16
70885
16
70915
16
70945
16
70975
16
71005
16
71035
16
71065
16
71095
16
71125
16
71155
16
71185
16
71215
16
71245
16
71275
16
71305
16
71335
16
71365
16
71396
16
71426
16
71456
16
71486
16
71516
16
71546
16
71576
16
71606
16
71636
16
71666
16
71696
16
71726
16
71756
16
71786
16
71826
16
71856
16
71886
16
71916
16
71946
16
71976
16
72006
16
72036
16
72067
16
72097
16
72127
16
72157
16
72187
16
72217
16
72717
38
73068
38
73298
37
73769
37
73799
37
73829
37
73859
37
73889
37
73919
37
73949
37
73979
37
74009
37
74039
37
74069
37
74099
37
74129
37
74160
37
74200
37
74220
37
74260
37
74290
37
74320
37
74350
37
74380
37
74410
37
74440
37
74470
37
74500
37
74530
37
74560
37
74590
37
74620
37
74650
37
74680
37
74710
37
74740
37
74770
37
74800
37
74830
37
75101
39
75461
39
76583
188
77184
40
77394
40
78105
35
81941
16
82421
16
82451
16
82481
16
82512
16
82542
16
82572
16
82602
16
82632
16
82662
16
82692
16
82722
16
82752
16
82782
16
82812
16
82842
16
82872
16
82902
16
82942
16
82972
16
83002
16
83032
16
83062
16
83092
16
83122
16
83152
16
83182
16
83213
16
83243
16
83273
16
83303
16
83333
16
83363
77
83894
65
84615
71
84715
65
85065
82
85165
73
85316
32
87639
8
88140
16
88540
49
88710
49
89211
32
89401
16
89882
16
89912
16
89942
16
89972
16
90002
16
90032
16
90062
16
90092
16
90122
16
90163
16
90193
16
90223
16
90253
16
90283
16
90313
16
90343
16
90373
16
90403
16
90433
16
90463
16
90493
16
90523
16
90553
16
90583
16
90613
16
90643
16
90673
16
90703
16
90733
16
90763
16
90793
16
90823
16
90854
16
90884
16
90914
16
90944
16
90974
16
91004
16
91034
16
91064
16
91605
8
92866
13
93087
16
93567
16
93597
16
93628
16
93658
16
93688
16
93718
16
93748
16
93778
16
93808
16
93838
16
93868
16
93898
16
93928
16
93958
16
93988
16
94018
16
94048
16
94078
16
94108
16
94138
16
94168
16
94198
16
95250
8
95891
32
96171
16
96652
16
96682
16
96712
16
96742
16
96772
16
96802
16
96832
16
96862
16
96892
16
96902
80
97303
69
97954
78
98074
83
98174
79
98284
32
98915
67
99045
72
99145
69
99266
32
99546
68
00297
8
01268
77
01379
69
01529
32
01849
68
02050
69
02520
66
02671
66
02751
65
02891
32
03452
65
05054
37
05525
37
05565
37
05585
37
05615
37
05655
37
05685
37
05715
37
05745
37
05775
37
05995
39
06376
38
06877
40
07317
46
08229
73
08980
35
10121
67
10301
67
10412
79
10512
78
10982
84
11353
69
11523
78
11734
84
12124
65
12535
82
12615
69
12785
32
13186
68
13346
73
13486
32
16581
85
16761
78
16931
65
17011
32
17892
86
17973
65
18363
67
18493
65
18884
78
19034
90
19555
65
19685
32
20306
80
20716
73
22479
85
23140
222
23350
32
24532
32
24923
69
25173
67
25303
79
25654
78
25794
79
25914
78
26685
8
27506
77
27686
73
28027
67
28147
65
33585
188
33815
32
35368
80
35618
65
35918
78
36960
8
37040
90
37661
73
38582
69
38782
78
39013
65
39443
8
39524
90
39884
65
40034
32
41757
65
42237
83
42398
80
42618
69
42868
69
43349
8
43579
84
43780
84
43990
69
44180
82
44641
79
45823
222
45983
32
47144
32
47705
68
47795
73
47916
32
49959
8
50509
8
50840
8
53163
81
53293
85
54445
8
54625
8
55056
8
57489
32
58721
76
58831
65
58901
32
60283
80
60434
82
60654
79
61024
83
61215
83
61335
73
61625
77
61745
65
61906
32
62426
79
62737
67
62937
67
63097
65
63418
90
63578
73
64089
8
64269
8
64499
83
64760
73
64850
79
65080
78
65190
69
67444
188
67804
32
68175
8
68365
8
70408
190
70758
32
71179
16
72611
16
73092
16
73122
16
73152
16
73182
16
73212
16
73242
16
73272
16
73302
16
73332
16
73362
16
73392
16
73422
16
73452
16
73482
16
73512
16
73542
16
73572
16
73603
16
73633
16
73663
16
73693
16
73723
16
73753
16
73783
16
73813
16
73853
16
73883
16
73913
16
73943
16
73973
16
74003
16
74033
16
74063
16
74093
16
74123
16
74153
16
74183
16
74213
16
74243
16
74273
16
74304
16
74334
16
74364
16
74394
16
74424
16
74454
16
74484
16
74514
16
74544
16
74574
16
74604
16
74634
16
74664
16
74694
16
74724
16
74754
16
74784
16
74814
16
74844
16
74874
16
74914
16
74944
16
74974
16
75005
16
75035
16
75065
16
75095
16
75125
16
75155
16
75185
16
75215
16
75245
16
75275
16
75305
16
75335
16
75365
16
75395
16
75425
16
75455
16
75485
16
75515
16
75545
16
75575
16
75605
16
75635
16
75665
16
75696
16
75726
16
75756
16
75786
16
75816
16
75846
16
75876
16
75906
16
75936
16
75976
16
76006
16
76036
16
76066
16
76096
16
76126
16
76156
16
76186
16
76216
16
76246
16
76276
16
76306
16
76336
16
76366
16
76397
16
76427
16
76457
16
76487
16
76517
16
76547
16
76577
16
76607
16
76637
16
76667
16
76697
16
76727
16
76757
16
76787
16
76817
16
76847
16
76877
16
76907
16
76937
16
76967
16
76997
16
77037
16
77067
16
77098
16
77128
16
77158
16
77188
16
77218
16
77248
16
77278
16
77308
16
77338
16
77368
16
77398
16
77428
16
77458
16
77488
16
77518
16
77548
16
77578
16
77608
16
77638
16
77668
16
83577
8
88564
13
90767
16
91248
16
91278
16
91308
16
91338
16
91368
16
91398
16
91428
16
91458
16
91488
16
91518
16
91548
16
91578
16
91608
16
91638
16
91668
16
91699
16
91729
16
91759
16
91789
16
91829
16
91859
16
91889
16
91919
16
91949
16
91979
16
92009
16
92039
16
92069
16
92099
16
92129
16
92159
16
92189
16
92219
16
92249
16
92279
16
92309
16
92339
16
92369
16
92400
16
92430
16
92460
16
92490
16
92520
16
92550
16
92580
16
92610
16
92640
16
92670
16
92700
16
92730
16
92760
16
92790
16
92820
16
92850
16
92890
16
92920
16
92950
16
92980
16
93010
16
93040
16
93071
16
93101
16
93131
16
93161
16
93191
16
93221
16
93251
16
93281
16
93311
16
93341
16
93371
16
93401
16
93431
16
93461
16
93491
16
93521
16
93551
16
93581
16
93611
16
93641
16
93671
16
93701
16
93731
16
93761
16
93792
16
93822
16
93852
16
93882
16
93912
16
93942
16
93982
16
94012
16
94042
16
94072
16
94102
16
94132
16
94162
16
94192
16
94222
16
94252
16
94282
16
94312
16
94342
16
94372
16
94402
16
94432
16
94463
16
94493
16
94523
16
94553
16
94583
16
94613
16
94643
16
94673
16
94703
16
94733
16
94763
16
94793
16
94823
16
94843
78
94863
32
95644
8
96295
79
96445
78
96686
32
97056
83
97206
79
97567
32
98108
80
98488
82
98608
79
99179
80
99810
84
00451
8
00551
82
00651
79
01162
8
01783
73
01903
79
02013
32
02314
67
02444
79
02754
83
02855
65
03005
32
03566
83
03766
67
04146
82
04437
73
04807
86
05038
69
05218
82
05358
69
05528
32
06420
77
06510
65
06630
32
07852
8
08022
8
08192
8
08352
8
09644
190
09795
190
09945
190
10085
190
10656
32
10986
16
11467
16
11497
16
11527
16
11557
16
11767
8
11918
8
12078
8
13159
32
15573
16
16054
16
16084
16
16114
16
16144
16
16174
16
16204
16
16234
16
16264
16
16294
16
16324
16
16354
16
16384
16
16414
16
16444
16
16474
16
16504
16
16534
16
16564
16
16594
16
16634
16
16664
16
16694
16
16725
16
16755
16
16785
16
16815
16
16845
16
16875
16
16905
16
16935
16
16965
16
16995
16
17025
16
17055
16
17085
16
17115
16
17145
16
17175
16
17205
16
17235
16
17265
16
17295
16
17325
16
17355
16
17385
16
17416
16
17446
16
17476
16
17506
16
17536
16
17566
16
17596
16
17626
16
17656
16
17696
16
17726
16
17756
16
17786
16
17816
16
17846
16
17876
16
17906
16
17936
16
17966
16
17996
16
18026
16
18056
16
18086
16
18117
16
18147
16
18177
16
18207
16
18237
16
18267
16
18297
16
18327
16
18357
16
18387
16
18417
16
18447
16
18477
16
18507
16
18537
16
18567
16
18597
16
18627
16
18657
16
18687
16
18717
16
18757
16
18787
16
18818
16
18848
16
18878
16
18908
16
18938
16
18968
16
18998
16
19028
16
19058
16
19088
16
19118
16
19148
16
19178
16
19208
16
19238
16
19268
16
19298
16
19328
16
19358
16
19388
16
19418
16
19448
16
19478
16
19509
16
19539
16
19569
16
19599
16
19629
16
19659
16
19689
16
19719
16
19749
16
19779
16
19819
16
19849
16
19879
16
19909
16
19939
16
19969
16
19999
16
20029
16
20059
16
20089
16
20119
16
20149
16
20179
16
20210
16
20240
16
20270
16
20300
16
20330
16
20360
16
20390
16
20420
16
20450
16
20480
16
20510
16
20540
16
20570
16
20600
16
29633
16
30114
16
30144
16
30174
16
30204
16
30234
16
30264
16
30294
16
30324
16
30354
16
30384
16
30424
16
30454
16
30484
16
30514
16
30544
16
30574
16
30604
16
30635
16
30665
16
31065
16
31546
16
31576
16
31606
16
31636
16
31666
16
31696
16
31726
16
31756
16
31786
16
31806
86
32367
79
32607
82
32818
82
33068
69
33398
73
33619
32
35161
83
35331
65
35652
80
35812
69
35902
82
36203
69
36223
32
37715
73
37895
78
38065
32
38245
67
38356
79
38556
83
38826
65
38987
32
39237
67
39357
79
39447
78
39988
83
40128
73
40499
83
40739
84
40989
69
41250
32
42762
81
42862
85
43253
69
43463
83
43793
84
43944
79
44054
32
44885
69
45145
83
45266
80
45646
69
45776
82
45977
73
46487
77
46577
69
46688
78
46838
84
46958
79
47088
32
48640
83
48761
67
49241
73
49432
69
49572
78
49862
84
50022
73
50493
70
50613
73
51314
67
51444
79
53087
188
53287
32
54569
77
54649
65
54769
32
63922
8
64083
8
64263
8
65184
38
66286
40
67498
77
67578
65
67698
32
68239
77
68409
73
68569
32
69170
68
69370
69
69721
86
69851
79
70191
32
70502
65
70762
67
71033
67
71413
79
71563
78
71864
84
72104
69
72264
78
72334
84
72705
69
73236
8
73336
65
73466
8
73947
8
73977
8
74007
8
74037
8
74067
8
74097
8
74127
8
74157
8
74187
8
74227
8
74257
8
74287
8
74317
8
74347
8
74377
8
74407
8
74438
8
74468
8
74498
8
74528
8
74558
8
74688
8
76280
188
78363
8
82129
190
82379
32
23188
8
23348
8
23518
8
24660
79
24790
32
25241
77
25351
65
25441
32
25741
77
25902
73
26132
32
26683
68
26793
79
27133
86
27414
82
27544
79
28545
222
28756
32
29046
65
29597
8
29877
32
30438
65
30558
67
30929
67
31139
79
31249
78
31710
84
31960
69
32461
78
32561
84
32691
69
33102
8
33222
65
33492
82
33583
69
33753
32
34093
68
34203
73
34304
32
35205
66
35365
65
35686
84
35906
84
36096
69
36236
82
36357
69
36547
32
37779
81
37899
85
38470
69
38760
83
38940
84
39080
79
39231
32
41354
84
41664
69
41945
83
42235
84
42365
79
42465
32
43307
70
44368
8
47743
8
48254
190
48384
190
48534
190
49225
8
49365
8
49586
8
50026
32
50557
8
51228
190
51478
32
56746
16
57227
16
57257
16
57287
16
57317
16
57347
16
57377
16
57407
16
57437
16
57467
16
57497
16
57537
16
57567
16
57597
16
57627
16
57657
16
57687
16
57717
16
57747
16
57777
16
57807
16
57837
16
57867
16
57898
16
57928
16
57958
16
57988
16
58018
16
58048
16
58078
16
58108
16
58138
16
58168
16
58198
16
58228
16
58258
16
58288
16
58318
16
58348
16
58378
16
58408
16
58438
16
58468
16
58498
16
58528
16
58558
16
58599
16
58629
16
58659
16
58689
16
58719
16
58749
16
58779
16
58809
16
58839
16
58869
16
58899
16
58929
16
58959
16
58989
16
59019
16
59049
16
59079
16
59109
16
59139
16
59169
16
59199
16
59229
16
59259
16
59290
16
59320
16
59350
16
59380
16
59410
16
59440
16
59470
16
59500
16
59540
16
59570
16
59600
16
59630
16
59660
16
59690
16
59720
16
59750
16
59780
16
59810
16
59840
16
59870
16
59900
16
59930
16
59960
16
59991
16
60021
16
60051
16
60081
16
60111
16
60141
16
60171
16
60201
16
60231
16
60261
16
60291
16
60321
16
60351
16
60381
16
60411
16
60441
16
60471
16
60501
16
60541
16
60571
16
60601
16
60631
16
60661
16
60692
16
60722
16
60752
16
60782
16
60812
16
60842
16
60872
16
60902
16
60932
16
60962
16
60992
16
61022
16
61052
16
61082
16
61112
16
61142
16
61172
16
61202
16
61232
16
61262
16
61292
16
61322
16
61352
16
61383
16
61413
16
61443
16
61473
16
61503
16
61533
16
61563
16
61603
16
61633
16
61663
16
61693
16
61723
16
61753
16
61783
16
61813
16
61843
68
70155
8
71948
16
72428
16
72458
16
72488
16
72519
16
72549
16
72579
16
72609
16
72639
16
72669
16
72699
16
72729
16
72759
16
72789
16
72819
16
72849
16
72879
16
72909
16
72939
16
72969
16
72999
16
73029
16
73059
16
73089
16
73119
16
73149
16
73179
16
73210
16
73240
16
73270
16
73300
16
73340
16
73370
16
73400
16
73430
16
73460
16
73490
16
73520
16
73550
16
73580
16
73610
16
73640
16
73670
16
73700
16
73730
16
73760
16
73790
16
73820
16
73850
16
73880
16
73911
16
73941
16
73971
16
74001
16
74031
16
74061
16
74091
16
74121
16
74151
16
74181
16
74211
16
74241
16
74271
16
74301
16
74331
16
74361
16
74401
16
74431
16
74461
16
74491
16
74521
16
74551
16
74582
16
74612
16
74642
16
74672
16
74702
16
74732
16
74762
16
74792
16
74822
16
74852
16
74882
16
74912
16
74942
16
74972
16
75002
16
75032
16
75062
16
75092
16
75122
16
75152
16
75182
16
75212
16
75242
16
75272
16
75303
16
75333
16
75363
16
75393
16
75423
16
75463
16
75493
16
75523
16
75553
16
75583
16
75613
16
75643
16
75673
16
75703
16
75733
16
75763
16
75793
16
75823
16
75853
16
75883
16
75913
16
75943
16
75974
16
76004
16
76034
16
76064
16
76094
16
76124
16
76154
16
76184
16
76214
16
76244
16
76274
16
76304
16
76334
16
76374
16
76404
16
76434
16
76464
16
76494
16
76524
16
76554
16
76584
16
76614
16
76644
16
76675
16
76705
16
76735
16
76765
16
76795
16
76825
16
76855
16
76885
16
76915
16
76945
16
76975
16
77005
16
77035
16
77065
16
77095
16
77125
16
77155
16
77185
16
77215
16
77245
16
77275
16
77305
16
77335
16
77366
16
77396
16
77436
16
77466
16
77496
16
77526
16
77556
16
77586
16
77616
16
77646
16
77676
16
77706
16
77736
16
77766
16
77796
16
77826
16
77856
16
77886
16
77916
16
77946
16
77976
16
78006
16
78036
16
78067
16
78097
16
78127
16
78157
16
78187
16
78217
16
78247
16
78277
16
78307
16
78337
16
78367
16
78397
16
78427
16
78457
16
78497
16
78527
16
78557
16
78587
16
78617
16
78647
16
78677
16
78707
16
78737
16
78768
16
78798
16
78828
16
78858
16
78888
16
78918
16
78948
16
78978
16
79008
16
79038
16
79068
16
79098
16
79128
16
79158
16
79188
16
79218
16
79248
16
79278
16
79308
16
79338
16
79368
16
79398
16
79428
16
79459
16
79489
16
79519
16
79559
16
79589
16
79619
16
79649
16
79679
16
79709
16
79739
16
79769
16
79799
16
79829
16
79859
16
79889
16
79919
16
79949
16
79979
16
80009
16
80039
16
80069
16
80099
16
80129
16
80160
16
80190
16
80220
16
80250
16
80280
16
80310
16
80340
16
80370
16
80400
16
80430
16
80460
16
80490
16
80520
16
80550
16
80580
16
80620
16
80650
16
80680
16
80710
16
80740
16
80770
16
80800
16
80830
16
80861
16
80891
16
80921
16
80951
16
80981
16
81011
16
81041
16
81071
16
81101
16
81131
16
81161
16
81191
16
81221
16
81251
16
81281
16
81311
16
81341
16
81371
16
81401
16
81431
16
81461
16
81491
16
81521
16
81552
16
81582
16
81612
16
81642
16
81682
16
81712
16
81742
16
81772
16
81802
16
81832
16
81862
16
81892
16
81922
16
81952
16
81982
16
82012
16
82042
16
82072
16
82102
16
82132
16
82162
16
82192
16
82222
16
82253
16
82283
16
82313
16
82343
16
82373
16
82403
16
82433
16
82463
16
82493
16
82523
16
82553
16
82583
16
82613
16
82643
16
82673
16
82703
16
82743
16
82773
16
82803
16
82833
16
82863
16
82893
16
82923
16
82954
16
82984
16
83014
16
83044
16
83074
16
83104
16
83134
16
83164
16
83194
16
83224
16
83254
16
83284
16
83314
16
83344
16
83374
16
83404
16
83434
16
83464
16
83494
16
83524
16
83554
16
83584
16
83614
16
83645
16
83675
16
83715
16
83735
16
83765
16
83795
16
83835
16
83865
16
83895
16
83925
16
83955
16
83985
16
84015
16
84045
16
84075
16
84105
16
84135
16
84165
16
84195
16
84225
16
84255
16
84285
16
84315
16
84346
16
84376
16
84406
16
84436
16
84466
16
84496
16
84526
16
84556
16
84586
16
84616
16
84646
16
84676
16
84706
16
84736
16
84766
16
84796
16
84826
16
84856
16
84896
16
84926
16
84956
16
84986
16
85017
16
85047
16
85077
16
85107
16
85137
16
85167
16
85197
16
85227
16
85257
16
85287
16
85317
16
85347
16
85377
16
85407
16
85437
16
85467
16
85497
16
85527
16
85557
16
85587
16
85617
16
85647
16
38353
16
38834
16
38864
16
38894
16
38924
16
38954
16
38984
16
39014
16
39044
16
39074
16
39104
16
39144
16
39174
16
39204
16
39234
16
39265
16
39295
16
39325
16
39355
16
39385
16
39415
16
39445
16
39475
16
39505
16
39535
16
39565
16
39595
16
39625
16
39655
16
39685
16
39715
16
39745
16
39775
16
39805
16
39835
16
39865
16
39895
16
39925
16
39956
16
39986
16
40016
16
40046
16
40076
16
40106
16
40136
16
40166
16
40206
16
40236
16
40266
16
40296
16
40326
16
40356
16
40386
16
40416
16
40446
16
40476
16
40506
16
40536
16
40566
16
40596
16
40626
16
40657
16
40687
16
40717
16
40747
16
40777
16
40807
16
40837
16
40867
16
40897
16
40927
16
40957
16
40987
16
41017
16
41047
16
41077
16
41107
16
41137
16
41167
16
41197
16
41227
16
41267
16
41297
16
41327
16
41358
16
41388
16
41418
16
41448
16
41478
16
41508
16
41538
16
41568
16
41598
16
41628
16
41658
16
41688
16
41718
16
41748
16
41778
16
41808
16
41838
16
41868
16
41898
16
41928
16
41958
16
41988
16
42018
16
42049
16
42079
16
42109
16
42139
16
42169
16
42199
16
42229
16
42259
16
42299
16
42329
16
42359
16
42389
16
42419
16
42449
16
42479
16
42509
16
42539
16
42569
16
42599
16
42629
16
42659
16
42689
16
42719
16
42750
16
42780
16
42810
16
42840
16
42870
16
42900
16
42930
16
42960
16
42990
16
43020
16
43050
16
43080
16
43110
16
43140
16
43170
16
43200
16
43230
16
43260
16
43290
16
43320
16
43350
16
43390
16
43420
16
43451
16
43481
16
43511
16
43541
16
43571
16
43601
16
43631
16
43661
16
43691
16
43721
16
43751
16
43781
16
43811
16
43841
16
43871
16
43901
16
43931
16
43961
16
43991
16
44021
16
44051
16
44081
16
44111
16
44142
16
44172
16
44202
16
44232
16
44262
16
44292
16
44322
16
44362
16
44392
16
44422
16
44452
16
44482
16
44512
16
44542
16
44572
16
44602
16
44632
16
44662
16
44692
16
44722
16
44752
16
44782
16
44812
16
44843
16
44873
16
44903
16
44933
16
44963
16
44993
16
45023
16
45053
16
45083
16
45113
16
45143
16
45173
16
45203
16
45233
16
45263
16
45293
16
45333
16
45363
16
45393
16
45423
16
45453
16
45483
16
45513
16
45544
16
45574
16
45604
16
45634
16
45664
16
45694
16
45724
16
45754
16
45784
16
45814
16
45844
16
45874
16
45904
16
45934
16
45964
16
45994
16
46024
16
46054
16
46084
16
46114
16
46144
16
46174
16
46204
16
46235
16
46265
16
46295
16
46335
16
46365
16
46385
16
46425
16
46455
16
46485
16
46515
16
46545
16
46575
16
46605
16
46635
16
46665
16
46695
16
46725
16
46755
16
46785
16
46815
16
46845
16
46875
16
46905
16
46936
16
46966
16
46996
16
47026
16
47056
16
47086
16
47116
16
47146
16
47176
16
47206
16
47236
16
47266
16
47296
16
47326
16
47366
16
47396
16
47426
16
47456
16
47486
16
47516
16
47546
16
47576
16
47607
16
47637
16
47667
16
47697
16
47727
16
47757
16
47787
16
47817
16
47847
16
47877
16
47907
16
47937
16
47967
16
47997
16
48027
16
48057
16
48087
16
48117
16
48147
16
48177
16
48207
16
48237
16
48267
16
48297
16
48328
16
48358
16
48388
16
48418
16
48458
16
48488
16
48518
16
48548
16
48578
16
48608
16
48638
16
48668
16
48698
16
48728
16
48758
16
48788
16
48818
16
48848
16
48878
16
48908
16
48938
16
48968
16
48999
16
49029
16
49059
16
49089
16
49119
16
49149
16
49179
16
49209
16
49239
16
49269
16
49299
16
49339
16
49369
16
49399
16
49429
16
49459
16
49489
16
49519
16
49549
16
49579
16
49609
16
49639
16
49669
16
49700
16
49730
16
49760
16
49790
16
49820
16
49850
16
49880
16
49910
16
49940
16
49970
16
50000
16
50030
16
50060
16
50090
16
50120
16
50150
16
50180
16
50210
16
50240
16
50270
16
50300
16
50330
16
50360
16
50401
16
50431
16
50461
16
50491
16
50521
16
50551
16
50581
16
50611
16
50641
16
50671
16
50701
16
50731
16
50761
16
50791
16
50821
16
50851
16
50881
16
50911
16
50941
16
50971
16
51001
16
51031
16
51061
16
51092
16
51122
16
51152
16
51182
16
51212
16
51242
16
51272
16
51302
16
51332
16
51362
16
51392
16
51422
16
51462
16
51482
16
51522
16
51552
16
51582
16
51612
16
51642
16
51672
16
51702
16
51732
16
51762
16
51793
16
51823
16
51853
16
51883
16
51913
16
51943
16
51973
16
52003
16
52033
16
52063
16
52093
16
52123
16
52163
16
52193
16
52223
16
52253
16
52283
16
52313
16
52343
16
52373
16
52403
16
52433
16
52463
16
88946
16
89427
16
89457
16
89487
16
89517
16
89547
16
89577
16
89607
16
89637
16
89667
16
89697
16
89737
16
89767
16
89797
16
89827
16
89857
16
89887
16
89917
16
89947
16
89977
16
90007
16
90038
16
90068
16
90098
16
90138
16
90168
16
90198
16
90228
16
90258
16
90288
16
90318
16
90348
16
90378
16
90408
16
90438
16
90468
16
90508
16
90538
16
90568
16
90598
16
90628
16
90658
16
90688
16
90718
16
90749
16
90779
16
90819
16
90849
16
90879
16
90909
16
90939
16
90969
16
90999
16
91029
16
91069
16
91099
16
91129
16
91159
16
91189
16
91219
16
91259
16
91289
16
91319
16
91349
16
91379
16
91409
16
91440
16
91470
16
91500
65
92331
68
92601
69
92842
83
93042
83
93192
79
93302
32
93783
80
93963
85
94444
84
95065
8
95155
82
95585
84
95756
84
96347
8
96497
82
96617
79
97038
80
97208
80
97398
79
97548
32
97598
79
98470
8
99101
76
99201
65
99311
32
99741
68
99922
69
00252
67
00402
79
00903
8
01063
8
01264
86
01364
79
01594
32
01844
83
02075
65
02515
76
02666
85
03036
84
03166
65
03347
84
03897
8
04008
82
04088
69
04168
32
05330
80
05470
69
05590
82
06251
67
06341
72
08103
69
08394
222
08534
32
08945
68
09145
69
09796
8
09936
8
10166
32
10557
68
10767
69
11108
67
11258
79
11829
8
11979
8
12119
86
12249
79
12420
32
12760
65
12950
78
13121
68
13331
65
13682
82
13772
69
13932
32
14172
65
14322
32
14673
83
15234
84
15374
85
15875
68
16015
73
16355
65
16776
82
16836
69
17066
32
21282
65
21413
76
21853
84
22234
82
22344
69
22875
8
23516
73
23786
77
23926
69
24006
78
24187
84
24767
73
24908
32
25288
82
25468
73
26019
77
26139
65
26240
78
27642
71
27762
79
27892
32
28222
73
28373
78
29004
68
29154
73
29574
69
29895
84
30185
82
30345
79
30476
32
30906
67
31036
79
31147
78
31327
32
31697
73
31818
76
31918
32
32228
80
32559
82
32779
79
33460
71
33760
82
33891
65
34431
77
34592
77
34722
65
35643
16
36124
16
36154
16
36184
16
36224
16
36254
16
36284
16
36314
16
36354
16
36384
16
36414
16
36454
16
36484
16
36514
16
36544
16
36584
16
36614
16
36645
49
36805
32
37436
16
37906
16
37946
16
37976
16
38006
16
38037
16
38077
16
38107
16
38137
16
38167
16
38207
16
38237
16
38267
16
38297
16
38337
16
38367
16
38397
16
38427
16
38467
16
38497
16
38527
16
38567
16
38597
16
38627
16
38657
16
38697
16
38728
16
38758
16
38788
16
38828
16
38858
16
38888
16
38928
16
38958
16
38988
16
39018
16
39058
16
39088
16
39118
16
39158
16
39188
16
39218
16
39248
16
39288
16
39318
16
39348
16
39388
16
39419
16
39449
83
39999
69
40510
77
42022
80
42172
82
42263
69
42463
32
43805
78
43935
69
44115
76
44286
76
44436
65
44526
32
44836
83
44987
80
45267
69
45387
82
45748
65
46288
78
46409
90
46659
65
46859
32
47300
68
47420
73
47520
32
48542
65
48792
86
49052
69
49263
82
49453
76
49623
32
50094
8
50224
65
50354
32
51266
65
51466
65
52277
8
53339
73
53419
85
53839
84
53979
65
54991
84
55111
65
55271
32
55692
76
55772
69
55932
32
56273
80
56473
79
56864
82
57825
71
57935
79
58065
32
66708
73
67779
32
77323
8
77804
8
77844
8
77884
8
77934
8
77974
8
78014
8
78054
8
78104
8
78144
8
78194
8
78234
8
78274
8
78425
8
79516
84
79726
69
79917
65
80438
8
80598
8
80738
65
85415
37
85885
37
85925
37
85965
37
86006
37
86046
37
86086
37
86126
37
86166
37
86206
37
86246
37
86286
37
86326
37
86366
37
86406
37
86446
37
86486
37
86526
37
86566
37
86606
37
86646
37
86686
37
86727
37
86767
37
86807
37
86847
37
86887
37
86927
37
86967
37
87007
37
87047
37
87087
37
87127
37
87167
37
87207
37
87247
37
87287
37
87327
37
87367
37
87408
37
87648
39
89901
46
90372
46
90412
46
90462
46
90502
46
90542
46
90592
46
90632
46
90682
46
90722
46
90762
46
90812
46
90852
46
90893
46
90943
46
90983
46
91033
46
91073
46
91113
46
91503
46
91734
46
91914
46
92385
46
92425
46
92475
46
92515
46
92565
46
92605
46
92645
46
92695
46
92735
46
92785
46
92825
46
92865
46
92915
46
92956
46
93006
46
93046
46
93086
46
93136
46
94778
8
96310
13
97091
16
97532
68
98033
73
98183
83
98393
84
99034
73
99265
78
99785
84
99906
73
00266
32
00817
83
00907
65
02319
76
02690
85
03360
84
03481
73
04472
190
