36717
16
36837
74
37007
85
37157
67
37268
87
37728
8
38359
8
39411
86
39601
69
39811
78
39991
84
40222
85
40352
83
40572
32
40743
67
40813
65
41013
77
41263
80
41494
73
41584
79
41864
78
42024
69
42165
32
42435
68
43346
222
43827
16
43967
73
44177
84
44258
65
44368
76
44588
73
44678
65
44858
32
47332
37
47552
37
47743
37
47943
37
48113
37
48293
37
48514
37
49645
32
50176
39
50446
8
50937
37
51658
222
52329
39
52770
37
53110
32
53901
39
54452
8
55283
16
55414
73
55974
35
56635
50
56866
48
57026
48
57256
49
58698
189
58959
50
59700
48
59850
48
60030
50
60531
190
60781
32
60982
16
61222
68
61462
79
61633
80
61753
79
61853
32
62294
85
62344
78
62484
65
62574
32
62744
83
63265
84
63325
65
63535
71
63716
73
63776
79
63986
78
64136
69
64316
32
66870
68
67040
85
67221
82
67281
65
67421
32
67551
69
67691
32
68162
67
68362
79
68462
77
68823
66
68913
65
69123
84
69284
84
69384
85
69514
84
69604
65
69834
188
70065
32
70636
80
70756
65
70946
83
71116
83
71196
65
71437
84
71507
65
71717
32
72028
65
74371
76
74521
76
75242
222
75573
32
76194
73
76414
78
76554
83
76704
69
76965
71
77225
85
77285
73
77505
77
77646
69
77796
78
77916
84
78056
79
78146
32
78287
68
78417
69
78577
76
78717
76
79909
222
80269
32
80890
16
81030
73
81111
78
81261
84
81341
69
81501
82
83724
188
83835
32
84415
73
84495
78
84686
32
84786
84
84836
69
85056
83
85227
84
85307
65
85457
32
88311
80
88541
82
88611
65
88802
84
88962
73
89132
86
89212
65
89823
8
90023
8
90184
67
90274
65
90734
77
90855
69
90985
78
91155
84
91195
69
91305
32
91506
68
91576
65
91796
76
91946
76
92447
222
92647
32
93048
73
93148
78
93278
73
93438
90
93599
73
93689
79
93969
32
94159
68
94239
69
94410
76
94560
32
94820
67
94910
65
95061
77
95311
80
95411
73
95561
79
95772
78
95882
65
96793
84
96983
79
98265
188
98476
32
99978
76
00108
65
00248
32
00609
16
00739
74
00919
85
01049
86
01119
69
01300
78
01870
84
02021
85
02171
83
02391
32
03623
69
03933
222
05055
8
05295
222
05416
69
05716
32
06407
82
06587
73
06788
85
07088
83
07348
67
07509
73
08009
84
08089
65
08230
32
08450
78
08490
69
08710
76
08850
76
09722
222
09992
32
10633
73
10853
77
11034
80
11214
82
11244
69
11434
83
11584
65
11755
32
12015
80
12265
82
12506
79
13427
80
13637
73
13888
82
14308
8
14459
8
14689
82
14819
73
14899
79
15059
32
15260
65
15480
76
15670
76
16111
222
16391
32
16692
85
16792
76
17002
84
17132
73
17333
77
17443
65
17533
32
18074
71
18264
73
18344
79
18484
82
18635
78
18705
65
18895
84
18985
65
19285
16
19396
49
20157
32
21649
16
22090
71
22280
82
22380
65
23241
90
23391
73
23532
69
23562
82
23662
32
23972
8
24112
8
24323
32
24463
65
24613
76
24733
76
24813
65
24974
32
25144
16
25554
83
25725
67
25975
79
26195
78
26386
70
26526
73
26726
84
26916
84
26997
65
27097
32
27237
67
27307
79
27487
78
27688
32
27908
76
28018
65
28138
32
28318
16
28449
76
28629
65
28909
90
29220
73
29300
79
29440
32
30732
80
30812
69
30892
82
31002
32
31453
52
33416
189
33766
50
33937
32
34307
68
34387
69
34738
73
34818
32
35048
78
35108
69
35349
82
35439
65
35629
90
35819
90
35989
85
36150
82
36350
82
36450
73
36630
32
40286
69
40486
32
40666
65
40826
76
40937
32
41708
67
41908
79
41998
78
42309
84
42729
77
42939
80
43040
79
43290
82
43390
65
43560
78
43701
69
43981
79
44061
32
44271
83
44472
85
44602
67
44782
67
44872
69
45103
83
45283
83
46014
79
46134
32
46314
68
46404
69
46615
73
46715
32
49158
66
49219
73
49379
65
49549
78
50010
67
50130
79
50530
78
50641
69
50711
82
50961
73
51091
32
51632
74
51822
85
51942
86
52013
69
52173
78
52363
84
52593
73
52914
78
53014
73
54316
32
54546
83
54797
85
54877
73
54987
32
59603
8
59804
8
61777
73
67014
32
68326
70
68576
82
68636
65
68857
84
68917
69
69107
76
69257
76
69498
73
69598
32
69958
68
70109
73
70189
32
70379
77
70429
65
70659
71
70749
76
70840
73
71010
65
71100
32
71581
70
72021
82
72162
73
72342
85
72572
76
72692
65
72883
78
73193
73
82536
188
82657
32
82887
65
83157
78
83288
67
83438
72
83528
69
84339
8
85160
222
86522
69
87283
8
90157
69
90758
83
90939
83
91109
73
91199
32
91529
73
91780
78
91930
32
92791
70
92861
65
93092
84
93232
84
93352
73
93432
32
94113
8
94273
8
94424
8
94604
8
94774
8
95265
8
95295
8
95325
8
95365
8
95395
8
95425
8
95465
8
95485
8
95515
8
95555
8
95856
8
96046
8
96206
8
96376
8
99391
38
99521
37
99681
37
99831
37
99982
37
00132
37
00302
37
00452
37
00612
37
00763
37
00913
37
01073
37
01424
37
01604
69
01844
40
02175
35
12540
32
12770
65
12920
77
13271
8
13411
8
13641
77
13781
65
14442
84
14633
85
14753
82
14833
65
15043
84
15223
79
15304
32
15564
73
15654
78
15714
32
15934
65
16205
80
16355
80
16455
69
16625
78
16756
65
16896
32
17286
49
17497
49
17677
32
18148
77
18338
73
18478
78
18708
85
18939
84
19069
73
19139
32
21973
71
22203
82
22274
65
22434
90
22884
73
23025
69
23325
32
23505
65
23686
76
23786
32
23996
68
24146
85
24337
79
24417
32
24557
68
24647
69
24797
76
24917
76
25007
69
25128
32
25388
77
25498
69
25688
82
25849
65
26249
86
26410
73
26610
71
26740
76
26810
73
26950
32
27351
8
27641
69
27822
32
28172
16
28362
68
28933
69
29113
76
29324
80
29734
8
30205
16
30365
80
30616
73
30726
69
30816
82
30966
79
31747
189
32098
16
32258
84
32769
82
32829
69
33089
90
33450
69
33690
71
33890
85
34000
69
34271
84
34621
32
34782
16
35142
57
36264
67
36344
65
36614
80
36694
79
36925
67
37005
65
37235
78
37395
78
37515
79
37746
78
37856
73
38056
69
38847
82
38918
69
39068
32
39168
68
39238
69
39398
76
39488
32
39739
67
40179
8
40299
8
40700
32
40850
67
40930
65
41391
77
41621
80
41722
73
41892
79
42112
78
42182
65
42362
84
42453
79
42663
16
42753
57
43244
8
43264
16
43754
16
43784
16
43815
16
43845
16
43875
16
43895
48
54029
188
54330
32
55331
76
55461
65
55591
32
55732
16
56072
74
56262
85
56393
86
56473
69
56623
78
56773
84
56883
85
57004
83
57124
32
57314
83
57424
73
57534
32
57745
65
58065
71
58215
71
58315
73
58466
85
58726
68
59507
73
59637
67
59777
65
59968
32
60438
73
60529
76
60599
32
61109
83
61290
85
61470
79
61570
32
62031
50
62371
54
72406
69
72596
83
72736
73
72997
77
73077
79
73337
32
73738
83
73978
67
74198
85
74288
68
74378
69
74629
84
74759
84
74869
79
76131
32
76542
8
76732
190
76922
32
78314
16
79115
16
79406
70
79556
79
79696
82
79866
83
79967
69
80107
32
80547
73
80617
76
80678
32
80918
80
80998
73
83642
85
83902
32
84753
66
84864
69
85054
76
85224
76
85424
79
85635
188
85735
32
86025
83
86216
73
86366
67
86556
85
86776
82
86886
65
86997
77
87217
78
87718
8
88599
69
88819
78
88979
84
89150
69
89310
32
89660
73
89861
76
89941
32
90161
80
90231
73
91433
222
91763
85
91914
32
92444
73
92525
78
92685
83
92885
80
93015
69
93105
82
93266
65
93476
84
93706
79
00436
190
00646
32
01407
16
02259
16
02439
76
02569
65
02719
32
03230
86
03400
73
03621
84
03801
84
03901
79
04031
82
04111
73
04281
65
04402
32
04842
83
05083
85
05183
76
05293
32
05513
70
05653
73
05764
76
06124
79
06224
32
06525
68
06665
73
06735
32
06905
76
07025
65
07186
78
07336
65
07456
32
08117
82
08277
73
08377
69
08528
77
08738
80
08838
73
09018
69
09148
32
09329
68
09419
73
09529
32
10440
71
10611
73
10691
79
10831
73
11031
65
11292
32
11652
73
11752
76
11832
32
11973
67
12133
85
12213
79
12343
82
12413
69
12553
32
12694
68
12784
69
12944
73
13034
32
13294
84
13405
73
13645
70
13805
79
13995
83
14206
73
14406
32
14947
66
15037
73
15117
65
15227
78
15438
79
15808
8
15938
67
16058
79
16519
78
16589
69
16789
82
16910
73
17020
32
17140
67
17260
72
17340
69
17511
32
17691
83
17871
73
17961
32
18081
83
18171
79
18362
78
18432
79
18532
32
18772
82
18892
73
19283
86
19363
69
19644
82
19844
83
20014
65
20335
84
20595
73
20695
32
21106
67
21496
79
21717
80
21837
73
22077
79
22327
83
22448
73
22558
32
22858
73
22918
78
23069
32
24130
80
24210
73
24340
65
24551
90
24721
90
24801
65
24981
32
25532
16
25682
83
26393
190
26744
16
26864
67
26974
65
27184
82
27305
76
27495
79
27585
32
27815
80
27946
69
28016
82
28186
32
28476
70
28546
69
28757
83
28957
84
29027
69
29267
71
29418
71
29488
73
29658
65
29798
82
29878
69
30029
32
30549
70
30679
73
30950
78
31030
79
31120
32
31280
65
31410
76
31751
32
32973
65
33023
77
33413
8
33584
8
33774
77
33884
65
34174
84
34335
84
35046
73
35316
78
35436
79
39082
190
40924
32
