65413
16
65473
83
65683
79
65814
78
65874
79
65974
32
66184
76
66264
69
66374
32
66985
97
67095
102
67456
16
67586
190
68087
98
68147
100
68317
32
69008
8
69168
8
69309
8
69619
8
70841
16
70921
190
71061
190
71382
8
71542
8
71792
16
71832
186
73194
98
73304
100
75287
190
82427
32
83078
16
83209
83
83329
84
83439
73
83539
65
83629
77
83689
79
83719
32
83910
76
83990
65
84190
86
84250
79
84450
82
84571
65
84721
78
84841
68
84921
79
85031
32
85973
68
86023
65
86744
32
86894
83
86954
84
87034
65
87114
77
87214
65
87365
84
87495
84
87575
73
87625
78
87715
65
88046
190
88226
32
88636
16
88737
65
89448
66
89558
66
89628
73
89748
65
89848
77
89888
79
89968
32
91210
66
91340
69
91460
86
91551
85
91691
84
91801
79
91911
32
93193
71
93243
73
93283
220
93413
32
93874
51
93984
32
94124
76
94214
65
94375
84
94495
84
94565
73
94635
78
94745
69
94845
32
95246
68
95296
73
95396
32
95777
16
95837
67
95927
79
96057
67
96277
65
96378
32
96518
16
96588
67
96698
79
96838
76
96908
65
97159
190
97279
32
98671
16
99162
16
99192
16
99222
16
99252
16
99292
16
99322
16
99352
16
99392
16
99422
16
99452
16
99492
16
99522
16
99552
16
99582
16
99622
16
99652
16
99682
75
99943
65
00053
32
00323
72
00413
65
00473
32
00543
77
00644
65
00734
78
00854
68
01245
8
01355
71
01415
73
01545
65
01996
84
02086
79
02186
32
04980
50
05080
32
05390
67
05491
79
06001
82
06101
78
06202
69
06312
84
06442
84
06542
73
06622
32
06712
65
06843
76
06883
32
07093
71
07153
73
07213
79
07714
8
07844
8
08024
8
08445
8
08595
8
08755
8
09156
16
09236
65
09416
76
09787
71
09877
73
10067
68
10127
65
10247
32
10488
65
10598
76
11089
32
11409
67
11479
73
11539
79
11629
67
11740
67
11830
79
11980
76
12050
65
12180
84
12250
79
12310
32
12451
69
12531
32
15114
85
15185
78
15285
32
15835
16
16036
77
16206
65
16486
71
16547
78
16607
85
16827
77
19481
190
19641
32
19701
16
19881
73
20142
79
20272
32
20712
73
20803
78
21013
86
21113
69
21253
67
21353
69
21454
32
21664
72
21744
79
21794
32
22405
77
22545
65
22625
78
22785
67
23106
8
23186
71
23306
73
23416
65
23607
84
23777
79
23967
32
24788
85
24858
78
24959
32
25429
77
25539
65
25650
71
25770
78
25830
85
26601
77
26751
32
26931
83
26971
79
27152
76
27262
84
27342
65
27542
78
27673
84
27733
79
27943
190
28053
32
29165
38
29375
39
29866
39
29896
39
29926
39
29966
39
29996
39
30026
39
30066
39
30096
39
30126
39
30166
39
30196
39
30236
39
30266
39
30296
39
30336
39
30366
39
30406
39
30436
39
30467
39
30507
39
30537
39
30567
39
30607
39
30637
39
30667
39
30707
39
30737
39
30777
39
30807
39
30837
39
30877
39
30907
39
30937
39
30977
39
31007
39
31037
39
31077
39
31268
39
31498
46
31869
16
32049
77
32650
40
33251
16
33401
86
33551
65
33711
66
33831
66
33911
186
34062
32
34142
77
34272
65
34342
32
41562
73
41653
79
41703
32
41843
65
41993
86
42123
69
42153
86
42253
79
42344
32
42484
80
42664
82
42744
65
42864
78
43015
90
43115
65
43435
84
43555
79
43666
32
43866
16
43996
56
44647
50
44767
32
44927
67
45017
79
45138
84
45338
76
45658
8
45949
79
46149
76
46309
69
46520
84
46650
84
46730
69
46820
32
46930
69
47010
32
47892
85
47962
78
48062
65
48172
32
48302
66
48372
65
48472
78
48593
65
48703
78
48843
65
49113
16
49274
57
49654
32
49834
69
49904
32
50435
76
50525
73
50555
85
51026
8
51156
8
51377
85
51457
73
51797
32
51907
78
51947
79
52178
190
67700
32
67800
16
67920
65
68471
68
68641
69
68832
83
68942
83
69062
79
69222
32
69392
77
69433
65
69683
82
69733
65
69873
32
70013
77
70063
73
70134
32
70264
72
70364
65
70424
32
70544
83
70674
67
70865
82
71065
73
71195
84
71345
84
71405
79
71526
32
71676
85
71726
78
71906
32
72036
77
72116
69
72287
83
72427
83
72567
65
72787
71
72928
71
73008
73
73058
79
73168
32
73789
80
73879
69
73929
82
73979
32
74149
67
74229
85
74300
73
74360
32
74710
73
74750
79
74830
32
75001
71
75051
76
75091
73
75161
32
76513
68
76643
69
76733
86
76863
79
76933
32
77043
77
77124
65
77204
78
77284
68
77364
65
77504
82
77564
69
77644
32
78846
73
78946
32
79056
76
79167
79
79297
71
79397
72
79447
73
79537
32
79787
67
80138
72
80238
69
80318
32
80649
72
80709
79
80779
32
81069
68
81139
73
81290
69
81600
8
81720
83
82011
69
82301
71
82411
78
82511
65
82591
84
82682
79
82772
32
82832
80
82922
69
82982
82
83042
32
83132
76
83192
65
83282
32
83393
78
83423
79
83543
83
83713
84
83763
82
83863
73
84214
8
84294
65
84384
32
84594
83
84684
79
84845
67
84925
73
85105
69
85365
8
85516
8
85656
8
85816
8
85966
8
86026
87
86097
69
86347
66
86477
32
86657
65
86878
71
86948
69
87078
78
87298
67
87468
89
89992
190
91384
13
96321
16
96401
77
98745
8
99125
16
99275
73
99426
78
99516
32
99606
81
99676
85
99766
69
99956
83
00027
84
00097
79
00177
32
00297
77
00357
79
00457
77
00587
69
00677
78
00778
84
00868
79
00978
32
03662
67
03732
73
03852
32
03912
83
03992
79
04052
78
04122
79
04223
32
05204
51
05324
32
06426
70
06486
73
06546
78
06636
69
06876
83
07047
84
07127
82
07247
69
07347
32
07467
68
07517
73
07577
32
08288
84
08338
69
08409
76
08569
78
08679
69
08749
84
08909
32
09090
65
09160
80
09270
69
09330
82
09510
84
09580
69
15128
188
15268
32
15419
85
15479
78
15559
65
15639
32
15769
68
15839
73
15889
78
16200
8
16360
8
16510
8
17341
8
17532
8
17712
32
17802
80
17922
82
17982
79
18143
77
18343
80
18573
84
19525
32
20266
68
20326
73
20466
32
20736
68
20997
79
21147
83
26575
188
26795
32
27386
16
27486
79
27646
85
28097
84
28247
76
28407
79
28568
79
28648
75
28978
188
29068
32
29599
16
29699
87
29799
73
29869
78
30030
77
30490
8
30681
65
30781
77
30811
80
31141
32
31322
69
31392
32
31632
16
31772
65
31982
85
32233
68
32323
73
32373
79
32563
71
32643
78
32754
79
32894
77
33044
69
33174
32
34346
75
34797
8
34897
88
34997
75
35047
186
35177
32
35337
83
35457
84
35538
79
35638
32
35748
83
35878
67
35988
65
36078
82
36159
73
36439
67
36499
65
36619
78
36719
68
36809
79
36920
32
38332
76
38442
65
38532
32
40014
67
40054
79
40234
76
40335
79
40475
78
40625
78
40705
65
40785
32
40905
83
40955
79
41046
78
41116
79
41446
82
41596
65
41737
32
42307
32
42618
8
42738
68
42828
73
42888
32
43399
16
43830
81
44010
85
44120
69
44300
78
44470
78
44791
8
44941
69
45111
8
45282
8
45402
69
45512
78
45622
32
45953
79
46093
70
46223
32
46463
84
46523
72
46614
69
46664
32
46854
16
47004
68
47194
65
47375
77
47505
78
47615
69
47785
68
47895
32
48096
67
48156
72
48226
69
48296
32
48426
83
48466
79
48536
78
48626
79
48656
32
48797
83
48857
84
48927
65
49007
84
49117
79
49177
32
49277
65
49398
32
49588
86
49638
69
49808
68
49998
69
50109
82
50209
69
50279
32
50499
73
50609
69
50759
82
50870
73
52502
32
52632
80
52692
79
52802
77
52903
69
53013
82
53383
73
53654
71
53754
71
53934
73
54004
79
54925
190
56898
32
56948
16
57429
16
57469
16
57499
16
57529
16
57569
16
57599
16
57629
16
57669
16
57699
16
57730
16
57770
16
57800
16
57830
16
57860
16
57900
16
57930
16
57960
16
58000
16
58030
16
58060
16
58090
16
58130
16
58160
16
58190
16
58230
16
58240
221
58370
69
58531
32
58811
85
58851
78
58971
65
59051
32
59262
70
59322
73
59532
71
59632
65
59782
84
59853
65
59933
32
60103
65
61855
8
63588
65
63628
83
63808
83
63918
85
64399
82
64599
68
64680
65
65250
16
65290
192
66112
32
66172
16
66312
68
66532
65
66602
32
66732
86
66763
69
66943
68
67123
69
67203
82
67313
69
70368
16
70848
16
70888
16
70918
16
70949
16
70989
16
71429
32
71569
80
71700
73
71850
16
71900
221
72050
85
72190
32
72280
69
72371
32
72561
80
72651
73
72831
16
72901
221
73052
85
73182
32
73342
86
73452
79
73592
76
73652
84
73733
69
96065
110
96595
32
05458
16
05578
84
05638
69
05789
32
05929
76
06209
8
06369
8
06510
8
06600
69
06660
32
06790
76
06940
79
07121
32
07331
67
07401
79
07451
78
08833
83
08893
73
09063
71
09123
76
09184
73
09294
79
09404
32
10996
8
11106
190
11256
32
13119
16
13239
76
13410
79
13500
32
13640
68
13730
65
13810
78
13970
78
14000
79
14071
32
14341
65
14431
76
14491
32
14721
16
14802
82
14972
69
15102
80
15172
79
15463
83
15543
73
15633
32
16073
81
16123
85
16224
69
16364
83
16434
84
16534
65
16604
32
16754
83
16814
69
16945
84
17055
84
17145
73
17175
77
17315
65
17375
78
17455
65
17666
190
17796
32
19108
16
19188
79
19358
67
19498
67
19568
72
19598
73
19649
79
19699
32
19809
67
19879
72
19959
69
19999
32
20700
88
20750
79
20800
219
20850
32
21241
186
21311
32
22312
86
22392
73
22483
69
22603
84
22723
65
22773
84
22903
79
22953
32
23104
65
23224
73
23334
32
23424
77
23494
73
23634
78
23764
79
23895
82
23995
73
24065
32
24225
68
24265
73
24335
32
24796
49
24966
56
25096
32
25207
65
25407
78
25597
78
25707
73
25938
190
26138
32
26528
16
26769
67
26849
73
27089
65
27300
85
32257
37
32417
37
32557
37
32707
37
32858
37
33018
37
33298
32
33498
16
33699
56
33979
78
34049
79
34159
78
34260
32
34350
186
34480
32
34580
80
34660
79
34770
82
34931
78
35001
79
35591
16
35652
192
35832
192
36212
57
38315
40
38506
40
