73584
16
73915
81
74165
85
74295
69
74545
83
75236
84
75907
79
76118
32
76268
69
76478
83
76638
80
76839
69
77109
82
77269
73
77460
77
78231
69
78451
78
78812
84
79172
79
79462
32
80744
222
80895
69
81055
32
81886
70
82166
85
82347
79
82537
82
82717
73
82897
32
83428
68
83528
65
83729
76
83939
32
84139
78
84319
79
84500
82
84730
77
84870
65
85040
76
85151
69
86132
188
86312
32
87684
78
87855
79
88095
78
88315
32
88786
72
88966
79
89186
32
89417
66
89547
69
89677
78
89867
32
90158
67
90258
65
90789
80
90969
73
91320
84
91460
79
91750
32
92351
67
92491
79
92842
83
93262
65
93603
32
94534
83
94654
84
95586
73
95726
65
97408
84
97558
69
97689
32
97909
67
98019
69
98189
82
98380
67
98490
65
98860
78
99101
68
99261
79
00673
32
00893
68
01013
73
01204
32
01454
70
01574
65
01694
82
01825
69
02586
190
02716
190
02856
190
03377
32
03697
16
04198
16
04228
16
04258
16
04288
16
04328
16
04358
16
04388
16
04418
16
04448
16
04478
16
04508
16
04549
16
04579
16
04609
16
04639
16
04669
16
04699
16
04739
16
04769
16
04799
16
04829
16
04849
77
05079
73
05280
32
06321
222
06822
69
07002
32
07653
83
07813
69
08054
77
08304
66
08524
82
08634
65
08775
84
09085
79
09295
32
09456
67
09596
72
09716
69
09806
32
10557
86
10707
79
10898
73
11108
32
11479
86
11669
79
11919
71
12039
76
12210
73
12330
65
12470
84
12590
69
12710
32
13341
82
13481
73
13712
67
13832
79
14192
78
14393
79
14563
83
14753
67
15014
69
15274
82
15364
69
15524
32
16145
85
16325
78
16486
65
16596
32
16836
80
17227
69
17407
82
17647
83
17728
79
17918
78
18048
65
18158
32
18539
68
18949
68
19190
65
19800
8
19961
8
20141
65
20331
32
20742
67
20872
79
21062
77
21213
69
21343
32
21573
68
21703
73
22084
71
22204
73
22344
84
22745
65
23366
190
23496
190
23636
190
23866
32
24187
16
24637
57
25158
16
26130
16
26580
66
26981
72
27131
69
27742
32
28703
78
28853
69
29004
76
29234
32
29464
77
29645
73
29775
79
29955
32
30035
67
30105
65
30336
83
30416
79
30826
78
31387
8
31938
32
32188
78
32328
79
32489
78
32649
32
33250
222
33440
69
33550
32
33891
68
34021
73
34211
70
34351
70
34411
73
34632
67
34752
73
35032
76
35563
69
36735
188
37025
32
37476
73
37656
78
37816
32
38007
80
38107
79
38387
67
38547
72
38668
73
38918
32
39188
70
39309
65
39769
78
39909
78
40100
79
40310
32
40701
67
40821
79
41271
83
42353
222
42794
73
43024
32
44045
84
44186
65
44366
78
44696
84
44947
79
45287
8
45497
73
45858
32
46118
69
46319
82
46459
82
46539
79
46659
82
46779
73
47390
32
47841
68
47971
73
48121
32
48622
79
48802
82
49463
84
49613
79
49924
71
50044
82
50274
65
50575
70
50685
73
50865
65
51015
190
51186
190
51316
190
51426
190
51696
16
52047
48
53148
13
53549
13
53970
16
54370
66
54611
69
54771
32
54951
67
55101
79
55302
77
55522
85
55702
78
56143
81
56273
85
56403
69
56603
32
56834
76
57074
65
57304
32
57785
67
57925
79
58096
83
58356
65
58526
32
58726
77
58937
73
59197
32
59427
83
59628
69
60118
77
60439
66
60579
82
60829
65
61020
32
61260
73
61440
78
61721
84
61861
69
61971
82
62081
69
62752
83
62862
83
63003
65
63453
78
63884
84
63974
69
64465
190
65386
13
65787
16
66107
83
66357
80
66498
69
66758
82
66908
79
67018
32
67219
67
67349
72
67469
69
67569
32
67810
76
67960
65
68100
32
68521
80
68691
82
68791
79
69101
86
69222
65
69392
32
70193
83
70293
73
70423
65
70543
32
71094
86
71214
65
71385
76
71695
73
71965
68
72276
65
72707
190
72967
13
73227
16
73528
68
73888
8
74099
16
74279
83
74399
65
75340
16
75461
76
75721
85
75961
84
76061
73
76392
190
77363
8
79186
188
79446
13
79867
16
80187
77
80338
65
80538
83
80688
83
80758
73
80938
77
81008
79
81229
190
24293
16
24444
67
24854
73
25044
65
25145
79
25295
32
25846
8
26406
188
26527
32
26897
83
27057
79
27328
78
27448
79
27548
32
27909
76
28980
222
29100
32
29511
65
29651
77
29932
73
30372
67
30472
79
30893
32
31193
68
31414
73
31564
32
31914
71
32345
65
32595
66
32806
82
33226
89
38544
32
39075
69
39255
32
39585
78
39716
79
39846
78
40026
32
40717
72
40817
79
40967
32
41158
80
41468
73
45874
222
45995
85
46656
32
47427
86
47587
79
47917
71
48008
76
48278
73
48458
65
48558
32
48779
68
48969
73
49089
32
49400
83
49630
67
49890
82
50040
73
50311
86
50661
69
50882
82
51072
69
07485
16
07695
67
08016
73
08176
65
08316
79
08426
32
08597
83
08747
79
08957
78
09037
79
09178
32
09839
70
09929
82
10159
65
10309
78
10369
67
10429
69
10650
83
10800
67
10930
79
11070
32
11221
77
11321
65
11401
32
11811
81
12012
85
12242
69
12412
83
12592
84
12743
79
12853
32
13003
80
13113
82
13233
79
13714
66
13844
65
14055
66
14185
73
14355
76
15026
77
15146
69
15286
78
15386
84
15727
69
15847
32
16478
78
16608
79
16708
78
16999
84
17550
8
17640
32
17750
84
17900
73
18020
32
18361
73
18651
78
18922
84
19272
69
19743
82
19843
69
20113
83
20123
68
20624
8
20754
83
20844
65
21295
32
21706
73
21946
78
22066
32
22196
81
22326
85
22447
65
22587
78
22697
84
22867
79
22997
32
23809
84
23959
85
24109
84
24530
84
24750
79
24860
32
25401
67
26733
73
27734
192
27915
32
30218
80
30528
85
30939
79
31760
8
32111
192
32271
32
32491
65
32631
78
32741
67
33432
71
33793
8
34053
72
34163
69
34224
32
34704
78
34854
79
34905
78
34985
32
35235
65
35445
86
35555
69
35706
82
35856
69
35966
32
36176
83
36307
69
36557
78
36717
83
37058
79
37318
190
37628
13
38199
16
38450
84
38720
73
38820
32
39081
76
39171
65
39261
83
39441
67
39641
73
39701
79
39792
32
40002
83
40112
79
40282
76
40412
79
40663
32
40923
68
40993
69
41224
84
41374
84
41474
79
41554
32
41724
67
41845
72
41965
69
42035
32
42796
73
42806
85
42966
76
43166
32
43567
8
43757
8
43908
8
44118
76
44228
32
44418
77
44488
79
44699
78
44799
68
44989
79
45109
32
45630
80
46181
85
46561
82
46631
32
46832
69
47012
83
47162
83
47322
69
47483
78
47573
68
47743
79
47833
32
49345
82
49676
79
49816
84
49946
79
50467
78
50607
68
50737
79
50857
32
51528
186
51789
32
52440
73
52660
78
52790
32
53191
16
53381
68
53551
73
53742
83
53962
67
54453
69
54703
83
54823
65
55104
49
55384
49
55775
13
55945
16
56446
16
56476
16
56516
16
56546
16
56576
16
56616
16
56646
16
56676
16
56716
16
56746
16
56786
16
56816
16
56846
16
56886
16
56916
16
56956
16
56986
16
57016
16
57056
16
57086
16
57127
16
57157
16
57187
16
57227
16
57257
16
57287
16
57327
16
57337
82
57838
85
58108
76
58228
69
58408
83
58569
16
59019
8
59230
8
59700
8
59931
67
60091
75
60371
16
60662
54
60992
82
61242
79
61463
76
61603
76
61933
16
62084
49
62644
13
63390
16
63601
67
63781
73
63911
65
64041
79
64422
32
66655
73
66845
79
67056
32
67306
77
67526
73
67697
32
67867
83
68077
79
68448
78
68638
79
68788
32
69529
73
69910
83
70140
67
70531
82
70851
73
71092
84
71252
84
71412
79
71592
32
75388
81
75518
85
75728
73
75878
32
76529
65
76730
76
76920
76
83579
222
88817
192
14133
16
14314
222
16417
16
16637
192
18059
192
18990
8
20382
32
20663
32
21264
8
21494
8
22776
76
22946
32
23697
8
24749
192
24889
32
26271
85
26481
78
26732
73
27062
86
27242
69
27403
82
27703
83
27943
73
28194
84
58928
65
59038
192
59799
32
61421
68
61512
73
61702
32
62403
73
62653
78
62954
70
63154
79
63384
82
63575
77
63725
65
64115
84
64286
73
64886
67
65017
65
65217
32
66439
68
66549
79
66749
80
66929
79
67510
32
69633
8
70825
8
71226
8
71426
8
71646
8
74050
32
75001
8
75892
68
76012
79
76203
80
76433
79
76613
32
76784
73
76974
76
77174
32
77444
68
77565
73
77795
80
78015
76
78206
79
78416
77
78576
65
78696
32
78867
73
79097
78
79277
32
79477
82
79768
65
80048
70
80599
8
80799
71
80919
73
81100
79
81340
78
81510
69
81681
82
81811
73
82001
65
82011
20
82111
32
83143
8
83683
188
83804
32
88530
67
88681
72
88821
69
88981
32
89101
83
89291
79
89502
78
89642
79
89832
32
90603
82
90734
73
90944
85
91164
83
91364
67
91555
73
91765
84
91915
79
92086
32
92246
65
92386
32
92566
80
92756
82
92907
69
93237
78
93628
69
94239
8
94729
8
94900
8
95050
8
95210
8
95691
8
95721
8
95751
8
95781
8
95811
8
95841
8
95871
8
95901
8
95931
8
95961
8
95991
8
96021
8
96051
8
96081
8
96111
8
96151
8
96181
8
96211
8
96241
8
96542
8
97463
9
