59203
16
59373
76
59403
17
60235
69
60355
79
60615
32
62468
69
62608
222
62738
32
63629
73
63840
76
64060
32
64360
77
64531
73
64711
79
64931
32
65382
65
65542
77
65722
73
65953
67
66173
72
66383
69
66654
84
66794
84
67205
79
67515
190
68096
13
69878
67
70009
79
70189
78
70359
32
70860
76
71110
85
71260
73
71411
32
71941
70
72062
65
72352
67
72522
67
72702
73
72893
65
73173
77
73353
79
73534
32
74084
84
74255
85
74455
84
74625
84
75236
79
75597
32
96156
8
96477
188
96677
32
97839
71
97929
85
98409
65
98540
82
99000
68
99201
73
99371
65
99601
77
99801
79
99922
32
00112
76
00242
65
00392
32
00703
84
00783
69
00983
76
01143
69
01554
32
03046
8
03417
188
03587
32
06751
67
06892
73
07102
32
07322
77
07482
65
07673
78
07923
68
08113
73
08324
65
08895
77
09065
79
09215
32
09395
73
09565
32
09966
77
10116
69
10367
83
10537
83
10697
65
11008
71
11178
71
11368
73
11699
78
11859
73
13872
188
16125
32
17247
83
17537
84
17727
85
17998
68
18208
73
18408
65
18619
77
18789
79
18949
32
19189
73
19360
78
19780
83
19920
73
20081
69
20411
77
20561
69
22053
188
22464
32
25839
77
25999
65
26139
78
26450
71
26720
73
26870
65
27091
77
27271
79
27421
32
27641
73
27832
78
28302
83
28443
73
28623
69
29244
77
29394
69
30636
188
30836
32
31096
69
31387
67
31597
67
33139
190
33560
32
33860
69
34221
67
34391
67
34942
190
36014
13
40119
16
40530
67
42933
222
43254
69
43394
222
43514
32
44626
8
44886
8
46078
222
47150
222
47610
222
47810
222
47971
222
48141
222
48301
222
48461
222
48612
222
48752
222
48902
222
54009
17
54009
18
54520
17
54520
18
54550
17
54560
18
54580
17
54590
18
54610
17
54620
18
54650
17
54650
18
54680
17
54680
18
54710
17
54720
18
54740
17
54750
18
54770
17
54781
18
54811
17
54811
18
54841
17
54851
18
54871
17
54881
18
54901
17
54911
18
54941
17
54941
18
54971
17
54971
18
55001
17
55011
18
55031
17
55041
18
55061
17
55071
18
55101
17
55101
18
55131
17
55141
18
55161
17
55171
18
55191
17
55201
18
55221
17
55231
18
55261
17
55261
18
55291
17
55301
18
55321
17
55331
18
55361
17
55361
18
55371
105
55421
18
57194
18
57484
105
57645
102
60899
222
61040
69
62241
32
63783
83
63944
79
64124
76
64294
79
64464
32
64905
85
65095
78
65256
32
65746
80
66047
82
66217
79
66527
66
67038
76
67248
69
67519
77
67949
65
68240
16
68580
186
69442
32
69832
83
69942
79
70123
78
70283
79
70423
32
70733
77
70894
65
71094
83
71374
67
71545
72
71695
73
71885
79
72045
32
72306
65
73267
78
73467
67
73638
72
74899
18
75410
18
75440
18
75470
18
75510
18
75540
18
75570
18
75600
18
75630
18
75671
18
75701
18
75731
18
75751
105
75931
102
77012
73
77183
79
77543
190
79486
13
79796
16
80287
68
80558
79
80918
77
81118
65
81289
78
81449
68
81659
65
82290
16
82751
186
83201
32
83872
77
84033
65
84133
32
84613
16
84794
76
85074
69
85224
79
85445
32
86286
222
86426
69
86837
32
87247
71
87347
65
87498
89
87918
16
88429
16
88459
16
88489
16
88529
16
88559
16
88589
16
88619
16
88659
16
88689
16
88719
16
88749
16
88789
16
88819
16
88849
16
88880
16
88920
16
88950
16
88980
16
89010
16
89040
16
89080
16
89110
16
89140
16
89170
16
89200
16
89240
16
89270
16
89300
16
89330
16
89370
16
89400
16
89430
16
89460
16
89500
16
89530
16
89561
16
89591
16
89621
16
89661
16
89691
16
89721
16
89751
16
89791
16
89821
16
89851
16
89881
16
89921
16
89951
16
89981
16
90011
16
90041
16
90081
16
90111
16
90141
16
90171
16
90211
16
90241
16
90272
16
90302
16
90332
16
90372
16
90402
16
90432
191
92605
13
93546
16
93706
73
94037
79
94227
32
94958
80
95088
69
95369
78
95749
83
95900
79
96060
32
96320
68
96651
73
96891
32
97212
83
98113
222
98333
73
99495
190
00056
65
00546
73
00697
85
00907
84
01067
79
01317
16
01708
49
96453
16
96643
69
97805
83
97975
73
98586
83
98956
84
99096
79
99747
78
99847
79
99988
32
01119
77
01189
79
01430
76
01730
84
01890
79
02031
32
02672
8
02832
8
03643
73
03723
32
04684
77
04765
79
05696
68
05836
73
05976
32
07088
68
07258
73
07368
32
07859
83
08260
67
08550
82
08750
73
09281
86
09401
69
09762
82
09962
69
10262
32
11444
85
11664
78
11785
32
12085
80
12416
82
12616
79
13066
71
13297
82
13417
65
13778
77
13908
77
14038
65
14428
32
15099
67
15410
72
15540
69
15620
32
18174
65
18464
83
18594
83
18815
79
19005
76
19566
86
20107
65
20647
32
21759
85
21869
78
22009
32
23291
80
23391
65
23772
82
24042
84
24192
73
24723
67
24863
79
25214
76
25334
65
25815
82
25975
69
26456
32
27838
67
28188
79
28449
77
28719
80
28929
73
29450
84
29550
79
31433
190
32494
32
36410
16
36670
84
36991
69
37472
78
37522
73
37742
65
38483
77
38543
79
38753
32
40977
68
41337
85
41587
78
42309
81
42969
85
43060
69
43190
32
46284
68
46424
73
46555
32
47156
83
47526
67
47857
82
48047
73
48988
86
49078
69
49379
82
49449
69
50140
32
52012
85
52513
78
52633
65
53054
32
54426
86
54556
65
55037
82
55347
73
55477
65
55638
78
56178
84
56319
69
56819
32
57701
68
58061
76
59123
8
59724
69
60435
76
60535
32
60915
80
61246
82
61396
79
61787
71
62057
82
62187
65
62618
77
62778
77
62928
65
63689
32
64440
68
64561
73
64681
32
66093
67
66413
79
66744
78
67144
86
67435
69
67645
82
68586
83
69387
73
69548
79
70058
78
70139
69
70789
32
71380
68
71601
69
71941
76
72061
76
72232
69
73804
32
75907
84
76217
69
76618
77
77880
80
78040
69
78290
82
78671
65
79021
84
79152
85
79452
82
79592
69
93062
38
93222
37
93432
37
93582
37
93732
37
93893
37
94033
37
94183
37
94313
37
94804
37
94844
37
94874
37
94904
37
94934
37
94964
37
95004
37
95034
37
95064
37
95094
37
96657
84
02846
40
03076
39
03577
39
03607
39
03637
39
03677
39
03707
39
03737
39
03767
39
03797
39
03827
39
03867
39
03897
39
03927
39
03957
39
03987
39
04017
39
04057
39
04087
39
04117
39
04147
39
04177
39
04218
39
06451
190
28590
16
28700
66
29030
85
29250
79
29470
78
29860
71
30020
73
30190
79
30410
82
30680
78
31010
79
31620
188
32110
13
32820
78
33100
79
33370
78
33540
32
33760
72
34090
79
34140
32
34420
76
34580
65
34750
32
35080
80
35300
73
36010
191
36170
32
36670
80
36830
65
37050
76
37220
76
37440
73
37710
68
37990
65
38100
32
38320
73
38540
68
38760
69
39030
65
39300
32
39580
68
39850
73
39960
32
40180
67
40400
79
40620
83
40840
65
41010
32
41610
83
41830
67
42110
82
42270
73
42440
86
42710
69
42930
82
43150
69
44250
32
45460
77
45620
65
45790
32
46610
77
46880
73
46990
32
47210
73
47490
78
47650
67
47760
85
47980
82
48150
73
48370
79
48590
83
48860
73
49190
86
49360
65
49580
32
51170
76
51990
219
52320
73
52600
68
52820
69
53040
65
53200
32
53750
68
53970
73
54190
32
54900
80
55070
65
55340
82
55560
84
55730
69
56110
67
56280
73
56610
80
56610
79
56720
65
57490
8
57920
8
58360
65
58640
82
58800
69
58970
32
59080
65
59350
68
59460
32
59740
85
60010
78
60180
32
60560
69
60780
83
61170
80
61330
69
61490
82
61710
79
62150
8
63420
73
63690
77
63860
69
64020
78
64190
84
64520
79
65280
32
67040
79
67320
32
68090
65
68250
76
68470
77
68640
69
68800
78
69070
79
69460
32
69900
80
70010
82
70230
69
70450
83
70670
85
70940
78
71110
84
71270
79
71380
32
71770
84
72040
65
72040
20
72320
76
72530
69
73850
8
74130
8
74840
20
76160
76
76380
69
76980
190
77640
13
79620
16
79730
83
80220
80
80390
69
80550
82
80720
79
80830
32
81100
68
81320
73
81380
32
81600
69
81870
83
81980
83
82260
69
82420
82
82640
69
82810
32
82970
83
83360
84
83520
65
83680
84
84120
79
84230
32
84510
85
84950
84
85110
73
85390
76
85550
69
86050
190
86430
13
87140
65
87470
82
88080
82
88300
73
88570
86
88850
69
89010
68
89230
69
89400
82
89670
67
89840
73
