51620
16
51720
83
51940
65
52050
76
52160
86
52270
69
52380
188
56120
13
56560
73
56720
78
56830
32
56940
81
57050
85
57160
69
57380
83
57490
84
57600
79
57660
32
57820
77
57930
79
58100
77
58210
69
58320
78
58480
84
58590
79
58650
32
58980
83
59190
84
59300
79
59360
32
59470
83
59630
67
59850
65
59910
82
60130
73
60180
67
60350
65
60510
78
60620
68
60730
79
60840
32
60950
76
61060
32
61060
65
61230
80
61390
79
61500
83
61830
8
61940
8
62110
8
62270
8
62440
8
62660
65
62770
32
62870
80
63040
79
63150
83
63310
84
63480
65
63590
32
64470
69
64800
188
64910
32
65130
80
65240
69
65290
82
65460
32
65620
80
65730
65
66010
83
66170
83
66340
65
66390
82
66550
69
66660
32
66770
73
66940
76
67050
32
67050
84
67210
69
67320
77
67430
80
67600
79
67710
32
67930
72
68150
79
68200
32
68480
80
68640
69
68810
78
68920
83
69030
65
69140
84
69360
79
69410
32
69520
68
69740
73
69850
32
70130
83
70340
67
70510
82
70670
73
70780
86
70950
69
71000
82
71500
69
72210
32
72430
81
72540
85
72650
65
72760
76
72870
67
72980
79
73090
83
73310
65
73810
32
74410
73
74630
78
74740
32
74850
81
75010
85
75070
69
75290
83
75400
84
75620
65
75780
32
75890
70
76000
79
76110
82
76220
77
76880
32
77160
80
77210
69
77270
82
77490
32
77540
68
77760
65
77760
82
77920
69
78090
32
78200
73
78360
76
78420
32
78580
77
78750
73
78910
79
78970
32
79190
77
79300
79
79410
68
79570
69
79790
83
79960
84
80120
73
80450
83
80670
83
81550
8
81710
8
81880
8
82150
79
82260
32
82430
67
82650
79
82810
78
82920
84
83090
82
83140
73
83310
66
83530
85
83640
84
83750
79
83860
32
84020
65
84190
76
84240
32
85170
8
85500
76
85610
65
85780
32
86270
16
86380
86
86710
79
86820
83
86990
84
87150
82
87260
65
87320
32
87370
82
87540
73
87650
67
87980
8
88250
8
88310
8
88360
8
88470
8
88530
8
88580
8
88690
8
88740
8
88910
8
89070
86
89240
79
89350
83
89460
84
89620
82
89730
65
89790
32
89840
82
90060
73
90120
67
90280
69
90390
82
90610
67
90720
65
91000
190
91600
13
10280
16
10440
66
10660
69
10770
78
10990
69
11980
16
12250
16
12310
16
12360
16
12420
190
12800
32
14010
76
14180
65
14560
32
14670
80
14830
79
14940
83
15050
84
15220
65
15550
32
20330
16
20380
36
22300
16
22470
66
22800
69
22910
78
23020
69
24670
188
24780
32
26090
73
26260
76
26370
32
26750
67
26860
76
27030
73
27140
69
27300
78
27410
84
27580
32
27740
68
27850
73
27910
32
28020
80
28180
79
28180
83
28350
84
28460
65
28570
32
28790
77
28950
73
29060
32
29440
72
29610
65
29660
32
29830
65
29940
80
30100
80
30210
69
30320
78
30430
65
30490
32
30760
65
30980
86
31090
86
31200
73
31310
83
31480
65
31590
84
31700
79
31750
32
31860
68
31970
73
32030
32
32140
65
32300
86
32410
69
32520
82
32800
32
33070
84
33230
69
33290
82
33340
77
33560
73
33670
78
33730
65
33840
84
33950
79
34060
32
34170
76
34390
79
34550
32
34660
83
34830
67
36370
8
36640
8
36690
8
36750
8
36800
8
36910
8
36970
8
37020
8
38120
84
38230
79
38340
32
38450
73
38620
76
38730
32
38840
83
38890
85
39060
79
39110
32
39280
67
39330
79
39500
77
39660
80
39830
73
39940
84
40100
79
40370
188
40430
32
40590
67
40700
79
40810
83
41140
221
41250
32
41970
78
42130
79
42240
78
42300
32
42410
65
42520
80
42680
80
42740
69
42900
78
43010
65
43450
32
44220
65
44440
86
44660
82
45260
192
45370
32
45430
84
45590
69
45650
82
45760
77
45980
73
46090
78
46140
65
46250
84
46420
79
46470
32
46800
68
46910
73
47020
32
47190
82
47300
73
47460
69
47570
77
47840
80
48010
73
48120
82
48230
69
48390
32
48780
81
48940
85
49000
69
49220
83
49330
84
49490
69
49660
32
49820
82
49930
73
50040
67
50370
8
50480
71
50590
72
50700
69
50810
32
51360
80
51520
79
51690
84
51910
82
52070
192
52180
32
52350
65
52460
78
52570
68
52730
65
52790
82
52900
69
53060
32
53170
65
53340
32
53450
76
53560
69
53780
71
53940
71
54000
69
54160
82
54270
69
56250
32
75800
81
75970
85
76080
65
76190
76
76300
67
76410
72
76520
69
76680
32
76850
77
76900
69
77170
83
77340
83
77500
65
77670
71
77830
71
78160
73
78330
79
78880
190
82500
13
82670
16
82830
83
82940
80
83050
69
83160
82
83380
8
83550
8
83660
8
83820
8
84040
16
84150
83
84320
80
84420
69
84480
82
84590
73
84700
79
85080
8
85140
65
85300
77
85410
79
85520
32
85580
68
85690
73
85740
32
85850
84
86020
82
86070
79
86240
86
86350
65
86460
82
86570
69
88490
16
88760
36
88980
46
89310
38
89530
35
89750
8
90030
32
90360
83
90800
8
90960
8
91240
188
91350
32
91400
83
91510
80
91790
69
91890
82
92060
65
92110
78
92220
68
92390
79
92440
32
92550
68
92720
73
92770
32
92940
84
93100
82
93270
79
93380
86
93490
65
93600
82
94200
67
94310
73
94370
32
94590
81
94700
85
94810
65
94920
76
95030
67
95140
72
95190
69
95250
32
95360
78
95520
79
95630
84
95790
73
95900
90
96010
73
96180
65
96290
32
96400
73
96560
78
96620
84
96730
69
96840
82
97000
69
97220
83
97390
83
97550
65
97660
78
97830
84
98050
69
98320
190
98650
13
00190
16
00300
65
00520
67
00680
67
00790
73
00900
68
01070
69
01180
78
01290
84
01400
73
01450
32
01620
81
01730
85
01890
65
02110
78
02610
8
02880
8
02930
8
02990
8
03040
8
03150
8
03210
8
03260
8
03320
8
03430
8
03480
8
03540
8
03760
8
04030
8
05460
16
05570
65
05740
32
05850
81
05960
85
06070
69
06230
83
06340
84
06450
79
06510
32
06670
80
06830
85
07440
16
07550
36
07820
16
08040
16
08150
16
08210
16
09420
35
09640
78
09750
84
09910
79
09970
32
10190
67
10240
79
10460
77
10680
73
10790
78
10950
65
11340
8
11500
67
11610
73
11720
65
11830
78
11940
79
12050
32
12160
65
12270
32
12440
83
12600
67
12710
65
12770
82
13040
83
13210
69
13430
71
13590
71
13700
73
13760
65
13870
82
13970
69
14080
32
14250
76
14410
69
14520
32
14690
73
14740
68
14910
69
15130
69
15510
190
15680
190
15790
190
15900
32
16010
78
16120
79
16230
78
16280
32
16390
83
16450
79
16560
32
16670
80
16890
73
17110
191
17220
32
17380
67
17490
79
17600
83
17820
65
17870
32
18040
83
18150
67
18370
82
18480
73
18590
86
18700
69
18810
82
18970
69
20510
188
20570
32
20730
65
20900
86
21060
69
21170
84
21330
69
21440
32
21550
81
21660
85
21830
65
21880
76
21990
67
22160
72
22210
69
22320
32
22430
83
22600
85
22710
71
22870
71
22980
69
23090
82
23200
73
23370
77
23370
69
23530
78
23640
84
24030
79
24360
16
24470
219
25010
32
25180
16
25400
56
25840
188
26000
189
26220
16
26330
57
26440
57
26550
57
27320
8
27490
8
30290
13
32540
16
32760
16
32870
16
32920
16
32980
65
33200
67
33360
67
33470
73
33580
68
33750
69
33860
78
33970
84
34130
73
35010
32
36990
16
37100
36
38690
16
38970
16
39020
16
39080
16
39130
16
39240
16
39300
16
39350
83
39570
67
39790
82
39900
73
40010
86
40170
69
40230
82
40390
69
40610
32
40830
81
40940
85
41050
65
41160
76
41220
67
41990
79
42150
83
42320
65
42650
32
43090
81
43200
85
43310
65
43360
78
43470
68
43580
79
43630
32
43800
78
43910
79
43960
78
44070
32
44180
83
44350
73
44460
32
44620
83
44840
65
45010
32
45120
67
45230
79
45340
83
45500
65
45610
32
45720
83
45890
67
46050
82
46220
73
46330
86
46440
69
46550
82
46660
69
46820
32
46990
186
47040
32
47200
85
47420
78
47590
32
47750
73
47920
77
48300
8
48470
8
48630
8
49240
219
49400
73
49570
77
49730
80
49790
82
49900
69
50120
83
50280
65
50340
32
50450
68
50610
65
50770
86
50940
86
51100
69
51210
82
51430
79
51540
32
51710
65
51980
82
52150
68
52590
85
52700
65
54670
188
54730
32
55000
186
55110
32
55170
81
55330
85
55440
65
55610
83
55720
73
55830
32
55940
80
56050
69
56270
71
56380
71
56540
73
56650
79
56710
32
56870
67
56980
72
57040
69
57150
32
57310
80
57370
82
57480
69
57700
83
57810
69
57920
78
58030
84
58140
65
58240
82
58460
83
58630
73
58680
32
58850
65
59010
68
59400
32
59620
85
59780
78
60000
219
60170
73
60330
78
60500
84
60660
84
60830
69
60940
82
61100
79
61210
71
61540
8
61710
8
61820
8
61980
8
62140
8
62310
69
62530
82
62640
82
62750
79
63080
71
63190
65
63410
90
63460
73
63570
79
63740
78
63740
69
63850
32
63960
83
64120
69
64340
78
64560
90
64730
65
64840
32
64950
65
65110
86
65220
69
65330
82
65600
32
65770
83
65880
84
65990
85
66150
68
66260
73
66370
65
66540
84
66650
79
66920
16
66980
49
67640
13
68080
16
68190
66
68350
69
68460
78
68630
69
69010
188
69120
32
69280
80
69390
69
69450
82
69610
32
69720
70
69830
79
69940
82
70220
84
70330
85
70490
78
70550
65
70820
32
71210
83
71320
79
71480
78
71590
79
71700
32
71870
71
71920
73
72090
85
72250
78
72360
84
72470
65
72580
32
72750
65
72800
76
72860
32
72960
84
73070
69
73180
82
73240
77
73460
73
73570
78
73680
69
73840
32
73950
68
74060
73
74120
32
74280
81
74390
85
74500
69
74670
83
74780
84
75660
79
75770
32
77190
83
77360
80
77470
65
77690
90
77740
73
77850
79
80710
8
80980
8
81040
8
81150
8
81200
8
81260
8
81310
8
81420
8
81480
8
81530
8
81640
8
81700
8
81750
8
81920
8
82360
32
82520
81
82580
85
82690
69
82910
83
83020
84
83130
65
83290
32
83400
77
83620
73
83680
65
83790
32
83950
16
84000
50
84280
70
84390
65
84500
84
84610
73
84830
67
84990
65
85160
16
85430
16
85490
16
85540
50
86860
188
86970
32
87080
81
87190
85
87360
73
87520
78
87630
68
87790
73
88010
32
88180
32
88290
32
88670
8
88840
8
89000
8
89390
190
89500
190
89660
190
89940
13
90100
20
91580
20
92850
86
93010
73
93120
32
93340
73
93560
78
94390
36
94660
190
94830
190
94940
190
95260
35
95590
32
95870
86
96140
8
96250
8
96420
86
96530
73
96640
79
96750
32
96910
73
97080
32
97190
77
97410
73
97900
16
97960
36
98830
86
98940
73
99110
32
99270
73
99440
78
99660
86
99710
73
99820
79
99930
32
00150
73
00370
77
00540
32
00870
8
00980
8
01200
32
01310
77
01470
73
01640
69
01690
73
01800
32
02130
80
02300
73
02680
191
02730
32
02900
67
03010
79
03120
82
03340
68
03390
73
03560
65
03670
76
03830
73
03940
32
04050
83
04220
65
04330
76
04440
85
04550
84
04660
73
04880
32
04990
69
05210
32
05700
86
05810
65
06030
68
06140
79
06250
32
06360
65
06690
32
06850
76
06910
69
07070
71
07240
71
07350
69
07510
82
07620
77
07840
73
07900
32
08060
76
08170
65
08230
32
08340
80
08500
79
08610
83
08720
84
08890
65
09710
190
10090
13
10260
13
10920
38
11250
16
11300
65
11470
82
11630
82
11740
73
11910
86
12020
69
12240
68
12400
69
12460
82
12730
67
12900
73
13550
46
14320
46
