08019
16
08220
67
08550
72
08851
69
09151
32
09371
66
09692
82
10102
85
10373
84
10503
84
10613
65
10783
32
11274
71
11575
73
11615
79
12065
82
12236
78
12436
65
12606
84
12846
65
13838
16
14028
49
14429
32
14719
16
14879
80
15100
73
15170
79
15801
86
15931
69
16071
32
16251
68
16422
73
16532
32
16772
78
17083
85
17393
79
17753
86
18014
79
18124
32
18655
69
18785
32
19696
73
19736
79
20237
32
21078
78
21349
79
21649
78
21859
32
22220
80
22270
79
22871
83
23061
83
23382
79
23972
32
24463
65
24593
78
24974
68
25274
65
25435
82
25485
69
25795
32
26105
73
26196
78
26506
32
26736
66
26987
73
27548
67
28058
73
28609
67
28729
76
29020
69
29290
84
29450
84
30261
8
30422
8
30572
8
30712
8
30862
8
33917
190
35399
32
40957
16
41137
68
41618
79
41788
77
42098
69
42269
78
42489
73
42840
67
42990
65
43150
32
43691
83
43941
80
44111
69
44622
82
45383
79
45634
32
45824
67
45974
72
46114
69
46264
32
46595
70
46695
65
46905
82
48327
8
48498
8
48658
8
50080
70
50270
65
50631
67
50761
67
51302
73
51472
65
51642
32
52403
66
52554
69
52844
76
52964
76
53174
79
53475
32
56129
80
56239
69
56289
82
57280
67
57431
72
59203
222
59483
69
59654
32
60755
86
60865
79
61687
71
61867
76
62117
73
62147
79
62438
32
62618
65
62828
78
63099
68
63389
65
63549
82
63579
69
63880
32
64060
83
64280
85
64381
32
64911
73
65001
78
65222
32
65412
77
65582
79
65853
78
66183
84
66353
65
66504
71
67225
78
67976
65
68216
32
69878
65
69989
32
70269
70
70349
65
70489
82
70640
69
70930
32
71260
85
71341
78
71601
32
71721
65
72562
8
72712
8
72873
65
73113
32
73744
71
73914
73
74305
84
74425
65
74585
32
74755
83
75046
67
75246
73
75376
32
75547
65
76067
76
76248
80
76408
73
76748
78
76949
73
77389
83
78170
84
78561
73
79612
67
81375
65
83117
188
83268
32
83568
86
83718
65
84019
76
84309
65
84770
78
85200
71
85241
72
85551
69
85671
32
86002
80
86302
69
86502
82
86753
78
87253
8
87594
77
87704
69
87974
84
88105
84
88205
69
88665
78
89096
68
89286
79
89697
16
90067
49
90358
49
00042
16
01884
13
02145
13
04628
8
05790
16
05940
67
06481
73
06962
65
07092
79
07863
16
08023
49
82710
16
82821
73
83071
76
83962
32
84523
70
84673
73
84904
76
86155
77
86606
32
87677
67
87868
72
88128
69
88238
32
88879
72
89019
79
89300
32
89791
86
90001
73
90341
83
90552
84
90882
79
91142
32
91433
73
91793
69
92474
82
92615
73
92915
32
93135
78
93346
79
93596
78
93886
32
94818
69
95018
82
95278
65
95399
32
95929
67
96090
69
96290
82
96500
84
96710
79
96961
32
97131
68
97281
69
97552
73
97802
32
98032
77
98323
73
98844
71
99054
76
99244
73
99394
79
99845
82
00115
73
00907
188
03120
32
03751
65
03891
78
04111
67
04251
72
04502
69
04592
32
04812
83
05012
69
05123
32
05463
68
05623
69
06214
86
06424
79
06695
32
07115
68
07396
73
07616
82
07746
69
07917
32
09719
72
09819
79
10100
32
10661
86
10871
73
11231
83
11472
84
11822
79
12083
32
12343
68
12623
73
12864
32
13144
80
13495
69
14015
71
14186
71
14406
73
14566
79
15698
190
16920
16
16990
81
17380
85
17691
69
17991
76
18111
76
18292
79
18552
32
18822
67
19023
72
19263
69
19393
32
23098
80
23299
73
23489
85
24721
222
25772
32
26654
8
27355
32
27745
68
27855
69
30199
76
30589
76
32302
69
32442
32
33173
65
33573
76
34034
84
34214
82
34465
69
34645
32
35156
67
35346
79
35616
83
35857
69
35987
32
37169
67
37349
72
37529
69
37649
32
37920
77
38150
73
38430
32
38881
72
38991
65
39152
32
39402
67
39652
79
39873
76
40503
80
41435
73
41625
84
41755
79
42036
32
43167
8
43628
188
43848
32
44299
67
44609
82
44770
69
44980
68
45240
73
45721
8
46472
79
46722
32
46993
83
47203
73
47373
65
47504
32
47884
83
48144
84
48235
65
48415
84
48765
79
49346
8
49576
65
49737
32
50558
76
50708
65
50818
32
51449
78
51599
79
51850
78
52060
32
53642
82
53763
69
54163
65
54363
76
54834
84
54984
65
55134
32
72479
68
72750
69
73050
76
73190
76
74673
222
74933
32
75223
65
75474
77
76145
66
76445
73
76856
69
77106
78
77517
84
77707
69
77877
32
78328
68
78418
69
78668
76
78899
32
80120
70
80511
73
80731
76
81252
77
81653
83
83225
8
84336
190
84767
16
84907
67
85228
69
85388
82
85528
84
85749
69
85919
32
88923
8
89945
32
92608
8
92799
8
94892
73
95192
32
95402
77
95933
79
96294
68
96484
73
96754
32
96955
68
97115
73
97355
32
97776
80
98066
69
98357
78
98647
83
98887
65
99188
82
99338
69
99488
32
00069
188
00860
67
01071
69
01311
82
01551
84
01772
69
01922
32
03144
80
03574
69
03744
82
04405
83
04636
79
04946
78
05217
69
05347
32
07239
65
07640
68
07840
68
08101
73
08712
85
09773
8
10975
82
11075
73
12297
84
12477
84
12737
85
13098
82
13438
65
13609
32
16903
67
17114
69
17404
82
17795
84
18005
69
18205
32
19006
77
19177
65
19537
67
19697
67
19998
72
20208
73
20508
78
20809
69
21029
32
21780
188
22071
32
22301
78
22531
79
22742
78
22932
32
23313
80
23483
79
23783
83
23953
83
24124
79
25175
78
25375
79
25596
32
25916
69
26147
83
26317
83
26517
69
26727
69
26747
82
26908
69
26998
32
27589
8
27759
8
27859
8
27969
8
28790
82
28871
69
29061
32
29421
86
29632
69
29812
82
29962
69
35210
190
35350
190
35500
190
35610
190
72650
16
72870
16
72930
16
72930
76
73310
219
73640
73
73860
77
74140
80
74960
69
75180
82
75730
65
75950
84
76440
79
76940
82
77160
69
77430
32
78040
83
78370
69
78640
32
79190
78
79570
219
80340
69
80670
82
81110
65
81280
32
81440
65
81610
78
81770
68
81990
65
82430
84
82980
32
83750
8
84630
79
84790
32
85180
85
85560
66
86000
82
86110
73
86440
65
86770
67
86880
79
95340
188
96270
32
97370
76
97530
65
97700
32
97970
83
98250
67
98410
73
98630
77
98800
77
98960
73
99180
65
99290
32
99460
83
99730
69
99840
32
00010
78
00280
219
00670
69
00890
82
01160
65
01320
32
01490
65
01600
78
01710
68
01930
65
02260
84
02530
65
02700
32
02860
77
03080
79
03300
82
03520
84
03800
65
09560
188
09730
32
10170
69
10390
32
10880
73
11100
76
11210
32
11430
83
11600
85
11820
79
11930
32
12250
71
12420
73
12580
65
12910
82
13080
68
13240
73
13460
78
13680
79
13790
32
15220
8
15390
8
15610
8
15770
8
16150
8
16320
8
16540
8
16700
8
17420
85
17640
65
17970
82
18130
68
18300
73
18460
65
18630
78
18850
79
18960
32
20880
83
21100
69
21320
32
21540
78
22200
69
22360
32
23950
69
24230
82
24500
65
24830
32
25160
65
25330
78
25550
68
25770
65
26100
84
26260
79
26370
32
26540
80
27140
73
27360
65
27470
78
27910
71
28180
69
28290
78
28620
68
28840
79
30330
190
30930
13
34220
16
34440
16
34500
16
34500
16
34550
16
34550
16
34610
16
34660
16
34660
16
34720
16
34720
16
34770
16
34830
16
34830
16
34880
16
34880
16
34940
16
34940
16
34990
16
35050
73
35490
82
35760
69
36040
78
36200
69
37960
32
38290
69
38450
32
38780
73
38950
79
39060
32
39280
69
39500
82
39720
65
40160
86
40430
65
40600
77
40820
79
40980
32
43620
83
43780
79
44000
76
44170
73
44330
32
46420
73
46640
78
46800
32
47240
81
47350
85
47570
69
47680
76
47850
32
48400
66
48670
69
48840
76
48940
76
49110
73
49330
83
49550
83
49660
73
49820
77
50040
79
50210
32
50540
76
50760
85
50980
79
51910
66
52080
8
52190
71
53500
79
57070
188
57290
32
57680
67
57840
79
58060
78
58230
32
59380
73
59600
76
59770
32
59930
84
60260
65
60590
86
60750
79
60920
76
61080
79
61250
32
61410
77
61580
65
61800
67
62020
67
62130
72
62290
73
62400
65
62680
84
62730
79
62900
32
63230
68
63390
73
63450
32
63670
83
63880
65
64050
78
64270
71
64380
85
64600
69
70480
8
70750
8
70920
8
71410
8
71570
8
71740
8
72950
86
73060
73
73280
78
73550
79
73660
32
73830
83
74050
85
74320
76
74490
32
75200
81
75310
85
75470
65
75580
76
76130
69
80800
32
81570
83
81740
73
81850
32
82230
84
82500
82
82670
79
83050
86
83270
65
83660
86
83930
65
85360
32
87060
73
87230
76
87390
32
87780
86
88000
65
88330
83
88440
79
88770
32
89040
67
89150
79
89370
78
89530
32
90140
73
90300
32
90580
70
90690
73
90910
67
91020
72
91240
73
91400
32
91790
65
92060
86
92230
86
92450
69
92610
76
92780
69
92940
78
93110
65
93430
84
93540
73
98050
32
99150
69
99310
32
99530
76
99700
65
99750
32
00080
67
00250
79
00470
80
00630
80
00740
65
00900
32
01290
68
03930
79
04200
82
04470
65
04860
84
05080
65
05240
32
05460
65
05680
77
05790
77
05960
65
06230
67
06400
67
06620
65
07000
84
07170
65
07390
32
09750
83
09910
85
10130
76
10300
32
10570
80
10680
65
11120
86
11230
73
11510
77
11670
69
11780
78
12050
84
12160
79
12330
32
12770
68
12820
73
12990
32
13210
77
13370
65
13650
82
13760
77
13980
79
17660
190
19250
13
20790
16
21010
76
21280
219
21670
73
21940
77
22220
80
22380
69
22600
82
22870
65
23260
84
23480
82
23640
73
23860
67
24140
69
24360
32
28090
83
28200
73
28370
32
28590
83
28810
69
29080
68
29250
69
29520
84
29740
84
30020
69
30120
32
30340
83
30510
85
30950
76
31110
32
31830
68
31990
73
32320
86
32600
65
32710
78
32930
79
45560
188
45720
32
51550
71
51710
85
51930
65
52200
82
52480
68
52700
65
52860
78
53030
68
53140
79
53410
77
53630
73
53800
32
54020
67
54070
79
54290
78
54460
32
54620
85
54840
78
55230
65
55390
32
55610
83
55990
80
56160
69
56490
67
56600
73
56820
69
56980
32
57150
68
57260
73
57420
32
57640
83
57970
84
58140
85
58630
80
58800
79
59020
82
59240
69
59400
32
59620
78
59730
69
60000
71
60060
76
60280
73
60440
32
60610
79
60770
67
60990
67
61100
72
61320
73
61490
32
61650
67
61760
79
61980
77
65440
8
65660
8
66380
8
67090
77
67200
69
67360
78
67580
84
67800
82
68020
69
68190
32
70770
73
70930
79
71100
32
71210
83
71540
84
71870
65
72200
86
72310
79
72360
32
72470
73
72690
78
72860
32
73130
80
73350
73
73520
69
73740
68
73900
73
74010
32
79780
68
79940
73
80220
32
80660
70
80930
82
81100
79
81320
78
81540
84
81810
69
81920
32
82080
65
82250
32
82410
76
82580
69
82740
73
82910
32
83130
83
83790
85
85270
76
85430
76
85600
219
85930
65
86310
84
86480
84
86750
69
86860
78
87080
84
87190
73
91260
188
91590
32
92690
67
92790
79
93010
77
93180
69
93290
32
93450
68
93670
69
93950
86
94170
69
94330
32
94550
69
94830
83
94990
83
95210
69
95430
82
95930
76
96150
79
96260
32
96530
85
96750
78
96910
32
97130
83
97240
79
97460
76
97900
68
98180
65
98450
84
98620
79
98730
32
98950
73
99170
78
99330
32
99500
83
99660
69
99880
82
00100
86
00260
73
00700
90
00810
73
00980
79
25860
190
27340
13
29160
80
29380
80
