33968
17
34640
16
34734
65
35265
32
35609
86
35734
79
35921
76
36046
84
36312
69
37140
32
37265
67
37546
82
37765
69
38000
68
38171
79
38937
8
39468
8
39500
8
39531
8
39578
8
39609
8
39640
8
39687
8
39718
8
39750
8
39781
8
39828
8
39984
8
42453
16
42531
76
42796
65
42953
32
43343
16
43546
74
43859
85
44140
86
44218
69
44359
78
44656
84
44734
85
44953
83
45078
32
46406
222
46421
69
46953
8
47140
8
47500
222
47546
69
47875
8
48000
8
50031
69
50125
222
50171
32
50359
70
50515
73
50796
78
50968
65
51125
186
51125
76
51546
8
51671
8
52171
76
52343
77
52437
69
52531
78
52671
84
52890
69
53000
32
53500
67
53734
65
53812
77
54046
80
54203
73
54375
79
54578
78
54687
69
54765
32
54890
68
55015
73
55578
8
56421
222
56781
16
56921
73
57625
84
57750
65
57953
76
57953
186
58171
73
58265
65
58828
8
59000
8
59156
8
59734
73
59859
65
62593
188
62718
32
63312
69
63437
82
63625
69
64203
8
64296
65
64515
78
64781
79
65359
32
65531
65
65656
78
65781
78
65968
73
66031
32
66234
67
66328
72
66437
69
66546
32
66703
65
66921
83
67078
80
67203
69
67421
84
67546
84
67640
65
67890
86
68000
65
68171
78
68515
8
68781
77
69031
79
69031
80
69437
8
70000
32
70265
81
70390
85
70562
69
70781
83
70875
84
71140
79
71218
32
71406
83
71515
85
71796
67
71937
67
72031
69
72375
83
73015
83
73140
80
73593
8
74421
79
76953
188
77000
32
77187
69
77406
68
77593
69
77687
32
77796
69
78234
8
78406
8
78562
8
78718
32
78796
69
78953
82
79218
65
79750
86
79859
65
80046
77
80265
79
80359
32
80578
83
80781
84
81078
85
81312
70
81437
73
81546
32
81703
68
81796
73
85296
32
85531
65
85859
82
85984
82
86265
73
86562
86
86703
65
86796
82
86937
69
87046
32
87171
83
87359
69
87656
77
87921
80
88000
82
88187
69
88718
32
89046
83
89218
69
89343
67
89625
79
89859
78
90031
68
90187
73
90406
188
90468
32
90640
80
90734
69
90890
82
91031
32
91796
71
92125
73
92453
85
92640
78
92859
84
92968
65
93078
32
93187
65
93312
76
93453
76
93671
222
94281
85
94468
76
94718
84
94812
73
94984
77
95093
65
95156
32
95468
71
95625
73
95781
79
95890
82
96062
78
96250
65
96328
84
96437
65
97953
190
98109
190
98250
190
98375
32
98953
67
99718
222
99781
69
99906
222
00046
32
00703
68
00781
65
00875
32
01125
68
01234
73
01437
82
01609
69
01718
32
01859
67
01953
72
02062
69
02156
32
03765
76
04312
222
04609
79
04968
68
05093
73
05218
65
06046
84
06187
73
06390
83
06515
83
06609
73
06828
77
06921
65
07031
32
07500
16
07703
73
08046
78
08281
84
08359
69
08515
82
08718
32
12578
83
12781
84
12890
65
13046
32
13234
65
13437
83
13578
80
13750
69
13890
84
14031
84
14359
65
14468
78
14718
68
14828
79
15031
32
15203
68
15453
65
15531
32
16140
84
16296
82
16406
69
16593
68
16718
79
16734
73
16859
67
17375
8
17531
8
17671
8
17750
67
18171
8
18421
85
18578
67
18734
85
19359
8
19875
8
20031
8
21156
73
21265
67
21328
73
21437
32
21734
65
21953
78
22078
78
22296
73
22453
32
23062
81
23234
85
24093
8
24250
8
24812
76
24968
79
25109
32
25328
83
25531
67
25703
85
25890
82
25921
69
26265
8
26531
69
26796
8
26937
8
26968
69
27296
8
27359
68
27562
69
28125
84
28250
84
28375
79
28687
188
28765
32
28890
77
29000
65
29093
32
29625
80
29750
69
29921
82
29968
32
30421
81
30578
85
30656
65
30765
78
30968
84
31109
79
31171
32
31343
77
31531
73
31640
32
32015
82
32328
73
33156
71
33359
85
33468
65
33578
82
33765
68
33890
65
34015
32
34656
80
34890
85
35078
79
35359
222
35437
32
35640
65
35843
83
35968
80
36484
69
36562
84
36687
84
36859
65
36937
82
37093
69
37187
32
37515
65
37781
78
37953
67
38078
79
38234
82
38500
65
38625
32
39093
84
39250
82
39328
69
39515
68
39625
73
39765
67
39921
73
40562
32
40781
65
41875
78
42000
78
42203
73
42609
188
42718
32
42937
69
43171
32
43468
80
43718
79
43906
73
44000
32
44218
65
44312
76
44578
84
44734
82
45015
73
45109
32
45406
84
45421
82
45984
82
46171
69
46453
8
46609
8
46750
69
47031
68
47203
85
47359
68
47593
8
47750
8
48234
73
48375
67
48453
73
48781
16
48875
49
58281
32
60171
16
60359
77
60656
79
60828
82
61093
65
61203
84
61390
84
61671
73
61750
32
62046
72
62156
65
62328
32
63000
70
63171
65
63312
84
63437
84
63718
79
63843
32
63968
76
64187
222
64734
78
64890
78
65484
8
65625
8
65750
69
65921
66
66062
66
66171
69
66312
77
66546
8
66687
8
66843
8
66984
8
67562
78
67687
78
67843
69
67937
77
68500
8
68625
83
68765
73
69046
77
69156
65
69265
32
71281
77
71406
65
71500
71
71687
82
71796
65
71921
32
72156
70
72312
73
72765
71
72953
85
73171
82
73250
65
73468
188
73562
32
77343
69
77468
32
77640
67
77828
82
78000
69
78140
79
79093
8
79718
68
79828
79
80015
32
80609
67
80718
72
80843
69
80984
32
81234
76
81328
65
81437
32
81687
83
81921
84
82250
85
82484
80
82609
69
82828
78
82937
68
83625
8
83703
65
84156
8
84484
68
84718
65
84781
32
85000
73
85218
77
85343
77
85437
65
85562
71
85796
73
86000
78
86093
69
86203
32
87000
68
87078
73
87109
32
87390
16
87453
82
87671
79
87890
78
87968
65
88109
76
88281
68
88375
79
88453
32
88609
73
88781
78
88843
32
89015
76
89109
65
89343
67
89500
82
89781
73
89968
77
90046
69
90468
16
90765
57
92843
32
93171
8
93312
81
93500
85
93656
69
93906
83
94000
84
94125
65
94218
32
94687
86
94953
79
95140
188
95750
8
96328
76
96484
84
96843
65
97937
32
02828
37
03015
37
03218
37
03375
37
03609
37
03781
37
04312
37
04343
37
04390
37
04421
37
04468
37
04500
37
04546
37
04906
37
05093
32
05406
40
07250
73
07437
76
07531
32
07781
71
07890
73
08281
79
08921
8
09390
78
09593
79
09906
83
10343
8
10500
67
10640
67
10765
72
10984
73
11171
79
11328
32
11578
32
12562
8
13109
78
13328
79
13531
78
13750
32
13921
67
14062
222
14218
69
14484
78
14640
84
14843
82
15125
65
16296
190
16484
190
16625
190
18453
32
22140
67
22281
73
22359
32
22562
68
22671
73
22796
67
22921
79
23156
78
23343
79
23437
32
23609
67
23703
72
23859
69
23984
32
24500
80
24671
79
24781
83
24921
83
25046
73
25171
65
25265
77
25453
79
25531
32
25828
70
26265
8
26359
71
26531
73
26687
79
26843
82
26968
73
27078
82
27671
8
27828
8
27984
8
28562
73
28734
82
28906
69
29171
190
29328
190
29453
190
29703
16
29875
48
33093
32
37328
86
37453
65
37562
68
37671
65
37828
32
38140
65
38406
78
38531
78
38718
79
39000
86
39171
69
39296
82
39437
65
40031
84
40125
65
40265
32
40437
67
40593
79
40812
77
40906
69
41031
32
43281
85
43453
78
43578
65
43687
32
43906
68
43921
83
44390
8
44921
69
45203
76
45328
76
45421
69
45593
32
47562
80
47703
73
47828
85
48234
222
48953
32
49453
66
49562
69
49750
76
49859
76
49984
69
50109
32
50640
68
50828
69
52531
76
52984
32
53359
83
53515
69
53937
67
54265
79
54453
76
54609
79
54703
32
54859
68
55109
65
55234
32
55703
80
55843
79
55953
32
56109
67
56375
8
56531
8
56671
67
56906
79
57031
32
57468
73
57671
78
57875
73
58125
90
58281
73
58375
65
58656
84
58953
79
59203
190
64390
32
64578
16
64812
85
65156
78
65265
65
65375
32
65859
68
66015
69
66265
68
66750
67
66875
65
66984
32
67421
8
67546
8
67703
8
68140
73
68312
67
68562
65
68671
32
68906
80
69062
65
69281
82
69953
84
70640
73
70734
67
70843
79
71000
76
71093
65
71562
82
71703
69
71812
32
71937
65
72031
32
72609
16
72687
75
72890
65
73031
82
73125
69
73359
76
73468
32
73625
16
73718
80
73968
79
74265
66
74484
79
74718
82
75015
83
75265
75
75546
89
76828
16
76890
186
77531
32
78046
81
78156
85
78359
69
78593
83
78671
84
79000
79
80031
32
84968
83
85843
84
86000
82
86734
8
86921
8
87093
8
88187
73
88703
8
89593
77
89796
73
90062
84
90218
73
90359
67
90531
79
90640
32
91421
71
91562
73
91703
79
91843
67
92140
84
92984
8
93171
8
93765
67
94000
65
94078
84
94328
73
94468
82
94921
8
95046
8
95515
79
95625
82
95796
69
95812
87
95875
32
96515
8
96812
8
96968
32
97281
72
97375
65
97468
32
97718
73
97890
76
97937
32
98093
67
98171
79
98359
78
98531
84
98703
82
99000
65
99125
84
99250
84
99531
79
99921
32
00265
73
00531
78
00609
32
00812
83
00953
67
01046
65
01125
68
01281
69
01453
78
01703
90
01875
65
02046
190
02218
190
02390
190
02671
32
03375
16
03484
76
03796
85
03984
67
04078
73
04281
65
04343
78
04546
79
04765
188
04781
77
04843
32
05156
8
05281
8
05343
32
05875
80
06015
69
06187
78
06546
83
06828
65
07062
67
07171
73
07234
32
07593
84
07734
85
08093
16
08171
49
14640
8
14796
8
14953
8
15109
8
15281
8
15453
8
15625
8
15796
8
15984
8
16156
8
16468
8
16984
79
17250
82
17406
78
17765
8
18015
77
18093
65
18203
73
18234
32
