56560
16
56720
73
56890
78
57000
32
57270
80
57380
65
57710
83
57930
83
58040
65
58260
84
58370
79
58430
32
58650
76
59030
219
59250
85
59580
78
59690
73
59850
67
59960
79
60070
32
60180
69
60290
76
60400
69
60510
77
60620
69
60790
78
60900
84
60950
79
61010
32
61120
68
61280
69
61390
80
61500
85
61610
84
61720
65
61830
84
61940
79
62000
32
62050
65
62160
76
62330
32
62490
82
62550
65
62710
70
62870
70
62980
82
63090
69
63200
68
63370
68
63480
65
63590
77
63700
69
63810
78
63860
84
63920
79
64030
32
64080
68
64190
69
64300
73
64360
32
64470
67
64520
79
64630
77
64800
80
64850
79
64960
78
65070
69
65240
78
65350
84
65400
73
65510
32
65620
73
65730
78
65790
84
65950
69
66010
82
66120
78
66230
73
66330
32
66440
69
66660
82
66720
65
66830
32
66940
76
67050
65
67100
32
67270
86
67380
69
67430
78
67540
84
67650
79
67760
76
67870
65
67930
32
68040
68
68150
69
68260
76
68370
76
68530
219
68700
65
68810
76
68920
73
69080
77
69190
69
69300
78
69410
84
69470
65
69690
84
69800
79
69960
82
70010
69
70180
190
70340
32
70510
16
70560
79
70730
71
70840
71
71000
73
71220
32
71550
67
71610
79
71660
78
71770
32
71940
76
72270
219
72380
65
72490
85
72710
77
72820
69
72870
78
72980
84
73150
79
73260
32
73310
68
73480
69
73530
73
73590
32
73690
67
73750
79
73860
78
74020
85
74410
8
75290
83
75340
85
75620
77
75950
73
76280
32
76550
69
76660
32
76770
68
76880
69
76990
76
77100
76
77160
65
77210
32
77320
80
77430
82
77540
79
77590
68
77700
79
78140
8
78310
85
78530
90
78690
73
78750
79
78800
78
79240
69
79460
32
79630
68
79740
73
79790
32
79850
67
79960
65
80120
76
80230
79
80290
82
80400
69
80840
188
80950
32
81050
73
81220
76
81330
32
81490
82
81600
65
81770
70
81930
70
82100
82
82150
69
82320
68
82480
68
82590
65
82760
77
82810
69
83030
78
83140
84
83200
79
83250
32
83360
68
83530
69
83580
76
83910
32
84080
67
84130
65
84240
83
84350
69
84520
32
84730
16
84900
221
85060
69
85120
32
85280
69
85560
8
85830
68
85940
69
86050
73
86220
86
86380
69
86440
78
86490
84
86660
65
86770
84
86930
79
87320
8
87430
8
87650
79
87700
32
87870
85
87980
78
88250
8
88360
8
88470
8
88580
8
88960
8
89400
65
89620
84
89730
79
89730
32
89950
85
90120
78
90170
32
90390
80
90450
65
90560
82
90720
84
90780
73
90940
67
91000
79
91110
76
91160
65
91270
82
91380
69
91440
32
91550
73
91600
78
91710
32
91820
67
91930
85
92040
73
92090
32
92260
82
92370
73
92530
80
92640
79
92750
82
92920
82
93140
69
93250
32
93360
76
93470
65
93520
32
93630
77
93740
65
93850
83
94020
83
94070
73
94240
77
94290
65
94400
32
94510
65
94620
84
94730
84
94900
69
94950
78
95170
90
95280
73
95340
79
95450
78
95560
69
95670
190
95770
32
95990
16
96050
65
96210
76
96380
32
97260
68
97310
73
97420
32
97590
76
97860
16
98140
221
98410
65
98580
32
99130
68
99510
69
99730
71
00220
76
00390
73
00440
32
00610
65
00770
67
00880
67
00990
79
01100
82
01270
71
01430
73
01600
77
01650
69
01760
78
01820
84
01930
73
02040
32
02150
68
02260
69
02310
73
02420
32
03080
8
03190
8
03410
32
03680
8
03790
8
04070
73
04180
32
04340
73
04400
78
04560
83
06920
84
06980
65
07250
76
07360
76
07420
65
07580
90
07800
73
07860
79
07970
78
09780
69
10000
188
10170
32
10280
67
10390
79
10550
77
10710
69
11040
32
11260
69
11430
86
11590
73
11700
84
11810
65
12030
82
12090
69
12310
32
12470
68
12580
73
12640
32
12910
85
13240
83
13410
65
13570
82
13630
69
13680
32
13850
73
14010
32
14230
67
14280
79
14450
77
14610
85
14780
78
14830
73
15000
32
15160
67
15270
65
15440
86
15550
73
15660
32
15770
68
15880
73
15930
32
16150
84
16260
73
16430
80
16480
79
16590
32
16760
70
16920
76
16980
65
17200
84
17420
188
17530
32
17690
67
17800
72
17960
69
18180
32
18460
73
18620
77
18730
80
18840
69
19010
68
19060
73
19230
83
19340
67
19450
79
19560
78
19670
79
19780
32
19940
76
20000
65
20110
32
20220
67
20330
73
20440
82
20660
67
20930
79
21040
76
21210
65
21320
90
21430
73
21540
79
21590
78
21700
69
21810
32
21860
68
22030
69
22080
76
22250
76
22410
219
22580
65
22740
82
22960
67
23070
73
23510
8
23620
8
23840
73
25110
65
25490
188
25600
32
25650
65
25820
78
25870
67
25980
72
26200
69
26370
32
26480
73
26590
76
26700
32
26750
84
26920
69
26970
76
27140
65
27470
73
27520
79
27580
32
27740
68
27910
69
28020
86
28180
69
28290
32
28460
80
28510
82
28570
69
28790
86
28900
69
29060
68
29220
69
29390
82
29440
69
29550
32
29660
76
29770
65
29830
32
29940
80
29990
79
30160
83
30270
83
30380
73
30540
66
30650
73
30820
76
30930
73
31150
84
31260
16
31530
65
31640
32
31810
68
31920
73
32030
32
32250
73
32360
78
32520
83
32630
84
32680
65
32790
76
32900
76
32960
65
33180
82
33230
69
33400
32
33560
86
33670
69
33780
78
33890
84
33950
79
34220
76
34330
69
34880
8
35320
69
35430
32
35540
65
35710
71
35820
71
35930
73
35980
79
36310
8
36420
8
37020
73
37130
85
37300
78
37460
84
37520
73
37740
86
38230
69
38560
190
38670
32
38780
16
38840
73
39000
76
39060
32
39170
82
39280
73
39390
67
39770
73
40260
82
40430
67
40540
79
40650
76
40810
79
40920
32
41250
68
41580
69
42020
76
42190
76
42300
219
42460
65
42570
82
42850
67
42850
73
43890
8
44000
8
44220
73
44490
65
44660
32
44820
70
44990
82
45040
65
45260
32
45590
76
46140
219
46360
73
46420
78
46530
84
46690
69
46800
82
46910
78
47080
79
47130
32
47240
68
47570
8
47680
69
47790
32
47950
76
48280
219
48390
69
48610
83
48780
84
49000
69
49110
82
49330
78
49440
79
49490
32
49660
80
49770
85
50040
223
50040
16
50920
8
51250
16
51410
221
51690
79
51800
32
51960
69
52130
83
52290
83
52570
69
52950
82
52950
69
53170
32
53340
71
53560
65
53720
82
53780
65
53890
78
54000
84
54110
73
54220
84
54330
79
54380
32
54490
83
54710
79
54870
76
54980
79
55090
32
55260
68
55370
65
55530
32
55700
85
55810
78
55860
32
56030
67
56080
79
56250
82
56360
82
56470
69
56630
84
56740
84
56800
79
56910
32
57070
66
57180
73
57350
76
57460
65
57570
78
57730
67
57790
73
58060
65
58170
77
58280
69
58390
78
58500
84
58550
79
58660
32
58720
70
58880
82
58940
65
59050
32
59210
70
59320
76
59490
85
59540
83
59710
83
59820
79
59870
32
60040
68
60090
73
60150
32
60260
65
60420
82
60530
73
60750
65
60970
32
61140
69
61190
78
61300
84
61520
82
61580
65
61740
84
61850
65
61910
32
62070
69
62120
32
62290
73
62670
32
62950
73
63000
78
63110
32
63280
85
63390
83
63610
67
64270
73
64600
84
64650
65
64820
190
65530
8
65640
8
65750
8
65860
8
66350
8
66460
8
66570
8
66630
8
66740
8
66850
8
66900
8
67070
8
67560
73
67620
78
67730
32
67950
85
68110
83
68280
67
68440
73
69870
84
69920
65
70090
190
70250
32
70420
16
70470
76
70640
69
70750
32
70860
86
70970
69
71080
78
71130
84
71240
79
71350
76
71460
69
71570
32
71740
85
71850
84
71900
73
72070
76
72180
73
72400
90
72510
90
72620
65
72840
84
73000
69
73060
32
73160
68
73330
69
73550
79
73880
8
73990
8
74540
69
74700
86
74760
79
74870
78
74980
79
75140
32
75860
65
76080
86
76350
69
79700
82
79700
69
79980
32
80470
85
80580
78
80690
32
80800
68
80910
73
81020
65
81180
77
81350
69
81510
84
81680
82
81730
79
81840
32
82010
65
82230
77
82390
80
82450
73
83330
8
83820
73
83930
79
84100
32
84260
73
84640
78
84860
32
84970
77
85140
79
85250
68
85360
79
85410
32
85580
68
85690
65
85800
32
85910
80
85960
79
86130
84
86290
69
86400
82
86510
32
86620
70
86730
85
86900
78
87060
90
87230
73
87280
79
87390
78
87450
65
87610
82
87720
69
87890
32
88380
65
88540
32
88870
66
88930
65
89090
83
89260
83
89370
73
89480
32
89590
82
89700
69
89920
71
90140
73
90470
77
90960
73
91070
32
91350
80
91510
69
91620
82
91730
32
91890
76
92000
85
92170
78
92280
71
92330
79
92390
32
92550
84
92660
69
92770
77
93820
80
93930
79
94040
32
94150
83
94260
69
94420
78
94590
90
94970
65
95250
32
95790
73
95850
78
96010
67
96120
79
96290
78
96670
86
96840
69
97060
78
97170
73
97280
69
97390
78
97500
84
97550
73
97660
32
97880
73
97940
32
98650
8
98760
8
98930
68
98980
73
99090
32
99310
83
99360
79
99580
82
99860
84
00130
65
00680
188
00850
32
01010
78
01120
79
01180
78
01230
32
01510
85
02000
76
02220
84
02330
73
02440
77
02610
79
02660
32
02820
76
02930
65
02990
32
03150
82
03260
85
03430
77
03590
79
03760
82
03870
79
03980
83
04310
73
04470
84
04580
16
04800
221
05570
65
05960
190
06830
190
07770
8
07930
32
08100
16
08150
80
08370
69
08540
82
08700
32
08980
73
