09580
8
09690
82
09910
73
10130
68
10240
85
10510
82
10680
82
10950
69
11830
32
12050
76
12380
219
12490
69
12600
77
12770
73
12880
83
13040
83
13100
73
13210
79
13260
78
13540
69
13650
32
13750
83
13920
79
13970
78
14080
79
14470
82
14690
65
14800
32
14960
86
15130
69
15290
82
15460
73
15510
70
15620
73
15730
67
15840
65
16010
84
16120
69
16230
32
16340
65
16390
78
16500
67
16560
72
16670
69
16720
32
16890
67
16940
72
17050
69
17160
32
17270
76
17380
69
17430
32
17600
86
17650
73
17760
84
17870
73
18040
32
18150
67
18260
79
18310
78
18420
32
18590
67
18700
85
18810
73
18920
32
19080
76
19140
69
19250
78
19690
8
19800
32
19960
86
20130
69
20240
78
20510
84
20790
79
20950
76
21010
69
21110
32
21220
83
21280
79
21330
78
21440
79
21550
32
21660
65
21770
83
21940
83
22050
73
22160
67
22210
85
22320
82
22430
65
22540
84
22710
69
22760
32
22930
65
22980
76
23090
32
23150
84
23370
69
23480
76
23590
65
23860
73
23920
79
23970
32
24140
83
24190
79
24520
8
24690
73
24790
65
24900
78
25010
79
25120
32
25290
77
25400
79
25450
78
25560
84
25620
65
25730
84
26000
69
26170
32
26280
83
26390
85
26440
32
26610
80
26720
73
26880
67
27050
67
27100
79
27270
76
27380
73
27430
32
27540
83
27650
85
27760
80
27870
80
27980
79
29240
82
29570
84
29850
73
29960
32
30120
80
30340
76
30400
65
30510
83
30730
84
30780
73
30950
67
31000
73
31170
188
31280
32
31390
73
31500
78
31550
32
31720
77
31880
79
31940
68
32050
79
32100
32
32260
68
32370
32
32370
65
33250
8
33310
8
33470
65
33750
32
34080
82
34190
73
34300
68
34410
85
34520
82
34680
82
34790
69
34900
32
35010
76
35120
65
35180
32
35340
84
35450
82
35510
65
35670
83
35890
73
36110
77
36490
83
37980
8
39020
8
39130
8
40060
77
40230
73
40340
83
40500
83
40560
73
40670
79
40720
78
41110
69
41270
32
49020
32
49130
68
49290
69
49400
76
49460
76
49570
69
49730
32
50060
32
50340
8
50450
8
50560
8
50660
8
51210
8
51270
8
51430
8
51600
8
51930
68
52200
69
52370
76
52480
76
52530
69
52640
32
52750
86
52860
73
53690
66
53850
82
53910
65
54180
90
54400
73
54450
79
54560
78
54730
73
54840
32
55000
65
55110
76
55110
32
55330
82
55390
69
55550
83
55720
84
55830
79
55880
32
55940
68
56100
69
56210
76
56320
76
56380
65
56490
32
56600
83
56820
84
56930
82
57040
85
57150
84
57260
84
57370
85
57530
82
57590
65
57810
190
57970
32
58130
16
58240
83
58520
69
58630
32
58790
80
58960
82
59070
69
59620
86
59840
69
60000
68
60170
69
60330
84
60390
69
60500
32
60770
68
60830
73
60880
32
61050
73
61100
78
61270
83
61430
84
61540
65
61650
76
61760
76
61870
65
62090
82
62090
69
62250
32
62420
85
62580
78
62640
32
62800
69
62910
76
63020
69
63190
86
63300
65
63460
84
63570
79
63570
32
63740
78
63900
85
64070
77
64180
69
64290
82
64400
79
64450
32
64560
68
64620
73
64730
32
64840
68
64890
73
65060
83
65170
80
65220
79
65490
83
65600
73
65770
84
65880
73
65990
86
66100
73
66430
188
66590
32
66650
67
66760
79
66870
77
67030
69
67200
32
67310
68
67360
73
67470
83
67860
67
67970
72
68080
73
68130
32
68350
82
68460
73
68680
71
68850
73
69230
68
69450
73
69610
32
69780
79
69890
32
70270
16
70440
67
70770
68
70880
189
71150
16
71260
82
71430
79
71650
77
71870
32
72250
8
72580
188
72690
32
72740
65
72910
83
73130
83
73180
73
74230
67
74390
85
74500
82
74610
65
74780
84
74890
69
75110
86
75270
73
75380
32
75550
72
75660
69
75710
32
76370
8
76480
8
76590
8
76700
8
77030
32
77190
67
77300
72
77410
69
77470
32
77630
73
77740
76
77800
32
77910
84
78020
69
78130
76
78240
65
78400
73
78460
79
78510
32
78680
80
78790
79
78900
83
79010
83
79120
73
79450
69
79610
68
79720
65
79830
32
80000
80
80100
73
80320
16
80490
16
81260
16
81480
221
81750
85
82080
32
82410
68
82520
73
82580
32
82740
85
82910
78
82960
79
83130
32
83350
83
83460
76
83570
79
83730
84
83950
32
84220
68
84500
73
84550
32
84830
81
84940
85
85050
69
85160
76
85320
76
85490
73
85650
32
86040
67
86090
72
86260
69
86260
32
86420
86
86480
73
86590
32
86750
83
86810
73
87030
79
87190
78
87850
8
87960
8
88070
8
88340
79
88450
78
88560
79
88620
32
88780
78
88890
69
89060
67
89110
69
89330
83
89500
83
89660
65
90160
82
90380
73
90490
32
90600
73
90650
78
90710
32
90870
77
91040
79
91090
68
91200
79
91250
32
91420
68
91750
65
92020
32
92190
80
92300
79
92520
84
92790
69
93070
82
93950
32
94170
68
94280
73
94550
83
94880
84
95480
65
95650
78
95870
90
96030
73
96200
65
96580
82
96580
69
97190
32
97350
71
97460
76
97570
73
97680
32
97850
69
97900
76
98010
69
98120
77
98230
69
98340
78
98400
84
98500
73
98560
32
98670
69
98780
32
99110
69
99270
86
99380
73
99490
84
99600
65
99770
82
99880
69
99930
32
00040
85
00210
78
00260
32
00370
83
00540
85
00700
82
00810
82
00920
73
01090
83
01200
67
01310
65
01420
76
01580
68
02130
65
02290
77
02400
69
02510
78
02570
84
02680
79
03120
190
03280
32
03450
16
03560
85
03720
78
04160
79
04380
32
04550
68
04600
73
04710
32
04770
81
04880
85
04990
69
05210
83
05320
84
05370
73
05480
32
05650
83
05700
76
05860
79
05970
84
06080
32
06190
65
06300
71
06470
71
06580
73
06630
85
06850
78
06910
84
06960
73
07130
86
07180
73
07290
32
07460
80
07510
79
07900
84
08010
82
08120
16
08230
221
08830
65
09160
32
09490
65
09600
78
09710
67
09760
72
09870
69
09980
32
10150
83
10260
69
10370
82
10590
86
10750
73
11030
82
11250
86
11300
73
11410
32
11580
80
11740
69
11850
82
12070
32
12900
73
12950
78
13120
83
13230
84
13330
65
13390
76
13500
76
13550
65
13720
82
13770
69
13830
32
13990
85
14100
78
14210
65
14320
32
14430
86
14600
69
14650
78
14760
84
14870
79
14980
76
15150
65
15260
32
15420
70
15530
82
15640
65
15700
32
15920
85
16030
78
16140
32
16250
69
16360
76
16470
69
16580
77
16630
69
16740
78
16800
84
16910
79
16960
32
17070
69
17180
32
17450
76
17670
219
18280
65
18280
76
18500
84
18770
82
19100
79
19380
190
19600
32
19760
16
19820
65
19980
76
20200
67
20310
85
20480
78
20690
73
20970
32
21190
86
21350
69
21410
78
21570
84
21630
73
21850
76
21960
65
22120
84
22230
79
22340
82
22450
73
22510
32
22620
83
22730
79
22780
78
22890
79
22950
32
23060
68
23220
79
23390
84
23660
65
23830
84
23990
73
24050
32
24160
68
24270
73
24320
32
24480
85
24650
78
24700
32
24870
83
24920
73
25250
8
25360
8
25470
68
25580
73
25750
83
25860
80
25910
79
26350
83
26410
73
26630
84
26740
73
27180
86
28440
79
28550
32
28770
84
28880
69
29370
82
29540
77
29700
79
29810
82
29920
69
30200
71
30310
79
30470
76
30580
65
30750
84
30970
79
31080
82
31130
69
31240
32
31350
67
31460
72
31570
69
31630
32
31790
77
31900
73
32060
83
32120
85
32280
82
32340
65
32450
32
32560
76
32670
65
32720
32
32940
84
33050
69
33160
77
33270
80
33660
69
33880
82
33990
65
34150
84
34320
85
34430
82
34590
65
34700
32
34810
73
34870
78
35030
84
35200
69
35250
82
35360
78
35470
65
35580
32
35850
68
36020
69
36130
76
36240
32
36510
84
36620
69
36790
76
36900
65
37060
73
37170
79
37280
32
37450
69
37500
32
37670
86
37720
65
37940
82
38050
73
38160
65
38440
32
38600
76
38710
65
38770
32
38930
86
39090
69
39260
76
39370
79
39530
84
39700
16
40740
8
40960
67
41570
73
41790
16
42280
221
43320
8
44150
73
44530
84
44530
16
44530
221
45800
65
45910
32
46180
68
46290
69
46400
76
46510
76
46620
65
46620
32
46780
80
46950
65
47220
76
47330
69
47440
32
47550
65
47660
32
47830
83
47940
69
48100
67
48210
79
48270
78
48380
68
48430
65
48540
32
48650
68
48820
69
48930
76
49040
76
49090
69
49200
32
49310
69
49480
83
49590
73
49810
71
49920
69
50030
78
50190
90
50350
69
50460
32
50570
68
50740
69
50850
76
50900
32
51290
77
51450
79
51620
77
51780
69
51840
78
51950
84
52220
79
52720
190
52990
16
53210
32
53980
81
54250
73
54360
69
54580
83
54800
8
54910
8
55020
8
55350
85
55460
69
55680
83
55790
84
55900
65
55960
32
56180
83
56230
79
56400
76
56560
85
56730
90
56890
73
57000
79
57060
78
57170
69
57330
32
57440
80
57550
82
57660
79
57710
68
57880
85
57990
67
58100
69
58150
32
58260
85
58430
78
58430
32
58590
77
58760
73
58870
78
58980
79
59090
82
59310
69
59420
32
59580
73
59640
78
60130
81
60300
85
60350
73
60740
78
60850
65
60960
77
61070
69
61120
78
61230
84
61280
79
61340
32
61720
65
61940
67
62110
85
62330
83
62600
84
62710
73
62930
67
63210
79
63590
188
63700
32
63870
77
64030
65
64250
32
64360
68
64470
73
64580
32
64690
70
64800
65
64960
84
65070
84
65180
79
65290
32
66010
76
66170
219
66390
73
66560
82
66720
82
66830
69
67220
71
67330
79
67490
76
67550
65
67710
82
67770
73
67930
84
68040
16
68150
221
68430
65
68590
32
68810
67
68810
79
68860
78
69080
32
69850
85
70180
8
70290
67
70350
85
70510
73
70620
32
70730
83
70840
73
71060
32
71450
77
71830
65
72430
78
72600
73
72710
70
72870
69
73040
83
73200
84
73260
65
73370
32
73530
76
73700
48
73700
219
73810
69
73970
77
74140
73
74300
83
74410
83
