74580
73
74630
79
74690
78
74850
69
74960
32
75180
83
75290
79
75460
78
75570
79
75730
82
75950
65
76000
32
76170
80
76220
85
76500
16
76660
221
77100
79
77600
32
78260
82
78310
73
78530
83
78590
85
78750
76
78860
84
79030
65
79300
82
79410
69
80400
32
80840
65
80950
76
81060
76
81110
65
81220
32
81390
76
81500
85
81610
78
81770
71
81830
65
81990
32
82490
65
82600
78
82760
67
82820
79
82980
82
83090
32
83260
80
83360
73
83580
16
83860
221
84080
85
84190
32
84300
70
84350
65
84460
83
84680
84
84790
73
85070
68
85180
73
85290
79
85510
83
85620
65
85780
190
85890
32
86000
16
86060
78
86220
69
86330
76
86440
32
86610
67
86660
65
86830
83
87040
79
87100
32
87210
68
87370
69
87430
76
87540
76
87590
69
87700
32
87870
16
87980
67
88360
80
88580
85
88750
32
89020
69
89460
8
89680
16
89850
221
90010
69
90120
32
90230
73
90400
77
90510
80
90670
69
90890
82
90940
65
91050
84
91160
73
91330
86
91820
79
91990
32
92320
77
92480
79
92540
78
92650
84
92700
65
92870
82
92980
69
93030
32
93200
85
93310
78
93470
65
93580
32
93750
86
93910
69
94080
78
94240
84
94300
79
94460
76
94570
65
94620
32
94730
68
94840
73
94900
32
95010
82
95170
65
95450
70
95720
70
95890
82
96000
69
96160
68
96270
68
96440
65
96550
77
96660
69
96770
78
96880
84
96930
79
97150
190
97320
32
97430
16
97540
80
97700
69
97870
82
98030
32
98140
86
98190
65
98300
76
98410
85
98520
84
98580
65
98800
82
98850
69
98960
32
99400
71
99460
76
99620
73
99680
32
99790
69
99950
70
00060
70
00170
69
00280
84
00390
84
00500
73
00560
32
00670
68
00720
73
01000
32
01220
85
01380
78
01440
32
01710
68
01820
73
01930
83
02040
83
02200
73
02420
80
02530
65
02640
84
02860
79
02970
82
03080
69
03140
32
03250
68
03360
73
03470
32
03520
67
03630
65
03690
76
03850
79
04020
82
04070
69
04130
32
04290
66
04400
73
04570
83
04680
79
04840
71
04950
78
05010
65
05170
32
05340
70
05610
65
05770
82
05880
69
05990
32
06160
82
06270
73
06430
70
06710
69
06820
82
06930
73
07090
77
07150
69
07260
78
07310
84
07420
79
07480
32
07530
65
07640
76
07750
76
07810
65
07970
32
08080
82
08140
69
08360
83
08410
73
08800
83
08910
84
09020
69
09180
78
09400
90
09450
65
09560
32
09730
84
09840
69
10060
82
10280
77
10390
73
10500
78
11870
8
12530
67
12750
65
13080
188
13130
32
13520
8
13630
8
13790
32
13960
73
14070
78
14290
68
14340
73
14510
67
14560
65
14780
84
14890
65
15060
190
15330
32
21260
16
21370
85
21540
78
21650
32
21870
84
21980
69
22090
76
22200
65
22360
73
22470
79
22580
32
22750
69
22910
67
22970
79
23080
78
23190
79
23300
77
23460
73
23570
67
23680
79
23740
32
23840
68
23950
73
24010
32
24060
83
24170
79
24280
76
24450
73
24500
84
24670
79
24720
32
24940
16
25110
221
25220
69
25330
32
25440
80
25490
79
25770
67
25880
79
25990
32
26320
82
26430
69
26590
83
26650
73
26760
83
26920
84
26980
69
27090
78
27200
84
27250
69
27360
32
27470
65
27520
76
27630
76
27740
69
27800
32
27910
83
28020
79
28130
76
28240
76
28510
69
28680
67
28840
73
29010
84
29120
65
29340
90
29450
73
29560
79
29610
78
29670
73
29830
32
29940
77
30000
69
30160
67
30270
67
30380
65
30490
78
30600
73
30710
67
30820
72
30990
69
31200
77
31200
188
31370
32
32140
8
32250
8
32360
8
32580
188
32740
32
32960
80
33070
82
33180
69
33400
83
33460
69
33570
78
33730
84
33730
65
33950
32
34060
85
34230
78
34500
65
34610
32
34780
82
34880
85
35160
77
35320
79
35490
82
35600
73
36090
8
36310
79
36420
83
36640
84
36970
8
37360
73
37520
84
37630
16
37740
221
39330
65
41370
32
42030
80
42140
73
42410
16
42570
221
42850
85
42900
32
43010
65
43180
67
43340
67
43560
69
43670
78
43780
84
44060
85
44110
65
44280
84
44330
65
44440
32
44610
65
44880
8
44990
69
45100
32
45270
65
45540
8
45600
86
45650
65
45870
82
45920
70
45980
73
46030
32
46200
80
46250
73
46470
67
46640
67
46750
79
46860
76
47240
8
47350
8
47520
8
47630
8
47740
8
47850
8
48010
8
48120
8
48230
8
48340
8
48840
82
48890
73
49110
32
49390
80
49500
73
49710
67
49880
67
49990
79
50210
76
56470
73
56580
32
56800
67
56860
79
57130
82
57240
79
57400
76
57510
76
57620
65
57730
82
57840
73
57950
32
58010
68
58120
73
58170
32
58280
67
58390
65
58500
84
58670
84
58720
73
58830
86
58940
65
59050
32
59380
80
59550
82
59660
79
59770
71
59930
69
60100
84
60210
84
60260
65
60430
90
60540
73
60650
79
60700
78
60810
69
60920
190
61030
32
61140
16
61250
80
61250
79
61360
69
61470
82
62400
8
62570
8
62680
8
62900
69
63120
82
63170
32
63340
83
63500
67
63610
69
63890
71
64000
76
64110
73
64220
69
64710
82
64760
69
67290
32
67620
85
67790
78
67900
32
68060
84
68170
69
68330
76
68440
65
68610
73
68720
79
68770
32
69160
16
69270
221
69430
69
69490
32
69650
78
69760
69
69870
67
69980
69
70260
83
70370
83
70530
65
70700
82
71080
73
71690
79
71790
32
71900
80
72010
79
72180
84
72400
69
72510
82
72670
32
72780
68
72890
65
73060
82
73170
69
73220
32
73390
85
73500
78
73610
79
73720
32
73830
83
74160
71
74270
85
74380
65
74540
82
74760
68
74870
79
75040
32
76300
65
76460
76
76570
76
79870
65
81240
32
81460
83
81790
85
81900
79
82010
73
82070
32
82450
8
82560
8
82890
32
83050
73
83160
78
83330
84
83550
69
83600
82
83770
78
84480
79
84760
32
85030
80
85200
69
85310
82
85360
32
85640
86
85690
65
85800
76
85970
85
86080
84
86130
65
86460
82
86510
69
86620
32
86790
73
86900
76
87010
32
87280
77
87340
65
87500
84
87670
69
87780
82
87940
73
88110
65
88160
76
88270
69
88380
32
88550
67
88600
79
88660
78
88770
32
88880
67
88990
85
89100
73
89210
32
89480
16
89590
221
89760
69
89870
32
90030
82
90090
69
90250
65
90360
76
90470
73
90690
90
90740
90
90910
65
91020
84
91130
79
91350
188
91460
32
91620
76
91730
65
91790
32
91950
82
92060
73
92230
71
92280
73
92610
84
94040
8
94310
68
94420
73
94810
84
94920
16
95080
221
96570
65
97450
32
97770
84
97990
79
98100
82
98270
83
98320
73
98430
79
98490
78
98600
65
98710
76
98820
69
98930
32
99090
69
99200
32
99370
76
99480
79
99590
32
99700
83
99810
80
99920
65
00030
90
00190
73
00300
79
00410
78
00580
32
00960
8
01070
8
01180
32
01400
77
01510
69
01670
83
01780
83
01890
79
02000
32
02110
65
02220
32
02330
68
02500
73
02550
83
02720
80
02770
79
02940
83
03050
73
03210
90
03380
73
03430
79
03490
78
03760
69
03980
190
04090
32
04150
16
04260
78
04310
69
04420
76
04590
76
04640
65
04750
32
04860
77
04910
65
05080
71
05190
71
05300
73
05350
79
05570
32
06560
8
06670
82
06730
32
06950
80
07000
65
07110
82
07280
84
07390
69
07500
32
07610
68
07770
69
07830
73
07940
32
08050
67
08160
65
08210
83
08430
73
08590
32
08760
80
08810
85
09090
82
09250
84
09530
82
09640
79
09860
80
09970
80
10240
79
10680
188
10850
32
10900
65
11070
67
11180
81
11340
85
11340
73
11780
83
11950
84
12060
65
12220
82
12330
69
12380
32
12490
85
12660
78
12770
32
12880
84
12990
69
13100
76
13210
65
13370
73
13480
79
13540
32
13700
69
13980
79
14310
8
14360
221
15020
67
15130
79
15300
78
15410
79
15630
8
15740
8
15850
8
15950
8
16060
8
16170
67
16340
79
16450
78
16560
79
16720
77
16830
73
16940
67
17050
79
17110
32
22220
67
22330
79
22490
77
22710
80
22820
79
22990
82
23150
84
23260
65
23320
32
23480
65
23590
78
23640
67
23750
72
23860
69
23920
32
24080
65
24250
67
24360
67
24470
79
24630
76
24740
76
24800
65
24960
82
25070
83
25240
73
25290
32
25570
85
25730
78
25840
32
26120
65
26230
76
26390
73
26610
77
26720
69
26830
78
26940
84
27050
65
27210
84
27380
79
27490
82
27540
69
27650
32
27820
83
27980
67
28090
65
28260
68
28420
69
28530
78
28640
84
28700
69
28810
190
29030
32
30180
16
30290
76
30400
69
30510
32
30620
67
30730
65
31000
82
31060
65
31220
84
31330
84
31550
69
31660
82
31830
73
31940
83
32100
84
32210
73
32320
67
32380
72
32540
69
32600
32
32760
73
32820
78
32980
68
33090
73
33260
83
33370
80
33700
69
33860
78
34030
83
34140
65
34300
66
34460
73
34570
76
34680
73
34790
32
34900
68
35010
73
35070
32
35230
85
35340
78
35450
32
35560
84
35670
69
35780
76
35890
65
36000
73
36110
79
36170
32
36330
83
36390
79
36440
78
36550
79
36610
32
36830
76
36940
65
36990
32
37160
67
37210
79
37320
78
37540
70
37710
79
37820
82
37930
77
38580
73
38860
84
38910
16
39080
221
40950
65
41060
32
41170
65
41220
76
41390
76
41440
69
41500
32
41610
83
41720
80
41880
69
41990
67
42150
73
42260
70
42320
73
42480
67
42590
72
42700
69
42810
32
43030
16
43200
20
43420
65
43580
84
44130
88
44300
20
44900
188
45010
32
45180
76
45290
65
45450
32
45610
68
45720
73
45890
83
46000
80
46000
79
46160
78
46330
73
46490
66
46600
73
46770
76
46880
73
47100
84
47210
16
47320
221
47480
65
47590
32
55390
68
55500
73
55560
32
55780
65
55940
76
56050
76
56160
79
56330
71
56440
71
56540
73
56650
65
56760
77
56870
69
56930
78
57090
84
57150
73
57200
32
57370
80
57480
69
57530
82
57590
32
57810
20
58030
67
58250
68
58410
189
58690
82
58800
79
58960
77
59130
20
59400
32
59950
8
60170
188
60280
32
60390
77
60500
65
60880
83
61050
84
61160
69
61380
82
61490
73
61710
90
62200
90
62310
65
62420
84
62530
79
62700
82
62810
73
65280
32
69890
20
70170
68
70330
86
70500
68
70660
20
70830
190
