64507
16
65018
16
65048
16
65078
16
65118
16
65148
16
66470
16
66991
16
67021
16
67051
16
67081
16
67121
16
67151
16
67181
16
67211
16
67241
16
67281
16
67311
16
67341
16
67371
16
67412
16
67442
16
67472
16
67502
16
67542
16
67572
16
67602
16
67632
16
67672
16
67702
16
67732
16
67762
16
67792
16
67832
16
67862
16
67892
16
67922
16
67962
16
67992
16
68022
16
68052
16
68093
16
68123
16
68153
16
68183
16
68223
16
68513
16
68723
83
68924
65
69044
76
69154
86
69244
69
69384
32
69595
80
69705
82
69815
79
69925
70
70786
69
70957
83
71087
83
71217
79
71357
82
71608
32
71738
16
72048
71
72148
85
72259
78
72349
69
72519
84
72659
84
72809
73
73040
188
73180
32
73300
83
73340
79
73450
78
73510
79
73661
32
73761
85
73831
78
73971
79
74121
32
74211
83
74352
84
74462
85
74592
68
74702
69
74802
78
74902
84
74982
69
75083
32
75233
68
75333
69
75403
76
75503
32
75703
68
75764
73
75914
80
76044
65
76154
82
76324
84
76445
73
76585
77
76715
69
76795
78
76915
84
77015
79
77156
32
77246
68
77316
73
77406
32
77556
73
77656
78
77756
84
78057
8
78187
70
78257
79
78447
82
78598
77
78758
65
78998
84
79108
73
79239
67
79339
65
79439
32
79589
69
79639
32
80711
67
80801
79
80861
77
80971
69
81091
32
81251
80
81342
69
81452
78
81552
83
81652
79
81742
32
81962
84
82113
65
82223
78
82333
84
82473
73
82603
32
82724
65
82844
76
82954
84
83014
82
83144
73
83364
32
87210
8
87450
188
87791
32
88522
72
88612
79
88722
32
88882
68
88973
69
89123
67
89253
73
89383
68
89644
8
89754
83
89794
79
90074
68
90375
8
90525
32
90695
68
90775
73
90895
32
91025
80
91086
65
91166
82
91336
84
91426
69
91636
67
91747
73
91887
80
92027
65
92137
82
92237
69
92327
32
92468
65
92568
76
92678
32
92808
83
92908
85
92998
79
93108
32
93279
69
93449
83
93549
80
93649
69
93759
82
93900
73
94050
77
94220
69
94310
78
94420
84
94581
79
94791
190
95011
32
95181
16
95302
76
95432
69
95522
32
95812
70
96013
65
96213
67
96373
67
96463
73
96533
79
96834
16
96864
17
96914
37
97104
37
97365
46
98166
16
98326
78
98426
79
98536
78
98646
32
99147
83
99237
79
99558
32
99758
66
99838
69
99938
78
00048
69
00159
32
00259
67
00359
79
00449
83
00539
65
00699
32
00830
83
00950
67
01090
82
01190
73
01270
86
01390
69
01501
82
01601
69
01681
188
01811
32
01931
78
02031
79
02121
78
02222
32
02372
72
02462
79
02542
32
02692
85
02762
78
02883
32
03023
84
03123
69
03323
83
03453
84
03523
79
03604
32
03714
68
03794
73
03864
32
04014
84
04104
69
04295
8
04435
8
04585
82
04705
73
04855
70
04976
69
05126
82
05346
73
05526
77
05657
69
05727
78
05847
84
05967
79
06107
32
06227
68
06287
65
06368
76
06488
32
06568
81
06678
85
06768
65
06858
76
06998
69
07149
32
07299
80
07399
82
07469
69
07579
78
07699
68
07800
69
07920
82
08000
69
08150
32
08280
83
08531
80
08681
85
08881
78
08971
84
09051
79
09262
188
09412
32
09522
69
09582
32
09772
86
09933
73
10083
83
10213
84
10293
79
10423
32
10534
69
10604
32
10754
67
10834
79
10924
78
11014
83
11114
73
11235
68
11355
69
11565
82
11865
65
12006
84
12126
79
12236
32
12396
67
12496
72
12576
69
12627
32
12747
78
12837
79
12917
78
13017
32
13217
80
13298
79
13398
83
13528
83
13668
79
13798
32
13979
70
14119
65
14229
82
14319
69
14389
32
14529
85
14609
78
14710
32
14800
67
14890
79
15090
80
15190
73
15320
65
15411
32
15541
73
15621
78
15741
67
15791
79
15961
76
16112
76
16252
65
16552
32
16973
68
17053
73
17153
32
17243
84
17363
85
17423
84
17574
84
17674
79
17784
32
17894
81
17994
85
18104
65
18195
78
18325
84
18435
79
18675
188
18866
32
19136
77
19256
73
19376
32
19617
76
19677
73
19887
77
19987
73
20137
84
20248
79
20378
32
20538
32
20558
65
21139
8
21259
8
21429
65
21579
32
21980
83
22240
67
22371
82
22491
73
22611
86
22741
69
22871
82
22961
69
23072
32
23242
81
23322
85
23452
65
23552
76
23682
67
23793
72
23883
69
23973
32
24143
70
24283
82
24474
65
24604
83
24744
69
24854
32
25004
68
25094
73
25155
32
25445
83
25595
69
25715
78
25846
83
25946
79
26076
32
26296
67
26376
79
26466
77
26597
80
26727
73
27127
85
27368
84
27578
79
28590
32
30422
83
30512
80
30602
69
30683
82
30863
65
31033
78
31133
68
31243
79
31384
32
31524
67
31594
72
31694
69
31774
32
31904
76
32054
69
32155
32
32265
80
32375
79
32485
83
32615
83
32745
65
32876
32
32986
83
33146
69
33296
82
33477
86
33587
73
33707
82
33797
69
33957
190
34168
32
34238
16
34859
16
35369
16
35399
16
35429
16
35469
16
35499
16
35529
16
35560
16
35600
16
35630
16
35850
16
36160
70
36311
79
36441
82
36601
83
36761
69
36891
32
37212
73
37362
32
37873
77
38143
8
38223
86
38354
65
38444
82
38574
73
38694
32
38824
69
39015
82
39175
82
39315
79
39435
82
39575
73
39685
32
39906
68
40016
73
40116
32
40396
79
41588
8
41738
8
42149
32
42429
66
42530
65
42670
84
42820
84
42930
73
43060
84
43231
85
43561
82
43691
65
43821
32
43942
67
44042
72
44112
69
44242
32
44863
70
44953
65
45063
82
45614
79
46075
222
46225
32
46385
32
46565
83
46615
79
46726
78
46836
79
46976
32
47166
68
47276
79
47397
86
47507
85
47657
84
47827
73
48027
32
48178
65
48288
76
48378
32
48528
68
48608
73
48779
86
48899
69
49029
82
49189
83
49319
79
49470
32
49630
76
49800
65
49900
89
50100
79
50201
85
50371
84
50491
32
50631
68
50751
73
50811
32
50912
84
51022
65
51212
83
51352
84
51472
73
51603
69
51723
82
51893
65
52143
188
52754
32
53295
83
53385
65
53545
190
53686
190
53996
32
54116
83
54176
79
54276
78
54377
79
54507
32
54667
65
54887
66
54997
73
55148
84
55318
85
55688
65
55909
84
56019
79
56109
32
56289
65
56460
32
56610
83
56730
67
56850
82
57030
73
57401
86
57541
69
57641
82
57741
69
57781
32
57972
67
58022
79
58112
78
58242
32
58513
85
58603
78
58683
65
58853
32
59013
84
59133
65
59244
83
59444
84
59574
73
59724
69
59834
82
60035
65
60145
32
60325
73
60475
84
60576
65
60646
76
60716
73
60866
65
60996
78
61126
65
61277
16
61397
49
62118
32
62188
16
62428
86
62528
69
62689
68
62809
79
62919
32
63009
67
63099
72
63169
69
63239
32
63349
76
63520
79
63670
32
63750
83
64000
80
64131
65
64311
90
64371
73
64461
79
64571
32
64772
65
64882
32
65022
77
65122
73
65292
65
65402
32
65553
68
65633
73
65783
83
65853
80
65933
79
66154
83
66344
73
66584
90
66654
73
66724
79
66865
78
66965
69
67085
32
67325
83
67465
84
67556
65
67646
32
67786
80
67876
69
67986
82
68096
32
68307
70
68407
73
68517
78
68617
73
68777
82
68867
69
69008
188
69198
32
69969
77
70069
73
70169
32
70360
69
70840
222
71011
32
71171
32
71291
65
71401
82
71551
73
71852
8
72002
82
72102
73
72212
86
72352
65
72493
84
72623
79
72723
32
72863
85
72943
78
73033
32
73184
77
73284
69
73464
83
73664
83
73795
65
73965
71
74105
71
74175
73
74265
79
74335
32
74686
83
74766
85
74876
76
74966
32
75146
77
75227
73
75317
79
75427
32
75878
84
75968
69
76068
76
76188
69
76368
70
76448
79
76548
78
76889
79
77189
188
77410
32
77900
76
78311
8
78491
81
78591
85
78682
73
78812
78
78972
68
79052
73
79172
32
79393
70
79463
65
79593
67
79743
67
79823
73
79893
79
79993
32
80304
67
80414
72
80504
69
80594
32
80724
83
80825
65
80905
76
81025
85
81245
84
81405
65
81506
82
81736
76
81916
65
82066
32
82487
84
82557
73
82687
32
82928
8
83068
8
83178
8
83358
68
83448
73
83639
32
83759
78
83989
85
84079
79
84209
86
84310
79
84670
188
85001
32
85181
76
85291
69
85401
32
87654
65
87795
85
90018
71
90118
85
90248
82
90458
79
90749
32
93252
68
93783
16
93813
17
93943
37
94104
37
94254
37
95145
46
96237
69
96377
32
98099
67
98190
73
98340
32
98780
70
98881
65
99061
67
99211
67
99321
73
99451
65
99532
32
99642
83
99782
65
99852
80
99992
69
00112
82
00192
69
00293
32
00433
83
00573
69
00643
32
00783
76
00893
69
01004
32
01264
83
01414
69
01494
82
01705
86
01785
79
01895
78
02005
79
02145
32
02486
65
02586
76
02696
84
02776
82
02866
69
04258
32
09366
80
09566
82
09686
79
09796
86
09926
69
10067
32
10187
68
10277
69
10387
76
10477
32
10678
71
10748
69
10848
78
10958
69
11038
82
11148
69
11288
16
11469
49
12350
9
