80409
16
80689
73
81741
78
81921
78
82091
65
82782
78
82993
90
83183
73
83373
32
84425
84
84615
85
85276
84
85456
84
85596
79
85757
32
87820
69
87960
222
88200
32
88971
77
89141
79
89382
76
90023
84
90163
79
90323
32
90594
67
90754
79
91084
77
91345
80
91575
76
91805
73
92306
67
92426
65
92927
84
93077
79
93217
32
93488
82
94139
73
94619
69
94840
77
95380
80
95641
73
96111
82
96282
69
96382
32
97594
81
97724
85
98034
69
98465
83
98635
84
98765
65
98925
32
99967
70
00107
79
00458
82
01039
77
02971
190
05205
32
05555
16
05755
80
06687
82
06847
73
07097
77
07267
77
07798
8
08579
79
08740
32
09831
80
09971
69
10202
82
10943
67
11103
72
13466
69
13907
222
14838
32
17592
32
17883
69
18113
222
18554
32
19725
78
19896
79
19906
73
20406
8
20617
8
21037
8
21228
32
22369
78
22690
79
22920
73
23220
79
23701
83
23851
79
24002
32
24552
83
24673
79
25374
70
25534
70
25654
79
26175
82
26986
77
27226
65
28929
8
29129
8
29329
8
29770
8
30471
69
30701
82
31152
77
31332
65
32043
82
32344
83
32614
73
32774
32
33245
65
33255
83
33876
8
34146
32
35218
83
35468
67
35849
82
36079
73
36630
86
36740
69
36940
82
37130
69
37341
32
37912
67
38042
79
38232
83
38783
69
38983
32
39454
80
39674
79
40115
67
40275
79
40405
32
40846
73
41066
78
41417
84
41557
69
41697
82
42007
69
42388
83
42578
83
42769
65
43089
78
43460
84
43890
79
44631
8
45282
73
46203
188
46354
32
47265
83
47495
69
47896
67
48076
79
48337
78
48887
68
49008
79
49148
32
49759
80
49909
69
50139
82
50900
67
51271
72
52933
69
53113
222
53374
32
54385
78
54535
79
54776
78
55397
8
55547
8
55697
8
55978
32
57039
78
57169
79
57400
78
57700
32
58221
83
58381
79
58581
32
59122
67
59322
72
59813
69
59993
32
61515
69
62056
83
62277
80
62467
69
62727
82
62998
73
63198
77
63358
69
63789
78
64159
84
64299
79
64460
32
64780
83
65001
84
65131
65
65531
73
65702
32
67524
70
67644
65
68055
67
68225
69
68616
78
69066
68
69187
79
71300
188
71450
32
72271
84
72401
69
72511
82
73042
90
73222
79
73373
32
73873
80
74074
69
74284
82
75375
67
75566
72
77098
69
77258
222
77619
32
79001
82
79161
73
79341
69
79712
77
80002
80
80272
73
80713
82
80863
69
81054
32
82826
37
83327
37
83357
37
83387
37
83417
37
83447
37
83477
37
83507
37
83537
37
83938
32
84118
39
84619
39
84649
39
84679
39
84709
39
84739
39
84779
39
85049
39
85280
32
86261
81
86431
85
86612
69
87082
83
87573
84
87713
65
87853
32
88705
70
88835
79
89155
82
89335
77
89766
32
90627
82
90828
73
91959
67
92069
72
92280
73
92460
69
92851
68
93021
69
93171
32
93632
85
94182
78
94343
32
95104
69
95304
76
95534
69
96015
66
96376
8
96726
86
96836
65
97097
84
97567
79
97718
32
98178
77
98549
8
99230
78
99390
85
00141
77
00281
69
00482
82
00952
79
01122
32
01493
68
01633
73
01813
32
02134
67
02284
65
02404
82
02655
65
03085
84
03225
84
03356
69
03476
82
03997
73
06630
190
06831
32
24035
16
24186
76
24967
222
25568
85
25738
78
25898
73
26639
67
27030
65
27550
32
28752
8
28932
8
29093
8
29253
8
29403
8
29764
8
31296
222
31566
32
32377
85
32548
78
32728
73
33179
67
33299
65
33429
32
33769
67
33910
79
34090
83
34500
65
34691
32
35111
73
35312
78
35692
84
35822
69
36213
76
36373
76
36573
73
37174
71
37304
69
37475
78
37825
84
38036
69
38216
32
38536
67
38997
72
39117
69
39257
32
39808
77
39948
73
40098
32
40469
86
40619
73
40860
69
41190
78
41320
69
41480
32
42141
68
42252
65
42452
32
42652
83
42893
67
43243
82
43423
73
44134
86
44264
69
44415
82
44555
69
44825
32
48801
83
48961
79
49162
78
49332
79
49722
32
52086
76
52196
69
52316
32
52546
80
52987
65
53338
82
53688
79
53878
76
54008
69
54189
32
55380
80
55601
73
57654
85
57754
222
58104
32
58966
68
59086
73
59627
70
59787
70
60007
69
60378
8
60638
73
61059
67
61219
73
61389
76
61589
73
61750
32
62180
67
62511
72
62651
69
62781
32
63072
67
63222
79
63472
78
63712
79
64083
83
64343
67
64504
79
64654
32
64964
69
65145
32
65655
84
65815
82
66136
79
66537
86
66707
65
66817
82
67147
69
67318
32
68279
85
68419
78
68559
65
68700
32
69240
83
69401
80
69671
73
69981
69
69991
82
70522
8
70692
8
70873
8
71043
8
71243
8
71454
8
71644
8
71854
8
72094
8
76992
81
77122
85
77262
65
77542
76
78003
67
78133
79
78353
83
78614
65
78794
32
79535
67
79665
72
79826
69
80006
32
81238
68
81338
65
82019
78
82169
78
82309
69
82720
71
82860
71
83281
73
83461
32
84162
73
84522
82
84673
82
84793
69
85444
80
85594
65
86085
82
86225
65
86746
66
86956
73
87216
76
87637
77
87797
69
88037
78
88408
84
88538
69
88678
32
89089
73
89289
76
89449
32
89850
84
89980
85
90281
79
90461
32
90811
69
91422
83
91552
80
91743
69
92023
82
92284
73
92504
77
92724
69
93415
78
93655
84
93846
79
95809
190
96049
32
02278
37
02769
37
02799
37
02829
37
02869
37
02899
37
02929
37
02959
37
02989
37
03019
37
03049
37
03089
37
03119
37
03149
37
03179
37
03209
37
03239
37
03269
37
03299
37
03339
37
03369
37
03400
37
03430
37
03460
37
03490
37
03530
37
04171
37
04451
37
04751
37
05082
37
05332
37
05883
37
06624
39
07115
39
07145
39
07175
39
07215
39
07245
39
07275
39
07305
39
07335
39
07365
39
07395
39
07786
38
08156
37
08367
37
08517
37
08687
37
08867
37
09048
37
09338
32
09659
39
10009
40
10259
39
10760
39
10790
39
10820
39
10850
39
10880
39
10910
39
10950
39
10980
39
11010
39
11040
39
11071
39
11101
39
11131
39
11161
39
11201
39
11231
39
11261
39
11291
39
11321
39
11351
39
11381
39
11411
39
11451
39
11591
39
12022
32
12392
37
19012
16
19483
78
19873
79
20073
78
20264
32
20694
83
20855
79
21005
32
25341
80
25672
73
26322
85
27003
222
27264
32
27855
67
27985
79
28145
83
28395
65
28586
32
29147
83
29367
67
29918
82
30058
73
30669
86
30799
69
31009
82
31149
69
32351
188
32491
32
32912
80
33082
79
33533
82
33923
8
34324
84
34514
82
34674
69
34985
73
35135
32
36457
76
36647
65
36878
83
37118
67
37328
73
37489
65
37799
82
37939
69
38049
32
38780
81
38951
85
39151
69
39562
83
40002
84
40122
79
40273
32
40733
70
40843
79
41094
82
41464
77
41665
32
42746
73
42956
78
44489
8
44979
8
45009
8
45039
8
45079
8
45109
8
45140
8
45170
8
45200
8
45230
8
45260
8
46411
83
46532
84
46632
65
46802
32
47623
70
47803
79
48384
82
48534
77
48685
32
49075
73
49255
78
49676
67
49846
79
50157
77
50407
80
51018
76
51188
69
51539
84
51699
65
51839
32
52500
69
52670
32
54603
82
54733
69
55264
78
55565
68
55755
69
55985
82
56135
69
56296
32
56716
86
56826
65
57307
78
57768
79
58138
32
59130
84
59270
85
59430
84
59590
84
59751
79
60021
32
60812
67
61002
73
61203
79
61743
8
62735
79
63035
222
63436
32
66060
32
66670
67
66781
72
66941
69
67101
32
68213
72
68343
79
68503
32
69074
83
69304
67
69605
82
69875
73
70186
84
70366
84
70506
79
70666
32
71157
80
71447
82
71638
69
72168
67
72369
69
73080
68
73210
69
73821
78
74161
84
74281
69
75002
77
75183
69
75543
78
76004
84
76134
69
76284
32
91757
8
92007
188
92207
32
93459
8
94881
70
94981
65
95262
67
95402
69
95752
78
96233
68
96453
79
96884
84
97024
73
97154
32
97665
83
97955
80
98126
69
98616
8
98777
82
98947
69
99698
83
00028
67
00469
65
01430
8
01641
8
01781
8
02973
67
03103
65
03323
82
03493
69
03624
32
04665
85
04795
78
04976
32
05546
80
05737
79
06498
222
06668
32
07169
68
07299
73
07449
32
07910
84
08050
69
08370
77
08761
80
08991
79
09142
32
10574
68
11315
85
12256
8
12747
8
12777
8
12817
8
12847
8
12877
8
12907
8
12937
8
12967
8
12997
8
13037
8
13067
8
13097
8
14119
79
15160
222
15330
32
15901
68
16082
69
16412
76
16602
32
17574
84
17704
85
17974
79
18755
32
19917
84
20077
69
20438
77
20668
80
20878
79
21860
190
22941
32
28309
37
28800
37
28830
37
28860
37
28900
37
28930
37
28960
37
28990
37
29020
37
29200
37
29371
37
29531
37
29801
37
29972
37
30132
37
30733
32
31474
38
31664
39
32155
39
32195
39
32225
39
32255
39
32285
39
32315
39
32345
39
32375
39
32415
39
32445
39
32475
39
32505
39
32535
39
32565
39
32595
39
32625
39
32665
39
32695
39
32725
39
32756
39
32786
39
32816
39
32846
39
32876
39
32916
39
32946
39
32976
39
33006
39
33036
39
33066
39
33096
39
33136
39
33166
39
33196
39
33226
39
33256
39
33286
39
33316
39
33346
39
34017
37
34528
37
35149
32
36040
38
36210
39
36701
39
36741
39
36771
39
36801
39
36831
39
36861
39
36891
39
36922
39
36952
39
36992
39
37022
39
37052
39
37202
38
37522
39
38153
32
38524
40
38814
40
38974
40
39135
40
40567
37
40737
37
41378
37
42139
32
42910
16
43140
83
43391
69
43962
67
44062
79
44312
78
44793
68
44943
79
45093
32
45284
77
45924
8
46275
76
46395
69
46525
32
46906
77
47056
73
47186
65
47427
32
47867
79
48058
80
48578
73
48989
78
49179
73
51923
37
52424
37
52454
37
52484
37
52514
37
52544
37
52574
37
52604
37
52634
37
52965
37
53435
8
53565
65
54046
39
54537
39
54567
39
54597
39
54627
39
54667
39
54697
39
54727
39
54757
39
54937
39
55919
79
56530
78
56730
69
57171
32
58713
83
58873
79
59083
76
59254
79
59414
32
60135
80
60375
79
60896
67
61146
72
61387
73
61707
83
61907
83
62108
73
62388
77
62739
69
63009
32
63650
219
64421
8
65252
80
65372
69
65583
82
65963
83
66154
79
66534
78
66674
69
66804
32
67966
65
68166
68
68407
69
68877
82
69148
73
69719
82
69879
65
70320
78
70480
78
70650
79
70850
32
71061
65
71471
76
71641
76
71822
65
72012
32
72743
84
72873
85
73985
8
74145
8
74646
8
74846
8
75116
8
75447
32
76118
84
76358
85
76538
79
76689
32
77179
69
77560
83
77870
80
78111
69
78321
82
78672
73
79122
77
79262
69
79533
78
80084
84
80244
79
85541
190
86723
32
87775
16
88275
16
88305
16
88335
16
88365
16
88396
16
88426
16
88466
16
88496
16
88526
16
88556
16
88586
16
88616
16
88646
16
88676
16
88716
16
88746
16
88776
16
88806
16
88836
16
88866
16
88896
16
88926
16
88966
16
88996
16
89026
16
89056
16
89087
16
89117
16
89157
16
89187
16
89217
16
89247
16
89277
16
89307
16
89337
16
89367
16
89407
16
89437
16
89467
16
89497
16
89527
16
89557
16
89587
16
89617
16
89657
16
89687
16
89717
16
89747
16
89778
16
89808
16
89838
16
89878
16
89908
16
89938
16
89968
16
89998
16
90028
16
90058
16
90098
16
90128
16
90158
16
90188
16
90218
16
90248
16
90278
16
90308
16
90348
16
90378
16
90408
16
90438
16
90469
16
90499
16
90529
16
90559
16
90599
16
90629
16
90659
16
90689
16
90719
16
90749
16
90779
16
90819
16
90849
16
90879
16
90909
65
91400
68
91600
69
91861
83
92041
83
92181
79
92331
32
92732
66
92862
65
93132
83
93463
84
93593
65
93703
32
94214
83
94454
67
94715
82
94955
73
95676
86
95796
69
95986
82
96177
69
96367
32
97168
68
97308
79
98230
86
98430
82
98560
69
98951
73
99091
32
01645
81
01805
85
02155
65
02496
83
02836
73
03047
32
03848
65
04248
86
04429
69
04569
82
04819
32
06972
70
07152
73
07874
8
08054
8
08675
84
08775
69
08915
82
09456
77
09606
73
09846
78
10037
65
10517
84
10678
79
10838
32
11068
76
11819
8
12560
84
12710
85
12871
85
13361
8
13512
84
13902
84
14273
79
14433
32
14593
76
14904
79
15154
32
15935
83
16296
80
16456
65
16886
90
17047
73
17217
79
17407
32
17638
65
17798
32
17998
77
18218
69
18669
32
19210
68
19330
73
19670
83
20021
80
20211
79
20632
78
20822
73
21333
66
21473
73
21874
76
22885
69
25148
190
28273
81
28473
81
28643
81
28824
81
28984
81
29144
81
29394
81
29555
81
30055
81
30085
81
30116
81
30146
81
30176
81
30206
81
30236
81
30276
81
30306
81
30336
81
30366
81
30396
81
30426
81
30456
81
30486
81
30526
81
30556
81
30586
81
30616
81
30646
81
30676
81
30706
81
30746
81
30776
81
30807
81
30837
81
30867
81
30897
81
30927
81
30957
81
30997
81
31027
81
31057
81
31087
81
31117
81
31147
81
31177
81
31207
81
31247
81
31277
81
31307
81
31337
81
31367
81
31397
81
31427
81
31467
81
31497
81
31528
81
31558
81
31588
81
31618
81
31648
81
31688
81
31718
81
31748
81
31778
81
31808
81
31838
81
31868
81
31898
81
31938
81
31968
81
31998
81
32028
81
32058
81
32088
81
32118
81
32148
81
32188
81
32219
81
32249
81
32279
81
32309
81
32339
81
32369
81
32409
81
32439
81
32469
81
32499
81
32529
81
32559
81
32589
81
32629
81
32659
81
32689
81
32719
81
32749
81
32779
81
32809
81
32839
81
32879
81
32910
81
32940
81
32970
81
33000
81
33030
81
33060
81
33090
81
33130
81
33160
81
33190
81
33220
81
33250
81
33280
81
33320
81
33350
81
33380
81
33410
81
33440
81
33470
81
33500
81
33530
81
33570
81
33601
81
33631
81
33661
81
33691
81
33721
81
33751
81
33781
81
33821
81
33851
81
33881
81
33911
81
33941
81
33971
81
34001
81
34041
81
34071
81
34101
81
34131
81
34161
81
34191
81
34221
81
34251
81
34292
81
34322
81
34352
81
34382
81
34412
81
34442
81
34472
81
34502
81
34542
81
34572
81
34602
81
34632
81
35994
8
36485
8
36515
8
36545
8
36585
8
36615
8
36645
8
36675
8
36705
8
36735
8
36765
8
36805
8
36835
8
36865
8
36895
8
36925
8
36955
8
36985
8
37025
8
37055
8
37086
8
37116
8
37146
8
37176
8
37206
8
37236
8
37276
8
37306
8
37336
8
37366
8
37396
8
37426
8
37456
8
37496
8
37526
8
37556
8
37586
8
37616
8
37646
8
37676
8
37716
8
37746
8
37777
8
37807
8
37837
8
37867
8
37897
8
37927
8
37967
8
37997
8
38027
8
38057
8
38087
8
38117
8
38147
8
38177
8
38217
8
38247
8
38277
8
38307
8
38337
8
38367
8
38397
8
38427
8
38468
8
38498
8
38528
8
38558
8
38588
8
38618
8
38648
8
38688
8
38718
8
38748
8
38778
8
38808
8
38838
8
38868
8
38908
8
38938
8
38968
8
38998
8
39028
8
39058
8
39088
8
39118
8
39159
8
39189
8
39219
8
39249
8
39279
8
39309
8
39339
8
39379
8
39409
8
39439
8
39469
8
39499
8
39529
8
39559
8
39599
8
39629
8
39659
8
39689
8
39719
8
39749
8
39779
8
39809
8
39850
8
39880
8
39910
8
39940
8
39970
8
40000
8
40030
8
40070
8
40100
8
40130
8
40160
8
40190
8
40220
8
40250
8
40290
8
40320
8
40350
8
40380
8
40410
8
40440
8
40470
8
40500
8
40530
8
40571
8
40601
8
40631
8
40661
8
40691
8
40721
8
40751
8
40781
8
40821
8
40851
8
40881
8
40911
8
40941
8
40971
8
41001
8
41041
8
41071
8
41101
8
41131
8
41161
8
41191
8
41221
8
41262
8
42433
8
47801
13
48292
13
48332
13
48362
13
48392
13
48422
13
48452
13
48482
13
48512
13
48542
13
48582
13
48612
13
48642
13
48672
13
48702
13
48732
13
48762
13
48802
13
48832
13
48862
13
48893
13
48923
13
48953
13
48983
13
49013
13
49053
13
49083
13
49113
13
49143
13
49173
13
49203
13
49233
13
49273
13
49303
13
49333
13
49363
13
49393
13
49423
13
49453
13
49493
13
49523
13
49553
13
49584
13
49614
13
49644
13
49674
13
49704
13
49744
13
49774
13
49804
13
49834
13
49864
13
49894
13
49924
13
49964
13
49994
13
50024
13
50054
13
50084
13
50114
13
50144
13
50184
13
50214
13
50244
13
50274
13
50305
13
50335
13
50365
13
50395
13
50435
13
50465
13
50495
13
50525
13
50555
13
50585
13
50615
13
50645
13
50685
13
50715
13
50745
13
50775
13
50805
13
50835
13
50865
13
50895
13
50935
13
50965
13
50996
13
51026
13
51056
13
51086
13
51116
13
51156
13
51186
13
51216
13
51246
13
51276
13
51306
13
51336
13
51376
13
51406
13
51436
13
51466
13
51496
13
51526
13
51556
13
51586
13
51626
13
51656
13
51687
13
51717
13
51747
13
51777
13
51807
13
51847
13
51877
13
51907
13
51937
13
51967
13
51997
13
52027
13
52067
13
52097
13
52127
13
52157
13
52187
13
52217
13
52247
13
52277
13
52317
13
52347
13
52378
13
52408
13
52438
13
52468
13
52498
13
52538
13
52568
13
52598
13
52628
13
52658
13
52688
13
52718
13
52748
13
52788
13
52818
13
52848
13
52878
13
52908
13
52938
13
52968
13
52998
13
53038
13
53069
13
53099
13
53129
13
53159
13
53189
13
53219
13
53249
13
53289
13
53319
13
53349
13
53379
13
53409
13
53439
13
53469
13
53509
13
53539
13
53569
13
53599
13
53629
13
53659
13
53689
13
53729
13
53760
13
53790
13
53820
13
53850
13
53880
13
53910
13
53940
13
53980
13
54010
13
54040
13
54070
13
54100
13
54130
13
54160
13
54200
13
54230
13
54260
13
54290
13
54320
13
54350
13
54380
13
54420
13
54451
13
54481
13
54511
13
54541
13
54571
13
54601
13
54631
13
54671
13
54701
13
54731
13
54761
13
54791
13
54821
13
54851
13
54891
13
54921
13
54951
13
54981
13
55011
13
55041
13
55071
13
55101
13
55141
13
55172
13
55202
13
55232
13
55262
13
55292
13
55322
13
55362
13
55392
13
55422
13
55452
13
55482
13
55512
13
55542
13
55572
13
55612
13
55642
13
55672
13
55702
13
55732
13
55762
13
55792
13
55832
13
55863
13
55893
13
55923
13
55953
13
55983
13
56013
13
56043
13
56083
13
56113
13
56143
13
56173
13
56203
13
56233
13
56263
13
56303
13
56333
13
56363
13
56393
13
56423
13
56453
13
56483
13
56513
13
56554
13
56584
13
56614
13
56644
13
56674
13
56704
13
56744
13
56774
13
56804
13
56834
13
56864
13
56894
13
56924
13
56964
13
56994
13
57024
13
57054
13
57084
13
57114
13
57154
13
57184
13
57214
13
57245
13
57275
13
57305
13
57345
13
57375
13
57405
13
57435
13
57465
13
57495
13
57525
13
57565
13
57595
13
57625
13
57655
13
57685
13
57715
13
57745
13
57775
13
57815
13
57845
13
57875
13
57905
13
57936
13
57966
13
58006
13
58036
13
58066
13
58096
13
58126
13
58156
13
58196
13
58226
13
58256
13
58286
13
58316
13
58346
13
58386
13
58416
13
58446
13
58476
13
58506
13
58536
13
58576
13
58606
13
58637
13
58667
13
58697
13
58727
13
58767
13
58797
13
58827
13
58857
13
58887
13
58927
13
58957
13
58987
13
59017
13
59047
13
59077
13
59117
13
59147
13
59177
13
59207
13
59237
13
59277
13
59307
13
59338
13
59368
13
59398
13
59438
13
59468
13
59498
13
59528
13
59558
13
59598
13
59628
13
59658
13
59688
13
59728
13
59758
13
59788
13
59818
13
59858
13
59888
13
59918
13
59948
13
59978
13
60008
13
60049
13
60079
13
60109
13
60139
13
60169
13
60199
13
60229
13
60269
13
60299
13
60329
13
60359
13
60389
13
60419
13
60459
13
60489
13
60519
13
60549
13
60589
13
60619
13
60649
13
60679
13
60710
13
60750
13
60780
13
60810
13
60840
13
60880
13
60910
13
60940
13
60980
13
61441
38
61931
40
62452
13
62953
13
62983
13
63023
13
63053
13
63083
13
63113
13
63153
13
63183
13
63213
13
63243
13
63273
13
63313
13
63343
13
63373
13
63403
13
63433
13
63473
13
63504
13
63534
13
63564
13
63604
13
63634
13
63664
13
64004
8
64505
8
64535
8
64565
8
64605
8
64635
8
64655
8
64695
8
64725
8
64755
8
64785
8
65957
65
66458
65
66488
65
66518
65
66548
65
66578
65
66608
65
66648
65
66678
65
66708
65
66738
65
66768
65
66798
65
66828
65
66868
65
66898
65
66928
65
66958
65
66989
65
67019
65
67059
65
67099
65
67139
65
67169
65
67189
65
67219
65
67239
65
67269
65
67299
65
67339
65
67369
65
67409
65
67439
65
67479
65
67509
65
67539
65
67559
65
67599
65
67629
65
67670
65
67710
65
67740
65
67770
65
67800
65
67840
65
67870
65
67900
65
67930
65
67960
65
67990
65
68020
65
68060
65
68090
65
68120
65
68150
65
68180
65
68210
65
68240
65
68280
65
68310
65
68340
65
68371
65
68401
65
68431
65
68471
65
68501
65
68531
65
68561
65
68591
65
68621
65
68651
65
68681
65
68711
65
68751
65
68781
65
68811
65
68841
65
68871
65
68901
65
68931
65
68971
65
69001
65
69031
65
69062
65
69092
65
69122
65
69152
65
69182
65
69212
65
69252
65
69282
65
69312
65
69342
65
69372
65
69402
65
69432
65
69472
65
69502
65
69532
65
69562
65
69592
65
69622
65
69652
65
83152
8
83652
8
83683
8
83713
8
83743
8
83783
8
83813
8
83843
8
83873
8
83903
8
83933
8
84023
8
84524
8
84564
8
84594
8
84624
8
84654
8
84684
8
84714
8
84744
8
84774
8
84814
8
84844
8
84874
8
84904
8
84934
8
84964
8
84994
8
85024
8
85065
8
85095
8
85125
8
85155
8
85185
8
85215
8
85245
8
85275
8
85315
8
85345
8
85375
8
85405
8
85435
8
85465
8
85495
8
85525
8
85555
8
85595
8
85625
8
85655
8
85685
8
85715
8
85756
8
85786
8
85816
8
85846
8
85876
8
85906
8
85936
8
85966
8
85996
8
86036
8
92866
8
93487
8
94899
190
