72432
16
72742
65
72932
72
73463
188
73653
32
75206
68
75356
85
75736
78
76077
81
76197
85
76537
69
76848
190
76998
190
77188
32
77379
70
77489
65
77719
84
77799
69
78000
77
78310
73
78570
32
78811
82
78931
73
79081
67
79231
79
79382
82
79692
68
79732
65
79962
82
80002
69
80493
190
80643
190
80834
32
81024
76
81555
222
83608
32
85500
85
85761
76
86332
84
86412
73
86642
77
86942
79
87343
32
87683
70
87734
73
88034
76
88304
77
88615
67
89596
8
89897
32
90127
67
90247
72
90357
69
90518
32
90708
72
90928
79
91349
32
91619
86
91769
73
91960
83
92300
84
92380
79
96286
32
00963
32
03046
8
03466
8
04027
32
04257
32
04718
8
43524
40
45797
40
46378
39
47520
35
62481
8
62972
188
63162
32
63392
77
63653
65
64304
78
64454
78
64684
65
64955
71
65105
71
65255
73
65445
65
65826
188
65906
32
66106
76
66266
65
66487
77
67328
8
67628
32
67859
77
68009
69
68169
78
68810
8
69721
77
69982
79
70182
84
70302
73
70452
65
70683
32
71133
8
71294
8
71444
8
71674
8
72355
82
72505
73
72626
65
72776
32
73046
78
73236
79
73387
78
73507
32
73887
77
74188
73
75850
32
77332
86
77523
73
77673
69
77863
78
78023
69
78134
32
78364
73
78634
78
78704
32
79656
65
79816
73
80036
85
80387
84
80497
79
81028
190
81298
190
81679
190
11441
32
11672
77
11862
65
11982
72
12363
188
12473
32
13064
70
13214
79
13404
82
13755
83
15267
69
15838
32
16669
222
16779
69
17550
32
18912
73
19633
8
20384
80
20615
82
20775
79
20925
80
21075
82
21266
73
21346
79
21466
32
21696
73
21957
76
22377
32
22798
70
22878
73
23178
76
23439
77
23629
32
23859
68
23979
73
24090
32
24280
16
24510
76
25121
8
25271
16
25422
65
26113
76
26373
77
26603
79
26834
68
27294
79
27565
86
27635
65
27975
82
28636
188
29167
32
29297
16
29487
80
29688
65
29908
82
30028
76
30218
65
30339
32
30559
67
30649
79
30949
78
31140
32
31380
16
31540
76
31991
69
32111
73
87030
188
87140
32
87411
65
87571
78
88472
90
88562
73
89163
32
89394
78
89584
79
89884
188
90034
32
90225
79
90415
82
90495
65
90765
32
91146
82
91226
73
91787
67
91907
79
92137
82
92408
68
92528
79
93429
16
93810
49
94230
32
94341
16
94571
68
94801
82
94881
65
95182
71
95262
79
95562
78
95763
16
96233
16
96273
16
96283
70
96394
76
96774
89
97235
188
97645
32
98487
73
98747
76
98907
32
99097
83
99218
69
99698
71
99788
78
00049
79
00119
32
00239
68
00429
69
00590
76
00700
76
00850
65
01080
32
01231
16
01381
76
01611
73
02142
66
02412
69
02603
76
02753
76
02903
65
03103
16
03404
49
03594
49
03824
32
04055
77
04245
65
04395
32
04856
8
05046
8
05216
8
05407
16
05707
77
05907
65
06098
77
06288
77
06438
65
07159
32
07389
77
07620
73
08411
65
08982
32
09172
67
09322
72
09482
69
09633
32
09763
70
09883
73
10143
76
10424
77
10844
32
11245
84
11275
82
11696
83
12236
84
12306
69
13568
8
13759
8
14209
8
14700
73
14970
83
15311
84
15351
69
15661
16
15882
49
16192
32
16422
80
16573
69
16883
82
17784
222
17975
79
18435
32
18696
67
18776
65
19006
82
19126
73
19387
78
19617
79
20789
188
20909
32
21099
65
21249
78
21900
90
21980
73
22241
32
22391
67
22511
79
22741
78
22862
32
23202
85
23463
78
23543
32
23773
66
23923
69
24073
76
24274
32
24955
70
25035
73
25265
78
25385
65
25535
76
25956
69
26146
188
26447
32
30993
67
31083
79
31344
77
31494
69
31614
32
31805
68
31935
73
32345
69
32726
8
33637
67
33757
69
33948
86
34018
65
34268
32
34548
76
34779
32
34929
65
35239
8
35430
8
35660
65
35830
32
36061
77
36251
73
36441
65
36671
32
36862
73
37092
78
37252
83
37473
69
37663
71
37783
78
37903
65
38284
78
38434
84
38514
69
38704
32
38895
68
39045
73
39215
32
39556
82
39596
69
39936
67
40096
73
40327
84
40437
65
40858
90
40978
73
41058
79
41278
78
41438
69
41589
188
41719
32
41949
78
42099
79
42209
78
42330
32
42710
73
42941
77
43181
80
43251
79
43541
82
43802
84
43882
65
44282
32
44513
67
44583
79
44893
83
44933
65
45164
32
45314
77
45464
69
45664
84
45825
84
45905
73
46315
65
46586
84
46656
69
46926
32
47177
73
47517
78
47577
32
47767
83
47808
69
48378
8
48719
8
49400
83
49600
67
49750
69
50171
71
50291
78
50441
65
50632
188
50972
32
51162
77
51843
8
52454
8
52675
8
52905
8
53095
8
53325
8
54016
78
54177
65
54517
188
54647
32
54988
66
55338
65
55639
83
55869
84
55949
65
56250
32
56480
67
56600
72
56720
69
56841
32
57031
65
57311
66
57461
66
57612
73
57772
65
57842
32
58072
85
58343
78
58453
32
59104
66
59254
69
59444
76
59675
32
59795
70
59945
73
60436
78
60626
65
60746
76
60936
69
61167
32
61317
69
61467
32
61697
76
61888
65
62008
32
62308
71
62348
69
62539
78
62659
84
62739
69
62929
32
63120
65
63350
80
63480
80
63650
82
63690
69
64071
90
64221
90
64492
69
64682
82
65022
222
65253
65
65593
16
65894
49
66394
32
66544
16
66735
66
66965
72
67686
8
68938
69
68968
72
69369
188
69439
32
69719
73
69949
78
70480
83
70670
79
70901
77
71051
77
71211
65
71762
32
71952
83
72263
84
72413
79
72563
32
72944
70
73034
73
73304
76
73615
77
75507
32
75808
69
75918
82
76078
65
76499
32
76689
68
76759
69
76989
76
77110
76
77340
79
77450
32
77680
83
78021
84
78061
69
78331
83
78492
83
78582
79
78692
32
79052
82
79092
69
79323
71
79433
73
79593
83
80004
65
80014
84
80655
8
80805
8
80965
84
81075
65
81416
32
81766
68
81917
73
82027
32
82888
8
83078
8
83569
69
83719
32
83829
16
83990
73
84200
76
84310
32
84460
16
84620
83
84851
69
85071
83
85341
84
85432
79
85582
32
85702
16
85812
83
86083
69
86383
78
86653
83
86804
79
87374
32
87535
16
87905
56
88526
8
88987
16
89467
16
89497
16
89528
16
89558
16
89598
16
89628
16
89658
16
89688
16
89728
16
89758
16
89788
16
89828
16
89858
16
89888
16
89918
16
89958
16
89988
16
90018
16
90048
16
90088
16
90118
16
90148
16
90178
16
90218
16
90249
16
90249
57
90449
67
90579
72
90699
69
90849
32
90970
73
91120
79
91330
32
91781
72
92011
79
92121
32
92352
86
92432
73
92582
83
93113
84
93203
79
93573
16
94054
16
94084
16
94114
16
94154
16
94184
16
94214
16
94234
48
00864
32
01064
69
01144
32
01294
65
01365
78
01525
67
01645
72
01835
69
02366
32
02556
81
02676
85
02787
65
02977
32
03317
83
03438
73
03518
32
03748
80
03858
65
04048
82
04169
76
04359
65
04509
82
04589
69
04930
8
05120
8
05350
86
05460
65
05881
32
06191
68
06302
73
06382
32
06572
65
06762
76
06953
68
07113
73
07603
76
07944
222
08154
65
16827
32
17428
69
17618
32
17848
65
18038
76
18569
68
18689
73
19481
81
19611
85
19881
65
20973
16
21423
49
21994
32
22194
16
22455
67
22795
222
23066
32
23336
69
23416
82
23566
65
24137
32
24478
80
24638
79
24898
73
24978
32
25189
85
25419
78
25489
32
27011
83
27282
67
27432
69
28223
78
28383
65
36826
32
37056
67
37176
72
37296
69
37486
32
37717
77
37987
222
38398
72
38778
65
39429
32
39579
70
39620
65
39810
84
39970
84
40050
79
40160
32
40351
80
40501
65
40731
85
40881
82
40961
65
41612
188
41723
32
41883
81
42033
85
42113
65
42353
78
42504
68
42654
79
42884
32
43074
73
43345
76
43535
32
43836
66
44026
65
44186
77
44867
66
44987
73
45208
78
45448
79
45638
32
45838
78
46059
69
46179
82
46329
79
46980
32
47431
83
47621
73
47731
32
47962
82
48052
73
48282
83
48663
86
48853
69
49043
71
49233
76
49574
73
49694
65
52568
32
52758
68
52839
65
53069
76
53199
76
53319
65
53730
32
53960
77
54150
79
54301
82
54571
84
54611
69
56704
37
57185
37
57215
37
57245
37
57285
37
57315
37
57355
37
57385
37
57415
37
57455
37
57485
37
58346
16
58727
57
59979
68
60129
73
60249
32
60550
83
60780
79
61050
80
61241
82
61311
65
61771
83
