61922
83
62042
65
62342
76
62532
84
62653
79
62883
16
63364
16
63394
16
63424
16
63454
16
63494
16
63524
16
63524
48
63794
32
64295
39
64776
39
64806
39
64846
39
64876
39
64906
39
64946
39
64976
39
65006
39
65046
39
65076
39
68781
32
69082
69
69202
32
69583
85
69843
78
70834
222
71095
32
71325
65
72236
76
72427
84
72467
82
72697
65
73188
32
73338
67
73498
72
73578
69
73689
32
73839
69
73919
82
74149
79
74259
32
74870
76
75331
222
75631
73
76082
32
76503
67
76773
72
76923
69
77454
32
77704
81
78195
8
78495
71
78616
85
78766
65
78916
82
79226
68
79297
65
79527
86
79687
79
79907
32
80649
8
81129
8
81159
8
81189
8
82431
8
82912
8
82942
8
82972
8
83012
8
83042
8
83072
8
83112
8
83142
8
85996
8
86477
8
86507
8
86547
8
86577
8
86607
8
86637
8
86677
8
86707
8
86737
8
86767
8
86807
8
86837
8
86867
8
86908
8
86938
8
86968
8
86998
8
87038
8
87068
8
87098
8
87128
8
87338
8
87989
190
88099
190
88330
32
88570
66
88981
82
89141
82
89361
188
89481
32
89591
67
89792
72
89902
69
90132
32
90893
66
91124
82
91314
73
91845
86
91915
73
92185
68
92265
73
92415
16
92686
49
93667
32
93817
16
94048
67
94508
79
94739
77
94959
85
95159
78
95240
81
95430
85
95810
69
96041
32
96271
85
96611
78
96882
32
97122
66
97282
69
97473
76
97733
32
97973
70
98054
73
98284
76
98544
77
28618
188
28778
32
29078
68
29228
73
29429
83
29649
67
30220
82
30751
69
31031
84
31331
79
55076
32
55346
83
55426
69
55576
32
55726
70
55847
79
56127
83
56277
83
56468
73
56588
32
56738
65
61855
32
62276
16
62476
75
62666
65
62937
84
63057
65
63398
87
63438
69
63818
66
64389
32
64729
71
65601
76
66021
73
66322
32
66762
68
66873
65
67103
82
67183
69
67333
73
69046
32
69396
55
69737
32
70458
70
70688
82
70758
65
71028
71
71219
79
77468
76
77958
73
78569
78
79931
69
33108
16
33418
49
34169
32
34510
8
34710
8
34820
16
35010
49
35351
32
35581
65
35732
72
36112
188
36272
32
36423
77
36693
65
37053
32
37284
73
37354
79
37474
32
37664
80
37815
69
37975
78
38205
83
38235
65
38586
86
38696
79
39006
32
39156
67
39307
72
39427
69
39657
32
39918
76
40148
79
40268
32
40458
83
40578
80
40689
65
41069
90
41300
73
41340
79
41760
32
42021
65
42181
32
42341
77
42571
73
42661
79
42762
32
43142
68
43403
73
43563
83
43713
80
43793
79
44584
83
44744
73
44895
90
45015
73
45085
79
45355
78
45435
69
45966
32
46267
70
46427
79
46657
83
46807
83
46998
69
48360
32
48700
70
48780
73
49021
78
49251
73
49481
84
49601
79
49862
32
50012
80
50132
69
50172
82
50703
67
50743
72
51544
69
51624
222
52265
8
52836
222
52946
69
53367
32
53617
78
53808
79
53918
78
54038
32
54228
86
54378
69
54719
68
54909
69
55069
86
55190
79
55490
76
56131
8
56401
32
56612
76
56802
65
57032
32
57974
66
58124
65
58324
82
58474
82
58624
65
58965
32
59305
68
59426
73
59536
32
59766
83
60567
82
60948
8
61138
67
61328
82
61629
79
62310
76
62430
76
62700
190
63391
8
63852
188
63962
32
64072
77
64273
65
64423
32
64543
77
64813
73
64934
32
65004
83
65084
65
65354
32
66035
67
66225
72
66346
69
66786
32
67057
81
67397
85
67597
65
68198
32
68769
80
69039
79
69230
83
69420
83
69530
79
69680
32
70251
67
70341
79
70602
78
70942
84
71363
73
71593
78
71813
85
72004
65
72234
82
72314
69
72765
32
73145
70
73235
73
73536
78
73626
32
73746
81
73856
85
73977
65
74237
68
74397
79
74527
32
74758
86
74878
79
75068
71
75148
76
75449
73
75519
79
75939
190
76100
190
76290
32
76550
65
76710
73
76941
85
77091
84
77241
79
77552
16
77772
49
97901
38
98081
38
98281
39
98552
16
98662
39
99874
65
00415
40
00695
40
00885
40
01316
40
04460
37
04941
37
04971
37
05011
37
05041
37
05071
37
05111
37
05141
37
05181
37
05211
37
05241
37
05282
37
05312
37
05342
37
05382
37
05412
37
05632
37
05792
37
06553
78
06784
39
07264
39
07294
39
07334
39
07365
39
07395
39
07435
39
07465
39
07505
39
07535
39
07565
39
07605
39
07635
39
07675
39
07705
39
07735
39
07775
39
07995
39
09097
32
09628
16
09848
83
10499
69
10880
32
11180
67
11370
222
11601
32
11871
69
12101
222
12402
32
13233
8
13423
8
13914
222
14415
69
14905
32
15166
83
15356
67
15556
82
15717
73
15867
84
16017
84
16107
79
16247
32
16748
80
16898
69
16978
82
17169
32
17399
70
17469
65
17699
86
17860
79
18050
82
18120
69
18350
32
18621
73
19001
8
19192
82
19382
73
20103
69
20403
77
20714
80
20784
73
20904
32
21976
85
22356
8
22586
84
22777
85
23037
84
23237
84
23428
79
23558
32
23918
76
24259
79
24369
32
25090
83
25280
80
25511
65
25741
90
26051
73
26122
79
26883
32
27754
68
27944
73
28064
83
28215
80
28295
79
28605
78
29697
73
30117
66
30197
73
30578
76
31139
69
31449
188
31639
32
32360
79
32631
82
32781
65
32901
32
33092
85
33322
78
33472
65
33592
32
33702
68
33863
79
34093
77
34203
65
34323
78
34433
68
34514
65
34784
32
35505
222
35575
69
35956
16
36316
186
36737
32
36887
81
36977
85
37087
65
37288
76
37658
222
37778
32
38079
69
38499
8
38980
8
40072
222
40262
32
40372
222
40492
69
41063
32
41594
16
41854
84
42014
85
42125
84
42315
84
42435
73
42635
32
42936
8
43086
8
43276
16
43617
79
43697
32
43927
76
44117
79
44348
83
44798
8
45469
32
45810
83
46150
80
46301
65
46571
90
46761
73
46841
79
47182
32
47412
68
47532
73
47723
83
47843
80
47913
79
48674
78
48864
73
49135
66
49325
73
49555
76
49705
69
50006
16
50487
16
50527
16
50557
16
50587
16
50617
191
52850
32
53160
16
53321
73
53551
78
53972
70
54082
73
54352
78
54542
73
54813
84
54923
79
55113
16
55263
191
55534
32
55834
79
56595
32
56936
69
57016
82
57166
65
57396
78
57627
79
57747
32
58879
83
58959
79
59189
76
59379
79
59489
32
59690
76
59840
69
60821
32
61162
82
61362
73
61582
71
61703
72
61973
69
62163
32
62354
73
62624
78
62894
73
63235
90
63465
73
63615
65
63806
76
64186
73
88661
32
89002
67
89302
72
89423
69
89573
32
89723
83
90033
84
90063
65
90454
78
90604
78
91245
79
91516
32
91896
78
92046
69
92237
76
92687
32
92998
70
93108
79
93308
82
93458
77
94139
32
94420
83
94610
69
94740
78
94971
16
95551
8
96843
78
96993
90
97224
65
97634
32
98395
66
98516
73
98736
83
98856
79
99046
71
99167
78
99387
79
99507
32
99697
68
99817
73
99928
32
00048
83
00238
67
00428
82
00579
79
00849
76
00999
76
01159
16
01610
191
02441
32
03122
67
03242
73
03503
79
04344
222
04454
69
04915
32
05325
49
05446
50
06086
16
06567
16
06597
16
06637
16
06667
16
06697
16
06727
16
06737
191
06998
32
07268
77
07458
65
07579
72
07999
188
08109
32
08260
69
08490
83
08650
83
08870
69
09181
78
09301
68
09451
79
09571
32
09802
67
09922
72
10102
69
10433
32
10583
81
10733
85
10893
65
11915
32
13507
83
13657
69
13768
77
14038
80
14308
66
14569
82
14689
65
14839
32
15600
8
15750
8
15901
8
16061
8
16251
8
16892
66
17202
82
17273
65
17503
32
17663
68
17773
73
17813
32
17964
80
18124
79
18314
84
18384
69
18625
82
18995
32
19346
67
19426
79
20177
78
21429
84
21539
73
22079
78
22280
85
22390
65
22580
82
22660
69
22891
32
23121
65
25544
76
25805
76
26376
222
26566
32
26796
73
27027
78
27287
70
27407
73
27637
78
27868
73
28018
84
28138
79
28629
32
28969
69
29881
8
30411
8
30862
188
30992
32
31223
73
31343
79
31383
32
31653
86
31733
73
31803
32
31994
83
32905
65
33356
76
33736
85
33927
84
34047
79
34177
32
34447
84
34597
85
34718
84
34868
84
34948
73
35248
32
35519
69
35669
32
35939
86
36050
73
36130
32
36550
68
36701
222
37011
79
37081
32
38563
65
38794
80
38904
80
39214
85
39404
78
39595
84
39705
65
39865
77
40055
69
40176
78
40326
84
40436
79
40516
32
40706
65
40866
76
40977
76
41167
65
41588
32
41778
80
41968
82
42118
79
42879
83
43030
83
43150
73
43340
77
43490
65
43650
32
43801
16
43841
80
44632
8
45053
80
45353
85
45543
78
45744
84
46004
65
46615
65
47105
8
47146
84
47256
65
47636
16
48057
49
48467
32
48858
66
49118
89
49198
16
49429
49
50000
8
50260
8
50450
8
50641
16
50951
66
51181
89
51742
16
52223
16
52263
16
52293
16
52323
16
52353
16
52393
16
52423
16
52453
16
52483
16
52523
16
52543
49
55427
8
55618
8
55928
8
57270
8
86893
65
87083
76
87233
76
87504
222
87764
32
88415
85
88825
8
89136
73
89326
78
89557
73
90648
90
90738
73
90808
79
91229
32
