25038
0
25148
85
25347
78
25605
79
25720
32
26316
68
26374
69
26527
73
26640
32
26784
77
26923
73
27077
69
27549
73
27689
32
27838
72
28066
79
28383
66
28522
66
28633
89
28734
32
28989
80
29138
82
29197
69
29519
70
29612
69
29938
82
30299
73
30457
84
30559
73
30689
32
31359
69
32317
96
33724
8
34216
8
34248
8
34278
8
34306
8
34339
8
34369
8
34405
8
34438
8
34468
8
34499
8
34523
8
34556
8
34588
8
34619
8
34654
8
34687
8
34717
8
34749
8
34773
8
34805
8
34838
8
34869
8
34900
8
34936
8
34968
8
34999
8
35022
8
35055
8
35087
8
35123
8
35149
8
35183
8
35213
8
35245
8
35279
8
36357
0
36395
0
36552
85
36706
78
36819
73
37242
8
37404
8
38757
0
39159
85
39739
8
39909
8
40673
0
41559
0
41899
85
42286
110
42522
111
42898
32
43417
100
43494
101
43619
105
43759
32
43874
109
44009
105
44188
101
44358
105
44586
32
44837
104
45074
111
45471
98
45619
98
45756
121
45878
32
46114
112
46311
114
46372
101
46615
102
46707
101
46939
114
47377
105
47498
116
47585
105
47861
32
48838
101
48919
96
49082
32
50185
115
50324
105
50547
99
50649
117
50869
114
50988
97
51275
109
51358
101
51459
110
51619
116
51734
101
51799
32
52021
108
52126
97
52219
32
52389
109
52519
117
52639
115
52809
105
52959
99
53479
97
54839
59
55137
32
61649
104
61845
111
61949
32
62223
115
62527
116
62709
117
63118
100
63239
105
63424
97
63559
116
63838
111
63925
32
64159
109
64361
117
64556
115
64684
105
64819
99
65046
97
65179
32
65658
112
65748
101
65943
114
66063
32
66247
97
66359
110
66504
110
66690
105
67467
0
67649
58
68065
32
68953
111
69196
114
69439
103
69526
97
69698
110
70088
111
70427
44
70509
32
70856
99
71211
108
71296
97
71579
118
71915
105
72479
99
72686
101
72699
119
72836
109
74265
8
74924
8
75918
109
76244
98
76358
97
76489
108
76648
111
76709
32
76958
101
77067
32
77388
99
77579
111
77772
109
77958
112
78019
111
78165
115
78329
105
78456
122
78546
105
78620
111
78872
110
78969
101
83039
0
83088
0
83557
0
83587
0
83719
0
84209
0
84239
0
84274
0
84308
0
84338
0
84369
0
84397
0
84429
0
84597
0
84806
0
85003
0
85175
0
85361
0
85539
0
85715
0
85887
0
86068
0
86249
0
86778
0
87448
13
88936
0
89174
0
89287
0
89499
0
89685
0
89896
0
90082
0
90275
0
90454
0
90634
0
90975
0
91393
0
91783
0
92252
0
92318
0
92599
0
92936
0
93273
0
93869
13
94698
0
95207
8
96309
0
96799
0
96829
0
96860
0
96894
0
96927
0
96959
0
96985
0
97017
0
97049
0
97079
0
97110
0
97145
0
97173
0
97399
0
97889
0
97919
0
97952
0
97987
0
98015
0
98049
0
98076
0
98109
0
98139
0
98429
0
98648
0
98819
0
99008
0
99164
0
99324
0
99517
0
99679
0
99853
0
00038
0
00205
0
00624
0
01156
0
01834
0
02967
46
03587
13
03913
0
04402
76
04787
39
05107
32
05256
97
05399
110
05554
110
05699
111
06589
0
07079
0
07109
0
07142
0
07173
0
07729
0
07977
0
08404
0
08773
8
09450
0
10217
32
11147
115
11419
99
11529
111
11709
114
11986
115
12135
111
12295
32
12688
115
12806
111
13001
110
13098
111
13197
32
13399
115
13558
116
13639
97
13740
116
14103
111
14187
32
14492
102
14589
101
14779
114
14917
109
15609
111
15718
32
16339
112
16489
100
16783
102
17122
8
17289
8
21046
101
21249
114
21378
32
21589
117
21729
110
21834
32
21979
98
22208
101
22429
108
22548
32
22727
112
22807
111
23417
39
23927
32
25029
117
25200
110
25359
32
25528
112
25576
111
26348
39
26459
32
26808
112
26949
101
27121
114
27318
99
27629
104
28429
96
28515
101
28719
32
29079
8
29255
8
29411
8
29587
101
29677
96
30049
32
30699
104
30947
111
31217
13
31998
97
32328
118
32482
117
32689
116
32819
111
32898
32
33118
116
33263
97
33419
110
33589
116
33737
105
33859
32
34039
112
34188
114
34291
111
34567
98
34807
108
34891
101
35028
109
35206
105
35287
32
35471
112
35610
101
35808
114
36075
115
36177
111
36387
110
36478
97
36639
108
36741
105
36969
32
37079
101
37249
100
37349
32
37462
97
37609
108
38243
8
38379
32
38507
108
38849
105
40199
118
40289
101
40509
108
40649
108
40786
111
40836
32
41109
101
41258
109
41436
111
41697
116
41859
105
42292
118
42448
111
42739
44
42809
32
43098
101
43227
100
43368
32
43586
117
43729
110
43819
32
44049
112
44109
111
44759
39
45779
13
46929
112
47019
101
47167
114
47508
99
47738
104
48619
101
48697
96
49107
32
54479
8
54689
8
54864
8
55041
8
55224
8
55517
32
56217
112
56319
97
56544
110
56817
99
56897
97
57109
110
57193
122
57296
97
57428
32
57647
100
57809
105
57899
32
58129
116
58228
101
58469
109
58789
112
58889
111
59778
59
60059
32
63317
109
63418
97
63538
32
63807
111
63939
114
64189
97
64372
32
64539
118
64658
111
64829
103
64957
108
65126
105
65217
111
65240
32
65539
114
65579
105
66588
112
66727
116
66817
101
67233
8
67409
8
67588
114
67628
101
68268
110
68539
100
68602
101
68809
114
68876
101
69014
32
69279
113
69446
117
69586
101
69798
115
69952
116
70062
97
70579
32
70714
97
71377
116
71509
116
71663
105
71769
118
71869
105
72075
116
73762
97
73799
96
77009
13
77350
99
77529
104
77639
101
77758
32
77959
109
78084
105
78289
32
78489
104
78598
97
78714
32
78869
100
79023
97
79197
116
79499
111
79590
32
79957
99
80448
111
80617
115
81319
105
81433
96
81588
32
82035
116
82174
97
82385
110
82619
116
82708
101
82846
32
83017
115
83337
111
83466
100
83605
100
83729
105
83969
115
84343
102
84444
97
84696
122
84809
105
84887
111
85157
110
85241
105
87479
46
87859
32
88150
0
88398
82
88799
105
89043
99
89167
111
89719
114
89919
100
90057
111
90178
32
90420
99
90503
111
90688
110
90799
32
90917
109
91063
111
91232
108
91386
116
91722
97
92542
32
92883
110
93099
111
93339
115
93560
116
93666
97
94847
0
95021
0
95185
0
95339
0
95518
0
95998
13
97014
0
97419
108
97826
103
98045
105
98229
97
98366
32
07853
105
08072
108
08177
32
08419
99
08503
111
08784
110
09057
99
09149
101
09349
114
09562
116
09679
111
09771
32
09999
100
10109
105
10242
32
10512
0
10577
0
10789
83
11066
65
11220
78
11449
82
11559
69
11868
77
12091
79
13106
8
13296
8
13463
8
13637
8
13818
8
14006
8
14969
97
15609
110
15928
114
15986
101
16117
109
16269
111
17179
44
17268
32
17997
108
18089
97
18344
32
20950
8
21165
8
21532
8
22459
105
22835
32
23089
99
23198
111
23434
110
23711
99
23797
101
23998
114
24207
116
24336
105
24418
32
24608
100
24729
105
24803
32
24978
114
25115
111
25309
110
25519
100
26539
111
26839
96
26989
32
28024
118
28147
101
28279
110
28360
101
28628
122
28797
105
28897
97
29293
109
29563
111
29829
44
29933
32
31379
0
31552
0
32151
8
32272
8
33048
110
33399
111
34006
0
34389
13
43951
101
44119
32
44379
116
44529
117
44648
116
44806
116
45099
101
45238
32
45416
113
45633
117
45767
101
46045
108
46169
108
46271
101
46473
32
49638
98
49755
101
49998
108
50142
108
50235
101
50376
32
50469
101
50689
115
50869
112
50989
101
51239
114
51357
105
51478
101
51627
110
52187
122
52440
101
52548
32
53199
99
53497
104
53849
101
54016
32
54507
104
54595
97
54759
110
54903
110
55132
111
55399
32
55626
105
56879
8
57797
100
57889
97
58333
116
58519
111
58665
32
58838
117
59008
110
59109
32
59367
116
59489
111
59779
99
59939
99
60058
111
60169
32
60489
100
60638
105
60749
32
64664
99
64787
111
64969
108
65119
111
65215
114
65306
101
65866
13
68321
97
68569
108
68719
108
68848
97
68952
32
69147
109
69247
105
69392
97
70039
32
70953
118
71139
105
71475
116
71559
97
71741
32
71914
101
72023
32
72349
116
72459
97
72639
110
73206
116
73332
97
73499
32
73652
115
73828
111
73979
100
74109
100
74287
105
74455
115
74667
102
74779
97
75049
122
75229
105
75297
111
75537
110
75619
101
75727
32
75869
0
76019
108
77010
8
77109
97
77749
108
77839
32
78006
109
78189
105
78277
111
78349
32
78579
97
78699
110
78809
105
78987
109
79067
111
86305
46
86566
32
86738
0
86866
73
87032
110
87248
102
87347
111
87518
110
87716
100
87838
111
87957
32
88968
105
89050
111
89167
32
89444
115
89558
111
89786
111
90628
8
91789
110
91888
111
92452
92
93968
8
94166
13
95289
115
95549
101
95699
109
95937
112
96027
114
96059
101
96199
32
96378
115
96535
116
96635
97
96728
116
97006
111
97086
32
97298
99
97394
111
97579
110
97818
118
97975
105
98291
110
98672
116
98847
111
98889
32
99706
100
99838
105
00132
32
00239
101
00472
115
00619
115
00811
101
01067
114
01149
101
01292
32
01859
117
02026
110
02143
32
02319
112
02374
111
02859
39
02932
32
03177
97
03468
114
03669
116
03789
105
03990
115
04277
116
04344
97
04592
32
04743
101
04979
100
05349
32
05998
104
06277
111
06418
32
06663
115
06867
101
07060
109
07443
112
07532
114
07608
101
09690
32
10479
99
10622
101
10761
114
11029
99
11282
97
11657
116
11829
111
12021
32
12202
110
12309
101
12548
108
12691
108
12798
97
13637
0
14208
0
14375
0
14558
0
14748
0
15119
13
16689
0
18049
109
18227
105
18382
97
18537
32
18742
118
18861
105
19248
116
19334
97
19499
32
19689
100
19807
105
20017
32
20159
115
20249
111
20418
100
20569
100
20679
105
20899
115
21167
102
21247
97
21394
114
21519
101
22437
32
23049
113
23389
117
23517
101
23733
115
23869
116
23988
97
24108
32
24568
109
24687
105
24822
97
24954
32
25089
97
25419
116
25559
116
25657
105
25779
116
25919
117
26217
100
26359
105
26879
110
26988
101
27089
32
27239
101
27349
32
27553
113
27748
117
27848
101
28057
115
28328
116
28479
111
28587
32
28748
109
28950
105
29054
111
29758
13
30788
100
30869
101
31121
115
31269
105
31529
100
31579
101
31829
114
32065
105
32178
111
32363
32
32613
100
32733
105
32819
32
33009
101
33208
115
33429
112
33817
114
33981
105
34377
109
34513
101
34741
114
35013
109
35171
105
35259
32
35468
101
35649
32
35878
100
36028
105
36132
32
36359
101
36588
115
36738
115
36939
101
37158
114
37239
101
38469
32
38858
117
39009
110
39127
32
39457
112
39558
111
39939
39
40046
32
40299
112
40518
114
40636
111
40897
116
41029
97
41159
103
41598
111
41857
110
42022
105
42143
115
42457
116
42601
97
48549
46
48742
46
48896
46
49119
32
49269
101
49438
32
52989
8
53198
8
53882
8
54075
8
54252
8
54445
8
55249
44
55468
32
55682
115
55855
112
56026
105
56232
110
56562
116
56667
111
57579
13
58962
97
59079
110
59291
99
59444
104
59569
101
59653
32
59814
100
59887
97
60079
108
60217
108
60307
97
60440
32
60609
118
60689
111
60933
103
61037
108
61169
105
61239
111
61499
32
61716
100
61819
105
61916
32
62107
118
62207
111
62399
108
62588
101
62845
114
63627
32
63777
97
64339
32
64539
116
64707
117
64837
116
64979
116
65100
105
65209
32
65591
105
65718
32
65940
99
66049
111
66269
115
66589
116
66699
105
67019
32
67289
108
67369
97
67613
115
68087
99
69068
105
69163
97
69407
114
69488
101
69639
32
69846
117
69999
110
70185
32
70289
115
70484
101
70722
103
70840
110
71059
111
71679
32
72789
100
72918
105
73463
13
75069
109
75161
101
75323
32
75698
97
75888
105
76029
32
76146
109
76274
105
76432
101
76589
105
76797
32
77015
112
77109
111
77273
115
77558
116
77646
101
77829
114
78000
105
78298
46
