59340
16
59560
81
59610
85
59720
69
59890
83
59940
84
60050
65
60110
32
60210
69
60270
219
60320
32
60490
85
60600
78
60650
65
60760
32
60870
80
60930
82
61090
79
61150
86
61200
65
61310
32
61420
68
61480
73
61590
32
61640
83
61810
67
61860
82
61970
73
62080
84
62190
84
62250
85
62410
82
62470
65
62630
188
62690
32
62740
83
62910
69
62960
78
63180
90
63240
65
63290
32
63400
65
63510
76
63620
67
63730
85
63840
78
63950
32
64000
83
64170
69
64220
78
64330
83
64390
79
64440
32
64550
76
64660
79
64770
71
64880
73
64990
67
65050
79
65210
188
65270
32
65380
84
65430
65
65490
78
65600
84
65650
79
65760
32
65820
80
65930
69
66040
82
66150
32
66260
70
66310
65
66530
82
66640
32
66750
67
66810
79
66920
78
66970
84
67030
69
67080
78
67190
84
67300
79
67360
32
67470
67
67520
72
67680
73
67680
32
67790
72
67900
65
67960
32
68290
67
68450
82
68510
69
68620
65
68780
84
68840
79
68890
32
69000
81
69060
85
69110
69
69280
83
69440
84
69440
65
69550
32
69660
80
69720
65
69880
71
69940
73
70050
78
70160
65
70270
190
71750
32
71860
16
71970
78
72130
79
72190
78
72570
32
72740
72
72790
79
72900
32
73070
73
73290
78
73340
32
73450
77
73560
69
73670
78
73730
84
73780
69
73840
32
73890
78
74000
85
74220
8
74440
73
74500
69
74610
78
74660
84
74720
69
74770
32
74880
68
74930
73
74990
32
75100
79
75210
82
75320
73
75430
71
75540
73
75650
78
75760
65
75810
76
75920
69
75920
32
76140
80
76200
69
76360
82
76530
8
76640
8
76750
8
76800
68
76860
65
76910
32
77020
83
77130
67
77190
82
77300
73
77410
86
77410
69
77570
82
77630
69
77740
188
77850
32
78400
77
78450
65
78560
32
78670
83
78720
79
78780
32
78830
67
78940
72
79000
69
79050
32
79160
65
79270
82
79440
82
79490
73
79600
86
79660
69
79770
82
79880
79
80100
219
80150
32
80320
73
80480
78
80540
32
80650
70
80700
79
80870
78
80980
68
81030
79
81090
32
84270
17
84380
40
84550
37
84660
37
84820
37
85040
16
85150
35
85430
82
85480
73
85650
85
85700
83
85810
67
85920
73
86030
82
86080
79
86250
219
86300
32
86410
65
86520
68
86630
32
86740
65
86850
82
86960
82
87130
73
87240
86
87290
65
87400
82
87460
69
87570
32
87840
73
87950
78
88060
32
88170
70
88280
79
88450
78
88560
68
88610
79
88720
32
88830
83
89000
69
89220
78
89440
90
89490
65
90040
32
90150
65
90310
86
90370
69
90480
82
90590
32
90700
83
90920
67
90920
82
91080
73
91140
84
91300
84
91410
79
91800
16
91850
17
92070
17
92130
37
92680
8
93010
16
93010
17
93170
37
93390
37
95480
65
95640
86
95700
69
95750
78
95810
68
95920
79
95970
32
96080
83
96250
67
96250
82
96360
73
96410
84
96520
84
96630
79
96690
32
96800
83
96910
79
97010
76
97180
79
97290
32
97560
70
97730
82
97780
65
97950
83
98060
73
98110
32
99320
67
99380
72
99490
69
99540
32
99650
78
99760
79
99820
78
99930
32
99930
86
00040
65
00090
78
00200
78
00310
79
00370
32
00480
68
00530
65
00530
32
00640
78
00690
69
00800
83
00910
83
00970
85
01130
78
01130
65
01300
32
01410
80
01460
65
01630
82
01790
84
01850
69
01960
190
02070
32
02120
16
02290
77
02400
73
02510
32
02620
80
02730
73
02840
65
03060
67
03220
67
03390
73
03550
79
03660
78
03770
79
03880
32
03990
73
04050
32
04160
71
04210
65
04370
84
04480
84
04590
73
04810
188
04870
32
05090
77
05140
69
05250
79
05360
87
05530
190
06630
32
06680
16
06960
16
07010
16
07070
16
07070
82
07230
73
07290
86
07400
79
07510
71
07560
76
07730
73
07890
79
08110
32
08270
73
08440
78
08550
68
08600
73
08770
69
08930
84
08990
82
09040
79
09150
32
09320
76
09430
65
09540
32
10030
77
10200
73
10310
65
10420
32
11020
82
11020
65
11190
71
11240
65
11460
90
11630
90
11680
65
14980
190
15200
32
15850
16
16070
16
16130
16
16180
16
16240
16
16290
16
16400
16
16460
16
16510
16
16570
16
16620
16
16680
65
16790
78
16840
67
17120
79
17230
82
17500
65
17610
32
17720
80
17890
79
18000
67
18050
72
18160
69
18270
32
18330
82
18440
73
18550
71
18660
72
19100
69
19150
32
19260
69
19370
32
19480
72
19700
79
19810
32
19970
70
20080
73
20190
78
20300
73
20410
84
20520
79
20690
188
20740
32
20850
79
20910
32
21070
65
21130
76
21180
77
21290
69
21400
78
21510
79
21620
32
21790
76
21900
79
21950
32
22060
83
22120
80
22230
69
22390
82
22450
79
22610
190
22780
32
22830
16
23050
16
23100
16
23160
16
23210
16
23320
16
23380
16
23430
16
23490
16
23540
72
23650
79
23760
32
23870
70
23980
65
24040
77
24150
69
24200
188
24260
32
24530
72
24640
79
24750
32
24860
83
24920
79
25030
78
25190
78
25300
79
25470
188
25580
32
28100
68
28160
69
28320
86
28380
79
28490
32
28540
82
28600
73
28710
67
28760
79
28870
77
28980
73
29090
78
29200
67
29260
73
29370
65
29530
82
29590
69
29640
32
29750
65
29860
68
29970
32
30080
65
30140
76
30240
76
30410
69
30460
78
30570
65
30740
82
30850
77
31070
73
32110
188
32330
32
33050
68
33100
65
33320
84
33380
69
33430
77
33540
73
33600
32
33710
81
33760
85
33870
65
33980
76
34030
67
34140
79
34200
83
34250
65
34310
32
34470
68
34530
73
34640
32
38980
73
39200
78
39310
84
39360
69
39470
76
39580
76
39750
73
39860
71
39910
69
40190
78
40300
84
40350
69
40630
32
40850
79
40900
32
41070
81
41120
85
41230
65
41390
83
41500
73
41610
32
41670
68
41780
65
41830
32
41890
83
42050
67
42110
82
42160
73
42270
86
42330
69
42490
82
42550
69
42600
32
42710
81
42770
85
42930
73
42990
32
43100
68
43150
69
43210
78
43260
84
43370
82
43370
79
43480
188
43590
32
43650
67
43700
72
43810
69
43870
32
43980
83
44140
69
44200
78
44310
78
44470
79
44640
219
44690
32
44800
69
44910
83
45070
67
45130
79
45180
32
45240
80
45350
65
45460
83
45620
83
45840
8
45950
90
45950
8
46170
8
46280
90
46450
90
46560
79
46720
190
67700
32
67810
16
68030
16
68090
16
70560
16
70780
16
70780
83
70940
79
71110
80
71160
82
71220
65
71270
32
71380
76
71440
65
71490
32
71600
80
71710
65
71820
78
71880
67
71930
65
72040
32
72100
76
72210
65
72260
32
72430
67
72590
65
72810
80
72980
82
73030
65
73200
32
73310
67
73470
65
73580
77
73750
80
73910
65
73970
188
74080
32
74130
83
74240
79
74350
84
74460
84
74570
79
74620
32
74730
76
74840
65
74900
32
74950
80
75060
65
75120
78
75230
67
75280
65
75340
32
75390
76
75500
65
75500
32
75890
67
75940
65
76110
80
76220
82
76820
65
76930
32
77100
67
77260
82
77320
69
77430
80
77540
65
77700
190
78740
32
78850
16
78910
79
79020
32
79180
70
79240
79
79290
82
79510
83
79680
69
79730
32
79840
69
79950
82
80010
65
80060
32
80170
73
80340
76
80390
32
80450
67
80500
79
80670
78
80720
84
80890
82
80940
65
81050
82
81110
73
81220
79
81380
188
81440
32
81550
78
81710
79
81770
78
81820
32
81930
72
82040
79
82200
32
82480
86
82530
79
82640
71
82700
76
82860
73
82970
65
83030
32
83140
68
83190
73
83250
32
83300
82
83740
73
83910
67
83960
79
84020
82
84240
68
84240
65
84400
82
84460
77
84570
69
84620
76
84790
79
84840
32
84950
69
85120
83
85170
65
85340
84
85500
84
85550
65
85880
77
85940
69
86050
78
86160
84
86160
69
86320
190
86430
32
86490
16
86710
65
86760
78
86930
67
87040
79
87150
82
87200
65
87310
32
87370
68
87480
85
87530
69
87640
32
87700
82
87810
73
87920
71
87970
72
88080
69
88300
32
88580
8
88850
188
89130
32
89290
79
89400
32
89450
77
89560
69
89670
71
89730
76
89840
73
90000
79
90110
188
90220
32
90330
85
90440
78
90550
65
90610
32
90720
69
90830
32
90880
77
90940
69
91160
90
91270
90
91320
65
91430
188
91540
32
91600
69
91650
32
91760
78
91930
79
91980
78
92040
32
92150
83
92200
79
92260
32
92370
67
92420
72
92530
69
92530
32
92700
83
92860
67
92860
82
92970
73
93080
86
93130
69
93300
82
93410
69
93460
190
93630
190
93740
190
93850
32
93850
16
94070
65
94400
8
94510
8
94670
8
94780
8
95060
32
95060
16
95170
65
95330
78
95390
67
95830
82
95940
79
96100
8
96270
8
96430
79
96490
82
96540
65
96590
32
96700
80
96870
79
96920
67
97030
79
97030
32
97140
69
97250
32
97470
72
97580
79
97690
32
97800
70
97910
73
98020
78
98080
73
98190
84
98300
79
98460
190
98850
32
98900
16
99070
72
99230
79
99290
32
99340
86
99400
73
99560
78
99780
8
99890
8
00000
8
00110
70
00220
73
00330
78
00440
73
00550
84
00600
79
00770
16
00930
32
01210
8
01540
49
01650
32
01810
69
01980
86
02090
86
02200
73
02250
86
02360
65
02530
16
02580
49
02750
32
02910
69
03080
86
03240
86
03300
73
03350
86
03410
65
03570
16
03680
49
