34392
76
34583
79
34743
78
34893
69
35023
32
35133
83
35264
84
35404
65
35564
86
35694
65
35804
32
35895
85
36065
78
36185
65
36295
32
36375
84
36495
65
36676
86
36856
79
37046
76
37136
65
37257
32
37377
65
37517
80
37687
80
37757
65
37867
82
38048
69
38268
67
38408
67
38448
72
38578
73
38739
65
38889
84
39039
65
39199
32
39580
80
39630
69
39720
82
39840
32
40141
49
40671
55
40862
32
41042
80
41142
69
41352
82
41593
83
41713
79
41843
78
41943
69
42113
16
42284
188
42925
32
43165
16
43225
66
43435
73
43606
65
43676
78
43806
67
44056
65
44237
78
44327
69
44617
86
44797
69
44988
32
45058
67
45188
72
45278
69
45358
32
45468
80
45598
82
45709
79
45859
86
45999
65
46840
86
47031
65
47191
32
47281
85
47461
78
47541
32
47591
67
47772
69
47882
82
48082
84
48122
79
48212
32
48372
76
48463
65
48873
78
49003
71
49104
85
49384
79
49534
82
49644
73
49845
78
50045
79
51056
188
51187
32
51407
77
51487
65
51597
78
51727
71
51868
73
52108
192
52308
32
52659
81
52769
85
52889
65
52969
76
53149
67
53249
79
53660
83
53920
73
54131
78
54401
65
54692
32
57255
188
57426
32
57586
83
57756
80
57926
73
58147
76
58307
85
58747
67
58948
67
59168
65
59238
78
59368
68
59458
79
59539
32
59779
81
59879
85
60009
65
60690
32
60790
69
60921
32
61021
76
61271
192
61842
8
63104
222
63304
32
63394
68
63534
65
63685
73
63765
32
63865
68
63985
73
64145
67
64386
73
64596
65
64956
83
65127
83
65227
69
65667
84
65818
84
65968
69
66078
32
66208
80
66388
73
66509
65
66669
84
66839
84
66959
73
67180
78
67360
73
67690
190
67901
32
68071
16
68171
68
68411
79
68602
80
68772
79
68862
32
68962
85
69132
78
69232
32
69333
80
69503
73
69603
65
69743
84
69903
84
70004
79
70114
32
70264
68
70344
73
70404
32
70534
80
70634
65
70815
83
70935
84
71085
65
71245
32
71366
69
71496
32
71636
67
71826
69
72047
67
72227
73
72768
8
73058
188
73288
32
73569
8
73729
8
73949
73
74220
188
74380
32
74490
85
74710
78
74821
65
74931
32
75081
77
75211
65
75371
82
75672
77
75892
73
76112
84
76263
84
76413
65
77154
32
77274
68
77354
73
77414
32
77534
67
77695
65
77775
82
78085
67
78205
73
78326
79
78596
70
78706
73
78806
32
78956
76
79017
69
79227
84
79377
84
79958
8
81110
8
81190
83
81370
83
81520
65
81700
84
81831
73
82872
188
83022
32
83473
77
83583
69
83833
90
83994
90
84104
219
84334
65
84484
78
84695
65
84905
84
85115
82
85195
65
85306
32
85466
65
85596
76
85746
76
86007
219
86167
65
86327
82
86517
65
86688
78
86828
67
86918
73
87118
65
87218
188
87379
32
87499
85
87699
78
87769
32
88070
67
88170
72
88320
73
88540
76
88741
79
88801
32
88911
68
88971
73
89061
32
89301
80
89401
65
89542
84
89682
65
89832
84
90002
69
90113
32
90313
65
90403
76
90563
32
90703
70
90814
79
90924
82
91014
78
91184
79
91434
188
91555
32
91915
84
92085
82
92226
69
92386
32
92506
69
92686
84
92816
84
92917
73
93007
32
93107
68
93197
73
93257
32
93397
71
93507
79
93668
82
93908
71
94038
79
94218
78
94349
90
94599
79
94809
76
94949
65
95080
188
95170
32
95340
85
95530
78
95640
65
95791
32
95911
80
96121
79
96311
76
96422
69
96552
78
96722
84
96872
73
97073
78
97233
65
97423
188
97894
8
97994
32
98134
69
98274
32
98404
68
98545
85
98795
69
98925
32
99045
76
99176
73
99326
84
99496
82
99586
73
99676
32
99897
68
00017
73
00467
32
00708
86
00878
69
00988
82
01188
77
01389
79
01649
85
01819
84
02060
32
02140
67
02230
79
02420
78
02711
32
02911
76
03041
69
03191
32
03562
79
03922
76
04093
73
04243
86
04423
69
04513
32
04643
83
04724
73
04784
32
04934
83
05054
69
05154
78
05274
84
05545
192
05565
222
05885
32
06276
82
06416
73
06576
86
06967
8
07137
8
07297
8
07457
8
07618
8
07768
8
08269
221
08479
32
08629
82
08659
73
08879
70
08980
79
09420
67
09540
73
09731
76
09891
76
09981
65
10101
84
10261
65
10352
188
10522
32
10612
83
10782
65
11013
192
11493
8
11804
76
12084
221
12324
32
12865
65
12995
76
13096
32
13206
80
13416
73
13516
65
13606
78
13746
79
13827
32
13977
83
14067
85
14247
80
14377
69
14447
82
14558
73
14698
79
14898
82
15048
69
15259
32
15529
68
15609
79
15729
86
15890
69
15970
32
16110
68
16200
73
16320
67
16430
73
16641
65
16841
83
16991
83
17071
69
17302
84
17452
84
17592
32
17612
69
17852
66
18213
8
18403
8
18553
8
18684
69
18824
32
18974
66
19154
82
19284
65
19395
78
19525
68
19745
69
20446
32
20706
69
20817
82
21007
65
21357
78
21528
32
21648
80
21768
82
21878
79
22028
78
22109
84
22259
69
22329
32
22429
80
22509
69
22599
82
22699
32
22779
76
22910
65
23020
32
23200
78
23310
79
23450
84
23591
84
23751
69
24402
188
24562
32
24903
83
25003
73
25073
32
25203
67
25323
79
25453
82
25784
73
26084
67
26475
192
26675
32
27176
83
27296
85
27466
32
27576
85
27777
78
27867
65
27997
32
28087
68
28217
73
28327
32
28488
69
28678
83
28828
83
28878
69
29119
32
29389
69
29729
190
29900
190
30060
190
30230
32
30330
66
30501
85
30811
79
31011
78
31142
65
31282
78
31512
79
31692
84
31853
84
32183
69
32544
16
33144
190
33415
13
33645
16
33825
77
33865
188
33986
65
34326
8
34496
8
34877
8
35127
20
35498
65
35878
8
36129
77
36229
65
36349
32
36469
73
36639
79
36730
32
36840
82
36930
73
37050
69
37240
77
37411
80
37591
73
37701
79
37821
32
37961
84
38001
85
38172
84
38312
84
38362
79
38452
32
38592
76
38772
79
38843
32
38983
83
39103
80
39303
65
39504
90
39534
73
39604
79
39834
188
40014
32
40144
77
40245
65
40345
32
40555
81
40585
85
40745
73
40946
32
41056
78
41176
79
41286
78
41316
32
41426
70
41546
73
41687
78
41807
73
41987
83
42157
67
42338
69
42398
32
42628
80
42808
73
43890
73
44531
8
44891
85
45232
221
45813
20
45843
8
46534
219
47134
32
48166
13
48627
8
49508
83
49668
69
50179
20
50519
8
50760
8
51020
83
51150
69
51381
67
51471
79
51651
78
51761
68
51871
79
51951
32
52112
76
52162
69
52362
73
52582
32
52873
72
53023
79
53113
32
53684
71
53864
73
54115
192
54465
8
54515
65
55116
219
55306
32
55376
83
55537
67
55697
82
55777
73
55907
84
56047
84
56077
79
56137
32
56258
65
56468
66
56578
66
56748
65
56939
83
57119
84
57249
65
57379
78
57489
90
57690
65
57770
16
57980
219
58541
32
59012
77
59112
65
59302
71
59422
65
59502
82
59642
73
59733
32
59873
73
60023
78
60113
84
60263
69
60414
82
60594
82
60734
79
60964
77
61165
80
61345
79
61585
32
61715
83
61826
80
61956
69
62066
82
62206
73
62376
65
62487
77
62647
79
62687
32
62777
67
62857
72
63007
69
63067
32
63929
83
63999
73
64149
65
64279
32
64399
83
64530
85
64700
70
64840
70
64870
73
65040
67
65090
73
65301
69
65471
78
65551
84
65711
69
67314
32
68465
71
68655
82
68756
65
68946
90
69066
73
69196
69
69296
32
69407
80
69477
69
69567
82
69697
32
69827
65
70017
86
70218
69
70248
82
70428
77
70608
73
70668
32
70839
80
71009
82
71469
8
71570
69
71670
82
71910
77
72000
69
72221
83
72361
83
72441
79
72511
32
72591
68
72641
73
72731
32
72861
69
73062
83
73142
69
73262
82
73512
67
73603
73
73803
84
73953
65
74073
82
74193
69
74304
32
74424
76
74524
69
74614
32
74804
77
74904
65
75055
78
75215
73
75375
78
75686
69
76557
16
76657
49
77027
20
