96947
16
97107
66
97378
69
97548
78
97638
69
97738
32
98780
68
98910
73
99020
82
99110
69
99300
73
99471
32
99651
67
99971
72
00102
69
00242
32
00502
78
00632
79
01053
78
01223
32
01684
77
01884
73
02074
32
02335
86
02415
73
02655
69
02805
78
02936
69
03106
78
03757
8
04117
32
04558
77
04948
79
05159
76
05760
84
05860
79
06040
32
06280
68
06551
73
06931
70
07042
70
07192
73
07682
67
07843
73
08053
76
08203
69
08293
32
08544
82
08664
73
08994
69
09175
77
09515
80
09715
73
09866
82
09976
69
10086
32
10416
84
10617
85
10897
84
11007
84
11147
79
11358
32
11788
76
11959
79
12159
32
12279
83
12489
80
12539
65
13100
90
13280
73
13371
79
13891
32
14432
68
14552
73
14753
83
15043
80
15193
79
15634
78
15724
73
16185
66
16375
73
16595
76
16725
69
17547
188
17707
32
19419
80
19549
69
19630
82
19900
67
20100
72
20661
186
20861
32
21052
76
21172
69
21262
32
21472
80
21552
65
21943
82
22033
79
22243
76
22253
69
22454
32
22794
80
22934
69
23014
82
23065
32
23435
77
23555
69
23615
32
23866
76
24376
8
24467
83
24677
79
24917
78
25017
79
25138
78
25558
8
26079
32
27671
76
27861
73
29133
81
29223
85
29283
73
29744
68
29944
69
30135
32
33810
8
34120
188
34261
32
35122
67
35182
79
35262
78
35793
84
35973
69
36714
78
37475
85
37716
84
37806
69
37946
32
38407
78
38577
69
38757
76
38897
76
39088
65
39228
32
40229
66
40420
79
40750
84
40870
84
40970
73
41361
71
41471
76
41571
73
41701
65
41942
32
42823
68
42923
69
43073
76
43234
32
43424
77
43524
73
43574
79
43744
32
44235
71
44315
69
44475
78
44726
73
44806
79
45667
188
45867
32
47540
8
47670
8
48271
190
49262
32
49503
16
49733
77
49853
73
50003
32
50885
66
51005
65
51165
83
51405
84
51495
65
51616
32
53789
73
53909
78
54830
76
54950
67
55782
73
56132
82
56242
65
56613
221
57124
8
57284
8
57955
8
58115
8
58335
8
58495
8
59207
67
59327
76
59517
73
59787
78
59938
65
60128
82
60198
69
60368
32
60779
76
60999
69
61380
71
61490
71
61630
69
62011
82
62361
77
62732
69
63192
78
64214
84
64284
69
69271
32
69642
85
70152
221
70302
81
71054
8
71184
8
71544
8
71845
81
71985
85
72175
69
72365
83
72606
84
72746
79
72936
32
73237
67
73317
79
73397
78
73627
84
73737
69
74108
78
74198
73
74529
84
74699
79
74989
82
75330
82
75870
8
76021
69
77062
188
77222
32
77443
80
77543
69
77623
82
77753
32
80627
70
80717
65
81228
82
81378
32
82420
83
83131
221
83341
32
83632
67
83872
72
84022
69
84122
32
84303
68
84403
65
84753
32
84944
69
85154
83
85304
83
85434
79
85564
32
85745
70
86025
85
86676
79
88208
82
88338
85
89460
73
89790
69
90281
83
90492
67
90642
65
90892
78
91002
79
91503
32
92224
70
92454
73
92635
85
92965
77
93085
73
93255
32
93906
68
94077
73
94217
32
94477
80
94607
65
94898
82
95018
79
95188
76
95409
69
96470
190
96680
32
97281
16
97672
67
97752
79
97912
83
98433
221
98663
32
99184
78
99294
79
99364
78
99675
32
01698
8
01838
8
01978
8
02339
8
02709
67
02879
79
02989
78
03270
84
03380
73
03550
78
03670
85
04071
79
04261
32
04782
65
04942
32
05393
83
05483
67
05723
82
05884
73
06154
86
06234
69
07196
82
07276
69
07476
32
07806
69
07997
32
08257
65
08838
32
09018
67
09128
83
09509
8
09659
8
09799
83
09879
67
10600
82
10751
73
11081
86
11101
69
11341
82
11442
69
12022
32
12363
83
12563
69
13184
8
13324
8
13434
8
14065
188
14246
32
14556
83
14636
69
14907
78
15197
90
15467
65
15608
32
16058
65
16309
86
16419
69
16699
82
16809
69
17010
32
17610
85
17711
78
17861
32
18051
65
18342
84
18472
84
18612
73
18732
77
18832
79
18962
32
19213
68
19293
73
19503
32
19653
69
19824
83
19954
73
20234
84
20374
65
20715
90
20825
73
20905
79
21196
78
21396
69
21496
32
22077
8
22277
188
22427
32
22588
80
22688
69
22908
78
23058
83
23229
65
24040
78
24290
68
24591
79
24741
32
25111
67
25241
72
25332
69
25462
32
26313
73
26383
76
26553
32
26744
77
26854
73
26904
79
27104
32
27615
83
27735
67
27915
79
28236
80
28316
79
28616
32
29618
186
29838
32
30078
81
30199
85
30409
82
30819
8
30970
69
31300
76
31430
76
31651
79
31861
32
32252
68
32392
73
32532
32
32963
82
33583
73
33754
69
34345
77
34575
80
34845
73
34985
82
35076
69
35226
32
35476
81
35616
85
35807
69
36037
83
36287
84
36408
79
36808
32
37499
70
37699
79
37699
73
38420
8
38871
82
39051
77
39662
190
40093
32
40754
16
41194
16
41224
16
41254
16
41285
16
41315
16
41345
16
41375
16
41405
16
41425
16
41455
16
41485
16
41515
16
41545
16
41575
16
41605
16
41635
16
41665
16
41695
16
41725
16
41755
16
41785
16
41815
16
41835
16
41865
16
41895
16
41925
16
41956
16
41986
16
42006
66
42156
69
42697
78
42897
69
43037
32
44018
8
44219
188
44369
32
44750
72
44980
79
45150
32
45300
65
45501
80
45631
80
45731
69
46081
83
46452
8
46682
78
46732
65
46843
32
47463
83
47594
79
47814
76
47944
76
48245
69
48495
86
48575
65
48795
84
48905
79
49086
32
49426
76
49607
79
49807
32
50017
83
50478
71
50638
85
52461
65
52991
82
53202
68
53452
79
53642
32
53863
69
53963
32
54253
77
54333
73
54494
32
54734
83
54954
79
55134
78
55685
79
55876
32
56326
65
56597
67
56717
67
56807
79
57037
82
57408
84
57528
79
57668
32
58059
68
58209
73
58359
32
58549
69
58810
83
59120
69
59260
69
59491
82
59841
8
59971
8
60282
8
60402
83
60793
69
60983
82
61413
65
61554
32
62155
8
62255
8
62956
69
63076
32
63496
71
63607
73
63607
85
64668
222
64969
8
65079
8
65349
192
65359
222
65760
8
66190
8
67122
222
67302
32
67482
65
67662
32
68323
188
69235
8
69966
77
70166
69
70336
84
71107
222
71949
188
72119
32
76245
78
76355
79
76435
78
76976
32
77306
77
77437
73
77607
32
78688
8
79309
8
79429
8
80751
67
82394
219
82594
186
82854
32
83535
67
83696
72
83776
69
83916
32
84126
68
84206
65
84346
32
85088
65
85578
71
85688
71
86590
73
86710
85
87271
78
87601
71
87701
69
87902
82
87992
69
88172
32
88723
81
88853
85
88963
65
89123
76
89284
67
89464
72
89574
69
89694
32
89864
65
90095
76
90325
84
90425
82
90646
65
90796
32
91166
80
91296
65
92138
82
92528
79
92708
76
92859
65
96534
38
96794
37
97225
37
97255
37
97285
37
97315
37
97345
37
97375
37
97405
37
97425
37
97455
37
97485
37
97515
37
97545
37
97575
37
97606
37
97636
37
97666
37
97696
37
97726
37
97756
37
97786
37
97816
37
97846
37
99288
38
99568
37
99999
37
00029
37
00059
37
00089
37
00119
37
00149
37
00179
37
00209
37
00239
38
00440
38
00570
38
00720
38
00850
38
00950
37
01121
38
01341
37
01541
37
01701
37
01882
37
02302
37
03704
188
03834
46
04415
40
04746
38
05327
32
05587
40
06018
40
06048
40
06578
35
07730
40
08171
40
08201
40
08231
40
08261
40
08431
37
08762
39
14840
188
14981
32
15451
67
15581
72
15661
69
15772
32
16222
67
16342
79
16453
77
17013
80
17244
65
17805
82
17915
73
18225
82
18706
222
19757
32
19988
81
20178
85
20258
73
20448
32
20839
68
21019
73
21229
32
21410
83
21540
69
21870
71
22361
85
22491
73
22802
84
23002
79
23192
32
23433
77
23553
65
23903
71
23993
73
24314
67
24384
65
24694
77
24895
69
25125
84
25416
78
26137
8
26277
8
26517
78
26657
69
27088
8
27188
84
27609
69
28350
188
28730
8
29051
32
29201
69
29501
32
29752
67
30022
79
31024
83
31895
221
32135
32
32396
73
32436
85
32536
66
32926
8
33067
8
33537
78
33697
32
33878
85
33958
78
34098
32
34559
32
34749
66
34889
65
35200
84
35310
84
35470
69
35560
82
35971
32
36572
68
36802
219
37142
79
37553
67
37663
67
37843
72
37893
73
38044
79
39235
37
39676
37
39706
37
39736
37
39766
37
39796
37
39826
37
39856
37
39876
37
39906
37
39936
37
39966
37
39996
37
40027
37
40337
37
40517
37
41328
46
41579
39
42009
39
42039
39
42069
39
42100
39
42130
39
42160
39
42190
39
42220
39
42250
39
42280
39
42300
39
42330
39
42360
39
42390
39
42420
39
42450
39
42480
39
42510
39
42540
39
42570
39
42600
39
42760
32
43231
65
43431
86
43772
82
44553
192
44723
32
44924
70
45124
73
45424
78
45544
73
45895
84
45995
79
46906
190
47097
32
48138
16
48579
16
48609
16
48639
16
48669
16
48699
16
48729
16
48759
16
48789
16
48819
16
48839
16
48869
16
48899
16
48929
16
48959
16
48989
16
49019
16
49049
16
49080
16
49110
16
49140
16
49170
16
49200
16
49230
16
49250
16
49280
16
49310
16
49340
16
49370
16
49400
16
49430
16
49460
16
49490
16
49520
16
49550
16
49580
16
49610
16
49630
16
49660
16
49690
16
49720
16
49751
16
49781
16
49811
16
49841
16
49871
16
49901
16
49931
16
49961
16
49991
16
50021
16
50041
16
50071
16
50101
16
50131
16
50161
16
50191
16
50221
16
50241
65
50411
32
50942
79
51343
67
51473
67
51633
72
51723
73
51723
85
51803
79
52324
8
52464
8
53205
79
53356
32
53576
69
53716
32
54668
67
54918
82
55078
79
55329
67
55469
69
55619
32
56991
68
57101
73
57251
82
57341
69
57632
73
57802
32
57992
67
58173
72
58223
69
58393
32
58683
77
59184
8
59525
81
59745
85
59955
69
60145
83
60336
84
60576
65
60756
32
61457
186
61648
32
62078
76
62539
219
62949
85
63190
76
63490
84
63580
73
64181
8
64311
8
64462
8
64612
8
64742
8
64982
65
65203
32
65523
80
65794
69
66204
78
66344
85
66555
84
67025
8
67286
76
67456
84
67987
73
68217
77
68347
65
68698
32
69389
82
69539
73
69879
71
70020
65
71161
32
71332
69
71442
32
72023
81
72123
85
72223
65
72393
76
72513
67
72643
79
72854
83
72964
65
73064
32
73274
77
73354
73
73575
32
73775
68
73855
73
74156
67
74226
69
74436
32
75498
67
75828
72
75948
69
76078
32
76249
83
76389
79
76549
78
76639
79
76910
32
77090
65
77260
80
77380
80
77781
69
77981
78
78111
65
78262
32
78542
65
79233
82
79353
82
79473
73
79674
86
79774
65
80535
84
80685
79
80975
32
81386
65
82107
76
82227
76
82838
219
83169
85
83409
76
83559
84
83669
73
83819
77
83990
65
85161
190
85382
32
87695
16
88136
16
88166
16
88196
16
88226
16
88256
16
88286
16
88306
16
88336
16
88366
16
88396
16
88426
16
88456
16
88486
16
88516
16
88546
16
88576
16
88606
16
88636
16
88666
16
88697
16
88717
16
88747
16
88777
16
88807
16
88837
16
88867
16
88897
16
88927
69
89408
219
89608
32
90119
83
90329
84
90399
65
90810
84
90960
79
91140
32
91681
70
91741
65
92161
67
92302
73
92462
76
92612
69
92752
32
93574
80
93674
69
93764
82
94124
32
94525
77
94645
69
96818
190
98030
69
00694
8
