16573
16
16683
84
16893
82
17174
65
17384
32
17685
81
17785
85
17955
65
18075
76
18255
67
18436
72
18636
69
18806
32
19007
80
19227
85
19447
78
19738
84
19918
65
20188
84
20368
65
20839
32
21460
73
21590
76
21770
32
21941
67
22141
65
22251
80
22371
73
22592
84
22852
65
22982
78
23132
79
23353
32
23633
16
24124
16
24154
16
24184
16
24214
16
24244
16
24264
74
24514
69
24765
65
24955
78
25245
32
25446
16
25706
76
26107
85
27098
75
27258
69
27369
32
27539
16
27779
80
28040
73
28620
67
28881
75
29041
65
29271
82
29502
68
29992
32
30443
65
30693
82
30834
82
30964
73
31184
86
31595
69
31785
82
32576
222
32706
65
32836
32
33177
78
33327
69
33467
76
33597
76
33848
79
34078
32
34268
83
34579
80
34779
65
35030
90
35200
73
35350
79
35580
32
35791
16
35991
66
36211
79
36432
82
36752
71
37052
32
37393
69
37543
32
37984
83
38124
73
38224
32
38485
84
38685
82
38825
79
39085
86
39266
69
39496
82
40177
222
40598
65
40848
32
41098
73
41248
78
41429
32
41619
71
41729
85
41889
65
42010
73
42250
32
42480
84
42630
82
42881
69
43021
77
43131
69
43301
78
43452
68
43612
73
43892
188
44093
32
44323
80
44433
69
44613
82
44874
67
45004
72
45705
222
45835
69
45965
32
46226
83
46386
79
46536
78
46636
79
46837
32
46977
69
47177
83
47327
83
47528
69
47718
82
48138
73
48359
32
48779
68
48910
79
49140
84
49270
65
49370
84
49771
73
49971
32
50121
68
50241
73
50362
32
50482
85
50652
78
50812
65
50922
32
51133
84
51253
69
51493
67
51633
78
51784
79
51974
76
51984
188
52164
79
52665
71
52795
73
52945
65
54578
37
54718
37
54858
37
54998
37
55309
8
55569
39
55759
39
55910
39
56050
39
56540
32
56911
83
57031
80
57171
83
57692
8
57832
65
58894
86
59014
69
59134
78
59335
84
59485
79
59775
83
60036
65
60286
32
60476
69
60606
32
60767
83
60867
79
61037
78
61157
79
61327
32
61778
68
61968
69
62068
76
62269
32
62449
84
62579
85
62699
84
62850
84
62980
79
63470
32
63751
77
63901
65
64031
76
64452
86
64582
65
64842
71
64983
73
65343
188
65553
32
66705
8
66996
16
67206
186
68137
8
68267
8
68408
8
69619
73
69860
16
70070
186
70310
32
70611
76
71302
8
71552
73
71742
76
71923
32
72123
76
72323
79
72533
82
72654
79
72884
32
73184
83
73395
67
73505
79
73705
80
73875
79
74126
32
74416
16
74907
16
74937
16
74967
16
74997
16
75027
16
75057
16
75087
16
75117
16
75147
16
75177
16
75448
222
75578
69
75718
32
76619
81
76750
85
76870
69
77000
76
77150
76
77310
79
77531
32
77671
68
77791
73
77911
32
78132
65
78332
83
78482
83
78522
73
78732
77
78873
73
79073
76
79213
65
80365
82
80505
69
80675
32
80805
84
80956
85
81076
84
81206
84
81466
69
81627
32
81827
76
81947
69
82097
32
82227
82
82478
65
82738
90
82908
90
83139
69
83309
32
83459
68
83639
69
83790
76
83930
76
84140
222
84861
85
85082
78
85352
73
85682
86
85873
69
86083
82
86323
83
86413
79
86904
37
87395
37
87425
37
87595
37
87755
37
87926
37
88076
37
88446
8
89328
222
91320
222
91511
32
91661
85
92362
39
92853
39
92883
39
92913
39
92943
39
92973
39
93003
39
93033
39
93994
32
94175
69
94245
32
94495
76
94665
65
94765
32
94946
76
95146
79
95336
82
95456
79
95677
32
95887
84
96087
69
96318
67
96438
78
96578
79
96778
76
96969
79
97259
71
97389
73
97579
65
98561
32
99753
80
99893
69
00073
82
00283
32
00664
77
00814
73
01135
71
01245
76
01395
73
01555
79
01766
82
01986
65
02136
82
02276
69
02416
32
02607
76
02767
65
02867
32
03057
76
03298
82
03318
79
03859
8
03999
8
04680
79
04800
82
04880
79
08195
190
11439
13
11750
16
12070
76
13142
222
13422
32
13623
16
13793
69
13933
78
14163
84
14304
69
14504
82
14844
80
15115
82
15245
73
15756
83
15966
69
17829
32
18299
82
18419
73
18580
85
18770
83
18970
67
19080
73
19211
82
19872
222
20022
65
20132
32
20262
65
20372
32
20573
70
20833
85
21043
71
21664
71
21804
73
21935
82
22125
69
22646
188
22836
32
23016
80
23176
79
23427
82
23537
84
23717
65
24088
78
24268
68
24438
79
24568
32
24698
80
24799
69
24969
82
25900
222
26040
79
26191
32
26972
67
27072
79
27272
78
27462
32
27873
83
28083
69
28254
32
28464
85
28624
78
28754
65
28895
32
29065
83
29215
80
29375
65
29636
86
29776
69
29926
78
30156
84
30297
79
30617
83
30837
65
31018
32
31168
67
31358
69
31608
82
31799
69
31889
84
32380
8
32510
8
32630
84
32890
69
33701
90
33842
90
34052
65
36085
16
36235
186
36495
32
36766
16
36966
73
37287
32
37567
16
38028
66
38909
79
39229
82
39490
71
41052
32
41623
83
41733
79
41813
78
41943
79
42124
32
42935
77
43115
79
43325
76
43606
84
43896
79
44106
32
44387
79
44597
76
44857
84
45008
82
45188
69
45298
32
45508
76
45659
65
45789
32
46059
80
46239
79
46470
82
46730
84
46900
65
47031
84
47161
65
47351
32
47692
68
47892
69
48012
76
48132
76
48302
65
48453
32
48633
16
48813
70
48993
69
49224
68
49414
69
49614
82
49875
65
50115
90
50205
73
50345
79
50546
78
50726
69
50836
32
51147
16
51337
85
51487
78
51637
73
51848
84
52018
65
52138
32
52278
68
52458
69
52569
73
52769
32
52929
16
53220
80
53500
73
53730
65
53931
66
53951
78
54301
69
54662
84
54842
73
55363
37
55903
37
56084
37
56244
37
56574
8
56805
39
56955
39
57115
39
57345
39
57826
32
58026
69
58147
32
58337
68
58517
69
58657
76
58798
76
58938
69
59078
32
59769
65
59879
76
60099
84
60230
82
60410
69
60550
32
60710
65
60840
82
61371
8
61491
8
61662
82
62012
65
62613
90
62773
90
62994
69
63114
32
63274
68
63484
65
63624
76
64105
8
64366
32
64856
76
65047
79
65257
82
65347
79
65567
32
65848
67
65928
79
66098
78
66228
79
66428
83
66679
67
66879
73
67099
85
67450
84
67730
69
72137
190
76563
13
76803
16
77014
71
77144
76
77294
73
77544
32
77885
83
78025
84
78135
69
78326
83
78466
83
78576
73
78716
32
78856
16
79047
66
79277
79
79477
82
79678
71
79878
188
80078
32
80328
67
80439
79
80589
77
80749
85
80929
78
81190
81
81330
85
81460
69
82071
188
82271
32
83543
83
83633
79
83773
78
83894
79
84114
32
84274
73
84424
78
84615
32
85155
70
85286
85
85416
71
85676
65
85836
32
86057
68
86277
65
86437
32
86668
85
87379
78
87609
32
87819
65
88650
8
88871
8
89171
65
89382
32
89942
85
90153
76
90443
84
90583
69
90784
82
90884
73
91024
79
91184
82
91394
69
91565
32
92025
82
92266
65
92546
90
92646
90
92887
90
93167
65
93958
37
94098
37
94429
8
94649
39
94809
39
94960
39
95390
32
95600
67
95691
72
95831
69
95971
32
96702
73
96872
78
97163
69
97213
84
97653
8
97774
8
97904
84
98174
69
98905
78
99206
68
99386
69
99536
32
99726
83
99877
84
00337
69
00598
82
00798
77
00938
73
01178
78
01349
65
01599
82
02350
76
02510
73
03462
188
03652
32
03802
69
03902
32
04143
78
04283
69
04423
32
04754
72
04924
65
05054
32
05264
76
05465
65
05615
32
05835
84
06025
79
06456
8
06736
69
07417
67
07518
78
07678
79
07878
76
08078
79
08469
71
08579
73
08789
65
08990
32
09200
80
09340
69
09510
82
09641
32
09801
70
10051
65
10362
82
10492
76
11714
79
11854
37
12345
37
12375
37
12405
37
12435
37
12465
37
12495
37
12525
37
12565
37
12595
37
12625
37
12655
37
12685
37
12715
37
12745
37
12775
37
12805
37
12835
37
12865
37
12895
37
12935
37
12965
37
12995
37
13026
37
13056
37
13086
37
13116
37
13146
37
13176
37
13396
39
13747
39
13907
39
14327
8
14468
8
14598
8
15119
39
15609
39
15639
39
15669
39
15699
39
15729
39
15759
39
15789
39
15820
39
15860
39
15880
39
15920
39
15950
39
15980
39
16010
39
16040
39
16070
39
16100
39
16130
39
16160
39
16190
39
16230
39
16430
39
16581
39
16741
39
16861
39
18183
190
20997
32
21227
16
21388
76
21628
79
21858
32
22109
83
22319
67
22439
79
22659
78
22870
84
23040
82
23150
79
23360
32
23741
67
23891
79
24121
73
24402
32
24883
16
25033
66
25233
79
25423
82
25634
71
25844
32
26174
68
26405
65
26545
32
27266
67
27376
79
27546
77
27717
85
27897
78
28097
81
28257
85
28428
69
28558
32
28748
76
28928
65
29039
32
29249
80
29429
79
29659
83
29830
83
29950
73
30100
66
30240
73
30491
76
30531
73
31472
84
32103
222
32223
65
32353
32
33024
65
33205
76
33335
76
33505
65
33605
32
33755
16
33885
70
34086
69
34256
68
34436
69
34647
82
34957
65
35187
90
35338
73
35468
79
35648
78
35808
69
36619
190
36800
190
36970
190
