25160
78
25380
79
25550
78
25770
32
25880
83
25990
79
26150
32
26260
80
26430
69
26590
82
26760
67
26870
72
27140
16
27250
186
27520
32
28290
72
28510
79
28620
32
28730
68
28900
69
29010
67
29230
73
29390
83
29560
79
29670
32
29830
68
29940
73
30110
32
30220
83
30330
67
30550
82
30710
73
30930
86
34340
69
34500
82
34610
69
34830
32
35270
73
35430
78
35600
78
35600
32
35760
81
36370
8
36700
8
36860
8
37080
32
37630
81
37800
85
37910
69
38070
83
38240
84
38450
79
38620
32
43340
83
43510
80
43510
79
43620
65
44110
8
44330
8
44830
65
45600
90
45710
73
45870
79
46090
190
46470
32
47240
80
47410
69
47520
82
47630
32
47790
77
47900
65
48010
78
48180
73
48230
69
48450
32
48730
68
48840
73
49000
32
49110
80
49280
82
49330
79
49600
84
49710
65
49930
71
50100
79
50320
78
50480
79
50810
8
50980
73
51200
83
51310
77
51470
79
51690
188
51860
32
52850
80
52960
69
53070
82
53230
32
53450
80
53610
79
53830
84
53940
69
54050
82
54220
32
54330
68
54490
73
54660
82
54770
69
54930
32
55040
73
55210
79
55320
32
55920
67
56090
219
56250
69
56360
82
56800
79
57020
190
57290
32
59000
80
59220
69
59270
82
59490
32
72230
46
72560
16
72730
80
75150
46
75420
16
75580
80
76460
46
76460
35
77120
8
77230
8
77840
69
77950
82
78170
32
78330
65
78500
73
78660
85
78880
84
78990
65
79100
82
79210
69
79320
32
80030
81
80200
85
80310
65
80420
76
80530
67
80800
85
81020
78
81190
79
81300
32
81460
67
81520
72
81680
69
81740
32
81850
77
82010
79
82180
76
82290
84
82400
79
82510
32
82620
80
82780
82
82890
79
83160
66
83330
65
83550
66
83770
73
83930
76
84100
77
84210
69
84320
78
84480
84
84590
69
84700
32
84870
78
85030
79
85200
78
85360
32
85530
65
85640
86
85800
82
86240
222
86400
32
86680
66
86900
73
90140
83
90410
79
90580
71
90800
78
90960
79
91070
32
91240
68
94310
69
94480
76
94700
32
94810
77
95030
73
95140
79
95300
32
95470
65
96180
73
96350
85
96570
84
96790
79
97060
190
97830
32
13760
46
14090
16
14250
78
16170
16
16340
80
16500
69
16610
82
16780
32
17110
67
17380
85
17770
82
18040
73
18210
79
18430
83
18810
73
19030
84
20130
65
20460
188
20680
32
20840
79
21120
69
24740
8
24910
8
25460
80
25570
69
25680
82
25840
32
26060
86
26170
69
26610
8
26780
8
27380
83
27600
67
27600
86
27760
79
28480
8
28860
8
29580
79
29740
80
29910
82
30020
73
30240
82
30350
69
30510
32
30620
67
30780
79
31000
77
31170
69
31330
32
31830
76
31990
65
32160
32
33370
77
33530
73
33700
65
33810
32
33970
77
34080
69
34190
78
34350
84
34460
69
34630
32
35290
8
35560
8
35670
8
35730
8
35780
8
35840
8
35950
8
36000
8
36060
8
36170
8
36220
8
36280
8
36330
8
36440
8
36500
8
36550
8
36770
8
37160
8
37760
83
37930
69
38090
32
39460
82
39680
73
39850
83
40120
67
40290
79
40450
32
40560
65
40670
32
64950
82
65440
73
65660
69
65770
77
65990
80
66160
73
66380
82
66490
69
66600
32
67310
84
67530
85
67690
84
67860
84
68080
79
68240
32
68520
81
68680
85
68790
69
69010
83
69120
84
69340
79
69510
32
69620
83
69730
80
69890
65
70170
90
70330
73
70500
79
70660
32
72910
8
73300
188
73460
32
73570
80
73740
69
73850
82
74010
32
74230
76
74340
69
74940
71
75050
71
75160
69
75330
82
75380
69
75770
32
75930
69
76260
8
76700
76
76870
69
76920
32
77090
77
77250
73
77360
69
77420
32
77580
83
77690
84
78130
82
78240
79
78460
78
78730
90
78950
65
79060
84
79170
69
79500
190
83460
32
84120
16
84230
80
84450
69
84560
82
84670
67
84830
72
85050
16
85220
186
85440
32
86040
81
86200
85
86310
69
86530
83
86640
84
86750
65
86860
32
87630
186
87800
32
88070
76
88290
219
88510
85
88680
78
88840
73
89010
67
89170
65
89230
32
89390
77
89610
65
89720
73
89830
76
89990
32
90210
67
90540
72
90650
69
90870
32
91310
77
91480
73
91590
32
92030
186
92190
32
92410
65
92520
82
92630
82
92850
73
93020
86
93180
65
93240
84
93400
65
94060
32
94220
69
94390
68
94550
32
94990
186
95160
32
95320
80
95490
73
95710
65
96370
67
96530
69
97190
86
97300
79
97460
76
97570
69
97680
32
97790
82
98010
73
98400
83
98510
80
98670
79
98890
78
99060
68
99220
69
99390
82
99500
69
13890
46
14160
190
14880
39
15480
46
15970
16
15970
191
16470
80
17020
37
17400
8
17730
39
17950
39
18120
39
18560
32
19160
79
19380
66
19490
66
19710
76
19870
73
20040
71
20200
65
20310
82
20420
69
20590
32
20860
81
21520
85
21630
65
21740
76
21910
67
22020
85
22240
78
22400
79
22510
32
22950
65
23940
46
24320
32
26080
39
26360
39
26410
39
26520
39
26570
39
26630
39
26740
39
26790
39
27010
40
27510
35
28440
190
29210
13
29930
16
30200
16
30200
80
30580
82
30690
69
30910
67
31080
71
31410
8
31630
72
31960
16
32070
186
32290
188
32450
32
32670
70
32840
79
32950
82
33440
83
33610
69
33820
188
33820
77
34320
8
34540
32
35250
82
35580
73
35750
69
35800
77
35970
80
36130
73
36350
82
36410
69
36570
32
37450
81
37670
85
37780
69
38000
83
38110
84
38440
79
38600
32
38820
83
38930
79
39540
8
39760
80
39870
65
40090
90
40250
73
40420
79
40580
32
40970
186
41130
32
41790
85
41950
78
42170
79
42340
32
42560
68
42720
69
42830
73
43000
32
43160
77
43330
79
43710
68
43820
73
43990
32
44100
80
44260
69
45030
82
45190
32
45410
82
45630
73
45740
69
45850
77
46020
80
46180
73
46400
82
46510
69
46620
32
46840
85
47010
78
47170
32
47720
66
47940
85
48160
67
48330
79
48550
190
50250
38
51020
36
51350
39
51950
46
52500
39
53210
82
54860
37
55140
37
55520
37
56010
13
56450
38
61010
37
61400
32
62440
16
62610
80
62610
79
62770
69
63370
8
63650
8
64310
69
64420
82
65130
32
71390
46
71720
190
72820
39
73590
46
74030
16
74250
80
77990
40
78310
40
78640
37
78920
37
79030
37
79080
37
79140
37
79250
37
79300
37
79360
37
79910
8
80460
8
80950
222
81230
190
81770
39
82100
46
82540
16
82710
80
85450
40
86060
40
87820
35
37740
65
37850
86
38020
69
38130
82
38240
69
38350
32
38510
85
38680
78
38790
65
38900
32
39010
83
39280
67
39940
85
40110
83
40270
65
40440
32
40550
80
40710
69
40820
82
40980
32
41200
82
41310
69
41640
83
42190
84
42300
65
42410
82
42580
69
42630
32
42800
67
42910
79
43070
78
43240
78
43400
69
43620
83
43790
83
44060
79
44280
32
44770
8
44940
8
45100
65
51700
8
51970
8
52020
8
52130
8
52190
8
52240
8
52300
8
52410
8
52460
8
52520
8
52630
8
52680
8
52740
8
52790
8
52900
8
53070
8
54220
78
54440
79
54610
78
54770
32
54940
73
55210
84
55320
69
55870
82
56030
82
56200
79
56360
80
56580
82
56750
69
57240
32
57630
8
57790
8
58010
8
58340
8
60320
8
60590
8
61360
79
61580
77
66310
78
70040
82
70530
35
71800
80
71910
69
72070
82
72130
69
72290
32
72460
76
72620
65
72790
32
73390
67
73560
79
73940
78
74270
78
74490
69
74650
83
74820
83
74930
73
75090
79
75260
78
75370
69
81570
190
81850
32
82340
16
82510
80
82730
69
82840
82
83000
67
84100
72
84430
16
84540
186
84820
32
84980
65
85140
76
85310
76
86680
69
86850
32
87070
50
87450
57
87620
32
87840
69
87890
32
88500
50
89040
57
90200
8
90470
8
90580
8
90640
8
90690
8
90800
8
91190
8
91680
86
91790
69
95470
78
95690
84
95910
73
96130
84
96290
82
96400
69
96570
32
96900
8
97060
69
97780
86
97890
69
98050
78
98220
84
98440
73
98440
79
98600
78
98770
79
99150
86
99320
69
00410
37
00630
37
00800
37
00960
37
01350
8
02010
35
03710
32
04480
68
04640
79
04810
80
04970
79
05140
32
08820
8
09090
8
09150
8
09200
8
09590
8
10520
83
10690
73
10790
32
10960
84
11070
69
11230
78
11400
68
11560
69
11730
32
11890
65
12000
32
12610
70
12720
65
12830
82
12940
69
13050
32
13210
65
13490
90
13600
73
13710
79
13870
78
14040
73
14200
32
14310
83
14530
67
14640
79
14860
78
15080
83
15240
73
15570
68
15740
69
15900
82
16010
65
16120
84
16230
69
16560
190
36990
32
56710
16
56880
80
57040
69
57210
82
57370
67
57540
72
57760
16
57980
186
58200
32
59130
72
60010
8
62150
78
62370
79
62530
78
62750
32
62970
67
63140
82
63300
69
63470
68
63740
79
64400
32
64570
78
65060
69
65940
8
66210
8
66320
8
66380
8
66430
8
66540
8
66600
8
66650
8
66710
8
66820
8
66870
8
67260
8
68580
186
68740
32
69020
85
69180
78
69350
32
69460
84
69620
69
69780
83
69950
84
70110
32
70280
67
70500
85
70990
82
71210
73
71380
79
71540
83
71710
79
72040
32
72860
68
73030
73
73190
32
73460
67
73570
85
73740
73
73850
32
74010
78
74180
79
74340
78
74560
32
74730
72
74950
79
75060
32
75330
67
75500
65
76100
80
76320
73
76870
84
77140
79
77310
32
77530
76
77640
65
77750
32
77970
70
78300
85
78460
78
78630
90
78790
73
78900
79
79070
78
79230
69
79450
190
07370
85
07540
78
07650
65
07810
32
08530
67
08690
79
08970
83
09130
65
09190
32
09350
68
09520
73
09740
86
09840
69
09950
82
10120
83
10280
65
10390
32
10610
68
10720
65
10830
32
10940
70
11050
65
11220
82
11270
69
12150
190
12430
32
12870
16
13030
80
13200
69
13310
82
13470
67
13630
72
13850
16
13960
186
14130
32
14350
77
14510
73
14620
32
14790
83
14840
84
15010
65
15060
86
15280
79
15500
32
15670
65
15780
78
15940
78
16110
79
16220
73
16440
65
16660
78
16930
68
17100
79
17590
190
18080
32
18800
16
18960
80
19130
69
19290
82
19460
67
19570
72
19840
16
19950
186
20230
32
20390
78
20610
79
20780
78
20940
32
21100
67
21270
219
21490
16
21600
186
21870
32
22700
80
22860
73
23470
191
23630
32
23960
78
24130
85
24290
76
24460
76
24560
65
24840
32
25000
65
25170
32
25720
8
25990
8
26100
8
26160
8
26930
65
27150
32
27310
65
27420
76
27530
76
27640
65
27750
32
27860
84
27970
69
28240
76
28350
69
28630
86
28850
73
29010
83
29180
73
30830
79
30990
78
31210
69
31430
190
31600
32
31980
16
32250
16
32310
16
32360
80
32470
69
32690
82
32800
67
32970
72
35710
16
35880
186
36100
32
36810
78
36980
79
37200
78
37310
32
37470
72
37640
79
37800
32
38020
83
38130
79
38350
78
38520
78
38680
79
38960
190
57080
40
57470
35
57740
46
58890
82
59550
40
59830
40
59880
40
60100
35
60430
13
61690
8
