96096
16
96216
78
96687
79
96997
78
98289
32
98299
83
98309
79
98319
78
98329
79
98419
32
99110
83
99270
79
99471
76
99691
73
00252
84
00382
79
00943
32
06220
80
06451
65
07332
82
07562
84
07742
69
08113
67
08253
73
08584
80
08764
65
09024
82
09185
69
09365
32
09565
65
09705
32
10677
81
10867
85
11087
69
11308
83
11538
84
12139
79
12299
32
12900
84
13040
79
13701
8
14222
73
14362
80
14532
79
14692
32
15283
68
15464
73
15634
32
17607
69
17877
83
18157
80
18358
69
18708
82
19059
73
19399
77
19569
69
19800
78
20160
84
20651
73
20821
32
21863
77
22133
65
22303
32
23675
86
24126
73
25979
83
26099
84
26670
79
26810
32
28683
75
28843
69
28993
32
29714
8
30555
8
30705
8
31837
67
31927
72
31977
67
32348
69
32478
32
33580
8
33740
8
33890
8
34701
69
34871
32
35402
76
37105
8
37245
8
37395
8
37575
8
37866
8
38837
75
39007
69
39218
32
39678
76
40760
222
41301
69
41611
83
41831
80
42022
69
42432
82
42623
73
42933
77
43073
69
43254
78
43744
84
43904
79
44095
32
44385
77
44585
73
44726
32
44936
80
45116
65
45357
82
45527
69
45687
32
46007
73
46258
78
46588
84
46749
69
47389
82
47540
69
47810
83
47990
83
48141
65
48371
78
48741
84
48892
69
49032
32
51185
69
51355
32
52196
72
52357
79
52497
32
52757
85
53008
78
53168
32
53528
80
53709
79
55020
222
55221
32
55561
68
55701
73
55882
32
56152
84
56282
69
56633
77
56993
80
57174
79
57344
32
58656
76
58866
73
59347
66
59537
69
59757
82
60408
79
60679
32
64804
37
65315
37
65345
37
65375
37
65415
37
65445
37
65475
37
65506
37
65536
37
65576
37
65606
37
65636
37
65666
37
65696
37
65726
37
65766
37
65796
37
65826
37
65856
37
65886
37
65926
37
65956
37
65986
37
66016
37
66046
37
66086
37
66116
37
66146
37
66176
37
66217
37
66247
37
66277
37
66307
37
66337
37
66367
37
66407
37
66437
37
66467
37
66497
37
66527
37
66567
37
66597
37
66627
37
66657
37
66687
37
66727
37
66757
37
66787
37
66817
37
66847
37
66877
37
66918
37
66948
37
66978
37
67008
37
67048
37
67078
37
67108
37
67138
37
67168
37
67468
39
68129
8
69111
222
70823
32
71694
69
72345
39
72856
39
72886
39
72916
39
72946
39
72986
39
73016
39
73046
39
73076
39
73106
39
73146
39
73177
39
73207
39
73237
39
73267
39
73307
39
73337
39
73367
39
73397
39
73427
39
73467
39
73497
39
73527
39
73557
39
73587
39
73627
39
73657
39
73687
39
73717
39
73747
39
73787
39
73817
39
73847
39
73878
39
73908
39
73948
39
73978
39
74008
39
74038
39
74068
39
74098
39
74138
39
74168
39
74198
39
74228
39
74258
39
74298
39
74328
39
74358
39
74388
39
74418
39
74458
39
74488
39
74518
39
74549
39
74579
39
74619
39
74649
39
74679
39
74709
39
75009
37
76231
39
81158
72
81328
79
81478
32
82029
80
82169
69
82400
78
82650
83
82860
65
83501
84
83712
79
83862
32
84232
66
84373
69
84643
78
84763
69
84943
32
85174
68
85324
73
85504
32
85644
68
85935
65
86145
82
86335
69
86826
8
86996
8
87127
8
87287
8
87447
8
87617
8
87788
8
88689
68
88849
73
89019
32
89520
67
89680
79
89991
78
90351
84
90511
82
90882
73
91323
66
91583
85
91753
73
92114
82
92274
69
92484
32
92805
65
92995
78
93406
67
94187
72
95308
222
95469
32
95909
73
96079
79
96270
32
96560
65
96770
76
96901
76
97061
65
97271
32
97662
66
97862
85
98072
79
98473
78
98623
65
98793
32
99214
82
99464
73
99665
85
99995
83
00245
67
00496
73
00826
84
00987
65
01157
32
01507
68
01698
73
01848
32
02188
81
02459
85
02769
69
03150
83
03310
84
03891
79
04992
16
05183
222
06104
32
07296
37
07416
32
07536
39
08437
80
08828
82
08998
79
09729
71
09909
69
10040
84
10180
84
10871
79
11021
16
11602
16
11872
222
12123
32
13464
190
14115
32
50097
32
50798
8
51299
16
51409
76
51760
79
51990
83
52981
8
53152
32
53652
83
53843
80
54173
65
54644
90
54804
73
54974
79
55154
32
55485
68
55595
65
55765
32
56066
82
56586
73
56737
69
56897
77
57348
8
57498
8
57628
8
57868
8
58629
79
59140
67
59280
67
59451
85
59781
80
59911
65
60162
82
60332
69
60562
32
63717
69
64488
222
64618
32
65269
84
65399
65
65619
78
66000
84
66170
79
66351
32
66621
82
66881
73
67202
83
67442
80
67652
69
67903
84
68023
84
68504
79
68694
32
68904
76
69084
69
69265
32
69565
67
69765
79
70016
83
70266
69
70466
32
71077
75
71207
69
71408
32
72079
72
72269
79
72449
32
72680
68
72880
65
73050
32
73431
82
73561
65
74112
67
74242
67
74422
79
74713
78
74983
84
75083
65
75273
82
75574
69
75744
32
76435
77
76575
65
76735
32
77036
73
77286
78
77466
32
77817
81
78097
85
78899
65
81562
76
82644
75
82834
69
82994
32
83575
77
83906
79
84406
68
84557
79
84777
32
85568
86
85758
69
86059
68
86469
82
88082
79
88873
222
89133
32
97355
8
97525
8
97666
8
97816
8
97956
8
98186
8
98337
8
98487
8
98677
8
00980
8
02502
83
02743
219
02913
69
03204
82
03714
73
03995
77
04055
69
04325
78
04716
84
04886
79
07690
8
07850
8
08020
8
08211
8
08401
8
08561
8
08741
8
08912
8
09092
8
09252
8
09593
8
10314
67
10524
79
10714
83
10955
69
13448
37
13949
37
13979
37
14009
37
14039
37
14079
37
14109
37
14139
37
14169
37
14199
37
14239
37
14269
37
14299
37
14330
37
14360
37
14400
37
14430
37
14460
37
14490
37
14520
37
14560
37
14590
37
14620
37
14650
37
14680
37
14720
37
14750
37
14780
37
14810
37
14840
37
14880
37
14910
37
14940
37
14970
37
15000
37
15041
37
15071
37
15101
37
15131
37
15161
37
15201
37
15231
37
15261
37
15291
37
15321
37
15351
40
16723
46
17174
80
17965
39
18475
39
18506
39
18536
39
18566
39
18596
39
18636
39
18666
39
18696
39
18726
39
18756
39
18796
39
18826
39
18856
39
18886
39
18916
39
18956
39
18986
39
19016
39
19046
39
19076
39
19116
39
19146
39
19176
39
19207
39
19237
39
19277
39
19307
39
19337
39
19367
39
19397
39
19427
39
19467
39
19497
39
19527
39
19557
39
19587
39
19627
39
19657
39
19687
39
19717
39
19747
39
19787
39
19817
39
19847
39
19877
39
19908
39
19948
39
19978
39
20008
39
20038
39
20068
39
20108
39
20138
39
20168
39
20198
39
20228
39
20258
39
20298
39
20328
39
20358
39
20388
39
20428
39
20458
39
20699
37
21330
39
21840
39
21870
39
21900
39
21930
39
21960
39
21991
39
22031
39
22061
39
22091
39
22121
39
22161
39
22191
39
22221
39
22251
39
22281
39
22311
39
22351
39
22381
39
22411
39
22441
39
22471
39
22511
39
22541
39
22571
39
22601
39
22631
39
22671
39
22702
39
22732
39
22762
39
22792
39
22832
39
22862
39
22892
39
22922
39
22952
39
23292
39
23793
39
23833
39
23863
39
23893
39
23923
39
23953
39
23983
39
24023
39
24053
39
24084
39
24114
39
24144
39
24184
39
24214
39
24244
39
24274
39
24304
39
24344
39
24374
39
24404
39
24434
39
24464
39
24504
39
24534
39
24564
39
24594
39
24624
39
24664
39
24694
39
24724
39
24754
39
24785
39
24815
39
24855
39
24885
39
24915
39
24945
39
24985
39
25015
39
25045
39
25075
39
25105
39
25135
39
25175
39
25205
39
25235
39
25265
39
25305
39
25335
39
25365
39
25395
39
25425
39
25456
39
25496
39
25526
39
25556
39
25586
39
25616
39
25656
39
25686
39
25716
39
25746
39
25776
39
25816
39
25846
39
25876
39
25906
39
25936
39
25976
39
26006
39
26036
39
26066
39
26096
39
26136
39
26167
39
26197
39
26227
39
26257
39
26297
39
26327
39
26357
39
26387
39
26417
39
26457
39
26487
39
26517
39
26547
39
26577
39
26607
39
26647
39
26677
39
26707
39
26737
39
26767
39
26807
39
26837
39
26868
39
26898
39
26928
39
26968
39
26998
39
27028
39
27058
39
27088
39
27128
39
27158
39
27188
39
27218
39
27248
39
27288
39
27318
39
27348
39
27378
39
27408
39
27448
39
27478
39
27508
39
27538
39
27569
39
27599
39
27639
39
27669
39
27699
39
27729
39
27769
39
28089
39
28310
39
28470
39
35500
68
35730
73
35931
32
36281
82
36551
73
36762
69
37052
77
37433
80
38024
73
38404
82
38534
69
38755
32
39085
81
39275
85
39496
69
39726
83
39876
84
40357
79
40537
32
40758
83
40938
80
41098
65
41408
90
41629
73
41819
79
41969
32
42320
76
42540
73
44984
8
45174
8
48128
8
48439
8
48579
8
48729
8
48939
8
49079
8
49260
8
49420
8
49580
8
49730
8
49871
8
50011
8
50231
8
50401
8
51022
76
51172
79
51363
32
51583
83
52034
80
52154
65
52424
90
52685
73
52875
79
53055
32
53456
68
53626
73
54157
83
54327
80
54517
79
54968
78
55238
73
55789
66
55949
73
56200
76
56490
69
68257
16
68367
49
68668
32
73034
16
73154
77
73535
65
73735
78
74176
67
74386
65
74566
32
74756
65
75037
78
75487
67
75628
79
75978
82
76088
65
76279
32
76569
85
76819
78
77030
32
77761
8
77951
8
78432
8
80184
8
80364
8
80505
8
80645
8
80775
8
80865
8
80955
8
81096
8
81336
8
82127
65
82357
78
82618
79
82788
32
82948
65
83128
78
83629
67
83789
79
84140
82
84290
65
84450
32
84651
84
84821
82
85071
69
85282
78
85552
84
85702
65
85862
32
86093
77
86303
73
86934
78
87214
85
87665
84
87825
73
87975
32
89508
8
91490
8
91991
8
92021
8
92061
8
92091
8
92121
8
92151
8
92181
8
92222
8
92252
8
92282
8
92312
8
92342
8
92382
8
92412
8
92442
8
92472
8
92502
8
92532
8
92572
8
92602
8
92632
8
92662
8
92692
8
92732
8
92762
8
92792
8
92822
8
92973
8
93734
32
03378
16
03528
69
05390
222
05491
32
06853
73
07163
78
07634
67
07894
82
08064
69
08936
68
09086
73
09566
66
09717
73
09977
76
10217
69
10428
32
10708
67
10878
79
11179
77
11319
69
11479
32
11810
85
12030
78
12180
32
12531
80
12921
82
13061
65
13462
78
13853
90
14003
79
14183
32
14323
65
14514
32
14724
66
14794
65
15185
83
15545
69
15695
32
15956
68
16166
73
16366
32
16977
80
17197
73
17598
90
17708
90
17898
65
18059
32
19320
69
19461
32
24909
80
25099
65
25389
84
25499
65
25680
84
25930
69
26100
32
26521
66
26681
79
26992
76
27122
76
27602
73
27993
84
28123
69
28293
32
28724
80
28884
79
29165
83
29335
83
29535
65
29745
32
66108
8
66298
8
66448
8
66588
8
66749
8
67169
8
69493
70
69623
65
69773
67
69883
67
70534
73
70674
65
70835
32
71165
86
71916
8
72417
8
72447
8
72487
8
72517
8
72547
8
72577
8
72607
8
72647
8
72677
8
72707
8
72737
8
72767
8
72807
8
72837
8
72867
8
72898
8
72928
8
72968
8
72998
8
73028
8
73058
8
73088
8
73128
8
73158
8
73188
8
73218
8
73248
8
73278
8
73318
8
73348
8
73378
8
73408
8
73448
8
73478
8
73508
8
73538
8
73568
8
73609
8
73639
8
73669
8
73699
8
73729
8
73759
8
73799
8
73829
8
73859
8
73889
8
73919
8
73959
8
73989
8
74019
8
74049
8
74079
8
74119
8
74149
8
74179
8
74209
8
74239
8
74279
8
74310
8
74340
8
74370
8
74400
8
74440
8
74470
8
74500
8
74530
8
74560
8
74600
8
74750
8
74920
8
75631
32
75852
78
75992
69
76262
76
76463
32
76683
77
76903
79
78766
68
79076
79
79327
32
79868
80
80108
73
80649
85
83062
222
83333
32
83663
78
83933
65
84184
84
84604
85
84875
82
84985
65
85385
76
85546
69
85696
32
85996
80
86127
79
86357
83
86507
83
86637
73
87178
66
87739
73
90072
76
90222
69
90853
32
91224
80
92015
82
92185
79
92355
80
92836
82
92976
73
93137
79
93357
32
93557
67
93747
79
94038
77
94208
69
94348
32
94539
82
94729
73
95490
75
95851
73
96171
69
96401
83
96562
84
97142
79
99556
16
00067
16
00097
16
00127
16
00157
49
00858
32
01298
16
01439
69
02710
222
02911
32
03121
73
03341
78
03732
67
03972
82
04112
69
04363
68
04583
73
05194
66
05364
73
05574
76
05965
69
06115
32
06306
67
06456
79
06716
77
06866
69
06997
32
07277
85
07497
78
07637
32
08018
80
08389
82
08539
65
08949
78
09330
90
09540
79
09740
32
10041
65
10171
32
10421
66
10642
65
10862
83
11082
69
11273
32
11463
68
11683
73
11864
32
12875
80
13226
73
14017
90
14147
90
14297
65
14477
32
15198
69
15329
32
15899
80
16080
79
16550
8
16700
65
17291
84
17412
65
17572
84
17742
69
17952
32
18243
65
18403
76
18593
32
19434
70
19615
79
20065
82
20246
78
20546
79
20726
32
21207
77
21367
69
21768
84
21888
84
22168
65
22329
32
22589
65
22749
68
22869
68
23490
79
24071
83
24211
83
24702
79
24922
32
25163
85
25463
78
25663
65
25814
32
36239
83
36409
86
36880
79
37450
71
37601
76
37841
73
38061
65
38602
84
38762
69
39373
90
39503
90
39654
65
39844
32
40825
68
40985
73
41266
70
41406
70
41526
73
41997
67
42107
73
42357
76
42568
69
42708
32
43149
68
43289
65
43439
32
44070
80
44521
82
44821
79
45232
86
45332
65
45622
82
45752
69
45963
32
46263
73
46724
78
46914
32
47124
65
47305
76
47695
84
47855
69
48516
8
48707
82
48947
69
49077
32
50018
83
50339
73
50749
84
50930
85
51190
65
51571
90
51761
73
51931
79
52272
78
52422
69
53373
8
53734
73
54465
190
54615
190
55556
8
55717
8
58461
190
58981
32
59142
16
59312
82
59863
73
60203
78
60754
71
60934
82
61104
65
61595
90
61895
73
62126
65
62326
82
62506
69
62657
32
63027
80
63197
79
63358
73
64559
8
64720
8
64880
8
65030
8
65581
32
65891
80
66502
69
66742
82
67694
79
68675
222
69617
32
70157
67
70348
72
70668
69
70808
32
71519
8
71650
8
71800
8
72170
8
73011
75
73152
69
73322
32
74864
67
75054
73
75295
32
75515
83
75675
79
75926
78
76156
79
76326
32
76527
73
76817
32
77067
67
77258
79
77618
77
77919
80
78079
65
79070
8
79951
65
80743
71
80883
78
81123
73
81313
32
81744
68
81884
73
82064
32
82425
67
82585
79
82976
82
83406
83
83587
79
83767
32
84368
75
84558
69
85369
8
86411
69
86531
32
86811
73
87082
78
87262
32
89155
85
89395
78
89555
32
89746
77
89956
79
90356
68
90507
79
90717
32
91228
79
91388
32
91738
78
91939
69
92269
76
92379
76
93491
222
24245
32
24606
71
24776
82
24956
65
25287
78
26358
39
26859
39
26889
39
26919
39
26959
39
26989
39
27019
39
27049
39
27079
39
27119
39
27149
39
27179
39
27209
39
27239
39
27280
39
27310
39
27340
39
27370
39
27400
39
27580
37
28091
37
28121
37
28151
37
28391
39
28892
39
28932
39
28962
39
28992
39
29022
39
29052
39
29082
39
29122
39
29152
39
29182
39
29212
39
29252
39
29282
39
29312
39
29342
39
29373
39
29403
39
29443
39
29473
39
29503
39
29533
39
29563
39
29603
39
29633
39
29663
39
29693
39
29723
39
29763
39
29793
39
29823
39
29853
39
29883
39
29923
39
29953
39
29983
39
30013
39
30043
39
30084
39
30114
39
30144
39
30174
39
30204
39
30234
39
30274
39
30304
39
30334
39
30364
39
30404
39
30434
39
30464
39
30494
39
30524
39
30554
39
30594
39
30624
39
30654
39
30684
39
30724
39
30754
39
30785
39
30815
39
31305
39
31806
39
31836
39
31876
39
31906
39
31936
39
31966
39
31996
39
32026
39
32066
39
32096
39
32126
39
32157
39
32197
39
32227
39
32257
39
32287
39
32317
39
32347
39
32387
39
32417
39
32447
39
32477
39
32507
39
32547
39
32577
39
32607
39
32637
39
32667
39
32707
39
32737
39
32767
39
32797
39
32827
39
32868
39
32898
39
32928
39
32958
39
32988
39
33028
39
33058
39
33088
39
33118
39
33148
39
33188
39
33218
39
33248
39
33278
39
33308
39
35571
222
36513
65
36663
76
37574
8
37755
8
38796
222
39006
32
39437
65
39577
76
40038
84
40298
82
40539
79
40759
32
40989
84
41300
73
41450
32
41891
82
42041
69
42381
78
43002
68
43202
79
43833
78
44094
79
44264
32
45406
107
45956
32
46577
80
46868
73
47308
65
47569
67
47789
69
48200
86
48600
79
48820
76
49051
69
49221
32
52085
85
52305
78
52476
32
52926
80
53097
79
53357
77
53587
69
53888
82
54138
73
54739
71
54889
71
55911
73
56111
79
56271
32
57463
75
57843
69
57974
32
58184
73
58434
78
58595
32
58915
85
59125
78
59286
32
59756
65
59946
76
60848
8
60998
8
61178
8
61359
8
61539
8
61719
8
61889
8
62090
8
62300
8
62831
8
71834
69
71994
32
72344
68
72505
73
72985
86
73135
69
73256
82
73586
83
73866
65
75158
77
75939
69
76090
78
76410
84
76560
69
76721
32
77071
83
77291
65
77482
82
77632
69
78313
66
78433
66
78543
69
78683
32
81938
83
82108
84
82259
65
82449
84
82970
79
83150
32
83460
68
83721
65
83901
32
84582
68
84742
73
85073
77
85243
69
85453
78
85934
84
86104
73
86535
67
86645
65
86825
82
86975
69
87716
32
88978
8
89779
16
89910
49
90290
32
90751
16
90951
83
91742
80
93034
69
93294
82
93475
79
93655
32
95077
8
95227
8
95367
8
95528
8
95678
8
95828
8
99273
16
99333
79
99824
82
99954
65
00164
32
00355
68
00535
69
01056
86
01286
79
01516
32
01937
80
02247
82
02408
79
02598
80
03119
82
03229
73
03419
79
03549
32
03820
65
04100
78
04511
68
04631
65
04781
82
04981
69
05182
32
06103
8
07054
16
07224
49
08967
32
09448
16
09548
69
10549
186
10970
8
11701
222
11871
32
12202
83
12352
84
12512
65
12632
84
13143
79
13343
32
13614
80
14124
73
14305
65
14705
67
14865
69
15927
8
16077
8
16247
8
16448
8
16638
8
16828
8
16988
8
17159
8
17299
8
17459
8
17619
8
17780
8
17960
8
19132
16
19252
83
19893
80
20093
69
20283
82
20564
79
20774
32
20964
68
21134
73
21295
32
21455
69
21735
83
21906
83
22176
69
22436
82
22567
69
22767
32
22977
83
23147
84
23258
65
23388
84
23838
79
24009
32
24269
83
24459
79
24860
68
25020
68
25170
73
25591
83
26462
70
26582
65
27073
67
27223
69
27604
78
27974
84
28094
69
32621
190
32741
190
32851
190
39020
8
39281
8
39461
8
39651
8
40162
8
40192
8
40222
8
40252
8
40292
8
40322
8
40352
8
40392
8
40422
8
40452
8
40482
8
40512
8
40542
8
40572
8
40612
8
40643
8
40673
8
40803
8
41303
8
41344
8
41374
8
41404
8
41434
8
41474
8
41504
8
41534
8
41564
8
41594
8
41624
8
41664
8
41794
8
41964
8
42115
8
42515
8
45199
32
45540
16
45660
65
46281
76
46461
32
46982
80
47362
82
47512
79
48033
83
48183
83
48334
73
48574
77
48824
79
49005
32
49255
69
49525
83
49806
80
50026
69
50246
82
50727
73
51017
77
51178
69
51338
78
51889
84
52049
79
54793
16
54913
49
59480
46
60231
45
61222
8
62824
45
63686
32
