94205
16
94415
78
94826
79
95377
78
97309
32
97820
82
97990
73
98110
69
98391
83
98611
67
98812
79
99012
32
99172
65
99352
32
00424
67
00854
65
01686
80
02287
73
02557
82
02767
69
02937
32
03108
67
03288
79
03538
77
03709
69
03989
32
04259
85
04520
78
04720
65
04880
32
05441
70
05571
65
05882
67
06042
79
06232
76
06513
84
11660
16
12131
16
12161
16
12181
65
12852
8
13853
17
13853
18
14114
65
15105
32
15696
68
15986
73
16207
32
16397
32
16978
8
17639
73
17909
78
18109
70
18360
79
18560
82
18850
77
19081
65
19471
84
19702
73
19962
67
20403
65
20643
32
21114
68
21324
73
21494
83
21905
80
22085
79
22355
78
22626
71
22786
65
22986
32
23197
68
23417
73
23627
32
23837
85
24068
78
24328
65
24518
32
26992
67
27333
79
27623
78
27803
78
27993
69
28244
83
28434
83
28624
73
28825
79
29085
78
29325
69
29506
32
30547
65
30777
76
30968
32
32550
87
32770
69
33201
66
33461
32
38729
77
39049
79
39290
76
39550
84
39710
79
39921
32
40151
76
40381
73
40632
77
40852
73
41222
84
41443
65
41633
84
41773
65
44657
37
45128
37
45158
37
45188
37
45218
37
45248
37
45278
37
45308
37
45338
37
45358
37
45388
37
45419
37
45869
39
46230
39
46981
39
47331
8
47512
8
47712
8
47892
8
48223
8
49534
67
49895
79
50115
83
51307
73
52699
222
54331
39
54792
39
54822
39
54852
39
54882
39
54912
39
54942
39
54972
39
55223
39
55974
190
56164
190
56324
190
56484
190
56665
190
56955
190
58277
16
58658
69
60700
222
64005
222
64396
16
64866
16
64897
16
64927
16
64947
222
65437
222
65908
222
66849
17
66859
18
67190
222
67811
8
68181
32
69153
79
69643
86
70324
86
70675
73
70885
79
71115
32
71546
67
71786
72
72017
69
72187
32
72738
65
73038
76
73319
67
73659
85
73889
78
74120
73
74360
32
74671
84
74881
73
75121
80
75342
73
75542
32
75762
68
75992
73
76213
32
76383
83
76704
73
76974
84
77154
73
77364
32
77525
68
77725
69
77955
86
78116
79
78356
78
78596
79
78787
32
79037
69
79277
83
79447
83
79638
69
79848
82
80028
69
80199
32
80449
67
80699
79
80960
78
81150
84
81360
82
81510
79
81731
76
81921
76
82031
65
82392
84
82582
73
82792
32
83043
80
83223
69
83453
82
83643
32
84044
78
84324
79
84575
78
84775
32
85076
80
85246
69
85446
82
85656
77
85837
69
86187
84
86377
84
86558
69
86688
82
86858
69
87128
32
89582
65
90523
32
91264
83
91415
84
91905
85
92106
68
92296
69
92566
78
92817
84
93047
73
93297
32
96332
67
96492
79
96752
78
96973
32
97203
80
97674
65
97914
82
98114
84
98535
73
98835
67
99096
79
99426
76
00408
82
01499
69
01830
32
14268
8
16651
8
16871
8
17072
8
17292
8
17753
8
17783
8
17813
8
17843
8
18063
8
18293
8
18474
8
18644
8
19826
78
20096
32
20987
80
21338
65
21929
82
22179
84
22449
73
22690
67
22920
79
23160
76
24402
65
24783
82
25023
69
25193
32
25714
80
25894
82
26105
69
26345
68
26675
73
26896
83
27096
80
27306
79
27487
83
27797
73
28097
90
28298
73
28508
79
28778
78
28999
69
29209
32
29760
80
29960
69
30391
82
30962
32
31422
76
31562
69
31763
32
32253
77
32424
65
32584
78
34146
79
34396
77
34627
73
34867
83
35037
83
35218
73
35408
79
35648
78
35889
73
36169
32
43470
188
45232
68
45432
73
45673
32
46844
65
47736
76
48597
84
48737
69
48887
82
49078
65
49248
82
49438
69
49859
32
50129
73
50349
76
50540
32
50890
67
51131
79
51391
82
51561
82
51761
69
52292
84
52462
84
52613
79
52803
32
53033
70
53244
85
53464
78
53654
90
53834
73
54035
79
54265
78
54445
65
54636
77
54856
69
55046
78
55347
84
55547
79
55737
32
55998
84
56258
69
56568
67
56939
78
57209
73
57430
67
57630
79
58291
32
58822
68
59302
69
59673
76
59873
76
60424
8
60624
8
60824
8
60995
8
61626
69
61756
32
61936
68
62086
73
62216
68
63488
65
63709
84
63889
84
64510
73
64790
67
65021
79
65251
32
65431
68
65651
69
65902
76
66092
76
66262
65
66473
32
66833
82
67043
69
67925
84
68305
69
73503
188
74394
32
86451
77
86592
65
86782
32
86942
83
87152
73
87373
32
87533
83
88074
65
88384
32
88875
86
89846
8
90097
67
90707
72
91058
69
91428
32
92991
85
93321
78
93832
32
94212
81
94463
85
94623
65
94924
76
95104
83
95344
73
95484
65
95715
83
95915
73
96135
32
97147
69
97337
32
97667
71
97798
69
97958
78
98068
69
98298
82
98779
73
98959
67
99190
79
99390
32
00251
83
00431
84
01082
85
01273
68
01583
69
01813
78
02044
84
02184
69
02354
32
02665
68
04798
73
05048
32
05228
73
05459
78
05709
70
05909
79
06060
82
06300
77
06510
65
06861
84
07071
73
07642
67
08092
65
09104
32
09725
68
10035
73
10175
83
10336
80
10526
79
10816
78
10967
69
11127
32
11277
68
11487
73
11698
32
11908
65
12218
76
12459
67
12739
85
13460
78
14271
69
14902
32
15223
67
15513
79
15874
78
16144
79
16294
83
16545
67
16755
69
16945
78
17376
90
17666
69
17897
32
18107
69
18267
32
18417
68
18598
73
18798
32
18988
65
19218
76
19399
67
19709
85
19929
78
20160
73
20370
32
20560
83
20781
84
20951
82
21392
73
21882
8
22453
85
22924
77
23034
69
23194
78
23374
84
23555
73
23785
32
24105
84
24286
65
24516
76
24736
73
24937
32
25077
67
25257
72
25407
69
25558
32
29173
73
29423
76
29704
32
29974
77
30194
79
30445
78
30615
68
30805
79
31015
32
31186
68
31366
69
31536
76
31726
32
31997
87
32197
69
32758
66
33108
32
34440
68
34801
73
35041
86
35322
69
36453
78
36633
84
37234
73
37585
32
38106
85
38366
78
40048
16
40289
222
40779
222
41470
222
41911
222
42081
16
42252
222
43083
17
43093
18
43353
222
44054
8
44254
8
44895
17
44905
18
45126
222
46277
79
46658
84
46808
84
46988
73
47209
77
47369
65
47519
32
47749
70
48110
79
48410
78
48711
84
49632
69
49852
32
51034
68
51265
73
51525
32
51966
73
52446
78
52687
70
52917
79
53097
82
53358
77
53608
65
53888
90
54109
73
54309
79
54579
78
54800
73
55050
32
56973
69
57423
32
57844
68
58124
73
58335
32
58555
77
58745
65
58956
84
59116
69
59306
82
59847
73
60017
65
60217
76
60408
69
60558
32
60748
68
60918
73
61049
68
61379
65
61619
84
61820
84
62230
73
62441
67
62681
79
63652
16
63903
49
64113
49
64323
49
64694
13
65595
84
65825
85
65986
84
66176
84
66306
73
66587
32
67077
81
67318
85
67508
69
68249
73
68690
32
69341
83
69731
73
69911
84
70993
8
71454
8
71484
8
71514
8
71544
8
71574
8
71604
8
71634
8
71664
8
71694
8
71724
8
71754
8
71944
8
72175
8
72976
73
73537
8
73997
16
74308
73
74578
78
74848
32
76050
80
76291
65
76931
82
77172
84
77362
73
77642
67
77803
79
78003
76
78143
65
78434
82
78644
69
78874
32
80927
84
81137
82
81318
79
81548
80
82049
8
82730
86
83000
79
83240
32
83481
85
83681
78
83891
32
84142
80
84803
16
84953
79
85774
8
86655
18
86806
79
87597
18
87767
79
88969
16
89439
16
89469
16
89499
16
89530
16
89540
79
90361
8
91492
79
93255
17
93275
18
93415
222
94236
32
94477
83
94687
84
94847
82
94967
65
95378
78
95789
79
95949
32
96159
73
96600
76
96790
32
97120
70
97251
65
97421
84
97581
84
98222
79
98412
32
98663
67
98863
72
99073
69
99223
32
99574
86
99724
69
99884
78
00245
71
00425
65
00646
78
00976
79
01186
32
02428
66
02739
76
02929
79
03139
67
03339
67
03640
65
04010
84
04241
73
04481
32
04691
65
04922
76
05122
67
05352
85
05553
78
05783
73
06003
32
06975
83
07355
73
07596
84
07766
73
08066
32
09088
68
09418
73
09769
32
10510
73
11461
78
14546
8
14806
8
16508
71
16719
82
16889
65
17199
78
17370
68
17580
69
17750
32
18241
73
18461
77
18701
80
18942
79
19152
82
19453
84
19593
65
19953
78
20083
90
20284
65
22217
32
22397
69
24600
86
25221
8
31029
8
31229
8
32101
32
32321
83
32591
67
32762
79
32972
76
33112
65
33323
83
33533
84
33933
73
34424
67
34765
65
35936
16
36207
57
36808
69
37208
88
38400
8
39241
83
40022
16
40333
186
40893
32
42586
87
42776
87
42976
87
43848
190
44008
83
44298
84
44769
85
45170
69
46431
8
46992
68
47172
69
47363
78
47633
84
47813
73
48174
190
48614
73
48745
84
49606
32
49906
188
50547
32
53161
87
53361
87
53552
87
54373
190
54593
65
54783
76
55064
77
55214
65
55645
76
55775
65
55965
85
56286
82
56416
69
56736
65
57337
190
57617
73
57788
84
59029
188
59250
32
