59520
87
59700
87
59901
87
60812
190
62565
69
64007
68
64247
83
65969
190
66370
73
66570
84
67281
32
67512
69
67782
67
67962
67
68874
190
69044
190
69204
190
69515
16
69625
48
69645
57
70336
8
73450
32
73991
69
74211
32
74462
73
74732
78
75002
86
75163
69
75453
67
75623
69
75894
32
83254
83
83575
73
83715
65
83875
78
84166
79
84406
32
86970
84
87460
79
87811
84
88382
65
88612
76
88852
77
89043
69
89173
78
89413
84
89573
69
89724
32
89994
65
90405
67
90585
67
90845
69
92638
83
92818
83
93018
73
93279
66
93559
73
93840
76
94110
73
94911
32
96373
65
96604
76
96904
84
97114
82
97315
73
97545
32
97825
83
98046
73
98336
84
98576
73
98827
32
02011
68
02312
73
02502
32
02642
67
02973
65
03243
84
03413
84
03854
73
04485
86
05296
79
05897
32
06257
71
06548
85
06778
83
07008
84
07479
79
08250
16
08611
49
08851
49
09091
49
10253
13
11164
16
11415
67
11845
79
12086
78
12296
32
12466
81
12657
85
12887
69
13117
83
13328
84
14129
79
14369
32
15120
78
15571
79
15871
78
16182
32
17393
83
17694
84
18114
79
18315
32
18415
67
18675
69
18896
82
19146
67
19436
65
19657
78
19867
68
20107
79
20308
32
20498
68
20698
73
20898
32
21329
67
21539
79
21770
76
21960
80
22160
69
22501
86
22901
79
23412
76
23652
73
24103
90
24283
90
24484
65
24784
82
24994
69
25145
32
25485
78
25645
69
25956
83
26136
83
26316
85
26537
78
26787
79
27007
32
28099
78
28319
69
28479
32
28910
84
29070
65
29311
78
29591
84
29881
79
30102
32
30392
77
30602
69
30833
78
31153
79
31404
32
39495
83
39806
84
40246
79
40497
32
41448
67
41949
82
42229
73
42469
84
42640
73
42940
67
43321
65
43511
78
43671
68
43982
79
44202
32
44422
73
44653
76
44813
32
45444
76
45654
65
45974
86
46175
79
46405
82
46575
79
46776
32
46946
68
47136
69
47336
76
47527
76
47717
79
47927
32
48148
83
48348
84
48498
65
48698
70
50651
32
51092
84
51202
69
51512
67
51753
78
52003
73
52173
67
52314
79
52494
32
52764
68
52975
69
53135
73
53315
32
53575
76
53726
65
54106
66
54527
79
54877
82
55017
65
55128
84
55598
79
55949
84
56520
8
57221
82
57381
82
58072
73
58442
8
58623
8
59314
73
59514
32
59724
68
59935
69
60125
76
60335
32
60676
84
60866
85
60996
84
61176
84
61357
79
61537
32
61777
82
62008
73
62258
83
62468
80
62638
69
62999
84
63179
84
63370
65
64932
66
65322
73
65563
76
65753
69
68257
188
68707
32
68988
65
69288
78
69548
90
69899
73
70129
32
72823
16
73104
69
73694
8
73915
69
74816
17
74836
18
74906
222
75687
32
76158
85
76398
78
77380
186
77780
79
78041
83
78221
83
78431
69
78812
82
79022
86
79172
65
79413
90
79623
73
79913
79
80164
78
80344
69
80514
32
80694
67
80885
72
81055
69
81205
32
81375
68
81546
79
82046
86
82307
82
82497
69
82998
66
83188
66
83358
69
83539
32
83879
83
84099
69
84390
82
84660
86
84910
73
85261
82
85481
69
85722
32
86363
80
86533
69
86723
82
86883
32
87354
77
87594
73
87815
71
87955
76
88155
73
88335
79
88496
82
88946
65
89187
82
89457
69
89858
32
06492
8
07403
17
07413
18
07673
222
12881
76
14513
17
14533
18
14733
222
15184
65
15755
8
16596
17
16616
18
16706
222
16997
222
17247
222
17557
222
17858
16
18028
222
18879
222
19670
17
19690
18
19851
222
20682
8
21353
65
21603
78
21974
68
22054
65
22474
77
22635
69
22785
78
22995
84
23206
79
23476
32
24207
84
24497
69
24798
67
25018
78
25299
73
25429
67
25609
79
28283
32
28613
69
28774
32
29515
68
29685
73
29855
68
30176
65
30566
84
30746
84
31147
73
31377
67
31638
79
31908
32
32679
68
32889
69
33090
76
33270
32
33741
76
33881
65
34111
66
34522
79
34802
82
35153
65
35894
84
36234
79
36425
82
36635
73
36905
79
40190
16
40450
49
40681
49
40861
49
41081
49
41472
13
44416
16
44626
82
45417
73
45638
83
45918
80
46078
69
46409
84
46589
84
46739
79
46930
32
48322
84
48672
65
48933
78
49253
84
49453
79
49684
32
53709
76
54100
65
54300
32
54831
80
55091
82
55372
79
55692
70
55903
69
57004
65
57024
83
57976
83
58396
8
58586
8
58897
8
59348
83
59698
83
59938
73
60139
79
60599
78
60780
65
60960
76
61160
73
61511
84
62572
16
62782
65
63544
8
64425
17
64445
18
64535
65
66738
32
67459
68
67669
69
67900
73
68130
32
68431
84
68541
69
68811
67
69112
78
69402
73
69572
67
69712
73
70554
32
71144
69
71505
32
72096
80
72246
69
72476
82
72707
32
73147
81
73508
85
73658
69
73918
83
74139
84
74579
79
74810
32
77073
77
77273
73
77474
32
77554
83
77774
69
78265
77
78675
66
79106
82
79597
69
80338
8
80558
65
80929
84
81109
79
83933
17
83953
18
84343
69
85004
17
85014
18
86016
32
88159
32
88770
71
89070
73
89261
85
89481
83
89671
84
90122
79
90372
32
91454
70
91714
65
91874
82
92045
69
92375
32
92615
65
92956
76
93206
67
93507
85
93737
78
93927
69
94087
32
94358
79
94568
83
94758
83
94959
69
95169
82
95479
86
95690
65
95960
90
96160
73
96381
79
96631
78
96881
73
97362
16
97542
49
97713
49
97943
49
98123
49
98574
13
04402
16
04603
67
05053
79
05264
76
05744
71
06485
79
07877
32
09349
8
09550
8
09740
8
09940
8
10721
78
11062
70
11302
73
11983
68
12234
79
12524
32
13395
78
13535
69
13846
76
15769
76
16099
65
16319
32
16840
86
17101
79
17331
83
17501
84
17661
82
17802
65
18012
32
18763
80
20606
8
21627
80
22158
82
22398
79
22639
70
22849
69
23109
83
23269
83
23420
73
23580
79
23800
78
23930
65
24061
76
24271
73
24541
84
25753
17
25773
18
25893
65
27215
32
27726
69
28076
32
28637
68
28988
73
29158
83
29298
80
29478
79
29769
78
30139
73
30390
66
30560
73
30790
76
31011
73
31331
84
31982
17
31992
18
32112
65
32723
16
32983
49
33184
49
33344
49
33604
13
34245
16
34516
78
34816
69
35026
76
35267
32
35597
70
35747
82
35858
65
36008
84
36198
84
36629
69
36869
77
37109
80
37320
79
37590
32
38561
67
38782
79
38972
76
39182
71
39323
79
39543
32
40094
76
41315
17
41325
18
41506
222
42427
79
42848
67
43028
67
43138
65
43348
83
43569
73
43789
79
44029
78
44230
69
44370
32
44630
80
44760
69
44961
82
45131
32
45622
80
45832
79
46052
82
46353
86
46553
73
46753
32
46974
73
47164
32
47374
77
47614
73
47815
69
48015
73
48215
32
48496
80
48736
73
49878
17
49888
18
50138
85
50839
32
51129
83
51390
73
51700
67
51951
69
52181
82
52451
73
52682
32
52872
83
53102
65
53273
76
53593
85
53813
84
54014
73
54635
32
76456
69
77127
32
77628
86
78098
73
78309
32
78759
65
79220
85
79510
71
79721
85
79951
82
80191
79
80422
32
80702
85
80922
78
81633
17
81653
18
81834
222
82835
73
83266
78
83556
32
84457
66
84718
79
85018
67
85208
67
85559
65
85910
32
86150
65
86430
76
86621
32
86801
76
87081
85
87482
80
87692
79
88013
32
88744
80
88914
69
89114
82
89304
32
90466
83
91337
84
91628
85
91908
68
92108
73
92389
79
92599
32
92849
79
93060
32
93450
82
93681
73
93891
67
94131
69
94372
82
94632
67
94912
65
95113
32
95333
83
97106
8
97406
67
97656
72
97807
69
97967
32
98147
83
98297
84
98448
65
98578
84
98818
69
99108
32
99269
83
99599
86
99950
79
00140
76
00460
71
00601
69
00941
78
01131
68
01392
79
01772
16
02003
49
02203
49
02393
49
02784
13
03485
65
03805
82
03985
82
04446
73
04927
86
05067
69
05267
68
05448
69
05648
82
05858
67
06499
73
08202
32
08592
69
08752
32
09133
66
09393
85
09624
79
09894
78
10074
65
10224
32
10455
70
10695
79
10885
82
11096
84
11306
85
11576
78
11717
65
12928
190
19508
16
19978
16
19989
65
65063
37
65264
37
65414
37
65945
32
66355
67
66586
72
66776
69
66936
32
67196
80
67307
69
67537
82
67707
32
68358
67
68658
79
68909
82
69099
82
69329
69
69580
84
69780
84
69940
69
70431
90
70591
90
70792
65
70962
32
71152
69
71332
68
71503
32
71653
69
71853
68
72194
85
72374
67
72674
65
72915
90
73105
73
73295
79
73556
78
73776
69
73936
32
74136
78
74387
79
74667
78
74958
32
76019
80
76239
69
76540
78
76720
83
77091
79
77281
32
77501
83
77671
73
77832
65
77982
32
78362
78
78513
69
78803
67
78923
69
79204
83
79364
83
79674
65
81327
82
82088
73
82288
79
82538
32
83690
73
83920
78
84111
68
84341
73
84782
67
85102
65
85443
82
85643
69
16007
16
16477
16
16507
16
16537
16
16567
16
16597
16
16627
16
16658
16
16688
16
16718
16
16748
16
16778
16
16808
16
16838
16
16868
16
16898
16
16928
16
16958
16
16978
16
17008
16
17038
16
17068
16
17098
16
17128
16
17158
16
17188
16
17218
16
17248
16
17278
16
17308
16
17328
222
18050
16
18180
222
18861
17
18881
18
19101
222
19872
8
22806
8
23107
17
23127
18
23577
17
23597
18
23618
222
24078
222
24659
8
25210
8
25921
16
26111
222
26722
17
26742
18
26812
222
27293
8
28244
32
