86254
0
86534
80
86718
114
86798
111
87125
98
87229
97
87341
98
87533
105
87709
108
87868
109
88021
101
88076
110
88268
116
88444
101
88516
32
88644
109
88803
105
88875
32
88947
115
89027
111
89179
110
89323
111
89387
32
89498
101
89658
115
89770
112
89866
114
90050
101
90226
115
90362
115
90410
111
90489
32
90657
109
90745
97
90873
108
91003
101
91144
32
91200
0
91264
40
91480
118
91560
105
91688
115
91856
116
91888
111
91960
32
92047
99
92159
104
92223
101
92327
32
92471
112
92543
114
92695
105
92839
109
92934
97
93023
32
93158
104
93223
97
93318
32
93454
112
93566
101
93694
110
93790
115
94003
97
94165
116
94229
111
95906
13
96123
100
96234
105
96314
32
96483
114
96603
105
96723
115
96826
112
97003
111
97169
110
97242
100
97409
101
97577
114
97649
109
97809
105
97889
32
98009
104
98200
111
98256
32
98416
112
98512
101
98656
110
98744
115
98928
97
99103
116
99183
111
99263
32
99431
100
99495
105
99575
32
99686
101
99854
115
00003
115
00166
101
00334
114
00438
109
00566
101
00693
108
00837
97
01013
32
01213
99
01340
97
01500
118
01660
97
01820
116
02003
97
02075
32
02179
97
02259
32
02427
98
02611
117
02803
111
03051
110
03163
32
03402
109
03498
101
03650
114
03817
99
03913
97
04049
116
04137
111
04233
0
04345
41
05200
46
05360
46
05455
46
05592
32
05752
101
05823
32
06087
113
06191
117
07446
8
07597
8
07725
8
07877
8
08006
8
08204
0
08207
13
08533
101
08780
32
09355
8
09499
8
09794
13
10490
101
10649
32
10762
113
10833
117
11003
105
11153
110
11257
100
11345
105
11417
32
11584
114
11656
105
11960
45
12327
112
12487
114
12583
111
12759
112
12927
111
12929
105
13270
8
13534
110
13678
103
13806
111
13902
32
14022
105
14182
108
14237
32
14373
112
14477
114
14565
111
14773
98
16092
109
16356
8
16507
108
16578
101
16698
109
16826
97
16922
32
17097
0
17402
43
17466
32
17657
112
17849
105
17929
99
18065
99
18208
111
18368
108
18488
97
18576
32
18696
115
18792
111
18936
108
19152
117
19271
122
19383
105
19519
111
19687
110
19767
101
19919
46
20126
32
20198
0
20278
83
20462
99
20574
117
20670
115
20822
97
21003
116
21165
101
21261
32
21389
115
21533
101
21644
13
21892
117
22020
115
22108
111
22172
32
22356
117
22508
110
22667
111
22747
32
22803
115
23019
116
23107
105
23266
108
23330
101
23418
32
23530
105
23674
110
23786
102
23866
111
24010
114
24105
109
24217
97
24345
108
24425
101
24505
32
24609
101
24713
32
24833
97
25016
98
25160
98
25200
97
25384
115
25552
116
25664
97
25808
110
25912
122
26095
97
26167
32
26295
100
26463
101
26774
116
27046
97
27510
8
27589
116
27717
97
27829
103
28005
108
28165
105
28221
97
28324
116
28436
111
28644
44
28724
32
28852
109
28940
97
29019
32
30003
112
30043
101
30306
111
30403
115
30651
8
30787
8
31033
110
31121
115
31233
111
31672
32
31768
115
31936
101
32003
109
32192
112
32232
114
32376
101
32528
13
32831
97
32943
108
33087
32
33287
102
33486
97
33670
116
33798
116
33830
111
33910
32
34006
99
34094
104
34198
101
34237
32
34389
118
34438
105
34549
32
34629
115
34685
105
34813
97
34885
110
35045
111
35108
32
35452
100
35652
101
35756
108
35884
108
36003
101
36035
32
36163
109
36235
97
36379
114
36571
116
36740
8
36884
8
36955
116
37122
114
37194
105
37298
99
37378
111
37522
108
37586
101
37754
32
37857
97
38025
32
38145
108
38249
101
38408
103
38536
103
38712
101
38856
114
39016
101
39080
46
39319
13
39623
0
39743
65
39911
108
40023
99
40126
117
40303
110
40406
101
40478
32
40574
112
40694
97
40846
103
40926
105
41077
110
41165
101
41237
32
41773
116
41932
101
42148
111
42276
114
42580
105
42660
99
42819
97
43006
109
43059
101
43155
110
43235
116
43387
101
43474
32
43754
110
43922
111
44098
110
44154
32
44514
97
44657
99
44833
99
45025
101
45225
115
45336
115
45416
105
45608
98
45808
105
46003
108
46135
105
46216
32
46567
100
46759
97
46951
108
47014
32
47254
100
47374
105
47550
112
47622
97
47742
114
47910
116
48045
105
48229
109
48325
101
48421
110
48509
116
48605
111
48741
32
50602
0
51633
8
51657
96
52105
8
52868
0
53017
0
53183
0
53758
0
55085
0
55212
0
55372
0
55668
0
56372
0
56708
8
57313
8
57373
8
57433
8
57493
8
57553
8
57613
8
57673
8
57733
8
57793
8
57883
8
57944
8
58006
8
58064
8
58124
8
58184
8
58244
8
58304
8
58393
8
58453
8
58513
8
58573
8
58633
8
58693
8
58753
8
58813
8
58903
8
59004
8
59064
8
59296
8
59464
8
59568
65
59687
67
59815
67
60095
8
60207
8
60343
0
60367
8
60638
67
61003
8
61589
97
61853
99
61957
99
62140
119
62156
101
62324
115
62484
8
62660
8
62788
8
62836
101
63020
115
63155
115
63251
105
63475
98
63659
105
63843
108
64003
105
64074
32
64154
100
64242
97
64362
108
64426
32
64570
100
64689
105
64865
112
65097
97
65289
114
65448
116
65536
105
65705
109
65760
101
65896
110
66003
116
66104
111
66264
44
66344
32
66455
118
66663
101
66759
110
66871
103
66959
111
67135
110
67326
111
67630
13
67846
115
68014
101
68109
109
68342
112
68589
108
68741
105
68821
99
69084
101
69172
109
69268
101
69364
110
69444
116
69612
101
69676
32
69803
110
70003
111
70155
110
70219
32
70283
118
70387
105
70570
115
70650
117
70763
97
70850
108
71010
105
71074
122
71218
122
71393
97
71585
116
71762
101
71833
32
71945
115
72004
111
72145
116
72273
116
72313
111
72384
32
72536
110
72593
101
73096
116
73352
115
73567
99
73695
97
74086
112
74190
101
74318
32
75309
52
75381
46
75685
55
75868
54
76611
46
77043
13
77243
0
77451
81
77546
117
77683
101
77834
115
78006
116
78146
101
78249
32
78337
112
78442
97
78609
103
78682
105
78849
110
78921
101
79004
32
79065
110
79248
111
79408
110
79480
32
79552
115
79616
105
79712
32
79816
97
79936
112
80055
114
80159
111
80351
110
80495
111
80567
32
80655
97
80751
32
80847
99
81003
117
81022
97
81270
8
81414
8
81486
97
81629
117
81726
115
81877
97
82045
32
82165
100
82245
105
82317
32
82437
117
82604
110
82669
32
82804
98
82908
97
83156
110
83299
110
83372
101
83532
114
83611
32
83715
99
83811
104
83899
101
83955
32
84067
118
84130
105
84290
101
84295
110
84810
101
85153
32
86264
13
86464
114
86624
101
86799
102
87003
101
87119
114
87311
101
87399
110
87543
122
87655
105
87854
97
88070
116
88166
111
88238
32
88405
100
88542
97
88605
32
88773
115
88853
105
89003
116
89053
105
89133
32
89228
105
89404
110
89508
97
89668
99
89804
99
90003
101
90147
115
90275
115
90355
105
90874
98
91050
105
91210
108
91354
105
91474
0
91570
32
91682
40
91937
112
92193
111
92401
105
92505
99
92616
104
92753
101
92888
39
93296
32
93400
105
93567
110
93647
32
93807
98
94015
108
94103
97
94215
99
94318
107
94734
108
94910
105
95003
115
95149
116
95325
0
96116
41
96372
46
96883
13
97131
0
97292
77
97531
101
97635
110
97731
116
97898
114
98058
101
98130
32
98298
110
98362
101
98554
116
98729
101
98735
114
99129
8
99249
8
99321
115
99472
99
99608
97
99728
112
99832
101
99936
32
00215
110
00551
8
00735
108
00807
101
01003
103
01118
103
01270
101
01343
32
01454
108
01543
97
01654
32
01734
112
01886
97
02381
103
02461
105
02629
110
02700
97
02805
109
02869
32
03188
8
03324
8
03492
44
03540
32
03683
105
03852
108
03892
32
04107
98
04203
114
04307
111
04514
119
04714
115
04883
101
05058
114
05154
32
05258
99
05442
97
05585
114
05682
105
05777
99
05905
97
06004
32
06113
105
06272
108
06344
32
06424
99
06528
97
06648
114
06776
105
06920
99
07031
97
07279
98
07455
105
07639
108
07719
101
07887
13
08007
115
08813
8
09022
101
09181
32
09285
97
09421
100
09541
32
09693
117
09876
110
09940
32
10268
99
10459
101
10619
114
10795
116
10851
111
10915
32
11099
112
11290
117
11450
110
11523
116
11626
111
11698
32
11794
116
11946
114
12009
111
12122
118
12257
97
12313
32
12409
105
12593
108
12649
32
12769
114
12889
105
13023
102
13192
101
13368
114
13448
105
13608
109
13696
101
13800
110
13872
116
14003
111
14207
44
14271
32
14591
8
14743
8
14790
32
14950
97
15003
108
15174
32
15469
98
15549
97
15677
110
15829
110
15902
101
16045
114
16085
44
16149
32
16269
99
16356
104
16436
101
16493
32
16613
115
16765
116
16900
97
17387
32
17507
115
17611
117
18107
13
18314
100
18386
105
18466
32
18610
117
18762
110
18834
32
19003
115
19033
105
19185
116
19249
111
19353
32
26817
101
27056
115
27240
116
27456
101
27576
114
28039
110
28295
111
28534
46
32745
32
32881
0
33006
81
33242
8
33377
8
33433
0
33504
81
33624
117
33720
97
33832
110
33920
100
34040
111
34112
32
34264
108
34336
101
34536
103
34655
103
34824
101
34903
32
35015
105
35175
108
35263
32
35350
102
35710
8
35822
114
35950
105
36038
102
36197
101
36349
114
36429
105
36622
109
36725
101
36781
110
37003
116
37020
111
37196
44
37260
32
37364
102
37484
97
37572
32
37740
100
37836
111
38012
109
38091
97
38187
110
38259
100
38379
97
38491
32
38619
97
38723
108
38795
32
39186
112
39298
114
39417
111
40345
8
40496
8
40632
8
40768
8
40936
13
41239
112
41391
114
41495
111
41767
120
41903
121
42166
44
42223
32
42438
103
42678
8
42766
99
42910
104
43024
101
43085
32
43165
103
43245
108
43381
105
43462
32
43541
100
43685
105
43765
99
43933
101
44012
32
44132
99
44220
104
44292
101
44356
32
44476
100
44924
111
45251
117
45443
98
45658
108
45746
101
45954
99
46066
107
46233
105
46457
8
46609
8
46713
108
46897
105
46953
99
47072
107
47088
106
47448
8
47648
32
47720
0
47792
40
48192
105
48343
108
48407
32
48527
115
48815
105
48943
116
49086
111
49166
32
49263
100
49430
101
49654
32
50037
8
50165
8
50397
104
50596
8
50741
8
50844
99
50940
104
51036
101
51116
32
51212
100
51299
97
51507
32
51811
105
52011
107
52020
108
52083
32
52324
8
52444
8
52571
8
52634
108
52706
32
52906
98
53007
97
53113
110
53249
110
53329
101
53489
114
53624
0
53737
41
54032
32
54152
101
54240
39
54440
13
54648
105
54824
110
55024
97
55191
99
55319
99
55511
101
55671
115
55783
115
55854
105
56046
98
56214
105
56405
108
56494
101
56597
46
