39880
40
50160
16
50320
80
50480
69
50590
82
50700
32
50810
70
50870
79
51030
82
51310
84
51420
85
51580
78
51750
65
51910
32
52190
186
52410
32
52570
16
52740
68
52790
79
53340
77
53510
69
53560
78
53670
73
54160
67
54270
65
54600
16
54660
49
55480
32
55920
16
56030
78
56250
78
56420
32
56800
8
56910
8
57350
8
57840
16
58500
16
58830
81
59050
85
59160
69
59330
83
59440
84
59550
65
59600
32
59710
83
59880
84
60320
8
60430
69
60540
84
60650
84
60700
73
60870
77
60980
65
61030
78
61140
65
61310
32
61690
186
61800
32
61910
83
62020
84
62130
65
62240
84
62350
65
62460
32
62620
68
62900
65
63060
86
63230
86
63340
69
63500
82
63610
79
63780
32
64050
77
64110
79
64270
76
64440
84
64490
79
64600
32
64770
80
64930
69
65040
83
65200
65
65310
78
65420
84
65480
69
66080
32
66250
16
66850
16
66910
56
67180
65
67240
76
67400
32
67460
76
67620
65
67790
86
67900
79
68010
82
68120
79
68230
32
68390
69
68450
32
68610
78
68670
79
68830
78
68940
32
69320
83
69430
79
70200
8
70640
8
70700
8
70860
8
71030
8
71470
8
71520
8
71580
8
71630
8
71630
8
71690
8
71740
8
71800
8
71800
8
71850
8
71910
8
71960
8
72130
8
72450
80
72670
69
72780
82
72840
32
72950
73
73110
76
73170
32
73220
76
73330
65
73500
86
73550
79
73720
82
73720
79
73880
32
74100
83
74160
79
74380
80
74600
82
74650
65
74820
84
74930
84
75200
85
75480
84
75590
84
75700
79
75860
16
75920
57
76190
190
76520
32
76680
16
76790
65
76960
86
77120
69
77230
86
77840
8
77890
8
78060
8
78220
8
78880
16
79100
68
79320
79
79430
86
79540
69
79650
86
79810
79
79920
32
80200
70
80250
73
80420
78
80470
73
80580
82
80690
69
80800
32
80910
65
81130
83
81240
83
81300
79
81460
76
81680
85
81850
84
81960
65
82010
77
82180
69
82180
78
82340
84
82400
69
82510
32
82730
69
82780
78
83110
84
83330
82
83440
79
83550
32
83710
86
83820
69
83990
78
84150
69
84210
82
84430
68
84760
221
85200
32
85360
85
85580
78
85640
32
85690
76
85800
65
85910
86
86020
79
86130
82
86190
79
86300
32
86410
80
86790
8
87010
77
87120
79
87230
76
87280
84
87390
79
87500
32
87670
73
87830
77
87940
80
88050
79
88380
78
88710
8
88820
82
89100
78
89430
8
89540
84
89590
65
89700
78
89810
84
89920
69
90030
32
90200
80
90580
8
90960
69
94810
32
95030
65
95080
32
95190
68
95250
73
95410
82
95470
69
95630
32
95850
73
96240
76
96570
32
96730
86
96900
69
97010
82
97120
79
97230
32
97390
67
97450
73
97560
32
97720
83
97720
79
97890
78
98000
79
98110
32
98540
82
98650
73
98760
83
99260
8
99420
85
99530
83
99810
73
00190
8
00300
67
00470
73
00690
84
00850
65
01570
32
01840
79
02170
8
02330
83
02440
79
02550
76
02720
79
02830
32
03050
80
03100
65
03210
82
03430
90
03490
73
03600
65
03710
76
03870
77
04090
69
04200
78
04310
84
04420
69
04480
190
04810
32
04860
16
04920
73
05030
78
05140
70
05250
65
05410
84
05520
84
05680
73
05900
32
07500
80
07610
85
07720
82
07940
84
08100
82
08100
79
08380
80
08490
80
08650
79
08820
32
09040
80
09150
82
09200
73
09310
79
09800
8
10130
8
10680
8
10790
8
11450
81
11510
85
11670
65
11730
78
11890
83
12220
8
12330
68
12440
79
12550
32
12720
83
12770
73
12940
65
13040
77
13150
79
13430
32
14200
8
14310
8
14470
8
14580
8
14690
8
14910
79
15080
78
15190
79
15240
32
15350
65
15570
82
15680
82
15790
73
15900
86
16010
65
16180
84
16230
65
16400
32
16510
65
16560
76
16720
76
16780
65
16890
32
17000
70
17050
73
17160
78
17270
69
17330
32
17490
68
17660
69
17710
76
17930
32
19420
76
19530
65
19750
86
19910
79
20020
82
20080
79
20950
17
21120
37
21280
37
21670
39
21940
46
22050
46
22380
73
22600
32
22660
81
22770
85
22880
69
23040
83
23150
84
23210
79
23320
32
23810
46
24140
35
24580
32
24740
69
24800
80
24960
73
25070
67
25180
79
25290
32
26450
77
26560
73
26670
32
26830
83
26830
79
26940
78
27050
79
27110
32
27330
65
27490
67
27660
67
27760
79
27870
82
28090
84
28200
65
28310
32
28480
68
28480
73
28590
32
28750
85
28970
78
29470
32
30020
69
30180
82
30350
82
30400
79
30570
82
30680
69
30950
32
32160
68
32210
73
32320
32
32430
80
32540
82
32600
79
32760
71
32930
82
33040
65
33150
77
33260
77
33310
65
33590
90
33700
73
33750
79
33860
78
33920
69
34030
32
34140
68
34520
8
34690
78
34800
69
34850
76
34910
32
35070
83
35120
79
35450
70
35730
84
35950
87
36170
65
36220
82
36330
69
36440
32
36550
67
36610
72
36720
69
36770
32
36940
83
36990
84
37100
65
37320
86
37490
79
37600
32
37760
85
37870
83
37980
65
38090
78
38200
68
38260
79
38530
32
38750
69
38860
32
39520
67
39630
72
39740
69
40010
32
40450
78
40510
79
40670
78
40780
32
40950
77
41060
73
41170
32
41440
72
41550
65
41880
32
42100
80
42210
69
42320
82
42430
77
42480
69
42650
83
42810
83
42920
79
43140
32
43360
68
43420
73
43470
32
44460
84
44570
69
44680
82
44790
77
44900
73
45010
78
45230
65
45340
82
45450
69
47980
16
48030
17
48470
17
48470
17
48530
37
49020
46
62920
84
63030
69
63140
82
63360
77
63470
73
63630
78
63800
65
63850
82
63960
69
64130
32
78960
188
80550
188
86920
84
87030
65
87140
76
87250
69
87360
32
87470
76
87580
65
87690
86
87800
79
87910
82
87960
79
88460
190
88730
32
88900
16
88950
81
89390
69
89500
85
89720
8
90000
85
90050
69
90330
8
90490
8
90600
8
90820
85
90870
69
91040
83
91090
84
91200
79
91310
32
91420
83
91480
73
92470
71
92580
78
92630
73
92800
70
92960
73
93130
67
93180
65
93460
32
93510
67
93620
72
93790
69
93950
32
95160
68
95210
79
95380
77
95490
65
95540
78
95650
73
95870
32
95870
77
95980
65
96090
84
96260
84
96260
73
96420
78
96480
65
96590
32
96810
81
96920
85
97030
65
97080
78
97250
68
97250
79
97360
32
01970
65
02240
32
02680
8
02960
78
03120
68
03510
82
03840
192
04110
32
04440
65
04550
32
04610
76
04830
65
04940
86
04990
79
05150
82
05260
65
05370
82
05480
69
05650
32
05870
67
05920
73
06030
32
06200
83
06310
65
06360
82
06640
222
07300
32
07410
81
07460
85
08070
65
08340
8
08450
69
08620
76
08730
76
08780
65
08940
32
09160
82
09270
73
09600
8
09820
79
10040
77
10210
80
10430
73
10650
83
10810
67
10870
65
11140
84
11200
65
11360
76
11750
8
11860
8
12080
79
12240
76
12350
69
12510
32
14330
68
14550
69
14600
76
15430
76
15590
65
15650
32
15760
77
15870
73
15980
65
16250
32
16630
82
16740
69
16960
83
17070
80
17180
79
17350
78
17460
83
17570
65
17620
66
17730
73
17950
76
18230
69
18450
32
18670
67
18670
72
18890
69
19980
32
20310
78
20370
79
20530
78
25480
16
25640
37
25810
37
26140
37
26740
46
43930
83
44040
66
44260
65
44810
8
44920
82
45030
65
45250
73
45420
84
45530
69
45690
82
45850
192
46130
32
46510
8
46620
8
46840
8
47340
82
47450
222
47890
32
48110
69
48270
32
48380
73
48550
78
48600
86
49260
69
49420
73
49530
82
49750
222
49970
32
50080
67
50190
79
50300
78
50410
84
50580
82
50690
79
51240
32
51350
84
51460
85
51570
84
51730
84
51900
73
52010
32
52060
16
52120
56
52340
69
52500
32
52670
67
52720
79
52830
78
52890
84
53100
82
53160
79
53210
32
53380
68
53380
73
53490
32
53600
77
53710
69
53930
32
54040
83
54090
79
54260
80
54370
82
54480
65
54640
84
54750
84
54860
85
54970
84
55080
79
55250
16
55360
57
55690
32
55850
65
56400
8
56620
80
56680
69
56730
82
56890
67
56950
72
57220
80
57610
8
57770
186
57940
32
58050
78
58160
79
58270
78
58380
32
59260
83
59260
79
59420
78
59480
79
59590
32
59750
82
59810
73
59970
85
60080
83
60410
67
60630
73
60790
84
61230
65
61450
32
61560
65
61670
32
61840
67
61890
79
62000
78
62220
69
62550
8
62610
83
62660
69
62830
71
62940
78
62990
65
63100
82
63210
69
63320
32
63380
73
63540
76
63600
32
63650
65
64250
8
64470
76
64580
65
64690
86
64800
79
64910
82
64970
79
65240
190
65570
32
65960
16
66400
16
66400
16
66450
81
66620
85
66730
69
66890
83
66950
84
67110
65
67170
32
67330
86
67390
79
67550
76
68540
16
68540
17
68650
37
68760
37
69470
39
69750
84
69860
65
69970
32
70130
80
70240
69
70300
82
70740
192
70960
32
73040
17
73040
16
73100
37
73260
37
73370
37
73650
46
73920
16
75020
16
75460
16
75510
16
75570
16
75570
16
75620
16
75680
16
75730
16
75730
16
75790
16
75840
16
75900
16
75900
16
75950
16
76010
16
76060
16
76120
16
76120
16
76170
16
76230
16
76280
16
76280
16
76340
16
76390
16
76450
16
76500
16
76500
80
76720
82
76830
79
76940
66
77160
65
77270
66
77490
73
77660
76
77770
77
77930
69
77990
78
78100
84
78210
69
78260
32
78480
76
78650
69
78970
32
79300
82
79360
73
79470
83
79520
80
79690
79
79800
78
79850
68
80020
69
80130
82
80290
192
80510
32
80730
77
80840
79
80950
76
81060
84
81170
79
81230
32
81340
77
81500
65
81500
76
81720
69
81830
32
82380
83
82650
8
82930
80
82980
69
83040
82
83260
67
83370
72
83700
80
84080
8
84360
186
84580
32
84690
83
84800
79
84910
32
85070
66
85240
69
85350
78
85400
73
85570
67
85900
8
86060
83
86170
83
86170
73
86390
77
86500
79
86610
32
86830
67
86940
72
87050
69
87160
32
88040
73
88420
76
88530
32
88700
76
88750
65
88860
86
88970
79
89140
82
89190
79
89410
32
89580
67
89630
72
