89800
69
89900
32
90070
72
90180
79
90400
32
90730
70
90780
65
90950
84
91110
84
91170
79
91280
32
92320
16
92320
17
92430
37
92600
37
92650
37
92820
37
92980
37
93260
37
93480
17
93530
16
93860
39
94240
78
94350
79
94460
78
94570
32
94740
186
94960
32
95230
67
95290
79
95400
76
95560
80
95730
65
95780
32
96000
77
96110
73
96280
65
96440
32
96610
83
96770
69
96990
32
98910
73
99190
76
99300
32
99520
16
99570
83
99850
87
00180
32
00400
67
00450
79
00620
78
00730
32
01000
67
01110
85
01220
73
03090
32
03470
76
03640
65
03800
86
03860
79
04080
82
04190
79
04950
8
05830
79
06050
32
06220
78
06330
79
06440
78
07920
36
08470
17
08580
39
08910
72
09070
79
09180
32
09350
68
09400
79
09510
86
09620
85
09730
84
09790
79
10120
32
10390
17
10500
39
11000
37
11110
37
11330
46
11550
65
11660
82
11770
69
11990
35
16600
8
16870
8
17090
8
18520
65
18690
86
18800
69
19020
86
25390
38
25940
39
26160
39
26380
39
26600
17
26600
16
26710
37
26810
37
26980
37
27470
39
27800
46
28080
46
28240
46
28350
46
28520
46
28630
46
29560
40
33740
65
34070
32
34500
16
34610
56
34940
65
35600
8
35710
69
35820
32
35990
72
36150
65
36210
32
36430
78
36810
8
36920
65
37030
78
37140
67
37140
79
37420
82
37960
16
37960
17
38020
37
38180
37
38350
37
38510
37
38900
8
39780
37
40110
17
40160
16
40160
37
40660
72
40820
65
40930
32
41100
68
41260
69
41320
73
41370
32
41810
71
42030
82
42140
79
42300
83
42470
83
42580
73
43460
16
43510
17
43680
37
43950
20
44120
71
44500
82
44610
79
44780
83
44890
83
45000
73
45110
32
45160
20
45490
66
45600
65
45760
67
45930
72
46040
73
47800
16
48020
49
48180
49
49110
190
49550
8
51040
32
59770
16
59990
73
60210
79
60320
32
60480
83
60540
79
60700
32
61200
68
61310
73
61360
32
61470
86
61860
8
61910
65
62020
86
62130
69
62300
82
62410
32
62520
70
62630
65
62790
84
62900
84
62960
79
63070
32
63120
73
63290
76
63400
32
63560
80
63670
79
63890
83
64050
83
64110
73
64270
66
64380
73
64550
76
64710
69
65100
32
65320
80
65370
69
65480
82
65810
32
66140
70
66200
73
66360
78
66470
73
66640
82
66750
69
67130
32
68340
69
68780
68
68890
32
69050
69
69220
70
69380
70
69440
69
69600
84
69710
84
69770
73
70150
65
70540
8
70650
86
70760
65
70810
77
70920
69
71030
78
71030
84
71140
69
71250
32
71410
67
71520
79
71740
77
71910
69
72020
32
72290
84
72400
69
72510
77
72570
80
73010
73
73340
32
74440
65
74600
86
74820
82
74980
69
75370
73
77460
17
77570
37
77840
67
78010
69
78170
32
78230
76
78550
219
79100
35
79820
70
79930
65
80090
84
80200
84
80370
65
80420
32
80590
83
80700
69
80810
32
80920
78
81030
79
81080
78
81140
32
81300
70
81470
79
81580
83
81800
83
81910
69
82070
32
82180
83
82290
84
82400
65
82670
79
83000
8
83110
84
83280
79
83390
32
83550
80
83610
69
83880
82
84210
32
84540
81
84600
85
84760
69
84930
83
85040
84
85150
79
85260
32
85800
78
86190
85
86300
79
86460
32
86850
8
86960
86
87070
79
87180
32
87400
80
87510
82
87620
79
87780
66
88220
69
88330
76
88720
8
88830
8
89050
75
89050
76
89100
69
89160
77
89590
8
89700
8
89810
8
89920
8
90140
76
90360
69
90530
77
90750
65
90800
190
91190
32
91460
16
91570
80
91790
69
91900
82
92070
67
92180
72
92400
186
92510
32
92730
67
93000
219
93330
186
93600
32
93710
83
93820
69
93930
77
93990
80
94100
82
94150
69
94210
32
94590
85
94980
8
95090
81
95200
85
95310
65
95420
76
95530
67
95640
79
95750
83
95860
65
95970
32
96130
67
96460
72
96570
69
96680
32
96790
78
96840
79
96900
78
97010
32
97230
86
97280
65
97670
16
97890
219
98600
38
98820
35
99100
17
99210
37
99540
37
99920
39
00140
46
00310
46
00420
46
00740
73
00850
32
01020
68
01240
69
01400
86
01510
69
01790
32
02610
36
03380
40
03550
69
03820
83
03930
83
04150
69
04260
82
04420
69
04700
32
05030
35
06730
32
06900
16
07010
79
07170
76
07280
84
07450
82
07560
69
07780
32
07880
84
07940
85
08490
8
08600
8
08760
8
08870
84
09040
85
09150
84
09310
84
09370
79
09700
32
10190
83
10250
79
10410
78
10520
79
10630
32
11240
68
11290
79
11460
86
11510
85
11620
84
11780
65
11890
32
12060
65
12110
78
12220
68
12390
65
12500
82
12550
69
13490
32
14480
80
14590
69
14810
69
15410
8
16450
17
16450
16
16560
37
16670
37
16840
37
18920
65
19030
78
19200
68
19310
65
19470
84
19530
65
19690
32
19860
73
20020
78
20130
32
20460
70
20520
65
20960
67
21120
79
21290
76
21340
84
21560
222
21840
32
21890
80
22060
69
22170
82
22280
32
22390
83
22500
69
22710
71
22770
85
22880
73
22930
82
23040
69
23210
32
23370
65
23480
76
23590
67
23700
85
23870
78
24030
69
24090
32
24580
76
24750
69
25020
90
25020
73
25080
79
25190
78
25300
73
25460
32
25630
69
25680
32
26070
80
26070
69
26180
82
26280
32
26450
82
26560
69
26720
71
26780
73
27050
83
27220
84
27380
82
27490
65
27660
69
27990
32
28260
8
28370
8
28540
82
28590
69
28700
32
28810
68
28980
73
29360
8
29470
69
29640
73
29690
32
29860
86
29910
79
30130
84
30180
73
36340
32
36560
68
36670
73
36720
32
36830
69
36890
83
37110
65
37110
77
37270
73
37320
32
37600
70
37710
65
38310
8
38420
8
41330
83
41440
85
41610
80
41660
69
41770
82
42050
65
42160
84
42270
73
42430
32
42870
81
42930
85
43040
69
43310
83
43480
84
43640
79
43750
32
43970
84
44190
82
44250
73
44410
77
44470
69
44690
83
44790
84
44960
82
45070
69
45230
32
45340
69
50510
32
50780
72
50890
79
51000
32
52810
8
54410
8
54680
8
61330
77
61440
73
61550
32
61710
83
61770
79
61930
78
61990
79
62040
32
62210
68
62370
79
62650
86
62700
85
62920
84
63090
65
63190
32
63300
70
63410
65
63520
82
63690
69
63910
32
76870
81
77040
85
77200
65
77370
83
77480
73
77590
32
78190
53
78350
48
78460
48
78790
32
79400
16
79450
75
79670
77
80330
8
80550
77
82200
32
82420
73
82580
78
83460
32
83570
84
83680
85
83790
84
84620
8
85060
8
85110
8
85270
8
85440
8
85660
8
85930
78
86100
69
86150
76
86320
76
86870
219
87140
65
87310
82
87640
67
87860
79
87970
32
88130
68
88190
73
88300
32
89450
52
89720
32
89890
71
89940
73
90050
79
90160
82
90270
78
90330
73
93680
32
93900
80
94010
69
94120
82
94340
32
94500
70
94610
65
94780
82
95110
69
95380
32
96150
84
96310
85
96480
84
96640
84
96750
79
96970
190
00760
13
01040
16
01090
80
01310
69
01370
82
01590
32
01700
70
01750
79
01920
82
02030
85
02190
84
02410
8
02520
8
02630
84
02740
85
03070
65
03400
8
03570
78
03670
65
03780
32
03890
186
04110
32
04220
68
04280
79
04440
77
04610
69
04720
78
04770
73
04940
67
05050
65
05270
16
05430
49
05600
49
05870
49
06370
32
06530
16
06640
67
06970
77
07140
85
07410
8
07520
8
07740
79
07900
77
08070
85
08230
78
08290
81
08450
85
08560
69
08670
32
09000
68
09060
79
09330
65
09660
8
09830
77
09940
65
10050
78
10160
73
10210
32
11040
82
11090
73
11250
67
11310
79
11470
77
11580
73
11750
78
11910
67
11970
73
12130
65
12190
32
12410
85
12570
78
12850
219
13010
65
13120
76
13180
84
13400
82
13450
65
13620
32
13670
83
13780
69
13890
84
14060
84
14170
73
14280
77
14390
65
14440
78
14610
65
15100
32
15980
32
16360
8
16640
69
16750
32
16860
84
16970
69
17080
77
17190
79
17300
32
17790
67
17850
72
18010
69
18070
32
18180
83
18340
65
18450
82
18720
222
18940
32
19160
80
21420
8
21970
67
21970
79
22080
77
22180
69
22290
32
22400
81
22460
85
22620
69
22790
83
22840
84
23010
65
23120
32
23450
83
23500
69
23670
32
23780
78
23780
79
23940
78
24050
32
24160
80
24220
69
24380
71
24550
71
24600
73
24660
79
24930
190
26360
13
26740
38
27070
38
27570
17
27730
39
27900
39
28060
39
28500
40
28720
40
37120
16
37560
16
37620
16
37670
16
37670
16
37730
16
37780
16
37840
16
37840
16
37890
16
37950
16
38000
16
38060
16
38060
16
38110
16
38170
16
38220
16
38220
16
38280
16
38330
16
38390
16
38390
16
38440
16
38500
16
38550
16
38610
16
38610
16
38660
16
38720
16
38770
16
38770
16
38830
16
38880
16
38880
79
39210
71
39320
71
39650
32
39760
73
40150
8
40260
8
40480
73
40640
32
40750
80
40910
79
41080
77
41190
69
41240
82
41350
73
41520
71
41740
73
41850
79
42010
32
42290
8
42400
8
42510
8
42780
71
42840
73
42890
79
43000
32
43220
77
43330
73
43440
32
43770
84
43880
79
44050
67
44260
72
44430
69
44760
8
44920
8
45140
67
45200
72
45360
69
45420
82
45910
222
46190
32
46300
83
46460
84
46570
85
46740
68
47070
73
47180
65
47340
82
47400
69
47560
32
47730
65
47840
76
48050
77
48160
69
48270
78
48600
79
48770
32
48930
85
49150
78
49370
32
49480
80
49650
79
49810
219
50140
32
50310
65
50360
76
50470
84
50640
82
50690
73
50860
77
50970
69
51020
78
51130
84
51240
73
51350
32
55580
78
55690
79
55800
78
55960
32
56460
82
57170
8
57390
67
57450
69
57780
32
57890
76
58110
65
58270
32
58380
70
58440
65
58550
82
58710
192
58980
32
59150
65
59200
32
59420
82
59590
69
59750
67
59860
85
60030
80
60140
65
60300
82
60360
69
62720
32
66840
17
66950
37
67110
37
67220
37
67610
39
67770
39
68270
37
68380
17
68430
37
68820
39
68980
39
69090
39
69260
46
