40117
16
40478
73
40918
69
41089
82
41199
73
41349
32
42741
16
43402
16
43442
16
43482
16
43522
16
43562
16
43602
16
43642
16
43682
16
43722
16
43762
16
43803
16
43853
16
43893
16
43933
16
43973
16
44013
16
44053
16
44093
16
44123
76
44273
65
44403
32
45265
70
45425
79
45545
82
46026
77
46156
85
46396
65
46526
76
47057
49
47177
32
47548
72
47678
65
47798
32
47989
67
48109
79
48319
77
48619
80
48840
73
49010
85
49270
84
49411
79
49531
32
49661
85
49771
78
49911
32
50102
71
50492
82
50632
79
50903
83
51063
83
51203
73
51504
83
51674
83
51794
73
52014
77
52145
79
52265
32
52455
80
52675
65
52886
83
53036
83
53156
79
53286
32
53416
73
53577
78
53937
68
54057
73
54268
69
54508
84
54678
82
54798
79
55059
190
55239
190
55389
190
55549
32
55920
77
56290
65
56461
73
56591
32
56861
86
57012
73
57152
83
57392
84
57512
79
57873
32
58163
85
58383
78
58654
32
60076
84
60256
82
60456
85
60637
83
60817
67
61017
72
61137
73
61308
78
61448
79
61568
32
61798
68
61969
69
62059
76
62229
32
62399
71
62529
69
62660
78
62780
69
62970
82
63140
69
63301
190
63461
190
63611
190
63711
32
63962
78
64012
79
64202
78
64302
32
64703
72
64823
79
64973
32
65113
80
65273
65
65504
82
65604
79
65794
76
65904
69
66085
32
66675
80
66836
69
67206
78
67346
83
67477
79
67597
32
67817
67
67917
72
68057
69
68148
32
68568
77
68788
79
69009
76
69169
84
69319
73
69449
32
69690
83
69970
79
70321
83
70561
84
70811
69
70972
78
71182
73
71352
84
71542
79
71643
82
71833
73
71983
32
72534
68
72714
69
72874
76
73035
76
73155
65
73295
32
73505
16
73625
70
73836
69
74046
82
74176
82
74437
65
74677
82
74827
82
74977
73
76199
32
76480
78
76570
79
76730
78
76830
32
77080
83
77271
69
77381
32
77591
78
77701
69
77831
32
78022
68
78142
73
78382
77
78843
69
79033
78
79173
84
79534
73
79854
67
80015
72
80175
69
80355
82
80595
65
80906
78
81046
78
81176
79
81286
32
81547
70
81677
65
81877
67
82027
73
82228
76
82458
69
82478
77
82769
78
82909
84
83139
69
88519
16
88729
65
88969
78
89069
67
89210
72
89330
69
89480
32
89650
81
90331
85
90471
69
90652
83
90772
84
91803
219
92004
65
93055
78
93195
78
93306
79
93446
32
93656
78
93766
73
93916
69
94027
78
94257
84
94377
69
94507
32
94637
83
94758
67
95228
85
95349
68
95449
69
95639
84
95749
84
96090
79
96330
190
96510
32
98483
16
98984
16
99024
16
99034
65
99234
76
99414
77
99535
69
99685
78
99935
79
00095
32
00246
81
00376
85
00476
69
00656
83
00766
84
00896
65
01047
32
01267
86
01407
79
01567
76
01808
84
01938
65
02078
32
02829
65
02969
66
03110
66
03280
73
03410
65
03520
77
03660
79
03791
32
04371
76
04522
79
04782
84
04912
84
05103
65
05293
84
06024
79
06174
32
06374
70
06515
73
06655
78
06805
79
06945
32
07075
65
07206
76
07346
76
07566
219
07586
48
08708
8
09269
85
09499
76
09639
84
09759
73
09960
77
10090
65
10240
32
10430
71
10580
73
10671
79
10831
82
10971
78
11121
65
11261
84
11382
65
17370
188
17500
32
17731
65
18121
78
18281
67
18452
72
18542
69
18702
32
18842
83
19033
69
19153
32
19353
80
19483
69
19653
82
19834
68
19964
69
20104
82
20385
76
20575
79
20695
32
21546
73
21766
78
21937
32
22057
81
22207
85
22287
69
22498
83
22628
84
22938
79
23078
32
23239
77
23389
79
23549
68
23669
79
23809
32
24240
186
24360
32
24520
83
24681
84
24791
65
24941
84
25241
79
25392
32
25532
68
25602
65
25782
86
25912
86
26053
69
26223
82
26383
79
26523
32
27335
83
27535
67
27665
79
27865
78
28106
67
28246
69
28396
82
28526
84
28686
65
28937
78
29177
84
29327
69
29538
190
29798
32
31831
16
32332
16
32372
16
32402
16
32432
16
32472
16
32502
16
32532
16
32572
16
32602
16
32642
16
32672
16
32702
16
32742
16
32772
16
32802
16
32842
16
32872
16
32903
16
32943
16
32973
16
33003
16
33043
16
33073
16
33113
16
33143
16
33173
16
33213
16
33243
16
33273
16
33313
16
33343
16
33373
16
33413
16
33443
16
33473
16
33513
16
33543
16
33573
16
33614
16
33644
16
33684
16
33714
16
33744
16
33784
16
33814
16
33844
16
33884
16
33914
16
33954
16
33984
16
34014
16
34054
16
34084
16
34114
16
34154
16
34184
16
34214
16
34254
16
34284
16
34325
16
34355
16
34385
16
34425
16
34455
16
34485
16
34525
16
34555
16
34585
16
34625
16
34655
16
34685
16
34725
16
34755
16
34795
16
34825
16
34855
16
34895
16
34925
16
34955
16
34996
16
35026
16
35066
16
35096
16
35126
16
35166
16
35196
16
35226
16
35266
16
35296
16
35326
16
35366
16
35396
16
35426
16
35466
16
35496
16
35536
16
35566
16
35596
16
35636
16
35666
16
35697
16
35737
16
35767
16
35797
16
35837
16
35867
16
35907
16
35937
16
35967
16
36007
16
36037
16
36067
16
36107
16
36137
16
36167
16
36207
16
36237
16
36277
16
36307
16
36337
16
36378
16
36408
16
36438
16
36478
16
36508
16
36538
16
36578
16
36608
16
36648
16
36678
16
36678
69
36958
83
37089
83
37279
69
37349
82
37489
69
37910
32
38290
68
38400
69
38601
76
38731
76
38961
219
39172
16
39312
73
39542
78
39742
84
39832
69
39983
82
40143
32
40964
186
41114
32
41245
83
41415
69
41505
77
41705
80
41855
82
41905
69
42076
32
42626
80
42807
73
43498
191
43758
32
44579
85
44780
78
45390
65
45651
32
46312
84
46462
82
46863
73
46983
83
47113
84
47213
69
47483
90
47644
90
47764
65
48004
188
48164
32
48635
186
48805
32
49056
79
49206
82
49657
77
49787
65
49897
73
50047
32
51229
85
51369
78
51509
65
51659
32
51820
86
51950
73
52160
84
52280
65
52441
32
52581
67
52701
72
52801
69
52981
32
53162
78
53352
79
53512
78
53682
32
54854
82
54984
73
55876
85
56827
8
59270
69
59441
83
59661
67
59801
79
59951
32
60082
65
60252
68
60402
32
60562
69
60763
83
60923
83
61073
69
61203
82
61293
69
61454
32
62084
83
62275
79
62775
68
62936
68
63046
73
63206
83
63356
70
63507
65
63767
84
65149
89
65610
8
65740
84
65880
79
66010
32
66731
68
66831
65
66992
76
67132
76
67262
69
67412
32
67562
80
67642
82
67753
69
67933
83
68083
84
68223
65
68424
90
68574
73
68664
79
68884
78
68994
73
69145
32
69305
68
69385
69
69525
73
69655
32
69796
77
69946
73
70076
69
70216
73
70376
32
70717
66
70857
69
71067
78
71228
73
71368
65
71528
77
71718
73
71889
78
72029
73
72339
190
72499
190
72660
190
73030
32
75364
73
75494
76
75634
32
75884
80
76015
82
76165
79
76365
66
76525
76
76675
69
76866
77
77236
65
77376
32
78027
186
78188
32
78328
67
78518
72
78668
69
78879
32
79950
73
80110
32
80241
71
80381
73
80481
79
80661
67
80781
65
80922
84
81232
79
81402
82
81583
73
81813
32
82554
80
82774
73
83315
191
83495
32
83655
70
83896
79
84086
82
84286
84
84417
73
84627
32
85037
76
85228
73
85358
32
85498
65
85658
66
85799
66
85969
73
86109
65
86239
77
86389
79
86530
32
86760
78
86940
79
87080
73
87331
188
87461
32
87621
77
87741
65
87882
32
88072
71
88202
76
88362
73
88482
32
88623
83
88823
67
88943
85
89073
68
89223
69
89364
84
89504
84
89794
73
89925
32
90105
67
90195
79
90395
78
90555
84
90656
73
90866
78
90996
85
91126
65
91276
78
91527
79
91647
32
91777
65
91907
32
92068
86
92198
73
92378
78
92508
67
92739
69
92909
82
93129
76
93339
73
93510
32
93640
71
93780
76
93930
73
94111
32
94231
65
94401
76
94581
84
94681
82
94872
73
95152
190
95322
190
95472
190
95773
32
96354
67
96484
72
96604
69
96734
32
96965
84
97095
82
97485
73
97626
83
97776
84
97906
69
98437
90
98587
90
98797
65
98988
190
99148
190
99288
190
