65340
16
65481
83
65741
65
65851
76
65991
86
66182
69
66352
188
66492
32
66732
72
66893
79
67043
32
67203
76
67323
69
67493
84
67664
84
68425
8
68926
8
68966
8
68996
8
69036
8
69076
8
69236
8
69396
8
69877
13
70207
72
70418
79
70548
32
70718
76
70838
69
71069
84
71179
84
71399
79
71549
32
71690
80
71990
67
72090
79
72230
32
72901
8
73051
8
73192
8
73843
79
74023
67
74153
79
74273
32
74403
70
74574
65
74644
32
74814
76
74934
65
74984
32
75164
77
75655
65
75775
73
75966
76
76076
32
76216
68
76286
73
76396
32
76516
73
76697
78
76857
86
76987
73
77137
65
78389
8
79270
84
79561
79
79711
32
84187
65
84448
32
84798
80
84939
65
85039
82
85279
84
85449
69
85700
67
85840
73
86010
80
86070
65
86170
82
86311
69
86411
32
86591
65
86651
32
86861
81
86981
85
87122
69
87342
83
87452
84
87993
79
88113
32
88233
69
88444
83
88614
80
89064
69
89255
82
89425
73
89615
77
89725
69
89826
78
90006
84
90446
79
90577
32
91388
69
91648
32
92339
72
92980
8
93251
77
93461
73
93611
32
93721
83
93801
79
93972
78
94142
79
94272
32
94342
68
94572
69
94803
84
94973
84
95554
65
96505
16
96665
190
96675
188
97186
8
97356
8
97827
16
98338
16
98348
186
98839
18
07925
32
08156
80
08266
69
08356
82
08666
67
08857
72
10279
222
10389
69
10669
32
10900
78
11400
79
11991
16
12492
16
12522
16
12552
16
12582
16
12612
16
12652
16
12682
16
12712
16
12742
16
12772
16
12802
16
12842
16
12873
16
12903
16
12913
191
13363
13
13704
16
13834
69
14134
32
14305
67
14495
79
15296
83
15657
222
15927
73
16107
32
16478
69
16708
67
16848
67
16978
79
17179
77
17399
73
17519
32
17920
65
18130
32
18330
67
18601
69
18701
82
18971
67
19132
65
19242
82
19372
69
19883
32
20814
81
20984
85
21114
65
21235
76
21355
67
21475
72
21585
69
21675
32
21976
68
22046
73
22627
8
22837
8
23087
73
23187
68
23378
69
23548
65
23708
32
23988
80
24069
69
24179
82
24339
32
24439
82
24649
73
24810
69
24900
77
25110
80
25300
73
25370
82
25511
69
26462
32
27033
81
27223
85
27313
69
27524
83
27754
84
29186
79
29316
32
29496
83
29617
80
29747
65
30007
90
30227
73
30358
79
30458
32
30628
66
30848
73
30989
65
31119
78
31259
67
31589
79
32461
16
32951
16
32991
16
33021
16
33052
16
33082
16
33112
16
33142
16
33162
190
33793
8
34424
16
34764
186
36006
32
36306
77
36567
73
36687
32
36867
83
37077
69
37258
77
37488
66
37648
82
37818
65
38319
32
38499
81
38630
85
38820
65
39080
83
39291
73
39411
32
39591
68
39701
73
39821
32
39901
69
40132
83
40302
83
40442
69
40562
82
40723
69
40963
32
41093
84
41193
79
41313
82
41414
78
41514
65
41624
84
41794
65
41994
32
42125
65
42225
76
42355
76
42435
65
42545
32
42685
83
42735
85
42896
80
42966
69
43086
82
43156
73
43276
79
43396
82
43597
73
43807
32
43927
68
44228
8
44368
69
44818
32
45009
68
45149
73
45239
32
45349
68
45439
79
45550
86
45720
69
45840
82
46050
32
46130
70
46281
65
46351
82
46501
69
46601
32
46761
85
46931
78
47102
79
47222
32
47322
68
47863
73
48023
32
48203
81
48374
85
48554
69
49956
71
50126
76
50316
73
50457
32
51658
16
51889
222
52429
32
52750
79
52870
68
53010
73
53261
79
53471
83
53711
73
54803
83
55053
83
55324
73
55604
77
55834
73
56085
32
57356
8
57857
8
57897
8
57927
8
57957
8
57997
8
58017
8
58047
8
58088
8
58118
8
58158
8
58178
8
58208
8
58248
8
58769
32
58989
79
59249
68
59359
73
59500
79
59860
83
60030
73
60181
83
60331
83
60691
73
61122
77
61382
73
61542
32
62274
16
62774
16
62804
16
62834
16
62864
16
62894
16
62934
16
62965
16
62995
16
63025
16
63055
16
63095
16
63125
16
63145
222
63906
32
64367
84
64527
69
64697
77
64967
73
65919
16
66259
32
66520
16
66750
222
67070
83
67761
8
67902
8
68202
8
70586
32
71597
65
72348
32
73109
8
73289
68
73470
32
73640
65
73760
82
74000
71
74121
79
74301
77
74431
69
74511
78
74731
84
75432
8
75933
8
75973
8
76003
8
76043
8
76063
8
76093
8
76133
8
76164
8
76194
8
76224
8
76264
8
76294
8
76314
8
76354
8
76384
8
76414
8
76444
8
76985
32
77135
84
77295
69
77556
77
77796
73
77956
32
78106
67
78176
79
78387
78
78517
32
79128
16
79268
222
79508
65
79799
82
80189
8
80340
8
80890
16
81061
222
81271
32
81461
65
81561
82
81792
71
81862
79
82052
77
82132
69
82232
78
82382
84
82523
79
82653
32
82763
65
82863
32
83063
83
83244
67
83374
69
83544
76
83644
84
83794
65
84566
16
84716
222
85847
32
87099
190
90704
13
93809
18
26356
16
26516
67
26826
79
27057
77
27307
85
27487
78
27607
81
27798
85
27968
69
28278
32
28529
79
28679
82
28999
77
29210
65
29400
73
29560
32
30412
83
30542
79
30772
78
30872
79
31062
32
31353
81
31453
85
31653
73
32224
16
32444
36
35228
35
35939
32
44492
69
44792
32
45533
86
45734
69
46465
8
47336
8
47506
8
51762
32
55598
81
55888
85
56078
73
56309
78
56419
68
56529
73
56649
32
56749
68
56940
69
57130
86
57270
79
57420
32
57470
70
57811
65
57951
82
58161
77
58362
73
58512
32
58652
86
58812
69
58923
78
59083
73
59223
82
59303
69
59503
32
59744
81
59854
85
60014
65
60144
76
60294
67
60415
72
60515
69
60615
32
60795
73
60955
68
61266
69
61496
65
61646
32
61837
80
61897
69
62007
82
62187
32
62317
82
62468
65
62668
71
62828
71
62948
73
63099
85
63319
78
63419
71
63599
69
63689
82
63860
69
64040
32
64230
73
64450
76
64571
32
64681
70
64761
79
64941
78
65041
68
65182
79
65312
32
65392
68
65602
69
65692
76
65822
76
66073
79
66223
32
66503
16
66624
222
66894
83
67265
80
67445
65
67705
90
67855
73
67996
79
68126
32
68206
68
68306
73
68466
83
68606
80
68777
79
68977
78
69147
73
69327
66
69428
73
69638
76
69888
69
70539
16
70750
222
71270
190
72843
13
92961
16
93052
80
93262
79
93402
84
93632
82
93773
69
94053
73
94183
32
94333
73
94504
78
94694
73
94804
90
94924
73
95064
65
95155
82
95345
69
95505
32
96036
67
96116
79
96326
78
96477
32
96637
73
96827
76
96967
32
97017
68
97238
69
97538
83
97788
67
97989
82
98139
73
98239
86
98389
69
98529
82
99411
69
99891
32
01023
68
01213
79
01354
86
01574
69
01774
32
01894
83
01964
79
02135
78
02265
79
02405
32
02565
69
02726
32
03066
67
03206
79
03306
83
03537
65
03687
32
03797
83
03977
84
04118
79
04258
32
04288
70
04478
65
04708
67
04929
69
05039
78
05219
68
05399
79
05750
16
06251
16
06281
16
06311
16
06341
16
06381
16
06411
16
06441
16
06471
16
06501
16
06531
16
06571
16
06601
16
06631
16
06661
16
06691
16
06721
16
06761
16
06791
16
06821
16
06851
16
06881
16
06912
16
06952
16
06982
16
07002
191
07593
32
08193
16
08324
66
08564
69
08694
72
09105
16
09215
49
09635
32
10046
83
10627
8
10947
16
11068
83
11268
73
11528
188
11658
32
12159
8
12329
8
12460
8
12610
8
14502
83
14633
73
14863
188
14983
32
15133
77
15374
73
15474
32
15564
83
15714
69
15834
77
16015
66
16055
82
16235
65
16335
32
16535
85
16706
78
16816
65
16876
32
17106
66
17276
79
17707
8
17937
85
18128
79
18278
78
18398
65
18488
32
18648
73
18739
68
18919
69
19159
65
19369
190
19670
13
20231
16
20371
68
20531
85
20741
78
20932
81
21062
85
21172
69
21743
16
21863
190
22083
32
22474
8
22634
8
23015
188
23155
32
23325
77
23555
73
23676
32
23766
84
23956
82
24086
79
24236
86
24357
79
24667
32
25138
85
25548
8
25849
78
25969
69
26099
76
26239
32
26370
76
26490
65
26610
66
26740
79
26820
82
27411
65
27601
84
27741
79
27852
82
27962
73
28102
79
28242
32
28563
68
29364
73
29484
32
29604
16
29724
78
29905
84
30465
32
33710
68
33930
69
34491
76
34641
76
35132
8
35392
32
35753
16
35823
68
36013
73
36204
80
36324
65
36404
82
36624
84
36734
73
36915
77
36985
69
37105
78
37205
84
37405
79
37606
32
38066
69
38527
32
39959
85
40129
70
40300
70
40440
73
40560
67
40650
73
40880
65
41161
76
41361
77
41812
8
42312
8
42483
8
42793
8
42963
8
43334
8
43885
8
44055
8
44215
8
44365
8
44516
8
44996
73
45227
78
45387
32
45687
16
45777
222
46038
80
46669
65
46839
85
46979
68
47440
8
47550
83
47740
65
48101
32
48341
80
48541
82
48712
65
48952
78
49112
90
49242
79
49803
16
50144
222
50464
32
50935
16
51345
32
51706
16
51736
57
52787
83
52958
73
53088
32
53158
70
53318
65
53458
32
53619
80
53689
69
53769
82
53949
32
54079
68
54200
73
54310
82
54440
69
55201
188
55371
32
55582
86
55752
73
55842
83
55992
84
56102
79
56202
32
56313
67
56403
72
56553
69
56693
32
56853
78
57014
79
57114
78
57244
32
57414
72
57554
79
57675
32
57855
77
57915
65
58586
78
58806
71
58926
73
59046
65
59167
84
59287
79
59577
49
60449
8
60749
16
60819
49
