61330
16
61570
48
67449
32
67879
69
68961
32
81419
83
81669
84
82180
79
82310
32
82420
70
82600
65
82831
67
82981
69
83121
78
83221
68
83782
79
83952
32
84333
8
84834
8
85454
79
86176
32
86366
80
86496
65
86756
83
86937
83
87107
65
87177
82
87337
69
87477
32
87648
73
87848
76
87998
32
88248
84
88399
69
88549
77
88729
80
88909
79
89080
32
89570
73
89781
78
89911
32
90051
65
90251
84
90432
84
90582
69
90792
83
90982
65
91133
32
91223
68
91403
69
91493
76
91623
76
91703
65
91834
32
91964
80
92064
82
92204
79
92344
83
92505
83
92605
73
92815
77
92915
65
93146
32
93376
76
93486
69
93726
90
93827
73
93937
79
94157
78
94297
69
95319
32
96671
73
96851
78
96941
86
97161
69
97372
78
97632
84
97832
65
98003
78
98173
68
98673
79
99465
32
01808
70
02028
82
02189
65
02419
83
02589
73
02769
32
03010
80
03200
73
04051
222
04272
85
04402
32
04602
79
04692
32
04922
77
05053
69
05113
78
05303
79
05403
32
05523
83
05724
69
05854
78
05984
83
06214
65
06345
84
06495
69
08357
32
08648
68
08938
65
09219
32
09319
83
09539
67
09749
82
09900
73
10000
86
10180
69
10270
82
10591
69
10961
73
11392
8
11572
32
11742
73
11923
78
12053
32
12303
85
12483
78
12604
65
12804
32
12934
70
13024
79
13174
82
13615
77
14056
32
14306
80
14406
69
14506
82
14616
32
14777
80
14877
65
14977
82
15197
84
15307
69
15558
67
15688
73
15858
80
15948
65
16068
82
16209
69
16449
32
16609
65
16810
68
17000
32
17150
85
17380
78
18151
32
18222
69
18432
83
18702
80
18782
69
18943
82
19113
73
19303
77
19403
69
19513
78
19644
84
19814
79
19934
32
20054
83
20255
67
20415
73
20765
69
20905
78
21016
84
21156
73
21496
70
21667
73
22147
67
22277
79
22808
190
27014
220
27034
13
28316
38
28597
35
28997
8
29438
220
30389
8
30800
13
31000
16
31150
73
31350
78
31491
32
31541
82
31691
69
31911
65
32061
76
32322
84
32642
222
33143
65
33474
32
33644
83
33724
79
33994
78
34215
79
34345
32
34525
85
34735
78
34856
32
35346
80
35597
79
35807
222
36528
32
37079
32
37269
69
37399
77
37569
79
37800
90
37880
73
37980
79
38160
78
38260
65
38421
84
38611
65
38961
16
39102
190
39242
32
39412
78
39692
8
39813
8
39983
8
40373
16
40794
186
40994
32
41175
78
41325
79
41425
78
41565
32
41876
65
42066
86
42236
69
42416
86
42647
79
42767
32
42957
77
43017
65
43208
73
43328
32
43478
80
43548
65
43648
82
43848
84
43959
69
44179
67
44319
73
44489
80
44579
65
44740
84
44860
79
44970
32
45100
65
45331
68
45461
32
45591
85
45811
78
46032
32
46312
69
46552
83
46763
80
46863
69
46983
82
47123
73
47313
77
47384
69
47474
78
47594
84
47704
79
47834
32
47954
83
48135
67
48265
73
48685
69
48866
78
49006
84
49126
73
49276
70
49497
73
49707
67
49857
79
50007
32
50598
70
50718
73
50919
78
51109
79
51449
8
51570
8
51710
8
51850
8
52110
80
52241
82
52341
73
52541
77
52641
65
52831
32
52942
68
53072
189
53783
8
54243
222
54544
79
55085
8
55655
222
55816
32
56026
79
56126
82
56276
65
57558
188
57668
32
59010
8
59190
8
60022
16
60112
188
60282
32
60673
8
60803
8
61564
16
62035
186
62375
32
62595
77
62866
73
62976
32
63146
73
63346
77
63477
77
63567
65
63747
71
63857
73
64047
78
64248
79
64408
32
64638
71
64789
73
65189
222
65339
65
65700
32
65860
67
65930
79
66120
77
66211
69
66351
32
66571
85
66761
78
66912
79
67032
32
67122
68
67252
73
67362
32
67492
81
67603
85
67743
69
67953
73
68083
32
68294
83
68374
73
68574
77
68914
80
69065
65
69245
84
69395
73
69535
67
69615
73
69736
32
69916
78
70156
85
70377
77
70467
69
70577
82
70897
69
71118
84
71278
84
71578
73
71749
32
71969
73
72199
78
72339
83
72510
69
72600
82
72750
73
72870
84
72990
73
73111
32
73241
65
73351
76
73481
76
73952
222
74282
32
74452
73
74643
78
74933
84
75063
69
75183
82
75304
78
75474
79
75614
32
75814
68
76025
73
76195
32
76325
81
76455
85
76586
69
76726
76
76846
76
77006
69
77307
32
77727
65
77847
78
77978
79
78148
78
78318
73
78498
77
78648
69
78959
32
79079
83
79219
84
79380
65
79470
84
79750
73
81332
83
81503
84
81653
73
81793
67
81893
72
82043
69
82164
32
82324
80
82494
85
82694
66
82845
66
83015
76
83205
73
83305
67
83425
72
83546
69
84206
8
84407
8
84637
65
85188
84
85368
69
85759
32
86159
83
86340
85
86930
76
87071
76
87161
69
87301
32
87461
82
87571
73
87722
86
87812
73
87982
83
88212
84
88362
69
88493
32
88683
83
88843
67
88973
73
89134
69
89334
78
89444
84
89604
73
89704
82
90235
8
90455
70
90586
73
90706
67
90826
72
90966
69
93320
32
93520
16
93710
57
94832
186
95092
191
95793
8
96314
16
96935
189
97125
16
97315
48
97446
48
98807
13
02963
16
03394
16
03885
16
04776
13
04926
69
05647
8
06378
38
06999
16
07149
69
07390
70
07560
70
07710
69
07891
84
08061
84
08251
73
08341
86
08521
65
08612
77
08732
69
08822
78
08942
84
09052
69
09303
32
09593
67
10354
222
11706
32
12427
222
12557
69
13108
32
13318
65
13459
78
13589
67
13679
72
13819
69
13869
32
14019
85
14240
78
14370
32
14550
65
14630
76
14760
84
14941
82
15031
79
15161
32
15311
77
15461
79
15552
84
15672
73
15802
86
15932
79
16052
32
18786
80
18906
69
18996
82
19167
32
19307
73
19517
76
19627
32
19738
81
19918
85
20068
65
20168
76
20318
69
20419
32
20629
77
21410
73
21530
32
21730
84
21921
82
22041
79
22181
86
22301
79
22451
32
22592
73
22782
78
22892
32
23052
76
23162
65
23283
66
23393
79
23513
82
23673
65
23773
84
23944
79
24064
82
24204
73
24344
79
25145
16
25376
186
25967
32
29902
81
30393
85
30573
73
30713
32
31314
8
31454
8
31615
8
31785
8
32576
83
32826
69
33648
8
34298
8
35991
18
86724
81
86904
85
87014
69
87235
83
87755
8
87906
8
88076
8
88236
8
88496
79
88647
71
88787
71
88987
73
89107
32
89538
81
89668
85
89768
69
89949
83
90099
84
90249
79
90369
32
90579
83
90730
69
90920
77
91080
66
91160
82
91300
65
91411
32
91561
76
91751
189
91931
85
92332
8
92502
8
93013
222
93434
32
93594
85
93794
78
93934
73
94054
67
94155
79
94245
32
94395
80
94555
79
94695
83
94826
84
94966
79
95086
32
95146
68
95346
69
95537
67
95677
69
95837
78
96007
84
96117
69
96248
77
96358
69
96478
78
96618
84
96718
69
96899
32
97069
67
97249
65
97680
76
97870
68
98060
79
98421
32
98621
80
98711
82
98811
69
99032
83
99162
69
99292
78
99392
84
99482
69
99592
32
99723
78
99823
69
99953
76
00033
32
00484
16
00574
68
00714
73
00944
80
01225
65
01345
82
01605
84
01685
73
01886
77
01996
69
02076
78
02246
84
02426
79
07223
190
08866
32
09447
16
09607
67
09817
79
09977
83
10628
8
10768
8
11580
79
12791
83
12992
222
13432
73
13653
32
14153
8
14444
188
14564
32
14864
68
14975
79
15095
80
15225
79
15365
32
15655
69
15986
83
16156
83
16266
69
16377
82
16567
69
16817
32
17047
77
17228
79
17478
82
17668
84
17819
65
17989
32
18069
68
18209
73
18309
32
18359
70
18550
82
18680
69
18910
68
19050
68
19231
79
19361
32
19521
80
19591
69
19691
82
19801
32
19942
81
20182
85
20352
65
20532
84
20713
84
20883
82
21073
79
21193
32
21454
79
21584
82
21734
69
21834
32
21975
73
22175
78
22275
32
22395
65
22525
85
22716
76
22876
65
23066
32
23387
81
23437
85
23967
69
24188
83
24338
84
24508
65
24759
32
24959
77
25019
65
25169
84
25339
84
25470
73
25650
78
25740
65
25920
188
26080
32
26541
69
27412
32
27623
78
27753
69
27843
76
27983
76
28103
65
28204
32
28354
80
28474
82
28664
79
28824
83
29355
80
29505
69
29686
84
29836
84
29996
73
30096
86
30266
65
30417
32
30517
68
30657
73
30757
32
30937
77
31108
79
31228
82
31358
73
31478
82
31628
69
31739
32
31889
68
32019
73
32139
32
32229
70
32410
82
32520
69
32760
68
32930
68
33061
79
33171
32
33371
78
33491
69
33601
76
33752
76
33862
69
33972
32
34142
80
34252
82
34372
79
34523
83
34683
83
34773
73
34973
77
35063
69
35234
32
35624
81
35804
85
35945
65
36155
84
36325
84
36495
82
36646
79
36766
32
36926
79
36986
82
37126
69
37377
32
37507
68
37627
73
37737
32
37887
76
37958
69
38188
90
38278
73
38368
79
38548
78
38618
69
38719
32
38849
68
39029
69
39169
76
39309
32
39450
80
39630
79
39860
77
39960
69
40081
82
40241
73
40391
71
40541
71
40982
73
41172
79
41423
190
41553
190
41703
190
41973
32
42144
83
42214
79
42384
78
42494
79
42664
32
43786
83
43986
69
44197
68
44337
85
44487
84
44657
65
44827
32
45008
81
45138
85
45328
73
45488
32
45759
65
45999
32
46099
83
46380
67
46660
82
47031
73
47141
86
47301
69
47411
82
47561
69
47752
32
47912
83
48022
84
48122
85
48282
80
48503
73
48553
68
48773
65
49384
8
49885
8
49925
8
49955
8
49995
8
50035
8
50065
8
50105
8
50135
8
50175
8
50215
8
50245
8
50285
8
50315
8
50355
8
50385
8
50425
8
50466
8
50496
8
50536
8
50576
8
50606
8
50646
8
50766
8
51327
8
51497
8
51647
8
51797
8
51978
8
52208
8
