52398
8
52569
8
52759
8
53640
79
53830
78
53971
79
54151
32
54361
81
54471
85
54662
73
54782
32
55102
65
55313
32
55713
71
55853
79
55973
68
56194
69
56294
82
56474
77
56715
73
56875
32
57045
85
57255
78
57365
32
57556
80
57746
79
58497
222
58767
32
58988
68
59478
8
59679
32
59799
68
59989
73
60109
32
60260
84
60340
69
60500
80
60660
79
60770
82
60881
69
61642
16
61702
49
62222
13
63384
13
63604
13
63775
13
63925
13
64676
38
64866
38
65016
38
65197
38
65828
16
66038
65
66318
67
66499
67
66659
73
66819
68
67019
69
67150
78
67280
84
67390
73
67630
188
67750
32
67931
77
68051
65
68191
32
68331
81
68451
85
68582
69
68782
83
68922
84
69082
79
69162
32
69323
83
69433
80
69563
65
69803
90
69903
73
70004
79
70174
32
70354
66
70544
73
70785
65
70925
78
71075
67
71205
79
71326
32
71426
83
71586
69
71716
77
71906
66
71996
82
72107
69
72297
32
72457
80
72577
82
73028
8
73178
8
73419
78
73569
79
73669
78
73799
32
73959
70
74049
73
74210
78
74360
73
74540
82
74690
69
74871
32
75051
80
75251
73
76162
222
76673
85
78326
16
78436
190
78596
32
78836
83
79047
8
79177
8
79327
8
79718
16
79968
186
80228
32
80349
83
80489
73
80649
69
80849
84
81060
69
81300
32
81470
83
81610
73
81781
67
81901
85
82031
82
82161
73
82281
32
82411
67
82542
72
82662
69
82732
32
82902
83
83293
8
83483
67
83603
73
83733
32
83803
83
83924
73
84064
65
84254
32
84404
85
84585
78
84725
32
84805
70
84845
79
85015
78
85135
68
85276
79
85686
16
86187
16
86217
16
86247
16
86287
16
86317
16
86347
16
86377
16
86407
16
86437
16
86477
16
86507
16
86537
16
86567
16
86597
16
86628
16
86668
16
86698
16
86728
16
86758
16
86788
16
86818
191
87278
13
87579
16
87659
83
87909
80
87989
69
88070
82
88250
79
88370
32
88490
68
88590
73
88701
32
88831
83
88931
73
89141
188
89261
32
89381
65
89442
78
89612
67
89702
72
89852
69
89962
32
90143
80
90223
69
90303
82
90573
67
90703
72
91114
16
91615
16
91645
16
91675
16
91705
16
91745
16
91775
16
91805
16
91835
16
91865
16
92055
222
92226
69
92556
32
92726
70
92927
82
93057
65
93377
32
93678
68
93838
73
93958
69
94559
67
94719
73
94839
32
95070
77
95260
73
95460
78
95651
85
95761
84
95931
73
96372
32
96522
84
96702
69
96812
82
96962
77
97163
73
97333
78
97433
65
97533
32
97673
76
97754
65
97794
32
97964
80
98144
65
98334
85
98455
83
98675
65
98775
32
98935
80
99015
82
99206
65
99937
8
00347
8
00497
8
00948
69
01098
32
01219
68
01619
69
01849
86
02040
79
02170
32
02260
82
02360
73
02480
84
02560
79
02681
82
02781
78
02911
65
02991
82
03171
69
03342
32
03492
65
03602
32
03752
76
03802
69
04053
90
04133
73
04233
79
04463
78
04533
69
07107
32
07277
69
07397
32
07578
77
07808
73
07908
32
07958
68
08098
73
08229
83
08339
80
08569
73
09260
65
09500
67
09681
69
09811
82
09981
69
10211
66
10362
66
10462
69
10612
32
10752
70
10922
65
11143
76
11694
76
11884
73
11974
82
12094
69
12475
32
13356
8
13857
8
13897
8
13937
8
13977
8
14007
8
14107
8
14267
8
14978
68
15139
79
15239
86
15419
69
15539
82
15930
32
16631
8
16891
77
16991
69
17111
78
17262
69
17402
32
17552
65
17642
78
17782
68
17973
65
18083
82
18213
69
18363
32
18483
83
18624
69
18764
78
18914
90
19104
65
19244
32
19365
82
19465
73
19645
85
19745
83
19905
67
20066
73
20226
82
20336
69
20476
32
20626
65
20707
32
20857
84
20947
69
21077
82
21127
77
21317
73
21488
78
21538
65
21628
82
21758
69
21848
32
21998
76
22679
222
22910
69
23430
8
23651
32
24242
8
24602
222
25023
32
25223
69
25634
83
25774
80
25894
69
25984
82
26114
73
26365
69
26775
8
27006
77
27096
69
27196
78
27326
84
27476
79
28207
190
29059
13
29860
16
29940
68
30120
85
30320
78
30431
81
30581
85
30691
69
30851
188
30991
32
31132
86
31292
69
31492
68
31632
73
31752
65
31843
77
32013
79
32153
32
32213
68
32333
73
32463
32
32524
67
32634
79
32794
83
33124
222
33795
32
34006
65
34166
76
34316
84
34506
82
34647
79
34787
32
34907
83
34987
73
35097
32
35207
80
35388
79
35468
84
35668
82
35788
69
35898
66
36049
66
36159
69
36750
32
36920
80
37050
65
37170
82
37370
76
37491
65
37601
82
37751
69
39243
190
41146
13
41807
16
42047
65
42308
72
42838
188
42969
32
43209
69
43439
67
43599
67
43790
79
45212
190
45392
32
45532
16
45602
72
45913
79
46043
32
46353
84
46704
8
46834
8
46974
8
47115
8
47265
8
47505
8
47725
16
47836
190
47966
32
48166
72
48426
8
48557
8
48707
8
49308
16
49498
186
49718
32
49888
72
50069
79
50179
32
50269
84
50449
82
50579
79
50700
86
50870
65
50960
84
51190
79
52172
8
52673
8
52713
8
52753
8
52793
8
52833
8
52873
8
52913
8
52953
8
52993
8
53033
8
53073
8
53113
8
53153
8
53193
8
53243
8
53283
8
53323
8
53363
8
53404
8
53444
8
53494
8
53534
8
53574
8
53614
8
53664
8
53704
8
53744
8
53784
8
53834
8
53874
8
54024
8
55557
219
56077
8
56328
66
56458
69
56608
32
56788
80
56859
65
56969
82
57159
76
57309
65
57459
82
57560
69
58170
190
58311
190
58451
190
59022
32
59192
65
59292
72
60173
16
60273
49
60594
32
60734
69
60984
67
61135
67
61295
79
61425
32
61615
72
62316
79
62437
32
62647
84
62837
82
62977
79
63067
86
63228
65
63318
84
63498
79
63698
16
63788
190
63909
32
64119
80
64449
8
64570
8
64730
8
65371
16
65871
16
65902
16
65932
186
66442
32
66853
80
66923
69
67033
82
67284
67
67484
72
68045
222
68255
69
68585
32
68766
78
68926
79
69046
78
69166
32
70037
80
70158
65
70378
83
70558
83
70959
65
71099
82
71219
69
71620
8
72120
8
72251
8
72401
8
72541
8
72691
8
72852
8
73042
83
73232
70
73673
82
73823
85
73943
84
74103
84
74264
65
74384
82
74524
69
74704
32
74995
76
75666
222
76116
32
76306
65
76537
82
76777
71
76847
79
77048
77
77138
69
77238
78
77348
84
77749
79
77849
32
77989
68
78069
73
78179
32
78319
67
78379
79
78560
78
78620
86
78770
69
78880
82
79070
83
79261
65
79531
90
79631
73
79721
79
79892
78
79982
69
80132
32
80302
80
80482
73
80753
222
81764
85
82245
32
82445
68
82586
73
82736
70
82926
70
83056
85
83146
83
83277
79
83567
78
84008
8
84188
32
84358
78
84468
69
84548
76
84669
32
84779
77
84939
79
85099
78
85209
68
85289
79
85550
188
85660
32
85710
83
85890
79
86050
80
86131
82
86261
65
86411
84
86571
84
86731
85
86822
84
86992
84
87142
79
87252
32
87362
81
87453
85
87653
65
87843
78
88023
68
88174
79
88314
32
88524
78
88694
79
88804
78
88955
32
89065
83
89165
73
89275
32
89355
83
89566
65
89756
32
89896
80
90016
82
90106
79
90247
80
90337
82
90477
73
90597
79
90727
32
90827
68
90948
73
91048
32
91148
67
91328
79
91418
83
91629
65
91859
32
92760
80
92900
65
93021
82
93241
76
93361
65
93451
82
93581
69
94362
16
94863
16
94893
16
94923
16
94963
16
94993
16
95023
16
95053
16
95083
16
95114
16
95154
16
95184
16
95214
16
95244
16
95274
16
95304
16
95334
16
95374
16
95404
16
95434
16
95464
16
95504
16
95534
16
95564
16
95594
16
95624
191
96265
32
97207
13
97477
16
97607
67
98048
77
98348
8
98619
79
98819
77
99049
69
99270
32
99400
67
99490
79
99610
83
99810
65
99950
32
00071
83
00251
84
00401
79
00561
32
01092
8
01593
8
01633
8
01683
8
01723
8
01763
8
01813
8
01853
8
01903
8
01943
8
01983
8
02033
8
02074
8
03075
79
03616
77
03776
69
03966
32
04116
83
04667
8
04797
8
04958
8
05098
8
05248
8
06069
79
06290
77
06420
69
06560
32
06680
83
06880
65
06971
82
07131
69
07241
66
07381
66
07471
69
07611
32
07742
65
07812
32
07962
68
08062
73
08172
82
08292
69
08933
16
09074
36
11327
46
12529
16
12749
83
13009
84
13149
79
13310
32
13470
80
13540
65
13630
82
14141
76
14311
65
14411
78
14541
68
14632
79
14742
32
14862
68
15052
69
15192
76
15313
32
15443
84
15553
69
15693
77
15873
80
16034
79
16194
32
16244
16
16364
56
17055
8
17325
8
17656
188
17776
32
18507
8
18657
8
18918
32
18978
16
19479
16
19509
16
19539
16
19579
16
19609
16
19639
16
19669
16
19699
16
19729
16
19769
57
20009
81
20170
85
20510
69
20680
76
20810
76
21021
79
21131
32
21241
65
21411
84
21532
77
21652
79
21782
83
21992
70
22383
69
22493
82
22653
73
22803
67
22934
79
23154
32
23785
79
23965
86
24135
86
24516
8
24646
8
24786
8
24936
8
25337
188
25467
32
25647
79
25748
86
25908
86
26028
73
26188
65
26278
77
26409
69
26449
78
26629
84
26739
69
27019
16
27090
57
27700
8
28041
16
28231
48
28572
188
28692
32
28902
67
29042
72
29152
69
29223
32
29343
73
29553
78
29673
32
29773
81
29934
85
30044
69
30274
83
30404
84
30655
73
30805
32
30975
71
31095
73
31195
79
31286
82
31406
78
31596
73
31706
32
32557
222
32848
69
33048
32
33178
86
33328
69
33429
82
33639
65
33769
77
33889
69
33999
78
34130
84
34230
69
34480
32
35331
16
35421
222
35642
32
35862
80
35982
65
36263
83
36613
8
36773
90
36934
90
37314
79
38226
222
38796
190
39668
8
40038
8
40499
16
40689
222
41000
32
41801
190
43713
13
43984
13
44144
13
44334
13
44495
13
44675
13
44845
13
45346
13
45416
13
45476
13
45546
13
45606
13
45676
13
