79335
85
79515
78
79685
32
80867
71
80987
73
81097
79
81177
82
81317
78
81448
79
81578
32
82419
8
82910
8
82960
8
83090
8
83230
8
83390
8
83631
8
83971
77
84142
79
84322
77
84472
69
84532
78
84682
84
84802
79
84933
32
85063
68
85163
73
85323
76
85524
85
86034
8
86205
8
86705
8
86755
8
86805
8
86855
8
86906
8
86956
8
87006
8
87056
8
87106
8
87156
8
87206
8
87256
8
88227
78
88418
32
88598
77
88718
79
88888
77
88989
69
89029
78
89179
84
89269
79
89399
32
89479
68
89549
73
89710
76
89900
85
90030
86
90160
73
90290
65
90481
188
90651
32
90951
68
91082
79
91212
80
91342
79
91552
32
91863
85
92163
78
92373
32
92594
80
92814
79
93285
222
93405
32
94597
32
95368
83
95558
80
95778
76
95888
69
96019
78
96139
68
96309
69
96459
32
96599
73
96760
76
96870
32
96950
83
97050
79
97210
76
97270
69
97581
188
97701
32
97881
80
98052
79
98152
73
98312
32
98372
84
98482
73
98592
82
99514
8
99644
8
99794
8
00325
82
00465
73
00595
67
00675
79
00926
77
01106
73
01276
78
01366
67
01486
73
01577
65
01827
32
02037
65
02167
32
02268
68
02338
73
02498
76
02678
85
02848
86
03019
73
03339
65
03439
82
03579
69
03880
32
04982
69
05192
32
05292
67
05412
79
05592
83
05933
222
07205
73
08006
8
08166
8
08306
8
08446
8
08627
65
08797
86
08957
65
09047
78
09127
84
09288
73
09408
32
09508
67
09628
79
10049
83
10459
222
10850
73
11230
32
11401
80
11511
69
11591
82
11851
32
12833
84
12993
85
13083
84
13223
84
13384
65
13494
32
13614
76
13704
65
13794
32
13954
83
14165
69
14335
84
14505
84
14615
73
14806
77
14896
65
14996
78
15156
65
16148
190
17219
13
18371
16
18581
83
18982
69
19112
77
19302
66
19342
82
19522
65
19653
32
19883
81
20023
85
20163
65
20404
83
20594
73
20714
32
20844
68
20985
73
21085
32
21245
86
21375
73
21515
86
21706
69
21816
82
21996
69
24600
16
24980
36
26743
35
27003
8
27514
8
27654
8
27804
8
27945
8
28095
8
28285
69
28545
83
28716
83
28866
69
28956
82
29116
69
29296
32
29447
65
29487
32
29667
77
29747
65
29837
82
30128
90
30288
79
30418
32
31089
65
31219
78
31840
90
32030
73
32141
67
32291
72
33653
222
33793
69
34043
32
35065
81
35515
8
35656
65
35816
32
36016
77
36116
65
36287
71
36447
71
36567
73
36667
79
36907
188
37008
32
37198
79
37308
82
37408
77
37518
65
37699
73
37829
32
37949
65
38039
76
38169
76
38269
69
38410
32
38550
80
38740
79
38800
82
39000
84
39111
69
39281
32
39381
68
39561
69
39681
76
39822
76
40052
189
40563
8
41194
222
42886
69
43657
8
44378
222
44548
32
44729
69
44959
83
45109
84
45309
65
45430
84
45600
69
46021
16
46181
49
50958
13
51368
16
51488
67
51909
77
52069
81
53471
32
53712
79
53842
82
54022
65
54202
32
54373
83
54533
80
54743
76
54893
69
55003
78
55184
68
55384
69
55604
32
55765
73
55975
76
56135
32
56285
83
56375
79
56536
76
56646
69
56796
32
57727
69
58048
32
58228
83
58328
80
58508
82
58739
69
59059
8
59209
8
59300
69
59410
82
59620
79
59770
32
59921
67
60061
72
60151
69
60642
32
60952
84
61092
69
61313
78
61453
71
61623
65
61763
32
61923
65
62014
76
62164
77
62264
69
62354
78
62464
84
62574
79
62694
32
62865
70
62945
73
63135
78
63265
79
63396
32
63516
65
63586
32
63786
81
63896
85
64036
69
64277
83
64417
84
64587
65
64737
32
64878
83
65008
69
65108
82
65268
65
65438
188
65589
32
65769
80
65809
69
65899
82
66099
67
66250
72
66440
16
66550
222
67461
222
67572
69
67932
32
68172
72
68383
79
68483
32
68613
68
68693
73
68873
77
68943
69
69024
78
69134
84
69234
73
69414
67
69594
65
69735
84
69925
79
69995
32
70095
68
70155
73
70275
32
70396
80
70436
82
70536
69
70756
78
71147
68
71367
69
71457
82
71627
69
71758
32
71938
76
72388
222
72849
32
73009
79
73280
77
73460
66
73590
82
73670
69
73810
76
73951
76
74151
79
74241
32
74371
69
74421
32
74582
78
74712
79
74812
78
74912
32
75062
77
75303
73
75413
32
75573
65
75673
78
75813
68
75974
82
76074
69
76224
66
76374
66
76444
69
76584
32
76695
68
76825
73
76945
32
77045
70
77205
65
77295
82
77586
77
77816
73
77896
32
78057
85
78267
78
78427
65
78647
32
78778
68
78878
79
79028
67
79188
67
79338
73
79459
65
79609
32
79739
70
79819
85
79929
79
80019
82
80140
73
80250
32
80400
80
80480
82
80590
79
80710
71
80891
82
81051
65
81191
77
81311
77
81441
65
81972
190
83114
13
84826
16
85007
66
85267
69
85387
78
85517
69
85998
188
86118
32
86288
73
86449
76
86579
32
86649
84
86759
69
86839
77
87029
80
87180
79
87320
32
87961
222
88121
69
88341
32
88602
81
88772
85
88922
65
89153
83
89293
73
89403
32
89493
83
89693
67
89874
65
90244
68
90404
85
90515
84
90705
79
90825
32
94110
8
94590
16
94931
190
95592
8
96143
16
96343
186
96623
32
97595
68
97835
69
98035
86
98326
79
98466
32
98716
76
98887
65
99057
82
99898
8
00018
83
00349
73
00809
8
00980
67
01190
73
01350
65
01450
82
01711
86
01871
73
01981
32
02121
80
02321
85
02422
82
02612
84
02772
82
03413
79
03603
80
03804
80
04084
79
04344
190
04645
13
04895
16
04985
83
05206
80
05316
69
05406
82
05546
79
05696
32
05887
67
05987
72
06117
69
06257
32
06417
81
06518
85
06728
65
06878
78
06998
84
07108
79
07229
32
07299
83
07489
67
07669
82
07779
73
07889
84
08040
84
08170
79
08300
32
08360
83
08450
79
09061
80
09191
82
09352
65
09492
32
09632
83
09792
73
09962
65
10133
32
10303
83
10463
85
10573
70
10734
70
10854
73
10974
67
11044
73
11214
69
11354
78
11465
84
11575
69
11985
188
12146
32
12276
80
12346
69
12436
82
12676
67
12837
72
13277
16
13958
222
14078
69
14319
32
14479
80
14689
85
14799
82
15000
84
15180
82
15300
79
15480
80
15621
80
15811
79
15951
32
16191
78
16332
79
16472
78
16552
32
16712
73
16882
78
17013
84
17213
82
17343
65
17553
86
17734
69
17934
68
18144
79
18254
32
18425
76
18555
65
19576
32
19706
70
19787
73
19947
78
20007
69
20157
32
20337
68
20858
73
20978
32
21169
81
21279
85
21449
69
21910
83
22110
84
25024
16
25375
38
25915
35
26236
37
26737
37
26797
37
26857
37
26927
37
26987
37
27047
37
27117
37
27177
37
27247
37
27307
37
27367
37
27438
37
27498
37
27698
37
28028
37
28209
37
28379
37
28599
37
29561
190
30512
13
31954
16
32054
66
32285
85
32455
79
32675
78
32785
32
32956
76
33066
65
33266
86
33406
79
33546
82
33717
79
34598
190
36020
8
38053
36
38393
16
38514
65
38754
82
38924
82
39034
73
39144
86
39245
73
39405
69
39906
8
40056
8
40566
69
40797
68
40997
69
41087
82
41328
67
41498
73
41598
32
41728
69
41808
32
41999
66
42609
46
42830
35
43611
190
