47640
16
47800
77
47860
65
48020
77
48190
77
48190
65
48410
32
49280
77
49450
73
49560
65
49720
32
50160
67
50330
72
50380
69
50550
32
50710
82
50880
79
51320
66
51480
65
52090
188
52250
32
52860
80
52960
69
53130
82
53180
32
53510
82
53680
73
53840
69
53950
77
54170
80
54390
73
54560
82
54720
69
54830
32
55000
84
55160
85
55330
84
55440
84
55550
79
55710
32
55820
76
55990
79
56150
32
56640
83
57030
80
57140
65
57740
88
58020
8
58130
90
58180
73
58350
79
58400
32
58570
65
58620
32
58790
68
58950
73
59500
83
59610
80
59830
79
60220
83
60430
73
61040
90
61200
73
61310
79
61530
78
61700
69
61750
32
62030
78
62030
79
62140
78
62580
32
63240
83
63350
79
63510
32
63680
80
63840
82
63950
79
64220
82
64390
80
64550
73
64720
79
64880
32
65760
67
65870
79
66040
83
66150
65
66310
32
66420
73
66640
78
66970
86
67140
69
67300
78
67470
84
67740
65
67900
82
68290
77
68510
73
69000
190
71690
16
71910
16
71970
16
71970
16
72020
16
72020
16
72080
16
72080
16
72130
16
72130
16
72190
16
72240
16
72240
16
72300
16
72300
16
72350
16
72350
85
72900
72
73180
77
73510
32
73780
190
73950
190
74060
190
74280
32
74660
80
74880
79
75210
84
75370
82
75540
69
75700
73
75870
32
78620
82
78830
65
79110
67
79220
67
79330
79
79550
78
79660
84
79880
65
80100
82
80590
69
80920
32
83830
67
83940
79
84110
83
84220
65
84330
32
85260
219
86080
8
86360
83
86630
82
86800
79
87130
8
87240
8
87900
84
88060
79
88170
32
88230
76
88390
69
88720
71
88780
71
89000
69
89110
78
89330
68
89440
79
89490
32
89710
65
89980
68
90310
69
90590
83
90700
83
90810
79
90920
32
92020
190
92290
32
92730
8
92900
8
94270
188
94380
32
94600
77
94710
65
94820
32
95090
83
95420
65
95700
82
95860
69
96140
66
96250
66
96300
69
96470
32
97070
66
97180
65
97290
78
97450
65
97620
76
97780
69
98000
32
99650
189
99870
32
00150
67
00310
72
00590
73
00860
83
00970
83
01190
69
01740
78
01900
69
03220
70
03390
82
03880
69
04160
71
04320
65
04650
32
05250
68
05360
73
05420
32
05910
67
06080
79
06130
83
06240
65
06410
32
06900
76
07010
69
07400
71
07510
71
07670
79
07730
32
08000
79
08160
82
08330
65
08550
32
09980
190
10140
190
10530
82
10580
84
10910
8
11020
84
11190
82
11350
69
11630
8
11790
8
11900
8
12060
8
12280
84
12500
82
13050
65
13380
32
13710
76
13930
219
14100
65
14210
76
14480
84
14650
82
14760
79
14980
190
15090
190
15580
67
15850
72
16620
8
16790
8
17610
8
17780
8
18820
188
18990
32
19370
67
19530
79
19700
77
19810
69
19920
32
20080
83
20250
73
20360
32
20580
83
20800
67
20960
82
21130
73
21350
86
21510
69
21570
32
21840
67
22060
72
22280
73
22390
32
22780
8
23930
83
24090
83
24310
69
24590
78
24970
69
25190
70
25410
82
26350
69
26620
71
26890
65
27110
16
27280
219
28600
67
28760
72
28930
73
29090
32
29370
83
29530
69
29590
32
29810
78
29920
69
29970
32
30740
70
30960
82
31120
69
31780
71
32280
65
33380
32
33760
79
33870
32
34640
67
35900
79
36070
77
36230
69
36230
32
36560
76
36780
219
37220
72
37330
79
37440
32
37770
83
37990
67
38650
82
38810
73
39030
84
39140
84
39200
79
39420
32
39580
73
39750
79
39910
32
40460
67
40680
72
40960
73
41230
83
41390
83
41610
69
41890
78
43260
69
44090
70
44310
82
44470
69
44750
71
44970
65
46390
32
47050
16
47270
219
47550
32
49080
77
49250
65
49520
72
50130
32
50730
190
50840
190
51010
190
51170
32
51830
68
52000
73
52160
82
52270
69
52380
73
52540
32
52710
65
52930
80
53040
80
53260
85
53480
78
53640
84
53750
79
54140
190
54250
190
54360
190
54630
32
54850
67
55020
72
55290
73
55620
83
55680
83
55900
69
56110
78
56720
69
56940
70
57100
82
57270
69
58090
71
58700
65
58920
32
59140
79
59250
32
59580
67
59740
72
59900
73
60070
32
60290
83
60450
69
60510
32
60670
78
60840
69
60890
32
61060
70
61220
82
61390
69
61550
71
61770
65
61830
32
62050
65
62210
32
62820
68
62980
73
63150
82
63260
32
64130
8
64300
8
64460
8
64630
8
64850
8
65010
8
65950
188
66110
32
66280
67
66390
79
66550
77
66720
69
66830
32
67100
68
67320
73
67480
82
67590
32
68090
83
68250
73
68800
32
69300
86
69520
73
69790
8
69960
79
70120
76
70290
71
70340
73
70560
65
71220
16
71440
16
71490
16
71490
16
71770
8
71880
8
72040
8
72980
8
73360
71
73530
76
73690
73
74240
65
74510
16
74620
49
78690
13
80500
16
80670
77
80830
73
80940
32
81050
80
81110
79
81270
73
81600
8
81770
8
82090
8
82640
80
82810
73
82970
65
83190
67
83360
69
83580
82
83740
69
84020
66
84130
66
84290
69
84350
32
85880
73
86100
78
86380
86
86600
69
86760
67
86930
69
87090
32
87970
67
88080
79
88300
78
88470
79
88580
83
88800
67
88960
69
89180
82
89290
69
89450
32
90440
80
90660
73
91490
191
91600
32
91820
65
91980
32
92370
70
92530
79
92750
78
92970
68
93130
79
93240
32
93460
76
93630
219
94230
69
94450
83
94560
80
94780
69
94950
82
95110
73
95280
77
95390
69
95500
78
95660
84
95770
79
95940
32
96810
65
97030
32
97580
67
97800
85
97910
73
97970
32
98410
83
98790
84
98900
79
99070
32
99510
80
99620
65
99840
82
00060
84
00220
69
00490
67
00660
73
00880
80
01040
65
01150
78
01320
68
01480
79
01590
32
03520
8
04450
188
04780
32
12250
65
12470
78
12630
67
12690
72
12800
69
12910
32
13290
80
13460
69
13620
82
13840
67
13950
72
14340
80
14450
32
14610
8
14940
186
15270
8
15430
8
15650
186
16040
32
16370
79
16530
82
16700
65
16700
32
16920
67
17030
79
17190
77
17300
69
17360
32
17690
79
17800
82
17960
65
18020
32
18180
32
18290
73
18460
32
18620
83
18780
69
18890
78
19110
84
19220
79
19330
32
19500
85
19660
78
19720
32
19880
80
19940
79
20100
219
21370
37
21640
37
21640
37
21700
37
21750
37
21750
37
21810
37
21810
37
21860
37
21860
37
21920
37
21970
37
21970
37
22030
37
22790
77
23290
39
23510
39
23560
39
23560
39
23620
39
23620
39
23670
39
23730
39
23730
39
23780
39
23780
39
23840
39
23840
39
23890
39
23950
39
23950
39
24330
32
24610
67
24770
65
24940
86
25100
73
25210
65
25540
32
28070
77
28230
65
28290
32
28560
80
28730
69
28840
82
28950
32
29390
70
29550
79
29720
82
29880
84
30040
85
30320
78
30480
79
30870
8
31030
65
31250
32
31470
76
31640
79
31860
32
32300
83
32460
80
32630
65
33400
90
33560
73
33670
79
33780
32
34270
186
34380
32
34820
81
34990
85
35150
65
35320
83
35430
73
35540
32
35810
84
36030
69
36310
82
36470
77
36750
79
36970
78
37130
65
37510
84
37680
79
