10826
16
10926
66
11187
85
11357
79
11617
78
11768
32
11978
16
12108
71
12288
73
12339
79
12649
82
12919
78
13120
79
14722
16
15123
49
17396
32
18007
83
18147
80
18267
69
18487
82
18658
79
19168
32
19759
68
19899
73
19980
32
20200
69
20500
83
20630
83
20911
69
21121
82
21331
69
21572
32
22393
85
22633
84
22794
73
22994
76
23204
69
29383
188
29503
32
36704
78
36784
79
36904
78
37334
32
37715
83
37935
79
38045
32
38897
67
39077
79
39237
83
39377
65
39528
32
39748
83
39968
67
40189
82
40379
73
40699
86
40779
69
40960
82
41190
76
41300
69
42392
16
42442
49
42752
32
74498
77
74758
73
74898
32
75079
80
75299
73
75519
65
75880
67
76100
69
76311
82
76471
69
76711
66
76841
66
76901
69
76991
32
77262
83
77462
65
77592
80
77763
69
77933
82
78123
78
78223
69
78303
32
79395
68
79545
73
79625
32
80406
107
80547
32
81147
83
81258
85
81478
76
81578
32
81848
83
81999
85
82209
79
82309
32
82529
80
82690
82
83140
79
83461
71
83551
69
83821
84
83941
84
84092
79
87386
16
87457
49
87877
32
88588
65
88728
78
88919
67
89029
72
89129
69
89219
32
89499
69
89560
32
89960
8
90060
65
90170
32
90481
8
90631
8
90771
8
90891
65
91042
32
91602
77
91673
69
91723
32
92374
80
92544
73
92644
65
92894
67
92914
86
93125
73
93185
79
93896
8
94407
8
94457
8
94477
8
94507
8
94547
8
94577
8
94607
8
94647
8
94677
8
94717
8
94747
8
94767
8
94797
8
94847
8
94867
8
94917
8
94937
8
94967
8
95017
8
96179
16
96219
49
96339
32
96610
65
96770
78
96950
67
97191
72
97241
69
97351
32
97711
73
97761
79
97902
32
98112
83
98352
79
98552
78
98713
79
98913
32
00075
73
00295
78
00555
84
00746
82
01607
8
01767
69
02498
82
02608
69
02849
83
02999
83
03179
65
03359
84
04171
79
04331
32
11501
65
11741
32
11962
81
12122
85
12282
69
12452
83
12613
84
12963
79
13053
32
13324
84
13494
73
13945
80
14115
79
14265
32
14876
68
15006
73
15046
32
15437
69
15607
83
16298
80
16418
69
17089
82
17299
73
17490
77
17590
69
17690
78
17880
84
18121
73
20414
32
20744
83
20855
65
21415
82
21505
69
21746
73
21896
32
24860
67
25021
79
25211
78
25531
84
25641
69
25852
78
26122
84
26282
79
26332
32
26723
68
26873
73
26943
32
27114
80
27274
79
27674
84
27855
69
28045
82
28165
32
28455
67
28636
79
28826
76
28946
76
29036
65
29347
66
29477
79
29787
82
29837
65
29968
82
30108
69
30188
32
30639
73
30819
78
30879
32
31129
81
31250
85
31660
65
31840
76
32111
67
32361
72
32421
69
32501
32
32772
77
32942
79
33082
68
33222
79
33292
32
33843
67
33983
79
34194
78
34274
32
34494
76
34584
69
34955
73
37008
188
37168
32
38951
77
39171
73
39241
32
39511
70
39592
65
39862
67
39992
67
40122
73
40242
65
40413
32
40973
83
41104
65
41224
80
41424
69
41504
82
41604
69
52180
16
52210
49
52891
32
53632
80
53852
85
54012
79
55154
8
56977
79
57097
222
57277
32
58018
32
58338
67
58509
79
58749
78
59070
84
59170
65
59370
84
59480
84
59560
65
59891
82
60321
77
60562
73
65739
32
66130
84
66260
82
66390
65
66650
77
66871
73
67141
84
67201
69
67301
32
67622
73
67792
76
67892
32
68052
77
68253
73
68403
79
68493
32
68763
73
68974
78
69174
68
69324
73
69505
82
69645
73
69865
90
70025
90
70165
79
70536
32
70957
69
72058
189
72639
77
72729
65
72879
73
73070
76
73150
32
76164
68
76334
69
76485
76
76605
76
76645
65
76785
32
77005
70
77206
65
77456
67
77566
79
77716
76
77937
89
78538
8
78668
84
81982
17
81992
18
82083
65
82663
32
83354
79
83555
80
83675
80
83915
85
84146
82
84326
69
85938
32
86519
73
87210
8
87530
83
87681
85
87901
76
88031
32
88241
77
88452
73
88602
79
88692
32
88802
80
88902
69
89063
82
89273
83
89413
79
89623
78
89694
65
89864
76
90014
69
92247
16
92297
186
92868
8
94430
186
95171
13
95232
220
95983
8
96814
8
21880
32
22120
80
22240
69
22441
82
22801
79
23722
8
23903
8
24073
8
24233
8
24413
8
24804
8
25966
16
26066
186
27308
13
27648
80
27738
69
27888
82
28099
83
28249
79
28469
78
28529
65
28690
76
28990
69
30312
16
30412
186
30943
32
31133
68
31303
82
31824
65
32345
71
32555
48
32846
78
32956
69
35850
16
35940
50
36781
76
36992
73
37442
66
37542
87
38313
8
38874
69
38934
82
39736
79
40046
190
40376
73
40537
84
41768
13
42830
70
42900
65
43140
67
43291
79
43431
76
43691
84
44382
17
44392
18
44462
65
44933
32
45414
8
46055
16
46145
186
46445
32
47376
83
47577
84
48288
57
48368
56
48578
49
48658
54
48768
54
48979
52
50741
16
50831
50
51593
69
51733
68
51873
85
52364
67
52644
190
53305
68
53415
73
53786
190
54347
85
54537
78
54737
73
54927
84
55027
79
55388
190
55739
73
55859
84
59604
13
60225
16
60295
65
60646
83
60796
80
60926
69
61307
84
61417
84
61687
65
61887
78
62028
68
62188
79
63029
32
63299
83
63580
69
64401
8
64571
8
65222
68
65402
69
65623
76
65873
85
66184
67
66384
73
66604
68
66754
65
66975
90
67185
73
67235
79
67455
78
67656
73
68467
32
72903
8
73764
32
73985
16
74085
57
74756
80
74856
69
75016
82
75146
32
75487
70
75637
73
75847
78
76058
73
76218
82
76408
69
77149
32
77780
76
77930
79
78011
32
78181
83
78341
80
78371
65
78692
90
78902
73
78972
79
79162
32
79403
77
79503
65
79863
8
80825
87
81275
8
81786
69
81986
83
82126
83
82297
79
82327
32
82918
65
83068
32
83669
68
83819
73
83919
83
84019
80
84209
79
84239
73
85161
8
85832
83
86062
73
86212
90
86413
73
86463
79
86693
78
86793
69
89968
16
90038
48
91850
32
92311
76
92391
87
92471
32
92982
8
93132
8
93353
69
93453
32
94544
86
94675
79
94885
82
95335
82
95526
69
95746
83
96367
8
96617
73
96697
32
97238
73
97489
76
97609
76
97809
85
97969
83
98109
84
98250
82
98350
65
98490
82
98630
69
03307
32
03597
65
03748
76
03938
67
04118
85
04288
78
04378
69
04449
32
04679
68
04829
69
05019
76
05140
76
05220
69
05280
32
05580
77
05780
73
05911
69
05991
32
06341
65
06572
84
06672
84
06932
73
07233
86
07363
73
07623
84
09085
65
09175
222
10187
8
11238
17
11248
18
11348
65
13502
16
13572
49
15625
13
18068
16
18168
83
18499
84
18689
79
19180
32
19610
73
19811
78
20061
70
20171
65
20341
84
20452
84
20802
73
20912
32
21153
80
21323
79
21453
82
21643
84
21864
65
22074
78
22274
68
22414
79
22474
32
22715
65
22945
86
23035
65
23246
78
23666
84
23756
73
23917
32
24588
68
24718
85
24818
69
24908
32
25289
80
25459
82
25619
79
25970
71
26100
69
26300
84
26430
84
27221
73
27522
32
27912
71
28063
82
28173
65
28473
70
28603
73
28733
67
28854
73
31237
16
31287
186
31678
13
32359
16
32429
73
32559
76
32669
32
41091
80
41191
82
41392
73
42063
77
42283
79
42353
32
42653
67
42794
79
43014
78
43264
83
43405
73
44456
83
44606
84
44807
82
44927
69
45147
32
45578
8
45748
8
45918
8
46499
69
46579
32
46799
68
46990
69
47350
8
47520
8
48372
78
48512
69
48822
76
48923
76
49804
222
49944
65
50214
78
50445
73
50635
77
50745
65
51917
8
52077
8
52237
8
52398
8
52608
8
53439
222
53729
32
54320
65
54521
78
54781
73
54991
77
55101
65
55292
90
55462
73
55522
79
55712
78
55802
69
55862
32
56033
68
56213
73
56283
32
56964
85
57134
78
57214
32
57405
80
57465
69
57635
82
57835
83
57966
79
58186
78
58286
65
58566
71
58697
71
58847
73
58897
79
59027
32
59948
51
60179
68
60770
8
60920
8
61991
50
62342
68
62592
32
63113
80
63173
69
63353
82
63393
32
63684
85
63874
78
63954
32
64245
86
64425
73
64555
68
64735
69
64885
79
65386
71
65526
73
65677
79
66177
67
66297
79
68040
16
68100
186
68390
32
68951
8
69092
8
69973
186
70133
32
71325
73
71505
76
71545
32
71715
83
71936
69
72156
67
72276
79
72486
78
72677
68
72867
79
75551
32
76021
16
76112
57
76833
107
79146
8
79316
8
79827
8
79857
8
79897
8
79927
8
79957
8
79987
8
80027
8
80057
8
80087
8
80117
8
80157
8
80187
8
80218
8
80258
8
80288
8
80318
8
80358
8
80388
8
80508
8
80668
8
80838
8
81009
8
82531
73
82671
68
82871
69
83012
79
83332
71
83522
73
83592
79
84053
67
84173
79
85004
32
85325
16
85425
57
88299
83
88489
79
88680
78
88910
79
89230
32
92966
8
93156
8
93326
8
93497
8
95469
79
95740
78
96451
8
96621
8
96831
8
97933
83
98273
79
98414
78
98984
79
99155
32
99876
73
00066
78
00326
83
00737
69
00927
82
01118
84
01598
8
01889
73
02139
84
02249
79
02309
32
02580
85
03090
8
03791
73
03972
78
04032
32
04222
85
04392
78
04522
32
04973
80
05143
82
05264
79
05564
71
05664
69
05844
84
05944
84
06325
79
06485
32
07156
85
07877
70
08017
70
08198
73
09289
67
09419
73
09570
65
09730
76
10020
69
20035
32
20856
71
20946
69
21106
83
21257
84
21287
82
21617
73
22198
84
22588
8
22759
8
22939
8
23690
73
24000
84
24141
79
24221
32
24862
84
25022
82
25132
65
25443
77
25663
73
25903
84
25993
69
26053
32
26394
73
26594
78
26885
84
26995
69
27095
82
27215
69
28587
8
29278
78
29368
69
29889
84
31201
16
31311
48
38151
32
39463
8
40614
16
40684
186
40895
32
41526
8
41656
8
42557
186
42697
32
42988
16
43058
73
43208
76
43348
32
43889
83
44069
69
44410
67
44560
79
44780
78
44991
68
45181
79
45281
32
46172
16
46252
57
46753
107
46873
32
47584
68
47735
73
48486
70
48636
70
48806
73
49327
67
49497
73
49707
76
49828
69
52171
32
52351
69
52411
32
54104
83
54264
79
54424
80
54685
82
54925
65
55686
84
55786
84
56437
85
56738
84
56888
84
57038
79
57228
32
58120
76
58330
85
58490
78
58801
71
58921
79
59261
16
59331
48
59712
32
60433
67
60583
79
60773
78
60934
83
61144
73
61294
83
61444
84
61605
69
61895
32
63097
78
63217
69
63527
76
63627
76
63728
65
63838
32
64469
82
64669
69
64839
65
65200
76
65390
73
65540
90
65700
90
65851
65
66061
90
66231
73
66281
79
66482
78
66552
69
66592
32
66802
68
67042
73
67112
32
67293
85
67473
78
67543
32
67823
86
67904
69
68094
82
68274
79
68364
32
68625
69
68675
32
69225
80
69386
82
69566
79
70788
80
70908
82
71088
73
71288
79
71509
32
72220
70
72360
73
72530
76
72751
77
72871
32
73231
16
73321
51
73542
68
74323
8
74463
8
78329
51
78649
68
79220
8
79500
16
79570
68
80562
37
80742
37
80982
32
81173
37
81864
73
82014
78
82164
32
82645
39
82815
39
82985
39
83857
37
84007
37
84578
8
84768
39
84928
39
87762
32
88043
16
88163
57
89044
65
89224
76
89344
76
89455
65
89595
32
90316
16
90366
70
90566
73
90726
78
90827
65
91007
76
91217
32
91728
16
91868
70
92038
65
92189
78
92509
84
92599
65
92769
83
93260
89
94692
32
95273
80
95373
69
95553
82
95583
32
95834
73
96024
78
96375
84
96505
69
96595
82
99739
8
00310
78
00551
68
00871
69
01582
82
02243
67
02393
73
02754
16
02834
48
22021
16
22122
49
22993
32
24906
13
25216
16
25316
83
28671
80
28771
69
29092
82
29773
79
29873
32
30153
68
30293
73
30343
32
30564
69
30804
83
30944
83
31145
69
31375
82
31405
84
31555
69
31966
8
32126
8
32697
76
32737
69
32817
32
33007
83
33157
84
33238
65
33348
84
34089
79
34159
32
34920
68
35060
73
35130
32
35321
65
35511
73
35671
85
36032
84
36182
79
37994
38
38385
40
39006
16
39076
49
43132
13
43983
16
44173
66
44414
82
44904
85
45155
78
45325
79
45515
32
45996
16
46056
70
46226
82
46416
65
46557
78
46687
67
46917
69
47117
83
47348
67
47518
79
