49161
16
49662
16
49692
16
49722
16
49752
16
49782
16
49812
16
49842
86
50132
79
50323
82
50483
82
50543
69
51254
73
51314
32
51494
80
51615
65
51775
82
51885
76
52356
65
53017
82
53678
69
53758
32
53858
68
53948
73
54028
32
54178
85
54338
78
55420
32
57513
8
57753
79
57843
32
57904
83
58094
84
58234
85
59055
8
59175
8
59306
8
60738
8
60878
8
60998
8
61769
70
61819
70
62220
8
62430
78
62731
8
62841
8
63041
78
63161
32
63281
70
63311
73
63482
76
63662
77
64092
32
64203
67
64253
72
64373
69
64593
32
64723
77
64854
73
64974
32
66706
69
67598
222
67668
32
67738
67
67828
65
68319
80
68549
73
68689
84
68869
65
68980
84
69100
79
69190
32
69280
68
69380
73
69470
32
69681
86
69781
69
69931
82
70221
8
70291
68
70372
69
70502
82
70582
69
70722
32
70972
82
71052
69
71223
86
71303
69
71433
78
71533
84
71784
8
71894
8
71964
8
72084
8
72354
67
72414
69
72575
78
72705
84
72795
69
73045
77
73156
69
73306
78
73476
84
73556
69
73786
32
73917
69
76961
32
77061
67
77161
72
77281
69
77362
32
77472
77
77572
73
77682
32
77812
72
77892
65
78012
32
78103
76
78173
65
78313
83
78413
67
78503
73
78613
65
78714
84
78824
79
78914
32
79044
80
79174
65
79214
73
79645
8
79745
8
79915
73
79995
65
80126
67
80226
69
80516
86
80606
79
80766
76
80877
69
81057
84
81437
8
81558
8
81888
188
82399
8
82890
77
82970
69
83050
78
83180
84
83250
69
89359
32
89569
83
90320
84
90430
85
90621
80
90811
73
90971
84
91021
79
91973
190
92183
32
92333
16
92433
73
92644
76
92814
32
92914
84
93004
73
93605
84
93685
79
93845
76
93995
79
94076
32
94176
68
94316
69
94506
76
94656
32
95708
70
95798
73
95938
76
96109
32
96739
8
96850
8
97551
76
97681
77
97911
32
98552
69
98652
222
98943
32
99934
32
00044
16
00535
16
00575
16
00605
16
00635
16
00665
16
00695
16
00725
16
00755
16
00785
16
00825
16
00855
16
00885
16
00915
16
00945
16
00976
16
01006
16
01036
16
01066
16
01106
16
01136
16
01166
16
01196
16
01226
16
01256
16
01286
16
01316
16
01356
16
01386
16
01416
16
01446
16
01476
16
01506
16
01536
16
01566
16
01606
16
01636
16
01667
16
01697
16
01727
16
01757
16
01777
222
05262
16
05382
84
05832
72
05993
69
06604
32
06714
16
06844
83
07285
78
07405
65
07575
84
08066
67
08146
72
09007
16
09077
222
09808
32
10339
32
11521
8
15997
32
16057
16
16257
57
16468
81
16598
85
16698
69
16828
76
16908
76
17419
79
17499
32
17579
67
17639
79
17770
78
18981
32
19112
16
19232
66
19392
82
19522
65
19702
68
19893
32
20013
16
20113
80
20413
73
20704
84
20844
84
22216
8
22707
8
22747
8
22777
8
22817
8
22837
8
22877
8
22907
8
22927
8
22967
8
23007
8
23027
8
23057
8
23097
8
23117
8
23147
8
23187
8
23207
8
23338
8
23768
8
24059
16
24399
66
24579
82
24680
65
24890
68
25240
32
25361
16
25431
80
25701
73
25811
84
25931
84
27283
32
28515
69
28625
222
28956
32
29156
76
29406
189
30378
8
31159
222
31389
85
31519
78
31610
73
31740
67
31830
79
32321
8
32481
8
32591
8
32681
8
32791
8
33092
8
33953
32
34153
32
35105
76
35395
222
36036
32
36176
85
36316
78
36717
73
36867
67
36937
79
37097
32
37788
65
38019
84
38159
84
38550
79
38730
82
38820
69
39801
37
40292
37
40322
37
40352
37
40382
37
40412
37
40452
37
40482
37
40512
37
40542
37
40572
37
40602
37
40633
37
40663
37
40703
37
40973
39
41314
8
41844
8
42395
32
43356
35
43847
32
43947
67
43987
72
44168
69
44338
32
44498
77
44628
73
44738
32
44849
82
44919
73
45069
67
45159
79
45289
82
45480
68
45600
79
46902
188
46962
32
47072
77
47132
65
47252
32
47352
81
47442
85
47573
69
47663
83
47783
84
47903
79
47993
32
48103
78
48243
79
48344
78
48464
32
48584
72
48664
65
48784
32
48844
73
48975
77
49125
80
49225
79
49365
82
49545
84
49635
65
49886
77
49936
78
49996
90
50286
8
50387
8
50477
8
50617
8
51328
78
51668
8
52159
8
52199
8
52229
8
52249
8
52289
8
52329
8
52349
8
52389
8
52409
8
52450
8
52470
8
52510
8
52550
8
52570
8
52610
8
52630
8
52670
8
52690
8
52730
8
52760
8
52790
8
52820
8
52860
8
53040
8
53601
77
53872
8
54042
32
54162
77
54262
65
54342
32
54442
73
54633
76
54803
32
55073
67
55103
65
55294
83
55474
84
55624
32
55764
78
55915
79
56055
78
56235
32
56365
72
56485
65
56636
32
57867
77
57967
79
58118
76
58218
84
58318
65
58438
32
58538
82
58628
73
58859
86
58949
69
59490
8
59590
8
59780
76
59870
69
60101
86
60191
65
60331
78
60421
90
60541
65
60872
16
61192
48
61963
190
64637
32
64857
16
65348
16
65378
16
65408
16
65438
16
65478
16
65488
73
65649
76
65729
32
65829
70
65909
73
66019
76
66169
77
67351
8
67481
8
67591
8
67681
8
67782
8
67872
8
67982
8
68052
8
68362
16
68613
32
68733
16
68833
76
69053
65
69364
32
69474
84
69544
82
69654
65
69784
77
69895
65
72578
32
72749
83
72849
73
72969
32
73149
68
73209
73
73400
80
73480
65
73620
78
73720
65
74491
32
74561
65
74641
32
75643
82
75743
73
75903
84
76003
82
76154
79
76504
83
76594
79
76694
32
76935
68
77005
69
77045
76
77205
32
77425
84
77976
69
78036
77
78207
80
78287
79
79569
8
80069
8
80099
8
80139
8
80159
8
80199
8
80229
8
80260
8
80290
8
80330
8
80350
8
80390
8
80410
8
80450
8
80470
8
80510
8
80540
8
80570
8
80600
8
80640
8
80660
8
81241
8
81401
8
81692
8
81842
8
82032
8
87981
8
88131
8
88481
8
89613
69
89743
222
89803
32
89984
65
90104
76
90184
76
90865
186
91225
8
91446
222
91716
73
91896
78
91986
73
92357
8
92938
8
93078
8
93228
8
93368
8
93519
8
93959
8
94119
8
96072
68
96132
69
96202
76
96273
32
96383
70
96483
73
96593
76
96733
77
99707
32
02722
69
02792
222
02922
32
03052
68
03753
8
04254
32
04975
80
05245
85
05466
73
06157
8
06267
8
06758
85
06828
73
06988
84
07118
84
07338
79
07529
83
07669
84
07859
79
09932
8
10423
8
10463
8
10483
8
10523
8
10563
8
10583
8
10623
8
10643
8
10683
8
10713
8
10884
8
11054
8
11194
8
11474
8
11635
8
11775
8
11915
8
12085
8
12235
8
12406
8
12566
8
12726
8
12886
8
13057
8
13247
8
13447
8
13638
8
13828
8
14208
8
22200
16
22530
79
22540
76
23361
8
23502
8
23762
16
23972
67
24313
73
24743
79
25094
222
25174
32
25304
67
25394
72
25495
69
25565
32
25665
77
25745
73
25845
32
25955
72
26035
65
26927
32
27037
67
27117
79
27267
76
27407
80
27568
84
27648
73
27788
79
28289
8
28399
8
28519
8
28799
73
28930
84
28980
79
29100
32
29270
78
29440
79
29881
8
30021
8
34207
68
34287
73
34367
32
35339
80
35529
73
36470
67
36550
222
37041
8
37912
85
38043
222
38333
32
39835
8
40076
32
41608
68
41668
69
41748
76
41828
32
41998
70
42098
73
42209
76
42359
77
42549
32
43140
69
43240
222
43340
32
43561
67
43651
79
43831
77
44011
85
44181
78
44532
81
44672
85
44842
69
45283
32
45433
76
46264
8
46755
8
46795
8
46825
8
46865
8
46885
8
46925
8
46955
8
46975
8
47016
8
47046
8
47086
8
47106
8
47136
8
47176
8
47196
8
47236
8
47256
8
47296
8
47326
8
50631
8
51121
8
51161
8
51181
8
51222
8
51252
8
51282
8
51472
8
51712
8
51883
8
52373
8
52413
8
52443
8
52483
8
52503
8
52543
8
52574
8
52594
8
52634
8
52664
8
52704
8
52724
8
52764
8
52794
8
52874
8
53094
8
53244
8
53405
8
53545
8
53705
8
54196
16
54366
76
54536
65
54707
32
54797
82
54867
69
55037
71
55107
73
55237
65
55518
32
57190
78
57511
79
57711
78
57991
32
62798
69
62898
222
63029
32
63279
78
63469
85
63820
76
63840
186
64491
8
65112
76
65392
65
65512
32
65632
68
65682
73
66494
32
67916
86
68006
69
68136
82
