12948
16
13048
81
13649
85
13749
65
14099
78
14600
84
14700
69
14950
32
15351
80
15461
79
16162
83
16373
83
17244
73
18546
66
18686
73
19056
76
19607
73
20308
84
20448
65
22401
8
32245
65
32956
32
35380
67
35520
73
36532
32
38484
80
38584
79
39065
84
39155
69
39796
86
39976
65
40417
78
41779
79
42270
32
42720
69
43071
83
43261
83
43592
69
44102
82
44183
69
45434
32
46205
67
46526
72
46606
69
46916
32
47527
65
48509
86
49951
69
50301
83
50502
83
50872
69
51153
32
51663
67
51844
65
52374
80
52625
73
53185
84
58583
16
58763
191
60576
8
60816
8
63000
84
63160
79
63841
16
63901
191
65083
13
74857
16
74967
74
75768
69
76519
82
76709
82
77571
89
78101
32
79323
83
79393
65
79924
80
80154
69
80975
86
81066
65
81226
32
82678
66
82858
69
83239
78
83389
69
84290
32
88066
67
88256
79
88687
83
88757
65
89097
32
91390
68
91571
79
92262
86
92422
69
93003
86
93233
65
93383
32
94535
70
94595
65
95046
82
95136
69
95576
32
96097
77
96227
65
96478
32
97519
69
98260
82
98861
65
99051
32
05841
78
06112
85
06542
76
06702
76
06823
65
07013
32
07744
68
07904
85
08455
8
08795
73
09106
32
09536
80
10077
73
14163
85
14504
32
15365
68
16126
69
17668
8
18189
73
18449
32
19491
85
19911
78
20032
65
20182
32
20562
80
20652
65
21273
82
21754
84
21844
69
22175
32
26020
66
26421
73
26491
79
26821
76
26992
79
27973
71
28113
73
28674
67
28814
65
29055
32
30016
68
30196
73
30457
32
30787
85
31007
78
31168
65
31318
32
31708
77
31839
65
32690
67
32880
67
33080
72
33231
73
34262
78
34322
65
36665
190
37537
8
37847
188
38037
32
39109
83
39339
69
39710
32
40040
76
40261
79
40671
32
41062
80
42864
82
42995
79
43485
71
43856
82
44246
65
44577
77
44737
77
44977
73
45258
32
46129
66
46289
69
46820
78
46990
69
47191
32
60860
67
61671
72
61772
69
79327
68
79457
73
80418
86
80569
69
81019
78
81520
84
81640
65
81830
32
83763
82
83923
65
84564
80
84845
73
85576
68
85726
79
86077
32
86307
69
86437
32
87418
69
92015
8
92225
8
93247
68
93487
32
93878
69
94699
70
94879
70
95069
73
95470
67
95640
69
95921
78
96451
84
96542
69
97473
190
98444
13
99015
189
99165
189
99536
32
01158
37
01359
37
02700
16
02791
83
06796
73
07557
188
07908
32
09020
83
09120
73
09600
188
09851
32
10311
67
10402
69
10752
82
11323
84
11403
79
12635
16
12695
49
13927
39
16350
32
17982
16
18093
78
18383
79
20075
188
21888
32
26024
16
26144
78
26445
79
27015
188
27516
32
28828
67
28918
69
30120
82
30320
84
30540
79
30951
190
33965
13
56338
16
56448
73
57039
32
57529
82
57710
65
58671
71
58811
65
59172
90
59332
90
59512
73
60003
32
61004
83
61094
65
62006
8
62146
69
63127
78
66222
90
66282
65
66712
32
67864
83
67934
65
68555
80
68685
69
68976
82
69246
76
69436
79
69727
32
70218
83
70338
73
70628
32
70999
69
71209
82
71469
65
71880
78
72090
79
72341
32
75175
65
75896
70
76066
70
76266
73
77308
68
77899
65
78439
84
78550
73
78830
32
80272
78
80422
69
80723
76
80883
76
81133
69
81303
32
81804
77
81924
65
82565
78
82716
73
82986
32
84228
80
84568
73
86331
85
86611
32
87282
83
88344
66
88504
65
91007
71
91829
76
92069
73
92229
65
92830
84
92910
69
93511
32
93982
68
94172
69
94362
76
94633
32
95284
71
95935
82
96155
85
96535
80
96716
80
96876
79
98979
32
01322
8
01843
188
02033
32
02434
80
02654
69
03095
78
03906
83
03996
65
04467
78
05468
68
05699
79
05979
32
06309
70
06530
79
07191
83
07391
83
07772
69
07992
82
08222
69
09424
8
10175
79
10445
32
11136
81
11347
85
11537
69
11867
76
12038
76
12378
69
12659
32
12969
77
13159
73
13960
71
14171
76
14471
73
14561
79
15863
82
15953
73
17776
190
19158
13
26218
16
26298
65
27039
68
27219
68
27390
73
27870
79
28531
32
29423
82
30084
65
30684
71
30805
65
31105
90
31275
90
31466
73
31776
32
33138
69
33328
32
33619
83
34009
84
34200
65
34730
84
34881
79
35151
32
35842
66
36082
69
36373
76
36543
76
37244
79
37554
32
37925
67
38085
79
38466
78
38656
79
40228
83
40579
67
40679
69
41009
82
41560
78
42161
8
42321
86
42602
73
42882
32
45396
77
45486
65
50323
32
52376
8
52596
8
52776
8
52987
8
53187
8
54349
73
55370
190
55680
32
56211
16
56311
65
56942
80
57112
69
57623
78
57743
65
58254
32
62100
16
62170
74
62530
69
62841
82
63001
82
63341
89
63682
32
65154
67
65444
69
65685
82
66065
67
66526
72
66636
69
66967
82
71103
65
71243
32
75058
68
75108
73
75469
32
76310
70
76460
65
77322
82
77392
69
77812
32
81077
8
81307
8
81498
8
81718
8
81908
8
82118
8
82549
8
82729
8
82900
8
83090
8
83270
8
83450
8
83641
8
83831
8
84021
8
84211
8
84452
8
85834
83
87246
66
87386
65
89018
71
89239
76
89699
73
89920
69
91432
82
91862
65
92043
32
92864
73
93124
32
94026
86
94186
79
94687
83
95398
84
95648
82
95798
73
05933
8
06153
8
06333
8
06524
8
06694
8
06864
8
07044
8
07205
8
08136
76
08256
65
08446
32
09027
86
09157
79
09628
83
10179
84
10339
69
12222
8
12422
8
13834
82
14215
84
14615
65
14795
32
16868
82
17029
73
17409
67
17650
72
18120
73
18260
69
18781
83
19262
84
19382
65
21084
32
24409
80
24539
79
25110
84
25351
82
25591
69
26332
84
26432
69
26713
32
27634
68
27794
73
28125
82
28235
69
28435
32
28956
65
30889
8
31139
8
37097
8
37288
8
37498
8
38029
8
39150
68
39321
73
39591
77
39952
69
40082
78
40462
84
40743
73
41213
67
41354
65
41985
82
42045
69
42676
32
43006
73
43216
32
43947
86
44078
79
44668
83
45319
84
45510
82
45770
73
46070
32
46821
83
46942
79
49916
78
50016
73
51919
8
52149
8
53802
71
54382
78
54482
73
57046
190
57297
13
58929
16
59059
81
59670
85
59830
69
60081
83
60802
84
60972
79
61272
32
61823
80
61953
69
62254
78
62734
83
62814
65
64257
86
64367
65
64607
32
50491
16
50561
77
52183
65
52694
82
52834
89
60896
109
65682
16
65773
80
67185
32
72913
8
74145
190
74465
32
75226
77
75356
69
75507
32
80193
76
83438
222
85992
32
87173
72
87263
65
87464
32
88035
67
88225
79
88796
78
89587
70
89707
69
90248
83
90428
83
90578
65
91399
84
91520
79
92321
32
95645
73
95756
69
96186
82
96306
73
97568
32
09025
68
09265
79
09565
80
09666
79
12099
37
12289
37
12460
37
12620
37
12800
37
13661
188
14292
39
14903
39
15093
39
15304
39
15654
39
16445
32
17907
67
18248
72
18428
69
18679
32
19780
73
19850
79
20261
32
33290
8
33700
188
35823
32
41111
16
41411
75
41872
79
42012
79
42132
80
42723
188
45497
32
47951
69
48081
32
49162
71
49663
76
49873
73
50154
32
51055
65
51616
76
52437
84
52647
82
52858
73
54049
32
55572
83
56132
73
56253
65
56633
77
56864
79
57454
32
58115
69
58256
78
58977
84
61550
82
61871
65
62452
84
62682
73
63453
32
65236
71
66477
82
66618
65
67178
90
67939
73
68020
69
68330
32
68901
65
69081
32
71064
16
71134
74
71615
69
83362
82
83542
82
85074
89
85885
32
86596
69
86746
32
87478
65
87638
73
87938
32
89731
83
89971
85
90061
73
92084
8
92284
8
94077
85
94347
79
94478
73
94988
32
95389
83
96110
66
96240
65
97181
71
97322
76
98073
73
00867
13
05564
80
05794
69
06024
82
06665
67
07006
72
07146
69
07396
32
08207
16
08448
57
08518
48
09149
37
13014
69
13195
32
14196
67
14466
72
14717
73
14857
65
15628
82
15748
79
16890
39
21076
16
21166
74
21697
69
23489
82
23670
82
24150
89
24451
32
25642
72
25783
65
25983
32
28366
83
29748
66
31411
65
32502
66
32733
76
32963
73
33414
65
33954
84
34125
79
34946
32
37560
84
37740
85
38120
84
38311
84
38601
79
39913
190
49597
8
52561
57
53522
8
54063
16
54173
57
55105
37
55806
8
