68216
69
68997
8
69237
8
69398
8
69548
8
70860
69
71110
67
71551
67
71691
69
71921
90
72252
73
72352
79
72552
78
72642
65
72743
76
72833
69
73734
32
73804
16
74044
57
74275
68
74365
73
74485
67
74565
73
74675
65
74755
77
74825
79
74936
32
75016
67
75066
72
75176
69
75226
32
75396
83
75456
69
75797
32
75897
76
75997
65
76117
32
76207
67
76288
65
76488
86
76508
66
76558
65
76939
8
77029
8
77149
65
77339
188
77650
32
77780
78
78120
8
78311
77
78411
65
78521
32
78631
78
78751
79
78881
78
79032
32
79512
69
79632
222
79662
186
79733
32
80133
8
80273
8
80794
32
80924
73
81084
76
81155
32
81265
80
81425
85
81535
84
81635
78
81725
73
81745
79
81866
32
82136
8
82246
8
82416
8
82537
8
83007
8
83238
78
83348
84
83408
79
83558
32
83688
68
83738
73
83808
32
83979
70
84219
79
84319
82
84559
90
84690
65
84830
32
84920
68
84990
69
85020
76
85140
32
85291
77
85651
8
85721
70
85841
73
86032
76
86162
188
86612
8
86793
77
86813
78
87303
8
87784
16
88004
57
88335
187
88645
8
88766
8
88976
16
89236
48
91219
190
91560
32
91700
16
92200
16
92231
16
92261
16
92291
16
92321
16
92351
16
92391
16
92421
16
92451
16
92481
16
92511
67
93062
73
94053
79
94664
222
94754
32
94954
67
95025
72
95145
69
95175
32
95325
77
95395
73
95545
32
95696
72
95806
65
95936
32
96036
68
96096
69
96276
86
96407
86
96447
69
96697
82
97057
8
97168
8
97258
8
97348
8
97458
8
97698
65
97849
86
97979
86
98029
69
98159
82
98259
79
98339
32
98490
67
98550
79
98780
76
99241
80
99431
73
99551
84
99651
79
99731
32
00222
69
00512
32
00883
8
01784
222
01944
32
02075
76
02155
65
02275
32
02405
84
02465
82
02565
65
02716
77
02786
65
03937
188
04007
32
04308
67
04358
72
04448
69
04688
32
05730
83
06581
73
06651
32
10286
8
10447
8
10587
8
11458
67
11478
79
11689
78
11899
32
11999
85
12109
78
12650
32
17236
65
17357
83
17667
84
17767
85
17867
84
17978
79
18128
32
18939
71
19029
73
19099
79
19189
67
19269
79
19380
32
19450
68
19530
73
19600
32
20201
70
20341
76
20431
83
21593
8
21783
65
21843
83
21993
67
22444
8
22915
72
23175
66
23245
65
23425
67
23566
75
25118
32
25248
73
25408
78
25518
84
25588
82
25679
69
26159
67
26289
67
26350
73
26490
65
26730
32
27611
80
27822
73
29154
85
29674
222
30085
8
30255
8
30435
8
30916
76
31046
69
31187
32
31267
83
31637
8
31757
8
31837
8
31948
8
32038
8
32579
76
32729
69
33229
8
33360
8
33600
68
34271
8
34501
76
34862
69
35252
32
35603
83
35773
84
35903
79
36023
82
36124
73
36314
69
36484
32
36604
68
36654
73
36755
32
37275
68
37365
73
37506
86
37586
69
37746
82
37936
83
38066
73
39398
32
39899
80
39949
69
40049
82
40169
83
40210
79
40400
78
40890
65
41051
71
41171
71
41281
73
46368
188
46438
32
46859
67
46919
79
47069
78
47240
32
47330
85
47430
78
47710
32
47871
83
47961
79
48101
84
48211
84
48281
79
48572
70
48662
79
48802
78
49012
68
49102
79
49363
32
49513
73
49713
82
49783
79
49974
78
50104
73
50324
67
50394
79
50514
32
50614
69
50715
32
50815
68
50905
73
51045
86
51145
69
51285
82
51586
84
51676
69
51856
78
52267
84
52357
69
55151
32
55191
16
55401
57
55662
85
55782
78
55892
32
56042
80
56112
79
57094
222
57394
32
57584
65
57715
76
57805
76
57935
65
58566
32
61160
16
61470
80
61710
73
62041
8
62191
8
62722
16
62832
80
63112
85
63293
76
63453
80
63793
32
63934
16
64124
70
64354
73
65326
84
65576
8
65646
67
65856
84
66087
73
66197
79
66457
78
67258
32
67369
80
67469
69
67559
82
67689
32
67809
67
67869
72
67979
73
68290
32
68410
83
68490
65
68831
32
68991
68
69071
73
69261
32
69381
67
69502
79
69602
83
69682
65
69852
32
70062
83
70223
84
70333
79
70413
32
70553
80
70643
65
70743
82
70854
76
70974
65
71094
78
71194
68
71294
79
72206
37
72706
37
72736
37
72766
37
72796
37
72826
37
72856
37
72887
37
72917
37
72957
37
72987
37
73017
37
73047
37
73077
37
73107
37
73137
37
73167
37
73207
37
73237
37
73267
37
73437
37
74349
80
74459
69
74679
83
74839
83
74929
69
75440
39
75941
39
75971
39
76001
39
76031
39
76061
39
76091
39
76121
39
76151
39
76181
39
76221
39
76251
39
76281
39
76311
39
76341
39
76372
39
76402
39
76442
39
76472
39
76502
39
77784
39
79867
8
80367
8
80397
8
80427
8
80457
8
80487
8
80527
8
80558
8
80588
8
80618
8
80648
8
80678
8
80718
8
80748
8
80778
8
80798
8
80838
8
80868
8
80898
8
80928
8
80958
8
80998
8
81028
8
81058
8
81198
8
81489
8
81639
8
81940
8
82110
65
82310
86
82390
69
82590
83
82701
83
82771
69
82961
32
83362
86
83482
73
83532
83
83682
84
83742
79
83832
32
83962
81
84043
85
84163
69
84433
76
84714
8
84774
83
84954
84
86126
222
86486
85
86656
76
87598
8
87708
8
88329
222
88539
32
88799
85
89170
76
89611
84
89661
73
89821
77
89891
79
90612
16
90802
48
97963
190
18512
32
25973
13
26594
16
26864
67
27135
79
27295
77
27815
85
27946
78
28186
81
28326
85
28406
69
28587
32
28707
78
28847
79
28957
78
29117
32
29648
69
29788
222
29898
32
30069
77
30159
73
30449
65
30720
32
30930
73
31110
78
31331
84
31411
69
31551
78
31671
90
31781
73
31871
79
32052
78
32142
69
32322
32
32943
68
33093
73
33233
76
33404
85
33564
78
33674
71
33764
65
33874
82
34004
77
34095
73
34225
32
34395
79
34515
82
34635
76
34896
8
34996
8
35196
76
35336
84
35396
82
35487
69
35687
32
35827
83
35907
85
35937
73
36127
76
36248
76
36458
8
36558
8
36658
8
36939
76
37039
76
37159
65
37289
32
37399
84
37449
82
37570
65
37710
77
37800
65
37980
188
38120
32
38291
65
38381
78
38481
67
38571
72
38591
74
38631
69
39092
8
39232
8
40063
69
40203
32
40283
80
40313
69
40424
82
40604
67
40674
72
40814
69
41225
222
41325
32
41455
77
41545
73
41655
32
43338
77
43418
65
43488
78
43608
67
43698
65
44049
8
44580
72
44670
69
44760
82
44860
69
45281
66
45401
66
45481
69
45621
32
45721
76
45871
79
45972
32
46072
83
46242
80
46552
65
46723
90
46763
73
46863
79
47043
78
47153
69
47644
8
47764
8
48275
32
48385
80
48475
69
48565
82
48716
32
48846
76
49417
8
49557
82
49667
65
49887
67
50027
67
50158
79
50398
78
50518
84
50618
65
50779
82
50929
76
50999
65
51189
32
51299
68
51469
85
51730
8
51820
8
52000
84
52080
85
52201
84
52321
84
52461
65
54995
16
55095
186
55646
32
55746
76
56477
222
56767
85
56867
78
56977
73
57088
67
57208
79
57288
32
57568
67
57648
79
57789
78
58269
8
59591
78
59751
79
59892
83
60082
71
60973
8
61143
73
61254
71
61314
76
61404
73
61514
79
61674
32
61764
67
61814
72
61925
69
62045
32
62155
86
62295
73
62565
32
62776
68
63006
80
63036
79
63417
8
63527
8
64208
79
65009
32
65129
69
65690
8
65840
8
66201
32
66301
69
66371
222
66541
32
66661
68
66711
73
67112
32
67613
81
67953
8
68103
71
68224
85
68294
65
68404
82
68584
68
68664
65
68865
82
68945
69
69335
32
69535
73
69566
79
69946
8
70517
76
70597
32
71058
70
71128
73
71308
76
71538
77
72009
32
72109
83
72179
69
72800
32
72910
86
73020
73
73101
32
73261
86
73351
65
73451
80
73721
8
73812
8
73942
8
74152
67
74192
65
74282
80
74523
73
74663
84
74973
65
75955
190
81142
8
82274
8
82775
8
82805
8
82835
8
82875
8
82905
8
82935
8
82965
8
83005
8
83035
8
83065
8
83105
8
83135
8
83165
8
83195
8
83235
8
83265
8
83295
8
83335
8
83365
8
83476
8
86029
32
86209
73
86370
76
86450
32
86570
70
86640
73
86770
76
86930
77
87521
16
87672
190
87982
8
88182
16
88252
186
88693
32
88963
78
89084
69
89274
32
89434
86
89514
65
89564
76
89714
69
89855
32
90005
76
90115
65
90245
32
90365
80
90486
69
90596
78
90666
83
90766
65
91988
8
92118
8
93009
65
95583
13
96074
13
96134
13
96194
13
96244
13
96304
13
96364
13
96414
13
96474
13
96524
13
96584
13
96634
13
96685
13
96745
13
96795
13
96845
13
96895
13
96945
13
97005
13
97055
13
97105
13
97305
8
97796
8
97856
8
97886
8
97916
8
97946
8
97986
8
98016
8
98046
8
98077
8
98107
8
98137
8
98167
8
98197
8
98227
8
98267
8
98297
8
98327
8
98357
8
98387
8
98417
8
98457
8
98487
8
98517
8
98557
8
98587
8
98627
8
98657
8
98687
8
98727
8
98757
8
98798
8
98828
8
98868
8
98898
8
98928
8
98968
8
98998
8
99038
8
99118
8
99358
8
00961
8
01772
70
01852
73
01982
76
02152
77
06779
188
06869
32
06999
78
07120
69
07210
32
07340
86
07430
65
07490
76
07640
69
08021
32
08141
76
08341
65
08562
32
08652
80
08682
219
08732
69
08892
78
08992
83
09193
8
09323
8
10184
8
10324
8
10464
69
10775
78
10985
65
12297
190
