84832
16
85082
78
85263
79
85373
78
85513
32
86104
83
86214
65
86514
80
86815
82
86895
69
87095
73
87165
32
87676
80
87886
82
88077
79
88227
80
88447
82
88617
73
88698
79
88788
32
89018
67
89228
79
89399
83
89539
65
89679
32
89859
83
90630
67
90831
82
90971
73
91211
86
91371
69
91482
82
91702
69
91992
188
92072
32
92363
81
92633
85
92703
73
92854
78
93124
68
93254
73
93344
32
93605
67
93835
69
94045
82
94306
67
94496
72
94656
69
94776
82
95167
79
96619
8
97520
222
97741
79
97831
32
98512
68
98642
73
98762
32
99022
68
99153
69
99443
83
99633
67
99834
82
99994
73
00284
86
00454
69
00575
82
00855
69
01035
32
01656
85
01746
78
01907
79
02087
32
02367
83
02608
80
02748
79
03038
82
03158
84
03359
32
03549
85
03609
78
03729
32
04190
80
04570
222
04821
79
04931
32
05672
83
05822
67
06103
79
06243
78
06453
79
06703
83
06814
67
07104
73
07274
85
07515
84
07745
79
08496
16
08606
186
08997
32
09578
76
10128
222
10229
32
10569
16
10789
72
11000
73
11240
84
11580
66
11741
65
11961
76
12081
76
13383
190
14445
16
14615
83
14875
73
14975
32
15256
71
15456
73
15536
79
15786
67
15977
65
16017
32
16347
73
16488
78
16648
32
17609
85
17739
78
17890
65
18020
32
18400
80
18530
65
18691
76
18921
69
19181
83
19442
84
19582
82
19742
65
23077
32
23468
78
23568
79
24549
82
24709
77
24840
65
25020
76
25270
69
25420
32
25621
84
25781
73
25961
80
26121
79
26211
32
26822
83
27103
67
27353
85
27563
79
27824
76
27954
65
28114
32
28335
83
28555
85
28925
80
29156
69
29266
82
29536
73
29957
79
30187
82
30277
69
30438
32
30568
69
30718
32
31359
83
31529
73
31649
32
31840
77
32000
69
32230
84
32400
84
32581
69
32641
32
32891
85
33011
78
33222
32
33612
78
33702
65
33983
83
34353
84
34523
82
34654
79
34734
32
35325
65
35435
76
35525
32
36126
70
36276
79
36496
78
37167
68
37307
79
37398
32
37578
65
37978
68
38129
32
38739
85
38880
78
39030
65
39170
32
39360
67
39771
69
39861
82
40021
84
40262
65
40422
32
40622
65
40802
76
41083
84
41233
69
41864
90
42134
65
42926
8
43436
90
43637
65
43767
32
43977
70
44167
73
44338
83
44518
83
44678
65
45639
32
46020
76
46350
85
46601
78
46841
71
46981
79
47071
32
47312
84
47442
85
47692
84
47833
84
47943
79
48053
32
48243
73
48343
76
48453
32
48644
76
48704
65
49645
84
49835
79
49956
32
50787
67
51007
79
51338
82
51418
84
51698
79
51778
32
52209
67
52439
72
52609
69
52760
32
52930
70
53140
85
53340
78
53671
71
53881
69
54031
32
54212
68
54322
65
54522
32
54682
84
54803
82
54983
65
55343
86
55544
69
55674
82
55924
83
56104
65
59509
190
59780
76
60301
8
60681
16
60791
76
61092
69
61232
32
61402
68
61592
85
61793
69
61973
32
62534
83
62814
81
63185
85
63315
65
63565
68
63876
82
63996
69
64176
32
64336
83
64497
73
64617
32
65398
68
65608
73
65848
86
66059
73
66339
68
66549
79
66790
78
67010
79
70455
32
73039
78
73209
69
73459
76
73590
76
73730
69
73910
32
74861
68
74992
85
75592
69
75743
32
75913
77
76053
69
76283
84
77025
222
77175
65
77365
32
77916
68
78096
69
78256
76
78356
32
78637
67
78827
65
79017
77
79178
80
79318
79
79448
32
79919
8
80189
188
80269
32
80449
79
80830
71
81020
78
81201
85
81401
78
81581
65
82803
32
83083
78
83233
69
83464
76
83594
76
83744
65
83904
32
84295
80
84535
82
84756
79
84906
80
85266
82
85447
73
85577
65
85787
32
85947
69
86148
32
86408
78
86538
79
86658
78
86749
32
87530
86
87710
73
87800
32
88341
222
88481
69
88681
32
88872
67
89142
79
89332
78
89543
84
89673
65
89923
84
90073
84
90153
79
90234
32
90454
70
90644
73
90804
83
91025
73
91285
67
91485
79
91565
32
92046
84
92176
82
92367
65
93458
32
93618
76
94079
69
94239
32
94390
68
94550
85
94780
69
95471
190
95731
16
95912
83
96272
79
96493
78
96723
79
96853
32
97053
67
97304
79
97484
77
97834
80
97844
219
97965
79
98265
83
98576
84
98676
69
99747
8
99887
8
00008
8
00148
8
00288
8
01029
79
01249
83
01540
84
01700
69
01880
32
02161
68
02171
70
02581
8
02691
65
02822
32
03423
67
03713
73
03963
78
04234
81
04594
85
04744
69
04965
32
05195
71
05395
73
05455
79
05706
67
05856
65
06116
84
06297
79
06477
82
06587
73
06667
32
07028
76
07378
222
07478
32
07769
85
07899
78
08069
65
09912
188
10082
32
10302
68
10453
69
10623
73
10733
32
11043
81
11274
85
11404
65
11614
76
11825
73
11945
32
13026
84
13157
82
13277
69
13417
32
14128
73
14268
78
14348
32
14719
80
14859
79
15169
82
15260
84
15480
65
15710
32
16041
69
16201
32
16391
68
16581
85
16842
69
17032
32
17302
68
17473
65
17813
86
17993
65
18224
78
18414
84
18704
73
19856
190
20677
16
20848
73
21088
76
21238
32
21689
67
21859
65
21999
77
22139
80
22270
79
22410
32
23111
222
23251
69
23421
32
23592
68
23772
73
24062
86
24242
73
24403
83
24583
79
24783
32
25414
73
25574
78
25685
32
26085
84
26215
82
26345
69
26596
32
27247
90
27557
79
27998
78
28318
69
29150
32
29430
68
29570
65
30281
32
30582
84
30712
82
30792
69
31022
32
31813
66
31954
65
32174
78
32354
68
32534
69
32715
32
32875
67
33055
79
33215
76
33376
79
33616
82
33766
65
33966
84
34447
69
34627
32
35038
80
35158
69
35268
82
35469
32
35689
84
35869
69
36049
82
36360
65
37121
8
37872
82
37962
65
38483
188
38583
32
38873
68
39024
73
39114
32
39304
65
39785
77
40035
80
40245
73
40516
69
40876
90
41037
90
41207
65
41347
32
41517
68
42058
73
42328
70
42479
70
42659
69
42789
82
42989
69
43190
78
43871
84
44041
69
44552
190
44872
16
45183
76
45353
65
45493
32
45743
80
45974
82
46144
73
46324
77
46434
65
46875
32
47386
8
47836
188
47916
32
48157
80
48307
65
48577
82
48698
84
48868
69
49068
78
49278
68
49429
79
49509
32
49639
68
49779
65
49919
76
50030
32
50350
70
50570
79
50751
78
51111
68
51251
79
51331
32
51842
8
52423
188
52513
32
52854
83
53054
69
53264
82
53565
86
53765
69
53955
32
54065
65
54266
32
54426
68
54576
69
54866
76
55257
73
55437
77
55668
73
55868
84
56018
65
56238
82
56399
69
56549
32
56719
76
57310
222
57500
32
57851
65
58081
82
58221
69
58382
65
58852
32
59733
68
59874
79
60635
73
60915
8
61025
8
61496
73
61566
32
61736
80
61887
79
62257
82
62367
84
62638
65
64110
188
64220
32
64480
76
64570
65
64761
32
65322
83
65442
69
65742
67
66113
79
66403
78
67715
68
67855
65
68166
32
71050
69
71320
32
71651
76
71761
65
71981
32
72983
8
73123
8
73403
8
73974
81
74254
85
74475
69
74685
76
74805
76
74955
65
75116
32
75666
68
75817
73
75897
32
76197
67
76407
69
76878
78
77299
84
77449
82
78090
79
78430
67
78561
65
78691
77
79482
80
79572
79
80043
32
80303
73
80443
78
80664
68
80834
73
81084
67
81214
65
81385
78
81645
68
81785
79
81885
32
82116
76
82246
65
82436
32
82737
90
82957
79
83187
78
83327
65
83568
32
84419
80
84609
82
84790
79
84940
73
85270
66
85531
73
85751
84
85931
65
86682
32
87033
78
87483
69
87674
76
87804
76
87944
65
88054
32
88525
81
88745
85
88875
65
89136
76
89276
76
89717
8
89937
69
90167
32
90468
78
90548
79
90648
78
90748
32
91599
69
92020
222
92160
32
92821
67
93041
79
93232
78
94443
67
94574
69
94814
83
94964
83
95515
79
95595
32
95795
84
95976
73
96136
82
96326
65
96586
82
96707
69
99421
32
00092
79
00292
32
00492
84
00702
79
00983
67
01123
67
01293
65
01463
82
01704
76
01844
65
01984
32
02164
67
02385
79
02485
78
02585
32
02966
73
03066
32
03416
80
03867
73
04047
69
04207
68
04398
73
04989
190
05579
16
06060
16
06090
16
06120
16
06150
16
06180
16
06210
16
06240
16
06270
16
06300
16
06330
16
06361
16
06391
16
06421
16
06461
16
06491
16
06521
16
06551
16
06581
16
06611
16
06641
16
06671
16
06701
16
06731
16
06761
16
06771
83
07082
73
07182
32
08173
84
08363
73
08524
82
08694
65
08864
32
09295
69
09515
83
09745
67
10076
76
10216
85
10537
83
10757
73
11077
86
11238
65
11498
77
11638
69
11818
78
12039
84
12199
69
12359
32
13170
67
13421
79
13501
78
13631
32
13851
84
14032
79
14322
67
14462
67
14622
72
14733
73
14943
32
15183
68
15313
73
15394
32
15544
80
15774
82
15884
73
16074
77
16305
65
16535
32
17376
69
17517
32
17867
67
18157
79
18268
78
18368
32
18838
71
18989
76
19039
73
19189
32
19820
65
20831
86
20972
65
21222
78
21472
66
21673
82
21833
65
22163
67
22303
67
22434
73
22524
32
24266
8
24787
188
24877
32
25027
80
25328
82
25538
79
25778
84
25979
69
26209
84
26359
84
26459
73
26530
32
26860
68
26980
65
27261
32
29774
71
29934
85
30055
65
30435
73
30635
78
30856
69
31076
32
31296
68
31457
73
31537
32
31827
83
32098
84
32318
79
32708
70
32879
70
33059
65
34621
188
34721
32
34922
69
35092
32
35392
86
35512
73
35743
78
36023
67
36173
69
36334
32
36484
67
36684
72
36884
73
36975
32
37315
83
37505
69
37746
71
37966
78
38086
65
38246
32
38537
80
38767
73
39548
222
39759
85
39879
32
40510
72
40660
73
40770
84
40940
32
41141
78
41321
69
41501
76
41631
32
42192
67
42352
65
42482
77
42673
80
42803
79
42923
32
43113
65
43454
86
43614
86
43985
69
44215
82
45537
83
45687
65
46598
73
46719
79
48351
8
48491
8
49042
82
49182
73
49262
79
49683
190
49803
190
49923
190
