37322
0
37537
83
37715
101
37810
32
39244
115
39368
111
39530
110
39703
111
39830
32
39968
112
40567
8
40719
8
40862
8
40987
8
41131
8
41331
8
42143
110
42250
111
42330
110
42448
32
42641
115
42705
111
42867
110
43034
111
43163
32
43294
112
43339
101
43490
114
43587
32
43731
109
43840
101
43908
32
44059
115
44149
116
44264
101
44451
115
44587
115
44690
111
45025
44
45182
32
45338
99
45423
104
45586
105
45734
32
45887
115
46023
97
46143
114
46357
97
46699
39
46880
32
47043
112
47133
101
47278
114
47430
32
48171
109
48282
101
48477
0
48630
63
49161
13
49379
0
49474
69
49621
32
50437
115
50632
101
50751
32
50896
115
51184
101
51333
32
51463
115
51667
111
51866
110
52048
111
52182
32
52286
115
52376
111
52512
108
52680
111
52787
32
52935
112
53047
101
53197
114
53309
32
53469
101
53487
109
54057
8
54167
8
54360
109
54457
101
54650
0
54778
63
55154
32
55780
8
55923
8
56164
44
56339
32
56618
99
56710
111
56845
115
57046
113
57056
97
57486
8
57622
8
57721
97
57984
32
58317
115
58396
111
58551
110
58716
111
58898
0
59041
63
59332
32
60487
13
60686
0
60801
69
60930
32
61144
115
61325
101
61448
32
61569
110
61717
111
61872
110
62011
32
62164
111
62381
114
62549
97
62828
44
63017
32
63920
113
64027
117
64137
97
64244
110
64337
100
64463
111
64670
0
64871
63
65443
13
65651
0
65789
99
65964
114
66116
101
66273
100
66381
111
66532
32
66669
99
66772
104
66867
101
68512
8
69023
8
69057
8
69089
8
69121
8
69153
8
69185
8
69217
8
69583
8
69789
0
69878
67
70101
114
70424
101
70682
100
70695
111
70869
32
71005
99
71104
104
71209
101
71298
32
71475
105
71673
110
71841
32
71969
113
72070
117
72186
101
72393
115
73149
116
73244
111
73360
32
73571
114
73680
105
74021
115
74110
105
74250
100
74434
101
74747
8
74882
8
74942
101
75108
102
75115
100
75509
8
75656
8
75800
100
75934
97
76089
32
77726
108
78196
97
78303
32
78481
115
78672
97
78860
103
78987
103
79080
101
79320
122
79470
122
79647
97
79794
32
80079
100
80172
105
80296
32
80321
99
80439
111
80610
110
80778
111
80886
115
81025
99
81184
101
81358
114
81520
101
81649
32
81923
105
82093
32
82224
112
82360
114
82459
111
82734
112
82842
114
82961
105
83126
111
83486
8
83630
32
83777
108
83951
105
84101
109
84273
105
84354
116
84443
105
84637
44
84799
32
86356
100
86775
105
86938
32
87691
8
87844
8
88000
8
88510
8
89246
13
90616
112
90716
101
90888
114
90930
32
91113
111
91269
108
91379
116
91533
114
91723
101
92275
112
92395
97
92600
115
92744
115
92905
97
93085
114
93199
108
93362
105
93882
44
94047
32
94529
112
94697
111
94882
108
95329
118
95433
101
95596
114
95700
105
95708
117
96954
8
97289
122
97449
122
97607
97
97851
114
98016
108
98230
111
98580
8
98760
117
98767
105
99140
8
99271
8
99424
105
99631
32
99769
97
99885
108
00029
108
00185
101
00273
32
00473
102
00534
111
00699
108
00929
8
01077
8
01211
8
01296
118
01388
111
01537
108
01627
116
01840
101
01848
119
02293
8
03472
44
03645
32
03811
101
03914
32
04699
112
04808
114
05409
111
05713
115
05922
101
06101
103
06195
117
06351
105
06524
114
06670
101
07582
13
07955
108
08062
97
08375
115
08520
99
08773
106
09154
97
09686
8
09815
8
09958
105
10095
97
10221
110
10344
102
10461
111
10602
32
11005
8
11155
8
11288
8
11390
102
11468
111
11907
8
12039
8
12139
103
12205
111
12342
32
12465
117
12626
110
12876
8
13015
8
13149
8
13290
8
13662
8
14475
100
14563
111
14721
32
14869
117
15030
110
15180
32
15575
8
15718
32
15883
97
15991
116
16160
114
16683
8
16834
8
16973
8
17136
8
17252
97
17462
32
17664
116
17889
114
18109
97
18353
99
18489
99
18611
105
18808
32
19421
8
19509
97
19592
32
19764
100
19873
105
20037
32
20484
8
20571
101
20820
116
20827
121
21016
116
21372
8
21513
8
21649
116
21737
114
22053
8
22199
8
22305
114
22427
111
22630
32
22782
100
22860
105
23002
32
23213
115
23384
101
24604
39
25074
46
25235
46
25383
46
27484
13
32361
117
32564
110
32739
32
32898
104
33013
97
33182
99
33621
107
33786
101
33982
114
34080
32
34439
101
34548
39
34752
32
35039
117
35220
110
35360
32
35447
99
35636
114
35703
105
35849
109
36037
105
36202
110
36334
97
36428
108
36570
101
36642
0
36847
63
37071
32
37524
0
37723
111
37814
32
37974
105
37983
117
38417
8
38625
117
38856
32
39425
8
39561
8
39694
8
39870
117
40060
110
40212
32
40681
108
40824
105
41060
98
41235
101
41398
114
41532
97
41710
116
41798
111
41896
114
42000
114
42014
101
42100
0
42199
63
43125
8
43279
8
43426
8
43692
101
44122
0
44406
63
46258
32
47131
111
47262
32
47370
101
47605
110
49134
116
49289
114
49539
97
50206
109
50319
98
50456
105
50670
0
50814
63
51062
13
51384
0
51886
73
52105
110
52282
100
52381
117
52653
98
52782
98
52857
105
52980
97
53081
109
53212
101
53624
110
53635
116
53641
101
53648
32
55307
99
55428
105
55585
111
56002
39
56216
32
56427
99
56539
104
56629
101
56709
32
56934
101
57064
108
57135
103
57354
8
57493
8
57592
103
57680
108
57882
105
58094
32
58563
112
58748
111
58891
114
59090
116
59288
97
59387
32
59583
97
59751
110
60196
8
60711
118
60809
97
60921
110
61086
116
61158
105
61279
32
61433
101
61663
39
61834
32
61970
105
62142
110
62368
116
62476
101
62568
114
62679
101
62852
101
63307
8
63398
115
63511
115
63664
97
63889
110
63975
101
64131
116
64260
101
64603
8
64755
8
64891
8
65010
116
65101
101
65335
32
65979
101
66135
32
66512
8
67181
32
68021
99
68125
111
68294
105
68477
110
68696
118
68788
111
68950
108
69122
101
69617
8
69748
103
69867
101
69961
110
70076
116
70166
101
70383
13
70913
109
71018
97
71135
32
71389
97
71505
110
71629
99
71737
104
71814
101
71893
32
74282
112
74292
111
74382
101
74545
114
74976
8
75139
8
75273
8
75695
101
75869
114
76035
105
76225
99
76358
111
76522
108
76720
111
77385
115
77476
111
78126
44
78322
32
78756
112
78914
111
79091
105
79241
99
79337
104
79496
101
80028
39
80255
32
80738
99
80806
111
80987
109
81087
101
81172
32
81329
111
81454
103
81548
110
81713
105
81841
32
81979
101
82140
118
82266
101
82375
110
82465
116
82566
111
82690
32
82760
99
83588
104
83722
101
83774
32
84053
115
84146
105
84282
32
84651
112
84907
111
85041
103
85178
103
85294
105
85421
97
86302
13
86456
115
86599
105
86609
117
87030
8
87154
8
87337
117
87573
108
87722
108
87823
97
87896
32
88471
98
88575
117
88732
111
88904
110
89032
97
89069
32
89258
102
89412
101
89583
100
89690
101
89825
32
89933
101
90035
32
90348
108
90681
39
90915
111
91112
110
91211
101
91416
115
91515
116
91624
97
91726
32
91839
100
91924
101
92059
108
92205
108
92772
101
92894
32
93069
112
93146
101
93288
114
93490
115
93583
111
93798
110
93921
101
94934
44
95108
32
01135
112
01270
111
01494
103
01633
103
01730
105
01850
97
01946
32
02101
117
02384
8
02502
115
02576
117
02713
32
02829
117
02997
110
03146
97
03206
32
03536
98
04354
97
04607
115
04795
101
07674
8
07817
8
07973
8
08135
8
08280
8
08402
8
08595
112
08714
114
08820
111
09255
99
09375
101
09611
115
09753
115
09897
111
10470
0
10672
0
11140
0
11363
0
12010
0
14162
32
16279
13
17040
118
17137
97
17343
99
17437
117
17540
97
17646
32
17824
112
17950
101
18095
114
18197
32
18533
100
18694
101
18853
102
18943
105
19105
110
19281
105
19409
122
19480
105
19620
111
19782
110
19891
101
20053
46
20291
32
21876
0
21987
67
22139
105
22287
111
22461
110
22633
111
22747
115
24568
8
24805
110
24990
111
25288
115
25413
121
25514
97
25668
110
25834
116
25977
101
26104
8
26246
8
26395
8
26528
8
26959
8
27536
116
27664
97
27769
110
27877
116
27935
101
28890
109
29051
32
29581
8
29704
8
29870
44
29881
109
30429
8
30608
32
31558
101
31778
99
31926
99
32012
111
32126
99
32220
105
32409
32
32791
113
32872
117
33025
105
33984
46
34212
32
34509
0
34679
69
34784
32
37174
8
37501
8
37673
8
37844
8
38111
44
38295
32
38781
97
38885
32
39033
109
39195
111
39348
115
39508
116
39654
114
39765
97
39851
114
39982
101
40074
32
40229
97
40332
108
40511
32
40672
109
41110
111
41292
110
41374
100
41485
111
41845
13
42278
99
42362
104
42505
101
42541
32
43930
110
44125
111
44316
110
44497
32
47751
116
47857
117
48099
116
48241
116
48388
111
48518
32
48704
99
48808
105
48957
111
48969
105
49779
39
50008
32
50465
8
50611
8
50734
8
50954
39
51413
32
51587
99
51683
104
51695
106
51782
101
51874
32
52222
8
52376
8
52601
101
52863
8
52993
8
53124
101
53199
32
53856
110
54027
111
54193
110
54340
32
54557
108
54769
117
54914
99
55021
105
55385
8
55565
99
56223
105
56905
99
57078
97
57283
32
57889
101
58007
39
58222
32
58405
112
58593
111
58797
105
58991
32
63972
0
64319
8
64486
8
64665
8
64896
8
65511
102
65638
101
65850
114
65969
114
66101
97
66316
103
66432
108
66600
105
66745
97
66797
32
66975
100
67091
97
67241
32
67671
98
67854
117
67987
116
68131
116
68320
97
68499
114
68610
101
69195
0
69963
46
70128
46
70292
46
