07210
16
07440
73
07610
76
07760
32
08261
77
08451
73
08582
79
08712
32
09072
76
09253
73
09533
66
09783
82
09873
79
09994
32
10564
80
10705
82
10885
69
11065
70
11245
69
11346
82
11506
73
11616
84
11726
79
12487
32
13038
69
13168
222
13318
32
13999
73
14350
76
14520
32
16183
8
16353
8
16523
8
17585
16
17695
222
18606
32
19417
16
19607
73
19728
76
19848
32
20148
16
20629
16
20659
16
20689
16
20709
83
20939
73
21120
71
21220
78
21350
79
21500
82
21600
69
21741
32
21891
68
21961
69
22191
71
22291
76
22452
73
22562
32
22842
16
22992
65
23233
78
23924
69
24054
76
24204
76
24324
73
25165
16
25266
222
25606
32
26157
32
26447
68
26598
73
26688
32
26938
16
27098
84
27218
79
27389
76
27849
75
28801
73
29021
69
29862
78
31104
188
31344
32
32055
73
32206
76
32336
32
32776
82
32897
79
33067
77
33217
65
33327
78
33638
90
33788
79
33918
32
34098
80
34198
65
34419
82
34549
76
34709
65
34849
32
36592
68
36782
69
36942
76
37083
76
37213
65
37303
32
37934
76
38084
79
38284
84
38425
84
38675
65
38825
32
39216
68
39386
69
39486
73
39596
32
39807
80
39987
79
40848
80
41028
79
41339
76
41519
73
41689
32
42170
76
42741
73
42991
66
43131
69
43302
82
43422
73
43522
32
44213
67
44343
79
44533
78
44934
84
45294
82
45425
79
45575
32
46226
76
46366
69
46506
32
46736
70
46867
79
47017
82
47508
90
47708
69
47918
32
48038
68
48219
69
48349
76
48459
32
49150
77
49310
65
49541
76
49691
69
49821
32
50452
67
50652
65
50842
80
51103
69
51353
71
51483
73
51613
65
51834
84
52735
69
52905
32
54658
68
54888
65
54998
76
55129
32
55309
77
55439
65
56721
86
56941
65
57151
71
57252
73
57342
79
57422
32
57752
16
57933
83
58804
85
59114
82
59515
8
59675
8
59805
65
60526
85
61047
82
61177
79
61347
78
62719
188
62930
32
64392
76
64692
79
64833
85
65333
71
65473
79
66024
84
66184
69
67426
78
67556
69
67677
78
67827
84
67977
69
68888
32
69369
68
69589
69
69740
76
69890
32
70681
86
70901
65
71092
76
71232
65
71622
82
71873
32
72824
16
73004
77
73445
69
73625
76
73976
75
74206
79
74356
82
76529
188
76750
32
77310
85
77471
78
77581
32
80595
68
80695
73
80775
79
80896
32
81907
68
82077
69
82177
76
82318
76
83389
8
83539
8
83690
8
83840
8
84290
77
84541
76
85082
8
85222
65
85352
76
85963
86
86173
65
86414
71
86514
73
86574
79
86654
32
86984
68
87165
69
87255
76
87405
76
87495
65
87615
32
88547
16
88627
84
88827
69
89027
82
89167
82
89408
65
89568
32
90079
68
90219
73
90339
32
90640
16
90960
77
91301
69
91671
90
91821
90
91901
79
91992
32
92502
68
92843
79
93063
86
93253
69
93424
32
93564
83
93694
73
93794
32
94024
83
94245
86
94335
79
94495
76
94635
71
94806
69
94946
32
95346
76
96228
222
96498
65
97279
8
97930
222
98060
32
98731
65
98952
66
99623
8
99723
86
00624
86
00814
69
00964
78
01055
84
01195
85
01345
82
01615
65
02527
190
02957
32
03698
16
03909
73
04079
76
04229
32
04900
80
05020
82
05130
79
05481
84
05781
65
06262
71
06392
79
06583
78
06723
73
06843
83
06993
84
07143
65
07243
32
08205
68
08365
69
08475
76
08625
76
08756
65
08866
32
09657
83
09917
84
10058
79
10198
82
10328
73
10508
65
11520
32
14494
69
14965
222
15145
32
15515
32
16106
85
16246
78
16367
32
17208
72
17398
79
17678
66
17819
66
17989
73
18099
84
18780
188
18960
32
19321
85
19481
78
19641
65
19771
32
20132
67
20152
86
20893
8
21634
8
22345
68
22505
69
22616
76
22766
76
22936
69
23066
32
23707
84
23877
65
24028
78
24168
84
24278
69
24418
32
25059
67
25319
82
25480
69
25780
65
26481
84
26611
85
26752
82
26882
69
27042
32
28294
77
28404
65
32009
8
32189
8
33031
77
33171
73
33311
83
33481
84
33611
69
33792
82
33892
73
33992
79
34162
83
34352
69
34513
32
35043
67
35184
72
35294
69
35424
32
36556
65
36776
66
36946
73
37106
84
37407
65
37557
78
37737
79
37898
32
38689
73
38849
76
38959
32
39730
77
39900
79
40181
68
40361
78
40551
79
40852
8
40992
8
41122
8
41353
78
41493
68
41573
79
41713
32
42054
68
42244
69
42364
76
42474
32
42664
16
42795
83
43065
79
43556
8
43776
73
43996
71
44086
78
44257
79
44687
82
44797
69
44978
32
45118
68
45198
69
45478
71
45629
76
46200
73
46440
32
46901
13
46921
16
47381
16
47411
16
47441
16
47461
16
47501
16
47712
8
48112
16
48232
65
48823
78
48984
69
49134
76
49284
76
49414
73
56574
188
56775
32
57225
73
57386
76
57496
32
58157
83
58307
85
58477
79
58637
32
59178
78
59348
79
59489
77
59619
69
59749
32
60871
69
61011
222
61231
32
61502
32
62132
16
62293
70
62453
79
62573
82
62743
68
62883
79
63294
8
63444
8
63605
8
63755
8
63865
82
64145
79
64816
68
64956
79
67230
190
67460
32
68041
16
68221
65
68431
68
68582
32
68802
85
68972
78
69112
32
69733
67
69924
69
70074
82
70264
84
70374
79
70464
32
70805
80
70995
85
71185
78
71346
84
71436
79
71556
32
72187
68
72337
69
72477
76
72638
76
72748
65
72888
32
74060
83
74190
85
74320
65
74450
32
74721
86
74891
73
74981
84
75271
65
76753
188
76934
32
77595
16
78065
70
78446
82
78576
73
79207
8
79437
79
79547
68
79648
79
79788
32
80359
83
80489
73
80599
32
80809
84
80990
82
81090
79
81270
86
81530
65
81681
32
82372
65
82522
32
82802
86
82972
73
83083
86
83273
69
83433
82
83533
69
83693
32
85306
85
85516
78
86487
222
86688
32
86858
65
87559
86
87699
86
87769
69
87899
78
88010
84
88180
85
88300
82
88520
65
88681
32
89201
83
89472
84
89652
82
89892
65
90443
73
90724
82
91124
68
91995
73
92206
66
92346
65
92797
8
92937
8
93457
78
93558
65
93828
82
93948
73
94128
65
95731
37
95891
37
96031
37
96171
37
96322
37
96462
37
96592
37
96722
37
97393
8
97533
79
97744
39
98214
39
98244
39
98274
39
98304
39
98334
39
98465
39
98635
39
02490
188
02721
32
05485
8
05655
8
05855
32
06326
69
06486
78
06596
84
07007
82
07357
65
07898
78
08159
68
08299
79
08399
32
10472
73
10642
78
10752
32
11754
80
11954
79
12114
83
12275
83
12445
69
12625
83
12775
83
12915
79
13056
32
14107
68
14217
73
14307
32
14578
85
14738
78
14868
32
16481
65
16611
78
16811
69
17272
76
17422
76
17582
79
18453
188
18694
32
20416
8
20797
8
21067
32
21548
77
21728
65
21978
71
22109
73
22259
67
22399
79
22840
32
23841
67
24242
82
24462
69
24973
8
25143
8
25303
8
25554
8
26735
188
26926
32
27937
83
28087
85
28288
80
28428
82
28538
69
28698
77
28858
65
28959
32
29479
67
29720
82
29880
69
30120
65
30381
90
30491
73
30591
79
30761
78
30871
69
30991
32
31622
68
31743
73
31813
32
32033
16
32213
83
32444
65
32564
85
32744
82
33906
79
34116
78
34256
32
35067
65
35218
32
35348
67
35558
85
35698
73
35788
32
37190
72
37321
65
37431
32
37801
84
38012
82
38382
65
38973
83
39394
70
39544
85
39764
83
39894
79
40074
32
40796
76
40986
65
41066
32
41246
77
41406
65
41567
65
42017
8
42188
71
42328
71
42388
73
42488
79
42718
82
42899
32
43379
80
43509
65
43760
82
43950
84
44060
69
44190
32
45142
68
45322
69
45432
76
45572
32
46133
83
46273
85
46424
79
46594
32
46904
80
47055
79
47876
84
48447
69
48637
82
48827
69
50079
190
50299
32
52763
16
52953
76
53203
222
53874
65
54295
8
54846
186
55407
8
55867
222
56047
32
56819
65
56919
78
57540
69
57660
76
57820
76
57990
79
58671
32
59482
69
59633
222
59803
32
60113
32
60554
80
60704
69
60894
82
60995
73
61155
67
61245
79
61415
76
61575
79
61696
83
61826
79
62256
32
62707
80
62847
69
63007
82
63208
67
63338
72
63538
69
64289
222
64500
32
64670
32
66973
69
67234
222
67514
32
67644
32
68425
73
68716
78
68896
32
69427
71
69587
82
69847
65
70048
68
70148
79
70268
32
71400
68
71510
73
71620
32
72261
67
72421
79
72551
82
72691
82
72882
79
73563
77
73773
80
73963
69
74133
82
74294
69
74434
32
75185
76
75395
79
75566
32
76016
83
76236
67
76487
80
76787
73
77178
8
77328
8
77478
8
77989
80
78400
73
78740
82
78880
73
79311
84
80062
80
80423
8
80613
79
80773
32
82095
68
82215
73
82335
32
83066
67
83196
72
83347
73
83457
32
83677
76
83867
79
84208
32
84789
80
84939
79
85109
82
85290
84
85570
65
85900
32
86481
82
86631
69
86882
78
87202
68
87393
69
87623
78
87873
68
88063
79
88234
76
88404
79
88524
32
89005
83
89135
73
89315
77
89435
73
89886
76
90076
73
90277
32
93902
8
94052
8
94222
69
94363
32
95214
65
95324
76
95434
32
96005
83
96626
85
96726
79
96836
32
97207
77
97357
65
97507
76
97818
86
98308
65
98699
71
98809
73
98909
79
99029
32
99890
67
00131
82
00301
69
00511
65
00752
84
00892
79
01002
82
01132
69
04557
190
04818
32
16795
16
17105
79
18007
8
20470
16
20771
76
21582
222
21782
32
22263
65
22423
78
22573
69
22663
76
22813
76
22954
79
23064
32
24025
68
24155
69
24336
86
24456
69
24566
32
25067
69
25227
83
25387
83
25547
69
25718
82
25868
69
26028
32
26639
81
26789
85
26879
73
27070
78
27170
68
27270
73
27370
32
