28141
68
28311
73
28482
83
28782
84
28832
82
29273
85
29473
84
29623
84
29743
79
29884
32
31496
78
31806
69
32297
76
32457
76
32898
69
33058
32
33939
86
34090
73
34270
83
34440
67
34660
69
34811
82
34931
69
35091
32
35752
68
35912
69
36253
76
36403
32
37525
86
37665
85
37835
76
38416
67
38536
79
38716
78
39207
8
39367
8
39447
65
39628
78
39808
79
40018
32
40549
68
40719
79
40930
86
41130
69
42291
32
42772
69
42912
222
43123
32
43243
32
43693
83
43864
84
43954
65
44044
84
44585
79
44695
32
45075
67
45306
82
45426
69
45646
65
45807
84
46528
79
53668
188
53888
32
54669
84
54809
85
54940
84
55070
84
55631
65
56011
86
56161
73
56372
65
56532
32
58575
81
58685
85
58825
69
59006
83
59126
84
59246
65
59376
32
60047
77
60197
79
60387
78
60528
84
60788
65
61920
71
62030
78
62240
65
62370
32
63312
68
63482
73
63562
32
63913
70
64183
79
64293
85
64473
67
64563
79
64734
32
65575
8
65735
8
65885
8
66046
8
66216
8
67137
85
67297
79
67418
67
67528
79
67668
32
68820
83
69010
85
69170
32
69571
8
69731
8
70202
73
70312
32
70512
84
70682
82
70782
79
70943
86
71153
65
71303
32
71574
80
72214
82
72605
79
72815
80
72986
82
73076
73
73206
79
73326
32
73867
73
74037
78
74137
32
74308
77
74448
69
74708
90
74848
90
74948
79
75029
32
75199
65
75289
76
75409
32
75960
84
76110
69
76280
82
76421
82
76491
73
76611
82
76851
84
77242
8
77612
8
77863
84
77993
79
78594
82
78714
73
79044
79
79235
32
80066
68
80236
69
80326
76
80436
32
80957
78
81107
69
81268
77
81448
73
81628
67
81768
79
85744
16
85924
49
86205
32
86645
16
87126
16
87156
16
87176
76
87396
65
87527
32
87947
77
88177
73
88348
83
88488
83
88588
73
88688
79
88898
78
89389
69
89529
32
90361
69
90571
222
90821
32
90981
32
91903
68
92043
73
92213
83
93225
80
93375
69
93555
82
93806
65
94006
84
94256
65
97952
188
98142
32
01086
77
01276
65
01416
32
03580
79
03740
67
03870
67
03980
79
04451
82
04601
82
04721
69
04861
32
05332
65
05512
76
05693
77
05813
69
05913
78
06083
79
06203
32
06904
70
07095
65
07245
82
07355
69
07495
32
07946
85
08116
78
08206
32
08487
84
08587
69
08747
78
09338
84
10009
65
10720
84
10850
73
11080
86
11191
79
11291
32
11831
80
12092
82
12342
73
12583
77
12953
65
13073
32
13624
67
13724
72
13854
69
14035
32
14535
16
14686
83
14876
65
15016
85
15176
82
15987
79
16228
78
16408
32
17129
83
17339
70
17470
69
17640
82
17780
82
17880
73
17970
32
18301
73
18431
76
18541
32
19332
83
19462
85
19583
79
19653
32
19863
65
20334
84
20454
84
20704
65
21065
67
21215
67
21315
79
21395
32
22096
70
22226
73
22337
78
22437
65
22557
76
22647
69
22787
32
23448
65
23638
73
23729
32
23929
80
24079
79
24189
80
24289
79
24740
76
24880
73
25030
32
25561
76
25691
73
25972
66
26893
69
27334
82
27754
73
28015
32
31279
8
32742
190
32972
32
33773
16
33943
86
34214
73
34434
69
34674
78
35616
69
35756
32
36507
81
36627
85
36717
73
36918
78
37028
68
37118
73
37218
32
39521
70
39671
79
39792
82
39902
77
40022
65
40242
84
40503
65
40663
32
41594
67
42345
8
42656
85
42776
78
42926
65
43036
32
43607
67
43747
79
43918
77
44088
80
44208
65
44679
71
44789
78
44929
73
45069
65
45179
32
48244
68
48424
73
48524
32
49506
57
49656
32
50537
8
50687
8
51178
78
51328
79
51619
86
51759
69
51939
32
52440
86
52600
73
52810
65
52991
71
53121
71
53261
73
53391
65
54142
84
54232
79
54423
82
54513
73
56235
32
56756
67
57287
72
57457
69
57577
32
59851
82
60061
65
60281
67
60421
67
60531
79
60702
76
60822
65
61944
8
62494
71
62624
65
62755
32
66470
73
66640
32
66801
82
67041
65
67191
80
67331
80
67451
82
67552
69
67752
83
67922
69
68082
78
68203
84
68453
65
69124
84
69244
73
69444
32
73470
68
74061
69
74562
8
75052
73
75183
32
75403
84
75503
85
75613
84
75753
84
75844
73
75944
32
76144
73
76284
32
76725
80
76875
79
77215
80
77416
79
77626
76
77786
73
77937
32
78357
68
78537
69
78658
76
78798
76
78888
65
79018
32
79619
84
79749
69
79969
82
80100
82
80530
65
80711
32
81812
68
81912
73
82042
32
82253
77
82383
69
82673
90
82804
90
82914
79
82994
32
83364
67
83474
72
83595
69
83715
32
83895
83
84005
73
84095
32
84175
83
84336
84
84476
65
84656
78
84796
78
84977
80
85187
32
85638
8
85778
8
86449
79
86559
32
86949
79
87110
80
87260
80
87360
79
87590
78
87701
69
87791
78
87971
68
88081
79
88191
32
88852
65
88992
32
91376
16
91526
83
91736
65
91897
85
92227
84
92608
79
92918
8
93078
8
93619
82
93739
79
93889
78
94791
190
95041
32
95592
16
95882
69
96423
78
96693
84
97104
65
97485
8
97625
82
97845
65
98176
78
98376
79
98526
32
99958
81
00048
85
00148
73
00339
78
00469
68
00569
73
00659
32
00930
65
01060
32
01781
70
01971
65
02151
82
02332
78
02782
69
02963
32
04044
80
04164
65
04385
82
04575
84
04685
69
04845
32
05306
16
05726
76
06027
69
06357
71
06488
79
06688
76
07339
65
07569
83
09712
188
09832
32
10163
80
10283
69
10453
82
10624
32
10904
73
11194
76
11375
32
11865
80
12016
79
12146
80
12266
79
12456
76
12596
79
12696
32
13037
68
13197
69
13408
71
13498
76
13608
73
13688
32
14409
16
14539
69
14679
76
14830
70
14930
73
15631
188
15821
32
16081
16
16292
71
16472
73
16682
76
17013
8
17493
77
17674
76
17824
73
18545
188
18715
32
20017
80
20197
69
20508
82
20698
32
21339
81
21499
85
22110
69
22240
76
22370
76
22541
79
22621
32
23061
68
23202
69
23342
73
23432
32
24453
16
24874
16
25164
78
25485
65
25725
73
26296
8
26817
78
26987
73
28009
188
28239
32
30752
16
31223
16
31253
16
31283
16
31313
16
31343
16
31383
16
31403
16
31433
16
31463
16
31494
16
31534
16
31564
16
31584
16
31614
16
31654
16
31684
16
31714
16
31734
16
31774
16
31804
16
31834
16
31864
16
31894
16
31924
16
31954
16
31984
16
32014
16
32044
16
32064
70
32405
82
33276
79
33466
68
33567
79
34278
188
34448
32
34808
16
35019
83
35339
65
35539
77
36330
188
36521
32
36961
16
37262
80
37472
73
37642
80
38073
78
38353
79
38664
8
38814
8
39415
73
39665
78
39846
79
40026
32
40166
69
40296
32
40627
16
40857
77
41057
69
41258
82
41398
82
41498
89
44252
32
44452
80
44552
69
44713
82
44853
32
45273
73
45424
76
45514
32
45684
80
45834
79
45944
80
46054
79
46395
76
46575
79
46856
32
47426
68
47597
69
47727
76
48117
8
48468
71
48588
76
48658
73
48768
32
49329
16
49469
72
49650
79
49900
66
50040
66
50160
73
50271
84
51502
32
52374
69
52564
32
53916
16
54076
65
54296
82
54557
65
55458
71
55648
79
55798
82
55919
78
56560
32
57221
69
57361
32
58432
16
58582
66
58783
79
58893
82
59334
77
59974
8
60565
79
60796
77
60976
73
61667
82
62268
32
64531
80
64711
69
64862
82
64992
32
65162
73
65302
76
65382
32
65863
80
66013
79
66153
80
66354
79
66824
76
66975
79
67095
32
67465
68
67635
69
68777
71
68917
76
69017
73
69428
32
77430
16
77650
85
77850
79
78812
77
79002
73
79112
78
79252
73
81475
190
81766
32
83879
16
84360
16
84390
16
84420
16
84450
16
84480
16
84510
16
84530
65
84730
32
85041
67
85281
65
85491
80
85591
79
85722
32
88095
68
88325
69
88445
76
88596
76
88726
65
88816
32
89387
67
89567
79
89737
77
89898
80
90038
65
90268
71
90368
78
90498
73
90639
65
90769
32
91750
86
91930
73
92061
69
92171
78
92311
69
92421
32
93072
80
93242
79
93373
83
93593
84
93703
79
93823
32
94394
73
94544
76
94674
32
94845
68
95205
8
95335
83
95506
65
96026
71
96157
71
96287
73
96407
79
96457
32
96757
69
96898
32
97278
80
97689
79
98330
84
98530
69
98650
78
98800
84
98991
69
99141
32
06261
16
06602
71
06912
65
07563
78
08024
68
08234
65
08474
76
08614
70
10157
188
10387
32
11469
83
11779
84
12009
82
12230
69
12881
71
13051
79
13231
78
13582
69
13722
32
14453
68
14623
73
14713
32
15955
71
16115
82
16376
65
16536
78
16736
68
16976
79
17367
8
17417
69
17637
32
18278
70
18499
65
18639
77
18779
65
20131
190
20411
32
20842
16
21283
82
21603
73
21693
85
21873
83
22044
67
22144
73
22314
82
23796
222
23926
65
24067
32
24768
76
24898
65
25098
32
25399
8
25549
8
25699
8
25849
8
26009
8
26220
65
26740
222
26921
32
27061
32
27271
75
27411
65
27502
32
27822
8
27962
8
28132
8
28513
76
28633
65
28713
32
29204
67
29284
79
29424
77
29524
65
30105
8
30296
80
30426
65
32098
71
32218
78
32349
73
32519
65
32699
32
34281
78
34442
69
34572
76
34722
76
34822
65
34952
32
35453
83
35613
85
35713
65
35904
32
36525
77
36685
73
36845
83
36995
83
37095
73
37316
77
37967
8
38307
79
38738
78
38898
69
39519
16
39990
16
40020
16
40050
16
40080
16
40110
16
40150
16
40170
16
40200
16
40230
16
40260
16
40300
16
40320
16
40350
16
40380
16
40420
16
40450
16
40480
16
40500
16
40540
16
40570
16
40600
16
40630
16
40650
16
40691
16
40721
16
40751
16
40781
16
40811
16
40841
16
40871
16
40901
16
40931
16
40961
16
40991
16
41021
16
41051
16
41081
16
41111
16
41141
16
41171
16
41181
191
41772
32
43064
16
43324
80
43465
69
43635
82
43745
32
44666
83
44816
65
44987
80
45137
69
45988
82
46158
76
46309
79
46419
32
47040
76
47210
69
47610
71
47771
71
47931
69
48121
84
48632
69
48942
32
49453
73
49593
76
49683
32
50114
76
50304
73
50535
66
50705
82
50845
79
51526
16
51776
49
62081
76
65897
46
66217
39
67068
79
