77318
0
77319
65
77747
110
77748
99
78204
104
78206
101
78207
32
78732
113
78733
117
79210
101
80473
115
80474
116
80900
39
81405
97
81406
110
81407
110
81853
111
81854
32
83544
115
83683
111
83862
110
84017
111
84153
32
84244
115
84388
116
85688
97
85689
116
85690
111
85691
32
85692
97
85693
108
85694
32
85696
115
85697
97
86147
108
86149
111
86599
110
86600
101
86601
32
86602
100
87064
101
87065
108
87066
32
87068
108
87173
105
88444
98
88446
114
88447
111
88448
44
88450
32
88451
101
88452
32
88454
97
88489
110
88572
99
89115
104
89117
101
89118
32
89547
113
89549
117
89550
101
89961
115
90442
116
91405
39
91407
97
91408
110
91409
110
91898
111
91900
32
91901
115
92730
111
92731
110
92733
111
92734
32
92736
114
92737
105
92852
109
92918
97
93091
115
93228
116
93437
111
93589
32
93774
117
93941
110
94071
32
94244
112
94375
111
94656
39
94802
32
94979
100
95137
101
95239
108
95427
117
95559
115
95695
111
95919
46
96237
13
99437
0
99494
85
99642
110
99746
97
99806
32
00025
102
00158
105
00292
101
00540
114
00650
97
00883
44
01037
32
01256
112
01414
105
02553
117
02556
39
03054
32
03057
99
03059
104
03061
101
03062
32
03549
117
03552
110
03553
32
03555
115
03987
97
03989
108
03991
111
04412
110
04414
101
06123
44
06125
32
07085
116
07087
97
07511
110
07940
116
07942
111
08344
32
08346
100
08783
97
08787
32
08790
115
09312
101
09314
110
09317
116
09477
105
10068
114
10070
101
10072
32
10125
108
10609
97
10612
32
10616
109
10619
97
10623
110
10773
99
10899
97
11045
110
11216
122
11390
97
11655
44
11809
32
12100
116
12245
114
12338
97
12437
32
12636
103
12731
108
12903
105
13067
32
13116
115
13271
116
13363
97
13500
110
13641
100
13898
44
14044
32
14238
100
14429
101
14547
105
14691
32
14902
116
15040
114
15149
97
15259
116
15372
116
15607
111
16084
114
16212
105
16355
32
16473
101
16579
32
16692
100
16846
101
16959
108
17080
108
17141
101
17250
32
17411
109
17610
117
17784
99
17925
99
18012
104
18181
101
18338
46
21376
13
23549
0
23567
78
23763
111
23934
110
24054
32
24208
112
24305
101
24458
110
25103
115
25202
111
25350
32
25429
99
25542
104
25636
101
25730
32
25867
99
25964
105
26124
32
26755
97
26887
110
27052
100
28525
114
28679
111
28981
39
29142
32
29457
112
29645
105
30085
117
30207
39
30357
32
30530
97
30639
108
30762
108
31143
101
31281
32
31458
112
31565
114
32496
111
33240
115
33400
115
33768
105
34061
109
34184
101
34309
32
34760
101
34941
100
35064
105
35320
122
35412
105
35565
111
35749
110
35892
105
36237
46
37459
13
41811
0
41846
78
42028
111
42200
110
42373
111
42495
115
42630
116
42732
97
42855
110
43055
116
43169
101
43261
32
43443
113
43559
117
43668
101
43816
115
43969
116
44192
111
44391
44
44532
32
44730
112
44850
101
45005
114
46312
111
46787
39
48365
44
48368
32
50108
104
50112
111
50538
32
50543
112
50549
114
50986
111
50989
118
50993
97
51421
116
51425
111
51458
32
51518
108
52390
97
52394
32
52397
115
52401
116
52404
101
52408
115
52412
115
52443
97
52848
32
52852
115
53320
101
53324
110
53327
115
53766
97
53770
122
53807
105
54284
111
54289
110
54293
101
54296
32
54374
100
54456
105
54596
32
54680
115
54826
101
56313
109
56938
112
57496
114
57500
101
57504
32
57993
97
57997
112
58000
112
59234
101
59238
110
59242
97
59246
32
59250
109
59254
105
59258
32
59262
115
59266
111
60643
110
60647
111
60651
32
60654
109
60659
101
60662
115
60666
115
60670
111
60674
32
60678
97
60682
32
61127
103
61131
105
61691
114
61695
111
61708
118
61712
97
61804
103
62210
97
62214
114
62218
101
62288
32
63236
99
63240
111
63244
109
63301
101
63389
32
63884
117
63889
110
64538
39
64542
97
64643
110
65502
105
65508
109
65512
97
65517
32
65521
105
65979
110
65983
32
65988
112
65993
101
66864
110
66868
97
66873
32
66877
116
66881
114
66886
97
67321
32
68316
108
68320
101
68324
32
68452
109
68966
8
69826
98
69830
97
69834
110
69839
99
69895
97
70070
114
70513
101
70519
108
70915
108
70920
101
71591
32
71596
101
71600
32
72148
105
72243
32
72692
109
72697
117
73211
99
73216
99
73222
104
73227
105
73369
32
73803
100
73808
105
73813
32
73817
108
74750
105
74754
98
74759
114
74764
105
75203
46
78000
13
78892
0
78897
77
78901
105
79733
32
79739
115
79744
111
79748
110
79753
111
79759
32
79763
100
80225
105
80230
32
80235
110
80714
117
80719
111
80724
118
80804
111
80920
32
81426
115
81431
101
81436
110
81462
116
81543
105
81964
116
81970
111
81975
32
82479
112
82484
105
82489
99
82919
99
82924
111
82929
108
83408
111
83413
44
83841
32
83847
105
83852
110
84373
115
84378
105
84385
103
84834
110
84839
105
85268
102
85273
105
85279
99
85311
97
85744
110
85775
116
86233
101
87140
44
87145
32
88146
105
88595
103
88602
110
89064
111
89071
114
89147
97
89299
110
89481
116
89577
101
89702
32
89835
100
89917
105
90068
32
90204
102
90354
114
90436
111
90615
109
91843
8
92469
110
92675
116
92805
101
92961
32
93058
97
93157
32
93386
116
93486
97
93639
110
93794
116
93924
111
94073
32
94213
115
94381
97
94479
112
94625
101
94755
114
94856
101
99942
32
99948
101
00346
32
00352
97
00358
32
00486
116
00982
97
00990
110
00995
116
01001
101
01449
32
01454
112
01460
111
01466
97
01539
103
02098
105
02103
110
02109
101
02114
32
03046
8
03052
8
03949
8
03955
8
03961
8
03966
8
04896
8
05345
97
06991
103
06997
105
07002
110
07008
101
07013
32
07019
115
07025
116
07030
97
07036
109
07938
112
07944
97
07949
116
07955
101
07961
46
11082
32
14672
0
14677
76
14682
111
14688
32
15121
115
15128
116
15539
101
15545
115
16435
115
16441
111
16446
32
16452
97
16458
99
16476
99
16485
97
16933
100
16939
101
16945
32
17846
113
17852
117
17858
97
17864
110
17870
100
17876
111
17882
32
17913
115
18824
111
18830
110
18838
111
18843
32
18850
105
18907
110
19825
32
19837
108
19843
105
19852
98
19860
114
19916
101
20400
114
20406
105
20455
97
21388
44
21394
32
21400
109
21406
97
21412
32
21542
102
21685
111
21782
114
22283
115
22289
101
22295
32
22734
105
23201
110
23208
32
23217
117
23357
110
23450
32
24002
109
24009
111
24017
100
24051
111
24454
32
24461
117
24988
110
24994
32
25001
112
25007
111
25449
39
25526
32
25959
109
25999
101
26005
110
26121
111
26584
32
26601
118
26610
105
27128
111
27134
108
27141
101
27243
110
27755
116
27763
111
27770
46
29291
13
32049
0
32503
84
32510
117
32543
116
33066
116
33072
105
33079
32
33133
113
33566
117
33573
101
33579
105
34017
32
34023
108
34035
105
34545
98
34552
114
34559
105
34640
44
35162
32
35169
116
35601
97
35607
110
35614
116
35621
101
36062
32
36068
100
36075
105
36091
117
36099
32
37082
8
37573
8
38462
32
38470
113
38977
117
38985
101
38991
108
38998
108
39008
101
39475
32
39482
115
39489
116
39920
111
39927
114
39933
105
40370
101
42234
44
42242
32
42799
101
42893
32
43143
105
43302
111
43459
32
43650
102
43785
117
43952
111
44219
114
44311
105
44456
32
44629
100
44736
97
44804
32
45028
101
45314
115
45459
115
45679
101
45944
114
46037
101
46491
8
46625
8
48501
44
48652
32
53429
102
53563
117
53850
111
54012
114
54117
105
54289
32
55210
101
55365
32
55999
105
56175
109
56380
112
56521
111
56713
115
56863
115
56956
105
57149
98
57351
105
57524
108
57690
105
57910
116
58056
97
58147
116
58357
111
58507
32
61885
100
62121
97
62215
108
62370
32
62552
102
62652
97
62738
114
63024
118
63130
105
63258
32
63363
112
63467
97
63613
114
63758
116
63888
101
64135
46
65223
32
65644
0
65681
69
66189
39
66340
32
66499
113
66591
117
66742
101
66894
115
67022
116
67220
111
67384
32
67542
105
67720
108
67860
32
68019
109
68203
105
68352
111
68486
32
68606
112
68765
105
68951
117
69290
39
69433
32
69852
103
70014
114
70121
97
70227
110
70347
100
70511
101
70618
32
70783
100
