70964
101
71141
115
71291
105
71413
100
71565
101
71705
114
72051
105
72197
111
72790
44
72957
32
73803
101
73934
110
74166
116
74305
114
74414
97
74563
114
74660
101
74783
32
74910
100
75069
101
75183
110
75413
116
75579
114
75668
111
75809
32
75993
113
76143
117
76260
101
76499
105
76657
32
76814
108
76979
105
77165
98
77304
114
77430
105
77653
46
79361
32
80989
0
81065
69
81260
115
81358
115
81471
101
81624
114
81751
101
81853
32
82185
105
82255
111
82424
32
87518
97
87527
32
87536
109
87966
117
87975
111
88078
118
88153
101
89012
114
89021
109
89029
105
89037
32
89069
116
89190
114
89664
97
89673
32
89681
113
89689
117
89701
101
90145
108
90154
108
90162
101
90171
32
90184
112
91040
97
91048
103
91057
105
91066
110
91075
101
91083
32
91221
101
91651
32
93494
115
93503
111
93514
115
93922
112
93931
105
94016
114
94919
97
94927
114
94936
101
94954
32
95468
113
95477
117
95518
101
96040
108
96050
108
96058
101
96067
32
96144
102
96295
114
96382
97
96585
115
96888
105
97076
44
97225
32
97465
105
97595
111
97736
32
97828
97
97951
32
98878
112
98888
97
98896
116
98905
105
99348
114
99357
101
99366
32
99430
100
00293
105
00303
32
00311
111
00320
103
00328
110
00337
105
00891
32
00900
118
00909
105
01037
114
01869
103
01878
111
02318
108
02327
97
02337
32
04534
101
04543
32
04552
103
04561
105
05003
111
05013
105
05872
114
05881
101
05890
32
05898
100
05908
105
05916
32
05933
111
06395
103
06404
110
06554
105
06986
32
06997
112
07052
117
07211
110
08149
116
08159
111
08176
32
08185
101
09079
115
09088
99
09097
108
09106
97
10021
109
10030
97
10039
116
10048
105
10057
118
10066
111
10998
46
11007
13
12235
0
12244
77
12254
97
12336
32
12814
112
13656
117
14225
114
14235
116
14686
114
14696
111
14705
112
14788
112
15264
111
15326
32
15878
110
15887
111
15897
110
15983
32
16413
109
16423
105
16484
32
17385
101
17440
39
18271
32
18281
99
18290
111
18299
110
18309
99
18321
101
18986
115
18996
115
19005
111
19045
46
19476
32
20355
0
20390
80
21222
111
21232
115
21242
115
21252
111
21262
32
21302
115
21777
111
21787
108
21797
111
21887
32
22395
108
22406
105
22418
109
22878
105
22890
116
22935
97
23776
114
23785
109
23794
105
23808
32
23818
97
23835
32
24266
108
24277
101
24348
103
25736
103
25746
101
26196
114
26206
101
26251
32
27127
100
27137
105
27147
32
27160
97
28460
108
28470
116
28480
114
28490
105
28499
44
28509
32
29095
101
29107
32
30012
8
30022
100
30482
32
31704
101
31715
115
31731
115
31741
101
31752
114
31767
101
31825
32
32714
115
32724
111
32734
108
32745
111
32755
32
33365
59
33375
108
33851
39
33862
111
33872
109
34084
98
34284
114
34390
97
34512
32
35655
0
35799
0
35935
0
36073
0
36213
0
36348
0
36469
0
37299
0
37627
8
38117
0
39198
100
39314
105
39450
32
39558
115
39664
111
39824
108
39980
111
40212
114
40296
111
40436
32
40618
99
40717
104
40811
101
40912
32
42925
118
43094
105
43281
118
43447
111
43648
110
43829
111
43971
32
44247
116
44392
114
44492
97
44583
32
44824
105
46141
108
46152
32
46162
99
46172
97
46183
110
46193
100
46204
111
46214
114
46228
101
46683
32
46694
100
46704
105
47138
32
47205
113
47639
117
47734
101
47744
108
47761
108
47819
101
47895
32
48345
112
48356
97
48451
103
49303
105
49314
110
49325
101
50392
44
50403
32
50898
116
50910
114
50999
97
51056
32
51240
105
51399
108
51536
32
51728
102
51915
114
52030
117
52273
115
52463
99
52572
105
52720
97
52832
114
52932
101
53040
32
53221
115
53346
111
53544
109
54655
109
54884
101
55414
115
55571
115
55714
111
55855
32
55946
100
56041
105
56187
32
56262
113
56389
117
56490
101
56604
105
56750
32
56907
102
57008
111
57177
103
57289
108
57452
105
57698
46
60529
32
60821
0
60911
65
61109
32
61492
118
61590
111
61745
108
61975
116
62081
101
62170
32
62370
109
62547
105
62692
32
62787
115
62971
101
63035
109
63235
98
63447
114
63565
97
63636
32
63806
99
63867
104
64010
101
64057
32
64207
109
64388
105
64548
32
64649
112
64759
97
64934
114
65204
108
65393
105
65581
110
65759
111
68268
32
68405
100
68512
105
68726
114
68829
101
68922
116
69032
116
69118
97
69287
109
69301
44
69380
101
69473
110
69667
116
69751
101
70343
8
70497
8
70652
8
70807
8
70937
8
71148
101
71773
110
71976
116
72068
101
72408
44
72569
32
73242
99
73334
104
73463
101
73576
32
74134
99
74312
101
74440
114
74663
99
74814
104
74997
105
75169
110
75311
111
75452
32
75612
100
75732
105
75887
32
76035
100
77374
105
77756
114
78466
109
78635
105
78772
32
78899
113
79015
117
79116
97
79241
108
79395
99
79538
111
79656
115
79817
97
79918
32
80062
99
80166
104
80255
101
80375
32
81001
112
81127
101
81287
114
82942
111
83092
39
83283
32
83487
110
83725
111
83901
110
84052
32
84206
115
84308
111
84466
32
84657
99
84777
97
84932
112
85112
105
85316
114
85487
101
87708
32
87954
112
88088
114
88195
105
88351
109
88877
97
89006
32
89636
99
89774
104
89860
101
89966
32
90198
105
90357
108
90516
32
90619
108
90790
105
90977
98
91155
114
91226
111
91368
32
91510
102
91609
105
91775
110
91955
105
92114
115
92223
99
92351
97
92843
32
93083
101
93181
32
93384
109
93559
105
93716
32
93863
114
93960
105
94201
116
94337
114
94559
111
94840
118
94937
105
95098
32
95782
97
95904
100
96053
32
96327
111
96647
115
96780
115
96977
101
97086
114
97256
118
97366
97
97475
114
97606
101
97733
32
99113
105
99550
108
99565
32
99986
114
99998
101
00633
116
00646
114
00658
111
01103
32
01115
100
01128
101
01749
108
01763
108
01775
97
02227
32
02240
99
02254
111
02267
112
02318
101
03182
114
03195
116
03208
105
03220
110
03239
97
04146
44
04159
32
04171
118
04184
117
04196
111
05216
116
05255
111
06257
44
06355
32
06792
114
06806
105
06975
103
07175
105
07578
100
07693
111
07930
44
08083
32
08214
97
08418
115
08536
115
08630
101
08795
110
08993
116
09092
101
10148
46
12979
13
41148
0
41186
73
41338
110
42180
32
42193
99
42207
97
42219
109
42232
101
42245
114
42320
97
42404
32
42891
109
42904
105
42917
117
42930
97
42947
32
43949
8
44817
8
44841
8
44855
8
46191
105
46205
97
46218
32
46265
104
46758
111
46774
32
46786
116
47252
97
47265
110
47278
116
47291
101
47737
32
47750
112
47767
111
48232
114
48245
116
48258
101
49495
32
49508
112
49521
101
49534
114
49547
32
50034
97
50978
116
50991
116
51007
114
51021
97
51035
118
51050
101
51063
114
51120
115
51535
97
51553
114
51631
101
52070
32
52083
105
52145
108
53014
32
53029
109
53045
111
53061
110
53077
100
53101
111
53118
32
53563
101
53579
32
54536
115
54619
99
55109
111
55123
112
55136
114
55173
105
55663
114
55677
101
55690
32
57303
110
57317
117
57331
111
57345
118
57359
101
57376
32
58223
99
58247
111
58261
115
58275
101
59202
44
59216
32
59229
118
59242
105
59259
118
59704
101
59718
114
59732
101
59745
32
61080
110
61096
117
61111
111
62705
118
62720
101
62734
32
63201
97
63216
118
63230
118
63247
101
63372
110
63889
116
63903
117
63918
114
64350
101
64428
46
64643
32
65709
0
65753
65
66686
108
66703
99
66717
117
66733
110
66747
101
66761
32
67212
100
67227
105
67240
32
67260
113
68195
117
68209
101
68224
115
68238
116
68253
101
68270
32
68445
108
69000
101
69017
32
69032
99
69048
111
69066
110
70399
111
70413
115
70427
99
70440
111
70454
32
70468
113
70482
117
70496
97
70509
115
70528
105
70989
32
71005
97
71052
32
71083
109
71111
101
71147
109
72075
111
72089
114
72104
105
72118
97
72135
46
73053
32
74913
0
74928
77
74943
105
75039
32
75481
109
75496
97
75513
110
76039
99
76054
97
76069
32
76085
115
76196
111
76669
108
76684
111
76698
32
77143
108
77158
97
77172
32
77186
99
77204
104
78128
105
78142
97
78157
118
78172
101
78186
32
78200
112
78215
101
78233
114
78406
32
78843
97
78857
112
78871
114
78890
105
78915
111
80738
8
81658
114
81677
108
81691
101
82135
32
82644
8
82837
44
83308
32
83322
113
83337
117
83377
101
84338
115
84352
116
84367
101
84381
32
84416
112
84431
111
84458
114
85319
116
85335
101
85353
46
91282
13
93639
0
93703
85
93855
110
93944
97
94031
32
94193
99
94288
104
94467
105
94837
97
95100
118
95213
101
95308
32
95635
99
95735
104
95859
101
95939
32
98324
110
98340
111
99220
110
99236
32
99250
115
99265
111
99280
32
99295
100
99310
111
99463
118
99932
101
99947
32
02256
99
02296
101
02719
114
02734
99
02749
97
02794
114
03643
101
12129
44
12303
32
12460
101
12552
32
12722
112
12829
101
12981
114
13546
116
13680
97
13826
110
13993
116
14131
111
14252
32
14415
112
14561
114
14698
111
14925
98
15039
97
15131
98
15327
105
15606
108
15701
109
15780
101
15841
110
16025
116
16122
101
16204
32
16327
110
16486
111
16644
110
16786
32
16933
116
17101
114
17193
111
17392
118
17495
101
17619
114
18820
111
19241
39
19392
32
19520
109
19638
97
19749
105
20062
46
