81281
16
81562
73
81781
76
81937
32
82390
70
82515
73
82671
76
82953
77
83093
32
83265
68
83359
73
83406
32
83890
73
84078
69
84156
82
84250
73
84328
32
84546
68
84859
8
85000
83
85109
73
85203
32
85421
73
85593
78
85765
84
85875
73
86187
84
86250
79
86437
76
86515
65
86765
86
86859
65
87000
32
87265
16
87312
71
87546
85
87640
69
87828
82
88000
82
88312
69
88484
32
88968
16
89015
83
89234
84
89656
69
89859
76
90031
76
90093
65
90453
82
90609
73
90718
32
91343
76
91453
65
91640
32
91828
86
91968
69
92046
78
92234
68
92453
69
92625
84
92796
84
92890
65
93093
32
93406
68
93718
69
93828
73
93953
32
94265
67
94359
76
94562
79
94875
78
95000
73
95500
190
95656
190
95812
190
95953
32
96140
79
96234
32
96531
81
96609
85
96734
65
96828
76
96953
67
97078
79
97187
83
97250
65
97359
32
97515
68
97593
73
97687
32
98078
83
98156
73
98468
77
98640
73
98890
76
98984
69
99125
190
99484
13
00046
8
00390
32
00593
16
00968
78
01203
79
01390
78
01500
32
01718
69
01812
82
01921
65
02031
32
02250
77
02406
79
02562
76
02640
84
02765
79
02828
32
03015
68
03078
73
03296
86
03500
69
03562
82
03796
84
03875
69
04109
78
04187
84
04265
69
04437
32
04734
77
04828
65
04906
32
05015
76
05109
65
05187
32
05531
71
05718
82
05781
65
06000
70
06109
73
06250
67
06343
65
06421
32
09281
69
09375
82
09484
65
09625
32
10296
67
10359
79
10546
77
10781
85
10984
78
11156
81
11265
85
11359
69
11500
32
11750
71
11953
82
12015
65
12296
70
12765
8
12937
68
13125
69
13296
86
13406
79
13562
76
13687
69
13843
190
14015
32
14375
16
14906
16
14953
16
14984
16
15015
73
15343
76
15531
32
15734
77
17187
73
17281
79
17406
32
17765
79
17984
77
18078
69
18250
84
18390
84
18531
79
18562
32
22281
69
22968
222
23187
32
23437
83
23578
84
23656
65
23859
84
24703
79
24812
32
26968
84
27078
85
27218
84
27375
84
27468
79
27609
32
27718
73
27828
76
27937
32
28109
84
28171
69
28265
77
28453
80
28531
79
28703
32
28984
73
29156
78
29250
32
29406
65
29562
84
29750
84
29890
69
30140
83
30250
65
30375
32
30546
68
30609
73
30718
32
31656
86
32109
69
32359
68
32531
69
32656
82
32750
69
32875
32
33140
81
33218
85
33375
65
33468
76
33531
67
33671
72
33734
69
33843
32
34031
83
34218
67
34765
69
34906
78
35015
65
35109
32
35234
68
35328
73
35406
32
35578
83
35734
69
35984
83
36156
83
36281
79
36953
188
37109
32
37281
77
37375
65
37437
32
38156
69
38687
222
38906
32
39078
82
39171
73
39390
77
39468
65
39875
83
40000
84
40093
79
40187
32
40312
65
41484
77
41765
80
41953
76
42000
73
42093
65
42281
77
42343
69
42468
78
42578
84
42656
69
43062
32
43234
68
43390
69
43625
76
43750
85
43890
83
44000
79
44375
190
44609
32
45000
16
45343
80
45656
79
45890
82
45984
69
46609
76
46781
76
46937
79
47187
190
47421
32
48281
16
48812
16
48859
16
48890
16
48921
16
48968
16
49000
16
49031
16
49062
16
49109
16
49140
16
49171
16
49218
16
49250
16
49281
16
49328
16
49359
16
49390
16
49437
16
49468
16
49500
16
49546
16
49578
16
49609
16
49656
16
49687
16
49718
16
49765
16
49796
16
49828
16
49875
16
49906
16
49937
16
49968
16
50015
16
50046
16
50078
16
50125
16
50156
16
50187
16
50234
16
50265
16
50296
16
50343
16
50375
16
50406
16
50453
16
50453
73
50703
32
50937
68
51031
85
51156
69
51250
32
51921
83
52015
73
52718
77
53000
80
53140
65
53281
84
53390
73
53562
67
53609
73
53750
32
53968
82
54031
65
54281
71
54375
65
54640
90
54781
90
54890
73
54953
32
55062
67
55156
72
55218
69
55281
32
55468
69
55687
82
55765
65
55921
78
56000
79
56093
32
56296
67
56406
79
56546
78
56625
32
57046
78
57156
79
57234
73
57375
32
58812
72
58937
65
59031
78
59187
78
59296
79
59343
32
59687
68
59828
69
60015
67
60093
73
60406
83
60468
79
60562
32
60703
68
60796
73
60828
32
61046
65
61250
67
61421
67
61500
79
61687
77
61843
80
61984
65
62218
71
62843
78
62906
65
63031
82
63281
67
63343
73
63421
32
63515
65
63625
32
63890
66
63968
69
64093
82
64187
69
64265
32
64578
81
64671
85
64828
65
64906
76
65000
67
65140
79
65421
83
65515
65
65765
32
65921
69
66015
32
67421
72
67546
65
67671
78
67812
78
67921
79
68015
32
68234
79
68296
82
68562
68
68625
73
68812
78
68921
65
69109
84
69203
79
69296
32
70453
68
70593
85
70671
69
70812
32
71078
66
71171
73
71375
82
71546
82
71625
79
72062
90
72234
90
72437
69
72625
190
72921
32
73265
16
73796
16
73828
16
73875
16
73906
16
73937
16
73984
16
74015
16
74046
16
74062
73
74250
79
74343
32
74562
69
74656
32
74828
76
74906
65
74937
32
75171
77
75312
73
75718
65
75843
32
76062
68
76171
79
76359
76
76515
67
76625
69
76687
32
76875
77
76953
69
77109
84
77234
65
77406
32
77531
73
77687
78
78046
86
78156
69
78343
67
78437
69
78578
32
79468
67
80062
73
80218
32
80375
83
80453
73
80484
65
80718
77
80781
79
80859
32
81218
65
81437
67
81640
67
81656
79
81859
78
81968
84
82125
69
82328
78
82593
84
82671
65
82968
84
83046
73
83140
32
83375
68
83437
73
83531
32
83656
85
83843
78
83906
65
83984
32
84234
66
84312
73
84578
82
84750
82
84796
79
85031
90
85203
90
85468
65
85609
32
87015
69
87187
32
90437
68
90546
73
90625
32
90781
85
92625
78
92718
65
92843
32
93000
80
93062
73
93484
65
93765
68
93875
73
94109
78
94218
65
94328
32
94500
69
94578
32
94781
68
94859
73
94906
32
95140
85
95328
78
97843
32
98015
67
98125
79
98921
8
99031
82
99156
79
99265
83
99953
84
00031
79
00187
78
00281
69
00406
190
00671
13
01312
16
01781
68
02031
73
02140
67
02625
73
02734
65
02859
77
02968
79
03046
32
03218
67
03281
72
03359
69
04000
32
04265
78
04312
79
04453
78
04500
32
05281
69
05375
82
05531
65
05578
32
06890
66
07109
85
07156
79
07390
78
07484
73
07781
83
07953
83
08000
73
08187
77
08343
73
08453
32
08640
77
08671
65
08843
32
10718
76
10796
65
10843
32
11359
70
11453
65
11656
77
11718
69
11843
32
12250
69
12359
82
12468
65
12593
32
12750
84
12812
65
12921
78
13000
84
13078
65
13265
190
13578
32
13875
16
14406
16
14437
16
14484
16
14515
16
14546
16
14593
16
14625
16
14656
16
14703
16
14734
67
14953
72
14984
69
15468
32
15625
68
15687
73
15937
82
16015
69
16078
32
16296
67
16343
72
16406
69
16515
32
16671
70
16734
65
16921
82
16984
69
17281
190
17484
32
17781
16
18312
16
18343
16
18390
16
18421
16
18453
16
18500
16
18531
16
18562
16
18609
16
18640
16
18671
16
18703
16
18750
16
18781
16
18812
16
18859
16
18890
16
18921
16
18968
16
19000
16
19031
16
19078
16
19109
16
19140
16
19187
16
19218
16
19250
16
19296
16
19328
16
19359
16
19406
16
19437
16
19468
16
19515
16
19546
16
19578
16
19609
16
19656
16
19687
16
19718
16
19765
16
19796
16
19828
16
19875
16
19906
16
19937
16
19984
16
20015
16
20046
16
20093
16
20093
83
20359
79
20578
78
20718
32
20906
84
21734
79
22140
82
22265
78
22390
65
22515
84
22609
65
22718
32
22875
65
22937
32
23109
67
23203
65
23312
83
23421
65
23640
32
24062
69
24171
32
24312
67
24453
79
24625
78
24703
32
25078
8
25234
8
25406
8
25531
8
25750
73
25906
78
25984
32
26171
67
26265
65
26375
77
26718
69
26843
82
26937
65
27015
32
27234
77
27437
73
27531
65
27578
32
27968
67
28468
222
28687
69
28750
82
28859
65
28937
32
29125
77
29328
73
29406
79
29515
32
29734
70
29968
82
30031
65
30203
84
30250
69
30421
76
30593
76
30750
79
30843
32
30953
67
31031
79
31156
78
31265
32
31437
76
31546
65
31593
32
32000
83
32125
85
32468
65
32593
32
32781
78
32984
85
33093
79
33250
86
33500
65
33593
32
33890
70
33953
73
34187
68
34296
65
34406
78
34625
90
34843
65
35140
84
35250
65
35468
32
37109
8
37421
188
37609
32
37765
76
37859
65
37890
32
38156
81
38234
85
38375
65
38453
76
38796
69
38921
32
39171
65
39343
86
39484
69
39703
86
39796
65
39921
32
40093
68
40312
69
40578
73
40671
32
40890
67
40953
65
41125
80
41250
73
41765
8
42109
69
42250
76
42437
76
42515
73
42593
32
42781
79
42906
82
43125
82
43156
73
43484
66
43609
73
43796
76
43937
73
44234
190
44515
32
45812
16
45968
86
46234
65
46359
73
46484
32
46593
65
46687
32
46890
67
46968
65
47218
80
47296
73
47531
82
47625
69
47703
32
48250
81
48406
85
48500
69
48687
83
48796
84
48890
65
49015
32
49265
71
49343
73
49406
79
49562
86
49718
69
49937
68
50375
8
50578
78
50640
84
50796
85
51421
222
51734
190
52000
32
53671
16
53875
80
54046
65
54109
82
54312
76
54500
79
54578
32
54859
80
55000
82
55437
79
55890
80
56015
82
56109
73
56203
79
56296
32
56468
73
56625
79
56875
32
57046
67
57125
72
57234
69
57296
32
57484
72
57562
79
57640
32
57859
83
57968
67
58125
69
58218
76
58375
84
58531
79
58562
32
58765
85
58968
78
59046
32
59656
79
59875
77
59937
69
60093
84
60250
84
60343
79
60406
32
60734
68
60812
73
60890
32
61250
66
61359
69
61468
78
61656
32
62843
52
62937
48
63093
32
63265
65
63375
78
63531
78
63625
73
63859
190
64000
32
64156
16
64343
72
65328
79
65453
32
65593
70
65656
73
65828
78
65953
73
66000
84
66531
79
66640
32
67140
68
67218
73
67328
32
67437
83
67515
67
67765
82
67843
73
68000
86
68078
69
68234
82
68703
69
68828
32
68937
84
69015
73
69093
32
69343
83
69421
65
69531
76
69734
85
69859
84
70000
79
70218
32
70359
69
70421
32
70906
66
71109
85
71187
79
71375
78
71453
65
71531
32
71640
76
71765
69
71953
84
72109
84
72187
85
72328
82
72406
65
72578
190
72703
32
72843
16
72906
67
73125
73
73312
78
73343
90
73468
73
73531
65
73953
8
74109
8
74281
8
74453
8
74625
8
74765
8
75062
16
75125
84
75234
69
75453
83
75546
84
75687
32
75906
65
76046
78
76187
79
76687
78
76796
73
77015
77
77125
79
77390
16
77437
49
