00406
8
30390
16
30515
83
30625
79
30828
78
31031
79
31093
32
31250
81
31343
85
31515
73
31578
32
31718
65
31812
76
31953
76
32406
222
32687
85
32859
78
33031
73
33234
86
33296
69
33468
82
33640
83
33781
73
33890
84
34250
17
34296
192
34531
65
34671
32
34843
80
34890
69
34953
82
35984
8
36140
8
36312
8
36859
8
37250
8
38703
17
38718
192
39015
65
41781
32
42828
80
42890
69
42953
82
43140
67
43281
72
44375
69
44500
32
47734
67
47828
73
48031
78
48218
90
48343
73
48453
65
48578
32
51562
77
51734
73
51781
32
51968
72
52140
65
52218
32
52593
79
52796
66
52937
66
53031
76
53203
73
53296
67
53328
65
53687
8
53843
8
53906
71
53968
65
54140
84
54250
79
56890
32
57015
65
57078
32
57218
83
57421
67
57609
82
57734
73
57921
86
57968
69
58140
82
58187
69
58250
32
58656
81
58828
85
58906
69
59109
83
59187
84
59296
65
59390
32
59562
82
59671
79
59859
66
59953
65
61484
188
61531
32
61671
77
61765
65
61859
32
61968
78
62031
79
62156
78
62171
32
62265
83
62375
79
62390
32
62515
67
62640
72
62734
69
62859
32
62937
83
63125
67
63296
82
63390
73
63531
86
63578
69
63718
82
63781
69
64000
190
64140
190
64296
190
64640
32
66187
16
66234
78
66296
79
66421
78
66453
32
68062
8
68203
8
68687
8
69281
79
69515
78
69562
32
69875
83
69984
79
70015
32
70671
78
70765
69
70921
78
71015
65
71187
72
71203
67
71406
69
71453
32
71609
73
71640
79
71656
32
72359
67
72484
72
72593
69
72671
32
72781
83
72906
79
73187
8
74015
8
74281
67
74437
79
74593
83
74656
65
74765
32
74937
83
75281
84
75500
79
75531
32
76125
70
76171
65
76406
67
76453
69
76562
78
76703
68
76812
79
77593
32
77718
69
77765
32
77937
80
77984
69
78046
82
78437
67
78546
72
78656
69
78750
32
78953
76
79125
79
79171
32
79234
83
79640
84
79781
79
79828
32
79921
70
80015
65
80156
67
80250
69
80390
78
80500
68
80640
79
83375
32
83546
77
83656
65
83750
32
84046
84
84171
65
84265
78
84453
84
85046
222
86812
69
90656
222
91875
190
92015
190
92156
190
92453
32
09093
16
09328
68
09453
85
09609
78
09687
81
09828
85
09906
69
10046
32
11046
8
11437
190
11593
190
11750
190
11812
32
12000
78
12046
79
12171
78
12187
32
12562
83
12687
79
12718
32
13000
67
13093
79
13281
77
13375
69
13500
32
13593
67
13687
79
13828
77
13984
80
14046
79
14140
82
14312
84
14406
65
14718
82
14859
77
15046
73
15062
32
15187
67
15218
79
15390
78
15421
32
15531
71
15625
76
15812
73
15843
32
15875
65
16062
67
16171
69
17390
8
17468
67
17562
69
17703
78
17843
84
17968
73
19265
188
19296
32
22921
73
22953
32
23140
80
23218
82
23312
73
23484
77
23656
73
23703
32
23843
78
23875
79
24000
78
24015
32
24203
76
24390
73
24421
32
24562
72
24765
79
24796
32
24984
77
25078
69
25250
83
25406
83
25500
73
25531
32
26953
65
27171
68
27375
69
27562
83
27703
83
27796
79
27812
32
27968
80
27984
69
28031
82
28578
79
28625
32
30062
8
30718
222
30937
32
31078
76
31265
73
31312
32
31437
77
31546
69
31718
84
31875
84
31984
79
35781
190
35828
32
37375
16
37906
16
37937
16
37984
16
38015
16
38046
16
38093
16
38125
16
38156
16
38203
16
38234
16
38250
77
38437
73
38468
32
38656
68
38765
73
38875
67
38968
79
39125
78
39312
79
39343
32
39468
67
39562
72
39687
69
39765
32
39875
68
39921
69
40140
86
40234
79
40250
32
40453
82
40531
73
40656
69
40781
77
41000
73
41578
82
41625
69
41750
32
41937
84
42000
85
42109
84
42250
84
42390
79
43406
190
43562
190
43718
190
43765
32
43890
77
43953
79
44109
76
44218
84
44296
79
44328
32
44484
66
44578
69
44671
78
44765
69
45171
188
45203
32
45390
80
45421
69
45500
82
45718
67
45859
72
46609
69
47250
222
47484
32
47718
71
47812
73
48656
65
48890
222
48921
32
49140
78
49187
79
49296
78
49328
32
49468
83
49546
79
49578
32
49718
80
49890
73
50140
85
50578
222
50578
13
51875
32
52031
67
52109
72
52265
69
52375
32
52796
83
53015
67
53171
82
53281
73
53375
86
53468
69
53625
82
53703
69
57125
104
57343
97
58750
144
59171
8
59328
8
59734
38
59937
35
60234
46
61062
39
61437
35
62468
190
62500
32
74812
16
74968
80
75140
65
75234
79
75390
76
75796
8
75968
8
76140
8
76421
8
76562
16
76937
83
77046
79
77171
84
77343
84
77468
79
77515
32
77640
83
78015
85
78234
71
78359
71
78421
69
78578
82
78750
73
78921
77
79046
69
79140
78
79234
84
79359
79
79390
32
79546
68
79593
73
79625
32
79968
16
80093
67
80218
73
80375
78
80468
90
80843
73
80984
65
81093
32
81546
84
81656
73
81687
32
81781
82
81937
65
82171
67
82312
67
82421
79
82578
78
82703
84
82828
79
82859
32
83359
68
83453
73
83484
32
83609
16
83671
80
83843
65
83906
79
84062
76
84234
79
84437
190
84578
190
84734
190
84781
32
85281
85
85453
78
85484
32
85562
67
85609
65
85750
82
85875
79
85921
32
86046
65
86171
77
86328
73
86406
67
86531
79
86593
32
86671
67
86765
72
86859
69
86953
32
87140
83
87250
73
87281
32
87937
69
88265
222
88296
32
88500
67
88578
79
88765
77
88953
82
88953
80
88968
219
89046
65
89171
84
89265
79
89312
32
89484
68
89546
65
89687
32
89828
67
89968
80
90000
79
90281
8
90453
8
90812
8
91078
80
91125
79
91281
67
91390
79
91437
32
92046
36
92984
37
93640
37
93859
46
94031
39
94500
82
94765
39
95046
36
95343
46
96718
35
97593
76
97953
222
98281
16
98359
65
98625
68
98812
83
99031
76
00046
32
00328
84
00562
8
00687
68
00734
69
00828
76
00953
76
01078
65
01187
32
01546
16
01703
84
01796
69
02296
76
02421
69
02656
67
02750
79
02953
77
04406
32
04562
69
04828
8
05765
69
06015
188
06046
32
06296
78
06375
69
06531
76
06562
32
06734
71
06859
73
06968
82
07109
79
07140
32
07375
68
07453
73
07484
32
07875
8
08046
8
08609
73
08640
32
10687
80
10734
79
10890
67
11046
72
11343
73
11406
32
11703
8
11843
8
12859
69
12968
32
13093
83
13312
69
13359
84
13500
84
13718
73
14078
77
14281
65
14390
78
14484
69
14687
188
14734
32
14984
83
15062
73
15093
32
15625
69
15890
222
15921
32
16218
71
16421
73
16875
65
17281
222
17328
32
17593
83
17781
67
17828
65
18000
82
18140
73
18234
67
18312
65
18515
84
18640
79
18671
32
19859
56
20296
48
20531
32
20718
70
20781
73
20953
76
21156
77
23031
190
23093
32
23343
16
23421
77
23625
73
23656
32
23953
8
24109
8
24312
8
24515
8
24703
8
24890
32
25078
16
25343
57
25734
77
26296
73
26343
32
26531
68
26640
73
26750
67
26828
69
27046
32
27515
16
27718
67
27828
73
28296
78
29515
90
29656
73
30031
65
30171
32
30406
67
30515
72
30609
69
30734
32
30796
83
30953
69
31031
32
31234
86
31312
85
31468
79
31640
73
31687
32
31843
80
32062
85
32250
79
32437
73
32468
32
32609
67
32703
72
32859
73
32906
69
33093
68
33171
69
33312
82
33515
71
33562
76
33734
73
33765
32
33843
84
33937
85
34015
84
34140
84
34234
73
34281
32
34421
81
34437
9
