47031
85
47156
69
47234
76
47359
76
47546
73
47593
32
47875
67
47968
72
48078
69
48156
32
48328
86
48406
85
48578
79
48796
73
53359
16
53468
48
53781
190
53890
32
61546
37
61718
37
61906
37
62250
39
62437
39
62796
35
63437
16
63640
80
63843
82
63906
73
64046
77
64140
65
64250
32
64562
80
64640
69
64703
82
64781
32
64984
79
65062
69
65234
82
65468
8
65640
8
66078
82
66218
82
66343
79
66640
8
66796
8
66953
8
67093
8
67546
69
67687
82
67906
82
68031
79
68140
82
68203
69
68343
32
68890
72
69109
79
69125
32
69265
67
69359
76
69531
73
69625
67
69750
65
69796
67
70000
84
70109
79
70140
32
70796
68
70921
85
71234
32
71578
16
71718
73
72078
8
72218
8
72375
8
72531
8
72875
83
73484
85
73921
36
74109
39
74296
39
74453
39
74625
39
75031
67
75343
39
75515
39
75843
37
76031
46
76187
35
76671
32
77234
16
77406
222
78312
16
78453
73
78625
78
78921
86
78984
73
79156
65
79312
32
79625
16
79796
81
79937
85
80359
69
80562
82
80875
89
81578
16
81875
222
85062
190
85234
190
85390
190
85421
32
88125
16
88203
65
88437
68
88609
69
88796
83
88921
83
88984
79
89015
32
89453
83
89562
79
89703
78
89890
79
89921
32
90015
71
90093
73
90250
85
90421
78
90437
84
90625
79
90656
32
90718
65
90796
76
90953
76
91046
65
91156
32
91296
70
91328
73
91468
78
91578
69
91671
32
91781
68
91843
73
91859
32
92031
81
92187
85
92203
69
92359
83
92531
84
92640
79
92671
32
92843
69
93359
83
93437
80
93546
69
93750
82
93890
73
94046
77
94109
69
94281
78
94296
84
94531
79
94812
188
94859
32
95093
77
95125
79
95625
76
95875
84
95953
79
95984
32
96234
66
96328
69
96453
78
96515
69
96687
188
96718
32
97312
69
97703
222
97734
32
97937
83
98046
84
98171
65
98234
84
98453
79
98500
32
98640
85
98812
78
98843
32
99125
80
99328
73
99328
85
99406
65
99609
67
99671
69
00109
8
00250
8
00421
8
00671
8
00937
65
01171
67
01468
69
01625
82
01703
69
02250
188
02281
32
03390
69
03765
222
03812
32
03953
83
04062
84
04203
84
04328
65
04671
8
04828
8
05000
65
05687
84
05828
65
05937
32
06062
85
06265
78
06750
222
06875
69
07062
83
07140
80
07250
69
07406
82
07531
73
07609
69
07750
78
07812
90
07890
65
07984
32
08171
66
08234
69
08437
76
08625
76
08843
73
09203
83
09343
83
09406
73
09562
77
09656
65
10109
16
10187
49
10750
49
10781
49
10828
49
10859
49
10906
49
10937
49
10968
49
17940
8
18710
65
18870
39
19150
39
19150
39
19200
39
19260
39
19260
39
19310
39
19310
39
19370
39
19420
39
19420
39
19480
39
19530
39
19530
39
19590
39
19590
39
19640
39
19690
39
19690
39
19750
39
19750
39
19800
39
20900
186
21120
32
21340
76
21450
65
21620
32
21840
78
21950
69
22170
67
22330
69
23590
83
23870
83
24030
73
24640
84
25020
222
25300
32
25520
68
25680
73
25900
32
26120
69
26340
83
26510
83
26620
69
26780
82
27000
69
27220
32
27490
78
27710
79
28040
84
28210
65
28320
84
28870
73
29530
190
29800
32
30020
16
30240
76
30410
79
30680
32
30790
83
30950
73
31170
32
31450
80
31890
85
32050
192
32270
32
32550
69
32660
86
32990
73
33210
78
33370
67
33590
69
33760
82
33870
69
34030
32
34360
68
34630
65
34800
76
35070
32
35240
83
35350
85
35680
67
35900
67
36120
69
36390
83
37490
83
38420
79
38640
32
38810
82
38970
73
39140
83
39360
67
39520
79
39800
83
39960
83
40130
79
40350
32
40510
68
40730
65
40840
32
41230
80
41390
82
41500
79
41780
70
41780
71
42650
8
43040
8
43640
71
43860
82
44190
65
44470
77
44630
77
44850
73
45070
32
45240
81
45400
85
45560
65
45670
76
45890
73
46170
32
47600
16
47870
16
47870
16
47930
16
47980
16
47980
71
48310
82
48480
65
48640
78
48860
68
49030
69
49240
32
49570
16
49740
70
50230
82
50450
65
50620
84
50730
69
51220
76
51390
76
51610
79
51830
32
52100
79
52380
32
52540
16
52650
83
52870
65
52980
82
53140
65
53360
78
53530
78
53800
79
54020
32
54190
16
54350
70
54570
65
54680
77
54900
79
55070
83
55180
73
58690
188
58910
32
59190
77
59850
65
60070
32
60340
76
60500
79
60780
32
60940
83
61050
73
61270
32
61440
82
61600
73
61770
83
62150
67
62320
79
62540
78
62760
84
62980
82
63140
65
63250
32
63420
65
63530
78
63750
67
63910
72
64020
69
64130
32
64350
73
64570
78
64790
32
65170
71
65340
82
65500
85
65720
80
65890
80
66110
73
66330
32
66550
68
66660
73
66820
32
67040
65
67100
77
67320
73
67480
67
67590
73
67920
32
70720
68
70940
79
71110
86
71320
69
71980
188
72200
32
75000
84
75170
82
75390
79
75660
86
75830
65
75990
78
76100
68
76270
79
76380
83
76540
73
76760
32
77040
73
77260
78
77420
32
77810
78
78030
85
78250
77
78470
69
78630
82
78790
79
79070
32
79230
83
79450
85
79670
80
79890
69
80060
82
80220
73
80440
79
80550
82
81050
69
82150
32
82360
65
82470
32
83570
67
83740
73
84010
78
84340
81
84510
85
84620
69
84780
32
84950
69
85170
76
85280
69
85440
77
85720
69
85880
78
86320
84
86760
73
88520
188
88790
32
95820
78
95990
69
96210
76
96370
76
96540
65
96700
32
96980
77
97140
65
97360
71
97520
71
97800
73
97960
79
98400
82
98570
32
98950
80
99120
65
99390
82
99560
84
99670
69
99830
32
00050
68
00220
69
00380
73
00660
32
00870
67
01090
65
02190
83
02410
73
02740
32
03290
83
03460
73
03680
32
03900
86
04010
69
04230
82
04390
73
04550
70
04720
73
04940
67
05270
65
05430
32
05760
85
06040
78
17410
32
17570
69
17790
67
17960
67
18070
69
18340
83
18510
83
18670
79
18890
32
19110
68
19220
73
19380
32
19600
82
19710
85
19930
77
20150
79
20320
82
20430
79
20920
8
21200
69
21420
32
21580
68
21970
79
22240
86
22410
85
22520
84
22740
79
23010
32
23340
65
23500
32
24160
78
24380
85
24600
77
24770
69
24930
82
25100
79
25260
83
25480
69
25650
32
25920
80
26030
69
26250
82
26530
83
26630
79
26960
78
27130
69
27290
32
27680
67
27840
72
27950
69
28120
32
28340
80
28500
65
28780
82
29000
75
29490
8
29770
76
29930
65
30100
78
30310
79
30530
32
30700
67
30810
79
31030
78
31250
84
31360
69
31520
77
31850
80
32070
79
32290
82
32620
65
32790
78
32900
69
33830
65
34270
77
34380
69
34490
78
34820
84
34980
69
38280
190
49100
32
49320
16
49480
84
49810
85
50140
84
50310
84
50420
79
50690
32
50860
67
51020
73
51300
192
51570
32
52340
67
52450
79
52720
78
52890
84
53050
82
53220
73
53490
66
53660
85
53820
73
54100
83
54320
67
54480
69
54650
32
54870
73
55090
78
55250
32
55470
77
55640
65
55750
78
55970
73
56130
69
56350
82
56510
65
57940
32
70300
67
70520
79
70800
78
71230
83
71400
73
71560
83
71780
84
71890
69
72110
78
72440
84
72610
69
72830
32
73320
65
73540
76
73710
76
73820
65
73980
32
74150
82
74310
79
74530
84
74690
84
74910
85
75080
82
75300
65
75520
32
75680
68
75850
73
76070
32
76180
65
76340
77
76560
73
76730
67
76890
73
77060
90
77170
73
77330
69
77500
32
78590
8
78920
188
79090
32
79360
65
79470
76
79580
76
79750
65
79860
32
80080
78
80130
65
80350
83
80460
67
80850
73
80960
84
81290
65
81450
32
81620
68
81730
73
81940
32
82160
73
82380
78
82600
86
82770
73
82930
68
83040
73
83150
69
83430
32
83920
69
84140
32
88430
65
88650
83
88760
84
89090
73
89250
79
89580
32
91500
69
91720
32
91890
83
92110
79
92330
80
92550
82
92820
65
93040
84
93150
84
93420
85
93590
84
93810
53
93810
84
94030
79
94250
32
94520
65
94690
76
94850
76
94960
65
96010
37
96280
37
96280
37
96340
37
96390
37
96390
37
96450
37
96450
37
96770
39
97380
8
97870
39
98150
39
98150
39
98200
39
98200
39
98260
39
98310
39
98310
39
98370
39
98420
39
98420
39
98480
39
98480
39
98530
39
98590
39
98970
32
99250
78
99470
79
99690
78
99850
32
00020
67
00130
79
00340
77
00510
80
00670
82
00840
69
01000
78
01170
83
01330
73
01550
79
01770
78
01940
69
02050
32
02380
82
02540
69
02820
67
02820
32
02980
73
03860
8
04020
8
04960
73
05230
80
05450
82
05620
79
06060
67
06220
65
06610
190
