64643
16
65074
73
65535
69
65675
82
66135
73
66316
32
66846
76
66967
65
67117
32
67367
16
67517
74
67728
85
68409
86
68509
69
68809
78
69100
84
69270
85
69520
83
69650
32
69981
72
70101
65
70231
32
70512
86
70652
73
70952
78
71233
84
71413
79
71583
32
71743
73
71944
76
72124
32
72675
83
72805
85
73035
79
73186
32
73977
86
74067
69
74207
78
74557
84
74678
73
75058
83
75208
69
75569
73
75699
69
76060
83
76270
73
76480
77
76711
79
76901
32
80676
83
80806
67
80957
85
81608
68
81738
69
81958
84
82078
84
82469
79
84502
190
90951
16
91442
16
91472
16
91482
83
91692
79
92623
78
92744
79
92874
32
93284
68
93405
65
93555
86
93695
86
93835
69
93925
82
94266
79
94406
32
94877
67
94997
79
95237
78
95498
84
95618
69
95778
78
96008
84
96289
73
96499
83
96639
83
96769
73
96950
77
97150
79
63856
32
64837
80
64967
69
65328
82
65468
67
65608
72
66740
222
66880
69
67040
32
69644
83
69774
79
69925
78
70065
79
70325
32
71968
81
72098
85
72248
65
72558
84
72679
84
72809
82
73009
79
73149
32
73330
65
73500
78
73630
78
73850
73
73970
32
74271
67
74421
72
74561
69
74691
32
75022
76
75152
65
75292
32
75463
16
75783
83
76063
73
76734
71
76835
78
77055
79
77385
82
77496
65
77616
32
79288
78
79388
79
79508
78
79659
32
80950
86
81061
73
81311
78
81621
67
81982
69
82102
32
82553
78
82713
85
83003
76
83124
76
83264
65
86999
32
87800
83
87900
69
88381
78
88642
84
88752
69
89002
78
89282
68
89533
79
90204
32
90674
83
90815
79
91005
76
91195
79
91335
32
91906
80
92086
79
92267
76
92677
69
92858
77
93078
73
93619
67
93769
72
93929
69
94059
32
94510
69
94650
32
94820
77
95021
73
95401
67
95551
65
95672
32
95952
80
96122
79
96303
76
96683
69
96823
77
97024
73
97374
67
97554
72
97705
69
97855
32
98325
83
98426
85
98716
76
99006
32
99417
83
99567
85
99798
79
99958
32
00218
79
00549
80
00679
69
00919
82
01260
65
01470
84
01891
79
08059
188
09812
32
11154
83
11274
79
11444
83
11805
80
11935
69
12426
84
12546
84
12956
73
13287
32
24032
83
24153
85
24473
71
24593
76
24794
73
24924
32
25034
65
25404
82
25875
66
26025
73
26306
84
26586
82
26917
73
27377
32
36310
8
36560
32
46465
13
46995
8
48988
13
49169
13
49319
13
49479
13
49629
13
49779
13
49930
13
50070
13
50230
13
50400
13
50791
8
50971
8
51131
8
51292
8
51452
8
51612
8
51772
8
51923
8
52083
8
52423
8
62077
67
62167
72
62297
69
62388
32
63289
72
63399
65
63509
78
63629
78
63850
79
63980
32
64160
79
64551
80
64681
69
64871
82
65212
65
65322
84
65823
79
65993
32
68787
78
68907
69
69017
76
69157
76
69167
69
69388
32
70890
83
71030
85
71150
69
71260
32
71691
80
71821
65
72692
82
72833
84
72983
73
73113
82
73664
69
74064
8
74195
8
74906
84
75026
69
76468
32
82226
67
82356
65
82557
78
83388
67
83488
69
84049
76
84169
76
84339
65
84579
84
84960
73
85671
32
86222
77
86352
65
87153
71
87303
73
87684
67
87824
65
88014
77
88175
69
88325
78
88595
84
88735
69
88836
32
89917
68
90067
65
90198
32
90748
85
90969
78
91089
32
92521
65
92641
67
92781
81
92972
85
93142
65
93542
90
93683
90
93813
79
94724
66
95315
8
95615
78
95786
69
96417
32
98950
73
99190
78
99551
67
99771
82
99902
69
00252
68
00372
73
00813
66
00973
73
01223
76
02085
69
02245
32
02485
65
02635
32
02836
16
03016
80
03356
69
03467
82
03887
85
04258
71
04558
73
04708
65
08053
32
09505
67
09625
79
09896
78
10036
32
11048
76
11158
222
11348
32
12099
73
12329
78
12790
67
12920
82
13090
69
13261
68
13641
73
14072
66
14202
73
14462
76
14573
69
14943
32
16075
80
16205
65
16475
83
16596
83
16796
65
17397
71
17517
71
17667
73
17847
79
18008
32
18558
68
18739
73
18869
32
19339
67
19480
79
19760
78
20061
83
20321
69
20792
71
21112
78
21242
69
21422
32
22093
84
22264
82
22394
65
22504
32
22905
16
23045
74
23255
85
23816
86
23946
69
24096
78
24367
84
24497
73
24837
8
25118
85
25298
83
26810
32
27481
69
27641
32
27882
16
28382
16
28413
16
28443
16
28473
16
28503
16
28543
16
28553
76
28943
65
29614
90
29835
73
30085
79
38958
32
47129
69
47240
32
49483
83
49623
85
50084
66
50204
69
50494
78
50785
68
51115
79
51305
32
54991
80
55101
65
55381
82
55532
79
55692
76
55822
69
55982
32
58976
69
59097
32
59417
65
59808
67
59968
67
60138
85
60328
83
60589
69
60759
32
62582
68
62682
65
62882
32
63954
85
64284
78
64544
32
66047
85
66127
79
66798
77
67228
79
70032
8
70203
8
70383
8
70823
8
71024
8
71645
65
71765
32
72085
83
72326
81
72486
85
72656
65
73107
68
73317
82
73457
65
74329
188
74479
32
74749
76
74869
65
75020
32
75260
16
75610
82
75971
79
76191
77
76311
65
77463
188
77623
32
77914
67
78054
72
78194
69
78344
32
79176
65
79336
76
79466
76
79596
65
79726
32
80107
70
80217
73
80467
78
80638
69
80658
82
81869
8
82010
32
86065
8
86827
188
86977
32
87698
80
87938
85
88269
82
88409
84
88559
82
88759
79
89070
80
89220
80
89410
79
89931
188
90131
32
90752
72
90872
65
91023
32
91433
86
91553
73
91824
78
92104
84
92224
79
92384
32
92535
73
92755
76
92895
32
93446
67
93576
65
93787
77
94097
80
94327
73
94488
79
94758
78
94898
65
95269
84
95479
79
98674
190
99134
16
99495
32
99665
16
99875
81
00246
85
00366
69
00716
83
00827
84
01197
222
01417
32
01568
65
01808
78
01948
78
02189
79
02539
32
03300
80
03430
79
03641
83
03761
83
03921
79
04071
32
04552
68
04672
73
04943
82
05143
69
06505
32
08007
16
08498
16
08528
16
08558
16
08588
16
08608
222
09259
32
10320
16
10561
70
10901
73
11141
78
11262
65
11402
76
11692
77
11802
69
11933
78
12173
84
12313
69
12764
16
13184
49
13515
32
14526
16
14797
69
15047
82
15197
65
15458
32
15758
79
16129
82
16289
65
16699
188
16870
32
17170
68
17300
79
17511
80
17701
79
17841
32
19774
50
19914
32
20144
65
20315
78
20455
78
20785
73
21196
32
32011
80
32142
65
32382
83
32502
83
32712
65
33303
84
33574
73
33804
32
34365
16
34856
16
34886
16
34926
16
34956
16
34986
16
35016
16
35046
16
35076
16
35106
16
35146
16
35176
16
35206
16
35236
16
35266
16
35296
16
35326
16
35356
16
35396
16
35426
16
35456
16
35486
16
35517
16
35547
16
35577
16
35607
16
35647
16
35677
16
35707
16
35737
16
35767
16
35797
16
35827
16
35857
16
35897
16
35927
16
35957
16
35987
16
36017
16
36047
16
36087
16
36117
16
36147
16
36177
16
36208
16
36238
16
36268
16
36298
16
36338
16
36368
16
36398
16
36428
16
36458
16
36488
16
36518
16
36548
16
36588
16
36618
16
36648
16
36678
16
36708
16
36738
16
36768
16
36808
16
36838
16
36868
16
36899
16
36929
16
36959
16
36989
16
37019
16
37059
16
37089
16
37119
16
37149
16
37179
16
37940
222
38110
32
38951
68
39102
65
39472
76
39612
76
39853
222
40033
32
40203
65
41235
8
42226
65
42416
76
42797
84
42957
82
43097
65
43408
32
44910
8
45100
8
45271
8
45421
8
45571
8
45721
8
45871
8
46012
8
46152
8
46302
8
46462
8
46643
8
47454
192
47694
32
48766
68
48876
65
49216
76
49336
76
49707
222
49857
32
50017
65
50718
76
51089
84
51249
82
51379
65
51520
32
51880
80
52000
65
52421
82
52581
84
52711
69
53332
192
53492
32
58810
188
59471
32
60362
79
60713
82
60853
65
60993
32
61514
83
61664
73
61814
65
61924
77
62195
79
62385
32
62946
78
63226
79
63387
73
63737
32
64108
65
64248
32
64739
71
64889
79
65279
68
65410
69
65600
82
65730
69
66391
32
66802
69
66952
32
67603
73
67733
32
67933
78
68173
79
68494
83
68614
84
68784
82
69135
73
69265
32
69395
65
69646
86
69786
86
69916
69
70136
82
70307
83
70497
65
70807
82
71158
73
71288
32
71428
65
71558
32
71849
83
71989
79
72640
70
72780
70
72950
82
73291
73
73581
82
73711
69
73842
32
74032
69
74192
32
74703
65
74843
32
75664
86
75674
67
75804
72
76205
8
76355
8
76556
8
77387
67
77527
72
77827
73
77958
69
78168
68
78298
69
78428
82
78749
83
79009
73
79189
32
82063
84
82214
85
82364
84
82474
84
82614
73
82764
32
83305
73
83445
32
83726
80
83866
69
84146
82
84287
67
84447
72
85619
222
85729
69
85869
32
87241
80
87371
79
87762
83
87912
83
88052
73
88493
66
88643
73
88863
76
89074
73
89214
32
89394
69
89544
32
89795
73
90035
77
90155
77
90305
65
90806
71
90956
73
91227
78
91367
65
91817
66
91958
73
92208
76
92448
73
93470
32
94111
69
94241
32
94471
65
94591
32
94842
82
94962
73
95583
70
95713
76
95873
69
96094
84
96224
84
96344
69
96464
82
96594
69
96735
32
97155
83
97355
85
97526
32
99008
79
99448
71
99619
78
99869
73
00019
32
00200
83
00350
73
00650
78
01161
71
01311
79
01541
76
01662
65
01792
32
02052
80
02202
65
02823
82
02953
84
03254
73
03494
84
03634
65
04776
32
05467
73
05707
78
05828
32
06238
67
06408
85
06609
73
06749
32
07530
72
07640
65
07770
78
07901
78
08191
79
08662
32
09473
80
09613
69
09883
82
10044
83
10645
79
10935
32
11586
80
12057
85
12347
78
12577
84
12778
73
13489
16
13979
16
14009
16
14039
16
14079
16
14110
16
14140
16
14170
16
14200
16
14230
16
14260
16
14290
16
14310
222
15502
8
16443
73
17074
8
17655
73
17985
16
18436
49
19197
49
19547
222
19888
32
