34280
79
34440
82
34510
65
34641
32
34831
83
34941
80
35862
8
36293
79
36513
78
36583
79
36693
32
36974
83
37094
69
37665
68
37755
85
37975
84
38075
79
38166
32
38326
65
38416
76
38536
76
38656
65
38756
32
39257
77
39307
73
39477
65
39598
32
39758
83
40118
67
40369
82
40449
73
40759
86
40839
65
41030
78
41110
73
41280
65
41440
32
41991
69
42071
32
42322
83
42382
79
42582
78
42652
79
42742
32
43924
17
43924
16
44264
37
44425
37
44995
39
45506
8
45646
8
45787
8
45927
8
46077
8
46227
8
46387
8
46538
8
47309
190
47569
13
47940
16
48050
83
48651
79
48811
78
48861
79
48931
32
51775
65
51985
84
52126
84
52206
79
52326
82
52656
78
52717
73
52997
65
53167
84
53297
79
53408
32
53858
68
53888
65
54008
32
54599
84
54689
85
54810
84
54950
84
55040
69
55200
32
55350
76
55430
69
55531
32
55701
77
55761
73
55961
69
56061
32
58945
67
59006
79
59146
83
59266
69
59907
190
62250
8
62841
16
62881
188
63472
8
64073
190
64353
13
64944
16
65235
68
65445
73
65525
32
65725
70
65936
82
66036
79
66246
78
66436
84
66506
69
66607
32
67107
72
67137
79
67197
32
67438
73
67758
8
68469
73
68589
76
68649
32
68900
77
68970
73
69090
79
69210
32
70182
70
70222
73
70292
78
70432
79
72475
32
72595
16
72825
56
72866
57
73587
8
74388
79
74448
32
77082
70
77132
79
77302
82
77442
83
77532
69
77692
32
78013
73
78063
78
78654
70
78714
73
79084
68
79205
79
79405
16
79525
219
79926
16
80396
16
80426
16
80456
16
80486
16
80506
57
81618
32
82880
16
83351
16
83381
16
83421
16
83431
80
83651
69
83771
82
84042
83
84132
79
84312
78
84412
65
84532
76
84622
32
84853
16
84913
67
85594
79
85734
77
85874
80
86105
85
86365
84
86435
69
86575
82
86695
32
99013
69
99173
32
99995
84
00075
85
00205
84
00345
84
00385
79
00475
32
00696
73
00766
76
00816
32
02047
80
02218
73
02318
65
02498
78
02598
79
02678
32
04110
68
04171
69
04281
76
04391
76
04521
65
04541
32
04892
83
05232
67
05502
82
06484
73
06704
86
06764
65
07185
78
07235
73
07385
65
07495
32
08056
186
08106
32
08367
68
08497
73
08647
83
08817
83
08867
69
09068
77
09188
73
09368
78
09468
65
09598
84
09718
79
09799
32
09969
68
10039
73
10089
32
13494
76
13554
73
13884
66
14105
82
14165
73
15907
188
15967
32
17620
65
18261
8
18491
70
18671
79
18992
71
19052
76
19112
73
19302
79
19382
32
19613
68
19673
73
19723
32
20053
65
20274
80
20384
80
20624
85
20754
78
20915
84
21045
73
21155
32
21385
69
21455
32
22777
67
22827
65
23188
82
23448
84
23488
65
23799
67
23929
67
23959
69
24820
190
25301
13
38991
16
39101
83
39361
84
39471
79
39541
32
39882
77
39942
69
40363
68
40463
73
40713
84
40823
65
40973
78
41164
68
41254
79
41324
32
43367
68
43407
73
43467
32
43798
65
43888
76
44128
90
44308
65
44559
82
44789
77
44859
73
44929
32
45179
69
45320
68
45420
32
45710
65
45810
78
46261
68
46321
65
46551
82
46632
69
46762
32
46922
65
47012
32
47653
80
47853
82
47883
69
48054
78
48174
68
48344
69
48554
82
48604
69
48765
32
49205
85
49235
78
49335
32
49516
67
49576
65
49746
70
49886
70
49976
69
50407
8
50758
186
50838
32
51869
80
51919
69
52009
82
52200
32
55584
78
55675
79
55765
78
55805
32
55965
65
56446
70
56586
70
56636
65
56806
84
56936
73
57127
67
57187
65
57738
82
57798
69
57978
32
58148
85
58318
76
58459
84
58529
69
58719
82
58929
73
59069
79
59290
82
59570
77
59801
69
59971
78
60151
84
60261
69
60391
32
60572
76
60622
65
60712
32
63596
77
63606
73
63726
65
63826
32
65959
86
66029
73
66160
83
66330
84
66380
65
67141
32
67872
8
68443
32
68723
71
68864
73
69434
191
69755
8
69995
222
70185
32
70796
80
70937
82
71087
79
71397
86
71437
65
71658
84
71738
65
71858
32
72018
68
72118
65
72208
32
75103
84
75163
82
75343
79
75473
80
75613
80
75723
69
75834
32
76014
79
76284
82
76354
69
76505
32
76625
68
76685
73
76785
32
77135
76
77186
65
77716
86
77766
79
77947
82
77997
79
79689
190
81331
13
81622
16
82093
16
82123
16
82153
16
82183
16
82223
16
82253
16
82283
16
82313
16
82343
16
82383
16
82413
16
82443
16
82473
16
82503
16
82543
16
82573
16
82603
16
82633
16
82663
16
82703
16
82733
16
82764
16
82794
16
82824
16
82854
16
82894
16
82924
16
82954
16
82984
16
83014
16
83054
16
83084
16
83114
16
83144
16
83174
16
83214
16
83244
16
83274
16
83304
16
83334
16
83374
16
83404
16
83434
16
83465
16
83495
16
83525
16
83565
16
83595
16
83625
16
83655
16
83685
16
83725
16
83755
16
83785
16
83815
16
83845
16
83885
16
83915
16
83945
16
83975
16
84005
16
84045
16
84075
16
84105
16
84136
16
84166
16
84206
16
84236
16
84266
16
84296
16
84326
16
84356
16
84396
16
84426
16
84456
16
84486
16
84516
16
84556
16
84586
16
84616
16
84646
16
84676
16
84716
16
84746
16
84776
16
84806
16
84837
16
84877
16
84907
16
84937
16
84967
16
84997
16
85037
16
85067
16
85097
16
85127
16
85157
16
85187
16
85227
16
85257
16
85287
16
85317
16
85347
16
85387
16
85417
16
85437
67
85778
82
85818
69
86098
68
86379
79
86479
32
86609
80
86809
82
86899
79
87170
80
87330
82
87500
73
87570
79
87691
32
88632
8
89103
8
89133
8
89163
8
89193
8
89233
8
89263
8
89293
8
89453
8
89613
8
89764
8
89924
8
90094
8
90384
8
90695
8
92107
32
92257
16
92377
83
93008
73
95292
8
95442
8
95602
8
95862
16
95912
83
96443
73
96934
188
96974
32
97425
67
97645
82
97695
69
97895
68
98005
79
98246
32
98406
80
98606
82
98706
79
98997
80
99267
82
99357
73
99448
79
99558
32
99668
67
99748
72
99868
69
99918
32
04064
65
04184
68
04274
69
04485
83
04615
83
04695
79
04785
32
05937
83
06157
77
06207
69
06408
84
06548
84
06618
69
06778
82
07569
192
07619
32
07910
80
08060
69
08130
82
08230
32
08751
65
08801
76
09031
77
09121
69
09642
17
09732
37
10313
39
10513
39
10684
17
10804
39
11275
8
11405
8
11555
8
11705
8
11855
8
12006
8
12156
8
12486
8
13027
68
13077
73
13157
32
14189
17
14189
16
14479
37
14649
37
15831
77
15861
73
15941
32
16182
65
16322
76
16682
90
17043
69
17243
82
18154
192
18174
32
18355
68
18415
65
21199
32
21529
81
21609
85
21679
69
21860
83
21970
84
22050
65
22180
32
22391
83
22641
84
22641
69
23182
71
23903
71
24063
73
24143
79
24303
76
24443
65
24534
32
24764
80
24844
69
24944
82
25044
32
25305
65
25465
76
25745
77
25805
69
25936
78
26046
79
26136
32
27117
85
27177
78
27328
65
27438
32
27608
68
27788
69
28029
67
28239
73
28369
78
28509
65
28730
68
28850
73
28960
32
29240
8
29381
8
29511
8
29581
32
29961
68
30032
73
30122
32
30282
77
30352
73
30592
78
30733
85
31133
84
31273
73
33937
190
34067
190
34208
190
34298
32
35089
73
35129
78
35489
70
35549
79
35700
78
35890
68
35980
79
36060
32
38914
78
38954
79
39064
78
39145
32
44622
8
44763
8
44913
8
45053
8
45784
65
45854
32
45994
77
46095
69
46195
78
46415
84
46495
69
46605
32
48208
16
48248
17
48718
17
48748
17
48778
17
48969
8
49109
8
49259
8
49409
8
49550
8
49700
8
49860
8
50140
8
52814
85
52864
78
52954
65
53045
32
53185
80
53385
73
53766
67
53886
67
53956
79
54116
76
54216
65
54316
32
54697
80
54777
65
55488
85
55658
83
55738
65
55939
32
56119
78
56229
79
56339
78
56379
32
57371
80
