57581
85
58372
192
58412
32
58573
70
58643
65
58803
82
58883
69
59003
32
59133
67
59233
72
59344
69
59414
32
60045
66
60095
69
60275
78
60375
69
62488
190
66544
13
70039
16
70510
16
70540
16
70570
16
70610
16
70640
16
70670
16
70700
16
70730
16
70760
16
70800
16
70830
16
70860
16
70890
16
70920
65
71291
78
71431
90
71561
73
73304
8
73444
8
73604
8
73764
8
74055
16
74515
65
74706
67
74846
67
74936
73
75036
68
75106
69
75307
78
75507
84
75607
73
78631
16
78711
49
79683
8
80093
190
80224
190
80354
32
80624
79
81035
8
81165
8
81345
8
81806
8
83498
190
83629
190
84189
190
85391
32
87164
79
87354
82
87404
65
87514
32
88405
67
88506
72
88616
69
88726
32
88916
77
89006
73
89096
32
89958
86
90038
73
90178
69
90278
78
90398
69
90498
32
90749
73
90839
78
90919
32
91219
77
91270
69
91490
78
91730
84
91971
73
92021
32
92591
8
92712
8
92772
69
92932
32
93543
65
93923
86
94154
82
94214
69
94404
73
94434
32
94895
68
94955
79
96267
16
96357
17
96477
37
96657
37
96838
37
97018
37
97178
37
97348
37
97519
37
97709
37
98380
77
98460
73
98480
32
98730
83
98810
79
98971
78
99071
79
99141
32
99431
68
99511
73
99942
77
00032
69
00112
78
00232
84
00363
73
00563
67
00613
65
00793
84
00883
79
00963
32
01304
67
01424
72
01524
69
01604
32
02255
79
02476
71
02596
71
02696
73
02776
32
02936
65
03187
86
03437
82
03487
69
03717
73
03778
32
04899
68
04979
79
05310
86
05540
85
05790
84
05901
79
05981
32
06672
85
06782
83
06922
67
07032
73
07273
82
07323
69
07483
32
07893
80
08074
82
08344
79
09035
8
09305
73
09466
77
09576
65
13241
190
13892
13
22735
8
25208
8
25889
32
26200
80
26250
69
26310
82
26410
32
27161
65
27231
78
27412
68
27482
65
27682
82
27762
69
27892
32
28243
65
28293
32
28753
70
28773
65
29024
82
29054
69
29144
32
29354
76
29505
65
29575
32
29805
83
29905
80
30045
69
30356
83
30416
65
32238
16
32449
49
34011
13
34652
16
35073
80
35994
65
36214
90
36364
73
36485
69
36605
78
36855
90
37025
65
38147
188
38568
32
39339
84
39399
65
39549
78
39689
84
39819
79
39899
32
40150
73
40240
78
40310
32
40520
79
40811
71
40901
78
40941
73
41021
32
41181
67
41251
65
41432
83
41522
79
41582
32
43445
65
43655
86
44396
8
44516
8
45538
38
45908
40
46209
36
46489
17
46579
39
49674
17
51035
35
51296
36
52027
35
52267
16
52357
36
53269
16
53669
80
53819
65
54050
90
54400
73
54480
69
54571
78
54831
90
55001
65
57004
16
57084
49
57785
8
59428
188
60018
32
60169
80
60329
79
60459
83
60599
83
60689
79
60780
32
60940
83
61070
69
61210
77
61350
80
61531
82
61611
69
61721
32
62482
70
62522
65
62772
82
62913
82
63684
8
63774
69
64415
32
64705
76
64765
65
64815
32
64966
83
65126
80
65216
69
65456
83
65546
65
65677
32
66047
68
66117
79
66257
77
66398
65
66628
78
66738
73
66858
32
67679
78
67750
69
67900
76
68030
76
68431
219
68931
8
69091
8
69412
8
69572
8
69762
8
70143
68
70193
85
70373
84
70373
82
70433
65
70844
8
70964
8
71124
8
71575
82
71625
65
71715
78
71855
84
71976
69
72086
32
72256
76
72336
65
72416
32
72607
80
72687
65
73207
85
73318
83
73358
65
73518
32
73868
80
75941
82
76152
65
76352
78
76823
90
77333
79
78815
190
15388
13
22408
16
22879
16
22919
16
22949
16
22979
16
23009
16
23039
16
23079
16
23109
16
23139
16
23169
16
23199
16
23229
16
23269
16
23299
16
23329
16
23359
16
23390
16
23430
16
23460
16
23490
16
23520
16
23550
16
23590
16
23620
16
23650
16
23680
16
23710
16
23750
16
23780
16
23810
16
23840
16
23870
16
23910
16
23940
16
23970
16
24000
16
24030
16
24061
16
24101
16
24131
16
24161
16
24191
16
24221
16
24261
16
24291
16
24321
16
24351
16
24381
16
24421
16
24451
16
24481
16
24511
16
24541
16
24581
16
24611
16
24641
16
24671
16
24701
16
24731
16
24772
16
24802
16
24832
16
24862
16
24892
16
24932
16
24962
16
24992
16
25022
16
25052
16
25092
16
25122
16
25152
16
25182
16
25212
16
25252
16
25282
16
25312
16
25342
16
25372
16
25412
16
25442
16
25473
16
25503
16
25533
16
25563
16
25603
16
25633
16
25663
16
25693
16
25723
16
25763
16
25793
16
25823
16
25853
16
25883
16
25923
16
25953
16
25983
16
26013
16
26043
16
26083
16
26113
16
26143
16
26174
16
26204
16
26244
16
26274
16
26304
16
26334
16
26364
16
26394
16
26434
16
26464
16
26494
16
26524
16
26554
16
26594
16
26624
16
26654
16
26684
16
26714
16
26754
16
26784
16
26814
16
26845
16
26875
16
26915
16
26945
16
26975
16
27005
16
27035
16
27075
16
27105
16
27135
16
27165
16
27195
16
27225
16
27265
16
27295
16
27325
16
27355
16
27385
16
27425
16
27455
16
27485
16
27515
16
27546
16
27586
16
27616
16
27646
16
27676
16
27706
16
27746
16
27776
16
27806
16
27836
16
27866
16
27906
16
27936
16
27966
16
27996
16
28026
16
28056
16
28096
16
28126
16
28156
16
28186
16
28216
16
28257
16
28287
16
28317
16
28347
16
28377
16
28417
16
28447
16
28477
16
28507
16
28537
16
28577
16
28607
16
29348
38
29498
38
29669
38
29839
38
31071
40
31451
40
31631
40
31882
40
33124
8
41435
13
42006
16
42477
16
42507
16
42537
16
42567
16
42597
16
42627
16
42667
16
42697
16
42727
16
42757
16
42787
16
42827
16
42858
16
42888
16
42918
16
42948
16
42988
16
43018
16
43048
16
43078
16
43108
16
43148
16
43178
16
43208
16
43238
16
43268
16
43308
16
43338
16
43368
16
43398
16
43428
16
43458
16
43498
16
43528
16
43559
16
43589
16
43619
78
43849
79
44640
8
44760
8
44981
16
45071
65
45271
68
45391
69
45642
83
45772
83
45872
79
46002
32
46333
68
46383
69
46943
86
47024
79
47064
32
47294
80
47454
82
47564
79
47805
80
48005
82
48135
73
48265
79
48365
32
48916
65
49036
78
49167
68
49257
65
49427
82
49517
69
50228
190
50348
13
50659
16
50789
83
50989
69
51540
80
51580
69
51700
82
51820
79
51911
32
52001
68
52081
73
52141
32
52371
65
52582
86
52732
69
52872
82
52992
32
53583
82
53663
73
53773
69
53903
77
54054
80
54224
73
54474
84
54554
79
54624
32
54785
68
54845
65
55416
86
55556
86
55656
69
55896
82
56026
79
56137
32
56347
68
56447
73
56768
8
56898
8
57068
84
57238
85
57338
84
57479
84
57559
79
57659
32
57799
76
58099
73
58470
8
58750
79
58871
32
59001
83
59121
80
59241
65
59461
90
59542
73
59632
79
60032
32
60182
65
60233
32
60893
68
60954
73
61164
83
61304
80
61454
79
62806
83
62826
73
63517
90
63738
73
63818
79
63998
78
64138
69
65210
32
65290
69
65380
32
65670
83
65740
79
65931
78
66001
79
66071
32
66942
83
66992
73
67333
67
67523
85
67723
82
67823
79
67904
32
67994
68
68064
73
68144
32
68454
78
68554
79
68635
78
68695
32
69175
65
69676
86
69726
69
69936
82
70077
32
73472
16
73492
17
73752
37
75745
35
79610
83
79741
67
79961
82
80111
73
80261
84
80381
84
80482
79
80612
32
80812
65
80892
76
81233
8
81353
8
81924
78
81934
85
82204
76
82334
76
82444
65
82535
32
82645
68
82725
73
82795
32
83586
84
83636
82
83776
79
83967
80
84107
80
84217
80
85058
8
85809
79
85879
32
86000
80
86130
69
86220
82
86480
83
86590
79
86831
78
86911
65
87221
8
87852
65
87942
76
88093
69
90486
32
90576
69
90656
79
91017
8
91137
8
91387
8
92719
190
93470
13
93661
16
93751
68
93891
69
94342
8
94462
8
94732
16
94942
68
95193
69
95814
76
95934
32
96154
68
96485
8
96555
82
96615
69
97186
8
97336
8
97486
8
97636
8
97797
8
97957
8
98377
8
02453
8
03204
190
03525
32
03965
16
04396
8
04596
16
04797
73
05007
78
05287
8
05417
8
05848
16
06319
16
06359
16
06389
16
06419
16
06449
16
06479
16
06519
16
06549
16
06579
16
06609
16
06639
16
06679
16
06709
16
06739
16
06769
16
06799
16
06830
16
06870
16
06900
16
06930
16
06960
16
06980
84
07130
65
07270
78
07510
84
07591
79
07691
32
07991
77
08081
73
08652
8
08792
8
09183
83
09253
69
09714
8
09854
8
10244
8
11086
188
11136
32
11236
83
11336
69
11526
32
11727
78
11807
79
11907
78
11987
32
12488
69
12658
82
12778
82
12868
79
13189
188
13289
32
13499
78
13569
80
13569
79
13970
8
14080
8
14611
79
14751
78
14841
79
14861
32
15422
8
15622
8
15933
8
16083
8
16233
8
17034
78
17074
69
17224
76
17345
76
17505
69
17655
32
17946
82
17976
69
18276
71
18346
79
18506
76
18606
69
18727
32
18997
68
19388
69
19488
76
19568
32
20179
84
20209
69
20409
83
20529
84
20689
32
20970
78
21050
79
21160
78
21220
32
22542
67
23063
219
23233
186
23413
32
23704
78
23764
69
23954
83
24084
83
24164
85
24305
78
24425
65
24545
32
24725
80
24875
79
26117
8
26247
8
28681
8
28821
8
29232
32
29542
68
29702
73
29762
67
30033
84
30113
65
30273
84
30443
32
30594
67
30774
72
30904
69
31265
32
32446
86
32516
73
32627
69
32797
84
32927
65
33047
32
33288
76
34119
8
34710
68
34800
73
34870
32
35150
83
35351
67
35551
82
35671
73
35921
86
35991
69
36192
82
36232
69
36342
32
38175
66
38245
65
38365
78
38445
65
38725
76
38916
73
39176
84
39657
222
40838
190
41049
13
44774
38
46126
40
46607
38
47228
40
47548
40
48419
13
50382
8
50983
40
51334
8
53366
13
53817
16
54198
67
54458
73
54538
65
54638
79
54738
32
55219
8
56871
16
56932
36
58924
16
59395
16
59425
16
59455
16
59495
16
59525
16
59555
16
59585
16
59615
16
59655
16
59686
16
59716
16
59746
16
59776
16
59806
16
59846
16
59876
16
59906
16
59936
16
59966
16
60006
16
60036
16
60066
16
60096
16
60126
16
60166
16
60196
16
60226
16
60256
16
60286
16
60326
16
60356
16
60387
16
60417
16
60447
85
60667
78
60807
32
61118
71
61298
82
61398
79
61558
83
61708
83
61849
79
62530
16
62580
17
62950
37
63211
37
63962
46
64302
8
65223
13
65574
16
66045
16
66075
16
66115
16
66145
16
66175
16
66205
16
66235
16
66265
16
66305
16
66335
16
66365
16
66395
16
66425
16
66465
16
66495
16
66525
16
66555
16
66585
16
66625
16
66656
16
66686
16
66716
65
66916
76
67056
76
67176
32
67196
65
67737
8
67857
8
67957
65
68088
32
68538
80
68739
82
68819
79
68969
83
69109
83
69179
73
69339
77
69430
65
70050
190
