79371
16
79461
76
79742
69
79892
71
80002
71
80112
69
80222
78
80753
70
80933
79
81014
32
81334
8
81494
8
81634
8
82556
68
82696
79
82746
32
82946
76
83097
65
83227
32
83327
77
83557
73
83677
65
84318
8
84468
8
84869
65
85009
73
85079
76
85210
32
86251
67
86351
72
86491
69
86612
32
86752
77
86882
73
87062
32
87543
72
87703
65
87803
32
88134
73
88254
78
88544
86
88695
73
88825
65
88975
84
89085
79
89235
32
89456
72
90046
8
92300
72
92420
79
92540
32
92700
68
92841
69
93331
67
93491
73
93602
83
93712
79
93752
32
93992
68
94142
73
94223
32
94954
80
95615
65
95745
82
95835
84
95975
69
96346
67
96576
73
96756
80
96876
65
97097
82
97237
69
97868
32
98168
65
98298
76
98429
76
98899
219
99120
69
00211
83
00351
80
00441
69
00562
82
00772
73
01072
69
02004
8
03065
77
03235
69
03376
78
03506
84
03766
79
04137
188
04287
32
05739
80
05829
79
05929
73
06220
67
06410
72
08653
186
08964
32
09354
83
09484
79
09535
78
09655
79
09745
32
10456
82
10596
73
10676
77
10846
65
11017
83
11287
84
11537
79
11607
32
12419
73
12539
78
12709
67
12869
79
13701
8
14562
85
14692
82
14812
73
14932
79
15133
83
15273
73
15423
84
15713
79
15894
32
17366
68
17486
65
17686
76
17856
76
17997
69
18097
32
18427
80
18517
82
18628
69
18898
83
19970
8
20400
77
20530
69
20771
83
20901
83
21261
69
21432
190
37485
32
37955
16
38116
81
39277
85
39688
69
39908
83
40048
84
40139
79
40239
32
40980
84
41110
73
41190
80
41330
79
41400
32
41761
68
41821
73
41911
32
42422
82
42612
73
42782
67
42913
69
43063
82
43303
67
43664
72
43804
69
43894
32
44104
77
44244
73
44365
32
44565
73
44695
78
45136
84
45356
69
45656
82
46017
69
46357
83
46518
83
46728
65
46878
78
47058
79
47239
32
47399
73
47599
76
47749
32
47880
77
47990
79
48370
8
48511
8
48661
8
48801
8
49472
78
49592
32
49893
77
50153
79
50483
68
50604
79
50674
32
51044
80
51725
65
51795
82
51905
84
52006
73
52196
67
52346
79
52556
76
52707
65
52927
82
53067
69
53418
188
53498
32
54679
80
54800
73
55661
191
55961
32
56122
67
56212
72
56352
69
56452
32
56622
65
56762
76
56983
82
57033
84
57584
8
57714
8
58295
84
58395
82
58505
79
58595
32
59116
68
59236
65
59416
32
59566
85
59687
78
59777
32
60027
80
60127
79
60698
8
61299
85
61389
78
61559
84
61710
79
61800
32
61960
68
62090
73
62180
32
62951
86
63102
73
63262
83
63402
84
63572
65
63712
32
64654
70
64794
73
65916
76
66096
79
66316
83
66396
79
67177
70
67378
73
67498
67
67688
79
67969
190
68179
32
68529
16
68820
84
68960
82
69100
69
69331
32
69711
65
69881
78
70052
78
70152
73
70292
32
70973
68
71133
73
71173
32
71474
84
71604
69
71974
79
72165
76
72335
79
72485
71
72625
73
72805
65
73226
32
73486
83
73687
69
73887
71
74027
78
74157
65
74238
32
74448
73
74498
76
74668
32
74878
8
75039
8
75189
8
75349
8
76010
78
76160
79
76240
32
76381
73
76481
76
76581
32
76851
67
76982
65
77082
82
77222
65
77322
84
77432
69
77973
8
78113
8
78984
84
79125
84
79265
69
79375
82
79465
69
79675
32
80016
69
80176
32
80356
71
80436
76
80537
73
80587
32
80767
73
80877
78
81147
84
81268
69
81548
82
81688
69
81939
83
82109
83
82249
73
84262
32
84452
73
84532
78
84622
32
84813
77
84893
79
85123
68
85253
79
85384
32
86215
80
86565
65
86695
82
86846
84
87216
8
87366
8
87547
8
88087
8
88949
83
89109
73
89199
71
89319
78
89399
73
89630
70
89750
73
89910
67
90120
65
90561
84
90711
73
91102
86
91232
79
91542
190
91713
32
92334
16
92474
76
92694
65
92834
32
92964
80
93065
79
93515
83
93686
83
93836
73
94567
66
94677
73
94827
76
94927
73
95198
84
95728
222
95909
32
96019
68
96159
73
96199
32
96760
82
96940
73
97100
67
97191
79
97371
78
97501
79
97731
83
97852
67
98883
69
99103
82
99223
69
99424
32
99794
85
99945
78
00055
32
00736
85
00976
84
01096
69
01216
78
01367
84
01467
69
01597
32
02118
83
02288
65
02729
8
02889
8
03049
8
03860
188
03950
32
05132
67
05242
79
05362
78
05563
83
05793
73
06033
68
06314
69
06784
82
07085
65
07215
78
07315
68
07856
79
08016
32
08156
73
08256
76
08357
32
08597
83
08747
85
08887
79
08998
32
09308
77
09819
79
09969
68
10099
79
10159
32
10420
68
10500
73
10590
32
11091
83
11211
67
11541
82
11711
73
11912
86
12493
69
12723
82
12803
69
14375
188
14475
32
16659
77
16809
73
17019
32
17059
83
17940
69
18932
77
19132
66
19352
82
19473
65
19623
32
19833
80
20003
79
20234
83
20404
83
20554
79
20945
8
21085
65
21235
32
22066
80
22146
82
22267
69
22877
76
22998
85
23348
68
23639
69
23859
82
23969
69
24370
32
24981
65
25101
68
25281
32
25381
85
25511
78
25912
32
26202
81
26352
85
26393
65
26543
76
26663
67
26803
72
26883
69
26993
32
27845
70
27945
79
28065
82
28345
77
28626
65
28866
32
29407
68
29497
73
29587
32
31240
67
31380
79
31870
77
32071
80
32321
82
32411
69
32682
83
32832
73
32962
79
33092
78
33222
69
33363
32
33773
8
34414
188
34454
32
35085
65
35996
8
36167
8
36397
8
36918
32
37358
65
37529
78
37889
8
38059
8
38220
8
38951
188
39051
32
39271
65
39471
78
39612
67
39762
72
39842
69
39962
32
40383
83
40593
69
40733
32
40883
82
41004
79
41234
67
41644
8
41805
90
41995
90
42185
65
42325
32
42496
69
42606
32
42746
77
42886
69
43437
67
43627
67
43898
65
44068
78
44188
73
44408
67
44679
65
46021
188
46151
32
46351
68
46461
65
46632
32
46752
80
46932
65
47223
82
47283
84
47423
69
47583
32
47793
68
48034
69
48164
76
48254
32
48645
67
48915
79
49105
77
49295
80
50037
85
50567
84
50667
69
50808
82
51459
188
51639
32
51829
68
51929
69
52200
76
52370
76
52440
65
52550
32
52750
77
53211
69
53411
78
53522
84
53672
69
54213
32
54443
85
54743
77
54894
65
54974
78
55104
65
55404
188
55585
32
55975
8
56125
8
56826
190
57037
32
58719
16
58959
80
59330
85
60401
192
60692
32
60992
69
61143
83
61313
83
61503
82
61613
69
61864
32
62314
8
62454
8
62615
8
62785
69
63185
82
63326
69
63856
32
64057
76
64297
219
64618
73
64738
78
65158
67
65258
73
65449
80
65629
73
65799
84
67361
16
67502
190
67672
32
72479
83
72609
73
72689
32
72899
73
73050
78
73861
73
74011
90
74091
73
74231
65
74331
32
74642
67
74842
79
74952
78
75063
32
75473
8
75623
8
76525
78
76685
32
76805
73
76955
76
77035
32
77316
82
77486
73
77686
67
77827
79
78017
78
78117
79
78387
83
78518
67
78798
69
79018
82
79098
69
79269
32
79489
76
79679
79
79739
32
80180
83
80450
84
80580
73
80701
76
80821
69
80961
32
81852
68
81982
69
82163
76
82343
76
82483
69
82623
32
82974
8
83124
8
83284
65
83415
32
83985
83
84126
67
84366
82
84546
73
84736
84
84927
84
85067
85
85207
82
85548
65
85868
32
86068
80
86179
69
86249
82
86339
32
86559
80
86709
79
86849
73
86990
32
87480
65
87781
82
87931
82
88081
73
88302
86
88422
65
88542
82
88782
32
89463
8
89613
69
89784
32
91556
65
91696
76
91837
76
91957
65
91997
32
92237
67
92377
79
92478
77
93118
80
93369
82
93479
69
93699
78
93920
83
94060
73
94110
79
94260
78
94440
69
94541
32
99988
68
00079
69
00299
83
00399
76
00509
32
01130
83
01300
73
01601
71
01761
78
01851
73
02091
70
02262
73
02422
67
02652
65
02782
84
02903
79
03884
32
04064
68
04204
73
04244
32
04725
81
04865
85
04976
65
05116
78
05777
84
05817
79
05947
32
06067
82
06227
73
06418
67
06628
79
07059
78
07259
79
07479
83
07599
67
07850
73
07960
85
08170
84
08260
79
09682
190
09903
32
13308
16
13668
65
14049
68
14219
32
14589
79
14740
71
14860
78
15170
73
15340
32
15871
77
16021
79
16242
68
16312
79
16402
32
16532
67
16893
8
17213
65
17383
78
17544
67
17614
72
17734
69
17824
32
18165
83
18295
79
18485
76
18605
79
18745
32
18916
73
19016
76
19176
65
19476
8
19637
8
19777
8
20137
76
20288
65
20408
32
21049
81
21189
85
21489
69
21690
83
21840
84
22090
73
22220
79
22431
78
22541
69
22661
32
22811
68
22961
69
23122
76
23282
76
23402
65
23542
32
24594
83
24694
73
24844
67
25034
85
25205
82
25315
69
25655
90
25846
90
26016
65
26346
32
28179
186
28449
32
29851
80
29982
73
30212
85
30502
84
30672
84
30803
79
32175
83
32315
84
32415
79
32515
32
32735
73
32806
78
33467
84
33607
69
33727
82
33807
69
34047
83
34208
83
34378
65
34508
78
34758
84
34879
69
38384
188
38504
32
39535
186
39806
32
40226
68
40356
73
40507
70
40677
70
40797
73
40927
67
41087
73
41158
76
41308
69
41448
32
41809
80
41879
69
41969
82
42059
32
42700
85
42780
78
43461
32
44242
8
44372
65
44542
32
44733
80
44873
69
44963
82
45223
83
45564
79
45774
78
45894
65
46025
32
46756
73
46956
77
47116
73
47216
84
47517
65
47667
82
47747
69
47877
32
48859
66
49009
69
49159
78
49249
69
49299
32
49540
76
49720
79
49860
32
50291
83
50511
84
50661
73
50771
76
50952
69
51352
188
51502
32
51923
8
52063
8
52534
32
52754
68
52814
73
52894
32
53115
85
53205
78
53575
219
53986
65
54116
76
54306
84
54407
82
54847
65
55038
188
55208
32
55538
8
55688
8
56309
190
56500
32
56620
16
56730
76
56900
65
56990
32
58513
80
58653
85
58903
78
59103
84
59254
69
59524
71
59694
71
59814
73
59965
65
60135
84
60335
85
60485
82
60716
65
60926
77
61056
32
61487
8
61627
8
62058
188
62178
32
62368
76
62578
65
62699
32
63249
67
63329
73
63440
78
63530
83
63730
69
63990
67
64161
85
64361
84
64511
73
64591
79
65012
32
65322
84
65453
69
66053
8
66214
8
66544
8
66724
8
66885
8
67045
8
67205
8
67385
8
67546
8
67696
8
67866
8
68036
8
68757
79
68857
78
69038
83
69198
69
69528
67
69709
85
69959
84
70109
73
70149
79
70289
32
70780
84
70900
69
71661
77
71972
80
72182
85
72973
8
73454
79
74275
82
74425
85
74616
77
74846
188
74976
32
75307
76
75447
65
75507
32
75707
83
75908
73
75988
78
76178
84
76458
65
76699
83
76859
83
76959
73
77059
32
78051
69
78541
32
78722
71
78882
76
79002
73
79122
32
79553
69
79883
82
80064
82
80204
79
80354
82
80494
73
80534
32
81776
85
81846
83
81996
85
82137
83
82347
65
82477
76
82577
73
82677
32
83128
67
83288
79
83468
77
83629
77
83669
69
83869
83
84019
83
84089
73
85571
32
85932
83
86072
79
86152
78
86323
79
86403
32
88045
86
88355
69
88466
82
88766
65
88936
77
89587
69
89747
78
89878
84
90138
69
90639
32
90819
73
91099
82
91260
82
91490
69
92141
8
92431
73
92742
80
93062
69
93833
84
94004
73
94274
66
94424
73
94564
76
94755
73
31638
190
