80351
40
80592
40
80982
38
81313
40
86080
83
86270
67
86530
82
86701
73
86841
86
86961
79
87031
32
87592
81
87742
85
87952
69
88073
76
88193
76
88363
79
88403
32
88543
67
88633
72
88733
69
88844
32
88994
86
89094
79
89274
71
89354
76
89525
73
89695
79
90025
13
91227
68
91417
85
91538
67
91728
78
92038
81
92208
85
92369
69
92489
32
92629
83
92799
79
92980
78
93250
8
93430
8
93590
8
93731
8
93881
8
94031
8
94181
8
94342
8
94512
8
95313
85
95874
8
96064
78
96775
81
96915
85
97106
69
97226
32
97386
78
97596
79
97787
78
97897
32
98007
83
98107
79
98578
8
98728
8
98868
8
99028
8
99179
8
99319
8
99449
83
99549
79
99729
78
99920
79
99980
32
00110
83
00400
8
00540
76
00761
73
01081
66
01292
69
01452
82
01542
79
02824
188
02904
32
04025
68
04136
73
04216
32
04406
83
04576
67
04777
82
04917
73
05007
86
05668
8
06169
8
07200
73
07350
86
07561
69
07691
82
07831
69
07951
32
08051
81
08212
85
08292
69
08432
76
08542
76
08752
79
08842
32
08923
67
09033
72
09133
69
09243
32
09533
86
09624
79
09764
71
09864
76
10024
73
10224
79
10264
32
10485
67
10635
79
10855
77
11116
80
11306
82
11566
69
11797
83
11957
73
12057
32
12237
69
12578
82
12698
82
12838
79
13018
82
13159
73
13249
32
13499
68
13639
73
13739
32
14300
66
14501
65
14761
84
14871
84
15011
73
15212
84
15352
85
15662
82
15863
65
16033
190
16243
32
17855
85
17945
65
18026
85
18256
190
20018
32
21721
16
21911
77
22152
65
22362
32
22782
83
22913
73
23003
65
23123
77
23313
79
23353
32
23503
68
23584
65
24044
86
24174
86
24375
69
24535
82
24575
79
25136
32
25456
76
25657
73
25997
66
26247
69
26378
82
26478
73
26648
16
26708
189
27319
8
27760
16
28030
191
29612
32
31295
86
31395
79
31525
71
31595
76
31755
73
31946
79
32126
32
32296
68
32396
73
32496
82
32647
69
32847
190
32987
190
33127
190
34029
32
34159
81
35200
85
35411
69
35531
76
35661
76
35841
79
35881
32
36011
67
36102
72
36192
69
36282
32
36392
83
36642
84
36833
79
36903
32
37043
83
37193
67
37383
82
37534
73
37674
86
37894
69
38014
78
38235
68
38315
79
38375
32
38535
78
38725
79
38886
78
38966
32
39927
222
40037
69
40157
32
40868
70
40989
79
41079
82
41269
83
41449
69
41569
32
41720
76
42841
65
42961
32
43272
83
43382
79
43532
76
43652
65
43783
32
43923
67
44073
79
44263
83
44363
65
44614
32
44744
67
44864
72
44944
69
45135
32
45315
65
45555
86
45735
82
45886
69
46076
73
46166
32
46396
80
46687
79
47017
84
47198
85
47338
84
47488
79
47558
32
48129
83
48299
67
48479
82
48620
73
48740
86
48920
69
49060
82
49200
69
49311
32
49461
73
49641
78
49751
32
49841
81
49952
85
50042
69
50182
76
50472
8
50582
83
50823
84
50983
79
51093
32
51344
77
51574
79
51754
77
51904
69
52025
78
52145
84
52285
79
52766
16
53006
191
53276
32
60537
13
60877
16
60977
78
61238
79
61408
78
61498
32
61628
83
61708
76
62229
8
62389
8
62550
76
62720
79
62790
32
62970
83
63090
65
63291
80
63591
82
63651
69
63922
77
64132
79
64232
32
64392
77
64593
65
64763
73
65424
190
65534
32
65734
16
65884
73
66085
78
66375
70
66535
65
66796
84
66906
84
67076
73
67136
32
67337
78
67557
79
67757
78
67877
32
68007
67
68098
73
68178
32
68799
222
69009
69
69219
32
69780
68
69850
65
70321
84
70521
65
70641
32
70741
76
70902
65
70992
32
71132
80
71292
79
71402
83
71523
83
71713
73
71953
66
72043
73
72234
76
72414
73
72634
84
73075
222
73565
65
73676
32
73916
68
74016
73
74106
32
75829
84
76670
8
78463
85
78633
83
78713
65
79073
82
79123
69
79294
32
79504
85
79684
78
79784
32
80616
81
80966
85
81176
73
81537
67
81707
75
81948
76
82128
79
82338
65
82618
68
82879
32
83340
69
83460
32
84251
8
84381
8
84531
8
84681
8
84842
8
85002
8
85152
8
85402
83
85473
65
86003
86
86194
69
86314
32
86674
69
86774
32
86915
85
87075
78
87155
32
87465
81
87736
85
87916
73
88197
67
88367
75
88597
76
88777
79
88968
65
89208
68
89328
32
89458
80
89579
69
89709
82
89889
32
90249
82
90400
73
90610
80
90740
82
90860
79
91381
86
91561
65
91782
82
91842
69
92122
32
92292
69
92373
32
98221
8
98712
8
98752
8
98782
8
98822
8
98842
8
98882
8
98902
8
98942
8
98962
8
99002
8
99042
8
99062
8
99092
8
99132
8
99162
8
99192
8
99222
8
99252
8
99292
8
99312
8
99353
8
99373
8
99413
8
99433
8
99473
8
99503
8
99533
8
99573
8
99593
8
99633
8
99653
8
99693
8
99713
8
99753
8
99783
8
99813
8
99843
8
99883
8
99903
8
99943
8
99963
8
00003
8
00034
8
00064
8
00094
8
00114
8
00164
8
00194
8
00214
8
00254
8
00384
8
01205
73
01275
32
01375
83
01436
65
01546
76
01846
86
02036
65
02247
82
02287
69
02467
32
02687
76
02898
79
02948
32
03308
83
03569
84
03749
65
03979
84
04159
79
04230
32
04820
68
04971
69
05081
76
05151
32
05321
77
05511
79
05682
78
05822
68
05912
79
05972
32
06222
69
06303
32
06603
82
06733
73
06873
67
07034
65
07234
82
07614
73
07765
67
07925
65
08145
82
08406
76
08576
79
08646
32
08776
65
08846
32
08996
80
09217
73
09327
65
09477
67
09868
73
10038
77
10138
69
10248
78
10338
84
10459
79
10519
32
10649
80
10709
69
10839
82
10929
32
12682
86
12892
69
13042
68
13243
69
13393
82
13533
69
13643
32
14514
86
14735
69
14875
82
15075
83
15165
73
15326
79
15526
78
15726
73
15816
32
16057
65
16147
76
16347
84
16758
69
16938
82
17098
78
17248
65
17489
84
17639
73
18029
86
18260
69
18420
32
18630
68
18831
69
18981
76
19101
76
19532
69
19642
32
19832
78
20052
79
20183
83
20403
84
20543
82
20703
69
20863
32
21044
71
21214
73
21394
79
21575
82
21675
78
21785
65
22045
84
22266
69
22396
190
24218
32
33452
8
34133
13
34603
16
34743
67
35034
73
35284
79
36296
222
36406
69
36536
32
36887
78
37097
79
37277
78
37357
32
37487
77
37678
73
37718
32
37908
67
37988
72
38158
73
38299
65
38379
77
38559
79
38629
32
38769
77
38949
73
39250
67
39540
65
39671
32
39991
16
40091
67
40392
82
40532
65
40722
73
41073
71
41183
32
41323
16
41443
68
41603
65
41794
86
41904
73
42024
68
42424
16
42465
49
43326
13
45118
13
45519
65
45669
78
45719
67
45859
72
45920
69
46030
32
46170
83
46350
69
46470
32
46600
67
46711
73
46791
32
47051
86
47211
65
47342
68
47472
79
47552
32
47792
86
47902
73
48013
67
48343
73
48543
78
48734
79
48754
73
48914
190
49044
190
49274
8
49425
8
49555
8
49745
190
49895
190
50035
190
53831
13
54031
16
54262
57
54892
83
54983
79
55213
66
55453
16
55633
48
