73305
32
73571
76
73689
97
73786
32
74006
109
74158
97
74313
110
74552
105
74872
102
75484
101
75687
115
75817
116
75969
97
76318
122
76520
105
76670
111
76862
110
76978
101
77064
32
77220
100
77374
105
77489
32
77660
109
77804
97
78033
114
78166
116
78498
101
78688
100
78870
105
79468
39
79699
32
79842
101
79996
32
80924
39
81127
32
81265
115
81452
116
81557
97
81720
116
82152
97
82326
32
82543
117
82808
110
83249
39
83771
105
84005
109
84204
112
84349
111
84596
110
84741
101
85061
110
85246
115
85734
32
86053
116
86234
101
86687
32
87774
100
87984
105
88191
109
88371
111
88632
115
88800
116
89000
114
89217
97
89584
122
89843
105
90012
111
90213
110
90366
101
91118
32
92018
99
92338
104
92464
101
92583
32
92710
115
92924
101
93050
32
93509
97
93691
110
94004
99
94296
104
94412
101
94585
32
95502
108
95647
101
95744
32
95953
112
96370
101
96542
114
96803
115
97033
111
97365
110
97696
101
97822
32
98464
115
98882
111
99176
110
99374
111
99549
32
99786
100
99931
105
00805
115
00955
105
02274
110
03072
116
03188
101
03387
114
03569
101
03923
115
04057
115
04270
97
05515
32
08724
111
09019
114
09237
109
09353
97
09536
105
10500
32
16771
114
17150
32
17450
116
17566
101
17673
32
17872
97
18715
108
18849
108
19069
97
19224
32
19495
112
19677
111
19820
108
19995
105
20371
116
20582
105
20902
99
21016
97
21769
32
22705
110
22969
111
23403
110
23530
32
23724
115
23927
111
24184
110
24364
111
24529
32
24838
97
25272
110
25417
99
25596
111
25834
114
26089
97
26225
32
26593
99
26837
111
27039
109
27208
112
27400
108
27517
101
27745
116
27860
97
28228
109
28429
101
28476
110
29995
116
30112
101
30202
32
30433
115
30722
116
30950
117
31522
112
31968
105
32307
100
32908
101
33582
46
33813
32
35307
83
35580
105
35771
32
35939
112
36234
117
36405
111
36884
39
37106
32
37258
100
37422
105
37686
114
37896
101
38059
32
38483
100
38627
105
38752
32
39016
116
39244
117
39482
116
39625
116
39805
111
47346
32
52273
101
52350
32
52776
102
52947
97
53427
114
53553
101
54435
32
63293
58
63462
32
63707
114
63915
111
64219
103
64390
114
64533
97
64801
32
64989
116
65225
111
65539
114
65722
105
66024
101
67286
32
69311
97
69394
32
71306
44
71468
32
72107
100
72278
101
72420
112
72575
101
72905
110
73609
97
73949
108
74142
105
74545
122
74698
122
74916
97
76498
97
76654
105
76813
111
77088
110
77270
101
77415
32
78847
100
79028
101
79225
108
79418
32
79916
102
80086
97
80314
108
80502
115
80825
111
80963
32
81116
105
81342
110
81525
32
81827
98
82122
105
82309
108
82509
97
82757
110
83154
99
83335
105
83476
111
88031
44
88202
32
93433
108
93588
101
93928
103
94043
103
94141
101
94603
32
95250
102
95440
114
95940
32
96119
97
96319
114
96571
115
96775
101
98490
32
98649
97
99215
32
99988
115
00257
117
00437
108
00593
32
00765
99
00915
111
01462
110
01831
102
02020
108
02213
105
02775
116
02947
116
03071
111
03199
32
03361
100
03524
105
03658
32
03747
105
03973
110
04238
116
04374
101
04545
114
04737
101
05193
115
05345
115
05495
105
06442
44
06660
32
07326
109
07478
97
07556
32
07739
110
08133
111
08353
110
08526
32
10470
97
13463
110
13767
99
14030
111
14232
114
14486
97
14622
32
14971
99
15096
101
15286
114
15664
99
15779
97
15989
114
16162
101
16257
32
16423
100
16567
105
16711
32
16824
97
17156
98
17299
98
17497
97
17793
116
17963
116
18145
101
18316
114
18517
101
18680
32
18890
105
19024
32
19420
100
19593
105
20537
32
27212
114
27413
105
27593
116
27764
116
27938
105
28100
32
28963
99
29320
104
29418
101
29590
32
29792
105
29916
32
30085
108
30267
97
30692
118
30928
111
31204
114
31440
97
31603
116
31988
111
32227
114
32569
105
32769
32
33098
104
33232
97
33358
110
33502
110
33728
111
33903
32
34549
111
34797
116
34969
116
35244
101
35471
110
35671
117
35955
116
36182
111
38000
32
38237
100
38444
111
38656
32
40830
115
40997
101
41281
99
41488
111
41641
108
41806
105
41950
32
42233
100
42434
105
42568
32
42710
108
42919
111
43298
116
43460
116
43670
101
45767
44
49459
32
50317
115
50781
112
50909
101
51271
115
51443
115
51571
111
51689
32
51888
109
52124
111
52295
108
52535
116
52752
111
55626
32
55797
99
56053
114
56327
117
56762
101
57091
110
57273
116
57492
101
57530
114
58109
32
76345
112
76499
111
79854
32
81543
46
81690
32
95938
73
96138
110
96302
32
96564
112
96777
105
96791
111
96969
97
97206
122
97387
122
97549
97
97741
32
98004
97
98178
32
98649
84
98870
111
99193
114
99395
105
99639
110
00145
111
00601
32
01361
99
01950
39
02050
101
02277
114
02579
97
02798
109
03103
32
03394
110
03649
111
03824
32
06013
99
06156
101
06476
110
06705
116
07063
111
08057
99
08519
105
08811
110
09421
113
09687
117
09794
97
10040
110
10400
116
10514
97
12313
109
12542
105
12729
108
12883
97
13467
32
14421
112
14614
101
14767
114
15102
115
15305
111
15590
110
15791
101
16934
44
17087
32
17324
101
17468
32
17657
108
17783
97
17891
32
18034
109
18177
97
18695
110
19065
105
19450
102
19661
101
20275
115
20471
116
20594
97
21476
122
21763
105
21922
111
22160
110
22276
101
22430
32
26356
101
26479
39
26906
32
27493
115
27697
101
27896
109
28284
98
28558
114
28700
97
28835
116
29025
97
34108
32
44273
109
44455
105
44608
32
48068
118
48185
101
48580
114
49068
97
49512
109
49712
101
49855
110
50130
116
50275
101
50363
32
51402
98
51500
101
51875
108
51999
108
52070
101
52748
32
52879
97
53929
46
54122
32
57218
84
57467
114
58102
119
58561
32
58763
119
59129
32
59224
101
59595
32
60505
99
60674
111
61193
114
61431
116
61668
101
62016
32
63820
105
63954
32
64144
100
64401
105
64507
32
64685
112
64897
101
65087
114
65675
115
65914
111
66321
110
66447
101
67675
32
68807
104
68942
97
69114
110
69239
110
69746
111
69883
32
70052
112
70234
111
70520
114
70813
116
70936
97
71044
116
91269
32
99460
99
99732
111
00101
110
00610
102
00921
108
01177
117
01342
105
01699
116
01888
111
02035
32
02318
118
02444
101
02624
114
02997
115
03372
105
03740
32
03964
111
04195
32
04654
112
04932
105
05111
97
05404
122
05547
122
05728
97
05921
32
06425
83
06621
46
07284
32
07449
67
07987
97
08253
114
08591
108
08754
111
09328
32
16817
58
16995
32
20380
101
22091
39
22620
32
23365
115
23589
116
23703
97
23802
116
24112
97
24388
32
24643
117
24871
110
25023
97
25169
32
77408
118
77608
101
77817
114
78156
97
80534
32
83894
105
84148
110
84386
99
84761
111
85008
110
85339
116
85567
114
85887
111
86464
32
87644
100
87825
105
87951
32
88655
100
88986
105
89353
118
89451
101
89669
114
90098
115
90294
105
90438
32
90916
103
91144
114
91400
117
91869
112
92034
112
92217
105
93639
44
93951
32
94151
100
94286
105
94756
118
94872
101
95072
114
96213
32
99575
100
99748
105
99854
32
00023
112
00272
101
00519
114
02703
115
02877
111
03163
110
03298
101
03866
32
05999
115
06261
105
06386
32
06585
110
06954
32
07246
109
07473
111
07768
100
07921
105
08056
32
08415
100
08541
105
08693
32
08931
105
09147
110
09573
116
09745
101
10158
110
10303
100
10587
101
10796
114
10996
101
11206
32
11470
108
11567
97
11664
32
11853
112
11998
111
12161
108
12344
105
12813
116
13333
105
13858
99
13963
97
16322
32
19265
44
19983
32
21038
100
21257
105
21643
118
21732
101
21921
114
22211
115
22415
101
22541
32
22899
99
23155
117
23381
108
23629
116
24239
117
24477
114
24669
101
25402
32
25839
115
26042
111
26459
99
26612
105
26809
97
26924
108
27121
105
32288
44
33458
32
33788
116
34034
117
34178
116
34332
116
34654
101
34807
32
36020
115
36337
116
36462
114
36840
101
37114
116
37286
116
37533
101
37752
32
38015
97
38290
116
38443
116
38894
111
39179
114
39529
110
39886
111
40023
32
40203
108
40430
111
40448
105
40963
32
42486
115
42673
116
42797
97
42913
116
43375
117
43696
116
44006
111
44144
32
44447
100
44618
101
44801
105
44924
32
45076
108
45342
97
47016
32
50237
118
50567
111
50768
114
51060
97
51213
116
51645
111
51969
114
52301
105
53143
46
53289
32
54223
83
54531
112
54659
101
54848
114
55141
111
55268
32
55637
99
55863
104
55952
101
56106
32
56290
105
56447
108
56575
32
57940
49
58918
32
61137
112
61414
114
61746
105
61935
109
62114
111
62243
32
63001
109
63117
97
63365
103
63518
103
63905
105
64644
111
65528
32
65904
116
66226
117
66417
116
66570
116
66722
111
66849
32
67412
113
67687
117
67925
101
68119
115
68296
116
68765
111
68903
32
69106
115
69434
105
69578
32
69813
114
70071
105
70436
112
70723
101
70968
116
71167
97
71656
39
72090
46
