51768
32
52035
81
52415
117
52616
101
54134
115
54701
121
55509
32
55892
116
56053
97
56478
32
57153
101
57289
32
57501
115
57612
116
57801
97
57926
116
58117
101
58262
32
58665
118
58957
111
59214
114
59749
114
59940
101
60159
105
60311
32
60715
102
60885
97
61057
114
61211
101
61393
32
62281
117
62555
110
62691
32
63002
98
63165
101
63576
108
63713
32
64023
118
64243
105
64450
97
64874
103
65036
103
65246
105
65424
111
67443
46
67654
32
68614
83
68893
111
69103
109
69417
32
69745
110
70102
111
70276
32
70567
109
70766
111
70946
108
71250
116
71458
111
71604
32
71786
105
72067
110
72967
100
73138
101
73413
99
73613
105
73936
115
74204
111
75162
32
75794
115
76137
117
76373
108
76501
32
76856
112
77037
111
77271
115
77624
116
78177
111
79172
44
79287
32
79504
109
79666
97
79793
32
80691
118
80908
111
81156
114
81327
114
81462
101
81597
105
81741
32
82210
118
82491
105
82790
115
83406
105
83707
116
83870
101
84715
32
90123
105
90266
32
90714
112
90915
111
91139
115
95076
32
96704
108
96868
101
96944
32
97184
109
97365
101
97658
116
97923
101
98067
32
99144
99
99371
104
99486
101
99658
32
00193
104
00437
111
00621
32
00794
105
01131
110
01276
32
02032
109
02169
101
02312
110
03743
116
03887
101
04022
32
04380
100
04626
101
05385
118
05629
111
05933
110
06317
111
06464
32
06717
97
07375
118
07500
101
07718
114
07911
101
07976
32
08187
117
08415
110
08579
32
09486
114
09668
101
10258
113
10505
117
10659
105
10891
115
11459
105
11704
116
12016
111
12617
32
13394
102
13685
111
13989
110
14217
100
14443
97
14653
109
14853
101
14995
110
15429
116
15599
97
16228
108
16429
101
18573
32
18773
58
19016
32
19785
105
19972
108
20108
32
20288
109
20460
97
20819
114
21010
101
21514
46
22426
32
23958
80
24201
101
24601
110
24986
115
25179
111
25391
32
26644
99
26833
104
26922
101
27102
32
27657
105
28012
108
28195
32
28599
118
28771
101
28962
114
29215
111
29362
32
29747
114
29928
101
30060
108
30301
97
31091
120
31250
32
33636
115
34000
105
34151
97
34314
32
34754
113
35197
117
35500
101
36145
108
36307
108
36721
111
36914
32
37458
99
37750
106
37817
101
38124
32
38442
104
38549
101
38684
32
40667
104
41231
101
41758
32
42577
115
42791
105
42925
32
43063
115
43352
101
43709
110
43956
116
44184
101
44311
32
44492
105
44689
110
44825
32
45215
115
45698
112
45910
105
46061
97
46709
103
46871
103
47193
105
47390
97
48665
44
48864
32
49425
113
49598
117
49741
97
51284
110
51513
100
51775
111
51931
32
52178
105
52478
109
52612
109
52978
111
53403
98
53660
105
53856
108
54021
101
54163
32
54397
115
55998
111
56386
116
56585
116
57278
111
57424
32
57606
105
57812
108
57949
32
58162
115
58364
111
58535
108
58765
101
58918
32
59852
111
60235
115
60378
115
60574
101
60773
114
61476
118
61686
105
61830
32
62260
108
62790
32
64558
108
65437
39
65767
111
66118
114
66347
105
66759
122
66921
122
67093
111
67349
110
67624
114
67974
32
68106
116
68335
101
68544
32
69471
99
70229
104
70355
101
70508
32
73631
100
73924
105
74174
115
74993
101
75556
103
75877
110
76020
97
76295
116
76754
111
76891
32
77152
100
77391
97
77609
108
77765
32
78113
109
78340
97
78662
114
78936
101
80001
46
80259
32
86625
73
86789
32
87237
112
87409
111
88759
32
92371
86
92889
111
93082
114
93281
114
93546
101
94344
105
94477
32
94826
99
95149
32
95213
118
95426
105
95796
115
95955
105
96564
116
96706
97
97016
114
97200
101
97465
32
97917
100
98097
101
98313
108
98447
108
98546
101
98652
32
99362
115
99788
112
99982
105
00095
97
00436
103
00597
103
00733
101
00867
32
04352
109
04496
101
05414
114
05565
97
05961
118
06209
105
06659
103
06904
108
07088
105
07246
111
07508
115
07731
101
09358
32
09557
101
10001
32
11202
44
11382
32
11572
101
11687
32
12185
112
12434
101
12624
114
12710
32
13171
113
13325
117
13562
101
13765
115
13924
116
14429
111
14591
32
14863
115
15469
116
15611
111
15739
32
15972
112
16417
101
17147
110
18125
115
18329
97
18874
110
19187
100
19421
111
19586
32
19774
97
19964
108
20126
108
20270
97
20425
32
21328
115
21532
97
24307
32
25149
83
25335
97
25844
114
26072
100
26272
101
26601
103
26875
110
27085
101
27416
32
27547
97
27730
32
28729
111
28913
32
29157
97
29282
108
29444
108
29569
97
32979
32
34051
83
34498
112
34679
97
35150
103
35378
110
35586
97
37287
46
37498
32
65477
76
65642
97
65748
32
65945
115
66804
32
67399
83
67624
97
68328
114
68743
100
68942
101
69197
103
69481
110
69745
97
69881
32
70948
101
71126
39
71319
32
71529
105
71897
32
72169
117
72434
110
72986
112
73469
32
74237
112
74400
111
74577
115
74922
116
75120
111
75210
32
75409
109
75814
101
75995
114
76314
97
76935
118
77369
105
77838
103
78045
108
78248
105
78397
111
78659
115
79066
111
79493
32
80027
109
82272
32
83973
46
84576
32
84746
109
84918
97
85054
32
87082
44
87215
32
88663
109
88815
97
88970
32
89888
99
90364
39
91005
101
91230
39
92014
32
93113
108
93993
39
94373
105
94794
110
95190
99
95481
111
95756
110
96233
118
96568
114
96601
101
96885
32
97065
101
97863
32
98662
101
99056
110
99304
105
99605
101
99850
110
00190
116
00455
101
01046
32
08930
100
09111
101
09317
108
09460
108
09605
97
09815
32
12789
97
13065
32
13833
109
13976
97
14383
99
14554
99
14743
104
14963
105
15179
110
15275
97
16015
32
16579
58
16776
32
17338
116
17668
117
17831
116
18011
116
18474
105
19428
32
19794
113
20096
117
20353
101
20672
108
20814
108
21399
105
21589
32
21975
99
22295
104
22420
101
22557
32
22886
99
23096
105
23230
32
23424
115
23673
111
23883
110
24109
111
24302
32
24953
115
25141
116
25254
97
25360
116
25888
105
26097
32
27595
109
27805
105
27967
32
28949
104
29083
97
29211
110
29344
110
29607
111
29782
32
30074
100
30255
101
30594
116
30774
116
30917
111
31035
32
32037
99
32244
104
32332
101
32469
32
33234
108
33760
39
34148
117
34366
110
34539
105
34821
99
35065
111
35239
32
35419
109
35666
101
36125
122
36250
122
36505
111
36643
32
37287
112
37386
101
37576
114
37681
32
38162
118
38409
105
38733
115
38966
105
39304
116
39409
97
39656
114
39735
101
56964
32
57553
108
58032
39
58515
105
58979
115
59191
111
59362
108
59469
97
59614
32
60354
101
61130
39
61332
32
61529
108
62084
39
62190
97
63454
117
63738
116
64002
111
64323
109
64512
111
65031
98
65278
105
65484
108
65648
101
68423
32
71147
44
71290
32
71471
101
71698
100
71842
32
72071
105
72230
111
72861
32
73041
110
74461
111
74960
110
75143
32
77458
110
77621
101
77794
32
78534
104
78731
111
78887
32
79263
117
79471
110
79614
97
79711
32
79996
100
80243
105
80679
115
80776
112
81157
111
81544
110
81774
105
82262
98
82472
105
82687
108
82728
101
82744
114
83301
32
84299
46
84483
32
89748
76
90258
39
90533
97
91449
108
91744
116
91962
114
92123
111
92540
32
92783
112
93038
111
93906
115
94306
116
94635
111
94782
32
94978
97
95105
32
95547
99
95766
105
96796
32
98761
99
99005
117
99225
105
99803
32
01873
99
02257
117
02431
105
02584
32
03543
115
03943
116
04327
111
04909
39
05186
32
05634
112
06574
101
06818
110
07219
115
07413
97
08033
110
08644
100
08804
111
11450
32
16722
73
17034
110
17198
32
17841
83
17980
112
18106
97
18576
103
18757
110
18965
97
19081
32
19263
109
19529
105
19747
32
20188
104
20332
97
20446
110
20584
110
20903
111
21068
32
21203
100
21393
101
21657
116
21838
116
22016
111
22183
32
37361
99
37494
104
37666
101
37810
32
38159
101
38711
39
38894
32
39122
100
39350
105
39754
118
40113
101
40312
114
40554
115
40803
111
41176
32
41358
58
41583
32
42144
97
42306
110
42964
100
43208
97
43521
110
43856
115
44342
32
44532
100
44775
111
44959
32
45364
105
45599
110
46220
32
48013
117
48342
110
49249
39
49732
105
50009
115
51760
111
51959
108
52374
97
54283
44
54883
32
55380
116
55758
105
56011
112
56183
111
56320
32
56876
73
57841
98
58183
105
58557
122
58756
97
60274
44
61182
32
62896
115
63119
105
64382
32
64935
80
65242
117
65935
111
66538
32
68163
118
68635
105
69441
32
71602
112
72158
117
72496
111
73609
39
73914
32
74504
118
74659
105
75412
115
75570
105
75908
116
76060
97
76195
114
76775
108
76910
97
77074
32
94846
104
94980
97
95171
110
95286
110
95644
111
00588
32
11191
101
11539
116
11673
116
11729
97
12675
32
31817
97
32027
110
32292
99
32714
104
32895
101
33023
32
35748
99
35890
111
36202
110
36366
32
42573
97
43258
102
43402
102
43539
105
43866
116
44036
97
44302
110
44559
100
44793
111
44967
32
45260
100
45432
101
45600
108
45716
108
45814
101
45940
32
46418
98
46816
105
47135
99
47289
105
47460
32
48522
115
48772
117
49026
108
49219
32
49378
112
49578
111
49802
115
50091
116
50708
111
52074
46
