47620
32
47793
81
48342
117
48515
101
48784
115
48929
116
49074
97
49211
32
49905
101
50037
39
50211
32
50624
108
50805
97
50865
32
51091
112
51377
114
51606
105
51794
109
51992
97
52083
32
52459
118
52692
111
52875
108
53189
116
53387
97
53561
32
53873
99
54342
104
54542
101
54705
32
55191
112
55354
97
55611
114
57752
116
57886
101
58273
99
58529
105
59080
112
59402
111
59595
32
60063
97
60368
100
60783
32
61588
117
62422
110
62605
32
62804
101
63036
115
63425
112
64038
101
64256
114
64551
105
64842
109
65575
101
66296
110
67402
116
67637
111
67755
32
68179
99
68535
111
68810
109
69057
101
71591
32
73014
99
73175
97
73478
118
73698
105
73848
97
75476
46
75744
32
86462
78
86933
111
87337
110
87475
32
87636
109
88715
32
90188
77
90448
105
90638
32
90851
115
91065
101
91366
109
91782
98
92084
114
92487
97
92623
32
93093
117
93853
110
93997
32
95127
112
95562
114
95742
111
97129
103
97357
101
97771
116
97943
116
01623
111
04616
32
05217
105
05490
110
05812
116
05994
101
06193
114
06384
101
06971
115
07137
115
07383
97
07658
110
07998
116
08181
101
11732
44
11941
32
12056
101
12182
32
12418
109
12638
105
12782
32
12963
99
13242
104
13512
105
13682
101
13867
115
14261
32
14431
100
14600
111
14765
32
15336
113
15583
117
15689
97
15879
108
16073
105
16188
32
16424
111
16436
112
17249
32
18269
112
18376
97
18801
114
19955
32
22671
112
23188
97
23529
114
23904
97
24198
109
24464
101
24841
116
25003
114
25848
105
25992
32
26214
115
26588
105
26685
32
27022
115
27244
116
27414
97
27764
110
27888
110
28274
111
28439
32
28852
117
29085
115
29297
97
29564
110
29820
100
30045
111
30201
32
30397
112
30609
101
30799
114
30953
32
36724
99
36970
101
37216
114
37762
99
37951
97
38143
114
38268
101
38478
32
39414
100
39662
105
39795
32
40199
114
40478
105
40805
99
41039
111
41306
110
41597
111
41962
115
42232
99
42375
101
42574
114
42979
109
43190
105
44815
46
45045
32
45899
67
46269
101
47051
114
47349
116
47594
97
49512
109
49694
101
50097
110
50820
116
51105
101
52052
32
53895
85
54200
110
54473
111
54647
32
56475
117
56712
110
57068
111
57215
32
57405
100
57616
101
57936
105
58024
32
58285
112
58457
97
58767
114
59143
97
59869
109
60125
101
60381
116
60562
114
60837
105
60972
32
61406
101
61695
39
61879
32
62205
108
62426
97
62582
32
63188
118
63475
101
63794
108
63965
111
64485
99
64675
105
65023
116
65707
97
66204
39
66444
32
66662
100
66844
105
66978
32
67125
115
67405
99
67679
114
67871
105
68191
116
68372
116
68534
117
68818
114
69166
97
73612
46
73824
32
75722
80
76915
101
77188
110
77522
115
77801
111
77985
32
79388
99
79586
104
79684
101
79872
32
80065
117
80311
110
80652
32
80868
97
81115
108
81437
116
81674
114
81910
111
82131
32
84226
112
84435
97
84757
114
85124
97
85343
109
85655
101
85912
116
86120
114
86832
111
87604
32
87872
115
88057
105
88182
97
88318
32
88758
108
88912
97
89018
32
89440
112
89662
101
89843
114
90379
99
90644
101
91010
110
91696
116
91945
117
92207
97
92341
108
92552
101
92752
32
93204
100
93357
105
93566
32
97750
98
97954
97
98635
99
99013
107
99185
32
99952
115
00490
111
00700
97
01098
32
02035
112
02272
97
02642
99
02897
101
03154
32
04311
112
04774
114
04984
101
05798
109
06847
117
07169
116
07398
105
07542
32
08134
105
08360
110
08533
32
09292
114
09574
97
10174
112
10345
112
11003
111
11186
114
11404
116
11631
111
11777
32
12087
97
12398
108
12927
32
13714
110
13960
117
14178
109
14369
101
14550
114
14674
111
14829
32
15205
116
15385
111
15745
116
16112
97
16348
108
16513
101
16750
32
16959
100
17113
105
17304
32
19183
99
19512
97
19833
114
20023
97
20270
116
20394
116
20539
101
20748
114
20922
105
21055
32
21278
115
21557
99
21804
114
22077
105
22259
116
22440
116
22623
105
24089
46
24254
32
25382
73
25768
110
27707
32
53040
80
53561
111
54546
116
54829
114
55048
101
57525
98
57668
98
57841
101
58068
114
59172
111
59328
32
59508
101
62961
115
63225
101
64271
32
65202
115
65695
101
65895
114
67085
99
67238
105
67391
32
68102
97
68366
108
68745
116
68992
114
75763
105
75887
32
84877
65
85164
108
85711
116
85938
114
86186
105
86312
32
86965
112
87175
97
87916
114
88236
97
88399
109
89002
101
89303
116
89549
114
92021
105
92153
32
92881
112
93063
111
93367
116
93585
114
93856
101
94359
98
94512
98
94571
101
94773
114
94990
111
95127
32
95402
101
95736
115
95888
115
96429
101
96922
114
97305
101
97888
32
24134
108
24782
39
25487
117
25729
115
26221
111
26404
32
26669
100
26859
101
27134
103
27416
108
27618
105
27781
32
27950
97
28404
99
28556
99
29092
101
30279
110
30479
116
31391
105
32299
44
32480
32
38454
108
38636
97
38782
32
39165
112
39627
117
39855
110
40270
116
40602
101
41015
103
41672
103
41855
105
43256
97
43774
116
43955
117
44202
114
44577
97
46871
44
47361
32
48422
99
48575
105
48744
111
49365
101
49600
39
50363
32
51027
109
51209
101
51408
100
51595
105
51750
97
51923
109
52143
101
52238
110
52588
116
52751
101
52867
32
54365
113
54547
117
54653
97
54873
110
55250
116
55553
101
55735
32
56233
118
56546
105
56828
114
57118
103
57338
111
57528
108
57712
101
59386
44
59595
32
60174
112
60469
117
60706
110
60962
116
61397
32
65036
112
65312
117
65539
110
65739
116
65960
105
66141
32
66331
101
66512
100
66675
32
66863
97
67100
108
67609
116
67836
114
68016
111
68218
32
68633
99
68917
105
69079
32
69189
115
69514
111
69751
110
69959
111
71813
32
81894
110
82113
101
82562
108
82736
32
82944
116
83182
101
83572
115
83879
116
84227
111
84894
46
87923
32
95366
85
96016
110
97400
39
97609
97
98024
108
98356
116
98555
114
98847
97
99021
32
99211
99
99474
111
99735
115
99938
97
00063
32
01090
99
01437
104
01703
101
01885
32
02112
109
02322
105
02504
32
02665
99
02901
104
03139
105
03375
101
03566
100
03791
111
03965
32
04333
101
04792
39
05013
32
05667
113
05812
117
05918
97
06136
108
06337
101
06473
32
07020
97
07383
108
07696
103
08034
111
08404
114
08754
105
08972
116
09284
109
09491
111
11000
32
11512
115
11745
105
11964
32
12722
117
13010
115
13267
97
13397
32
14650
117
14877
110
15039
97
15175
32
15412
118
15656
111
15837
108
16095
116
16333
101
16674
32
16908
97
17137
32
17561
100
17937
101
18174
102
18423
105
18629
110
18821
105
19057
116
19240
105
19402
32
19565
105
19708
32
20138
112
20302
97
21243
32
22554
112
23109
97
23413
114
23704
97
23988
109
24292
101
24649
116
24812
114
25115
105
27744
32
27964
58
29561
32
32075
115
32210
105
32456
32
33194
112
33395
111
33689
116
33916
114
34108
101
34625
98
34768
98
34866
101
35038
32
36292
117
36571
115
36784
97
37068
114
37278
101
37432
32
37639
117
37849
110
38039
97
38203
32
38485
109
38658
101
38960
116
39188
114
39362
105
40661
99
40817
97
43103
32
48598
100
48788
101
48987
102
49226
105
49461
110
49691
105
49944
114
50155
101
52957
32
56134
109
56297
105
56575
115
56834
117
57082
114
57419
97
57612
32
58333
110
58505
101
58815
108
58939
108
59092
111
59248
32
59461
115
59841
112
60181
97
60446
122
60788
105
60975
111
61131
32
61647
118
61810
101
62084
116
62307
116
62444
111
62786
114
63675
32
65873
105
66015
97
66308
108
66387
101
67932
32
68869
100
69031
101
69275
111
69618
32
69855
105
69989
32
70157
112
70377
97
70671
114
70972
97
71163
109
71811
101
72067
116
72285
114
73373
105
73535
32
75615
44
75777
32
76889
111
77200
112
77353
112
77769
117
78035
114
78217
101
90138
32
90365
117
90849
115
91054
97
91384
114
91606
101
91711
32
91928
117
92137
110
92308
97
92425
32
93156
114
93347
101
93705
116
93887
101
94106
32
94519
110
94711
101
95226
117
95436
114
95728
97
96030
108
96194
101
96385
32
01416
111
01726
110
01813
97
03463
32
06334
97
07740
32
22136
46
22487
32
25855
76
26869
39
28050
117
28352
110
28564
105
28976
99
29427
97
31588
32
46650
101
46813
32
47022
105
47229
110
47365
32
47825
98
48005
97
48239
115
48444
101
48681
32
48999
97
49145
32
50070
113
50317
117
50761
101
51088
108
51204
108
51311
97
51466
32
52687
115
52919
99
53119
101
53608
103
54002
108
54242
105
54599
101
54883
114
55064
101
56310
32
57898
108
58937
39
59224
101
59729
108
59837
101
60010
44
60463
32
60763
109
60925
101
61068
110
61268
116
61607
111
61753
32
62594
112
62853
105
63163
117
63744
39
64067
32
64406
118
64561
105
64984
99
65172
111
65468
32
65770
105
66005
110
66213
111
67386
32
75776
115
76122
105
76246
32
76480
112
76699
111
81222
116
81440
114
81621
101
82354
98
82487
98
82595
101
83411
32
