29253
32
43183
73
43435
32
43633
80
43940
73
44123
65
44353
84
44473
84
44883
73
45003
32
45403
83
45613
73
46283
32
47823
81
48113
85
48463
69
48743
83
48935
84
49613
65
49743
32
49943
69
50193
83
50435
84
50603
65
50863
84
50993
69
51133
32
51593
72
51973
79
52123
32
52333
65
52513
86
53003
85
53383
84
53603
79
53743
32
53993
77
54283
79
54533
68
54663
79
54793
32
55233
68
55393
73
55543
32
56383
65
56633
83
56793
83
57003
65
57203
71
57643
73
57763
65
57953
82
58083
69
58213
32
58463
68
59213
73
59463
67
59893
32
59993
86
60254
69
61003
82
61353
83
61883
69
62833
32
64553
69
64633
32
65043
80
65583
73
65823
69
66023
84
66173
65
66553
78
66873
90
67153
69
67263
32
67774
84
68243
73
68964
80
69183
73
69564
67
69874
72
70023
69
70103
32
70494
83
70763
73
71114
67
71313
73
71603
76
71813
73
72003
65
72214
78
72582
73
73273
32
73953
69
74483
59
75953
32
76643
190
76953
32
77593
73
77873
78
78033
32
78365
68
78793
32
80383
85
81253
66
81383
66
81755
73
81993
65
82373
77
83073
69
83283
78
83543
84
83660
69
83733
32
84913
73
85103
76
85253
32
85693
80
85894
82
86083
69
86363
77
86533
73
86673
79
86843
32
95936
76
96394
222
96633
65
97124
82
97653
65
97954
78
98203
67
98494
73
98755
78
99073
79
99303
32
00603
83
00793
73
01093
67
01323
85
01563
76
01763
79
04714
32
04883
69
05413
222
05553
32
06423
67
06572
69
06739
82
06913
84
07253
65
07473
77
07973
69
09333
78
09573
84
09703
69
09773
32
17203
85
17436
78
17662
79
17853
32
18054
68
18253
69
19013
73
19333
32
20413
80
20623
73
20787
65
21018
84
21163
84
21503
73
22313
32
22653
77
22853
73
23183
71
23593
76
23783
73
23953
79
24613
82
25893
73
26633
32
26883
68
27073
69
27293
76
27444
76
27553
65
27693
32
28283
82
28893
79
29422
83
29603
84
29953
73
30263
67
30383
67
30563
69
30703
82
31153
73
31303
65
32203
59
32436
32
35883
85
36103
78
36263
65
36593
32
37283
80
37463
65
37613
76
37754
76
37893
65
38079
32
38553
68
38713
73
38863
32
39143
82
39413
73
39792
83
39943
79
40103
32
40499
70
40633
82
41013
73
41263
84
41402
84
41472
65
41593
32
42853
73
43233
77
43553
66
44013
79
44333
84
44563
84
44714
73
45293
84
45423
65
45573
32
46143
68
46543
73
46763
32
47253
67
47383
65
47503
82
48053
78
48183
69
48293
32
50563
84
50723
82
50995
73
51256
84
51394
65
51573
84
52843
65
53253
32
53813
80
54033
73
54573
32
54903
69
55263
32
55573
69
55794
32
56553
80
56793
73
57243
83
57453
69
57723
76
57893
76
58093
73
63303
190
63623
32
68563
37
68754
37
69613
59
69843
32
72303
76
72473
65
72583
32
73073
86
73214
69
73613
82
74083
83
74283
73
74456
79
74693
78
74843
69
74943
32
76064
37
77513
37
78284
37
79063
39
79273
39
79453
39
79623
39
79793
39
79963
39
80143
39
80983
73
81883
78
82043
32
83733
83
83983
85
84494
71
84703
79
84873
32
85064
65
85169
76
85333
32
85663
80
85833
79
86112
77
86293
79
86513
68
86663
79
86953
82
87183
79
87413
32
89283
39
90333
39
90513
39
90683
39
90853
39
92214
76
92423
73
92873
71
93013
72
93214
84
93394
32
95383
57
95773
78
96033
79
96283
78
96444
32
96694
83
96923
73
97233
67
97445
85
97663
76
97833
65
99193
48
99353
32
99833
83
00083
73
00394
32
00693
79
01063
83
01233
84
01693
73
01982
84
02163
85
02583
73
03103
83
03233
67
03403
69
03533
32
03913
76
04033
65
04143
32
04463
67
04723
65
04893
82
05303
78
05423
69
05563
32
05902
67
06073
79
06333
78
06483
32
06613
85
07033
32
07323
73
07514
76
07704
32
08043
66
08263
85
08684
82
08833
82
08973
79
10134
39
10936
32
12203
65
12513
76
12903
84
13053
82
13403
65
16093
32
19233
65
19643
32
33793
68
33964
69
34180
76
34394
73
34773
90
34923
73
35072
65
35194
32
35936
68
36093
69
36243
76
36394
32
36644
80
36913
65
37073
76
37203
65
37613
84
38073
79
38223
32
40773
69
42214
222
42413
32
60223
83
60523
79
60773
78
60964
79
61139
32
61523
71
61883
76
62083
73
62233
32
62553
83
63754
80
63993
65
64400
71
64683
72
64883
69
65033
84
65164
84
65603
73
65773
32
66923
65
67273
76
67445
32
67732
78
67897
69
68136
82
68603
79
70243
32
70633
68
70814
73
70953
32
71162
83
71425
69
71754
80
71903
80
72163
73
72863
65
74183
59
74643
32
75673
73
75843
76
76003
32
76322
83
76503
65
76683
80
76863
79
77243
82
77373
69
77482
32
77797
69
78283
32
79273
222
79543
32
79973
83
80223
73
80423
77
80623
73
80820
76
80983
69
81093
32
82663
188
82833
32
83033
65
83293
78
83593
67
83754
72
83883
69
84031
32
84194
83
84373
69
84453
32
84903
80
85113
73
85293
85
85833
222
86043
32
86333
70
86863
79
87013
82
87193
84
87593
69
87693
32
89754
188
89903
32
90543
65
91813
32
92403
81
92683
85
92953
69
93163
76
93293
76
93476
79
93626
32
93781
68
93957
69
94115
73
94258
32
94432
80
94629
79
94795
76
95304
80
95503
73
96243
190
96593
32
97613
85
98003
78
98203
32
02103
73
02293
32
02583
68
02763
79
02953
76
03363
67
03573
73
03723
32
03953
80
04144
79
04313
73
04444
32
04773
83
04913
79
05164
78
05371
79
05513
32
06253
67
06402
69
06561
82
06735
84
06893
65
07243
77
07403
69
07513
78
07733
84
07833
69
07916
32
08703
73
08863
76
09073
32
12623
67
12943
65
13223
86
13453
65
14663
32
15733
76
16583
222
17303
79
17523
82
17720
71
18223
79
18563
71
18973
76
19193
73
19343
79
19483
32
19673
68
19872
69
20015
76
20149
76
20352
65
20388
32
20710
67
20943
85
22153
32
23133
85
23273
67
23435
73
24063
78
24273
65
24363
32
24953
83
25113
73
25436
67
25743
85
25943
76
26043
65
27363
59
27633
32
28994
190
29193
32
30643
73
31353
76
31513
32
32203
71
32353
69
32697
76
32873
65
33043
84
33436
79
33633
32
33863
67
34763
65
35443
76
35673
68
36033
79
36473
109
37163
70
37333
82
37453
69
37773
68
37913
68
38063
79
38223
32
38410
67
38653
79
38903
78
39204
83
39436
73
39573
83
39754
84
39883
69
40043
32
40693
73
40936
78
41183
32
42293
85
42729
78
42893
65
43023
32
43583
67
43973
79
44153
80
44273
80
44465
65
44603
32
45323
67
45553
79
45803
78
45987
32
46183
85
46553
78
46983
79
47163
32
47423
83
47628
84
47794
82
47863
65
48023
84
48563
79
48743
32
48936
68
49103
73
49253
32
49613
71
49773
69
50143
76
50322
65
50498
84
50963
79
51733
188
52163
32
52693
85
52893
78
53123
79
53358
32
54243
83
55403
84
55573
82
55723
65
55921
84
56463
79
56663
32
56803
68
56953
85
57274
32
57563
73
57703
32
58052
80
58283
65
58523
78
58623
32
59089
68
59232
73
59352
32
60593
83
61283
80
61833
65
62103
71
62283
78
62423
65
63503
188
63653
32
63883
85
64303
78
65273
79
66183
32
66663
68
66833
73
66963
32
67183
80
67383
65
67863
78
68003
78
68163
65
69763
188
69974
32
70153
69
71463
32
71803
85
72063
78
72313
79
72703
32
73013
68
73173
73
73305
32
73643
67
73883
73
74063
79
74353
67
74503
67
74676
79
74866
76
75029
65
75188
84
75353
65
75539
32
76013
67
76183
65
76460
76
76743
68
77013
65
77963
190
78189
32
78623
76
79183
65
79333
32
79883
84
80373
79
80533
82
80913
84
81263
73
81523
78
81693
65
81743
32
82663
80
82843
65
83083
82
83233
65
83733
68
83936
73
84423
83
84503
79
86453
32
86643
69
87123
222
87363
32
87583
85
87993
32
88283
73
88513
78
88913
86
89023
69
89419
67
89633
69
89733
32
90323
85
90516
78
90644
32
90863
66
91004
65
91163
66
91303
65
92253
222
92453
32
95063
82
95323
73
95573
67
95793
79
96383
80
96503
69
96711
82
96869
84
97253
79
97445
32
97614
68
97774
73
97935
32
98105
77
98293
65
98913
78
99293
68
99543
79
99783
82
99983
76
00202
69
01613
188
01793
32
04793
77
04936
69
05153
78
07883
32
09413
190
09633
32
23573
73
23763
32
24013
67
24383
65
24583
78
24714
78
24960
79
25174
76
25374
79
25387
73
26283
32
27603
73
27747
32
27958
69
28079
32
30494
188
30663
32
30833
76
30983
69
31123
32
31378
67
31673
65
31935
83
32073
83
32273
65
32754
32
33883
84
33993
69
34513
188
34754
32
35373
69
35483
32
35714
76
35863
69
36013
32
36338
71
36563
82
36723
65
37583
78
37833
73
38128
84
38293
69
39873
32
40113
83
40273
79
40534
78
40723
79
40893
32
41093
80
41353
73
42233
32
43453
79
43623
73
43793
32
44403
68
44573
69
44729
76
44879
76
44980
69
45124
32
45783
86
45923
69
46133
82
46313
69
46436
32
46701
69
46830
32
47163
80
47473
82
47714
79
47893
80
49153
82
49263
73
49944
69
50063
32
50522
73
50773
83
51123
84
51573
73
51853
84
52233
85
53083
90
53253
73
53423
79
53639
78
53813
73
55334
59
55543
32
55803
67
57723
222
58253
69
58383
222
59633
32
60103
80
60313
69
60513
82
60773
70
60971
73
61193
78
61373
79
61567
32
62034
76
62498
222
62863
85
63143
83
63323
65
63603
78
63935
90
64138
65
64268
32
64488
68
64703
73
64833
32
65324
80
65554
82
65723
69
66193
78
66413
68
66593
69
66798
82
67003
69
67124
32
67643
76
67803
65
67863
32
68074
71
68280
82
68420
65
68716
78
68953
73
69223
84
69373
65
69473
32
69656
65
69715
32
70045
67
70403
79
70593
76
70723
65
71244
90
71453
73
71593
79
71832
78
71953
69
72903
188
73103
32
78033
65
78293
67
78451
67
78651
79
79293
77
79503
80
79713
65
80103
71
80313
78
80468
65
80699
84
81103
65
81293
32
81573
68
81773
32
81813
65
82263
85
82473
78
82553
65
82683
32
84513
65
84691
32
85207
85
85383
78
85463
65
85593
32
86373
66
86843
82
87103
73
87253
79
87694
67
87863
72
87953
69
88115
32
96394
37
98703
32
04503
39
05103
37
05243
32
05774
39
07024
35
09034
32
10183
65
13054
32
13394
67
13663
79
13843
76
14005
65
14323
90
14583
73
14723
79
14967
78
15172
69
15783
49
