30032
73
30251
69
30449
82
30808
73
31296
32
31890
72
32231
79
32380
32
32925
86
33108
73
33416
83
33839
84
34223
79
34374
32
34544
65
34673
76
34864
32
35035
67
35186
73
35384
78
35565
69
35707
77
35872
65
36001
32
36375
76
36645
222
37178
85
37409
76
37565
84
37948
73
38161
77
38328
79
38512
32
38859
70
39106
73
39328
76
39670
77
39820
32
40290
68
40530
85
40655
32
41161
83
41500
84
41660
69
41810
86
41920
69
42311
78
42503
32
43097
83
43385
80
43573
73
43786
69
44058
76
44463
66
44604
69
44843
82
45016
71
45811
188
46010
32
47321
222
48390
77
48622
73
48889
78
49128
79
49420
82
49835
73
50144
84
50287
89
54407
32
54853
82
55082
69
55582
80
55747
79
55960
82
56318
84
56954
222
58425
190
58656
32
59420
73
59590
76
59776
32
60053
70
60275
73
60457
76
60806
77
60950
32
61569
69
61801
222
61968
32
63931
66
64041
69
64393
76
64519
76
64685
79
65762
59
65952
32
67797
76
67968
65
68090
32
68349
84
68523
82
68656
65
68952
77
69156
65
70076
188
70251
32
70590
75
71175
32
71484
76
71748
90
71751
65
72165
32
72390
65
72630
32
73129
67
73510
65
73749
83
73931
65
74100
32
74681
67
74940
72
75011
69
75160
32
75528
86
75661
69
76134
32
76296
65
76449
76
76838
85
77308
84
77739
79
77882
32
78133
68
78340
73
78436
32
78772
80
79013
73
79476
85
80244
222
81138
32
81606
78
81795
69
82075
76
82218
32
82661
71
82916
73
83057
85
83423
68
83580
73
83901
67
84121
65
84191
82
84477
69
84645
32
84946
73
85136
76
85263
32
85515
70
85730
73
85896
76
86094
77
86346
69
87155
32
87451
69
87613
32
88811
222
88983
32
89690
83
89808
82
89975
84
90415
32
91173
65
91962
82
92106
84
92546
73
92801
67
93086
79
93252
76
93463
65
93791
84
93947
65
94093
32
94368
69
94704
222
94860
32
95853
66
95931
69
97101
32
99337
69
99490
32
00891
65
01242
78
01431
67
01646
72
01731
69
01836
32
07462
78
07782
79
08026
78
08178
32
10647
80
11275
82
12099
79
14138
32
15096
83
15303
69
15437
77
15765
80
15937
82
16168
69
16272
32
17157
80
17385
82
17582
69
17989
86
18114
69
18653
68
18811
73
19353
66
19636
73
19826
76
19966
69
21061
190
21171
32
21608
71
21854
76
22052
73
22195
32
22357
65
22661
84
22787
84
23540
79
23718
82
23933
73
24085
32
26785
78
27433
32
28155
83
28307
79
28521
78
28641
32
29221
66
29514
82
29678
65
30182
86
30333
73
30531
78
30705
73
31941
188
32110
32
32329
65
32800
78
33166
67
33525
72
33697
69
33834
32
34213
84
34451
79
34672
77
34832
32
36258
67
36839
82
37070
85
37284
73
37650
83
37855
69
38871
188
39050
32
39210
65
39450
78
39700
67
40000
72
40160
69
40260
32
40490
83
40680
69
40800
32
40990
72
41140
65
41269
32
41520
83
41720
69
41880
77
42237
80
42390
82
42571
69
43140
32
44169
81
44540
85
44750
69
44982
76
45133
32
45630
71
45931
72
46370
73
46821
71
47080
78
47376
79
47560
32
49280
83
49490
73
49710
77
50010
80
50300
65
50520
84
50920
73
51160
67
51356
79
51510
32
51800
67
51957
72
52106
69
52235
32
52487
77
53690
32
54420
76
54610
79
54846
82
55011
69
55430
78
55600
68
55798
69
55966
32
57360
37
57530
37
57690
37
57840
37
58000
37
58140
37
58390
32
58600
39
58720
39
58899
39
59060
39
59230
39
59460
32
61500
65
61740
78
62100
84
62330
73
62649
80
62820
65
63020
84
63420
73
63671
67
63900
79
65200
190
65340
32
71460
38
71710
37
72800
39
72970
39
75150
32
76440
80
76721
85
77023
82
77200
69
78460
40
78950
39
79600
39
79760
39
79930
39
80110
39
80420
39
80830
32
86030
38
86180
38
86300
38
86550
37
86720
37
87370
32
87610
79
90280
40
90353
40
90621
37
92111
38
92319
39
92490
39
92640
39
92770
39
93281
32
94210
85
94400
78
95150
39
95800
37
95990
37
96610
188
98970
40
99510
39
04381
40
04760
39
04960
39
05250
39
06210
32
07660
73
07840
76
08010
32
08470
70
08650
73
08890
76
09160
77
09353
32
09650
83
09830
73
09980
32
11347
73
11571
78
12030
67
12220
69
12571
78
12853
84
13030
82
13210
65
13330
32
14360
83
14580
85
14790
76
14920
76
15086
65
15208
32
15880
80
16070
79
16760
83
16910
83
17054
73
17314
66
17633
73
17810
76
18060
73
18400
84
18830
65
18990
222
19190
32
19920
68
20090
73
20250
32
20610
70
20950
69
21119
82
21470
77
21671
69
21920
82
22150
69
22280
32
22540
73
22700
32
24941
71
25419
76
25590
73
25710
32
27450
79
27971
77
28510
73
28750
67
29280
73
30240
68
30390
73
30520
32
30793
80
31460
82
31700
73
31890
77
32173
65
32320
32
32710
67
32860
72
32990
69
33135
32
33500
65
33671
86
33810
86
34020
69
34480
78
34710
71
34870
65
35090
78
35540
79
36320
77
36510
32
37890
188
38110
32
38300
67
39240
32
47400
59
47610
32
47870
83
48014
73
48117
32
48291
80
48480
79
48790
78
48970
69
49070
32
49286
83
49570
85
49920
66
50290
73
50590
84
50990
79
51150
32
51425
85
51655
78
51783
32
53290
80
53500
82
53730
79
54100
66
54353
76
54600
69
54760
77
55123
65
55261
32
55730
77
55920
79
56252
82
56440
65
56820
76
56949
69
58180
188
58340
32
58750
83
59110
79
59370
78
59579
79
59750
32
60330
85
60610
78
60790
32
61170
65
61520
83
61650
83
61890
65
64110
83
64230
83
64460
73
64706
78
64960
79
65140
32
65418
83
65610
69
65710
32
66060
83
66195
84
66610
79
66781
32
67010
80
67310
69
67505
82
68460
32
68970
85
69600
67
69720
67
69880
73
70149
68
70330
69
70530
82
70710
69
70880
32
71510
81
71690
85
71900
65
72150
76
72450
67
72740
85
72980
78
73214
79
73410
32
75000
188
75170
32
75610
77
75790
65
75920
32
76900
80
77060
79
77220
73
77353
32
77770
78
81210
79
81480
78
81630
32
81854
76
82150
79
82280
32
82590
70
82990
65
83330
67
83480
67
83679
73
83822
79
84810
191
86330
32
86860
69
87020
32
87940
69
88470
32
88870
69
89060
32
89360
81
90260
85
90430
73
90700
78
90969
68
91180
73
91344
32
92720
76
92840
65
92970
32
93450
81
93621
85
93820
69
94050
83
94237
84
94680
73
94830
79
95080
78
95220
69
95360
32
95520
83
95710
73
95840
32
96203
83
96420
80
96593
79
96916
83
97027
84
97270
65
97370
32
98220
83
98450
85
98650
76
98830
32
99460
76
99630
73
99937
66
00160
69
00390
82
00589
79
00723
32
00990
65
01141
82
02500
37
03420
37
04980
32
06280
67
06430
79
06800
83
07050
65
07197
32
08400
69
08530
222
08710
32
10060
73
10270
76
10800
39
11370
39
11540
39
11700
39
12650
66
13045
73
13310
84
13500
82
13767
73
13910
79
14900
188
15090
32
15300
83
15524
69
15597
32
16111
76
17030
32
18310
222
19060
85
19390
77
19622
79
19781
32
20760
69
20980
222
21126
32
21520
80
21680
82
21861
69
22621
86
22781
69
23000
68
23198
73
23564
66
23910
73
24080
76
24269
69
25160
188
25320
32
25550
68
25828
65
25940
32
26080
85
26310
78
26410
32
26830
80
27330
85
27550
78
27800
84
27970
79
28148
32
28470
68
28630
73
28774
32
29130
86
29510
73
29710
83
29900
84
30110
65
30260
32
30750
77
30890
69
31210
67
31353
67
31520
65
31796
78
32150
73
32352
83
32622
67
33120
73
33740
83
33870
84
34290
73
34600
67
35010
79
36460
37
38030
32
38830
39
39412
39
39571
39
40352
32
43560
68
43730
69
43952
84
44070
69
44300
82
44560
77
44745
73
44950
78
45140
73
45540
83
45720
84
46160
73
46483
67
46690
79
47540
37
49250
39
50040
76
50549
39
52160
32
53590
38
54310
35
55010
37
56940
79
57740
40
60300
37
61200
68
61360
69
61580
76
61728
76
61876
65
61997
32
62710
70
62910
73
63220
70
64050
32
64760
83
64940
73
65250
67
65390
65
65480
32
66460
67
66910
76
67060
65
67340
83
67461
83
67606
73
67890
67
68070
65
69490
190
69640
32
70630
68
71490
32
74170
78
74540
69
74700
76
74860
32
75190
70
75370
73
75550
76
75778
77
76410
32
77250
78
78310
79
78550
78
78690
32
79310
83
79520
73
79652
32
79980
65
80180
67
80300
67
80465
69
80760
78
80890
78
81000
65
81080
32
81770
65
81910
76
82053
76
82880
65
83040
32
85090
81
85330
85
85622
69
85830
83
85980
84
86420
73
86540
79
86740
78
86860
69
86970
32
87161
68
87327
69
87470
76
87580
76
87730
76
87822
65
87992
32
88948
65
89093
32
93420
37
94100
37
95111
77
95300
79
95545
82
95920
65
96110
76
96280
69
96400
32
97520
83
97880
85
98090
76
98210
76
98340
65
98479
32
99380
80
99800
85
00010
78
00180
73
00650
90
00820
73
00960
79
01197
78
01298
69
02240
59
03510
35
04330
32
05290
83
05489
69
05580
32
05775
73
05909
79
06052
32
06288
78
06519
79
06760
78
06870
32
07750
222
08099
68
08249
69
08550
67
08750
73
08963
68
09200
79
10440
222
13160
32
13490
73
13640
76
13770
32
14044
77
14240
73
14380
79
14500
32
14910
70
15150
85
15600
84
15840
73
16420
32
16680
85
16990
82
17190
79
18500
188
18660
32
19310
80
19500
69
19680
82
20010
67
20200
72
20420
69
20829
222
20990
32
21210
68
21446
79
22310
86
22450
82
22630
69
22934
73
23050
32
23280
69
23606
83
23748
83
23938
69
24153
82
24326
69
24510
32
25230
80
25510
85
25730
78
25902
73
26300
84
26490
79
26641
32
30240
80
30338
69
30536
82
30649
32
30853
85
31040
78
31160
32
31370
67
31730
82
31950
73
32145
77
32311
73
32571
78
32880
69
33020
32
33870
67
34020
72
34140
69
34274
32
36950
78
37250
79
37540
78
37800
32
38130
72
38490
79
38640
32
39310
222
39621
68
39785
69
40050
67
40270
73
40563
83
40820
79
41370
222
42020
188
42531
32
43140
190
43280
32
46540
80
46800
65
46970
82
47147
89
47151
84
47650
32
48400
84
48550
69
48900
78
49050
68
49230
79
49380
32
49710
68
50010
65
50230
32
50730
81
50931
85
51140
69
51330
83
51441
84
52149
65
52310
32
52671
73
52920
68
53080
69
53339
65
53500
32
54290
73
54460
76
54639
32
55630
70
55860
73
56104
76
56380
77
56530
32
57030
83
57210
73
57335
32
57570
84
57770
82
57950
65
58720
77
58890
85
59160
84
59269
65
59423
32
59970
73
60160
78
60289
32
60709
85
60870
78
60970
32
61671
66
61970
85
62150
79
62385
78
62504
32
63130
80
63310
79
63465
76
63663
73
64059
90
64250
73
64559
69
64840
83
65080
67
65339
79
66030
188
66200
32
66610
67
66810
79
67040
78
67150
32
68530
84
68690
65
68912
78
69150
84
69621
79
69781
32
69920
68
70055
73
70174
32
70235
73
70488
78
70930
83
71110
69
71369
71
71630
85
71782
73
72012
77
72169
69
72312
78
72509
84
72910
73
73060
32
73199
69
73280
32
77280
65
77680
83
77830
83
78630
65
79060
83
79659
32
81170
67
81480
79
81730
76
81960
80
82136
79
82279
32
82482
68
82626
73
82785
32
82948
83
83314
67
83450
69
83830
78
83970
65
84060
32
84600
73
85853
32
86210
70
86420
73
86650
78
86750
65
87078
76
87226
69
87660
190
88720
33
90250
38
90900
38
92010
40
92410
40
94120
39
96110
40
96890
37
98360
39
99720
39
99860
39
00019
39
00177
39
01270
32
01820
59
04360
39
05590
39
07590
37
07840
37
08040
37
08230
37
09360
39
13320
40
13810
38
15720
40
16781
40
23230
40
25810
40
31330
40
34870
40
36340
37
38630
39
38820
39
39000
39
40960
32
41250
77
41440
79
42020
90
42150
90
42310
65
42649
70
43010
85
43370
32
43580
73
43823
65
44015
84
44390
79
44550
32
