15443
79
15443
73
16244
32
16985
73
17256
101
17526
114
17827
105
17967
32
18177
115
18327
111
18558
110
18748
111
18898
32
19038
97
19349
110
19529
100
19729
97
19930
116
20310
111
20400
111
20611
32
20761
97
20971
32
21652
103
21792
105
21943
111
22283
99
22423
97
22533
114
22674
101
22764
32
22964
97
23094
32
23475
99
23705
97
23915
108
24636
99
24797
101
25087
116
25227
116
25708
111
27661
46
27841
32
29884
58
30515
32
30835
108
30966
97
31076
32
31216
112
31506
97
31727
114
31857
116
32277
105
32518
116
32678
97
32728
32
33039
101
34040
39
34220
32
34390
97
34961
32
35132
115
35322
116
35432
97
35552
116
35752
97
35893
32
36153
97
36584
98
36714
98
36834
97
37104
115
37265
116
37395
97
37755
110
38146
122
38286
97
38366
32
45146
100
46057
105
46348
118
46518
101
46708
114
46868
116
47019
101
47369
110
47589
116
47710
101
48461
44
49102
32
49312
97
49753
110
50003
99
50293
104
50424
101
50504
32
50984
112
51054
101
51245
114
51605
99
51896
104
52176
101
52637
39
52797
32
53167
104
53518
111
53788
32
53979
118
54369
105
54630
110
54920
116
55431
111
55911
46
56142
32
61620
78
62551
111
63222
110
63372
32
63582
115
63803
111
63943
32
64113
105
64273
108
64424
32
64534
112
64794
101
65015
114
65365
99
66036
104
66246
101
67298
39
67688
32
68860
109
69020
97
69130
32
69301
115
69511
117
69651
32
69942
100
70112
105
70262
32
70442
109
70633
101
70783
32
71133
105
71294
108
71434
32
71985
99
72185
97
72435
108
72726
99
72946
105
73106
111
73226
32
73377
97
73527
32
74488
99
74698
105
74929
110
75409
113
75640
117
75770
101
75920
32
76862
104
76992
97
77072
32
77472
117
77683
110
77843
32
78153
102
78304
97
78614
115
78834
99
79085
105
79285
110
79445
111
79626
32
80146
112
80306
97
80577
114
80707
116
81108
105
81398
99
81588
111
81749
108
81879
97
82159
114
82299
101
82890
58
83121
32
87136
46
87246
32
87727
69
88078
39
88248
32
89029
118
89169
101
89360
114
89590
111
89780
32
90832
99
91042
104
91162
101
91272
32
91613
108
91953
39
92103
97
92514
103
92985
111
93215
110
93435
105
93856
115
94046
109
94277
111
94437
32
94968
109
95158
105
95298
32
95528
101
95889
39
96049
32
96299
115
96490
101
96610
109
96810
112
97101
114
97281
101
97411
32
97792
112
97992
105
98142
97
98493
99
98783
105
98933
117
99224
116
99634
111
99785
32
99965
105
00235
110
00385
32
00596
116
00816
117
01076
116
01197
116
01657
111
03169
44
03330
32
03510
110
03670
97
03810
32
05302
109
05463
97
05483
32
12102
109
12303
32
12453
97
13164
32
13414
97
13564
32
14145
97
14325
109
14616
111
14786
32
14996
97
15367
110
15657
99
15838
104
15998
101
16098
32
16428
103
16949
108
17159
105
17270
32
17530
97
17770
115
18321
32
19303
97
20064
115
20154
112
20364
101
20644
116
20785
116
21606
105
21716
32
21876
112
22087
105
22247
117
22677
39
22848
32
23098
116
23248
101
23549
99
23849
110
24019
105
24991
99
25201
105
25341
32
25471
101
25592
32
25802
109
26022
101
26112
110
26533
111
26663
32
26893
97
27224
103
27645
111
27865
110
28055
105
28255
115
28466
116
28856
105
29127
99
29447
105
29597
32
30068
100
30228
101
30499
108
30679
32
30939
99
31059
97
31350
108
31620
99
31831
101
32031
116
32161
116
32562
111
33092
46
33323
32
37248
76
37439
101
37519
32
37709
97
38921
122
39141
105
39281
111
39552
110
39762
105
40163
32
40864
118
41014
101
41334
108
41515
111
41795
99
41995
105
43157
44
43297
32
43437
105
43598
32
44098
99
44339
97
44729
112
44889
111
45400
118
45701
111
45891
108
46181
103
46452
105
46642
109
46822
101
46912
110
47113
116
49266
105
49406
32
49606
100
49746
105
49887
32
50357
102
50527
114
50748
111
52831
110
53071
116
53191
101
53311
32
53702
105
53892
109
54012
109
54203
101
54463
100
54663
105
54834
97
55034
116
55465
105
56055
44
56216
32
56937
105
57097
32
57958
116
58389
105
58839
114
59030
105
59190
32
59560
105
59771
109
59971
112
60181
114
61223
111
61623
118
61764
118
61904
105
62314
115
62555
105
63566
32
65309
44
71458
32
72159
115
72359
111
72619
110
72799
111
72970
32
73230
116
73541
117
73921
116
74071
116
74282
101
74412
32
74742
99
75153
97
75283
114
75443
97
75714
116
75854
116
75974
101
76164
114
76355
105
76705
115
76925
116
77316
105
77536
99
77707
104
77837
101
77957
32
78137
100
78287
101
78438
108
78618
32
78928
99
79069
97
79509
108
79940
99
80080
101
80290
116
80420
116
80611
105
81262
32
81913
111
82033
32
82373
99
82564
104
82654
101
82754
32
84176
114
84566
105
84767
116
85017
114
85358
32
85468
101
86299
110
88672
32
90725
101
90825
32
91707
110
91827
101
91937
32
92197
102
92328
97
92628
110
92778
110
92958
111
93139
32
93750
117
93920
110
94070
32
94421
103
94881
105
95021
111
95502
99
95682
111
96103
32
97866
111
98006
32
98446
115
98647
112
98817
111
99217
114
99348
116
99518
32
00820
105
00990
110
01210
116
01371
101
01551
114
01711
101
02032
115
02152
115
02312
97
02412
110
02642
116
02763
101
03844
46
04004
32
06238
78
06448
101
06788
103
07069
108
07269
105
07389
32
07700
117
07930
242
07930
108
08561
32
09612
108
09763
116
09953
105
10153
109
10333
105
10474
32
10724
116
10884
101
11125
109
11335
112
11635
105
11826
32
12096
115
12356
105
12477
32
12657
115
12787
116
13258
97
13498
32
13718
97
14059
110
14389
99
14620
104
14780
101
14870
32
15020
100
15251
105
15551
102
15721
102
15841
111
16052
110
16753
100
16943
101
18004
110
18185
100
18365
111
18525
32
18635
108
18786
97
18926
32
21530
118
21680
101
21950
115
22281
32
22411
114
24854
115
25045
105
25185
111
25395
110
25886
101
26006
32
26146
100
26377
97
26477
32
26887
115
27178
112
27388
105
27518
97
27959
103
28089
103
28399
105
28560
97
28820
32
29962
100
30082
101
30262
108
30402
32
30663
99
30813
97
31193
108
31644
99
31844
101
32045
116
32175
116
32616
111
33096
58
33306
32
33447
105
33637
108
33777
32
34258
98
34398
101
34739
97
36521
99
38404
104
38965
45
39315
115
39586
111
39896
99
40046
99
40236
101
40407
114
41348
58
41568
32
42530
108
42700
101
42800
32
43782
112
44112
111
44453
114
44693
116
45204
105
45334
32
48018
105
48178
108
48348
32
48619
99
48799
97
49059
109
49480
112
49630
111
49780
32
50101
101
50261
32
53776
39
54978
32
55679
112
55869
105
56049
117
56500
39
56630
32
56910
103
57081
114
57241
97
57702
110
57922
100
58112
101
58262
32
59044
44
59214
32
59514
115
59775
111
59915
112
60325
114
60476
97
60596
116
60736
116
61197
117
61477
116
61577
116
62118
111
62258
32
62398
112
62629
117
63039
32
63450
105
63660
117
65202
236
66014
32
66314
48
66795
32
67386
39
67526
32
67866
108
68036
97
68317
114
68507
103
69058
111
70810
44
71031
32
71191
101
71371
32
72863
97
73134
110
73374
99
73584
104
73675
101
73815
32
74145
108
74315
101
74396
32
75087
112
75247
111
75447
114
75597
116
75748
101
75918
32
76368
115
76679
105
77260
32
77520
111
77740
110
77931
111
78091
32
78211
115
78391
101
79132
32
80174
115
80344
101
80524
110
80765
100
81085
32
81205
115
81356
105
82157
98
82377
105
82637
108
83148
109
83338
101
83429
110
83649
116
83779
101
83849
32
84460
112
06211
105
06392
117
07293
39
07483
32
07683
97
08164
109
08384
112
08595
105
03689
101
04040
46
04280
32
06383
73
06593
108
06804
32
07635
103
07945
105
08115
111
08736
99
09237
111
09578
32
09858
115
10118
117
10359
108
10529
108
10689
108
11410
32
11631
97
11751
32
12362
115
12702
112
12892
105
13023
97
13343
103
13473
103
13734
105
13874
97
14044
32
14324
101
14855
39
15025
32
15256
99
15446
101
15606
114
15776
116
16187
97
16758
109
16878
101
17008
110
17219
116
17299
101
17769
32
18410
112
18611
105
18781
117
19842
39
19993
32
20533
115
20694
112
20894
101
21835
116
21955
116
22116
97
22516
99
22726
111
22897
108
23027
97
23287
114
23447
101
23908
58
24149
32
30097
101
30448
236
30608
32
30988
97
31239
118
31569
32
31789
99
31970
105
32140
108
32300
101
32430
32
33161
118
33262
101
50396
102
57496
32
58217
236
58838
32
60030
39
64196
100
64346
101
64537
114
64637
101
64717
32
65858
115
66039
116
66690
111
66830
112
67020
32
67351
97
67641
108
68102
32
68773
118
69434
32
73209
116
73429
105
73650
114
73870
105
74000
32
74251
97
74371
108
74531
32
75192
118
75452
111
75613
108
75793
111
76754
46
79338
44
79598
32
79949
111
80149
112
80299
112
80580
117
81020
114
81140
101
81191
32
89422
116
89753
117
90564
32
92136
99
92407
111
92597
108
92857
112
93128
105
93829
32
04304
100
04414
105
04554
32
05205
116
05325
101
05536
115
05646
116
05806
97
05936
32
08550
105
08790
110
08960
32
09411
116
09722
117
10823
102
10973
102
11154
111
12486
32
12996
69
13277
39
13417
32
14148
99
14408
104
14619
105
14749
97
14949
114
15340
111
15490
32
15700
99
15860
104
15971
101
16101
32
16281
105
16431
108
16581
32
17282
66
17663
114
17803
97
18034
115
18234
105
18394
108
18514
101
18634
32
18935
101
19265
39
19415
32
19706
99
20096
97
20357
109
20557
112
20848
105
21008
111
21508
110
21619
101
21749
32
22360
100
22520
101
22650
108
22790
32
23191
109
23421
111
23822
110
24052
100
24242
111
24393
32
25374
97
26005
32
26716
97
27197
110
27537
99
27767
104
27858
101
27988
32
28268
100
28438
105
28559
32
28849
113
29029
117
29330
101
29600
116
30091
32
30461
115
31072
116
31192
97
31263
32
31543
115
31823
112
31954
101
32364
99
32574
105
32725
97
33866
108
34507
105
34768
116
34928
97
35489
39
36019
46
