07334
16
07374
65
07744
67
08275
8
09537
78
09667
67
09787
72
09928
69
10018
32
10358
83
10498
69
10599
32
10849
68
10949
73
11049
32
11239
77
11300
65
11520
84
11660
84
11910
73
12091
78
12281
65
12481
32
14224
83
14314
79
14494
78
14694
79
14825
32
15536
80
15796
73
16387
191
16487
32
16727
73
16918
83
17158
80
17569
79
18029
8
18250
73
18400
82
18640
65
18760
84
19121
79
19371
188
19491
32
19682
80
19792
82
19902
79
20062
86
20202
69
20292
82
21394
192
21534
32
23117
65
23227
32
23417
70
23587
65
23747
82
23958
69
24078
32
25370
8
25500
8
25630
8
25871
8
26061
8
26401
87
26541
67
26992
8
27132
8
27273
83
27473
67
27653
82
27803
73
28014
86
28154
69
28234
82
28444
69
28645
32
29836
81
29966
85
30077
83
30577
8
30677
65
30848
76
31018
67
31188
79
31358
83
31749
65
31899
32
32039
68
32170
73
32310
32
33081
73
33231
78
33301
84
33491
69
33562
82
33812
69
34092
83
34233
83
34433
65
34603
78
34733
84
35014
69
36035
32
36215
78
36436
79
36586
78
36726
79
36906
83
37047
84
37347
65
37527
78
37688
84
37888
69
38228
32
38429
76
38639
219
38969
79
39110
82
39240
65
39740
32
39931
73
40091
78
40281
73
40732
8
40972
79
41163
76
41413
84
41573
82
41693
65
42074
84
42284
65
45849
190
45979
32
47041
16
47101
67
47351
82
47492
69
47892
68
47992
79
48133
32
48423
67
48543
72
48633
69
48733
32
49154
85
49344
78
49464
32
49745
65
49915
82
50115
71
50266
79
50506
77
50666
69
50826
78
50947
84
51087
79
51207
32
51357
68
51447
73
51547
32
51728
84
51968
85
52138
84
52299
84
52419
79
52539
32
52739
82
52929
73
53190
80
53380
83
53711
8
53811
8
53951
83
54171
80
54612
69
54842
84
54952
84
55163
79
55303
32
55563
83
56084
8
56454
80
56645
79
56805
83
56955
83
57276
65
57436
32
57937
69
58147
83
58307
83
58507
69
58638
82
58778
69
58938
32
59679
76
59819
65
59940
32
60110
80
60280
82
60560
69
60911
80
61081
65
61201
82
61572
65
61832
90
61992
73
62073
79
62253
78
62423
69
62573
32
62713
68
62804
73
62934
32
63064
85
63244
78
63364
32
63835
67
63965
73
64576
8
64807
79
65007
67
65808
75
66068
84
66239
65
66439
73
66599
76
66789
32
68522
67
69303
72
69443
69
69523
32
69944
83
70134
74
70515
8
70745
73
70925
32
71146
65
71486
68
71606
68
71746
73
71917
67
72017
69
72197
32
72357
65
72488
76
72638
32
72868
67
73229
76
73769
73
73950
77
74080
65
74200
32
74470
69
74651
83
74821
84
74961
73
75121
86
75342
65
75762
8
75973
79
76453
16
76513
190
76634
32
77034
76
77144
65
77395
32
78516
67
79197
65
79337
73
79478
80
79908
73
80429
82
80709
73
81230
78
81450
72
81861
65
84525
32
84715
16
84805
56
85456
83
85596
69
85697
77
85897
80
86017
82
86247
69
86458
32
86748
67
86868
72
87008
69
87129
32
87479
83
87629
73
88090
32
90093
83
90263
67
90463
82
90594
73
90724
86
90864
65
91004
32
91275
67
91385
79
91625
83
92787
221
93187
16
93318
57
93898
190
95040
32
04764
16
04924
80
05034
82
05235
69
05755
8
05896
8
05986
8
06366
16
06486
80
06877
82
07047
69
07217
78
07468
68
07588
73
07969
65
08089
77
08259
79
08379
32
08559
73
08720
78
08880
78
09210
65
09471
78
10402
90
10552
73
10963
84
11133
85
11343
84
11474
84
11694
79
11874
32
12685
77
13567
8
13827
85
14027
78
14157
32
14999
76
15169
73
15389
77
15559
69
15710
32
16271
16
16381
56
16661
85
16821
78
16891
65
17012
32
17202
83
17422
80
17582
69
17813
67
17973
73
18283
69
18414
32
18544
68
18684
73
18784
32
19255
76
19415
73
19595
77
19786
79
20096
78
20797
69
20957
32
22660
86
22820
69
23090
82
23281
68
23431
69
23641
188
23771
32
23982
84
24112
73
24322
80
24512
73
24893
67
25003
79
25123
32
25283
68
25444
69
25524
76
25704
32
25974
66
26615
8
26786
16
26876
66
27036
82
27577
65
27917
83
28007
73
28248
76
28418
69
28658
16
28789
57
30080
32
30551
69
30731
32
30892
84
31062
65
31362
76
31873
8
32043
71
32203
76
32474
65
32995
8
33255
73
33395
65
33495
77
33666
79
33916
76
34096
76
35017
8
35328
79
35468
32
35779
65
35879
32
36169
80
36440
69
36830
90
36980
90
39724
69
39945
84
40185
84
41216
73
41537
77
41977
8
42668
188
42789
32
43099
78
43259
79
43440
78
43780
32
44050
84
44221
82
44391
79
44691
80
44852
80
45062
79
45192
32
45503
80
45783
73
46013
67
46143
67
46384
79
46574
76
46754
79
47245
8
47495
73
49488
190
53875
32
54586
16
54636
82
55347
73
55547
67
55787
79
55968
80
56078
82
56278
73
56709
65
56839
77
57019
79
57159
32
57380
67
57480
79
57650
78
57800
32
58011
81
58131
85
58371
69
59172
83
59312
84
59463
73
59583
32
59793
73
59953
76
60084
32
60234
70
60364
79
60544
78
60734
68
60855
79
61005
32
61636
68
61796
69
61896
76
62066
32
62337
66
62647
73
62968
67
63328
67
63488
72
63639
73
63829
69
63959
82
64109
69
64730
32
78260
69
78420
32
79011
83
79371
80
79572
79
79822
76
80022
86
80182
69
80283
82
80493
73
80653
65
80793
77
80954
79
81094
32
81294
67
81384
79
81554
78
81715
32
81895
84
82346
82
82536
69
82746
32
82956
67
83137
85
83427
67
83597
67
83748
72
83898
73
84078
65
84278
73
84549
32
84979
68
85049
73
85170
32
85320
90
85700
85
85951
67
86091
67
86652
72
86902
69
87022
82
87263
79
87383
32
87533
68
87633
73
87753
32
87924
67
88174
65
88404
78
88534
78
88645
65
89205
190
89356
32
89576
16
89696
80
90417
8
90587
16
90677
80
91399
79
91569
73
91759
32
92080
67
92190
79
92360
78
92520
32
92700
85
92881
78
93001
32
93201
80
93371
69
93752
83
93902
84
94072
69
94273
76
94413
76
94573
79
94753
32
96035
83
96486
67
96576
72
96766
73
96826
65
97177
67
97317
67
97457
73
97587
65
97708
77
97848
79
04808
32
04998
73
05208
76
05329
32
05649
84
05959
85
06090
84
06210
84
06891
79
07051
32
07472
86
07592
73
07842
71
08032
79
08183
82
08633
79
09314
83
09765
65
09945
77
10156
69
10286
78
10486
84
10676
69
13991
190
14181
32
14672
16
14742
65
15023
71
15163
71
15403
73
15573
85
15764
78
15974
71
16144
73
16254
65
16435
77
16635
79
16795
32
18938
85
19108
78
19209
65
19379
32
19619
77
19719
65
19839
78
20030
67
20230
73
20370
65
20591
84
20821
65
20981
32
21402
67
21492
79
21682
78
21812
83
21962
73
22093
83
22343
84
22493
69
22884
78
23064
84
23224
69
23375
32
23725
68
23885
73
24076
32
24436
71
24606
73
25067
8
25297
72
25458
73
25658
67
26319
8
26429
65
26669
67
26799
67
26990
73
27100
79
27270
32
28001
65
28111
32
28382
80
28512
69
28762
90
28933
90
29133
69
29353
84
29644
84
29984
73
34791
32
36764
16
36834
56
37084
78
37234
79
37395
78
37565
32
37865
84
38166
82
38376
79
38636
80
38847
80
39097
79
39227
32
39568
84
39708
82
39898
73
40169
84
40529
65
40639
84
41160
79
41781
188
41911
32
42662
68
43123
69
43333
86
43463
69
48090
32
48310
69
48541
83
48681
83
48881
69
48971
82
49102
69
49332
32
51385
80
51545
73
51695
85
51936
84
52056
84
52226
79
52376
83
52737
84
52967
79
53137
32
53428
71
53588
82
53848
69
54119
90
54259
90
54559
79
54850
16
54980
57
58705
32
58896
69
59056
82
59587
8
60007
32
60338
82
60548
73
62321
77
62511
69
62811
83
63632
67
63743
79
63903
76
64073
65
64564
8
64804
73
65004
65
65074
77
65235
79
65365
32
66326
73
66517
76
66617
32
66847
84
66997
85
67147
84
67288
84
67428
79
67548
32
67808
67
67868
79
68059
78
68219
32
68439
85
68630
78
68730
32
68950
67
69030
72
69210
73
70052
8
70302
8
70582
85
70773
67
70903
67
71083
72
71263
73
71624
65
72185
73
72665
79
73106
190
73266
32
73617
16
73677
65
74087
71
74218
71
75009
73
75179
85
75439
78
75780
71
75920
73
76471
65
76611
77
76771
79
76901
32
77392
77
77522
69
77803
83
78283
8
79525
8
80076
8
84372
67
84623
65
85033
67
85183
72
85374
65
85975
67
88328
8
88478
8
89810
65
90131
67
90291
65
93245
32
93866
16
93956
56
94437
83
94607
69
94817
77
95488
80
95658
82
95849
69
96029
32
97121
8
97271
8
97601
8
97771
8
97962
8
98112
8
98302
8
98693
78
98853
79
99023
78
99163
32
99364
77
99524
73
99644
32
99895
82
99985
73
00135
67
00255
79
00465
82
00726
68
00856
79
01006
32
01687
76
01857
79
01958
32
02108
83
02318
80
02458
69
02659
76
02789
76
02949
73
03139
78
03329
71
03800
16
03980
57
04942
32
05292
81
05412
85
05543
65
05723
78
05883
84
06043
79
06164
32
06674
66
06804
65
07025
83
07265
84
07395
65
08567
32
08978
69
09148
32
09278
83
09418
69
09478
82
09789
86
09949
73
10300
65
10470
77
10670
79
10840
32
11221
67
11311
79
11722
78
11922
32
12172
85
12342
78
12513
32
12693
65
13284
8
13404
8
13754
65
13975
32
14275
67
14606
65
14776
78
14906
78
15908
85
16088
67
16228
67
16609
73
16839
65
16969
32
17370
67
17470
72
17590
69
17670
32
18001
80
18241
69
18501
83
19833
67
19933
72
20124
73
20234
32
20554
83
20664
85
20825
76
20945
32
21175
70
21275
79
21456
78
21686
68
21856
79
22207
190
23378
8
23879
8
23919
8
23949
8
23989
8
24019
8
24049
8
24089
8
24119
8
24159
8
24189
8
24230
8
24260
8
24290
8
24330
8
24360
8
24400
8
24430
8
24470
8
24500
8
24530
8
24570
8
25912
190
