34931
80
35052
82
35152
79
35442
71
35632
82
35773
65
36083
77
36223
77
36343
65
36464
32
37085
8
37585
8
37625
8
37655
8
37695
8
37725
8
37756
8
37796
8
37826
8
37866
8
37896
8
37936
8
37966
8
38386
16
38497
80
38717
82
38937
79
39107
71
39298
82
39558
65
39758
77
39909
77
40059
65
40169
32
40429
80
40509
69
40560
82
40680
32
40950
79
41120
71
41281
71
41391
73
41841
16
41952
190
42092
32
44195
70
44335
65
44435
82
44565
69
44756
32
49703
76
49853
65
49943
32
50103
80
50284
65
50474
82
50704
84
50874
69
51005
32
51595
82
51776
69
52106
76
52216
65
52467
84
52647
73
52787
86
52967
65
53178
32
53378
65
53558
76
53708
32
53959
68
54149
69
54409
83
58035
8
58355
8
58555
8
59427
67
59647
69
59787
76
59957
76
60218
85
60408
76
60588
65
60849
82
60949
69
62751
32
63082
16
63162
56
63623
67
63743
79
63903
78
63973
84
64143
82
64374
79
64584
76
64714
76
64905
65
65015
82
65165
69
65586
32
68460
73
68580
32
68790
76
68980
73
69171
83
69301
84
69481
65
69551
84
69762
73
75229
32
75660
80
75740
69
75800
82
76251
67
76401
72
76762
16
77152
186
77212
32
77563
77
77743
73
77823
32
78124
83
78344
65
78474
32
80357
67
80487
72
80557
69
80677
32
80968
67
81739
219
82079
186
82189
32
82620
81
82730
85
83161
65
83231
76
83662
67
83822
72
84242
69
84423
32
85354
73
85524
78
85714
67
85825
79
86225
69
86436
82
86626
69
86856
78
87297
90
87547
65
87858
16
88068
57
91653
32
92434
86
92594
69
92805
68
92975
69
93095
82
93215
69
93376
32
93696
83
93956
69
94087
32
94367
70
94477
85
94868
78
95178
90
95248
73
95408
79
95599
78
95699
65
95879
32
99284
73
99454
78
99534
32
99775
77
00005
79
00235
68
00356
79
00486
32
03720
79
03981
77
04221
73
04752
8
05072
79
05273
71
05443
69
06004
78
06284
69
06444
79
06905
32
07245
16
07426
56
07806
83
07926
79
08147
80
08277
82
08487
65
08788
84
09158
85
09519
8
09619
84
09909
85
10049
84
10610
84
10981
79
11111
32
12553
76
12753
65
12843
32
13034
80
13124
65
13284
82
13555
84
13865
69
14005
32
14175
68
14336
69
14376
76
14506
32
14786
80
14886
69
14947
82
15227
67
15417
79
15617
82
15948
83
16088
79
16148
32
16349
65
16529
32
17020
66
17210
82
17320
73
17510
67
17660
73
17891
76
18121
79
18472
8
18602
8
18892
79
19123
76
19263
69
19333
32
19523
68
19613
73
19673
32
19894
80
20054
65
20164
78
20675
69
22608
32
22858
68
23299
69
23489
86
23619
69
23789
32
24010
65
24220
86
24360
69
24470
82
24721
69
24981
32
25181
73
25351
32
25592
76
25782
73
25972
78
26173
75
26323
32
26633
65
26854
80
27014
80
27124
82
27775
79
28015
80
28186
82
28326
73
28776
65
28897
84
29037
73
29768
16
29848
57
35116
16
35156
188
35286
32
36788
80
37409
65
37619
83
37839
83
38010
65
38090
82
38300
69
38450
32
38851
65
39001
76
39151
76
39332
65
39452
32
39922
80
40043
65
40453
82
40593
84
40794
69
41004
32
41354
68
41525
69
41755
75
42316
8
42436
83
42987
75
43337
84
43498
79
43678
80
43868
32
44950
8
45360
16
45480
190
45661
32
46221
77
46322
65
46442
78
46872
67
47003
65
47263
32
47804
76
47974
65
48064
32
48234
83
48355
69
48595
90
48735
73
49126
79
49356
78
49616
32
50107
8
50247
69
50408
32
50568
68
50718
73
50808
32
51209
68
51349
79
51729
87
51940
78
52340
76
52681
79
52821
65
53131
68
53282
32
54133
77
54283
65
54403
32
55305
81
55455
85
55605
69
55815
83
55966
84
56166
79
56246
32
56747
68
56847
73
57067
80
57177
69
57408
78
57608
68
57858
69
58018
32
59681
68
59901
65
60172
76
60292
32
60863
67
60963
79
61143
77
61323
77
62084
73
62365
84
62615
84
62795
69
62956
78
63116
84
63286
69
63586
188
63737
32
63937
81
64067
85
64307
73
64508
78
64628
68
64768
73
65089
188
65239
32
65509
70
65619
73
65860
78
66050
67
66140
72
66681
16
66941
186
67051
32
67452
78
67592
79
67762
78
67873
32
68093
77
68283
73
68393
32
68604
68
68744
65
68894
78
69305
78
69525
79
69615
32
69865
73
70056
76
70176
32
70356
77
70617
65
70817
84
70987
69
70997
82
71498
82
71648
73
71798
65
72349
8
72529
8
72670
8
73150
73
73371
65
73531
76
73741
69
74011
188
74182
32
74422
78
74612
79
74702
78
74863
32
75083
80
75263
79
75433
83
75604
83
75774
79
75904
32
76175
70
76305
65
76405
82
76575
69
76715
32
77126
78
77607
73
77837
69
77987
78
78318
84
78498
69
80170
16
80240
188
80731
32
80871
81
81803
8
82093
71
82223
85
82424
65
82754
82
82984
68
83135
65
83245
82
83495
69
83796
32
84316
76
84416
65
84597
32
84947
80
85077
65
85198
82
85398
84
85528
69
85708
32
86439
71
86600
82
86780
65
87000
70
87160
73
87321
67
87751
65
88883
16
88963
190
89163
32
89444
83
89604
79
89794
83
89974
84
90245
73
90565
84
91206
85
91386
73
91677
82
91847
69
92017
32
92508
76
92698
65
93199
32
95683
66
95813
65
95963
82
96203
82
96364
82
96524
65
96664
32
97375
8
97545
8
97726
8
98026
65
98156
32
98316
68
98457
73
98557
32
98767
78
98947
65
99118
86
99308
73
99508
71
99678
65
00099
90
00229
73
00359
79
00530
78
00670
69
01541
32
01711
16
01851
56
02342
79
02522
32
02763
73
02943
78
03113
84
03233
69
03634
71
03804
82
03975
65
04696
82
04916
76
05156
65
05697
16
05707
57
19948
32
20869
8
21730
16
21810
188
21970
32
22271
83
22391
69
22541
32
22772
78
22922
69
23142
67
23312
69
23543
83
23733
83
23913
65
23963
82
24154
73
25185
73
25325
79
25806
8
25916
8
26227
79
26387
32
26627
77
26817
69
27138
84
27288
84
27448
69
27558
82
27769
69
27989
32
28219
65
28440
78
28560
67
28710
72
28760
69
28920
32
36642
81
36772
85
36932
69
37122
76
37272
76
37753
69
37893
32
38224
82
38344
73
38534
70
38805
73
38985
78
39496
73
39696
84
39836
85
40016
82
40287
69
40467
32
40607
65
40948
73
41038
32
41238
84
41809
73
41949
84
42079
73
42480
8
42921
79
43121
76
43281
73
43561
190
43702
32
44052
16
44142
80
44373
79
44553
73
44873
83
45344
8
45705
32
45955
78
46115
79
46576
78
47046
32
47277
83
47417
79
47667
78
47868
32
48248
8
48408
8
48689
32
49160
83
49300
69
49410
32
49911
77
50111
79
50301
78
50822
8
50982
8
51152
8
51483
68
51623
69
51843
86
51984
69
52154
32
54117
86
54267
69
54397
78
54637
73
54828
82
54988
69
55158
32
55539
16
55589
77
55779
79
55939
78
56099
73
56200
67
56370
65
56710
188
56800
32
57091
73
57281
78
57391
32
57592
81
57692
85
57812
69
57992
83
58102
84
58243
79
58383
32
58683
67
59084
65
59254
83
59484
79
59815
188
60386
32
61688
67
61838
73
61988
32
62379
77
62499
69
62709
84
62879
84
63039
69
63130
82
63410
69
63620
77
63891
79
64081
32
64361
84
64552
82
64752
65
65012
32
65443
77
65573
69
65833
83
66444
8
66514
90
66695
90
67015
48
67606
8
68487
219
68948
73
70120
8
71051
79
71221
82
71381
65
71532
32
71782
69
72052
68
72213
32
72373
85
72603
78
73084
219
73374
79
73535
82
73705
65
74326
16
74396
190
74486
32
74786
67
74856
72
75067
73
75217
69
75427
68
75588
69
75708
82
75818
69
76008
76
76369
221
76559
8
76729
8
76879
8
77210
76
77380
69
77470
32
77981
73
78191
77
78341
77
78612
65
78882
71
79063
73
79243
78
79413
73
79623
32
80044
80
80154
69
80244
82
80324
32
85592
72
85762
79
85962
77
86123
69
86593
80
86703
65
86834
71
86984
69
89067
32
89197
69
89498
32
91631
65
91811
70
92382
8
92552
8
92942
76
93183
219
93393
65
93603
70
93754
70
94074
65
94124
82
94274
69
94525
32
94735
68
94905
69
95005
76
95196
76
95566
69
95767
32
96027
73
96247
69
96468
8
96658
8
96868
69
97088
78
97249
84
97379
73
97629
84
97960
222
98951
190
99772
32
01985
16
02066
77
02276
65
02376
78
02516
68
02676
65
02857
82
02987
69
03217
32
03408
65
06432
76
06612
76
06913
32
07233
80
07403
82
07543
79
07724
70
08034
190
08405
83
08565
83
08855
65
09066
32
11539
76
12280
69
12761
32
12981
80
13121
65
13292
82
13512
84
13722
73
13812
32
14013
78
14193
85
14373
79
14584
86
14874
69
14964
32
15325
68
15435
73
15525
32
15775
84
15936
69
16326
83
16617
73
17037
16
17127
219
17318
32
18139
16
18149
70
18369
79
18509
82
18800
83
18970
69
19070
32
19461
186
19631
32
19851
77
20031
69
20222
71
20352
76
20522
73
20652
79
20752
32
21994
82
22134
73
22325
76
22425
69
22665
71
22825
71
23006
69
23126
82
23436
76
23567
69
23747
32
24328
80
24588
82
24758
73
24979
77
25119
65
25279
32
26190
8
26631
190
