50460
16
50500
69
50610
67
51121
67
51231
79
51391
32
51862
81
52012
85
52172
73
52793
188
52963
32
53123
65
53384
32
53584
71
53774
82
53905
65
54045
78
54215
68
54525
69
54696
32
54976
82
55076
73
55186
67
55287
72
55457
73
55587
69
55797
83
55967
84
56078
65
57089
188
57269
32
57590
73
57890
76
58010
32
58161
78
58361
85
58511
79
58681
86
58822
79
59653
32
60113
67
60334
65
60484
80
60654
73
60875
84
60985
79
61185
76
61375
79
61515
32
61666
68
61836
69
61996
76
62186
76
62327
65
62447
32
62617
83
62807
65
63018
71
63198
69
63789
8
65862
65
67043
16
67073
190
67224
32
70428
85
70609
78
70809
65
71870
32
72101
78
72541
8
72852
77
73312
65
73463
73
73643
76
73783
32
73963
65
74124
76
74274
32
74484
71
74584
73
74765
79
74945
82
75155
78
75325
79
75646
188
75786
32
76036
84
76126
79
76477
71
76567
76
76737
73
76858
79
77078
69
77348
8
77488
8
77629
69
77779
32
77999
73
78169
76
78310
32
78470
77
78600
69
78840
68
78920
73
79071
67
79171
79
79321
32
79561
68
79762
73
79882
32
80072
84
80182
79
80363
82
80643
78
80853
79
81264
190
81434
32
81825
16
81945
73
82325
8
82656
16
82776
71
83006
76
83187
73
83347
32
83497
65
83697
82
83918
71
84098
79
84318
77
84509
69
84619
78
84769
84
84929
73
85059
32
85350
68
85440
73
85560
32
85981
79
86091
71
86271
71
86411
73
86551
32
87533
78
87723
79
87883
78
88024
32
88324
83
88384
79
88594
78
88785
79
88875
32
89416
80
89536
65
89716
82
89976
84
90307
73
90637
67
90737
79
90928
76
91038
65
91178
82
91709
77
91829
69
91929
78
92069
84
92230
69
92340
32
92630
79
92730
82
92871
73
93111
71
93261
73
93471
78
94002
65
94142
76
94423
73
95835
188
95965
32
97898
8
98048
8
98509
16
98749
190
98889
32
99230
79
99240
67
99510
77
99790
8
99931
8
00071
8
00341
67
00441
79
00632
77
00802
69
00902
32
01433
73
01593
69
01693
82
01954
73
02374
188
02504
32
03436
85
03626
78
03756
32
04337
77
04527
73
04657
79
04828
32
05058
65
05208
77
05389
73
05529
67
05629
79
05779
32
06120
83
06250
73
06360
32
06580
83
06791
84
06931
65
07211
32
07441
76
07892
65
08153
85
08313
82
08523
78
09034
8
09144
69
09484
65
09585
78
09775
68
09945
79
10276
188
10696
32
10947
77
11097
65
11247
32
11457
73
11618
79
12789
32
14361
8
14872
8
14902
8
14942
8
14972
8
15002
8
15042
8
15072
8
15543
32
15743
80
15944
82
16034
79
16484
80
16635
82
16745
73
16935
79
17095
32
19379
81
19489
85
19749
73
20090
32
20380
65
20570
68
20701
32
21031
16
21101
73
21261
78
21422
70
21792
79
22022
82
22223
77
22333
65
22613
84
22754
73
22874
67
23094
65
23424
188
23635
32
23985
77
24085
65
24196
32
24646
73
24826
79
24977
32
25277
72
25417
79
25528
32
25728
85
25928
78
26078
32
26399
65
26589
80
26719
80
27080
85
27300
78
27500
84
27741
65
28001
77
28221
78
28372
84
28842
8
28962
8
29133
69
29373
78
29523
84
29754
79
29924
32
30455
16
30485
56
30835
68
30915
73
31075
32
31256
76
31426
65
31686
86
31797
79
31947
82
32077
79
32347
16
32477
57
32638
32
32988
69
33118
32
33289
78
33419
79
33559
78
33679
32
33849
80
34040
79
34150
83
34290
83
34430
79
34651
32
35181
65
35312
78
35492
68
35632
65
35762
82
36113
69
36343
190
36533
32
37044
16
37094
65
37935
32
38086
80
38226
82
38366
79
38626
80
38807
82
38977
79
39327
8
39438
8
39708
79
39868
83
40018
73
40189
84
40409
79
40689
188
40840
32
44134
67
44224
79
44395
76
44485
69
44925
73
45046
32
45266
76
45356
65
45486
32
45867
81
45977
85
46117
65
46217
76
46458
69
46618
32
46878
68
46998
79
47249
86
47469
69
47729
86
47900
65
48080
32
50293
86
50443
69
50634
78
50844
73
51044
82
51275
69
51445
32
51725
65
51925
32
52176
81
52316
85
52416
69
52697
83
52847
84
52987
79
53087
32
53307
65
53588
80
53738
80
53878
85
54059
78
54199
84
54399
65
54609
77
54840
69
54980
78
55130
84
55481
79
55611
32
55941
78
56081
79
56222
78
56342
32
56702
83
56792
73
56953
32
57203
186
57413
32
57814
70
57954
65
58124
84
58255
84
58415
65
58635
32
58946
65
59086
78
59226
67
59366
79
59617
82
59837
65
60007
32
60768
86
60918
69
61119
68
61289
69
61399
82
61509
69
61750
188
61890
32
62501
83
62641
80
62761
82
62911
69
63342
8
63442
8
63582
69
63762
82
64023
79
64313
32
64564
78
64684
79
64814
78
64954
32
65485
83
65645
73
65775
32
65966
84
66136
82
66276
65
66456
84
66587
84
66717
73
66837
32
66957
68
67067
73
67187
32
67378
85
67568
78
67678
32
67868
66
68079
73
68389
68
68509
73
68730
79
68970
8
69100
8
69330
79
69511
78
69641
69
69881
188
70342
13
70592
190
71233
8
71694
8
71974
8
72335
189
72846
8
73527
190
73697
32
74047
16
74117
83
74288
79
74728
8
74979
80
75129
69
75259
82
75529
73
75770
77
75820
65
76050
79
76501
8
76631
8
76811
8
77082
65
77572
77
77733
79
78003
188
78143
32
78564
72
78694
79
78824
32
78984
85
79155
78
79305
32
79465
83
79786
65
79986
67
80116
67
80236
79
80767
32
80907
68
81057
73
81168
32
81338
67
81808
79
81969
83
82179
69
82359
32
82670
68
82800
65
82950
32
83090
70
83591
65
83711
82
83831
69
84432
188
84552
32
84703
78
84863
65
85093
84
85303
85
85514
82
85714
65
86355
76
86625
77
86776
69
86896
78
87046
84
87286
69
87416
32
87897
80
88057
69
88077
82
88248
32
88448
76
88608
65
88728
32
88879
84
89039
69
89860
83
90110
73
90251
32
90551
69
90651
32
90851
78
90972
79
91142
78
91282
32
91552
80
91723
79
91903
83
92053
83
92193
79
92334
32
92544
80
92654
69
92754
82
93265
77
93365
69
93575
84
93696
84
94076
69
94206
82
94557
77
94747
73
94877
32
95037
68
95128
73
95228
32
96309
83
96389
80
96490
82
96600
69
96960
67
97271
65
97381
82
97541
69
97691
32
98553
68
98563
8
99093
68
99254
69
99404
76
99574
76
99664
69
99804
32
00005
79
00185
82
00325
69
00495
32
00615
68
00726
73
00856
32
01387
68
01537
85
02218
82
02408
79
02538
32
02819
76
03039
65
03269
86
03379
79
03490
82
04251
79
04812
190
05232
16
05693
32
05873
16
05993
73
06163
78
06304
32
07235
79
07636
71
07776
78
07936
73
08066
32
08256
83
08737
8
08817
67
09058
65
09588
83
09829
79
09969
32
10319
83
10440
80
10560
69
10700
82
10970
79
11121
32
13174
68
13234
73
13364
32
13644
67
13654
86
14105
8
14315
65
14465
86
14676
65
14976
82
15166
77
15397
69
15747
76
15927
65
16018
32
16268
73
16488
78
16639
32
16889
85
17079
78
17269
219
17500
79
17650
82
17840
69
18061
84
18201
84
18331
65
18471
32
18782
69
19212
8
19813
80
19933
69
20013
82
20314
67
20424
72
20945
16
21265
186
21355
32
21596
68
21746
79
21936
80
22136
79
22277
32
22577
68
22767
69
22958
86
23058
79
23168
32
23779
67
23919
79
24099
78
24269
84
24740
73
25111
78
25321
85
25491
65
25651
82
25782
69
25932
32
26182
67
26282
79
26463
78
26623
32
26793
76
26973
65
27064
32
27244
77
27424
73
27664
65
27754
32
27935
84
28075
69
28265
83
28435
73
28586
32
28866
67
28976
72
29086
69
29197
32
29357
83
29507
69
29908
32
30108
67
30248
79
30408
78
30599
84
30979
73
31410
78
31610
85
31750
65
31870
32
32481
67
32621
79
32792
83
34584
221
34704
32
34995
67
35205
79
35355
78
35876
8
36016
8
36437
8
36697
78
36908
79
37158
78
37298
32
37488
76
37619
65
37739
32
37949
70
38039
73
38210
78
38370
73
38540
83
38750
67
38911
79
39031
32
39291
77
39421
65
39521
78
39792
67
39962
79
40092
32
40803
80
40953
69
41044
82
41224
32
41484
76
41675
65
41845
32
42305
80
42396
69
42786
78
43016
83
43187
73
43377
79
43707
78
43908
69
45991
190
46201
32
49926
16
50006
80
50167
82
50627
83
50758
79
50908
32
51368
8
51509
8
51639
8
51779
8
52450
82
52790
69
52981
83
53131
79
53241
32
53532
68
53652
65
53772
32
53952
85
54132
78
54313
32
54813
8
54964
8
55114
65
55695
8
55955
78
56165
65
56265
32
56416
67
56636
82
57017
8
57087
69
57217
82
57447
84
57597
65
57748
32
58439
70
58579
73
59110
8
59961
79
60662
71
60792
65
60942
32
61884
68
62064
69
62264
86
62374
79
62514
32
63386
84
63516
79
63636
82
63796
78
63967
65
64227
82
64377
69
64557
32
64778
65
64978
32
65198
83
65369
67
65569
82
65799
73
65979
86
66140
69
66260
82
66470
69
67241
32
67652
76
67832
69
70095
8
70546
8
71387
71
71447
76
71608
73
71718
32
71978
65
72088
80
72228
80
72379
85
72579
78
72749
84
72829
73
72929
32
73280
68
73410
73
73520
32
73721
76
73881
65
74141
86
74281
79
74452
82
74992
73
75573
188
75693
32
75884
80
76024
69
76084
82
76244
32
76815
65
77045
68
77226
69
77416
83
77566
83
77837
79
78387
32
80150
80
80240
65
80611
83
80781
83
80971
79
81091
32
81962
69
82093
32
82313
67
82413
72
82573
73
82824
85
83324
68
83625
79
84085
190
89914
16
89994
80
90114
69
90214
82
90485
32
90665
73
90825
76
90925
32
91116
77
91316
79
91777
77
91907
69
91997
78
92207
84
92347
79
92458
32
92868
68
93018
69
93229
86
93399
79
93599
32
99227
8
02302
79
05246
8
05526
16
05697
188
09672
8
10023
188
10163
32
10714
67
10934
73
11034
32
11174
83
12196
69
12336
78
12466
84
12617
73
12757
82
12927
69
13408
77
13668
79
13748
32
15220
8
15481
188
15681
32
15891
72
16122
79
16492
8
16612
8
17003
66
17263
73
17584
72
17784
188
17984
32
18545
8
18665
8
18805
8
18916
8
19256
73
20117
8
20368
79
20798
72
21269
188
21409
32
21850
86
21990
69
22100
78
22240
69
22451
82
22691
68
23662
221
23813
32
24053
79
24413
32
25615
71
25986
73
26647
191
26737
32
27037
68
27147
73
27238
32
27428
76
28720
221
29220
190
38263
188
