06453
16
06544
69
06974
72
07194
188
07475
32
07725
71
07795
73
08086
16
08096
222
08596
8
09297
222
09408
32
10299
81
10429
85
10569
65
10950
83
11080
73
11220
32
11481
77
11681
73
11811
32
11971
68
12071
73
12302
77
12452
69
12562
78
12672
84
12843
73
13433
67
13614
65
13854
86
14034
79
14164
32
14295
68
14465
69
14595
76
14735
76
14966
219
15126
69
15336
83
15506
80
15657
69
15757
82
16027
82
16558
8
16808
73
17119
77
17329
69
17459
78
17609
84
17930
79
18481
188
18891
8
19622
190
19773
32
20103
16
20163
80
20313
69
20413
82
20554
32
20854
70
21004
79
21155
82
21515
84
21655
85
21856
78
22006
65
22206
32
23057
72
23197
79
23308
32
23478
77
23598
69
23828
83
23969
83
24079
79
24209
32
24359
73
24519
76
24640
32
24820
76
25010
73
25170
78
25371
75
25531
32
25801
68
25951
69
26072
76
26242
76
26432
76
26552
65
26873
8
27023
8
27303
65
27434
32
27664
80
27844
79
27954
83
28145
84
28285
65
28465
32
28605
68
28886
73
29156
82
29286
69
29466
84
29607
84
29807
65
29987
77
30067
69
30228
78
30418
84
30618
69
30728
32
30949
83
31089
85
31249
76
31379
32
31620
68
31770
69
31960
83
32721
75
33322
84
33462
79
33652
80
33833
32
34333
67
34464
79
34804
69
35305
8
35435
83
36677
221
36797
32
37268
80
37398
82
37538
73
37748
77
37939
65
38039
32
38279
79
38469
32
38720
80
38890
79
39351
73
39521
32
39751
77
39922
73
40022
32
40452
67
40602
65
40803
83
40943
69
41093
32
41394
8
41554
8
41714
8
41964
68
42105
69
42295
32
42485
76
43036
219
43397
79
43577
67
43747
67
44118
72
44398
73
44708
79
47452
188
47593
32
48494
65
48684
83
48944
84
49145
73
49415
71
49605
65
49756
77
50116
8
50256
8
50477
77
50577
65
50687
84
50897
73
51058
83
51498
77
51688
79
51809
32
52069
80
52179
69
52269
82
52500
77
52640
69
52820
84
52930
84
53431
69
53621
78
54052
68
54222
79
54543
190
54713
32
55534
16
55634
73
55774
69
55894
82
56105
73
56215
32
56485
78
56605
65
56816
84
56996
85
57216
82
57377
65
57617
76
58138
77
58308
69
58448
78
58518
84
58839
79
58989
32
59379
8
59520
8
59880
69
60020
32
60501
78
60661
79
60812
78
60922
32
61172
76
61402
219
61863
72
62023
79
62123
32
62434
70
62584
65
62814
84
62965
84
63365
32
63976
8
64277
73
64287
79
64727
8
64877
8
65178
79
65388
32
65999
16
66089
56
66540
76
66780
219
67000
69
67191
83
67431
80
67551
69
67661
82
67962
77
68412
8
68653
73
68843
77
69434
69
69524
77
69925
78
70175
8
70315
8
70536
78
70696
84
70836
79
71166
188
71327
32
71537
67
71617
72
71797
73
71928
65
72128
82
72308
79
74241
16
74381
48
74621
32
75032
8
75182
8
76144
16
76224
57
76764
32
79148
86
79268
73
79408
83
79538
84
79669
79
79799
32
80169
67
80290
72
80430
69
80560
32
82683
69
82793
82
82943
65
83054
32
84335
16
84486
83
84736
65
84946
78
85137
32
85607
16
85717
71
85868
73
86058
79
86188
86
86328
65
86549
78
86709
78
86879
73
87069
32
87460
69
87610
32
88531
68
89042
65
89182
32
90154
81
90294
85
90404
69
90644
83
90795
84
91085
32
91486
8
91646
69
91776
32
92046
80
92287
65
92607
82
92778
84
92998
73
93158
32
94300
186
94380
32
94620
70
94830
69
95041
83
95241
84
95391
65
95862
190
96473
8
96883
16
97384
16
97414
16
97454
16
97484
16
97524
16
97554
16
97594
16
97624
16
97645
190
97805
32
98295
69
98556
66
98696
66
98826
69
98986
78
99277
69
99447
32
99627
83
00559
221
00669
32
01460
78
01760
78
02001
32
02301
8
02431
8
02712
79
02862
78
03092
32
03323
83
03443
79
03633
78
03773
79
03944
32
04124
68
04224
73
04394
32
04805
16
04925
84
05055
79
05195
82
05766
79
06107
8
06357
73
06677
78
06908
79
07178
188
07338
32
07809
77
07969
65
08090
32
08700
81
08891
85
09111
65
09241
78
09431
68
09692
79
09862
32
10223
67
10463
219
11434
186
11514
32
11775
68
11905
65
13477
32
14208
70
14399
69
14589
83
14769
84
14929
69
15300
71
15440
71
15670
73
15941
65
16191
82
16361
69
17663
8
18164
8
18194
8
18234
8
18264
8
18304
8
18334
8
18374
8
18404
8
18434
8
18474
8
19055
76
19216
85
19426
67
19596
82
19796
65
19987
82
20157
69
20297
32
20527
85
20718
78
20878
32
21108
71
21208
73
21349
79
22360
82
22480
78
22640
79
22791
32
22931
68
23041
73
23161
32
23512
71
23962
8
24073
70
24233
69
24443
83
24583
84
24743
65
25414
188
25585
32
25785
65
25965
76
26075
32
26536
66
26776
65
27017
78
27217
68
27357
79
27507
32
27698
73
27858
76
27988
32
28499
67
28779
65
30041
77
30362
80
30572
65
30732
78
30932
73
31123
76
31293
73
31563
83
31764
77
32404
79
34327
188
34477
32
35269
86
35399
65
35559
32
35809
66
35960
69
36110
78
36280
69
36400
32
36691
84
37001
85
37191
84
37312
84
37712
79
38623
190
38804
32
44562
16
44692
84
44832
82
45103
65
45323
32
45974
76
46475
69
46625
32
46865
84
47056
65
47296
78
47686
84
48107
69
48277
32
49880
79
49990
83
50150
83
50350
69
50490
82
50741
86
50931
65
51222
90
51502
79
51702
78
52043
8
52163
8
52423
73
52584
79
52784
78
52964
73
53114
32
53455
68
53605
65
53695
32
53915
70
54066
65
54496
82
54646
69
54867
32
55698
68
55798
85
55998
82
56169
65
56379
78
56529
84
56770
69
56910
32
57320
76
57420
65
57631
32
57871
83
58121
84
58272
69
58492
83
58682
85
59023
82
59283
65
59443
32
60905
68
61076
69
61606
8
61877
73
62037
32
62207
81
62338
85
62478
69
62658
83
62768
84
62908
79
63029
32
63259
68
63409
73
63549
65
63720
82
63870
73
64050
79
64280
188
64461
32
64641
77
64821
69
65051
82
65202
73
65422
84
65732
65
65853
32
66063
85
66253
78
66383
32
66594
80
66774
79
66924
83
67134
84
67305
79
67435
32
67675
80
67845
65
68106
82
68296
84
68617
73
69308
67
69448
79
69648
76
69778
65
69979
82
70099
69
70760
32
72132
81
72282
85
72372
69
72542
76
72732
76
72923
65
73073
32
73333
73
73524
78
73714
69
73874
82
74024
69
74335
78
74856
84
75036
69
75206
32
75516
65
75647
76
75797
32
76027
84
76187
82
76368
65
76568
70
76698
70
76908
73
77079
67
77810
79
77970
32
78491
67
78701
72
78831
69
79202
32
80444
70
80984
76
81125
65
81445
71
81705
69
81936
69
82396
8
82637
76
82797
76
82977
65
83117
32
83368
76
83518
65
83648
32
84029
67
84169
73
84620
84
84830
84
86402
222
87273
190
87474
32
87904
16
87994
67
88165
79
88365
77
88515
69
88645
32
88916
65
89046
76
89206
32
89447
83
89587
79
89817
76
90047
73
90648
84
90758
79
90909
32
92972
65
93122
78
93262
67
93332
72
93502
69
93663
32
94163
79
94364
71
94504
71
94724
73
94934
32
96557
81
96737
85
96807
65
97128
82
97338
65
97859
78
98079
84
98289
65
98510
32
99311
77
99531
73
99721
78
99922
85
00182
84
00372
73
00973
188
01183
32
01354
78
01814
79
02215
32
02706
68
02816
73
02956
67
03186
79
04298
188
04508
32
16045
80
16305
73
17006
191
17096
32
17297
68
17357
73
17547
32
17787
77
17968
69
18378
90
18538
90
18769
219
19169
79
19360
82
19500
65
19690
32
20331
80
20531
69
20561
82
20711
32
20992
70
21122
65
21352
82
21463
69
21633
32
21803
73
22013
190
22124
32
22464
8
22604
8
22875
76
23025
32
23205
80
23365
69
23465
82
23736
67
23856
79
24116
82
24427
83
24607
79
24757
32
25028
16
25158
80
25388
79
26199
82
26380
84
26560
65
26730
32
27011
16
27091
78
27301
85
27451
79
27601
86
27762
65
28553
32
32328
16
32559
80
32959
73
33270
69
33400
82
33600
32
33760
68
33920
69
34081
76
34261
76
34441
69
34591
32
34972
16
35002
70
35172
82
35302
65
35533
67
35663
78
36114
8
36224
8
36664
78
36825
67
37045
69
37245
83
37626
67
37846
65
38187
32
40109
16
40230
56
40650
67
40790
73
40931
79
41271
222
41451
32
42012
8
42132
8
42813
186
42913
32
43584
16
43624
67
43785
79
44015
82
44235
83
44396
79
44516
32
44826
16
44866
83
45137
86
45257
73
45527
90
45727
90
46128
69
46408
82
46659
65
47230
16
47740
16
47770
16
47810
16
47840
16
47881
16
47911
16
47941
16
47981
16
48011
16
48051
16
48081
16
48121
16
48141
57
48842
16
48882
190
49052
32
49803
73
49974
76
50044
32
50264
67
50304
72
50464
69
50534
32
50835
86
51015
85
51175
79
51416
76
51636
32
51826
68
52247
73
52407
82
52597
69
52848
32
53549
85
53849
78
54530
219
54831
79
55121
82
55281
65
55411
32
55892
69
56042
32
56623
86
56793
69
56904
77
57064
84
57514
8
57845
8
59007
78
59207
84
59327
73
59457
32
59698
83
59868
80
60028
82
60348
69
60549
67
60829
65
61019
84
61190
65
61380
32
61781
83
62211
8
62361
84
62522
85
62722
84
62862
84
63183
73
63333
32
63543
73
63673
32
63934
71
64024
73
64154
79
64534
78
64905
8
65015
82
65155
78
65356
73
65466
32
65736
80
65937
69
66027
82
66197
32
66477
65
66678
82
66828
82
67509
8
67679
8
67819
8
68290
77
68520
85
68640
79
68861
86
69061
69
69191
82
69522
83
69682
73
69842
32
70022
73
70213
78
70353
32
70623
67
70683
73
70914
84
71064
84
71835
222
71985
32
72206
83
72376
69
72856
78
73177
90
73397
65
73577
32
73918
67
73978
79
74168
78
74349
84
74509
65
74739
82
74879
69
75050
32
75560
65
75891
78
76081
67
76181
72
76392
69
76552
32
76812
73
77002
76
77113
32
77313
84
77503
69
77613
77
78174
80
78434
79
78575
32
79756
73
79957
77
80117
80
80307
73
80628
69
80848
71
80988
65
81128
84
81289
79
81429
32
81619
68
81950
65
82110
76
82260
32
82540
84
82701
82
82911
69
83081
78
83241
79
83492
190
