20500
16
20660
69
21181
67
21351
67
21512
79
21822
77
22573
73
22773
32
24646
8
25157
8
25187
8
25217
8
25257
8
25287
8
25327
8
25357
8
36633
16
36673
65
36904
78
36994
67
37164
72
37364
69
37725
32
38025
79
38226
71
38316
71
38526
71
38997
8
39257
73
39427
32
39628
83
39738
79
39908
78
40058
79
40158
32
40429
81
40669
85
40890
73
41240
188
42522
32
48370
78
48430
65
48621
84
49101
85
49222
82
49402
65
49812
75
50283
8
50563
76
50834
77
50994
69
51124
78
51254
84
51405
69
51565
32
60187
78
60277
69
60408
32
60738
70
60848
65
61149
82
61289
69
61649
73
61860
32
62160
65
62320
32
62601
77
62771
69
62951
78
63132
79
63302
32
63582
87
64133
8
65084
8
65395
188
65585
32
65835
77
65976
65
66076
32
66296
83
66456
69
66697
32
66947
86
67087
79
67247
71
67368
76
67578
73
67788
79
67918
32
68259
70
68399
73
68569
78
68740
73
68970
82
69100
69
69300
32
69681
76
69781
65
69901
32
70262
84
70402
69
70592
83
70803
73
70933
32
71203
80
71283
69
71343
82
71484
32
71734
83
71924
69
72124
84
72255
84
72435
69
72565
77
72805
66
73016
82
73216
69
73657
188
73777
32
74067
77
74268
73
74398
32
74658
83
74798
65
74939
32
75329
67
75439
72
75640
69
75790
32
76341
186
76531
32
76741
78
76871
69
77072
67
77262
69
77482
83
77632
83
77843
65
77983
82
78303
73
78464
79
78734
190
79425
32
79876
16
80006
70
80196
79
80346
82
80557
84
80667
85
80897
78
81037
65
81969
84
82149
65
82359
77
82539
69
82700
78
82810
84
82990
69
83220
32
86265
76
86425
65
86515
32
86755
80
86866
82
87006
79
87176
83
87356
83
87497
73
87727
77
87937
65
88208
32
88348
83
88558
69
88778
84
88939
84
89049
73
89279
77
89459
65
90461
78
90641
65
90791
32
91272
186
91442
32
91743
70
92013
69
92153
82
92324
82
92534
65
92714
71
92914
79
93355
83
93675
84
93936
79
94166
188
94326
32
96469
69
96660
32
96890
83
97100
65
97331
82
98763
192
98953
32
99414
79
99614
66
99784
66
99975
76
00145
73
00505
65
01036
8
01166
71
01296
65
01437
84
01657
79
01827
32
05062
65
05272
32
12543
82
12643
73
12963
77
13173
65
13354
78
13704
69
13834
82
13985
69
14235
32
14445
65
14575
32
14756
67
14966
65
15166
83
16208
65
16528
16
16588
190
16729
32
19783
83
19923
79
20274
80
20434
80
20634
79
20774
82
20985
84
21866
69
22016
82
23248
192
23348
32
23548
83
23819
84
23959
79
24209
73
24420
67
24640
65
24850
77
25011
69
25161
78
25321
84
25471
69
25641
32
26122
81
26262
85
26413
69
26543
87
26583
83
27214
8
27394
8
27684
83
27895
84
28035
65
28205
32
28496
67
28676
79
28836
83
29076
84
29257
82
29427
73
29667
90
29847
73
29988
79
30238
78
30418
69
30909
190
31069
32
31520
16
31630
77
31820
65
32061
71
32261
65
32401
82
32611
73
32752
32
33082
78
33202
69
33352
32
33623
65
33913
80
34144
80
34434
82
34554
79
34745
70
35476
70
35666
73
37629
8
39872
8
40463
73
40623
84
40763
84
40923
79
41044
32
43117
80
43207
69
43307
82
43397
32
43828
70
43988
65
44368
82
44629
77
44849
73
44979
32
45390
81
45510
85
45670
65
45790
76
45981
67
46201
72
46451
69
46592
32
48074
71
48194
73
48384
82
48534
79
48665
32
49205
73
49416
78
49616
32
49876
66
50097
73
50377
67
50697
73
51048
16
51218
190
51398
32
52350
78
52500
79
52660
78
52780
32
53912
186
54042
32
54283
76
54463
79
54573
32
54994
83
55264
80
55474
79
55615
82
55825
84
56035
32
56396
67
56506
72
56626
69
56686
32
57007
77
57207
73
57287
32
57547
69
57888
78
58078
84
58238
85
58609
83
59059
73
59490
65
59911
83
60131
77
60482
65
60612
32
60972
80
61203
73
62034
191
62154
32
62464
68
62575
73
62665
32
62835
84
63065
85
63205
84
63356
84
63786
73
64167
32
64557
8
64838
188
64988
32
65228
77
65379
65
65519
32
66340
186
66450
32
67281
81
67391
85
68002
69
68143
76
68303
76
68473
79
68553
32
68964
67
69094
72
69214
69
69334
32
69535
68
69685
77
70125
8
70236
8
70676
77
70896
73
70977
32
71347
71
71487
65
71648
82
71878
65
72098
78
72238
84
72429
73
72829
83
73030
67
73170
69
73310
32
74932
85
75133
78
75333
65
75463
32
75743
66
75984
85
76364
79
76595
78
76745
65
76905
32
77947
65
78137
66
78277
66
78447
82
78578
79
78878
78
79228
90
79419
65
79569
84
79759
85
79950
82
80330
65
81321
32
82213
8
82583
32
82723
83
82874
69
83044
78
83424
90
83635
65
83745
32
84386
77
84586
79
84716
82
84857
73
85087
82
85297
69
85447
32
85708
68
85838
73
85938
32
86689
67
86859
65
87190
76
87701
68
87861
79
88221
16
88231
190
88802
8
89393
190
89643
32
90074
16
90104
67
90425
83
90625
79
91947
221
92077
32
92808
8
92958
8
93138
8
93269
8
94130
79
94330
83
94801
221
94951
32
95342
80
95522
82
96794
69
96964
78
97304
68
97555
69
97705
82
99167
222
99748
8
00008
189
00459
8
00830
222
01290
8
01631
222
02222
8
03263
192
03493
32
04104
73
04295
76
04415
32
04655
82
04915
65
05106
77
05456
80
05697
73
05877
67
06438
72
06618
73
06838
78
07018
79
07169
32
07619
69
07790
32
08030
77
08260
73
08370
32
08821
73
09031
78
09212
69
09292
82
09812
80
10003
73
10253
67
10383
72
10854
69
11014
82
11725
192
11885
32
13708
83
14179
85
14349
32
14529
81
14730
85
14850
65
15010
76
15200
67
15360
72
15501
69
15651
32
16051
77
16382
79
16662
78
17293
84
17604
65
17884
71
18385
65
19066
8
19346
78
19456
65
21039
190
21199
32
21409
16
21549
85
21730
78
21810
32
22140
80
22371
79
22661
219
22781
32
23011
67
23092
79
23292
77
23422
69
23542
32
24093
70
24283
65
24433
78
24594
78
24794
79
24904
32
25195
81
25335
85
25525
69
25705
76
25866
76
26056
73
26126
32
26386
68
26557
69
27027
76
27187
76
27388
219
27648
73
27848
82
28109
79
28309
78
29090
66
29571
75
30092
8
30362
73
30803
75
31073
69
31424
188
31514
32
31704
65
31884
78
31994
67
32125
72
32245
69
32425
32
32635
83
32906
69
33046
32
33316
76
33587
79
33867
82
34067
79
34328
32
39705
83
40817
79
41127
78
41318
79
41488
32
41808
68
41959
69
42159
67
42339
73
42519
83
42710
65
42880
77
43010
69
43120
78
43241
84
43411
69
43561
32
43801
83
43982
85
44192
32
44342
68
44612
73
44783
32
45063
85
45263
78
45394
32
45574
65
45714
76
46095
82
46615
8
46746
84
46936
82
47246
79
47396
32
47687
76
48108
73
48368
86
48588
69
48889
76
49049
76
49259
79
50180
190
50331
32
51923
16
51993
67
52223
79
52534
77
52794
85
52995
78
53285
81
53475
85
53595
69
54046
32
54206
65
54547
32
54727
77
55068
69
55258
32
55478
78
55648
79
55779
78
55889
32
56079
73
56239
78
56419
84
56570
69
56810
82
57140
69
57421
83
57912
65
58142
32
58703
8
58833
8
59023
65
59163
32
59334
83
59894
8
60105
65
60525
8
60816
8
61116
8
61787
83
61967
65
62258
32
62739
66
62869
65
63179
84
63329
84
63530
69
63680
82
63880
69
64231
32
64421
65
64601
76
64791
67
64942
85
65152
78
65322
32
65603
80
65893
73
66304
8
66414
82
66604
73
66854
77
66995
65
67135
84
67325
79
67465
32
67856
79
68006
32
68557
86
68757
73
68968
78
69108
67
69468
69
69558
82
69909
69
70179
32
70390
68
70560
69
70750
76
70940
76
71071
69
71221
32
71912
77
72042
69
72322
68
72703
65
73334
71
73564
76
73774
73
74025
69
74996
16
75086
190
75287
32
75717
76
75948
219
76228
73
76789
77
77269
80
77470
79
77610
82
77880
84
78081
65
78241
78
78531
90
79002
8
79122
84
79282
69
79453
32
79743
186
80003
32
80524
83
81145
84
81345
65
81576
67
81756
67
81976
65
82247
82
83468
69
83759
32
84360
68
84500
65
84610
32
84810
81
84971
85
85141
69
85391
83
85892
84
86052
65
86202
32
86783
82
87003
79
87224
85
87444
84
87965
73
88175
78
88476
69
88656
32
88946
69
89076
32
89277
83
89697
79
90028
84
90208
84
90478
82
90719
65
91620
82
91880
83
92121
73
92281
32
92541
65
92742
76
92922
76
93112
32
95436
37
95946
37
95976
37
96016
37
96056
37
96086
37
96127
37
96167
37
96197
37
96237
37
96267
37
96307
37
96347
37
96377
37
96727
37
97659
188
97839
32
98119
83
98300
79
98470
80
98690
82
99081
65
99211
84
99361
84
99551
85
99762
84
99912
84
00122
79
01775
188
02636
40
05861
8
06411
65
06522
32
06702
77
06912
73
07052
65
07192
32
07713
68
08224
79
08344
83
08554
69
08725
32
09065
81
09175
85
09366
79
09826
84
09956
73
10267
68
10447
73
10687
65
10818
78
11128
79
11549
8
11619
65
11749
32
13512
68
13632
73
13722
32
14012
82
14203
65
14493
83
14944
8
15044
68
15274
73
15454
65
15695
90
15885
73
16005
79
16165
78
16366
73
16496
32
16826
68
16967
65
17177
32
17407
77
17637
79
18168
78
18389
73
18699
84
19040
79
19190
82
19660
190
