57683
74
57703
16
57813
71
58244
8
58374
8
58765
16
58945
71
59345
82
59546
65
60056
8
60207
8
60397
65
60878
8
60978
82
61178
65
61358
78
61579
32
61859
71
61979
73
62189
82
62460
79
62830
8
62991
8
63251
79
63481
82
63581
78
63752
65
63912
84
64122
65
64343
32
64803
81
64963
85
65194
69
65674
83
65815
84
65935
79
66315
32
67036
81
67197
85
67347
73
67557
78
67767
68
67948
73
68108
67
68238
73
68358
32
68619
76
68799
85
68969
71
69099
76
69260
73
69440
79
70121
32
70722
68
70902
85
71102
69
71303
77
71483
73
71793
76
71943
65
72955
68
73095
85
73295
69
74267
16
74537
49
75148
32
76170
16
76290
83
76430
73
76540
65
76670
77
76841
79
76961
32
77211
80
77381
82
77602
69
78082
8
78172
65
78353
84
78503
73
78723
67
78883
65
79064
77
79254
69
79404
78
79554
84
79845
69
79985
32
80366
78
80456
69
80656
76
80796
32
81077
67
81207
85
81347
79
81527
82
81748
69
81888
32
82048
68
82228
69
82619
76
82779
76
83110
219
83831
69
84041
83
84191
84
84341
65
84482
84
84522
32
84722
69
85333
8
85493
8
85934
69
86084
32
88417
69
88577
32
89038
70
89168
85
89369
79
89559
82
89669
73
89799
32
90060
67
90290
219
90710
186
90841
32
91071
85
91251
78
91351
32
91572
84
91692
69
91822
77
92042
80
92253
79
92383
32
92874
68
96369
68
96469
65
96659
32
97100
8
97240
8
97390
8
98131
65
98251
32
98492
76
98682
85
99062
80
99253
73
11240
188
11360
32
12842
67
12882
79
13053
78
13163
32
13623
76
13864
69
14014
32
14304
84
14485
69
14625
77
14865
80
15216
69
15306
82
15616
65
15706
84
15967
85
16167
82
16457
69
16568
32
16908
80
17158
82
17319
69
17599
67
17739
73
18090
80
18300
73
18530
84
18721
65
18951
77
19632
8
19762
84
19943
69
20033
32
20243
68
20333
73
20453
32
20623
85
20824
78
21024
65
21154
32
21355
68
21555
69
21735
67
21885
73
22116
78
22336
65
22526
32
23357
68
23488
73
23608
32
23848
71
24038
82
24209
65
24449
68
25040
73
25280
32
25611
69
25991
32
26302
76
26572
65
26712
32
27053
78
27263
69
27754
66
27924
66
28124
73
28345
65
31599
16
31669
190
31780
32
32461
73
32631
78
33041
83
33332
79
33552
77
33702
77
33802
65
33943
32
36667
76
36837
65
36897
32
37097
71
37247
73
37558
79
37728
82
37908
78
38029
65
38219
84
38409
65
38639
32
39280
73
39431
68
39601
69
39851
65
40021
76
40172
69
40252
32
40672
80
40782
69
40853
82
40983
32
42225
70
42365
65
42485
82
42625
69
42755
32
43026
76
43156
69
43256
32
43516
67
43687
65
43957
76
44257
68
44418
65
44738
82
44898
82
45089
79
45269
83
45589
84
46230
69
46471
190
47632
32
50166
16
50236
81
50486
85
50657
69
50857
83
51007
84
51137
65
51328
32
51608
77
51718
65
52039
84
52339
84
52529
73
52720
78
52860
65
52990
32
53260
72
53511
79
53581
32
54062
8
54372
8
54542
8
54963
83
55043
79
55323
78
55464
79
55614
32
55914
65
56004
78
56175
68
56295
65
56465
84
56625
79
56755
32
57046
73
57266
78
57406
32
57837
83
58057
69
58288
71
58488
82
58738
69
59019
84
59479
69
59569
82
59720
69
59840
73
60281
8
60421
8
60671
85
60681
74
61272
8
61412
8
61693
73
61923
65
62063
32
62384
69
62644
68
62774
32
63125
72
63365
79
63505
32
63796
82
63916
73
64086
83
64216
79
64436
76
64717
84
64947
79
65057
32
66600
73
66800
32
67611
8
67861
76
68022
32
68272
80
68442
82
68522
79
68833
66
69093
76
69313
69
69904
77
70075
65
70215
32
71427
68
71627
69
71777
76
71947
76
72168
219
72468
69
73199
83
73339
65
73540
77
73710
69
73910
32
74221
77
74331
65
74481
78
74641
67
74912
65
75092
78
75332
84
75522
69
75833
16
75883
190
75983
32
76924
70
77055
79
77215
82
77475
83
77635
69
78066
32
78907
78
79068
79
79198
78
79308
32
79578
76
79829
219
80129
72
80319
79
80419
32
80680
68
80850
69
81070
84
81191
84
81371
79
81451
32
82352
68
82753
8
82983
78
83103
69
83264
76
83454
76
83884
69
84045
32
84245
65
84555
71
84956
8
85236
76
85577
84
85777
82
86098
69
86248
32
89833
8
90334
8
90374
8
90404
8
90444
8
90474
8
90514
8
90544
8
90574
8
90614
8
91245
71
91315
76
91475
73
91565
32
91766
65
91906
76
92056
84
92236
82
92427
73
92547
32
92837
82
93098
67
93548
8
93618
65
93809
67
93969
67
94149
79
94329
78
94500
84
94630
73
94750
32
95351
77
95451
65
95601
32
97254
72
97394
79
97464
32
97734
70
98005
65
98145
84
98275
84
98455
79
98515
32
99527
76
99667
65
99757
32
00048
76
00258
73
00488
83
00669
84
00809
65
00929
32
02131
68
02321
69
02631
71
02762
76
02952
73
03062
32
03433
69
03613
83
03793
65
03953
77
04124
73
04214
32
04534
69
04945
8
05035
83
05375
79
05796
83
06076
84
06267
69
06467
78
06978
85
07138
84
07238
73
07538
32
07709
69
08039
188
08149
32
08770
83
08880
79
09031
82
09371
80
09511
82
09712
69
09942
83
10232
65
10493
188
10613
32
11244
78
11424
69
11524
32
12025
77
12165
65
12275
78
12516
67
12646
65
13747
86
13888
65
14058
32
14549
85
14719
78
14909
79
15049
32
15730
78
15860
79
16171
78
16311
79
16441
78
16872
8
16952
83
17202
84
17413
65
17543
78
17693
84
17883
69
18034
32
18254
76
18414
79
19075
32
19325
65
19516
86
19686
69
19886
83
20026
83
20197
73
20317
32
23702
68
23902
65
24062
84
24202
79
24303
32
26015
67
26135
73
26686
78
27087
81
27237
85
27778
69
27918
32
28178
77
28278
69
28479
83
28639
73
28799
32
29130
70
29340
65
30001
16
30071
190
30181
32
32134
8
32314
8
32845
190
33005
32
33085
32
33726
8
34067
16
34207
83
34377
79
34557
78
34667
79
34828
32
35168
67
35248
79
35429
83
35619
69
36019
32
36360
67
37061
72
37201
69
37271
32
37512
70
37672
65
37892
67
38042
67
38533
8
38653
8
38944
78
39114
78
39284
79
39494
32
39875
80
40316
73
40506
65
40706
67
41067
69
41177
82
41317
69
41507
32
54446
37
55598
188
55758
32
55998
83
56078
79
56259
80
56449
82
56709
65
56879
84
57020
84
57180
85
57360
84
57510
84
57741
79
57831
32
58462
83
58672
69
58822
32
59022
83
59153
73
59363
32
59573
67
59693
79
59854
78
59984
83
60134
73
60725
68
60955
69
61156
82
61306
65
61476
32
63439
67
63609
72
63739
69
63889
32
64320
83
64510
69
64661
32
66183
78
66343
79
66423
78
66563
32
66874
70
66994
79
67214
83
67374
83
67465
73
67585
32
67965
73
68126
78
68316
84
68476
69
68576
82
68967
86
68977
66
69538
8
69648
69
69838
78
70078
85
70199
84
70509
79
70619
32
70880
73
71050
78
71581
8
71831
79
71991
32
76217
81
76337
85
76438
69
76718
83
76868
84
76988
65
77179
32
77709
83
77910
84
78110
79
78270
82
78440
73
78671
65
78811
32
81274
83
81555
65
81715
82
81845
69
82176
66
82296
66
82426
69
82526
32
82907
86
83147
69
83327
78
83548
85
83798
84
84109
65
84429
32
84589
65
85170
32
85430
71
85581
65
85821
76
85971
76
86162
65
86292
32
86542
83
86812
76
87033
79
87493
8
87864
8
88214
79
88465
76
88465
192
88625
79
88936
8
89366
32
89907
8
90077
8
90498
79
90688
32
90918
78
91089
69
91209
76
91349
32
91559
77
92020
79
92220
77
92441
69
92511
78
92681
84
92761
79
92881
32
93132
73
93322
78
93412
32
93642
67
93782
85
94053
79
94113
73
94193
73
94634
8
94774
8
94894
8
95275
73
95425
32
95966
65
96116
86
96286
82
96436
69
96677
73
97017
68
97478
8
97628
32
97908
68
98059
79
98249
86
98409
85
98629
84
98740
79
98850
32
99070
83
99290
79
99441
83
99661
84
99821
69
99961
78
00152
69
00262
82
00452
69
00662
32
00933
76
01143
219
01323
69
01574
83
01724
65
01864
77
02064
73
02435
8
02525
69
02645
32
02916
68
03086
69
03136
73
03296
32
03597
8
03877
8
04077
8
04478
85
05019
8
05329
73
05509
32
05730
76
05880
65
06030
85
06250
82
06401
69
06811
65
07102
190
07252
32
07993
16
08123
65
08554
32
08974
80
09355
82
09515
79
10126
80
10316
79
10567
83
10917
73
11087
84
11228
79
11328
32
11798
65
11929
78
12149
67
12319
72
12549
69
12660
32
13090
16
13100
84
13331
69
13611
79
13871
32
14122
83
14242
73
14322
32
14693
186
14793
32
15804
76
15964
65
16195
85
16375
82
16565
69
16776
65
16966
84
17106
79
17847
188
17947
32
19019
83
19239
65
19499
66
19680
65
19920
84
20261
79
20551
32
20851
83
21022
67
21532
79
21933
82
22183
83
23225
79
25548
32
25799
69
26089
32
26309
65
26540
68
26740
69
26940
83
27140
83
27291
79
27401
32
27861
83
28002
73
28132
32
30335
71
30625
79
30876
68
31176
79
31817
8
32027
69
32949
32
33560
85
33720
78
33890
32
34130
77
34311
69
34391
82
34611
73
34892
84
35102
65
35262
84
35563
79
37435
32
37696
16
37806
56
38447
16
38667
219
39298
16
39799
16
39839
16
39869
16
39889
56
40460
8
41040
16
41121
57
41751
32
41952
86
42082
73
42252
65
42482
71
42623
71
42753
73
42953
79
43083
32
43314
73
43514
78
43774
32
44535
16
44596
73
44816
82
45166
76
45347
65
45547
78
45807
68
46158
65
46518
190
