58358
16
58398
68
58558
73
58638
65
58809
82
58939
79
59339
8
59560
73
59700
79
59780
32
59920
68
60010
73
60080
32
60301
66
60471
79
60741
82
60932
68
61122
79
61222
32
61452
68
61673
69
61783
76
61903
32
62023
67
62274
65
62494
80
62684
73
62864
84
63055
65
63195
78
63375
79
63576
32
63916
16
64006
80
64256
65
64837
79
65058
76
65218
79
65448
32
66189
8
66480
188
66620
32
66900
68
67040
65
67191
84
67321
65
67441
32
67721
65
67982
83
68192
84
68372
82
68483
65
68733
76
69063
69
72919
32
78257
79
78447
84
78597
84
78837
79
79008
32
79218
76
79438
85
79779
71
79899
76
80059
73
80189
79
80560
32
80730
80
80880
85
81071
78
81231
84
81351
79
81461
32
82473
68
82653
85
82863
69
83154
77
83384
73
83614
76
83765
65
84586
68
84726
85
84876
69
93208
190
93468
32
94360
16
94490
76
94660
65
94780
32
95291
8
95461
8
95561
8
95912
16
95992
75
96503
8
97054
16
97144
76
97344
65
97454
32
97755
71
97855
73
98396
79
98616
82
98736
78
98866
65
98996
84
99167
65
99387
65
99828
8
99978
32
00539
32
00749
186
01049
8
01170
8
01530
186
01710
32
01971
67
02051
79
02241
77
02441
73
02632
78
02812
67
02922
73
03082
65
03313
84
03653
65
03873
32
04384
67
04484
79
04645
78
04795
32
05065
85
05496
78
06277
65
06607
32
10273
69
10463
83
10723
67
11124
85
11404
82
11635
83
11765
73
11925
79
12225
78
12326
69
12486
32
13357
73
13487
78
13607
32
14058
16
14098
86
14268
73
14359
65
14679
79
15120
8
15270
32
15490
16
15500
80
15761
79
16211
188
16351
32
16662
67
16852
65
18034
8
18194
8
19476
67
19546
79
19726
78
19876
32
20067
76
20277
219
20537
79
20768
66
20938
73
21188
84
21559
8
21649
69
21849
84
22000
84
22180
73
22330
86
22460
79
22560
32
22741
68
22861
73
22941
32
23241
67
23321
79
23512
78
23782
83
24183
85
24383
76
24613
84
24864
65
24984
82
25124
69
25334
32
26035
76
26226
65
26736
8
26856
69
26987
32
27547
66
27708
65
27888
67
28759
72
28909
69
29450
67
29620
72
29771
69
29941
32
31713
68
31944
69
32114
76
32244
76
32525
16
32605
219
32875
85
33226
8
33336
8
33786
16
33947
219
35088
8
36180
219
37051
16
37121
85
37281
78
37402
73
37612
86
37782
69
37872
82
38113
83
38213
73
38573
84
39515
222
41197
32
41788
69
42038
68
42169
32
42419
69
42619
86
42739
73
42980
84
43150
65
43290
82
43420
69
43601
32
44572
66
44712
82
44912
85
45183
84
45333
84
45513
69
45694
32
45924
83
46345
79
46625
82
46825
80
47386
82
47536
69
47967
83
48197
69
48458
32
48978
16
49119
56
53415
82
53515
73
53855
70
53975
76
54096
69
54426
90
54887
8
54977
83
55167
83
55367
73
55598
79
55918
78
56149
69
56379
16
56459
190
56599
32
62047
78
62157
69
62267
76
62408
76
62498
65
62638
32
62978
71
63109
73
63549
85
63709
78
63880
71
63990
76
64210
65
64320
32
64741
66
64931
85
65132
82
65262
79
65522
67
65722
82
65903
65
66133
84
66323
73
66443
67
66644
65
66794
32
66904
68
67104
69
67845
76
68016
76
68747
219
69628
85
69818
78
69928
73
70169
86
70269
69
70409
82
70690
83
70840
73
71130
84
72242
222
72392
32
72642
76
72813
65
72893
32
73103
80
73443
65
73914
82
74114
65
74435
78
74515
78
75096
8
75386
79
75597
73
75867
65
76107
32
76588
80
76748
65
76949
71
77099
65
77970
16
78040
190
78240
32
78801
8
78941
8
79352
16
79402
188
79572
32
81014
78
81155
79
81295
78
81385
32
81575
83
81665
73
82206
32
82476
186
82607
32
82877
77
83117
65
83288
73
83418
32
83848
84
83999
82
84239
79
84399
80
84620
80
84890
79
85040
32
85371
83
85541
73
85771
67
85961
85
86402
82
86552
73
86723
32
87203
67
87323
72
87424
69
87524
32
88535
81
88685
85
88816
69
88986
76
89707
76
90017
79
90127
32
90298
67
90458
72
90538
69
90628
32
90849
68
90999
69
91199
86
91329
69
91820
32
92050
69
92281
83
92611
83
92841
69
92972
82
93202
69
93432
32
94283
70
94394
65
94634
84
94784
84
94914
65
95425
8
95716
79
95886
32
96296
70
96717
8
96817
83
97017
73
97208
65
97378
32
97698
70
97979
84
98159
84
98640
8
98780
8
99170
65
99351
84
99551
79
99721
79
00532
8
00663
8
00953
84
01103
79
01253
32
01504
69
01904
32
02075
86
02235
73
02395
67
02565
69
03126
86
03286
69
03407
82
03617
83
03867
65
04178
188
04648
81
05179
8
05339
32
05660
81
05850
85
06080
73
06261
78
06421
68
06521
73
06651
32
07482
79
07893
67
08083
67
08193
72
08384
73
08564
79
09115
32
09826
69
09936
32
10086
68
10236
73
10367
70
10527
70
10757
73
11158
68
11408
65
11658
82
11759
69
11929
32
12229
68
12319
73
12440
32
14553
84
14683
85
14813
84
14933
84
15804
73
16115
16
16205
57
25128
190
25388
32
25779
16
25849
65
26089
79
26269
80
26620
8
26740
8
27341
80
27481
80
27631
85
27822
82
27982
65
28142
84
28282
65
28503
79
28793
8
28913
8
29154
79
29304
32
29674
67
29734
72
29875
69
29995
32
32488
84
32639
85
32749
84
32889
84
33139
79
33300
32
33670
83
33830
69
33981
77
34361
66
34491
65
34952
8
35072
82
35232
65
35453
86
35863
65
36044
32
36414
70
36704
85
36975
78
37175
90
37315
73
37446
79
37746
78
37896
65
38036
82
39038
69
39188
32
40099
65
40240
32
40390
68
40700
79
40850
86
41081
69
41241
82
41401
69
42693
32
44285
77
44536
73
44726
32
45066
83
45167
79
45347
78
45487
79
45577
32
45788
80
46008
79
46188
82
46418
84
46639
65
46799
84
47009
79
47089
32
47640
76
47790
32
48191
8
48421
8
48602
65
48772
76
48972
32
49152
68
49263
73
49413
80
49583
65
49753
82
49913
84
50044
73
50294
77
50474
69
50584
78
50765
84
50905
79
51025
32
51255
68
51335
73
51456
32
51636
73
51846
78
52026
70
52157
79
52327
82
52497
77
52717
65
53038
84
53178
73
53278
67
53439
65
53619
32
54670
68
55111
79
55311
86
55441
69
55562
32
57665
16
57755
80
58055
65
58175
79
58336
76
58816
65
58956
32
60859
68
60979
79
61210
86
61730
69
61951
86
62261
65
62371
32
62682
83
62792
79
63092
83
63313
84
63423
69
63623
78
63803
69
63994
82
64114
69
64344
32
64615
76
64735
65
64855
32
65045
84
65205
69
65456
83
65606
73
66527
190
66678
32
67158
16
67208
80
67369
85
67479
82
67729
84
68260
82
68540
79
68801
80
69381
80
69622
32
69922
80
70112
69
70213
82
71014
8
71134
8
71334
8
71504
8
71825
79
71995
32
72216
80
72406
69
72466
82
72826
32
73027
85
73207
78
73367
65
73467
32
73638
70
73818
82
73998
65
74429
73
74809
8
74909
90
75060
73
75200
79
75430
78
75670
69
75781
32
75931
68
76041
73
76151
32
76321
83
76512
69
76712
67
76862
79
77042
78
77193
68
77293
79
77453
32
77804
72
77944
79
78054
32
78705
77
78845
65
78945
78
79115
67
79286
65
79546
84
79716
79
79857
32
80517
76
81058
219
81469
73
81909
77
82080
66
82220
65
82450
82
82771
67
83251
79
83422
79
83952
8
84103
32
90492
83
91273
8
92565
69
93086
188
93266
32
93456
78
93596
79
93736
78
93857
32
94187
79
94347
83
94578
65
94708
78
94868
68
95008
79
95128
32
95479
69
95639
78
95809
84
96000
82
96180
65
96390
78
96571
68
97111
8
97242
8
97432
82
97642
69
97943
32
98323
65
98463
32
98664
77
98794
69
98964
84
00005
222
00146
32
00376
68
00496
69
00706
76
00877
76
01017
65
01137
32
01678
68
01858
73
02379
83
02529
67
02729
85
02920
83
03120
83
03300
73
03420
79
03611
78
04081
8
04592
8
04622
8
04662
8
04692
8
04732
8
04762
8
04792
8
04832
8
04862
8
05383
80
05503
82
06024
69
06204
83
06365
69
06505
78
06635
84
06795
65
07056
90
07236
73
07366
79
07546
78
07977
188
08367
8
08498
69
08638
32
08888
188
09179
8
09299
8
09659
188
09810
32
10060
32
10400
8
10921
77
11111
73
11252
32
11422
83
11502
79
11672
78
11822
79
11933
32
12143
80
12303
69
12393
82
12614
83
12764
79
12924
32
13875
76
14066
65
14196
32
15277
83
15408
85
15528
65
15708
32
16029
68
16169
73
16329
83
16529
67
16840
85
17090
83
17280
83
17501
73
17651
79
17881
78
18112
69
18632
16
19133
16
19173
16
19203
16
19233
16
19273
16
19303
16
19343
16
19373
16
19413
16
19443
16
19744
190
20084
32
21757
16
21807
80
22017
65
22318
90
22458
73
22738
69
22868
78
23409
90
23860
65
24080
188
24240
32
24491
76
25011
219
25252
75
25722
8
26013
73
26223
77
26594
79
26824
82
27275
8
27425
8
27705
80
27886
79
28066
82
28256
84
28366
65
28557
78
28757
84
28927
69
29117
32
30139
186
30249
32
30549
67
30790
72
30960
69
30970
32
31521
76
33303
8
33514
83
33684
73
33834
65
33944
32
34305
65
34415
78
34545
68
34695
65
34866
84
35056
65
35196
32
36218
66
36348
69
36858
78
37129
69
37469
188
37650
32
38190
65
38421
32
38761
77
38941
69
39422
90
39783
90
40444
79
40804
71
40964
73
41185
79
41315
82
41485
78
41766
79
41886
32
42166
68
42226
73
42406
32
42807
8
43037
8
43208
8
43398
83
43538
73
43738
32
43909
65
44099
86
44269
82
45030
222
45130
32
45972
73
46142
76
46242
32
46472
82
46602
73
46823
83
47003
85
49977
76
50308
84
50478
65
50989
79
51830
8
52010
84
52160
79
52651
32
59141
8
60222
16
60302
188
60422
32
60803
80
60943
69
61163
32
61584
8
61714
82
61884
32
62095
65
62315
68
62505
69
62676
83
62836
83
63046
79
63186
32
63487
65
63727
83
63877
80
64038
69
64268
84
64418
84
64698
79
65600
190
