79990
69
80210
67
80320
67
80490
79
80930
67
81090
73
81480
188
81640
32
81750
84
82190
8
82300
68
82410
73
82580
32
82690
78
82850
85
83010
79
83120
86
83290
79
83450
32
83510
76
83620
65
83730
32
83840
80
84000
73
84170
79
84330
71
84440
71
84610
73
85210
65
85430
188
85600
32
85980
73
86150
69
86260
82
86420
73
86530
32
86750
73
86910
78
87300
8
87460
76
87630
32
87850
66
87960
69
88010
76
88180
32
88340
84
88510
69
88620
77
88730
80
88890
79
89060
32
89500
69
89720
219
89880
32
90270
83
90430
84
90540
65
90700
84
90810
79
90980
32
91090
83
91200
79
91360
76
91470
79
91640
32
91750
85
91910
78
92080
32
92190
80
92350
73
93950
67
94110
67
94330
79
94490
76
94660
79
94770
32
94990
82
95150
69
95320
71
95480
65
95650
76
95810
79
96030
32
96200
68
96310
69
96420
76
96580
32
96690
67
96800
73
97130
69
97300
76
97460
79
98720
32
98890
80
98940
69
99050
82
99160
32
99440
65
99600
86
99770
69
99880
82
00040
69
00540
32
00810
85
01030
78
01140
32
01310
80
01470
79
01630
219
01740
32
01910
68
02020
73
02130
32
02400
84
02620
82
02730
69
02900
71
03060
85
03170
65
03340
188
03500
32
03610
77
03780
65
03890
32
04050
79
04160
71
04330
71
04440
73
04550
32
04660
83
04770
73
04880
32
05040
69
05420
219
05640
32
05860
83
06080
67
06190
65
06360
84
06520
69
06630
78
06740
84
07130
8
07290
65
07460
84
07680
79
08170
32
08450
68
08560
73
08720
32
08830
78
09050
85
09210
79
09320
86
09540
79
09980
32
10200
73
10370
76
10530
32
10640
68
10750
73
10920
76
11080
85
11410
86
11520
73
11690
79
11850
32
12070
85
12240
78
12400
73
12560
86
12730
69
12950
82
13220
83
13440
65
13550
76
13660
69
15750
16
15860
190
16520
32
17010
16
17120
69
17290
32
17400
76
17560
65
17670
32
17780
80
17950
73
18060
79
18330
71
18500
71
18720
73
18940
65
19100
32
19210
69
19490
68
19980
32
20090
73
20250
78
20470
32
20640
71
20800
69
20910
78
21020
69
21130
82
21460
76
21570
65
22620
8
22780
8
22950
65
23110
76
23220
69
23330
32
23500
73
23660
76
23820
32
23930
66
24100
82
24320
85
24540
84
24700
84
24920
79
25030
32
25310
84
25470
69
25580
77
25690
80
25860
79
25970
32
26190
83
26240
79
26350
78
26520
79
26630
32
26790
85
26960
78
27070
65
27230
32
27390
67
27560
79
27670
83
27830
65
28000
32
28160
67
28270
72
28380
69
28490
32
28600
78
28770
79
28820
78
28990
32
29100
83
29210
79
29370
80
29540
80
29700
79
29810
82
29980
84
30200
79
30470
188
30580
32
30750
77
30910
73
31070
32
31570
73
31840
78
31950
78
32120
69
32500
82
32780
86
33000
79
33270
83
33490
73
33770
83
34100
67
34260
79
35360
32
35630
69
36400
32
36620
77
36790
73
36900
32
37060
65
39810
8
40580
73
40740
78
41020
70
41240
65
41460
83
41620
84
41790
73
42110
68
42280
73
42440
83
42550
67
42720
69
43600
32
48270
68
48380
79
48490
86
48650
69
48820
82
48980
77
49150
73
49310
32
49800
71
49970
85
50190
65
50350
82
50520
68
50680
65
50790
82
50900
69
51070
32
51780
68
52440
8
52550
65
52660
78
52770
67
52940
72
53040
69
53210
32
53320
68
53480
65
53590
76
53700
76
53810
69
53980
32
54140
65
54310
85
54470
84
54580
79
54750
32
55020
67
55130
72
55240
69
55350
32
55520
83
55680
69
55790
78
56010
90
56180
65
56340
32
56510
82
56560
73
56720
84
56890
69
57110
71
57220
78
57380
79
57490
32
57710
83
57820
70
57990
82
58210
69
58480
67
58590
67
58700
73
58810
65
58920
78
59090
79
59200
32
59310
69
59420
32
59580
84
59690
73
59800
32
59970
83
60350
80
60460
82
60680
85
61010
90
61170
90
61340
65
61450
78
61610
79
63320
16
63650
16
63700
16
63810
16
63870
16
63980
16
64030
16
64140
16
64140
190
64360
32
64690
69
64800
32
64960
67
65130
65
65240
80
65400
73
65510
84
65620
65
65790
32
65950
83
66120
69
66170
77
66340
80
66450
82
66560
69
66670
32
66940
73
67110
76
67220
32
67380
77
67440
69
67550
82
67760
67
67870
79
68040
76
68150
69
68370
68
68480
73
68700
219
68810
32
69080
81
69190
85
69300
65
69410
78
69520
68
69690
79
71770
32
74800
68
74910
69
75070
86
75230
79
75340
32
75510
65
75620
78
75840
68
76000
65
76170
82
76280
69
76390
32
76550
73
76720
78
76880
32
77050
85
77210
78
77600
32
77820
65
77930
76
78040
84
78200
82
78260
79
78420
32
78530
85
78700
70
78800
70
78910
73
79020
67
79130
73
79300
79
80840
32
81060
73
81280
78
81830
32
81940
67
82100
69
82160
78
82270
84
82430
82
82590
79
83970
32
84410
67
84520
72
84630
69
84740
32
85010
68
85180
69
85340
86
85510
79
85620
32
85840
82
85950
65
86110
71
86270
71
86330
73
86440
85
86660
78
86770
71
86930
69
87040
82
87210
69
87320
32
87480
65
87590
32
87700
80
87870
73
88030
69
88200
68
88360
73
90610
16
90780
49
91380
32
91600
16
91710
86
91880
65
92100
66
92210
66
92320
69
92480
219
92700
188
92870
32
92980
65
93140
32
93310
80
93850
8
94130
65
94570
8
95170
80
95280
65
95450
82
95610
84
95720
69
95830
32
96050
81
96160
85
96220
69
96380
83
96490
84
96660
79
96770
32
96930
68
96990
73
97210
67
97310
73
97480
65
97590
77
97750
79
97970
32
98140
67
98250
72
98360
69
99180
32
99790
72
99950
79
00120
32
00340
65
00500
78
00610
67
00720
72
00780
69
00940
32
01100
85
01270
78
01430
32
01540
80
01710
79
01870
219
02040
32
02150
68
02200
73
02310
32
02480
83
02590
79
02810
78
02920
78
03470
79
03740
188
03910
32
04130
73
04290
69
04400
82
04510
73
04670
32
04780
83
04890
69
05000
82
05220
65
05330
32
05880
72
05990
79
06160
32
06380
71
06490
85
06600
65
06710
82
06930
68
07040
65
07200
84
07310
79
07420
32
07590
85
07750
78
07920
32
08080
70
08190
73
08350
76
08520
77
08790
32
09120
67
09230
72
09340
69
09450
32
09620
65
09780
86
09950
69
10110
86
10280
79
10390
32
10610
82
10770
69
10940
71
11160
73
11380
83
11540
84
11710
82
11870
65
12140
84
12310
79
12420
32
12640
85
12860
78
13020
32
13130
80
13300
79
14120
219
14290
32
14400
68
14510
73
14670
32
14780
83
14950
69
15060
82
15390
69
15610
32
15770
70
15930
65
16210
32
16430
69
16590
32
16870
67
17310
8
17470
80
17580
69
17690
82
17750
32
17910
76
18020
65
18130
32
18240
67
18350
85
18630
82
18790
73
18900
79
19070
83
19230
73
19390
84
19610
65
20270
219
20380
32
20660
68
20990
73
21100
32
21260
86
21430
69
21650
68
21810
69
22090
82
22250
69
22360
32
22690
67
22800
79
22910
77
23070
69
23180
32
23290
65
23400
78
23570
68
23680
65
24060
83
24230
83
24390
69
24560
32
24720
65
24830
32
25110
70
25220
73
25380
78
25550
73
25770
82
25930
69
26100
32
26970
83
27080
79
27190
78
27520
32
27800
82
27910
73
28070
77
28240
65
28400
83
28570
84
28680
65
28790
32
28950
73
29060
78
29230
32
29390
80
29500
73
29610
69
29830
68
30430
73
31150
8
31310
8
31420
8
31640
8
31810
8
33130
70
33400
73
33570
78
33680
79
33840
32
33950
65
34060
32
34220
84
34390
65
34500
82
34660
68
34770
73
35600
190
35760
190
35870
190
36200
68
36370
73
36530
32
36640
70
36810
82
36920
79
37030
78
37140
84
37300
69
37410
32
37580
65
37690
76
37790
76
37960
79
38120
32
38290
83
38400
67
38730
72
38840
69
39000
82
39110
77
39330
79
39500
32
39770
80
39880
69
39990
82
40210
68
40380
69
40490
78
40600
68
40710
79
40870
77
41090
73
41260
32
41470
76
41580
65
41750
32
41860
70
41970
73
42130
78
42350
69
42630
188
42790
32
43010
80
43120
69
43230
82
43450
67
43560
73
43670
79
44330
219
44440
32
44610
83
44770
84
44940
65
45430
8
46250
65
46470
83
46640
69
46750
82
47020
65
47190
32
47350
68
47520
69
47740
86
47900
79
48070
32
49660
82
49770
73
49930
65
50100
86
50260
86
50370
79
50540
76
50650
71
50810
69
50920
82
51090
69
51250
32
53670
8
53830
8
54330
76
54490
79
54660
32
54820
69
54930
32
55040
67
55210
65
55320
80
55480
73
55590
82
55700
69
55870
32
56360
73
56520
76
56630
32
56800
80
56910
85
57130
78
57290
84
57400
79
57510
32
59380
73
59490
78
59660
32
59770
67
59880
85
59980
73
60150
32
60310
77
60420
73
60530
32
60700
83
60750
79
60860
78
61030
79
61140
32
61250
65
61410
68
61580
68
61690
79
61800
82
61910
77
62020
69
62290
78
62460
84
62680
65
62840
84
63060
65
64870
32
64980
69
65150
32
66850
82
66960
73
67130
86
67290
69
67510
68
67670
69
67840
82
68220
76
68390
79
79100
46
85140
190
85310
190
87610
190
91130
79
91290
82
91400
65
91460
32
91620
78
91730
79
91840
78
92010
32
92120
82
92230
73
92340
67
92450
79
92560
82
92780
68
92890
79
93000
32
93160
78
93270
69
93380
77
93490
77
93650
69
93710
78
93820
79
93980
32
94200
73
94420
76
94590
32
94750
84
94810
73
94970
79
95960
8
96130
84
96240
79
96460
76
96620
79
98710
190
99310
32
99640
16
99750
65
99970
72
00850
190
01010
190
01120
190
03380
80
03490
65
03600
82
03820
73
04800
8
04970
84
05130
73
05350
67
05460
79
05630
76
05740
65
05850
82
05960
69
06120
32
06620
68
06730
73
06840
32
07110
79
07280
71
07440
78
07610
73
07720
32
07880
77
07930
69
08150
82
08480
67
08590
79
08760
76
08920
69
09090
68
09200
73
09910
219
10190
16
10350
190
10570
32
12050
76
12270
219
12490
72
12660
79
12820
32
13040
86
13150
73
13210
83
13370
84
13480
79
13920
188
14090
32
14140
68
14310
65
14360
32
14530
76
14690
79
14800
78
14970
84
15080
65
15180
78
15350
84
15950
8
16390
79
16780
188
16940
32
17110
77
17220
65
17270
32
17440
76
17990
219
18210
72
18370
79
18480
32
18700
86
18810
73
18920
83
19030
84
19140
79
19410
188
19520
32
19850
69
20070
68
20240
32
20350
69
20460
82
20680
65
20790
32
20900
83
21010
80
21170
69
21610
8
21780
76
21890
69
22050
78
22160
68
22600
68
22710
73
22930
79
23860
8
24030
8
24140
8
24300
8
25350
68
25510
73
25680
68
25840
79
26010
32
26280
67
26390
79
26500
77
26610
69
26770
32
26940
65
27050
76
27160
32
27320
83
27430
79
27600
76
27760
73
27820
84
28040
79
30290
190
30450
190
30620
190
30730
190
32320
80
32540
79
32650
84
32820
69
33040
83
33150
83
33310
73
33420
32
33590
65
33640
76
33800
77
33910
69
34020
78
34190
79
34300
32
35180
83
35340
65
35450
76
35560
85
35670
84
36000
65
36170
82
36330
76
36500
79
36830
16
37100
49
