21096
71
21246
73
21386
79
21797
82
21947
78
22067
73
22238
32
22398
80
22528
69
22668
73
23009
8
23119
8
23299
73
23419
69
23520
78
23670
73
23810
32
23910
68
24000
73
24110
32
24221
83
24852
79
25042
82
25342
80
25493
82
25653
69
25843
83
26003
69
28016
190
29839
32
30100
16
30330
73
30450
69
30590
82
30710
73
30841
32
31041
83
31211
69
31331
82
31482
65
31592
32
31762
77
31882
73
32002
32
32183
83
32223
79
32363
78
32473
79
32593
32
32693
68
32844
69
33024
67
33164
73
33284
83
33445
65
33575
32
33765
65
34186
68
34336
32
34456
65
34566
78
34726
68
34877
65
35027
82
35137
69
35287
32
35548
65
35918
76
36089
32
36219
80
36329
82
36439
79
36609
78
36940
79
37370
8
37461
84
37611
79
37771
32
37961
83
38072
79
38452
67
38632
67
38803
79
38953
82
39203
68
39594
8
39724
83
39834
79
39964
32
40145
68
40315
69
40425
76
40555
76
40996
219
41236
79
41497
70
41677
84
41827
65
41987
76
42258
77
42418
73
42568
67
42699
79
43630
188
43760
32
43870
80
44000
69
44111
82
44261
32
44762
83
44962
67
45092
79
45583
80
45993
82
46274
73
46454
82
46604
69
46795
32
47816
67
47916
72
48017
69
48137
32
50250
8
50400
8
50530
8
50681
8
51281
68
51432
73
51572
32
52223
68
52363
79
52643
86
52804
69
52904
82
53064
32
53304
80
53435
65
53625
71
53765
65
53895
82
54026
69
54166
32
54647
99
54897
96
55077
32
55328
69
55918
85
56099
82
56239
79
56399
32
56559
80
56660
69
56790
82
56900
32
57080
70
57210
65
57361
82
57461
77
57591
73
57741
32
57931
68
58122
73
58272
82
58402
69
58512
32
58813
67
58933
73
59113
79
59314
219
59434
32
59644
67
59754
72
59864
69
59955
32
60245
71
60365
73
60565
65
60686
219
60826
32
61006
83
61156
65
61297
80
61417
69
61737
86
61877
79
63139
32
63320
16
63460
50
64151
83
64311
73
64511
71
64622
78
64762
79
64992
82
65152
65
65293
188
65413
32
65773
76
65903
69
66024
73
66214
32
66424
72
66575
65
66665
32
66855
85
67055
78
67175
32
67356
67
67536
65
67646
76
67927
65
68167
90
68277
73
68407
79
69008
16
69229
50
70761
190
70931
32
71151
16
71332
69
71472
32
71712
71
72103
82
72243
65
72443
90
72554
73
72684
69
72794
32
72934
65
73044
32
73485
8
73655
76
73795
32
73956
67
74126
65
74286
86
74386
79
74557
76
74697
79
74917
188
75057
32
75198
83
75288
79
75408
78
75528
79
75668
32
76580
81
76690
85
76830
73
76980
32
77411
65
77541
32
77862
80
78032
79
78793
83
78973
84
79494
65
79704
32
80566
80
80696
69
80846
82
81066
67
81227
72
81307
69
81587
219
82679
32
83360
37
83861
37
83901
37
83931
37
83971
37
84001
37
84041
37
84081
37
84111
37
84151
37
84181
37
84221
37
84261
37
84291
37
84331
37
84361
37
84401
37
84792
39
85042
46
85203
46
85313
46
85433
46
85563
46
85693
46
85814
46
86535
80
86665
82
86775
79
86925
80
87085
82
87316
73
87506
79
88077
35
88778
77
88908
69
89028
32
89159
76
89319
79
89429
32
89589
84
89689
79
89890
71
90010
76
90100
73
90260
65
90461
84
90711
69
90871
188
91011
32
91162
78
91292
79
91402
78
91512
32
91762
80
91883
69
92013
82
92123
32
92624
80
92744
65
93034
71
93175
65
93285
82
93635
86
93786
73
94547
32
95268
99
95448
96
95839
32
96299
69
96440
85
96890
82
97070
79
97461
32
97922
80
98062
69
98172
82
98282
32
98493
70
98633
65
98743
82
98853
77
98983
73
99134
32
99264
68
99364
73
99494
82
99664
69
99795
32
00035
67
00145
73
00305
79
00506
219
00626
32
00796
67
00906
72
01026
69
01107
32
01537
71
01697
73
01918
65
02018
219
02198
32
02609
83
02729
79
03330
37
03831
37
03871
37
03901
37
03941
37
03971
37
04011
37
04051
37
04081
37
04121
37
04151
37
04191
37
04221
37
04261
37
04301
37
04331
37
04371
37
04402
37
04442
37
04482
37
04512
37
04552
37
04582
37
04622
37
04662
37
04692
37
04732
37
04762
37
04802
37
04842
37
04872
37
04912
37
04942
37
04982
37
05022
37
05053
37
05784
77
05884
69
05984
82
06364
68
06515
79
06665
83
06795
73
07056
32
08097
40
08918
16
09099
49
10371
32
10811
16
10921
66
11112
69
11232
72
11452
188
11602
32
12784
71
12964
82
13115
65
13305
90
13445
73
13555
69
13686
32
13816
65
14246
32
14497
81
14607
85
14697
69
14847
83
14957
84
15118
69
15238
32
15438
76
15548
69
15709
71
15849
71
15969
73
16119
32
16229
68
16380
69
16490
76
16630
32
16860
67
17031
65
17241
90
17401
90
17511
79
19995
8
20135
8
20275
8
20416
8
21087
65
21427
86
21638
79
21798
76
21968
79
23590
32
24832
79
25013
82
25143
65
25293
32
25423
65
25553
78
25694
67
25794
72
25904
69
26034
32
26234
67
26395
72
26535
73
26665
32
26845
85
26996
83
27166
65
27276
32
27476
73
27677
76
27817
32
28117
80
28268
82
28398
79
28628
78
28838
84
28969
79
29099
32
29249
83
29349
79
29539
67
29680
67
29790
79
29930
82
30090
83
30200
79
30321
32
30491
80
30631
69
30761
82
30881
32
31072
77
31212
79
31372
84
31492
73
31683
86
31823
73
31973
32
33085
86
33255
69
33385
82
33986
73
35659
32
36059
69
36300
219
36430
32
36590
67
36680
79
36810
82
37201
8
37311
83
37451
84
37612
82
37792
69
38323
84
38473
84
38583
79
38713
32
38863
65
38944
32
39134
80
39254
65
39414
71
39565
65
39705
82
39855
69
40015
32
40296
81
40436
85
40526
69
40686
83
40987
84
41167
65
41317
32
41487
16
41578
50
41828
77
42008
85
42209
76
42389
84
42549
65
42779
16
42890
50
43100
32
43270
69
43380
32
43621
65
43761
32
43911
78
44031
79
44151
78
44292
32
45433
69
45674
83
45804
83
45954
69
46134
82
46275
69
46415
32
46625
67
46725
85
46886
82
47026
65
47156
84
47326
79
49249
190
49530
32
49790
16
50120
73
50321
78
50461
32
50611
80
50771
73
50932
85
51082
219
51392
188
51553
32
51703
65
51793
76
51913
76
52053
65
52154
32
52284
80
52364
69
52484
82
52654
83
52784
79
52905
78
52995
65
53145
32
53355
80
53486
82
53616
73
53746
77
53876
65
53976
32
54106
68
54207
73
54317
32
54457
77
54627
69
54788
32
54998
65
55248
86
55418
65
55799
8
55899
69
56049
86
56200
65
56370
78
56530
79
56670
32
57181
83
57321
79
57492
80
57842
8
58042
77
58193
77
58343
73
58573
78
58703
73
58874
83
59054
84
59204
82
59334
65
59475
84
59615
79
59815
32
60216
67
60506
8
60626
71
60767
79
61237
67
61387
67
61718
69
61858
32
62038
80
62209
69
62339
82
62519
32
62860
68
62960
73
63140
76
63260
65
63531
84
63681
65
63851
82
63971
69
64142
32
64292
76
64372
65
64492
32
64652
80
64843
85
65363
80
65584
73
65754
76
65874
76
66004
65
66125
32
66295
78
66415
69
66545
76
66665
76
66846
219
67056
79
67226
67
67366
67
67507
72
67627
73
67767
79
67947
32
68188
83
68378
65
68578
78
68739
79
69590
16
69740
49
69930
32
70121
16
70231
68
70401
69
70521
78
70701
85
70882
78
71192
67
71292
73
71423
65
71573
82
71703
69
71893
16
72314
219
72674
219
73085
32
73716
16
73916
78
74127
79
74597
188
74788
32
75148
78
75278
79
75399
78
75509
32
75769
86
75919
65
76060
76
76160
69
76280
32
76460
76
76560
65
76670
32
76811
80
76971
69
77111
78
77261
83
77662
8
77872
65
78353
188
78764
32
79485
73
79655
76
79785
32
79935
77
80086
79
80226
78
80556
68
80707
79
80857
32
81197
79
81398
82
81558
77
81668
65
81788
73
81958
32
82339
69
82509
219
82680
32
82880
83
83030
69
83160
77
83311
80
83441
82
83561
69
83681
32
83841
80
83901
69
84132
71
84272
71
84392
73
84532
79
88408
190
88719
32
92024
16
92134
68
92344
69
92454
80
92625
82
92755
69
92955
83
93075
83
93225
73
93366
79
93516
78
93646
69
95629
16
96130
16
96160
16
96200
16
96230
16
96270
16
96300
16
96330
16
96370
16
96400
16
96440
16
96470
16
96500
16
96540
16
96570
16
96601
16
96641
16
96671
16
96711
16
98874
32
99154
80
99255
69
99375
82
99485
32
99685
81
99785
85
99875
69
00026
76
00146
76
00306
79
00446
32
00637
83
00957
8
01067
67
01197
72
01298
69
01418
32
01678
83
01899
67
02329
82
02489
73
02630
86
02770
79
03070
16
03571
16
03601
16
03611
219
03831
32
04172
16
04352
78
04512
79
05354
190
05504
190
05634
190
06445
73
06636
78
06806
67
06966
65
07197
90
07327
90
07507
65
07627
84
07737
85
07878
82
08038
65
08148
32
08298
84
08398
79
08508
84
08699
65
08839
76
08959
69
17222
188
17392
32
17562
79
17782
68
17883
73
18033
79
18173
32
21658
86
21869
69
21999
82
22199
83
22339
79
22520
32
24853
65
24963
78
25104
67
25214
72
25334
69
25444
32
25604
76
26135
219
26245
65
26436
82
26736
73
26916
65
27036
32
27257
67
27367
72
27467
69
27557
32
28018
67
28108
73
28258
32
28419
67
28509
73
28679
82
28929
67
29009
79
29140
78
29300
68
29480
65
30962
190
31403
32
35970
66
36120
69
36190
78
36310
69
36461
188
36601
32
36831
81
36921
85
37011
69
37152
83
37272
84
37382
79
37502
32
37622
69
37873
83
38033
80
38133
69
38283
82
38414
73
38564
77
38684
69
38764
78
38864
84
38964
79
39095
32
39265
77
39415
73
39525
32
39635
80
39816
73
39946
65
40096
67
40266
69
42560
190
42770
32
43151
16
43291
70
43431
65
43561
84
43722
69
43832
77
43972
73
44102
32
44232
83
44393
65
44463
80
44573
69
44703
82
44833
69
44923
32
45134
67
45484
8
45574
83
45715
69
45815
32
45975
67
46085
73
46205
32
46316
83
46386
79
46526
78
46636
79
46756
32
46896
65
46997
76
47127
84
47277
82
47397
73
47918
32
48108
80
48208
65
48419
90
48539
90
48719
73
49220
32
49400
67
49560
72
49671
69
49771
32
49931
83
50091
84
50241
65
50382
78
50522
78
50642
79
50782
32
50952
83
51083
67
51263
82
51383
73
51483
86
51634
69
51784
78
51894
68
52034
79
52986
32
54448
81
54548
85
54648
69
54808
83
54939
84
55079
69
55249
32
56641
8
57142
8
57182
8
57212
8
57242
8
57282
8
57312
8
57342
8
57933
32
58083
67
58183
79
58324
83
58494
69
58644
32
58894
86
59135
69
59295
82
59415
69
59606
32
59806
67
59906
79
60036
77
60176
69
60307
32
61128
77
61328
69
62600
32
64783
73
64934
78
65104
67
65444
8
65524
86
65695
69
65835
67
65995
69
66105
32
66296
67
66416
72
66526
69
66626
32
66766
82
66917
65
67097
67
67217
67
67307
79
67417
78
67558
84
67708
65
67848
82
67968
69
68088
32
68289
67
68419
72
68529
69
68609
32
68739
83
68819
79
68970
78
69100
79
69190
32
69340
65
69440
78
69711
68
69881
65
70031
84
70191
73
70342
32
70502
65
70812
76
70943
32
71103
67
71183
73
71313
78
71463
69
71794
77
71984
65
75269
16
75770
16
75800
16
75840
16
75870
16
75910
16
75940
16
75970
16
76010
16
76040
16
76080
16
76110
16
76140
16
76171
38
76451
38
76982
38
79355
38
79726
37
80257
37
80297
37
80337
37
80377
37
80417
37
80447
37
80487
37
80527
37
80567
37
80607
37
80637
37
80677
37
80938
37
81268
37
81779
37
82300
46
87337
13
90102
16
90272
77
90382
69
90582
71
90692
76
90853
73
90983
79
91143
32
93617
65
93757
78
93867
68
94017
65
94168
82
94378
83
94538
69
94678
78
94839
69
94999
32
95279
86
95379
73
95570
65
96782
32
97533
65
97643
32
97823
84
98134
69
98324
83
98624
65
98825
32
98945
65
99055
76
99205
84
99386
65
00487
37
00988
37
01018
37
01058
37
01098
37
01128
37
01168
37
01489
39
01689
84
02270
35
02951
190
03772
8
04333
188
04483
32
04653
84
04804
65
04904
78
05014
84
05124
79
05264
32
05505
84
05615
85
05715
84
05865
84
05975
73
06106
32
06236
73
06386
32
06566
78
06707
79
06857
68
06957
73
07087
32
07338
86
07488
69
07598
78
07698
71
07828
79
07948
78
08079
79
08199
32
08399
65
08579
76
08730
32
08840
80
09010
69
09240
84
09391
84
09511
73
09621
78
09761
69
09901
32
10052
80
10182
82
10292
73
10442
77
10572
65
10683
32
10873
79
11063
32
11283
80
11664
79
11934
73
13166
190
13307
190
13437
190
