24683
70
24803
73
24943
78
25114
65
25174
76
25344
77
25454
69
25564
78
25644
84
25785
69
25905
32
26215
83
26396
69
26546
77
26686
80
27127
8
27407
66
27557
82
27708
65
27798
32
27988
84
28078
79
28188
82
28298
78
28389
65
28529
84
28649
79
28809
32
28929
73
29090
76
29200
32
29310
83
29380
79
29540
76
29671
69
30151
188
30281
32
30492
78
30512
65
31734
8
31874
8
31994
65
32114
78
32244
67
32375
71
32495
69
33086
8
33246
8
33516
72
33646
69
33767
32
33937
83
34107
69
34227
32
34388
78
35249
79
35399
78
35579
32
35790
70
35960
65
36080
32
36210
67
36311
79
36471
83
36641
73
37292
219
37402
32
37783
67
37943
65
38023
76
38153
68
38273
79
38754
190
38934
32
39105
16
39175
76
39395
79
39515
32
39686
83
39776
79
40016
188
40166
32
40627
84
40767
85
40867
84
40998
84
41178
69
41308
32
41468
76
43872
8
44813
8
44964
8
45214
73
45384
32
45564
73
45695
32
45915
77
46045
73
46215
69
46336
73
46826
32
47047
80
47157
69
47317
78
47447
83
47567
73
47698
69
47828
82
47968
73
48088
32
48198
68
48379
69
48509
76
48639
32
48739
71
48839
73
48980
79
49060
82
49210
78
49340
79
49480
32
51263
72
51393
65
51503
78
51634
78
51784
79
51924
32
52194
67
52285
79
52415
77
52535
69
52635
32
53026
66
53136
65
53316
83
53466
69
53617
32
53757
73
53927
76
54057
32
54177
84
54318
69
54368
77
54538
80
54718
79
55299
190
55469
190
55610
190
56411
69
56571
32
56781
67
56932
72
57062
69
57182
32
57412
67
57502
73
57663
32
57933
68
58464
69
58664
86
58794
79
58935
32
59145
70
59295
65
59445
82
59566
69
59816
16
59986
49
60717
32
61008
83
61088
79
61228
78
61348
79
61478
32
61759
77
61929
79
62089
76
62240
84
62340
79
62490
32
63161
77
63311
69
63552
84
63832
69
64293
82
64533
69
64723
79
64924
80
65094
65
65294
84
65404
73
65555
86
65935
8
66065
67
66256
65
66466
188
67027
32
68569
73
68729
76
68860
32
68990
83
69030
79
69210
76
69360
69
69471
32
70632
65
70752
76
70923
67
71363
8
71584
77
71714
69
71784
78
71944
79
72084
32
72806
67
72886
79
73026
78
73176
84
73366
82
73457
73
74007
66
74208
85
74348
73
74538
83
74708
67
74859
69
75019
32
75139
65
75249
32
75409
70
75560
65
75680
82
75780
77
75920
73
76070
32
76291
82
76431
73
76611
83
76772
76
76872
65
77192
73
77372
82
77503
69
77633
32
77823
85
78033
78
78164
32
78674
8
79175
8
79205
8
79245
8
79275
8
79315
8
79345
8
79375
8
79416
8
79446
8
80117
83
80277
65
80407
76
80577
73
80707
82
80868
69
80988
32
81138
73
82180
8
82771
85
82961
78
83091
32
83211
80
83371
79
83522
67
83642
72
83752
69
83932
84
84083
84
84203
79
84323
32
84473
76
84683
219
84944
85
85194
77
85324
79
85485
82
85635
69
86326
190
88720
13
89210
16
89381
80
89521
69
89641
82
89751
32
89901
73
90062
76
90202
32
90322
82
90452
69
90632
83
90913
84
91013
79
91173
32
91494
77
91654
73
91804
32
93106
8
93276
8
93407
8
93567
8
94118
188
94258
32
94378
73
94528
69
94638
82
94799
73
94959
32
97152
80
97333
79
97493
77
97643
69
97783
82
97913
73
98074
71
98214
71
98314
73
98474
79
98574
32
98725
73
98895
32
99055
77
99185
73
99506
69
99636
73
99796
32
00047
71
00237
69
00327
78
00477
73
00577
84
00818
82
00928
79
01108
73
01309
32
01509
83
01549
79
01699
78
01819
79
01929
32
02320
65
02540
82
02721
84
02851
73
02981
84
03121
73
04083
37
04583
37
04613
37
04654
37
04684
37
04724
37
04764
37
04794
37
04834
37
04864
37
04904
37
04934
37
04974
37
05194
37
05375
37
05825
46
06086
39
06576
82
07117
39
07288
39
07418
39
07528
39
07648
39
07778
39
07888
39
08569
80
08850
35
09441
32
09942
80
10052
69
10162
82
10252
32
10392
73
10532
76
10653
32
10783
77
10903
65
11043
82
11173
69
11304
32
11574
67
11634
79
11794
78
11935
32
12365
73
12525
76
12656
32
12756
77
12906
73
13046
79
13166
32
13367
78
13517
73
13717
80
13897
79
14058
84
14168
73
14308
78
14468
79
17323
188
17483
32
17833
67
17944
79
18074
83
18174
73
18364
219
18504
32
18955
83
19185
65
19316
82
19476
79
19686
219
19816
32
20137
83
20237
79
20407
76
20718
65
20858
32
21108
85
21289
78
21439
65
21539
32
21649
83
21789
69
21960
84
22080
84
22210
73
22340
77
22480
65
22561
78
22711
65
23712
190
24353
13
24594
16
24734
83
24904
65
25054
66
25205
65
25375
84
25505
79
25635
32
25856
83
26036
69
26136
82
26306
65
26426
32
27308
72
27558
79
27718
32
27889
84
28009
69
28109
78
28299
84
28570
65
28760
84
28890
79
29040
32
29301
68
31103
73
31294
32
31554
65
31664
78
31875
68
32025
65
32155
82
32285
69
32405
32
32546
65
32646
76
32786
32
33066
67
33187
73
33377
78
33627
69
33918
77
34118
65
34298
32
34469
65
34599
32
34789
86
34969
69
35170
68
35340
69
35520
82
35660
69
37233
32
38845
73
39015
76
39136
32
39536
70
39616
73
39787
76
40397
77
40568
32
41519
65
41639
80
41770
80
41890
69
41990
78
42290
65
42451
32
42821
85
42991
83
43132
67
43242
73
43362
84
43532
79
43722
32
44263
68
44393
73
44494
32
45505
8
45665
8
45806
8
46066
67
46176
79
46366
78
46547
32
46967
68
47668
8
47929
16
48049
68
48229
69
48349
78
48620
90
48780
69
48900
76
49050
32
49321
16
49471
87
49671
65
49892
83
50222
72
50383
73
50553
78
50813
71
51054
84
51204
79
51354
78
52496
188
52646
32
52816
77
52966
65
53067
32
53708
67
53858
219
53958
69
54078
82
54248
32
54409
65
55100
8
55240
8
55370
65
55510
32
55711
85
55921
78
56372
65
56512
32
56742
67
56822
79
57033
82
57423
8
57543
68
57734
65
57844
32
58004
76
58164
85
58345
78
58455
71
58635
72
58795
73
59166
83
59306
83
59436
73
59586
77
59727
65
59907
32
60047
69
60157
32
60307
83
60468
69
60608
32
60778
65
60898
78
61059
67
61179
72
61279
69
61389
32
61499
65
62100
86
62280
69
62461
83
62601
83
62831
32
63282
8
63522
73
63753
32
63933
84
64113
82
64243
79
64384
86
64534
65
64704
84
64834
79
64964
32
65135
80
65315
79
65475
83
65635
84
65756
79
66357
188
66597
32
67288
83
67408
73
67649
67
67779
85
67899
82
68059
65
68129
77
68310
69
68320
78
68930
84
69121
69
69862
32
70242
83
70433
65
70573
82
70703
69
70823
66
70974
66
71124
69
71625
32
71835
83
72015
84
72155
65
72276
84
72416
79
72566
32
73127
84
73297
82
73427
65
73547
32
73678
76
73778
69
73868
32
73978
80
74118
82
74289
73
74429
77
74659
69
74799
32
75050
70
75160
73
75330
76
75460
69
75701
188
76312
8
76872
190
77023
32
77163
16
77283
80
77493
73
77704
85
77874
84
78014
84
78124
79
78245
83
78385
84
78495
79
78645
32
78805
67
78906
72
79026
69
79106
32
79286
85
79416
83
79556
67
79677
73
79777
82
79907
73
80308
8
80458
69
80588
32
80878
67
80949
79
81109
78
81309
32
81650
71
81760
76
81900
73
82030
32
82190
79
82411
67
82561
67
82671
72
82811
73
82982
32
83262
71
83382
79
83542
78
83753
70
83883
73
84053
32
84224
69
84354
32
84814
73
84975
76
85095
32
85225
67
85315
79
85475
76
85596
76
85776
79
85906
32
86076
73
86247
78
86677
68
86817
79
86998
76
87118
69
87318
78
87559
90
87729
73
87909
84
88039
79
88420
188
88660
32
89301
72
89461
79
89592
32
89772
80
89922
82
90062
69
90193
70
90353
69
90443
82
90573
73
90693
84
90823
79
90974
32
91294
82
91414
73
91545
77
91665
65
91745
78
91845
68
91975
65
92105
82
92256
69
92406
32
92586
65
92756
68
93297
32
93528
85
93728
78
93938
219
94068
65
94199
76
94329
84
94489
82
94659
65
94850
32
95020
86
95100
79
95280
76
95360
84
95531
65
97253
190
98916
32
00208
16
00328
69
00548
219
00688
32
00989
76
01139
85
01329
78
01510
69
01680
68
01830
73
02060
219
02741
190
02892
190
03002
190
03222
69
03382
32
03583
83
03653
73
03813
32
03893
68
04053
69
04234
86
04444
69
04624
32
04865
67
04955
79
05095
77
05385
78
05746
8
05936
73
06117
78
06257
67
06347
73
06487
65
06657
82
06828
69
06998
32
07308
65
07519
32
07749
76
07869
65
08069
86
08200
79
08350
82
08560
65
08710
82
08871
69
09942
190
10083
190
14379
69
14499
32
14679
73
14810
78
14970
73
15180
90
15320
73
15441
65
15551
32
15711
85
15891
78
16112
219
16252
65
16362
76
16502
84
16672
82
16803
65
17404
188
17554
32
17694
76
17914
219
18185
69
18335
78
18465
78
18585
69
18956
83
19066
73
19216
77
19346
65
19497
32
19797
83
19967
69
20148
84
20288
84
20398
73
20648
77
20799
65
20899
78
21069
65
22431
190
22591
190
22702
190
30143
17
30463
67
