52380
16
52550
65
52710
76
52880
82
53260
8
53370
84
53540
82
53650
65
53760
32
53920
80
54090
73
54250
79
54420
71
54530
71
54690
73
54910
188
55300
8
55410
65
55630
188
56010
32
56280
81
56390
85
56780
69
57160
83
57330
84
57490
65
57660
32
57930
86
58040
79
58210
76
58320
84
58480
65
58590
32
58700
73
58870
78
59030
32
59140
80
59250
73
59420
69
59520
78
59690
79
60460
190
60620
32
60790
16
60950
80
61010
69
61170
82
61230
32
61390
76
61560
65
61610
32
61720
80
62160
82
62270
73
62440
77
62550
65
62660
32
62880
86
62990
79
63150
76
63260
84
63420
65
63590
32
63860
69
63970
82
64140
79
64300
32
64470
73
64630
78
64800
32
64850
67
64960
79
65070
77
65180
80
65350
65
65510
71
65620
78
65790
73
65900
65
66010
32
66340
83
66390
79
66560
76
66780
79
66880
32
66990
68
67160
69
67270
76
67380
32
67540
77
67710
73
67870
79
67980
32
68150
70
68260
73
68590
68
68750
65
68920
84
69030
79
69140
32
69360
67
69630
65
69800
80
69910
80
70020
69
70130
76
70620
76
70890
79
71060
32
71220
83
71660
8
71770
65
71880
78
72100
84
72210
73
73150
190
73640
8
73920
189
74140
80
74300
73
74520
79
74790
71
74960
71
75010
73
75180
65
75400
32
75670
77
75890
65
76000
32
76440
83
76660
69
76830
78
77050
90
77270
65
77920
37
78200
37
78310
37
78360
37
78470
37
78530
37
78640
37
78690
37
78800
37
79900
188
80120
35
80670
32
81170
79
81440
77
81660
66
81880
82
82040
69
82210
76
82320
76
82480
73
82650
78
82810
79
82920
32
83140
68
83310
65
83420
32
83580
80
84020
8
84240
66
84410
79
84630
82
84900
83
85010
69
85230
84
85340
84
85560
65
87760
190
88360
32
88580
16
88910
82
89070
73
89240
83
89350
85
89510
76
89620
84
89730
65
89900
84
90060
79
90340
16
90450
190
90670
32
91000
85
91220
83
91490
67
92150
73
92320
65
92430
77
92540
79
92700
32
92860
67
92970
79
93080
78
93250
32
93410
76
93520
65
93630
32
93740
77
93910
65
93960
77
94130
77
94240
65
94400
32
94730
68
94900
65
95060
76
95230
32
95890
68
96430
8
96600
83
97040
8
97150
67
97310
69
97420
78
97530
84
97700
82
97810
79
97970
32
98080
67
98190
79
98360
77
98470
77
98630
69
98690
82
98960
67
99070
73
99240
65
99400
76
99570
69
00770
32
01490
69
01650
32
02370
73
02530
79
02640
32
02860
77
03030
73
03190
32
03360
70
03410
73
03580
79
03790
78
04230
68
04400
79
04560
32
05110
68
05280
65
05390
32
05610
69
05770
82
05880
79
06050
73
06270
67
06650
8
06820
78
07040
65
07090
32
07310
83
07420
85
07750
73
07860
32
08020
80
08130
65
08240
82
08520
67
08630
72
08850
69
09010
71
09180
71
09290
73
09450
32
09510
80
09620
69
09730
82
09840
32
10000
82
10170
69
10550
67
10660
85
10830
80
10990
65
11100
82
11590
65
11590
82
11590
69
11590
32
11650
76
11870
219
11980
65
12140
85
12360
84
12470
79
12640
32
12970
69
13300
32
13460
65
13680
86
13790
86
13960
73
14120
67
14230
73
14340
78
14510
65
14890
82
14890
77
14890
73
14890
32
16590
73
16760
76
16920
32
17030
80
17200
73
17360
85
17530
219
17640
32
17860
80
18020
79
18190
83
18350
83
18460
73
18620
66
18790
73
18950
76
19230
69
19390
32
19670
80
19830
69
19940
82
20160
67
20220
72
20380
69
20490
219
20600
32
20820
77
20930
65
21100
77
21260
77
21370
65
21480
32
21590
78
21760
79
21870
78
22030
32
22140
83
22250
73
22360
32
22960
66
23070
65
23510
71
23730
78
23950
73
25600
190
26590
13
28070
16
28350
78
28510
79
28730
73
28900
65
29010
32
29170
67
29280
79
29390
77
29550
80
29770
76
29880
69
30050
84
30210
65
30320
32
30490
73
30650
78
30760
32
31040
81
31150
85
31260
69
31480
83
31590
84
31700
73
31810
32
31970
71
32030
73
32190
79
32360
82
32410
78
32580
73
32800
188
33020
32
33780
86
33950
79
34060
71
34170
76
34330
73
34440
65
34610
32
34720
68
34770
73
34880
32
34990
70
35100
65
35270
82
35380
69
35490
32
35650
78
35870
85
36040
76
36200
76
36310
65
36480
188
36640
32
36860
83
37080
76
37300
79
38290
8
38450
8
39000
79
39170
76
39330
79
39500
32
39660
83
40050
84
40270
65
40430
82
40590
83
40760
69
40920
78
41030
69
41250
32
41910
67
42020
79
42130
78
42300
32
42460
73
42570
76
42740
32
42850
78
43010
65
43180
83
43510
79
43670
32
43840
73
44000
78
44170
32
44490
83
44600
85
44820
32
45100
65
45260
32
45760
71
45920
85
46140
65
46360
82
46530
68
46640
65
46800
82
46970
69
47080
32
47240
73
47410
76
47570
32
47680
86
47850
85
48010
79
48170
84
48340
79
48500
32
48610
69
48720
32
49000
65
49110
32
49270
80
49380
69
49550
78
49660
83
49880
65
50040
82
50210
69
50870
190
51470
13
51690
16
51800
73
52020
78
52180
86
52350
69
52510
67
52680
69
52840
32
53010
66
53230
73
53390
83
53500
79
53610
71
53720
78
53940
65
54050
32
54440
76
54490
65
54660
86
54820
79
54930
82
55100
65
55260
82
55370
69
55530
188
55700
32
55810
69
55970
32
56080
67
56190
79
56300
83
56410
73
56630
219
56740
32
56910
77
57070
73
57180
32
59100
68
59270
73
59380
83
59490
84
59710
82
59820
65
60040
71
60150
71
60310
79
60420
32
60590
85
60750
78
60920
32
61030
80
61190
79
61410
219
61580
32
61740
68
62130
65
62240
73
62400
32
62510
83
62620
79
62780
76
62950
73
63060
84
63220
73
63330
32
63880
80
64050
69
64160
78
64270
83
64490
73
64650
69
64820
82
64980
73
65150
32
65480
67
65640
72
65860
69
66460
32
66960
68
67180
65
67340
32
68170
84
68390
82
68500
79
68880
80
69050
80
69270
73
69430
32
69600
65
69650
78
69760
78
69980
73
70420
32
73330
65
73770
70
73880
70
74100
79
74260
76
74370
76
74480
65
74650
78
74810
79
75090
32
75200
76
75310
65
75420
32
75530
77
75690
73
75860
65
76130
32
76300
77
76460
69
76520
78
76680
84
76850
69
77560
16
77670
190
77830
32
78110
73
79150
8
79370
70
79480
73
79700
78
79810
73
80470
82
80640
65
81180
219
81350
32
81510
77
81620
65
81730
73
82280
16
82500
219
82720
32
83110
65
83270
32
83490
86
83600
79
83770
76
83880
84
84040
69
84210
32
84320
77
84540
73
84650
32
84760
67
84860
72
84970
73
85080
69
85250
68
85410
79
86460
190
86680
190
87060
190
87610
32
87830
16
87890
83
88050
79
88220
78
88380
79
88540
32
88650
73
88820
79
88980
32
89150
67
89200
72
89370
69
89420
32
89590
78
89700
79
89810
78
89920
32
90190
86
90300
79
90470
71
90580
76
90740
73
90910
79
91070
32
91350
70
91460
73
91620
78
91950
73
92120
82
92220
69
92990
8
93430
76
93430
75
93650
65
94090
8
94260
8
94420
8
94700
8
94810
8
94860
8
94970
8
95250
8
95690
70
95850
65
96010
82
96120
76
96290
65
96400
32
96620
70
96730
73
96890
78
97060
73
97220
82
97390
69
97550
32
97770
79
97940
32
99040
69
99150
32
99480
83
99860
69
00020
77
00190
80
00350
76
00520
73
00680
67
00850
69
00960
77
01340
69
01450
78
01620
84
01780
69
01950
32
02550
67
02660
73
02830
79
02990
219
03100
32
03210
68
03590
8
03700
67
03810
72
03920
69
04030
32
04140
68
04250
79
04360
86
04530
69
04750
86
04910
65
05080
32
05350
83
05460
85
05680
67
05790
67
06120
69
06340
68
06560
69
06730
82
06940
69
07330
16
07600
16
07660
219
08480
32
08760
16
08870
66
09090
69
09250
72
09530
188
09690
32
09750
65
09910
32
10020
68
10190
73
10350
82
10520
69
11280
8
11560
76
11720
65
11830
32
12000
80
12110
82
12270
79
12490
80
12660
82
12820
73
12990
79
13150
32
13650
84
13760
85
13920
84
14090
84
14250
65
14410
188
14580
32
14690
83
14740
79
14910
78
15020
79
15130
32
15290
86
15460
69
15570
82
15730
65
15790
77
15950
69
16010
78
16120
84
16230
69
16340
32
16500
83
16670
84
16830
65
16940
78
17110
67
17330
65
21280
190
21560
32
21940
16
22050
69
22210
32
22820
16
22980
86
23090
79
23260
71
23370
76
23590
73
23750
79
24080
32
24250
67
24360
72
24470
69
24580
32
24740
86
24850
73
25180
8
25350
8
25450
70
25560
73
25780
78
25950
73
26110
83
26280
67
26440
65
33090
190
