02254
79
02454
75
02675
188
02825
32
02985
67
03055
73
03175
32
03286
83
03346
79
03486
78
03596
79
03716
32
03826
82
03917
73
04047
85
04167
83
04327
67
04407
73
04578
84
04748
65
05068
190
05239
32
05469
16
05549
86
05709
69
05819
78
05930
69
06070
82
06280
68
06420
73
06621
219
06791
32
07021
72
07161
79
07302
32
07412
80
07512
82
07642
69
07802
83
07903
79
08023
32
08133
85
08323
78
08463
32
08594
71
08694
73
08824
79
08914
82
09044
78
09174
79
09305
32
09395
68
09485
73
09605
32
09966
70
10126
69
10256
82
10396
73
10526
69
11838
32
12089
69
12209
32
12349
83
12419
79
12580
78
12700
79
12820
32
12920
80
13050
65
13170
82
13341
84
13431
73
13831
84
14042
65
14192
32
14382
80
14502
69
14653
82
14803
32
14953
73
15123
76
15254
32
15394
77
15514
65
15644
82
15784
69
15955
32
17076
8
17517
190
17677
32
18929
16
19059
67
19149
79
19270
83
19370
73
19540
219
19710
32
20451
83
20502
79
20622
78
21263
32
21743
82
21904
73
22024
85
22545
83
22695
67
22905
73
23075
84
23246
65
23406
32
23496
65
23606
32
23776
80
23897
65
24097
83
24227
83
24377
65
24558
82
24678
69
24858
32
25709
85
25910
78
26040
32
26190
66
26320
69
26420
76
26571
32
26801
87
27001
69
27152
69
28143
75
28494
189
28724
69
29275
78
29455
68
30126
32
30326
67
30497
79
30627
78
30767
32
30877
73
31037
32
31168
77
31298
73
31428
69
31538
73
31668
32
31929
78
32089
73
32269
80
32450
79
32710
84
32870
73
33030
78
33211
73
34102
188
34262
32
35104
76
36015
65
36145
32
36285
77
36405
73
36556
65
36636
32
36786
78
36876
65
36986
79
37066
67
37257
82
37397
65
37507
32
37627
68
37707
73
37828
32
37938
83
38128
65
38198
76
38409
86
38609
69
38859
90
38979
90
39170
65
39320
32
39480
73
39620
78
39771
32
39911
81
40021
85
40101
69
40261
83
40371
84
40492
79
40612
32
40722
80
41032
69
41243
82
41363
73
41493
79
41623
68
41774
65
42004
67
42124
67
42254
73
42405
79
42685
190
42695
188
43256
8
43446
8
44508
190
44658
32
44848
16
44988
73
45179
76
45309
32
45419
84
45559
69
45629
77
45780
80
45960
79
46100
32
46621
69
46851
219
47001
32
47142
83
47302
84
47422
65
47552
84
47662
79
47793
32
48133
66
48263
69
48354
76
48474
76
48774
79
48954
32
49115
83
49235
73
49405
65
49535
32
49665
86
49816
69
49996
78
50116
69
50236
82
50437
68
50567
73
50757
219
50917
32
51108
67
51448
72
51608
69
51709
32
51869
83
52059
65
52179
66
52319
65
52480
84
52620
79
53571
188
53752
32
54052
69
54212
32
54433
73
54593
78
54753
32
54923
83
55024
80
55254
73
55614
65
55795
67
56195
8
56316
71
56446
71
56596
73
56736
65
56866
32
57077
67
57087
79
57327
78
57668
32
57878
76
58058
79
58218
82
58349
79
58489
32
58849
69
59030
219
59210
32
59340
83
59490
84
59631
65
59781
84
59881
79
60051
32
60332
68
60422
73
60572
86
60732
69
60842
82
61033
84
61203
69
61333
78
61473
84
61634
69
62355
188
62775
32
63056
84
63236
82
63376
65
63556
32
63737
85
63927
78
64328
32
64588
70
64768
65
65029
71
65199
79
65479
84
65600
84
65690
73
65840
78
65980
79
66160
32
66220
68
66321
73
66441
32
66591
78
66711
69
66942
65
67052
78
67202
67
67302
72
67412
69
67502
32
67653
85
67803
78
67953
32
68053
65
68133
78
68254
78
68394
79
68544
32
68664
67
68784
72
68894
69
68995
32
69175
83
69245
73
69385
32
69616
82
69726
79
69916
84
70016
79
70247
76
70407
65
70617
86
70777
65
70918
32
71218
78
71328
69
71468
76
71599
76
71739
65
71849
32
71989
83
72189
65
72320
66
72460
66
72610
73
72750
65
73051
32
73241
69
73682
32
74022
85
74223
78
74833
32
77718
70
77938
85
78128
82
78399
66
78539
65
78749
67
78880
67
79150
72
79320
73
79460
79
79611
78
79721
69
79841
32
79951
68
80041
73
80181
32
80382
84
80552
82
80702
69
80812
32
81003
65
81113
78
81243
78
81413
73
81544
32
81644
67
81764
72
81864
69
82004
32
82435
67
82565
79
82685
82
82825
82
82986
69
83186
86
83326
65
83466
32
83577
65
83717
78
84087
8
84198
86
84318
65
84418
78
84538
84
84648
73
84788
32
84939
73
85069
78
85219
68
85329
73
85590
69
85770
84
85940
82
86060
79
86211
32
86531
84
86751
82
86872
65
86962
32
87092
73
87252
76
87392
32
87603
67
87773
65
87903
76
88334
67
88995
73
89145
79
89846
32
90407
16
90908
16
90948
16
90978
16
91008
16
91048
16
91078
16
91118
16
91148
16
91178
16
91218
16
91248
16
91278
16
91318
16
91348
16
91388
16
91418
16
91448
16
91489
16
91519
16
91559
16
91589
16
91619
16
91659
16
91689
16
91729
16
91759
16
91789
16
91829
16
91859
16
91889
16
91929
16
91959
16
91999
16
92029
16
92059
16
92099
16
92130
16
92170
16
92200
16
92230
16
92270
16
92300
16
92340
16
92370
16
92400
16
92440
16
92470
16
92480
50
92891
66
93181
65
93542
16
93692
82
93962
73
94183
76
94303
76
94473
65
94633
16
94773
50
95675
32
96476
69
96696
32
99571
76
99851
219
99991
65
00112
76
00282
84
00482
65
00632
76
00763
69
00853
78
01053
65
01474
188
01654
32
01804
67
02245
8
02375
70
02525
65
02746
67
02916
69
03036
78
03166
68
03336
79
03497
32
03757
73
03947
77
03957
78
04799
8
05440
80
05550
65
05760
90
05860
90
05980
73
06151
82
06301
69
06431
32
07342
73
07553
32
08064
66
08224
65
08394
71
08494
78
08644
73
08765
78
08935
73
09105
32
09335
68
09446
73
09576
32
12550
8
12731
8
12881
8
13021
8
13902
189
14413
71
14573
85
14704
65
14864
82
15084
68
15234
73
15405
65
15525
32
15665
83
15755
80
15915
73
16026
65
16176
71
16316
71
16476
73
16616
65
20352
32
20642
16
20813
56
21133
66
21344
85
21654
8
21784
82
21904
85
22025
84
22165
84
22305
73
22515
83
22525
88
23597
8
23847
83
23988
83
24098
73
24228
77
24398
73
24618
188
24799
32
24929
65
25049
76
25169
84
25330
82
25470
79
25850
32
26001
67
26111
72
26211
69
26321
32
26962
16
27142
66
27333
65
27523
89
28144
32
28434
87
28635
65
28845
84
29245
67
29436
72
29846
16
30157
49
30557
57
33772
32
34403
67
34523
72
34634
69
34744
32
34894
78
35014
79
35104
78
35245
32
35375
83
35595
65
36016
80
36146
69
36366
86
36516
65
36617
78
36757
79
36907
32
37057
83
37207
69
37348
32
37568
83
37768
71
37949
82
38079
73
38229
68
38369
65
38499
82
38570
76
38740
79
38880
32
39100
79
39321
32
39501
78
39651
79
41073
188
41224
32
41444
86
41524
73
41644
83
41794
84
41915
79
42045
32
42175
67
42285
72
42395
69
42495
32
42646
78
42776
79
42906
73
43076
32
43968
83
44128
84
44278
65
44418
86
44569
65
44679
77
44799
79
44939
32
45129
78
45250
69
45360
76
45490
76
45610
65
45710
32
45840
83
45971
80
46151
73
46291
65
46481
71
46632
71
46692
73
46852
65
46962
32
47122
76
47263
73
47483
66
47603
69
47733
82
47904
65
48034
32
48204
69
48484
32
48735
73
48915
32
49145
83
49256
85
49526
68
49656
68
49816
69
49997
84
50137
84
50257
73
50407
32
50688
71
50788
73
50938
79
51339
67
51649
72
51820
73
52260
32
53081
83
53282
84
53432
65
53592
78
53722
78
53903
79
54774
8
54934
8
55064
8
55175
8
55305
8
55906
79
56056
78
56186
79
56316
32
56517
78
56667
69
56777
76
56887
76
58690
8
59952
8
60212
73
60923
32
61845
66
61985
65
62155
71
62355
78
62546
73
62896
32
63036
65
63127
32
63287
80
63527
65
63768
71
63938
65
64068
77
64198
69
64298
78
64408
84
64529
79
65380
190
65560
190
65720
190
66121
13
76497
16
76617
84
76797
79
76897
82
77017
73
77398
8
77608
78
77729
65
78039
82
78179
69
78460
32
79591
65
79752
32
79932
67
80092
65
80292
83
80473
65
80583
32
80763
80
80883
69
80993
82
81174
79
81835
219
82295
32
82496
78
82616
79
82716
78
82856
32
83958
8
84459
8
84489
8
84529
8
84559
8
84599
8
84629
8
84659
8
84699
8
85050
8
85480
69
85741
219
85891
32
86682
67
86752
79
86882
77
87003
69
87123
32
87233
65
87333
76
87483
32
87644
83
87724
79
87874
76
88004
73
88094
84
88224
79
88365
32
88605
66
88745
82
88895
85
89086
84
89206
84
89316
73
89456
78
89657
79
91009
190
91179
190
91309
190
91449
190
94594
76
94704
65
94844
86
94965
79
95075
82
95195
79
95425
188
95585
32
95726
83
96056
67
96257
65
96377
82
96577
84
96747
79
96877
70
97028
70
97128
73
97248
69
97398
188
97568
32
97829
84
97979
69
98149
76
98420
69
98640
70
98790
79
98941
78
99071
79
99221
32
99421
67
99551
72
99652
69
99782
32
00002
83
00713
81
00833
85
00974
73
01174
76
01304
76
01424
65
01565
32
03888
84
03998
85
04088
84
04239
84
04379
79
04529
32
04659
73
04829
76
04950
32
05070
71
05150
73
05290
79
05330
82
05520
78
05651
79
05931
190
06071
190
06212
190
06742
69
06862
32
07343
67
07493
67
07644
67
07874
72
07984
69
08124
32
08455
80
08605
80
08725
80
08906
65
09096
76
09206
76
09326
69
09506
16
09667
49
