37751
83
37921
65
38021
66
38162
65
38372
84
38512
79
38672
32
39694
80
39944
73
40625
79
40786
86
40956
69
41116
86
41276
65
42909
188
43059
32
43700
80
43820
69
43910
82
44231
67
44361
73
44511
79
44712
219
44902
32
48127
76
48257
65
48387
32
48477
71
48567
73
48667
65
49058
8
49278
84
49439
65
49539
32
49659
65
49779
76
49939
32
50110
77
50250
65
50390
82
50530
69
50721
32
51782
69
51962
219
52093
32
52243
83
52373
84
52513
65
52643
84
52774
65
52894
32
53094
82
53174
79
53445
86
53545
73
53675
78
53775
69
54106
8
54216
65
54346
84
54526
65
54887
190
55057
32
55237
16
55348
77
55508
65
55648
32
56019
69
56249
219
56479
32
56650
83
56770
84
56920
65
57040
84
57140
79
57270
32
57481
66
57591
69
57721
76
57851
76
58012
79
58142
32
58833
82
58943
73
59113
65
59384
66
59524
66
59674
82
59814
65
59975
67
61417
67
61607
73
61747
65
61907
82
62068
69
62188
32
62478
16
62629
77
62729
65
62869
84
63009
84
63189
69
63340
79
63620
16
63770
190
63961
32
64912
73
65042
78
65202
32
65323
85
65493
78
65643
65
65743
32
65853
83
66004
69
66164
84
66304
84
66424
73
66544
77
66665
65
66735
78
66855
65
67015
32
67466
65
67646
80
67766
80
67977
65
68147
82
68287
69
68437
32
68678
67
68858
82
68968
69
69158
83
69329
67
69479
73
69599
85
69739
84
69909
79
70891
188
71081
32
72293
69
72453
32
72644
83
72694
79
72854
78
72954
79
73064
32
73204
80
73345
82
73455
79
73625
80
73765
82
73916
73
74086
79
74206
32
74577
70
74707
79
74797
82
74987
84
75107
85
75318
78
75468
65
76009
84
76169
65
76389
32
76700
65
76860
68
77030
32
77190
65
77701
86
77912
69
78092
82
78222
69
78412
32
79544
68
79704
85
79824
69
79945
32
80115
78
80285
73
80526
80
80716
79
80876
84
80966
73
81116
78
81257
73
81377
32
81577
77
81687
69
81817
82
81988
65
82358
86
82599
73
82819
71
82959
76
83139
73
83290
79
83560
83
83710
73
84041
190
84291
13
84742
16
85012
68
85173
79
85353
77
85503
69
85593
78
85743
67
85864
73
86234
8
86344
8
86565
73
86705
67
86865
65
87055
32
87496
69
87796
219
87927
32
88147
80
88277
82
88457
79
88648
80
88868
82
88988
73
89149
79
89299
32
89409
68
89559
65
89679
32
89850
68
89930
73
90080
77
90180
69
90270
78
90390
84
90481
73
90661
67
90811
65
90951
82
91111
69
99124
190
99905
32
03861
16
03981
84
04191
85
04351
84
04502
84
04632
73
04752
32
04912
73
05032
32
05233
78
05393
79
05513
68
05643
73
05774
32
05994
86
06144
69
06254
78
06374
71
06495
79
06635
78
06765
79
06865
32
06995
65
07096
76
07216
32
07346
80
07466
69
07757
84
07907
84
07977
73
08117
78
08267
69
08448
188
08578
32
08758
83
08878
73
09008
32
09109
68
09299
73
09509
67
09669
69
10090
188
10230
32
10391
78
10531
79
10811
16
11021
219
12614
32
12814
16
12934
69
13115
67
13245
67
13395
79
13625
188
13806
32
13976
83
14116
84
14246
65
14417
78
14557
78
14707
79
14837
32
17752
65
17972
82
18102
82
18302
73
18463
86
18603
65
18723
78
18833
68
18973
79
19094
32
19284
84
19364
85
19524
84
19675
84
19815
73
19965
32
20175
81
20255
85
20476
65
20626
78
20746
84
20896
73
22419
190
22649
32
26244
16
26745
16
26785
16
26795
83
27026
73
27166
32
27296
80
27406
65
27566
71
27717
65
27837
32
28007
83
28177
69
28308
77
28448
80
28588
82
28698
69
28868
32
29029
80
29149
69
29279
82
29399
32
29539
73
29740
32
29870
80
30020
82
30160
79
30361
80
30531
82
30671
73
30841
79
31172
8
31362
73
31522
32
31843
69
32033
82
32173
82
32854
17
33065
37
33565
37
33596
37
33636
37
33666
37
33706
37
33746
37
34096
39
34427
46
34677
35
35528
79
35659
82
35819
69
36149
8
36330
73
36840
188
37211
32
38122
69
38273
32
38813
73
38964
79
39114
32
40686
76
40866
79
41007
32
41107
83
41237
84
41347
79
41477
32
41598
70
41748
65
41908
67
42058
69
42198
78
42289
68
42449
79
43450
188
43741
32
44011
85
44212
78
44372
32
44482
83
44652
65
44832
67
44933
67
45143
79
45413
190
45884
13
59575
16
60075
16
60105
16
60136
16
60176
16
60206
16
60246
16
60276
16
60306
16
60346
16
60376
16
60416
16
60446
16
60476
16
60516
16
60546
16
60586
16
60616
16
60646
16
60686
16
60716
16
60756
16
60787
16
60817
16
60857
16
60887
16
60917
16
60957
16
60987
16
61027
16
61057
16
61087
16
61127
16
61157
16
61197
16
61227
16
61257
16
61297
16
61327
16
61367
16
61397
16
61427
16
61468
16
61498
16
61538
16
61568
16
61598
16
61638
16
61668
16
61708
16
61738
16
61768
16
61808
16
61838
16
61868
16
61888
78
62078
79
62249
78
62409
32
62649
80
62759
69
62910
78
63050
83
63220
65
63400
86
63511
79
63641
32
63781
67
63901
72
64001
69
64102
32
64282
76
64502
219
64652
65
64833
86
65033
82
65183
69
65323
73
65444
32
65604
77
65724
65
65834
73
65954
32
66105
68
66285
69
66485
84
66625
84
66786
79
67076
16
67216
190
68819
32
70782
71
70902
76
71022
73
71162
32
71292
65
71393
85
71613
71
71793
85
71933
82
72064
79
72214
32
72354
68
72454
73
72584
32
72885
83
73045
79
73185
70
73345
70
73616
82
73756
73
73936
82
74097
69
74277
188
74437
32
74738
68
74858
73
74968
32
75118
83
75258
84
75399
65
75539
82
75679
32
75829
77
75949
65
76070
76
76190
69
76630
188
76811
32
78894
69
79034
32
79154
83
79264
79
79445
80
79565
82
79735
65
79885
84
80016
84
80146
85
80256
84
80396
84
80546
79
80687
32
80857
68
80947
73
81067
32
81217
82
81358
69
81528
83
81698
84
81848
65
82029
82
82109
69
82269
32
82469
83
82539
79
82720
76
82870
79
86355
32
86545
67
86625
79
86756
77
86826
69
86976
32
87176
69
87397
219
87557
32
87677
83
87807
69
87937
77
88078
80
88158
82
88308
69
88428
32
88538
83
88679
84
88829
65
88959
84
89109
79
90071
16
90231
190
92835
32
10151
81
10261
85
10361
69
10501
83
10642
84
10762
79
10872
32
11012
69
11233
219
11383
32
11864
81
11994
85
12124
69
12284
76
12424
76
12575
79
12715
32
13055
67
13176
72
13286
69
13366
32
13506
83
13606
73
13726
32
13867
77
13987
69
14117
82
14197
73
14347
84
14568
65
17562
83
17722
69
17853
32
19365
73
19505
79
19645
32
19836
77
19976
73
20106
32
20527
77
20657
69
20797
82
20927
73
21047
84
21158
79
21558
32
21708
84
21869
65
21929
78
22079
84
22239
69
22419
32
22680
67
22770
79
22910
83
23050
69
23261
188
23411
32
24082
66
24182
69
24322
78
24412
69
24783
188
24963
32
26125
35
26576
32
27016
76
27197
85
27347
73
29120
188
29280
32
29510
85
29690
78
29851
65
29961
32
30251
67
30361
79
30502
77
30642
80
30812
76
30912
69
31052
84
31213
65
31333
32
31493
83
31573
79
31723
76
31844
73
31994
84
32184
85
32364
68
32495
73
32645
78
32795
69
33406
32
33576
68
33676
79
33837
76
33987
79
34117
82
34287
79
34608
83
34778
65
37763
190
37993
32
38534
16
38664
71
38824
76
39004
73
39135
32
39255
65
39385
85
39525
71
39746
85
40196
82
40346
79
41068
32
43321
67
43471
79
43621
78
43782
32
43922
84
44022
85
44152
84
44302
84
44513
65
44623
32
44783
77
44883
69
45064
32
45224
83
45384
84
45865
69
46125
83
46265
83
46456
65
46836
32
49891
68
50151
73
53556
32
54468
82
54588
73
54738
84
54918
82
55009
79
55179
86
55309
65
55439
82
55680
83
55820
73
55970
32
56521
65
56621
32
56721
80
56891
73
57022
65
57152
78
57542
71
57693
69
57823
82
57953
69
58103
32
58294
76
58414
69
58594
32
59145
70
59305
69
59425
82
59565
73
59716
84
59906
69
60066
32
60166
69
60297
32
60717
71
60867
76
60968
73
61108
32
61248
69
61408
82
61548
82
61649
79
61789
82
61899
73
62069
32
62209
67
62300
79
62460
77
62590
77
62680
69
62860
83
62981
83
63151
73
64273
190
82370
13
84844
40
85254
35
85555
46
85995
32
89591
39
90091
39
90132
39
90172
39
90202
39
90242
39
90272
39
90312
39
90352
39
90382
39
90422
39
90452
39
90492
39
90532
39
90562
39
90602
39
90632
39
90672
39
90712
39
90742
39
90783
39
90813
39
90853
39
90893
39
90923
39
90963
39
90993
39
91033
39
91073
39
91103
39
91143
39
91173
39
91213
39
91984
188
92115
32
92245
77
92365
65
92435
32
92565
79
92695
82
92846
65
92976
32
93086
83
93166
79
93306
78
93427
79
93537
32
93677
80
93797
82
93917
79
94087
78
94248
84
94418
65
97923
40
98284
40
01919
40
02240
40
02741
40
04063
40
08239
68
08389
65
08499
32
08619
83
08700
79
08870
76
09030
79
09250
32
12676
40
13967
40
16431
32
17152
16
17252
65
17473
68
17613
68
17733
73
17873
79
23051
46
