54318
16
54418
70
54649
73
54789
78
54919
65
54989
76
55139
69
55169
77
55360
78
55480
84
55620
69
56031
32
56231
85
56782
8
57293
8
57323
8
57353
8
57393
8
57423
8
57463
8
57493
8
58494
76
58695
77
58835
69
58905
78
59005
84
59135
69
59276
32
59456
85
59636
78
59766
32
59917
80
60077
79
60267
219
60367
32
60558
68
60658
73
60818
32
61028
83
61078
79
61249
76
61389
69
61609
32
61799
68
62250
79
62450
80
62601
79
63091
32
63302
84
63452
65
63582
78
63672
84
63853
65
63983
32
64263
80
64433
73
64604
79
64874
71
65004
71
65185
73
65385
65
66326
16
66426
188
66597
32
66817
73
66977
76
67097
32
67238
80
67368
82
67488
79
67809
66
68870
76
69020
69
69120
77
69421
65
69581
32
70102
69
70252
219
70382
32
70553
67
70643
72
70763
69
70873
32
71394
67
71724
219
71805
69
71915
219
72065
32
72255
67
72586
8
72696
65
72806
78
72906
67
72996
79
73127
82
73257
65
73367
32
73507
70
73687
82
73828
69
74028
68
74208
68
74449
79
75140
16
75280
190
75440
32
75630
73
75791
78
75961
32
76071
85
76221
70
76361
70
76472
73
76602
67
76722
73
76892
79
77032
32
78905
68
79055
69
79226
86
79366
79
79506
32
79947
65
80087
86
80267
69
80397
82
80518
69
80668
32
80898
83
81058
69
81209
77
81349
80
81459
82
81579
69
81729
32
82421
85
82611
78
82741
32
82901
77
83031
65
83202
71
83662
76
83833
73
83973
79
84133
78
84263
69
84373
32
84544
65
84724
68
84854
68
85004
79
85085
83
85285
83
85856
79
86587
32
86897
81
86957
85
87098
65
87208
78
87298
68
87418
79
87558
32
87668
73
87789
78
87959
86
88109
69
88339
67
88520
69
88650
32
88910
70
89020
85
89471
79
89641
82
89762
73
90002
32
90533
70
90673
65
90753
32
90873
80
91024
73
91244
85
91514
219
91644
32
91835
67
91975
65
92045
76
92185
68
92295
79
92566
188
92706
32
92896
80
93007
69
93117
82
93237
32
93497
79
93597
78
93758
32
93888
80
94018
65
94138
82
94258
76
94399
65
94549
82
94719
69
95390
37
95891
37
95931
37
95971
37
96001
37
96041
37
96071
37
96111
37
96151
37
96422
37
97043
78
97273
35
97924
32
99957
68
00127
69
00287
76
00398
76
00528
65
00628
32
00778
84
00908
69
01019
77
01179
80
01279
69
01529
82
01700
65
01810
84
01950
85
02070
82
02240
65
02341
32
02491
65
02581
32
02711
67
03132
65
03352
83
03512
65
03703
16
03813
190
04103
32
04554
8
04704
8
05395
188
05535
32
05676
76
05796
65
05886
32
06056
67
06206
65
06307
77
06477
69
06637
82
06807
65
06907
32
07008
68
07168
65
07568
32
07709
76
07809
69
07949
84
08079
84
08189
79
08320
32
08650
83
08850
69
08981
77
09151
80
09461
8
09652
66
09772
82
09912
65
10012
32
10182
85
10353
78
10493
65
10593
32
10703
67
10843
69
10964
76
11074
76
11204
65
11294
32
11414
70
11605
82
11735
73
11915
71
12115
79
12266
82
12396
73
12536
70
12706
69
12816
82
13167
65
13407
188
13557
32
13748
86
13858
73
13968
83
14118
84
14218
79
14359
32
14549
67
14649
72
14759
69
14869
32
15170
68
15330
65
15430
32
15981
81
16161
85
16181
69
16692
76
16832
76
17023
65
17173
32
17974
80
18114
65
18305
82
18505
84
18625
69
18775
32
19026
68
19186
69
19376
76
19506
76
19697
219
19847
69
20077
68
20268
73
20438
70
20578
73
20698
67
20788
73
20949
79
21099
32
21339
78
21479
79
21600
78
21760
32
21890
65
22040
82
22180
82
22531
86
22681
65
22801
32
23733
77
23873
65
23983
73
24143
32
24324
73
24494
76
24664
32
24774
83
24865
79
25035
76
25215
69
25526
190
25666
190
25796
190
27939
38
28139
37
28760
40
29181
39
34649
16
35150
16
35180
16
35220
16
35250
16
35280
16
35320
16
35350
16
35390
16
35420
16
35450
16
35491
16
35501
78
35651
69
35801
76
35901
76
36101
65
36162
32
36282
80
36372
65
36492
85
36863
83
37063
65
37163
32
37313
80
37443
82
37624
65
37754
78
37884
90
37984
79
38135
32
38695
72
38836
79
38966
32
39146
70
39296
65
39457
84
39597
84
39697
79
39847
32
40037
76
40158
65
40268
32
40458
86
40578
73
40698
83
40809
73
40939
84
41159
65
42421
32
42651
80
42772
69
43322
82
43433
32
43573
73
43743
76
43893
32
43993
82
44084
73
44244
78
44384
78
44524
79
44634
86
44755
79
44905
32
45185
80
45315
65
45476
84
45626
69
45746
78
45856
84
46016
69
46878
188
47108
32
48140
85
48330
78
48450
65
48560
32
48650
67
48771
79
48901
77
49061
73
49221
67
49402
65
50653
188
50814
32
51615
73
51795
76
51955
32
52676
84
52817
73
53077
90
53227
73
53368
79
53528
32
60128
72
60268
65
60388
32
60528
67
60638
79
60779
77
60959
73
61119
78
61259
67
61360
73
61480
65
61620
84
61710
79
61870
32
61980
65
62081
32
62201
68
62291
73
62401
82
62531
69
62662
32
62822
67
62922
72
63032
69
63122
32
63262
83
63413
69
63613
67
63703
79
63813
78
63933
68
64044
79
64164
32
64314
76
64464
85
64604
73
64765
32
65055
83
65175
85
65346
76
65456
76
65696
32
66267
8
66738
65
66868
32
67018
77
67158
73
67359
65
67529
32
67909
80
68050
65
68210
84
68370
69
68480
78
68580
84
68711
69
68841
32
69261
66
69422
73
69582
83
69672
79
69822
71
69942
78
70093
65
70273
86
70443
65
70553
32
70904
83
71044
67
71214
82
71335
73
71445
86
71595
69
71715
82
71855
69
71966
32
72156
71
72276
85
72396
73
72576
68
72767
65
72887
32
73268
67
73398
79
73528
78
73698
32
74860
79
75130
67
75251
67
75381
72
75501
73
75651
65
75741
76
75911
73
76082
32
76222
73
76392
78
76953
67
77244
8
77344
86
77524
69
77684
67
77854
69
78225
32
78365
67
78465
72
78586
69
78676
32
79136
71
79277
85
79427
73
79557
68
79737
65
79837
32
79988
67
80078
79
80208
78
80348
32
80508
76
80599
69
80739
78
80859
84
80989
73
82371
188
82511
32
82702
80
82812
69
82922
82
83553
67
83673
72
83793
69
84334
219
84454
32
84585
65
84665
78
84755
67
84865
72
84955
69
85075
32
85185
83
85326
69
85426
32
85606
85
85786
83
85937
79
86077
32
86377
83
86517
69
86628
77
86738
80
86878
82
87018
69
87098
32
87239
76
87349
69
87439
32
87569
76
87649
69
87779
78
87910
84
88000
73
88130
32
88290
65
88380
32
88531
67
88631
79
88751
78
88911
84
89041
65
89202
84
89322
84
89472
79
89622
32
89903
83
90123
69
90373
67
90453
79
90584
78
90664
68
90794
79
90914
32
91064
76
91225
85
91345
73
91495
32
91635
73
91805
76
91966
32
92196
71
92296
73
92426
79
92507
82
92637
78
92757
79
92897
32
93107
67
93208
72
93328
69
93408
32
93658
68
93728
79
93849
86
94029
69
94490
83
94620
83
94790
73
95331
32
95621
71
95771
85
95902
73
96102
68
96292
65
96442
82
96573
69
96663
32
96873
67
96923
79
97093
78
97284
32
97845
71
97935
76
98055
73
98205
32
98365
79
98506
67
98636
67
98756
72
98896
73
99127
76
00088
8
00288
65
00428
76
00579
73
00749
32
00909
83
00989
79
01130
78
01260
79
01370
32
01600
80
01750
65
01971
83
02101
83
02251
73
02421
66
02572
73
02732
76
02842
69
02972
32
03102
68
03213
73
03323
32
03523
77
03693
85
03864
76
04034
65
04865
8
05106
84
05286
65
17003
16
17174
49
17544
32
17775
16
17935
77
18085
65
18235
32
18396
83
18506
73
18626
32
18816
80
18966
85
19137
79
19327
219
20689
188
20849
32
21320
8
21460
8
22382
16
22782
219
23002
32
23373
16
23804
78
23954
65
24214
84
24425
85
24635
82
24765
76
24865
65
25016
77
25126
69
25606
78
25807
84
26127
69
29552
32
30684
37
31185
37
31225
37
31255
37
31295
37
31325
37
31365
37
31405
37
31936
46
32176
39
32877
76
33238
35
08081
71
08171
76
08321
73
08451
32
08592
72
08722
79
08832
32
08962
68
09102
69
09253
84
09383
84
09483
79
09603
32
09693
67
09813
72
09914
69
10014
32
10164
77
10284
73
10394
32
11095
66
11205
65
11376
83
11526
84
11696
65
11876
86
12017
65
12157
32
12307
67
12407
79
12527
78
12628
70
12778
69
12908
82
13038
77
13188
65
13359
82
13489
69
13629
32
13849
81
13950
85
14080
65
14220
78
14320
84
14460
79
14611
32
14941
67
15041
73
15171
32
15532
70
15542
71
15712
79
16113
8
16253
8
17024
79
17195
83
17335
83
17465
69
17585
32
17695
71
17825
73
17926
65
19037
8
19428
222
19558
32
19778
83
20059
67
20229
82
20369
73
20459
84
20590
84
20720
79
20870
32
20990
83
21090
85
21251
76
21381
76
21491
65
21621
32
21902
77
22042
73
22172
65
22282
32
22402
80
22503
65
22653
84
22793
69
22913
78
23003
84
23164
69
23855
188
23985
32
24125
78
24255
79
24355
78
24475
32
24986
83
25177
65
25337
82
25457
69
25597
73
25737
32
25878
67
26018
69
26128
82
26318
84
26458
79
26579
32
26739
84
26859
79
27009
82
27129
78
27230
65
27360
84
27510
65
27630
32
27801
76
27981
73
29183
8
29423
221
29633
32
29904
80
29994
69
30114
82
30214
32
30344
85
30525
78
30655
32
30795
85
30955
76
31065
84
31346
69
31526
82
31666
73
31817
79
31967
82
32137
69
32277
32
32528
69
32708
83
32978
65
33159
77
33309
69
34260
190
34420
190
34561
190
37475
16
37585
84
37776
82
37936
65
38046
32
39057
49
39188
48
39318
32
39458
65
39548
78
39688
78
39849
73
40630
37
40910
37
41030
37
41151
37
41271
37
41381
37
41521
37
41972
65
42302
76
42503
84
42703
82
42863
73
43134
32
43584
35
44095
32
44476
83
44646
69
44756
32
44876
78
44976
69
45087
32
45197
82
45287
73
45467
80
45597
65
45718
82
45838
76
46018
69
46198
82
46799
222
47160
16
47300
49
54100
46
54351
16
54851
16
54881
16
54891
49
55743
39
55983
46
56273
16
56774
16
56804
73
72278
16
73359
32
73559
16
73900
73
74100
78
74261
84
74411
65
74531
78
74621
84
74761
79
74902
32
75052
72
75202
79
75322
32
75472
71
75573
73
75703
85
75883
82
76043
65
76193
84
76314
79
76454
32
76644
67
76744
72
76854
69
76945
32
77115
65
77285
86
77465
82
77606
69
77756
73
77906
32
78417
71
78547
85
78707
73
78847
68
78998
65
79128
84
79258
79
79388
32
79528
83
79679
69
79789
77
79939
80
80019
82
80159
69
80280
32
80540
67
80620
79
80750
78
80881
32
81001
76
81101
69
81211
32
81321
76
81421
69
81532
78
81652
84
81752
73
81882
32
82102
65
82203
32
82323
67
82423
79
82573
78
82683
84
82813
65
82964
84
83084
84
83224
79
83334
32
83494
80
83595
69
83705
82
83815
32
84025
78
84155
79
84266
78
84406
32
84696
73
84857
78
85037
67
85157
79
85287
82
85407
82
85558
69
85828
82
85968
69
86118
32
86379
73
86519
78
86699
32
87130
81
87240
85
87340
69
87501
83
87621
84
87761
65
87921
32
88121
70
88262
65
88372
78
88532
84
88622
79
88782
77
88943
65
89113
84
89233
73
89343
67
89494
65
89574
32
89804
77
89994
85
90155
76
90285
65
90785
8
90926
84
91076
65
91286
16
91677
49
92568
32
93710
16
93860
68
94381
69
94581
86
94691
79
94842
32
95022
83
95192
67
95342
79
95813
80
95973
82
96124
73
96384
82
96544
69
96694
32
96915
83
97065
69
97235
32
98437
186
98617
32
99078
86
99248
69
99358
82
99529
79
00110
190
00250
190
00360
190
