03023
83
03133
79
03284
76
03434
79
03814
188
03955
32
04095
83
04135
79
04295
76
04415
69
04726
188
04886
32
05026
83
05076
79
05227
76
05357
69
05968
16
06208
49
06518
32
06669
16
06719
70
06859
73
06999
78
07129
65
07179
76
07330
77
07340
69
07530
78
07530
84
07690
69
08031
32
08211
85
08381
78
08572
65
09082
32
09423
66
09573
69
09713
76
09843
76
09974
65
10084
32
10254
71
10394
73
10525
79
10775
82
10945
78
11095
65
11266
84
11406
65
12107
188
12247
32
12317
68
12417
79
13088
80
13309
79
13529
32
13749
65
14090
68
14230
68
14380
73
14480
82
14671
73
14991
84
15141
84
15252
85
15372
84
15692
82
16003
8
16133
8
16273
82
16453
65
16594
32
16764
76
16904
65
17014
32
17165
70
17645
8
18216
71
18396
82
18507
65
18617
78
18707
68
18827
73
19007
78
19137
69
19248
32
19418
68
19428
73
20510
32
20750
73
20880
69
21020
82
21291
73
24245
190
24506
32
25006
16
25197
81
25347
85
25447
69
25607
83
25737
84
25868
79
26008
32
26188
85
26368
78
26489
32
26599
80
26749
79
26929
219
27059
32
27200
68
27270
73
27600
8
27710
8
27901
77
28051
73
28161
32
28321
77
28432
69
28562
84
28682
84
28832
69
28952
32
29082
68
29183
73
29303
32
29453
78
29824
8
29924
66
30044
85
30194
79
30334
78
31586
85
31747
79
31897
77
32037
79
32177
82
32307
69
33960
37
34110
37
34240
37
34350
37
34461
37
34631
37
35302
39
35512
46
35723
35
04457
190
04597
190
04737
190
09324
68
09484
79
09655
77
09825
65
10055
78
10256
73
11508
32
12409
83
12559
69
12699
82
12910
65
13090
32
13270
65
13360
78
13641
68
13791
82
13911
79
14512
219
14642
32
14752
65
14853
32
15013
84
15163
82
15283
79
15403
86
15534
65
15664
82
15794
69
15904
32
16285
16
16435
67
16585
73
16735
78
16936
90
17056
73
17196
65
17396
188
17557
32
17837
72
17997
65
18077
32
18268
65
18398
80
18518
80
18618
69
18728
78
18879
65
18999
32
19269
65
19450
86
19600
85
19720
84
19850
79
20000
32
20341
73
20491
76
20631
32
20872
80
21042
73
21312
67
21422
79
21583
76
21763
79
21913
32
22124
16
22264
77
22394
65
22564
84
22684
84
23195
73
23365
65
23796
37
24297
37
24327
37
24367
37
24407
37
24437
37
24477
37
24507
37
24687
37
24868
37
25108
67
25479
35
26480
190
27251
32
27592
16
27772
81
27932
85
28002
65
28183
83
28293
73
28423
32
28583
78
28703
79
28814
78
28944
32
29024
67
29114
73
29204
32
29395
67
29575
82
29705
69
29875
68
30005
79
30216
188
30346
32
30466
83
30596
69
30706
77
30977
66
31147
82
31297
65
31418
32
31568
73
31698
69
31818
82
31918
73
32069
32
32279
67
32399
72
32479
69
32609
32
32740
65
32820
78
32970
68
33120
65
33260
86
33431
65
33531
77
33681
79
33811
32
34001
65
34102
32
34322
83
34462
67
34562
85
34713
79
34883
76
35013
65
37326
32
37437
69
37537
32
37687
78
37807
69
37937
32
38158
67
38258
79
38508
77
38819
66
38989
73
39139
78
39289
65
39460
86
39610
65
39790
77
39950
79
40081
32
40221
68
40301
73
40421
32
40571
84
40682
85
40762
84
40912
84
41042
73
41192
32
41312
73
41473
32
41653
67
41753
79
41903
76
42064
79
42234
82
42324
73
42574
188
42715
32
42865
69
42995
32
43436
73
43586
78
43796
86
43976
69
44207
67
44377
69
44517
32
44627
83
44698
79
44838
78
44968
79
45088
32
45238
80
45329
65
45509
83
45619
83
45779
65
45919
84
46020
73
46140
32
46741
80
46901
73
47061
85
47211
219
47342
32
47462
68
47552
73
47662
32
48353
97
48563
96
48744
32
48944
65
49094
78
49214
78
49365
73
49605
188
49785
32
50326
76
50436
69
50596
73
50737
32
50977
65
51308
8
51528
72
51688
65
52099
8
52229
8
52469
83
52970
73
53140
69
53661
8
53851
32
54122
69
54502
219
54633
32
54793
83
54923
80
55414
73
56005
8
56545
79
56666
83
56826
65
56976
84
57116
65
57257
32
57407
69
58378
68
58538
32
58679
79
58799
82
58959
65
59079
32
59340
72
59530
65
59640
32
59921
80
60101
85
60251
82
60401
69
60541
32
60702
85
60882
78
61002
32
62004
80
62144
65
62264
82
62504
71
62675
79
62845
76
62945
69
63105
84
63236
84
63336
79
63486
32
63626
67
63746
72
63836
69
63927
32
64057
78
64167
79
64277
78
64407
32
64507
86
64648
69
64808
68
64938
79
65048
32
65259
76
66420
219
66661
79
66801
82
66951
65
67061
32
67191
68
67302
73
67412
32
67512
86
67662
69
67832
68
67963
69
68223
82
68383
69
68664
190
68804
190
68944
190
69064
190
70757
67
70897
79
71037
77
71238
69
71368
32
71638
80
71758
65
71939
83
72059
83
72209
65
72339
32
72520
73
72680
76
72810
32
73050
84
73261
69
73361
77
73511
80
73681
79
73992
188
74172
32
74362
69
74503
32
74703
67
74793
79
74923
77
75043
69
75784
32
75925
69
76085
219
76215
32
76325
83
76486
84
76636
82
76756
65
76876
78
77016
79
77116
32
77247
73
77417
76
77587
32
77717
68
77868
69
78038
83
78178
84
78258
73
78378
78
78539
79
79129
16
79250
190
79420
32
79610
73
79760
79
79891
32
80051
67
80171
72
80271
69
80381
32
81884
83
81984
79
82144
71
82254
78
82384
65
82625
86
82725
79
82865
32
83146
84
83296
65
83376
78
83476
84
83616
79
83756
32
84728
85
84918
78
85038
65
85149
32
85259
86
85369
73
85689
84
85870
65
86010
32
86170
68
86270
73
86380
32
86551
81
86641
85
86741
69
86891
83
87041
84
87142
79
87272
32
87392
71
87552
69
87642
78
87742
69
87893
82
88033
69
88293
188
88444
32
88784
77
88954
73
89085
32
89255
82
89365
73
89495
84
89675
82
89816
79
89976
86
90106
79
90286
32
90437
65
90517
32
91899
98
92119
105
92349
32
92520
65
92630
77
93060
8
93171
78
93321
78
93461
73
93902
32
96876
83
97047
69
97167
78
97377
90
97697
65
97908
32
98268
65
98358
78
98499
67
98629
79
98719
82
98879
65
99080
32
99540
66
99721
73
00081
77
00311
66
00492
73
01323
190
01473
190
01603
190
01964
67
02104
72
02254
73
02415
32
02555
73
02705
78
02845
86
03016
69
03206
67
03346
69
03456
32
03556
68
03666
73
03777
86
04117
8
04217
67
04358
69
04518
86
04748
65
04948
32
05259
68
05359
73
05499
32
05609
78
05750
79
05890
78
06020
32
06230
86
06320
79
06481
76
06581
69
06721
82
06891
78
07042
69
07282
188
07432
32
07572
77
07683
65
07813
71
07953
65
08083
82
08223
73
08374
32
08554
78
08664
69
08844
32
09065
72
09205
65
09315
32
09445
65
09646
68
09766
68
09946
73
10096
82
10246
73
10417
84
10547
84
10677
85
10797
82
10957
65
11048
32
11198
71
11318
73
11468
65
11598
219
11759
32
12069
68
12179
85
12279
69
13011
190
13601
32
14102
16
14333
66
14513
69
14633
72
14853
188
14994
32
15124
78
15234
69
15354
76
15474
76
15665
65
15775
32
16045
80
16235
82
16376
79
16546
83
16676
83
16786
73
16936
77
17087
65
17187
32
17437
86
17527
73
17768
84
17968
65
18078
32
18258
77
18419
73
18559
32
18689
82
18869
69
19490
71
19631
79
19791
76
20051
69
20201
82
20322
79
20532
219
20812
16
20933
190
21113
32
21453
51
21493
69
21824
86
22004
73
22184
84
22775
8
22926
8
23066
8
23186
8
23286
8
23436
69
23727
86
23847
73
24017
84
24187
69
24378
82
24878
219
25680
8
26441
79
26641
219
26771
32
26892
68
27002
73
27142
32
29485
83
29616
80
29736
69
29826
82
30006
65
30257
82
30427
69
30597
32
31238
81
31358
85
31448
69
31599
76
31729
76
31899
79
32039
32
32169
67
32280
72
32380
69
32480
32
32710
86
32861
69
32991
82
33191
65
33301
77
33431
69
33612
78
33802
84
33962
69
34102
32
34603
86
34763
79
34934
82
35074
82
35224
69
35535
73
35805
188
35815
77
36085
32
36356
8
36496
8
36656
32
37037
69
37147
32
37327
77
37447
65
37608
71
37758
65
37848
82
37968
73
38088
32
38229
73
38379
76
38549
32
38689
67
38769
73
38910
69
39000
76
39190
79
39360
32
39731
77
39871
73
40011
32
40121
65
40272
67
40392
67
40492
79
40622
78
40732
84
40873
69
41013
78
41193
84
41333
69
41463
82
41664
65
41814
219
42205
190
42355
190
42495
190
