05536
16
05656
65
05846
76
05966
76
06116
79
06217
82
06367
65
06507
188
06647
32
06998
67
07098
79
07208
77
07328
69
07428
32
07549
65
07629
76
07779
32
07929
83
07979
79
08140
76
08260
73
08380
84
08490
79
08610
32
08760
78
08891
79
08991
78
09111
32
09221
72
09371
79
09512
32
09672
68
09762
79
09872
82
09982
77
10133
73
10323
84
10453
79
10693
188
10844
32
12456
67
12536
79
12666
77
12787
69
12917
32
13117
65
13197
76
13347
32
13458
83
13568
79
13718
76
13868
73
13968
84
14109
79
15280
32
27479
83
27609
79
27719
78
27869
79
27969
32
28100
80
28260
73
28460
71
28681
82
28851
65
29732
32
30954
69
31104
32
31555
72
31705
79
31835
32
31955
86
32046
79
32166
71
32256
76
32386
73
32526
65
32636
32
32887
83
32927
79
33117
76
33297
79
33458
32
33668
68
33798
73
33908
32
36152
83
36372
68
36542
82
36693
65
36843
73
37013
65
37163
82
37273
77
37404
73
37534
32
37744
83
37834
85
38045
32
38205
85
38405
78
38535
32
38676
68
38746
73
38896
86
39066
65
39146
78
39307
79
39447
32
39607
79
39797
80
39917
80
40098
85
40278
82
40408
69
40538
32
40699
70
40849
65
40979
82
41099
69
41179
32
41410
76
41560
85
41750
78
41850
71
41981
72
42141
69
42281
32
42531
80
42682
65
42872
83
42972
83
43142
69
43313
71
43473
71
43563
73
43703
65
43833
84
43994
69
44805
32
45085
16
45286
56
45576
76
45746
79
45896
32
46007
83
46117
79
46407
188
46567
32
47309
68
47449
85
47559
69
47709
32
47899
67
47950
79
48070
83
48240
69
48350
32
48500
79
48701
80
49111
80
49352
79
49682
83
49852
84
49993
69
50594
32
50804
77
50934
65
51084
32
51435
67
51555
72
51665
69
51785
32
52076
78
52216
79
52316
78
52466
32
52577
73
52727
77
52877
80
53057
69
53228
71
53348
78
53488
65
53578
78
53758
79
53939
32
54179
76
54409
32
54910
8
55050
65
55190
32
55361
77
55491
69
55591
78
55711
84
55861
69
56603
16
56923
49
57274
57
58025
32
58455
69
58576
32
58796
67
58876
79
59006
77
59116
69
59557
32
59747
65
59827
76
59988
32
60098
83
60178
79
60328
76
60448
73
60599
84
60739
79
61830
188
61991
32
62151
80
62251
69
62331
82
62451
32
62662
81
62732
85
62872
69
62982
76
63102
76
63243
79
63393
32
63483
67
63583
72
63693
69
63783
32
63924
82
64024
73
64174
71
64284
85
64404
65
64545
82
64715
68
64875
65
65015
32
65306
81
65386
85
65486
69
65666
83
65806
84
65947
65
66097
32
66257
83
66528
69
66708
84
66838
84
66988
73
67138
77
67269
65
67349
78
67479
65
67639
188
67799
32
68010
73
68140
69
68240
82
68370
73
68521
32
68651
83
68811
69
68881
82
69051
65
69172
32
69402
83
69432
79
69592
78
69722
79
69853
32
70073
65
70193
78
70323
67
70714
8
70824
68
70984
65
71235
84
71415
65
71575
32
71685
65
71796
32
71966
67
72156
69
72316
78
72487
65
72697
32
51826
68
51996
65
52157
32
52838
16
53338
16
53369
16
53409
16
53439
16
53469
16
53509
16
53539
16
53569
16
53589
70
53759
65
54029
66
54180
82
54941
89
55141
32
55331
69
55452
32
56303
16
56393
68
56563
69
56984
79
57344
8
57745
66
57885
79
58026
84
58386
8
58576
82
58697
65
59067
190
59237
32
59448
16
59598
71
59738
73
59928
85
60109
76
60279
73
60409
65
60659
32
61681
69
61851
219
61971
32
62162
85
62362
78
62562
32
62803
84
62943
69
63133
83
63243
79
63364
82
63504
79
63804
188
63934
32
64115
67
64175
79
64315
78
64445
32
64545
84
64676
85
64766
84
64906
84
65086
69
65216
32
65487
81
65577
85
65777
69
65937
76
66088
76
66278
69
66839
32
67119
83
67470
77
67620
79
67770
82
67991
71
68231
73
68611
8
68752
8
68912
70
69112
73
69363
84
69733
8
69853
69
70034
84
70174
84
70324
69
70424
32
70665
86
70825
73
70955
69
71075
78
71255
32
71446
86
71566
79
71726
71
71856
76
72047
73
72167
65
72337
32
72467
68
72567
73
72688
32
75221
77
75362
65
75472
78
75632
71
75772
73
75933
65
76053
82
76163
76
76333
65
76473
32
76594
68
76694
73
76794
32
76964
66
77074
65
77244
83
77605
8
77745
67
77875
73
78536
190
85958
32
89563
16
89763
65
90014
66
90144
66
90304
73
90434
65
90535
77
90655
79
90795
32
91176
80
91306
69
91436
78
91546
83
91706
65
92427
84
92558
79
92988
32
93189
68
93339
73
93429
32
93960
65
94120
78
94240
68
94420
82
94761
8
94831
65
94951
82
95131
69
95302
32
95632
84
95782
85
95923
84
96073
84
96223
73
96383
32
97074
65
97195
76
97335
32
97435
83
97585
65
97685
76
97836
79
98016
78
98176
69
98296
32
98436
68
98597
69
98717
76
98867
32
99208
76
99388
73
99598
66
99768
82
99909
79
00069
32
00500
86
00650
69
00770
78
00930
69
01120
82
01311
68
01491
73
01721
219
01902
32
02082
83
02222
69
02352
82
02523
65
02683
188
02803
32
02943
77
03063
65
03154
32
03254
78
03394
79
03494
78
03634
32
03785
83
03855
79
03985
32
04255
83
04446
69
04586
32
04916
70
05257
8
05487
73
05667
85
05908
83
06078
67
06288
73
06549
82
06699
69
06849
77
06999
79
07680
37
07851
37
08351
37
08381
37
08422
37
08452
37
08492
37
08532
37
08562
37
08602
37
08912
39
09613
82
10004
35
10945
190
11045
32
11236
16
11346
83
11516
65
11726
66
11857
65
12017
84
12137
79
12267
32
12418
77
12548
65
12698
84
12818
84
12908
73
13058
78
13209
65
13359
188
13509
32
13669
73
13820
78
13980
86
14140
69
14300
67
14461
69
14621
188
14771
32
15011
67
15092
79
15232
78
15322
70
15512
69
15642
82
15743
77
15853
65
15993
84
16143
65
16293
32
16474
76
16574
65
16684
32
16814
80
16884
65
17055
82
17255
84
17395
69
17675
78
17816
90
18016
65
18457
32
18687
80
18737
69
18847
82
19258
32
19488
16
19548
68
19779
73
19919
65
19999
78
20179
79
22182
16
22312
190
22483
32
22793
16
22913
77
23044
65
23214
84
23334
84
23474
69
23614
79
23775
32
24225
77
24376
73
24516
32
24746
72
24896
65
25007
32
25177
79
25287
65
25637
8
25758
8
26719
65
27130
8
27370
80
27630
65
27871
82
28011
192
28011
76
28181
65
28522
8
28652
8
28762
8
29513
76
29654
65
29804
84
29904
79
30064
32
30174
65
30264
76
30395
32
30485
84
30625
69
30735
76
30996
69
31296
70
31396
79
31526
78
31657
79
31817
32
32057
69
32247
68
33059
32
33289
69
33599
32
34050
8
35142
219
35322
32
35492
83
35653
84
35813
65
35963
84
36123
79
36273
32
36474
84
36654
82
36824
79
37025
80
37145
80
37305
79
37445
32
37595
67
37766
65
37926
82
38016
73
38156
78
38317
79
38437
32
38567
83
38697
69
38777
78
38897
84
39028
73
39138
82
39789
76
39959
79
40119
32
40640
82
40790
65
40991
67
41121
67
41221
79
41371
78
41531
84
41682
65
41892
82
42032
69
42152
32
42393
68
42543
69
42934
76
43174
32
43484
16
43635
73
43815
32
44225
66
44356
65
44806
71
44937
78
45087
79
45317
188
45467
32
45638
68
45798
69
46329
76
46479
76
46579
69
46719
32
46930
71
47060
73
47200
79
47621
83
47771
84
47931
82
48061
69
48201
32
48322
69
48422
32
48522
68
48682
69
48762
76
48933
32
49053
70
49203
65
49363
84
49493
84
49594
79
49734
32
49874
67
49974
72
50094
69
50194
32
50325
69
50555
219
50755
32
51046
82
51156
73
51286
85
51436
83
51587
67
51687
73
51817
84
51967
79
52157
32
52288
65
52388
32
52528
80
52658
82
52788
69
52909
78
53039
68
53179
69
53289
82
53429
69
53540
32
53700
73
53870
76
54050
32
54271
16
54511
50
54761
80
54882
69
55052
78
55202
78
55603
65
55813
67
55943
67
56083
72
56224
73
56464
79
56724
16
56915
50
60851
190
61091
32
61401
16
61652
78
61822
79
61942
78
62112
32
62243
86
62383
69
62563
68
62673
79
62814
32
62954
76
63194
219
63464
79
63705
82
63875
65
64015
32
64146
68
64236
73
64366
32
64476
86
64616
69
64776
68
64927
69
65037
82
65237
76
65417
79
65568
32
65788
83
65948
65
66088
66
66209
65
66399
84
66519
79
66729
32
66900
69
67070
32
67511
71
67661
73
67801
79
68122
67
68302
65
68432
82
68572
69
68702
32
68873
67
68963
79
69103
78
69233
32
69353
76
69504
85
69644
73
69774
32
69904
73
70054
78
70245
32
70465
83
70585
80
70755
73
70856
65
71036
71
71176
71
71336
73
71467
65
72899
190
