76655
65
76825
86
77086
82
77236
69
77396
73
77567
32
77717
84
77867
65
77947
78
78077
84
78168
79
78298
32
78478
86
78568
79
78708
76
78879
85
79009
84
79139
79
79289
32
79900
70
80050
65
80201
82
80751
69
81873
32
82043
85
82224
78
82374
32
82514
82
82684
69
82875
71
83035
65
83185
76
83335
79
83576
188
83726
32
83896
86
83996
73
84096
83
84227
84
84317
79
84437
32
84587
67
84687
72
84777
69
84908
32
85138
69
85288
82
85469
65
85599
32
85719
73
85889
76
85999
32
86120
83
86200
85
86330
79
86460
32
86670
67
86750
79
86891
77
87011
80
87171
76
87271
69
87462
65
87592
78
87722
78
87892
79
88433
190
88613
32
89124
66
89274
69
89374
72
89835
188
89995
32
90206
73
90386
76
90516
32
90736
82
90897
69
91337
71
91498
65
91618
76
91758
79
91988
188
92149
32
92279
65
92409
78
92699
90
92870
73
93020
32
93240
76
93380
65
93491
32
93591
83
93711
79
93851
82
94082
80
94482
82
94622
69
94813
83
95013
65
95414
188
95554
32
95824
77
95964
69
96105
32
96245
76
96455
219
96796
72
96956
65
97066
32
97216
70
97366
65
97557
84
97677
84
97867
65
97997
32
98178
76
98338
85
98488
73
98879
190
99109
32
99400
67
99510
72
99640
73
99870
83
00000
83
00151
65
01142
8
01383
222
01593
32
01943
81
02044
85
02164
65
02264
78
02374
84
02504
80
02514
79
02574
32
03656
8
03996
8
04367
8
05359
79
05479
32
05679
68
05779
85
05929
82
06130
69
06320
82
06490
65
07321
8
07582
222
08153
188
08303
32
09365
67
09515
69
09625
82
09805
84
09945
79
10066
32
10176
67
10276
72
10366
69
10486
32
10787
86
10917
79
11087
82
11217
82
11378
69
11478
73
11628
32
11808
73
11978
76
12099
32
12229
83
12299
85
12429
79
12569
32
12750
66
12850
69
12940
78
13040
69
13260
188
13411
32
13531
77
13681
65
13741
32
13931
86
14042
79
14202
82
14322
82
14462
69
14552
73
14693
32
15093
67
15243
72
15354
69
15454
32
15694
81
15794
85
15904
69
16035
76
16175
32
16445
66
16565
69
16646
78
16776
69
16906
32
17246
70
17377
79
17527
83
17667
83
17837
69
18088
32
18548
67
18629
79
18769
78
18939
32
19069
77
19209
69
19560
190
19750
32
23386
83
23526
69
23666
32
23786
68
23937
69
24127
86
24267
79
24387
32
24567
69
24768
83
24868
83
26200
69
26370
82
26500
69
26631
32
26831
83
26941
73
27091
78
27282
67
27642
69
27802
82
27963
69
28323
8
28463
65
28954
188
29094
32
29245
83
29275
80
29435
69
29545
82
29625
79
29775
32
29946
67
30046
72
30156
69
30226
32
30376
78
30506
79
30607
78
30737
32
30917
68
31067
85
31248
82
31378
73
31628
188
31778
32
31939
67
32039
72
32159
69
32279
32
32740
83
32870
73
33030
65
33130
32
33271
85
33441
78
33621
65
33691
32
33791
68
33952
69
34052
76
34172
76
34302
69
34422
32
34603
83
34703
79
34853
76
34973
73
35133
84
35324
69
35514
32
35704
65
35875
86
35995
86
36155
69
36275
78
36385
84
36485
85
37106
82
37227
69
40161
190
40381
32
41122
83
41233
79
41363
78
41493
79
41603
32
41803
84
41974
82
42094
79
42264
80
42374
80
42525
79
42645
32
42765
69
42945
71
43075
79
43206
73
43406
83
43606
84
43907
65
44077
16
44237
219
44488
32
44788
70
44878
79
44998
82
45149
83
45309
69
45449
32
45659
83
45799
73
47482
188
47662
32
48584
77
48714
65
48814
32
49014
69
49165
219
49295
32
49545
76
49765
219
50036
85
50226
78
50356
73
50507
67
50637
65
50767
32
51037
67
51148
79
51268
83
51428
65
51568
32
51708
65
51829
76
51939
32
52069
77
52209
79
52409
78
52590
68
52690
79
52800
32
52990
67
53121
72
53241
69
53341
32
53491
68
53651
69
53862
83
53952
73
54132
68
54312
69
54443
82
54603
79
56996
188
57137
32
57287
80
57397
69
57497
82
57737
67
57868
72
57988
69
58078
219
58208
32
58398
78
58539
79
58649
78
58779
32
58939
79
59330
8
59510
80
59670
79
59851
83
59991
83
60091
79
60221
32
60532
79
60792
84
60892
84
61103
69
61343
78
61463
69
61633
82
61754
76
61934
65
62254
16
62475
219
95785
32
97728
67
97948
82
98108
69
98279
68
98399
79
98529
32
98659
68
98709
73
98829
32
98990
65
99140
86
99290
69
99410
82
99561
78
99711
69
99821
32
99941
68
00041
73
00161
82
00312
73
00492
84
00632
84
00732
79
00863
32
00983
65
01093
78
01303
72
01664
8
01774
67
01904
72
02435
219
03126
73
03286
79
03857
188
04007
32
05540
78
05790
79
06441
16
06731
219
07342
13
07723
66
07853
69
07953
72
08204
188
08354
32
08494
83
08604
73
08855
32
09025
69
09145
82
09285
65
09405
32
09516
68
09656
69
09796
84
09946
84
10046
79
10157
32
10267
68
10357
73
10467
32
10587
78
10707
79
10818
78
10938
32
11098
83
11519
67
11709
82
11809
73
11939
86
12079
69
12200
82
12330
69
12450
32
12861
67
12941
79
13101
83
13271
69
13411
32
13542
84
13702
82
13812
79
13992
80
14112
80
14273
79
14403
32
14533
80
14633
69
14743
82
14964
83
15094
79
15224
78
15344
65
15485
76
15775
73
16075
188
17367
32
18329
81
18449
85
18589
73
18790
78
18890
68
19050
73
20783
32
27192
68
27372
69
27573
86
27703
79
27813
32
27953
76
28114
73
28274
77
28404
73
28574
84
28775
65
28915
82
29025
77
29155
73
29325
32
31098
65
32090
76
32230
76
32340
69
32460
32
32600
83
32670
79
32821
76
32961
73
33111
84
33251
69
33392
32
33642
67
33822
82
33942
69
34143
84
34263
73
34423
78
34563
65
34704
84
34854
69
35004
16
35144
190
35365
32
37848
68
37968
79
38109
77
38229
65
38309
78
38449
73
38579
32
38990
83
39150
69
39270
82
39441
65
39571
32
40863
70
40993
79
41113
82
41273
83
41434
69
41574
32
42175
65
42295
78
42415
68
42615
82
42756
79
42966
219
43126
32
43296
65
43417
76
43537
32
43727
67
43847
73
43988
78
44128
69
44258
77
44588
65
44819
188
44999
32
45810
79
46011
80
46131
80
46281
85
46441
82
46561
69
46702
32
46832
83
46912
79
47072
76
47242
79
47403
32
47623
65
47773
32
47943
66
48074
69
48394
82
48524
69
48675
32
48965
81
49065
85
49265
65
49546
76
49676
67
49816
79
49926
83
50127
65
51299
188
52580
32
52761
78
52911
79
53001
78
53151
32
53332
76
53512
79
53632
32
53772
83
53852
79
53983
32
54173
65
54273
78
54413
67
54503
79
54634
82
54774
65
54934
188
55074
32
55234
77
55415
65
55485
32
55895
72
56036
79
56176
32
56336
65
56466
67
56607
67
56797
69
56997
84
57137
84
57288
65
57418
84
57548
79
57718
32
57868
68
57959
73
58079
32
58209
85
58399
83
58519
67
58650
73
58780
82
58950
69
59180
188
59361
32
59721
68
59851
79
60042
86
60232
82
60382
79
60613
219
61133
32
61284
80
61474
85
61604
82
61784
32
62025
67
62095
79
62235
78
62405
84
62686
73
62896
78
63086
85
63767
65
63928
82
64058
69
64298
32
64468
73
64599
78
64769
32
65109
81
65220
85
65360
65
65550
76
65740
67
65941
72
66051
69
66191
32
66421
77
66572
79
66762
68
66902
79
67062
32
67293
85
67483
78
67663
65
68064
32
68354
83
68504
80
68635
69
68955
67
69085
73
69356
69
69726
32
69927
68
70047
73
70177
32
70558
86
70688
73
70898
84
71088
65
71219
32
71459
78
71609
79
71739
82
71910
77
72060
65
72230
76
72360
69
72991
188
73111
32
73282
78
73442
79
73742
16
73933
219
76266
32
77178
83
77298
80
77408
69
77518
82
77618
79
77768
32
77859
68
77959
73
78059
32
78169
65
78289
86
78419
69
78550
82
78680
32
78880
70
78990
73
79110
78
79251
73
79381
84
79521
79
79661
32
79832
76
80012
79
80142
32
80272
83
80362
80
80493
65
80733
90
80843
73
80983
79
81404
188
81644
32
81985
79
82305
71
82496
71
82696
73
82846
32
83117
80
83317
82
83467
79
83687
80
83918
82
84078
73
84228
79
84398
32
84609
78
84749
79
84839
78
84989
32
87062
69
87203
219
87323
32
87573
71
87713
73
88004
79
88194
82
88354
78
88475
65
88655
84
88795
65
88955
188
89096
32
89236
69
89356
32
89576
67
89716
72
89837
69
90327
8
90538
73
90718
83
90858
83
91139
65
91529
8
91760
222
91920
32
92230
81
92320
85
92471
65
92541
78
92631
68
92741
79
92861
32
92991
76
93152
79
93272
32
93412
83
93572
65
93723
82
94043
222
96477
190
