56481
16
56871
69
57352
32
57592
84
57743
84
57943
84
58333
69
58514
32
58814
80
58924
65
59065
82
59195
69
59395
86
59575
65
59756
16
59886
190
60066
32
60547
68
60647
79
60797
77
60967
65
61298
78
61478
73
61638
32
62099
72
62239
79
62400
32
62610
73
62790
76
62940
32
63641
80
63882
82
63952
73
64092
77
64222
79
64352
32
64493
71
64583
73
64713
79
64813
82
64963
78
65104
79
65244
32
65334
68
65424
73
65544
32
65644
70
65825
69
65935
82
66035
73
66185
69
66315
32
66476
69
66606
32
67157
80
67337
65
67788
8
67918
69
68078
78
69821
83
69981
65
70131
86
70261
79
70402
32
70532
68
70612
73
70732
32
70882
80
70982
65
71103
82
71273
84
71383
73
71513
82
71643
69
71744
32
72024
80
72144
69
72274
82
72325
32
72535
16
72645
68
72775
73
72845
65
72955
78
73096
79
73196
32
73386
77
73626
65
73807
82
73927
73
74077
78
74217
65
74338
32
74468
80
74598
69
74728
82
74858
32
75009
65
75129
78
75239
68
75379
65
75519
82
75640
69
75760
32
75860
65
75960
32
76180
84
76341
82
76441
79
76581
86
76701
65
76871
82
77012
69
77122
32
77282
73
77422
32
77723
78
77883
73
78053
80
78213
79
78334
84
78454
73
78594
78
78744
73
79646
190
79796
190
79916
190
83842
69
83952
32
84112
71
84222
85
84343
65
84743
82
84934
68
85134
65
85204
32
86155
85
86366
78
86486
32
86606
80
86756
79
87317
219
87437
32
87557
67
87678
72
87788
69
87878
32
88228
66
88339
69
88429
76
88589
32
88759
84
88910
69
89010
77
89160
80
89310
79
89581
16
89731
49
89931
49
91624
32
91864
16
91964
83
92225
79
92375
78
92565
32
92745
67
92845
79
92976
83
93086
73
93276
219
93416
32
93597
67
93667
79
93827
78
93967
84
94157
69
94288
78
94368
84
94528
65
94909
190
95069
32
95259
16
95570
72
95740
79
95890
32
96040
80
96190
85
96381
82
96531
69
96691
32
96801
73
96982
76
97102
32
97292
77
97422
65
97643
76
97813
32
97943
68
98053
73
98163
32
98284
71
98364
79
98514
76
98664
65
98985
188
99115
32
99285
69
99405
32
99546
83
99646
73
99766
65
99876
77
00016
79
00146
32
00227
65
00387
76
00727
32
01078
98
01258
99
01398
32
01629
77
01709
65
01859
71
01989
71
02119
73
02260
79
03021
190
03151
190
03281
190
03401
190
03932
13
04353
16
04493
86
04623
65
04844
66
04984
66
05104
69
05264
219
05555
188
05735
32
06196
67
06376
82
06496
69
06686
68
06786
79
06927
32
07047
67
07147
72
07257
69
07337
32
07518
80
07608
65
07758
82
07928
84
08018
73
08128
82
08269
79
08529
219
08699
32
08880
76
09060
79
09210
32
09280
83
09420
84
09561
69
09741
83
10192
83
10432
79
10642
188
10813
32
10953
83
11183
80
11333
69
11454
82
11624
79
11784
32
12044
83
12125
79
12305
76
12455
79
12575
32
12685
67
12755
72
12886
69
12966
32
13256
78
13386
69
13507
76
13667
32
14138
70
14338
82
14508
65
14688
84
14829
84
14979
69
15099
77
15249
80
15440
79
15580
32
15810
77
15970
73
16141
71
16281
76
16411
73
16571
79
16852
82
17032
73
17773
190
18264
32
21499
16
21699
79
21919
71
22059
71
22180
73
22300
32
22460
67
22670
219
22831
69
22941
219
23101
32
23412
83
23602
84
23742
65
23882
84
24012
65
24123
32
24263
76
24333
65
24453
32
24593
80
24683
82
24814
69
24984
83
25134
69
25244
78
25354
84
25495
65
25715
90
25815
73
25945
79
26096
78
26486
69
26666
32
26797
68
26977
69
27087
76
27217
32
27688
67
27798
79
27958
82
28129
83
28259
79
28399
32
28499
68
28569
73
28689
32
28830
76
28920
65
29060
85
29160
82
29320
69
29471
65
29631
32
29751
65
30052
71
30202
76
30332
73
30502
32
30602
83
30733
84
30833
85
30943
68
31103
69
31183
78
31323
84
31454
73
31624
32
31914
67
32045
72
32145
69
32225
32
32395
83
32485
73
32615
32
33056
86
33206
79
33397
82
33527
82
33697
65
33787
78
33927
78
34068
79
34208
32
34328
73
34468
83
34598
67
34779
82
34909
73
35069
86
35299
69
36041
82
36221
69
36381
32
38224
68
38414
65
38514
32
38645
65
38805
71
38935
79
39065
83
39215
84
39336
79
39456
32
39596
73
39766
78
39956
32
40377
80
40557
79
40698
73
43382
190
43622
32
45184
16
45685
16
45725
16
45755
16
45795
16
45825
16
45855
16
45895
16
45925
16
45956
16
45996
16
46026
16
46066
16
46096
16
46126
16
46166
16
46196
16
46236
16
46266
16
46296
16
46336
16
46366
16
46406
16
46436
16
46466
16
46506
16
46536
16
46576
16
46607
16
46637
16
46667
67
46867
79
47007
83
47117
73
47348
219
47478
32
47678
78
47808
79
47918
78
48039
32
48159
83
48249
79
48349
78
48479
79
48600
32
48740
82
48810
73
48950
85
49070
83
49200
67
49311
73
49431
84
49621
65
49731
32
49841
65
49932
32
50252
70
50382
73
50542
78
50703
73
50943
82
51103
69
51334
32
51664
76
51804
69
51915
32
52055
67
52145
79
52265
83
52435
69
52926
32
53046
68
53136
73
53267
32
53407
76
53477
65
53647
86
53787
79
53877
82
53988
79
54128
32
54288
67
54398
72
54498
69
54589
32
54699
65
54849
86
55029
69
55189
86
55360
79
55470
32
55600
73
55740
78
55901
32
56011
83
56111
79
56211
83
56361
79
56762
8
56912
80
57032
69
57162
82
57493
8
57603
83
57733
79
58174
188
58304
32
58955
69
59476
219
59606
32
59736
84
59856
85
59937
84
60067
84
60187
79
60317
32
60487
82
60578
73
60718
77
60828
65
60918
78
61068
68
61199
65
61369
84
61499
79
61639
32
61769
65
61860
32
64193
76
64353
85
64544
78
64664
69
64844
68
64964
73
65175
219
65455
188
65595
32
65725
83
65825
80
65916
69
66006
82
66126
79
66276
32
66426
68
66517
73
66657
32
66847
82
66957
73
67117
85
67258
83
67368
67
67498
73
67628
82
67768
69
67909
32
67999
65
68109
32
68229
82
68329
73
68469
77
68590
69
68770
84
68910
84
69070
69
69211
82
69261
77
69411
73
69541
32
69671
73
69791
78
69952
32
70072
67
70212
65
70362
82
70503
82
70643
69
70793
71
70933
71
71053
73
71164
65
71344
84
71514
65
71885
190
73727
13
73968
16
74188
80
74268
69
74378
82
74489
32
74649
73
74809
76
74939
32
75049
82
75160
69
75330
83
75460
84
75580
79
75791
188
75951
32
76171
72
76301
79
76441
32
76582
85
76752
78
76882
32
77082
83
77233
79
77413
78
77523
78
77643
78
77874
79
78234
8
78354
8
78625
79
78815
32
79005
80
79156
65
79376
90
79486
90
79676
69
79897
83
80187
67
80387
79
81509
188
81639
32
81800
83
82010
84
82160
65
82350
83
82501
69
82631
82
82781
65
82901
32
83051
78
83182
79
83292
78
83432
32
83632
65
83883
78
84103
68
84253
82
84414
79
84624
219
84764
32
84884
65
85004
76
85135
76
85235
65
85355
32
85475
70
85635
69
85826
83
85966
84
86306
65
86497
32
86667
68
86757
73
86897
32
87228
67
87468
79
87638
77
87819
80
87989
76
88079
69
88299
65
88440
78
88570
78
88720
79
88830
32
89000
68
90292
69
91504
8
91725
73
91865
32
92075
16
92225
65
92335
76
92546
66
92696
69
92836
82
93006
84
93137
79
93347
188
93497
32
93708
16
93848
70
94008
65
94168
66
94359
73
94519
79
94669
32
94999
69
95140
32
95420
16
95921
16
95961
16
95991
16
96021
16
96061
16
96221
76
96472
219
96622
65
96772
76
96942
84
97483
8
97623
8
97764
8
97894
8
98415
8
98735
16
99016
77
99096
65
99226
82
99446
67
99566
79
99827
188
00338
32
01920
69
02100
32
02290
80
02441
69
02561
78
02711
83
02861
79
02992
32
03212
80
03372
82
03522
79
03713
80
03923
82
04053
73
04213
79
04354
32
04494
67
04604
72
04704
69
04824
32
04985
83
05065
73
05215
65
05355
32
05525
77
05686
65
06106
8
06206
69
06417
71
06597
76
06817
73
06998
79
07348
32
07568
67
07679
79
07849
83
07979
73
08660
219
08940
190
09091
190
09231
190
09371
190
