85677
16
85898
76
86078
65
86208
32
86348
77
86469
73
86629
65
86699
32
86869
78
87019
73
87200
80
87370
79
87540
84
87670
73
87821
78
88001
65
88221
32
88452
83
88562
73
88952
32
89133
69
89273
219
89393
32
89693
66
89874
85
90014
83
90174
67
90314
65
90435
84
90585
65
90735
32
90875
76
90985
65
91106
32
91246
83
91376
69
91556
83
91837
84
92017
65
92928
32
93109
77
93259
65
93429
76
93569
65
93780
84
93920
84
94040
73
94220
67
94691
8
94851
65
95242
16
95462
190
95833
32
97255
69
97385
32
97575
67
97736
72
97866
69
97956
32
98126
76
98346
219
98477
69
98607
219
99128
16
99378
219
99578
32
99989
77
00149
73
00249
32
00430
83
00480
79
00650
78
00800
32
00990
67
01071
72
01181
73
01321
69
01481
83
01631
84
01782
65
02252
188
02393
32
02593
67
02733
72
02853
69
02973
32
03454
90
03705
73
03875
65
03995
32
04175
83
04486
78
04626
65
04796
84
04906
85
05027
82
05177
65
05307
84
05457
65
05667
188
05828
32
05978
78
06098
79
06208
78
06339
32
06479
83
06639
65
06759
80
06869
69
07040
86
07180
79
07320
32
08171
78
08261
69
08402
77
08532
77
08642
69
08712
78
08872
79
08993
32
09613
67
09914
79
10114
83
10294
65
10425
32
10595
70
10685
79
10835
83
10975
83
11146
69
11606
190
11767
32
11957
16
12087
67
12197
79
12348
77
12548
85
12738
78
12878
81
12999
85
13099
69
13379
32
13579
84
13680
85
13790
84
13930
84
14110
79
14260
32
14461
66
14581
69
14661
78
14771
69
14992
188
15182
32
15482
68
15572
79
15743
80
15903
79
16053
32
16183
73
16324
32
16554
80
16684
82
16814
73
16985
77
17135
73
17275
32
17465
71
17585
73
17726
79
17926
82
18046
78
18236
73
18617
32
18807
68
18907
73
19018
32
20009
70
20199
69
20410
66
20560
66
20680
82
20820
69
21531
32
21912
67
22002
79
22132
77
22303
73
22453
78
22683
67
22843
73
23004
65
23144
32
23274
65
23334
32
23474
80
23625
65
23795
83
23925
83
24065
65
24576
82
24726
69
24937
188
25337
32
25547
69
25958
219
26128
32
26309
85
26499
78
26609
32
28522
8
28802
65
29013
32
29283
68
29453
69
29594
76
29724
76
29854
69
29984
32
30625
77
30765
65
30886
76
31026
65
31206
84
31326
84
31426
73
31577
69
31717
32
31867
73
32017
78
33940
70
34140
69
34321
84
34441
84
34551
73
34691
86
34882
69
35012
32
35132
68
35292
69
35422
73
35553
32
35823
66
35983
73
36224
77
36224
78
37435
8
38317
66
38497
73
38888
190
39068
32
39298
16
39458
73
39639
76
39769
32
39929
82
40019
73
40300
83
40370
85
40520
76
40630
84
40780
65
40931
84
41111
79
41271
32
41572
69
41812
219
41972
32
42122
80
42213
69
42313
82
42443
79
42633
219
42773
32
42974
67
43064
72
43184
69
43264
32
43775
78
43915
79
44035
78
44156
32
44296
80
44466
79
44686
83
44817
83
44977
73
45127
65
45217
77
45347
79
45488
32
46008
80
46169
65
46339
79
46860
8
47040
82
47210
65
47711
8
47831
84
48021
73
48262
82
48422
69
48552
32
48672
80
48793
69
48933
82
49033
32
49193
73
49343
76
49474
32
49624
77
49744
65
49914
82
50074
69
50485
188
50645
32
50816
77
50946
65
51136
71
51346
65
51517
82
51657
73
51797
32
52769
65
52869
78
53069
68
53219
73
53389
65
53490
77
53650
79
53790
32
54291
71
54481
73
54631
85
54852
219
55002
32
55162
83
55322
65
55533
66
55663
65
55823
84
55943
79
56084
32
56364
77
56494
65
56654
84
56775
84
56875
73
57005
78
57185
65
59929
190
62714
13
63284
16
63495
83
63685
84
63815
65
64035
83
64206
69
64336
82
64486
65
64636
32
64957
83
65117
69
65267
32
66079
73
66239
76
66369
32
66509
84
66619
85
66740
84
66900
84
67761
8
67911
8
68052
8
68172
8
68292
8
68422
8
68552
8
69384
73
69544
76
69694
32
69784
80
69934
82
70045
79
70235
71
70425
82
70565
65
70686
77
70806
77
70926
65
71026
32
71687
82
71877
73
72188
69
72428
83
72598
67
72779
69
72919
32
73039
65
73149
32
73279
82
73400
69
73570
71
73710
71
73940
69
74141
82
74271
69
75823
188
75953
32
76144
68
76224
79
76404
86
76614
82
76775
69
76905
73
77065
32
77476
82
77626
73
77716
85
77896
83
78027
67
78137
73
78237
82
78387
69
78517
32
78668
65
78758
32
78868
80
78998
65
79198
83
79329
83
79459
65
79599
82
79729
69
79849
32
79970
65
80070
32
80180
84
80370
82
80480
79
80701
86
80841
65
80971
82
81121
69
81261
32
81602
16
81712
83
81832
73
82003
77
82123
79
82253
78
82403
65
82483
32
82624
73
82764
78
82904
32
83204
79
83805
83
84016
80
84156
69
84356
68
84516
65
84637
76
84777
69
86369
16
86590
190
86770
32
86980
78
87120
79
87190
78
87321
32
87511
86
87661
69
87841
68
87962
79
88082
32
88212
76
88422
219
88683
79
88863
82
89013
65
89143
32
89294
68
89384
73
89514
32
89744
86
89915
69
90095
68
90255
69
90395
82
90535
69
90656
32
90956
81
91076
85
91186
69
91847
83
91988
84
92158
65
92298
32
92458
80
92649
73
92829
67
93049
67
93650
79
93830
76
93981
65
94101
32
94341
16
94451
67
94622
65
94742
82
94972
79
95142
76
95263
65
95383
32
95553
67
95663
72
95793
69
95874
32
96084
69
96344
219
96484
32
96655
78
96775
65
96895
84
97055
65
97195
32
97877
83
98037
65
98167
66
98307
65
98477
84
98598
79
98868
32
99078
77
99219
65
99389
84
99519
84
99599
73
99749
78
99890
65
00440
32
00621
83
00741
67
00881
79
01001
82
01282
83
01452
79
02764
190
04136
13
30376
16
30546
77
30716
73
30856
32
30976
83
31107
69
31267
77
31537
66
31657
82
31818
65
31928
32
32108
73
32268
79
32629
8
32749
69
32869
82
33020
73
33270
188
33410
32
33570
76
33811
219
33961
69
34151
83
34321
84
34472
65
34612
84
34752
69
34942
32
36164
57
36324
55
37026
188
37166
32
37326
73
37476
78
37606
32
37777
67
37867
85
38017
73
38117
32
38257
72
38398
79
38528
32
38688
67
38788
79
38908
78
39029
79
39189
83
39319
67
39419
73
39559
85
39690
84
39840
79
39970
32
40280
16
40411
83
40531
73
40691
77
40821
79
40951
78
41132
69
41442
8
41582
65
41713
188
41853
32
41993
69
42173
68
42304
32
42464
69
42704
219
42854
32
43015
73
43175
78
43325
73
43786
90
43896
73
44046
65
44216
84
44357
65
44477
32
44707
83
44837
73
44988
65
45088
32
45248
76
45448
219
45578
65
45739
86
45889
86
46049
69
46149
78
46259
84
46390
85
46510
82
46680
65
46830
32
47141
16
47301
79
47471
68
47652
65
47812
188
47972
32
48142
83
48192
73
48383
65
48643
32
48903
76
49014
65
49144
32
49574
78
49715
79
49905
83
50065
84
50225
82
50376
65
50486
32
50866
65
50987
77
51157
73
51297
67
51447
73
51748
90
51858
73
52018
65
52439
190
52879
32
53210
16
53270
69
53550
219
53721
32
53901
85
54081
78
54211
65
54302
32
54412
80
54542
69
54652
82
54842
83
54933
79
55063
78
55173
65
55293
32
55423
86
55584
69
55694
82
55854
77
55944
65
56104
78
56245
84
56395
69
56625
32
56976
83
57106
80
57256
69
57837
8
58338
8
58368
8
58398
8
58438
8
58468
8
58508
8
58538
8
58798
8
59009
65
59529
77
59660
69
59730
78
59840
84
59970
69
60130
32
60271
83
60381
80
60501
69
60751
67
60841
73
60982
65
61112
76
61232
69
61402
32
61603
69
61803
32
61963
83
62053
79
62183
78
62304
79
62404
32
62614
83
62774
84
62895
65
63035
84
63175
65
63275
32
63485
77
63636
79
63816
76
63946
84
64066
79
64197
32
64367
70
64457
79
64597
82
64767
84
64878
85
65068
78
65208
65
65338
84
65498
65
65629
32
65739
65
65829
32
66190
67
66290
79
66440
78
66580
79
66750
83
66931
67
67191
69
67441
82
67632
76
68493
65
69715
190
