86027
85
86257
70
86397
70
86557
73
88260
190
88400
190
88550
190
88661
190
92857
72
92997
79
93137
32
93388
68
93478
73
93588
32
93708
78
93898
85
94029
79
94139
86
94279
79
95110
32
96042
71
96172
76
96412
32
96583
79
96753
67
96893
67
97003
72
97133
73
97284
32
97494
71
97604
79
97744
78
98075
70
98235
73
00939
16
01139
49
02361
32
02972
16
03142
79
03303
82
03443
32
03593
68
03693
85
03874
78
04014
81
04124
85
04184
69
04474
77
04835
8
05035
188
05165
32
05576
80
05706
69
05816
82
05927
32
06127
81
06217
85
06337
69
06508
83
06628
84
06768
65
06858
32
06988
83
07128
69
07299
84
07439
84
07489
73
07649
77
07769
65
07830
78
07980
65
08070
32
08230
78
08360
79
08450
78
08591
32
08711
77
08851
73
08961
32
09121
76
09252
73
09482
66
09632
69
09732
82
10003
79
10153
32
10323
65
10413
78
10524
67
10604
79
10744
82
10904
65
11024
32
11525
68
11645
73
11785
32
12286
8
12426
69
12557
73
12697
32
12847
77
12967
73
13168
69
13338
73
13949
37
14449
37
14480
37
14520
37
14560
37
14590
37
14630
37
14660
37
14700
37
15070
39
15351
46
15551
35
16483
16
16623
190
16803
32
17184
86
17294
73
17414
83
17604
84
17754
65
17865
32
18005
76
18135
65
18205
32
18315
80
18466
73
18616
79
18756
71
18886
71
19006
73
19217
65
19407
32
20248
72
20388
65
20489
78
20619
78
20739
79
20879
32
20969
68
21120
69
21270
67
21400
73
21520
83
21630
79
21771
32
21961
68
22101
73
22211
32
22341
82
22432
73
22572
77
22712
65
22762
78
22882
68
23012
65
23143
82
23283
69
23393
32
23623
76
23754
65
23844
32
23964
80
24134
65
24294
82
24465
84
24595
69
24735
78
24965
90
25156
65
25286
32
25436
80
25536
69
25646
82
25747
32
25867
73
26017
76
26137
32
26227
77
26357
65
26498
82
26638
69
27409
188
27559
32
27760
80
27870
69
27970
82
28230
67
28971
73
29142
79
29312
219
29442
32
29632
83
29723
79
29843
78
29963
79
30083
32
30363
65
30524
78
30654
67
30724
79
30854
82
30974
65
31085
32
31225
73
31365
78
31505
32
31665
67
31756
79
31866
77
31996
80
32146
65
32306
71
32397
78
32547
73
32677
65
33959
32
34149
65
34229
32
34470
67
34660
65
34860
83
35051
65
35671
190
36292
32
36753
16
36893
83
37054
69
37294
67
37424
79
37574
78
37835
68
38055
65
38205
32
38446
67
38546
79
38686
83
38856
65
39848
188
39998
32
41590
76
41701
69
41811
32
41941
77
42051
73
42191
69
42362
32
42572
83
42732
69
42812
78
42942
83
43133
65
43333
90
43433
73
43563
79
43714
78
43864
73
44034
32
45176
69
45306
82
45476
65
45576
78
45717
79
45857
32
46007
80
46137
82
46267
79
46428
80
46568
82
46698
73
46828
79
46979
32
47159
65
47599
90
47720
90
47890
69
48120
67
48270
67
48401
65
48521
84
48661
69
48821
188
48952
32
49252
76
49382
65
49492
32
49623
67
49763
69
49893
78
50063
65
50173
32
56022
68
56202
69
56293
76
56423
32
56533
77
56683
73
56833
79
56954
32
57124
65
57254
77
57705
8
57845
8
57985
8
59057
8
59187
8
59317
8
59437
8
59568
8
59708
8
59808
8
60619
67
60709
85
60839
73
60970
32
61711
65
61871
86
62071
82
62191
69
62312
73
62452
32
62612
84
62742
65
62812
78
62913
84
63013
79
63143
32
63343
86
63443
79
63584
76
63714
85
63844
84
63964
79
64094
32
64265
80
64405
65
64555
82
64745
84
64886
69
65096
67
65196
73
65356
80
65496
65
65627
82
65757
69
65867
32
66007
69
66127
82
66288
65
66418
32
66568
73
66818
69
66969
82
67099
73
67259
32
67439
83
67600
69
67700
82
67890
65
70113
190
70254
190
70394
190
70524
190
72337
80
72467
69
72707
67
72828
67
73068
65
73218
84
73348
79
73488
32
73729
78
73869
79
73979
78
74119
32
74700
80
74871
79
75031
84
75191
69
75311
82
76153
32
78125
69
78546
83
78746
69
78897
82
79057
69
80229
8
80379
8
80489
8
80719
83
81040
69
81350
82
81531
69
81691
32
83704
73
83874
78
84195
83
84355
73
84515
69
84625
77
84766
69
84916
32
85096
65
85166
32
85306
76
85457
79
85617
82
85747
79
86508
188
86628
32
86819
67
86909
72
87039
73
87189
65
87520
8
87950
83
88101
83
88261
65
89102
219
89282
32
89463
83
89633
69
89753
32
89903
80
90033
82
90154
73
90294
77
90414
65
90524
32
90785
79
90935
32
91035
80
91265
79
91536
73
91996
32
94110
73
94250
76
94370
32
94520
77
94670
73
94811
79
94961
32
95121
83
95201
79
95341
71
95442
78
95542
79
95662
32
96063
83
96173
73
96303
32
96403
82
96543
69
96734
65
96854
76
96954
73
97154
90
97284
90
97455
69
97575
82
97745
65
97955
219
98286
188
98426
32
98596
73
98737
78
98907
84
99057
65
99207
84
99237
78
99478
79
00700
8
00820
8
00950
8
01230
78
01521
84
01641
79
02392
32
10014
76
10124
65
10244
32
10394
83
10474
73
10614
78
10745
84
10855
79
10995
78
11135
73
11336
65
11446
32
11746
67
11856
72
11987
69
12107
32
12277
80
12648
82
12788
79
12968
86
13118
79
13529
32
13749
78
13869
69
14010
76
14130
76
14661
219
14891
73
15071
77
15211
77
15432
71
15512
73
15652
78
15752
65
15932
82
16073
69
16183
32
17114
81
17224
85
17285
69
17445
76
17565
76
17715
79
17825
32
17956
67
18026
72
18156
69
18266
32
18416
65
18607
67
18727
67
18867
65
19027
68
19167
69
19388
188
19728
32
19878
67
19959
79
20069
78
20219
84
20319
73
20459
78
20650
85
20820
65
20990
32
21180
65
21251
32
21501
70
21611
85
21781
78
22332
90
22442
73
22593
79
22693
78
22953
65
23123
82
23264
69
25357
190
26298
32
29002
16
29243
86
29423
69
29563
78
29643
69
29753
82
29964
68
30084
73
30284
219
30424
32
30555
83
30695
69
30855
82
31045
65
31175
32
31867
67
31987
219
32117
69
32347
219
32507
32
32708
85
32868
78
33098
219
33259
65
33359
76
33499
84
33669
82
33809
65
33940
32
34060
83
34220
69
34320
82
34500
65
34631
84
34781
65
34891
32
35031
68
35121
73
35242
32
35832
68
36003
65
36133
66
36664
8
36864
78
36994
90
37195
69
37445
32
37775
73
37946
82
38356
76
38486
65
38647
78
38787
68
38967
69
39208
83
39308
73
40670
188
40810
32
40950
77
41070
65
41140
32
41261
78
41351
79
41471
78
41631
32
41741
83
41842
79
41932
78
42062
79
42182
32
42362
84
42503
65
42553
78
42673
84
42773
79
42923
32
43073
73
43204
78
43354
32
43484
86
43624
69
43764
78
43935
69
44255
8
44395
65
44556
188
44726
32
45127
67
45217
79
45357
83
45547
65
45687
32
46108
68
46629
69
46819
86
46969
79
47109
32
47560
70
47700
65
47841
82
47961
69
48111
188
48271
32
48401
65
48522
78
48832
68
48982
65
49092
82
49323
67
49443
73
49693
16
49984
219
50194
219
53078
32
53359
16
53499
83
53619
73
53930
188
54060
32
54220
80
54431
79
54591
73
55562
32
55712
76
55863
79
56003
32
56203
83
56303
79
56434
32
56704
67
56814
72
56934
69
57034
32
57165
77
57275
65
57415
71
57565
65
57665
82
57776
73
57896
32
58026
77
58156
73
58276
32
58427
68
58527
73
58837
86
59007
69
59148
82
59338
84
59458
79
59739
188
59919
32
60159
77
60309
65
60500
190
60630
190
60760
190
61691
83
61782
79
61902
78
62012
79
62152
32
62292
85
62463
78
62603
32
62803
80
62983
79
63514
219
63695
32
63865
73
64015
78
64235
68
64396
69
64636
67
64736
73
64836
83
65037
65
65968
188
66118
32
66369
69
66489
32
67170
81
67270
85
67380
69
67550
83
67670
84
67781
79
67921
32
68191
66
68311
82
68452
85
68652
84
68782
84
68902
79
69023
32
69233
84
69383
69
69473
77
69633
80
69804
79
70144
32
70705
77
70865
73
71006
32
71206
70
71336
65
71486
32
71727
83
71827
79
71987
78
72107
78
72247
69
72458
67
72588
67
72708
72
72828
73
72928
65
73059
82
73219
69
73379
32
74551
69
74681
32
74861
77
74992
73
75122
32
75322
84
75442
79
75602
71
75713
76
75843
73
75993
69
76173
32
76544
81
76644
85
76764
69
77155
8
77265
65
77375
76
77565
73
77916
8
78036
83
78146
73
78256
65
78467
83
78597
73
78727
32
79028
69
79198
78
79348
84
79548
85
80249
82
80630
8
80750
83
80870
73
81071
83
81481
8
81612
65
81772
83
81902
77
82092
79
82743
190
82883
190
83024
190
83154
190
84987
83
85127
73
85267
32
85467
86
85628
69
85788
68
85928
82
86108
65
86389
219
86749
16
86889
49
