28824
0
29051
67
29318
111
29536
109
29629
101
29926
0
30059
63
30388
32
30749
0
31009
65
31314
110
31453
99
31592
111
31869
114
31961
97
32739
32
32920
101
33135
115
33261
112
33393
101
33588
116
33602
114
33720
105
33914
109
33949
101
34136
110
34234
116
34367
105
34588
0
34761
63
35962
0
36122
0
36282
0
36442
0
36602
0
36763
0
36917
0
37082
0
38104
8
38930
0
39743
32
39868
0
39974
109
40079
97
40187
32
40353
110
40534
111
40716
110
40910
32
41922
101
42089
114
42201
97
42815
110
43016
111
43196
32
43321
102
43427
105
43608
110
43808
105
43895
116
43984
105
44240
0
44351
63
45385
32
47009
0
47228
77
47416
105
47610
32
47810
112
47902
97
48069
114
48181
101
48286
32
48480
117
48682
108
48801
116
48900
105
49088
109
49206
97
49743
109
49883
101
49989
110
50204
116
50296
101
50414
32
50643
100
50810
105
51011
32
51185
110
51359
111
51540
110
51720
32
51853
97
51978
118
52098
101
52251
114
53076
101
53318
32
53884
114
54044
105
54307
99
54411
101
54530
118
55205
117
55338
116
55442
111
55637
32
55824
112
55999
105
56179
117
56401
39
56602
32
56838
110
57004
117
57220
108
57366
108
57474
97
59632
44
59929
13
61219
0
61799
0
62312
0
62367
0
62422
0
62477
0
62532
0
62586
0
62642
0
62697
0
62765
0
62813
0
62862
0
62919
0
62972
0
63027
0
63082
0
63137
0
63204
0
63256
0
63320
0
63375
0
63424
0
63483
0
63528
0
63599
0
63655
0
63694
0
63740
0
63798
0
63875
0
63931
0
63965
0
64021
0
64094
0
64206
0
65053
0
65569
13
67364
0
68355
32
68556
109
68689
97
68736
32
68913
111
69173
114
69284
97
69404
32
70079
104
70336
111
70565
32
70793
116
70919
114
71023
111
71266
118
71371
97
71459
116
71687
111
71902
32
72090
117
72277
110
72451
32
72851
97
73891
8
74646
97
74813
108
75070
116
75175
114
75328
111
75502
32
75596
100
75797
101
75865
105
76074
32
76724
116
76882
117
77070
111
77244
105
77596
13
78457
109
78542
97
78660
105
78920
108
79276
32
80065
99
80170
104
80266
101
80374
32
80530
97
80724
115
80898
112
80979
101
81269
116
81416
116
81471
97
81871
118
81963
97
82116
32
82263
100
82642
105
82905
32
83065
101
83294
115
83495
115
83724
101
84097
114
84202
101
85412
32
85793
114
85953
105
86094
101
86231
109
86747
112
86997
105
87254
116
87373
111
87595
32
87727
100
87846
105
88061
32
88279
112
88356
97
88543
114
88785
111
89158
108
89394
101
89547
32
89755
105
89937
110
90111
32
90305
105
90582
116
90680
97
90929
108
91261
105
91359
97
91478
110
91680
111
91970
46
93518
32
93945
0
94310
79
94504
107
94872
46
95271
13
95939
0
96110
83
96951
8
97104
0
97235
76
97418
111
97605
32
97813
102
97900
97
98012
99
98159
99
98415
105
98596
111
98838
44
99046
32
99356
109
99461
97
99569
32
99736
115
99883
112
99987
101
00224
114
00376
105
00605
97
00910
109
01866
111
02940
32
03045
99
03164
104
03256
101
03374
32
03561
110
03749
111
03936
110
04123
32
04310
99
04377
101
04514
32
04881
110
04980
101
05085
32
05306
115
05439
105
05551
97
05689
110
05898
111
06106
32
06205
97
06379
110
06552
99
06664
111
06921
114
07020
97
07151
32
07305
97
07410
108
07679
116
07759
114
07907
105
08380
0
10593
33
12738
32
12932
0
13118
69
13292
114
13583
111
13811
32
14020
99
14132
101
14233
114
14426
116
14599
97
14793
32
14954
99
15061
104
15179
101
15610
13
17366
0
18180
8
18356
8
18514
8
19141
8
19383
13
20230
100
20390
105
20599
32
20685
97
20811
118
20909
101
21028
114
21285
32
21397
102
21515
105
21714
110
21925
105
22002
116
22159
111
22377
46
22540
46
22676
46
22984
32
23216
0
23436
83
23768
105
23977
103
24095
104
24324
0
24503
33
24789
32
24949
0
25142
81
25440
117
25551
101
25745
115
25860
116
25964
101
26104
32
26222
115
26369
105
26611
39
26833
32
26939
99
27043
104
27169
101
27252
32
27387
115
27475
111
27665
110
27870
111
28076
32
28299
98
28416
114
28680
117
28963
116
29089
116
29201
101
29382
32
29563
115
29785
111
30103
114
30367
112
30636
114
30707
101
30915
115
31123
101
31304
46
31718
13
32516
8
33515
32
33648
0
33847
78
34089
111
34311
44
34511
32
34625
115
34757
99
34973
104
35053
101
35193
114
35401
122
35610
111
35907
44
36157
13
37614
0
37883
0
38062
0
38233
0
38402
0
38577
0
38750
0
38942
0
39548
0
39844
13
40780
0
41146
32
41257
101
41370
39
41584
32
41677
99
41802
104
41900
101
42019
32
42193
110
42387
111
42581
110
42776
32
43006
115
43124
111
43360
32
43588
109
43687
97
43812
105
44018
32
44140
99
44232
104
44361
101
44435
32
44588
99
44700
111
44860
115
45061
97
45222
32
45491
99
45582
97
45779
115
45951
112
46200
105
46567
116
46658
97
46852
32
47109
115
47242
99
47437
114
47590
105
47840
118
47911
101
48022
114
48128
101
48247
32
48428
105
48615
110
48803
32
48983
113
49068
117
49214
101
49409
115
49514
116
49728
105
49929
32
50138
98
50243
101
50355
110
50484
101
50923
100
51028
101
51223
116
51376
116
52251
105
52842
0
53359
0
53409
0
53469
0
53517
0
53561
0
53618
0
53669
0
53746
0
54806
13
56013
0
57410
32
57672
109
57770
97
57951
105
58146
108
58628
46
59791
32
60198
0
60342
77
60483
97
60559
32
60747
111
61003
114
61080
97
61220
32
61319
115
61431
111
61612
110
61799
111
61980
32
62181
103
62406
105
62495
97
62634
39
62829
32
62934
97
63033
32
63247
109
63352
101
63567
116
63666
97
63888
39
64130
32
64455
102
64622
105
64822
110
64924
101
65124
115
65229
116
65424
114
65536
97
65936
44
66110
32
66208
101
66334
32
66535
113
66668
117
66794
101
66989
115
67078
116
67302
111
69049
32
69264
109
69466
105
69673
32
69792
114
69912
105
70113
110
70259
99
70399
117
70580
111
70835
114
70917
97
71059
32
71251
103
71516
105
71600
97
72687
39
72901
46
73396
0
73587
0
73759
0
73926
0
74691
0
74948
13
77443
0
82032
32
83436
0
83683
79
84008
114
84100
97
84252
32
84461
110
84656
111
84843
110
85018
32
85197
109
85392
105
85600
32
85835
114
85934
101
86147
115
86247
116
86373
97
86513
32
86646
99
86991
104
87102
101
87228
32
87374
99
87527
111
87705
112
87902
105
88001
97
88134
114
88245
101
88372
32
88606
113
88720
117
88866
101
89017
108
89421
99
89609
104
89728
101
90753
8
90927
8
91101
8
91268
8
91441
8
91602
97
92278
108
92465
99
92590
104
92695
101
92814
32
92975
99
93101
111
93234
115
93441
97
93622
32
93844
100
93935
97
94054
32
94221
113
94333
117
94454
97
94572
108
94726
99
94850
104
94963
101
95081
32
95290
112
95389
97
95549
114
95709
116
95806
101
95974
32
96259
115
96493
101
96627
32
96814
110
97407
111
97972
110
98784
13
99961
115
00148
111
00344
32
00557
112
00752
105
00933
117
01189
39
01404
32
01501
99
01627
104
01725
101
01831
32
02093
99
02247
111
02369
115
02566
97
02754
32
02838
115
02991
99
03110
114
03256
105
03498
118
03569
101
03695
114
03779
101
04907
46
05109
32
05358
0
05544
81
05855
117
06270
108
06704
8
06843
97
07004
108
07213
99
07386
117
07560
110
07753
111
07955
32
08163
109
08243
101
08355
32
08535
108
08977
104
09096
97
09214
32
09437
99
09590
111
09825
110
09976
115
10132
105
10348
103
10584
108
10791
105
10876
97
11029
116
11286
111
11590
46
12215
32
12412
0
12536
69
12753
32
13216
110
13424
111
13611
110
13792
32
14008
115
14084
97
14186
114
14277
101
14444
98
14591
98
14723
101
14852
32
15051
117
15263
110
15350
97
15462
32
15657
98
15743
114
15923
117
16166
116
16306
116
16393
97
16524
32
16726
105
16781
100
16984
101
17185
97
18197
46
21262
13
22260
0
24202
32
25126
0
25665
80
25964
101
26158
114
26304
111
26520
39
26996
112
27698
8
28682
32
28929
112
29106
111
29294
105
29509
32
29724
102
29856
111
29989
114
30211
115
30426
101
30559
32
30752
99
30807
97
30997
109
31219
98
31581
105
31677
101
32174
114
32265
101
32666
98
32805
98
32930
101
33021
32
33230
108
33424
111
33618
32
33737
115
33863
116
34071
105
34292
108
34391
101
34573
44
34760
32
38311
108
38392
101
38510
32
38732
112
38831
97
39046
114
39289
111
39475
108
39560
101
39686
32
39881
115
40027
99
40132
101
40334
108
40604
116
40709
101
42242
13
42348
0
42533
40
42913
100
43059
105
43289
32
43536
99
43577
101
43696
114
43856
116
44105
111
44238
0
44334
41
44634
32
51139
101
51937
32
52489
102
52635
111
52769
114
52983
115
53196
101
53351
32
53455
103
53580
108
53768
105
53963
32
54063
101
54292
115
54446
112
54578
101
54782
114
54909
105
55099
109
55175
101
55303
110
55422
116
55534
105
55729
32
55916
110
56103
111
56291
110
56477
32
56680
118
56778
101
56883
114
57030
114
57141
101
57419
98
57564
98
57692
101
57899
114
58039
111
58205
32
58386
112
58579
105
58753
117
58996
39
59214
32
59329
99
59538
111
59739
109
59844
101
61207
32
61463
112
61567
114
61659
105
61853
109
61965
97
63101
46
63309
13
63428
0
63655
69
63884
32
64044
116
64163
117
64364
32
64470
97
64601
118
64790
114
64869
101
65064
115
65176
116
65384
105
65572
32
65621
100
65835
101
65924
105
66104
32
66328
112
66400
114
66498
111
66716
98
66941
108
67047
101
67138
109
67352
105
67513
32
67604
97
67716
32
67958
99
68043
97
68217
112
68405
105
68661
114
68716
101
68871
32
68983
99
69115
111
69310
109
69421
101
69520
32
69714
109
69800
97
69940
105
70348
32
70892
97
71058
100
71239
32
71435
117
71606
110
71781
32
71994
99
72088
101
72185
114
72344
116
72574
111
72763
32
72956
112
73176
117
73373
110
73471
116
73584
111
73772
32
73857
115
73967
111
74142
110
74329
111
74510
32
74745
99
74838
97
74963
109
75158
98
75391
105
75492
97
75590
116
75802
105
76165
46
77513
13
