64743
0
65561
67
65906
105
66007
97
66165
111
66470
32
67838
8
68713
46
68920
32
69059
0
69280
83
69921
112
70053
101
70248
114
70381
111
70596
32
70676
99
70808
104
70885
101
71019
32
73074
108
73166
101
73304
32
73418
100
73550
111
73799
109
73893
97
74164
110
74425
100
74522
101
74669
32
75207
99
75333
104
75443
101
75557
32
75682
116
75952
105
76180
32
76436
104
76644
111
76852
32
77068
102
77152
97
77285
116
77416
116
77659
111
77888
32
78006
115
78147
117
78478
108
78631
108
78888
39
79055
101
79257
115
79389
112
79508
101
79716
114
79869
105
80078
109
80183
101
80308
110
80420
116
80586
111
80871
32
81326
110
81561
111
81790
110
81980
32
82084
115
82208
105
82320
97
82491
110
82695
111
82911
32
83284
116
83368
114
83535
111
83887
112
84047
112
84249
111
84608
32
84829
98
84895
97
85022
110
85134
97
85272
108
85474
105
85710
44
86193
32
86997
13
90084
109
90194
97
90299
32
90494
109
90696
105
90904
32
91023
115
91114
111
91314
110
91529
111
91717
32
91959
118
92081
101
92197
110
92391
117
93102
116
93206
101
93778
32
94036
102
94098
97
94244
99
94370
101
94634
110
94765
100
94939
111
95086
108
95259
111
95460
32
96163
101
96460
32
96688
109
96890
105
97112
32
97205
115
97323
111
97511
110
97719
111
97919
32
98067
99
98181
104
98414
105
98500
101
98703
115
98835
116
98941
97
99128
32
99206
115
99434
101
99601
32
99740
113
99894
117
99985
101
00180
108
00299
108
00494
111
00756
32
00883
99
01019
104
01100
101
01233
32
03014
115
03201
116
03278
97
03536
118
03791
111
04012
32
04250
102
04323
97
04447
99
04560
101
04691
110
04837
100
05033
111
05254
32
05483
97
05753
118
05892
101
06162
115
06363
115
06680
101
07004
32
07235
117
07484
110
07823
39
08210
117
08562
116
08687
105
08875
108
09049
105
09298
116
09389
97
09680
39
13241
0
13741
0
13789
0
13874
0
13929
0
13984
0
14039
0
14094
0
14148
0
14203
0
14277
0
14326
0
15789
13
19442
0
21355
0
21967
0
22472
0
22566
0
22619
0
22672
0
22727
0
22791
0
22840
0
22892
0
22958
0
23010
0
23063
0
23140
0
23200
0
23251
0
23310
0
23359
0
23408
0
23513
0
23567
0
24399
0
24809
13
26410
0
27261
8
30837
0
31925
13
33410
127
34044
0
35406
32
35751
127
38619
97
38742
118
39019
117
39112
116
39237
111
39452
32
39666
112
39840
111
40064
105
41370
32
41605
100
41717
97
41822
118
41969
118
42083
101
42284
114
42429
111
43537
0
46459
46
49406
46
49538
46
49954
13
51268
101
51385
104
51707
44
51890
32
51995
115
52114
105
52405
39
52668
44
52862
32
53901
112
54013
101
54214
114
54339
32
54596
112
54776
111
54956
105
55165
32
55359
110
55560
111
55755
110
55950
32
56097
100
56215
111
56464
118
56563
101
56757
114
56910
32
57160
102
57265
97
57377
114
57524
101
57801
32
58709
109
58932
111
59133
108
59224
116
59350
105
59537
32
59733
112
59933
105
60108
117
60371
39
60593
32
60704
101
60892
115
61044
112
61198
114
61454
105
61690
109
61775
101
61901
110
62000
116
62162
105
62375
32
62493
100
62586
105
62787
32
63209
113
63327
117
63439
97
63606
110
63759
116
63912
105
64100
32
64315
109
64619
105
67464
13
68531
97
68711
118
68810
101
68924
118
69158
105
69413
32
69547
97
69693
110
69914
116
70075
105
70234
99
70367
105
70589
112
70688
97
70861
116
71125
111
71447
46
78599
101
87967
32
88202
0
88335
67
88659
111
88950
109
89214
117
89455
110
89615
113
89747
117
89860
101
89992
32
90200
105
90371
111
90555
32
90654
97
90755
32
90974
98
91051
97
91206
116
91357
116
91483
101
91691
114
91843
32
92074
116
92152
97
92359
115
92477
116
92727
105
92942
32
93068
115
93413
117
93684
108
93823
108
93941
97
94060
32
94337
116
94423
97
94630
115
94819
116
95102
105
95179
101
95339
114
95437
97
95673
32
95889
110
96076
111
96276
110
96444
32
96555
115
96648
111
96822
110
97016
111
97212
32
97432
103
97614
114
97690
97
97946
32
98286
99
98433
104
98530
101
98862
39
99201
46
01000
0
01173
0
01333
0
01493
0
01680
0
02438
0
02998
110
03245
0
03413
0
03585
0
04440
0
04888
0
05228
13
06782
0
08302
0
08474
0
08641
0
08802
0
09553
0
09887
8
11406
32
12539
0
12720
0
12894
0
13666
0
13846
0
14489
8
15349
0
16176
32
16383
0
16525
77
16709
105
16917
32
17133
112
17409
105
17535
97
17680
99
17802
101
17979
114
18147
101
18362
98
18502
98
18627
101
18732
32
18939
102
19010
97
19150
114
19262
101
19395
32
19610
99
19743
111
19944
109
20077
101
20138
32
21316
113
21449
117
21567
101
21693
108
21860
108
22000
101
22149
32
22278
115
22499
101
22652
103
22868
114
22945
101
23105
116
23237
97
23376
114
23639
105
23745
101
23911
32
24030
99
24149
104
24255
101
24374
32
24575
98
24609
97
24811
116
24936
116
25166
111
25365
110
25553
111
25748
32
25853
99
25965
111
26160
110
26335
32
26439
116
26557
117
26800
116
26925
116
27040
101
27171
32
27289
101
27388
32
27981
99
28176
105
28390
110
28543
113
28696
117
28781
101
29687
0
30199
0
30241
0
30293
0
30360
0
30403
0
30460
0
30520
0
30580
0
30641
0
30700
0
30795
0
30845
0
30913
0
30963
0
31011
0
31950
0
32143
0
32930
13
33963
0
34899
32
35127
108
35233
101
35338
32
35456
100
35569
105
35805
116
35896
97
36043
32
36161
101
36273
32
36474
118
36578
97
36690
110
36824
110
37024
111
37232
32
37454
118
37552
101
37691
108
37880
111
38006
99
38139
105
38279
115
38473
115
38646
105
38923
109
39049
101
39148
32
39349
115
39598
101
39738
110
39898
122
40144
97
41757
32
42274
112
42460
111
42641
105
42856
32
43092
110
43163
101
43356
110
43447
97
44898
8
45067
8
45973
97
46224
110
46384
99
46509
104
46600
101
46743
32
47298
103
47513
117
47598
97
47751
114
47959
100
48037
97
48143
114
48247
101
48373
32
48560
108
48672
97
48777
32
49001
116
49112
97
49334
115
49500
116
49750
105
49834
101
49986
114
50072
97
50292
46
51846
0
52362
0
52453
0
52505
0
52571
0
52631
0
52722
0
52779
0
52830
0
52893
0
52947
0
53824
0
53984
0
54764
13
56381
127
56664
0
57887
32
58033
0
58185
77
58447
97
58594
103
58734
97
58887
114
59116
105
59296
0
59489
33
60549
32
60722
0
60867
73
61076
110
61312
118
61389
101
61508
99
61628
101
61720
32
61942
105
62110
111
62337
32
62532
98
62637
97
62804
116
62944
116
63193
111
63399
32
63534
97
63633
108
63834
32
64104
109
64216
97
64432
115
64604
115
64737
105
64897
109
65085
111
65293
32
65426
99
65534
111
65726
110
65886
32
66087
116
66227
114
66318
101
67056
32
67403
100
67541
105
67872
116
67950
97
70787
44
71044
32
75763
101
75943
32
76055
100
76280
101
76408
118
76699
111
77525
13
78530
97
78759
115
78933
115
79090
111
79239
108
79440
117
79752
116
79830
97
80053
109
80155
101
80272
110
80485
116
80562
101
80723
32
81285
103
81475
117
81573
97
81694
114
81866
100
81949
97
82055
114
82181
101
82279
32
82467
108
82573
97
82664
32
82879
116
82965
97
83158
115
83284
116
83492
105
83611
101
83729
114
83869
97
86707
44
86908
32
87048
97
87159
110
87272
99
87370
104
87510
101
87589
32
87750
115
87973
101
88159
32
89555
112
89659
101
89844
114
89987
32
90201
112
90300
97
90473
114
90737
111
90924
108
91009
101
91127
32
91239
99
91361
104
91485
101
91578
32
91806
117
91919
115
92113
111
92301
32
92399
100
92532
105
92726
32
92954
102
93142
114
93227
101
93469
113
93616
117
93721
101
93853
110
94075
116
94166
101
94900
0
95412
0
95471
0
95560
0
95613
0
95668
0
95726
0
95784
0
96577
0
96871
13
97889
0
98881
32
98999
0
99159
40
99359
99
99499
111
99700
109
99785
101
99903
32
00136
100
00225
97
00329
116
00516
97
00614
98
00766
97
00975
115
01211
101
01356
32
01585
111
01780
32
01974
108
02058
97
02170
32
02345
109
02532
105
02685
97
02996
32
03231
112
03337
97
03559
115
03725
115
03947
119
04114
111
04281
114
04496
100
04821
0
04939
41
05421
32
05711
109
05906
105
06094
32
06220
97
06353
99
06511
99
06776
111
06913
114
07118
103
07261
111
07476
32
07616
115
07784
117
07992
98
08240
105
08345
116
08464
111
08699
32
09333
115
09562
101
10085
13
10767
104
10969
111
11197
32
11343
115
11463
98
11581
97
11679
103
11901
108
12109
105
12207
97
12334
116
12554
111
12749
32
12867
97
12973
32
13106
100
13224
105
13563
103
13784
105
14054
116
14133
97
14285
114
15867
101
16542
44
16722
32
16820
97
16925
110
17058
99
17170
104
17294
101
17421
32
17526
115
17728
101
17868
110
18003
122
18196
97
18367
32
18603
103
18822
117
18926
97
19111
114
19491
100
19576
97
19669
114
19788
101
20580
46
37083
32
37269
0
37510
81
37938
117
38017
101
38155
108
38300
108
38462
111
38677
32
38762
99
38896
104
38978
101
39126
32
39306
99
39480
114
39585
101
39783
100
39885
111
40103
32
40135
99
40288
104
40354
101
40500
32
41038
99
41143
97
41314
112
41511
105
41606
116
41715
105
41915
32
42117
112
42312
105
42458
117
42714
39
42950
32
43754
0
44272
0
44331
0
44386
0
44441
0
44506
0
44560
0
44610
0
44672
0
44728
0
44779
0
45590
0
46171
13
47457
0
48469
115
48619
112
48735
101
48998
115
49186
115
49339
111
51950
32
52084
115
52223
105
52341
97
52494
32
52764
100
52889
105
53125
32
56244
116
56431
114
56529
97
56730
115
56904
112
57092
111
57362
114
57501
114
57592
101
57780
32
58029
108
58113
101
58246
32
58949
8
59116
8
59268
8
59895
105
60104
32
60325
99
60423
97
60542
114
60667
97
60827
116
60960
116
61073
101
61300
114
61421
105
67266
44
67460
32
67551
101
67670
32
67947
99
68051
97
68226
112
68399
105
68676
116
68693
114
68731
97
68968
32
69348
97
69515
110
69661
99
69801
104
69906
101
70018
32
70145
97
70248
32
70436
109
70534
101
71196
44
71391
32
71495
115
71620
112
71739
101
71953
115
72135
115
72251
111
72434
46
73590
0
74098
0
74147
0
74199
0
74248
0
74305
0
74364
0
74422
0
74477
0
74522
0
74575
0
74641
0
74700
0
74759
0
74813
0
74860
0
74918
0
75712
0
75887
0
76040
0
76392
0
77262
8
80833
0
81240
0
81407
0
81545
0
82614
8
82795
8
82962
8
83129
8
83289
8
83449
8
84494
0
84639
76
84910
39
85208
101
85484
114
85672
114
85839
111
86077
114
86179
101
88246
0
88580
0
02491
0
03003
0
03072
0
03169
0
03258
0
03335
0
03346
0
03426
0
03460
0
03500
0
03549
0
03606
0
03733
0
03763
0
03771
0
04645
0
04850
0
05652
0
06462
0
07035
0
07440
0
07639
0
07818
0
08940
101
09036
39
10692
0
11258
0
11397
0
11584
0
13164
105
13420
108
16033
0
20778
8
21292
8
21374
8
21421
8
21484
8
21538
8
21596
8
21955
8
22227
8
27822
44
28044
32
28362
115
28509
112
28641
101
28856
115
29072
115
29252
111
29769
46
32998
13
