07001
0
07160
67
07450
105
07542
97
07634
111
07856
32
07981
0
08134
100
08267
97
08406
32
08618
105
08782
101
09574
8
09778
8
09963
8
10111
8
10262
8
10786
0
11114
100
11226
97
11517
110
11737
105
11848
101
11955
108
12061
101
12392
44
13035
8
13220
8
13380
8
13561
8
13721
8
13895
8
14083
8
14236
8
14622
0
14932
68
15284
97
16008
110
16236
105
16312
101
16453
108
16515
101
16898
44
20059
32
20214
101
20338
39
20603
32
20795
100
20893
97
21012
32
21214
117
21415
110
21582
32
21818
115
21926
97
22035
99
22187
99
22451
111
22659
32
22765
99
22865
104
22977
101
23075
32
23270
110
23458
111
23665
110
23854
32
25442
116
25581
105
25796
32
25894
115
26041
99
26153
114
26299
105
26459
118
26652
111
26945
32
27784
105
27992
110
28173
32
28285
113
28409
117
28540
101
28762
115
28836
116
29127
105
29370
32
29471
101
29658
115
29799
112
29925
101
30146
114
30298
105
30533
109
30612
101
30757
110
30852
116
31022
105
32549
46
32812
13
35143
0
35383
79
35770
103
35951
110
36163
105
36375
32
36570
109
36640
97
36848
116
36981
116
37196
105
37439
110
37545
97
37649
32
38536
116
38616
114
38783
111
38922
118
38992
111
39222
32
39441
108
39540
97
39645
32
39902
116
40124
117
40263
97
40355
32
40550
109
40676
97
40765
105
40980
108
41229
44
41416
32
41604
109
41716
97
41809
32
42017
112
42274
117
42480
110
42696
116
42924
117
43037
97
43145
108
43476
109
43568
101
43658
110
43867
116
44006
101
44093
32
44273
108
44400
97
44475
32
44782
108
44880
97
45095
115
45200
99
45429
105
45603
111
45811
32
45898
118
46100
117
46281
111
46511
116
46548
97
48668
46
48918
13
49043
0
49277
72
49506
111
49708
32
50170
100
50225
97
50396
118
50520
118
50646
101
50853
114
51000
111
51197
32
51409
116
51508
114
51675
111
51897
112
52050
112
52244
111
52468
32
52695
100
52780
97
52912
32
53102
102
53213
97
53320
114
53465
101
53771
32
54329
105
54510
110
54690
32
54809
113
54912
117
55067
101
55282
115
55385
116
55690
105
55946
32
56072
103
56198
105
56385
111
56469
114
56629
110
56817
105
57129
46
57343
32
57668
0
58142
78
58371
111
58573
110
58767
32
58927
115
59073
111
59571
32
59909
112
60015
101
60229
114
60444
99
60570
104
60709
101
60854
39
61050
32
61245
109
61322
97
61434
32
61609
108
61713
101
61832
32
61986
115
62141
99
62237
97
62466
100
62667
101
62821
110
62940
122
63189
101
63990
13
67437
0
67836
0
68348
0
68392
0
68443
0
68500
0
68563
0
68610
0
68666
0
69654
13
70933
0
71966
32
72559
115
72732
105
72941
32
73062
97
73206
99
73345
99
73400
97
73788
118
73941
97
74170
108
74316
108
74430
97
74748
110
75012
111
75234
32
75373
115
75590
101
75720
109
75909
112
75917
91
76235
114
76341
101
76940
8
77121
8
77289
8
78108
114
78240
101
78352
32
78492
101
78568
32
81306
8
81631
44
81812
32
82089
115
82173
97
82278
114
82383
97
82668
39
82902
32
83117
112
83202
101
83403
114
83625
99
83743
104
83876
101
84029
39
84265
32
84610
112
84702
97
84917
114
85090
116
85340
111
85555
32
85769
116
85779
121
85863
114
86044
111
86272
112
86411
112
86592
111
87096
32
87462
116
87567
97
87658
114
87818
100
87978
105
88338
44
88724
13
89186
115
89257
97
89390
114
89474
97
89737
39
89979
32
90271
112
90388
101
90611
114
90853
99
90992
104
91117
101
91304
39
91526
32
91685
115
91845
111
92034
110
92242
111
92443
32
92665
116
92770
114
92929
111
93144
112
93291
112
93464
111
93694
32
93856
118
93986
105
94098
99
94232
105
94467
110
94572
101
94931
44
95133
32
96001
99
96122
104
96234
101
96345
32
96519
110
96598
101
96711
32
96831
115
96970
111
97219
46
97372
46
97526
46
98202
32
98431
109
98523
97
98628
32
98788
115
98935
111
99150
110
99350
111
99552
32
99653
115
99875
101
99952
109
00145
112
00443
114
00530
101
00710
32
00809
99
00955
111
01149
110
01337
32
01552
108
01788
39
01996
97
02191
99
02399
113
02573
117
02651
97
02817
32
02942
97
03055
108
03197
108
03270
97
03432
32
03723
103
03966
111
04153
108
04265
97
04391
46
05361
0
05877
0
05930
0
06004
0
06076
0
06166
0
06221
0
06277
0
09291
0
09451
0
10032
13
11695
0
12039
0
12563
0
12616
0
12670
0
12725
0
12779
0
13594
0
13780
0
14856
13
15812
0
16000
127
17051
0
17694
32
24496
0
24743
79
25021
103
25208
103
25403
105
28868
32
29494
112
29606
114
29721
111
29860
118
29974
111
30178
32
30269
97
30374
32
30596
102
30674
97
30766
114
30885
101
31477
8
32132
110
32217
101
32466
32
32736
117
32945
110
33061
97
33210
44
33399
32
33515
97
33642
110
33753
99
33866
104
33971
101
34100
32
34218
99
34368
111
34556
110
34750
32
34938
108
35023
97
35133
32
35240
115
35372
112
35471
101
35708
114
35780
97
36133
110
36238
122
36445
97
36592
32
36683
100
36836
105
37051
32
37280
102
37426
105
37600
110
37760
105
38051
114
38163
101
41550
0
42068
0
42134
0
42197
0
42253
0
42310
0
43147
13
43941
0
44888
32
45364
112
45470
114
45574
105
45762
109
45865
97
45952
32
46160
111
46348
32
46528
112
46702
111
46876
105
47111
46
50472
32
50714
0
50927
65
51176
100
51384
32
51531
101
51753
115
51941
115
52149
101
52309
114
52400
101
52938
32
53043
115
53203
105
53384
110
53613
99
53711
101
53810
114
55453
97
55958
32
56101
115
56263
111
56480
110
56728
111
57630
32
57756
115
57930
116
58317
117
58594
102
58692
97
58825
32
58952
100
59097
105
59320
32
59459
113
59579
117
59690
101
59905
115
60031
116
60267
105
60493
32
60683
109
60789
97
60886
105
61099
108
61326
32
63058
118
63572
117
63789
111
63883
116
64002
105
64239
32
64322
99
64461
104
64531
101
64672
32
66546
0
66720
0
66894
0
67054
0
67930
13
70611
0
71822
114
71988
105
72087
101
72316
109
72565
112
72766
105
72947
111
73135
110
73329
111
73523
32
73718
108
73801
97
73911
32
74081
109
74282
105
74380
97
74520
32
74742
105
74957
110
75186
98
75565
111
75850
120
76037
46
77695
32
77896
0
78014
69
78324
39
78594
32
78809
103
79059
105
79170
97
79317
39
79532
32
79658
101
79811
110
80039
111
80350
114
80792
109
80891
101
81230
44
81459
32
86028
99
86169
111
86286
115
86399
105
86635
39
86869
0
87131
33
88994
0
89205
0
89378
0
89549
0
89715
0
89895
0
91162
0
91495
8
92335
0
98725
32
99797
0
99976
0
00145
0
00311
0
00663
0
00844
0
01003
0
01149
0
01927
0
02108
0
02449
8
03119
0
03295
0
03463
0
03623
0
08709
0
08861
67
09516
105
09737
32
09952
109
10050
97
10142
110
10385
99
10483
97
10726
118
10845
97
11183
110
11399
111
11587
32
11692
115
11790
111
11950
108
12131
111
12326
32
12527
105
12749
32
12867
116
12972
117
13167
111
13340
105
14015
0
14204
0
14362
0
14536
0
14710
0
14888
0
16394
127
18105
13
18416
97
18570
108
18853
116
18965
114
19194
105
19649
32
19771
0
19919
40
20163
105
20927
0
21574
0
21856
41
22146
32
22355
109
22466
97
22572
105
22779
108
25522
44
25723
32
25835
101
25947
32
26183
112
26282
101
26489
114
26614
32
26747
100
26887
105
27088
32
27289
112
27510
105
27719
117
28477
39
29174
32
29563
118
29740
117
29955
111
30060
116
30151
105
30538
46
38940
32
39155
0
39272
67
39563
105
39758
111
39863
101
40098
39
40505
44
40714
32
43854
115
44124
101
44264
109
44465
112
44756
114
44824
101
45008
32
45340
108
45526
111
45750
32
45867
115
46032
116
46119
101
46355
115
46549
115
46672
111
47487
13
47736
97
47910
118
48062
118
48131
101
48354
114
48593
116
48723
105
48910
109
48985
101
49126
110
49225
116
49364
111
51455
47
51889
109
51958
101
52216
115
52369
115
52461
97
52655
103
52795
103
53025
105
53197
111
53439
46
57748
32
57935
0
58073
69
58391
39
58613
32
58714
99
58833
111
59039
109
59103
101
59219
32
59325
115
59567
101
59745
32
59859
102
60033
111
60207
115
60388
115
60631
101
60783
32
60909
118
61083
117
61318
111
61404
116
61519
111
61726
46
69181
32
69477
0
69670
79
69968
103
70114
103
70363
105
70833
44
71006
32
71215
112
71341
101
71549
114
71654
111
72009
39
72434
44
72642
32
72878
102
72977
97
73075
32
74568
13
78032
112
78240
105
78338
97
78511
99
78617
101
78708
114
78829
101
79131
32
79340
118
79444
101
79550
110
79744
105
81601
114
81669
101
81900
32
82013
97
82111
32
82394
108
82485
97
82681
118
82916
111
83200
114
83247
97
83374
114
83472
101
83680
32
84911
8
85380
0
85519
58
85727
32
85804
97
85950
108
86130
109
86223
101
86334
110
86535
111
86799
32
87261
102
87567
117
87780
111
87865
114
87991
105
88243
32
88386
100
88560
105
88754
108
88975
117
89231
118
89494
105
89567
97
89728
32
89874
101
89936
32
90274
115
91423
116
91660
97
91881
114
91976
101
92380
32
92719
117
93050
110
93272
32
93487
112
93667
111
93903
39
94138
32
95880
113
96045
117
96122
97
96489
44
97067
13
97364
97
97490
108
97730
32
97933
99
98004
97
98205
108
98324
100
98505
117
98706
99
98899
99
99020
105
99186
111
99395
32
99475
101
99587
32
99754
97
99866
108
00006
108
00200
39
00326
97
00533
115
00721
99
00985
105
01151
117
01463
116
01603
116
01832
111
07629
32
07935
110
08246
111
08469
110
08655
32
08869
118
08982
97
09081
32
09358
112
09537
111
09726
105
09934
32
10012
99
10150
111
10270
115
10339
105
10582
39
10804
32
11039
109
11119
97
11258
108
11356
97
11599
99
11718
99
11960
105
12146
111
12398
46
22635
32
22896
0
23130
80
23373
101
23567
114
23682
111
23945
39
24373
44
24568
32
24708
97
24873
100
24985
101
25214
115
25387
115
25530
111
26414
13
26746
104
26969
111
27177
32
27328
102
27462
105
27656
110
27851
105
27942
116
28049
111
28242
32
28326
101
28438
32
28660
118
28731
97
28974
100
29085
111
29273
32
29391
97
29486
32
29680
108
29785
97
29953
118
30084
97
30231
111
31079
8
31281
8
31872
111
32156
114
32221
97
32332
114
32458
101
32686
46
33896
32
34001
0
34173
67
34436
105
34510
97
34621
111
35311
46
