91294
0
91472
69
91839
39
92108
32
92344
117
92993
8
93701
100
93799
97
93911
32
94099
117
94279
110
94446
32
94620
98
94718
101
94830
108
95013
32
95219
112
95307
101
95595
122
95770
122
95909
111
96111
32
96188
99
96313
104
96379
101
96498
32
96658
110
96845
111
97034
110
97214
32
97436
102
97483
97
97619
99
97750
99
98001
105
98195
111
98389
32
98591
112
98806
105
98978
117
99210
39
99423
32
99514
101
99696
115
99799
112
99935
101
00217
114
01060
105
01711
109
01782
101
01908
110
01994
116
02168
105
02530
32
03477
99
03665
111
03892
110
04080
32
04317
105
04504
108
04699
32
04792
116
04917
117
05112
111
05316
32
05570
116
05709
111
05911
108
06036
108
06717
8
07072
8
07842
111
09458
108
09660
46
09930
13
10239
0
10357
77
10545
105
10739
32
10844
115
10964
112
11179
105
11600
97
11808
99
11907
101
12040
32
12282
109
12363
97
12495
32
13575
104
13762
111
13998
32
14130
97
14291
118
14564
117
14721
116
14867
111
15110
32
16219
117
16437
110
16532
97
16638
32
16749
115
16944
101
17104
114
17362
105
17437
101
17583
32
17663
100
17797
105
18010
32
18434
115
18605
99
18697
97
18952
100
19176
101
19315
110
19454
122
19717
101
20001
32
22229
112
22656
114
22748
97
22854
116
23110
105
23991
99
24076
97
24291
109
24389
101
24488
110
24723
116
24796
101
24956
32
25101
115
25298
111
25567
118
25809
114
25893
97
26115
112
26248
112
26438
111
26536
115
26714
116
26836
101
27200
44
27525
13
28288
112
28387
101
28595
114
28748
32
28874
99
28988
117
29169
105
29370
32
29503
101
30061
114
30174
97
30306
32
30933
103
31176
105
31280
97
31440
39
31664
32
31892
116
31978
97
32095
110
32249
116
32367
111
32576
32
32667
115
32882
101
33028
32
33354
102
33438
97
33550
99
33669
101
33918
118
34642
8
34815
8
34975
8
35149
8
35303
8
36067
114
36289
105
36490
117
36609
115
36837
99
36970
105
37124
118
37257
111
37478
32
37569
97
37675
32
37904
102
38063
101
38098
114
38368
32
38962
108
39066
101
39207
32
39977
8
40144
8
40311
8
40479
8
40652
8
40819
8
40965
97
41626
114
41724
101
41864
32
42086
108
42177
101
42289
32
42464
109
42651
105
42755
101
42881
32
43028
99
43128
111
43282
115
43510
101
43670
46
43831
46
43984
46
51161
0
51307
80
51543
101
51552
114
51718
114
53011
8
53830
32
54051
99
54157
97
54247
114
54493
105
54733
116
54826
97
55032
39
55275
44
55464
32
55829
110
56690
8
57042
13
58321
110
58515
111
58717
110
58905
32
59010
101
59115
39
59343
32
59744
99
59835
104
59968
101
60052
32
60233
111
60482
114
60580
97
60712
32
60961
110
61169
111
61358
110
61531
32
61712
110
61789
101
61894
32
62165
104
62310
111
62815
32
63036
112
63252
105
63426
117
63723
39
64851
46
65100
32
65342
0
65666
65
65997
110
66097
122
66221
105
67027
46
67242
32
69976
0
70231
77
70422
97
70538
32
70686
99
70798
111
70991
109
71069
101
71189
32
71308
100
71440
105
71698
114
71795
101
72266
44
72458
32
72673
112
72867
111
72979
115
73166
115
73320
111
73548
32
73688
97
73834
108
74049
109
74136
101
74271
110
74504
111
74719
32
74942
116
75088
105
75543
114
75683
97
75899
114
76071
101
76341
32
76542
117
76744
110
76931
32
77084
115
77280
111
77460
115
77627
112
77877
105
78127
114
78280
111
83307
0
83823
0
83892
0
83962
0
84032
0
84092
0
84152
0
84212
0
84271
0
84332
0
84392
0
84452
0
84512
0
84572
0
84631
0
84692
0
84752
0
84812
0
85931
0
86465
13
88376
0
90241
44
90461
32
90738
114
90829
101
91031
115
91114
112
91316
105
91600
114
91666
97
91770
114
91880
101
92056
32
94159
8
95038
46
95241
32
95360
0
95517
80
95815
114
95941
105
96156
109
96228
97
96339
32
96492
101
96699
114
96846
111
97048
32
97265
105
97273
117
97452
110
97634
32
97916
97
98076
112
98325
110
98418
101
98646
97
98922
0
99137
33
03255
8
04092
0
04454
13
14368
0
15181
32
16755
0
17060
80
17407
101
17600
114
17718
111
17947
39
18223
32
18794
97
18928
32
19199
112
19286
114
19423
111
19610
112
19798
111
19910
115
20188
105
20355
116
20469
111
20688
32
20897
100
21016
105
21232
32
21343
115
21503
99
21587
97
21803
100
21999
101
22146
110
22277
122
22519
101
22701
44
22875
32
23062
111
24536
8
25137
0
25654
0
25712
0
25772
0
25832
0
25892
0
25952
0
26012
0
26072
0
26132
0
26192
0
26252
0
27104
0
27471
13
28696
0
30044
114
30228
105
30426
112
30514
101
30686
110
30814
115
31020
97
31366
110
31560
100
31735
111
31840
99
31947
105
32182
32
32412
109
32491
101
32720
103
32838
108
33033
105
33199
111
33428
32
34131
111
34415
114
34500
97
34625
32
34827
109
34918
101
35023
32
35212
110
35286
101
35396
32
35586
118
35874
101
36158
110
36312
103
36437
111
36631
110
36826
111
37021
32
37215
105
37396
110
37576
32
37777
109
37857
101
37965
110
38177
116
38261
101
38380
32
38519
97
38653
108
38915
116
39088
114
39174
101
39931
46
43335
13
44281
0
44502
67
44792
111
45007
109
45119
101
45206
32
45325
100
45423
105
45673
114
45765
101
46118
46
46271
46
46431
46
46660
32
46751
99
46898
104
46975
101
47107
32
47282
110
47469
111
47677
110
47858
32
47977
101
48082
39
48290
32
48484
109
48576
97
48690
105
48930
32
50678
102
50817
105
51011
110
51185
105
51441
116
51512
97
51803
46
52299
32
57203
0
57382
77
57529
97
57626
32
57773
97
57927
108
58169
109
58368
101
58437
110
58581
111
58770
32
58977
112
59158
111
59290
115
59479
115
59589
111
59799
32
59838
99
60096
101
60345
114
60683
99
60782
97
60894
114
61026
101
61159
32
61271
100
61404
105
61613
32
61875
102
61959
97
62100
114
62309
116
62619
105
62869
32
63154
102
63265
105
63445
110
63640
105
63917
114
64002
101
64177
32
64838
113
64964
117
65082
101
65284
115
65423
116
65652
105
65854
32
66055
98
66154
101
66246
110
66372
101
66602
100
66838
101
67099
116
67227
116
67474
105
70224
13
71187
0
72055
32
72221
101
72415
115
72541
112
72674
101
72855
114
73001
105
73189
109
73280
101
73407
110
73511
116
73612
105
74410
46
74694
32
76559
0
76893
84
77093
114
77198
97
77338
32
77573
108
77856
39
78106
97
78225
108
78474
116
78594
114
78733
111
80355
0
80459
58
80700
32
80923
99
81043
111
81244
109
81335
101
81660
118
82273
8
82886
32
83080
118
83188
97
83311
110
83466
110
83666
111
83819
0
83984
63
83997
0
88228
32
88757
0
88927
67
89205
105
89406
32
89511
100
89644
105
89736
99
89848
105
90035
32
90250
112
90430
111
90618
105
90840
32
90958
100
91057
105
91258
32
91363
99
91475
104
91581
101
91691
32
91811
99
91945
111
92070
115
92298
97
94300
8
94794
8
94846
8
94894
8
94944
8
94996
8
95057
8
95128
8
95188
8
95462
8
95663
8
96741
0
96939
0
97088
0
97251
0
98357
13
99527
0
00791
99
00920
104
01027
101
01129
32
01271
99
01361
111
01534
115
01756
97
01930
32
02082
97
02307
110
02602
100
02702
97
02819
116
02939
101
03058
32
03190
97
03283
32
03745
103
03953
117
04072
97
04198
114
04407
100
04497
97
04586
114
04730
101
05013
32
09169
110
09270
101
09407
108
09623
32
09866
110
10095
111
10207
115
10369
116
10543
114
10797
111
10999
32
11179
109
11386
111
11465
100
11569
111
11784
32
11945
100
12024
105
12231
32
12516
98
12599
97
12753
116
12900
116
13018
101
13116
114
13235
101
13368
32
13501
115
13619
117
13828
32
13987
113
14093
117
14259
101
14474
115
14600
116
14719
97
15708
32
15972
116
16063
97
16258
115
16377
116
16598
105
16705
101
16849
114
16941
97
17184
0
17336
63
17571
32
19982
0
20494
0
20563
0
20656
0
20703
0
20753
0
20806
0
20854
0
20907
0
20992
0
24078
13
25124
0
26142
0
26336
73
26517
111
26717
32
26959
116
27134
114
27239
97
27647
32
27869
108
28110
39
28313
97
28487
108
28763
116
28861
114
29006
111
29250
44
29458
32
31630
102
31721
97
31824
99
31971
99
32216
105
32401
111
32608
32
32714
115
32936
101
33055
109
33237
112
33520
114
33596
101
33735
32
33841
114
33953
105
34162
103
34343
104
34406
101
34531
32
34754
116
34844
114
35005
111
35192
112
35318
112
35500
111
35700
32
35888
108
36116
117
36312
110
36321
98
36508
103
36695
104
36809
101
37402
8
37554
8
37729
8
37881
8
38915
103
39072
104
39164
101
39708
32
39841
101
39964
32
40681
118
40743
97
40981
100
41106
111
41124
105
41746
8
42044
13
42945
97
43078
32
43306
99
43419
97
43648
112
43833
111
44062
32
45372
115
45612
101
45750
108
45842
101
46091
122
46272
105
46439
111
46667
110
46748
97
46896
110
47164
100
47325
111
47589
32
49862
99
50125
111
50404
108
50640
32
50826
109
51033
111
51249
117
51408
115
51672
101
54180
32
54382
110
54493
101
54611
108
54786
32
54987
112
55217
117
55397
110
55529
116
55643
111
55876
32
56443
103
56568
105
56756
117
56881
115
57034
116
57305
111
57562
32
58334
100
58547
101
58673
108
58839
108
58928
97
59350
32
59652
114
59903
105
60164
103
60245
97
60390
32
60544
101
60620
32
60851
112
61031
111
61218
105
61437
32
61525
100
61679
105
61955
103
62069
105
62523
116
62607
97
62760
110
62872
100
63101
111
63509
32
63757
105
63959
108
64184
32
66650
8
66817
8
66964
8
67767
0
68276
0
68322
0
68376
0
68428
0
68474
0
68563
0
69382
0
69567
0
69731
0
70977
0
71276
13
71656
105
71857
108
72072
32
72198
114
72311
105
72485
116
72617
111
72750
114
72944
110
73146
111
73375
32
73463
100
73679
101
73805
108
74013
32
74221
99
74306
97
74418
114
74567
114
74685
101
74898
108
75046
108
75231
111
75481
44
75676
32
75801
101
76518
8
77165
111
77393
32
77542
101
77640
110
77874
116
78090
114
78263
101
78525
32
78687
99
78789
104
78922
101
79016
32
79148
115
79255
105
79361
97
79584
46
81292
0
81805
0
81895
0
81953
0
82019
0
82083
0
82143
0
82203
0
83197
0
83586
8
83740
8
83968
101
84223
114
85378
0
91734
32
93286
0
93548
81
93833
117
94040
105
94269
110
94363
100
94481
105
94675
32
94862
105
95043
108
95240
32
95351
102
95447
108
95656
105
95666
117
95786
115
95975
115
96230
111
96678
8
96852
8
97025
8
97186
8
97332
8
97944
117
98098
115
98285
115
98422
111
98674
32
99459
100
00600
101
00809
108
00940
108
01053
101
01164
32
01375
112
01492
97
01659
114
01908
111
02110
108
02209
97
03234
8
03491
101
05252
8
05757
8
05807
8
05855
8
05905
8
05955
8
06029
8
06080
8
06129
8
06182
8
06230
8
06281
8
07252
100
07399
105
07599
32
07668
115
07891
99
08033
114
08158
117
08763
8
09019
105
09248
116
09428
116
09554
117
09805
114
09888
97
10034
32
10181
100
10374
101
10534
108
10681
108
10750
97
11378
8
11496
101
11725
13
12819
112
12944
97
13235
114
13368
111
13549
108
13632
101
13754
32
14207
118
14342
105
14438
101
14556
110
14669
101
14774
32
15064
105
15254
110
15483
116
15581
101
15712
114
15846
114
16114
111
16311
116
16509
116
16656
111
17023
32
17360
112
17375
111
17631
117
18273
8
18570
8
20014
8
20560
112
20835
117
21050
110
21162
116
21289
117
21690
97
21972
108
22200
109
22312
101
22418
110
22639
116
22716
101
22837
32
23036
111
23170
103
23288
110
23475
105
23662
32
23828
118
23922
111
24090
108
24339
116
24437
97
24604
46
