07275
0
07420
77
07566
97
07658
32
07797
113
07978
117
08042
97
08223
110
08348
100
08515
111
08737
32
08870
102
08989
105
09217
110
09425
105
09579
115
09806
99
10042
101
10222
32
10633
113
10790
117
10881
101
11075
115
11201
116
11429
111
11644
32
11728
101
11909
115
12061
112
12174
101
12375
114
12570
105
13026
110
13035
109
13077
101
14415
8
14574
8
14743
8
15865
109
15970
101
16061
110
16186
116
16374
111
16602
0
16926
63
18032
33
19890
8
22123
32
25387
0
25611
116
25737
97
25903
108
26056
118
26155
111
26363
108
26646
116
26772
97
26878
32
27993
105
28228
32
28346
116
28458
117
28653
111
28834
105
29036
32
29265
109
29349
97
29461
105
29643
108
29837
32
29928
100
30047
105
30276
32
32331
97
34140
108
34300
101
34453
114
34634
116
35083
32
37701
114
37841
105
38056
109
38168
97
38438
110
38762
103
38895
111
39089
110
39297
111
39697
13
39988
108
40183
105
40418
39
40695
44
40876
32
41152
112
41470
97
41747
105
41935
111
42121
110
42322
111
42523
32
42642
115
42865
99
42984
111
43199
110
43427
115
43553
111
43741
108
43867
97
44020
116
44332
105
44580
44
44782
32
45120
110
45459
101
45649
108
45792
108
45905
97
46016
32
46217
108
46446
117
46653
110
46855
103
46947
97
47059
32
47281
108
47482
105
47581
115
47720
116
47840
97
47945
32
48091
100
48195
105
48397
32
48501
97
48600
108
48850
116
48955
114
49067
105
49267
32
49489
109
49794
97
49982
105
50189
108
51703
44
51869
32
52085
105
52278
110
52458
32
52598
97
52717
116
52858
116
52934
101
53218
115
53378
97
53579
32
53973
100
54155
105
54527
13
55264
101
55520
115
55680
115
55902
101
56083
114
56187
101
56313
32
56453
97
56565
112
56732
101
56941
114
57140
116
57336
105
57543
32
57649
101
57775
32
58100
117
58376
116
58550
105
58759
108
58967
105
59271
122
59411
122
59510
97
59656
116
59899
105
60292
46
70465
32
74360
0
74601
81
74974
117
75093
101
75315
115
75429
116
75657
111
75905
32
76025
113
76131
117
76305
105
76560
44
76741
32
76963
112
77061
101
77288
114
77402
32
77631
111
77768
103
77951
103
78118
105
78335
32
78568
108
78930
111
80530
8
80773
39
81283
104
81574
111
81859
32
84964
97
85089
112
85256
101
85477
114
85707
116
85859
111
86081
32
86378
101
86593
32
87750
115
87841
97
87932
114
88053
97
88252
39
88577
13
89170
117
89358
116
89484
105
89671
108
89783
101
89896
32
90088
97
90257
105
90485
32
90867
116
91053
117
91268
111
91462
105
91677
32
91831
101
92032
115
92150
112
92304
101
92501
114
92638
105
92826
109
92917
101
93036
110
93148
116
93273
105
94065
46
94355
32
98484
0
98883
80
99169
101
99363
114
99482
111
99759
39
99968
32
00176
105
00363
108
00549
32
00772
112
00876
114
00954
111
01183
98
01423
108
01518
101
01596
109
01756
97
01825
32
02020
101
02145
39
02360
32
02466
99
02592
104
02683
101
02809
32
02983
110
03181
111
03371
110
03538
32
03650
115
03756
111
03964
32
04096
99
04194
104
04328
101
04419
32
04571
99
04677
111
04844
115
05059
97
05198
32
05331
115
05464
99
05610
114
05744
117
05758
105
05979
118
06058
101
06259
114
06412
116
06641
105
08017
8
08191
8
08357
8
08517
8
08672
8
08845
8
09019
8
09818
105
10094
118
10213
101
10325
114
10491
116
10776
105
11457
46
12207
13
18919
0
19146
69
19547
39
19789
32
20019
112
20253
117
20599
114
20705
101
20851
32
21099
118
21204
101
21303
114
21566
111
21781
32
21886
99
21999
104
22097
101
22202
32
22342
115
22424
111
22632
110
22827
111
23029
32
23223
108
23302
101
23427
32
29233
53
29506
32
29594
101
29712
32
29969
109
30068
101
30338
122
30484
122
30613
97
30756
32
30882
100
31022
105
31237
32
31452
118
31529
101
31717
110
31815
101
32016
114
32225
100
32343
105
32579
39
32780
32
32995
112
33176
111
33391
109
33517
101
33711
114
33878
105
34196
103
34369
103
34543
105
34724
111
34939
44
35133
32
35252
100
35385
105
35572
32
35774
117
35982
110
36074
97
36178
32
36386
103
36615
105
36776
111
37143
114
37467
110
37565
97
37664
116
37790
97
37892
32
39235
13
40082
105
40304
110
40560
116
40640
101
40979
110
41097
115
41313
97
41699
44
41921
32
42232
115
42419
116
42620
114
42683
101
42914
115
43046
115
43140
97
43444
110
43700
116
43786
101
56581
44
56817
32
57059
101
57191
32
57420
111
57696
114
57774
97
58100
44
58293
32
58381
99
58513
104
58605
101
58710
32
58835
101
58961
39
59217
32
59460
99
59526
97
59702
108
59797
97
59951
116
60070
97
60210
32
60439
108
60524
97
60655
32
60945
116
61044
101
61183
110
61316
115
61455
105
61615
111
61830
110
61893
101
62041
32
62832
0
63286
40
63522
112
63668
101
63862
114
64022
32
64250
99
64341
97
64467
114
64723
105
64939
116
65044
97
65232
39
66023
13
66623
100
66783
105
66977
32
67096
99
67215
111
67368
115
67687
101
67935
32
68171
100
68256
97
68367
32
68561
102
68625
97
68744
114
68863
101
68968
32
69224
99
69316
101
69427
32
69615
110
69701
101
70583
32
70874
115
70986
97
71118
114
71228
101
71479
98
71631
98
71769
101
71959
114
72126
111
72650
44
72846
32
72952
101
73157
99
73269
99
73533
111
73735
109
73853
101
74144
0
74290
33
75559
41
75870
32
79286
109
79480
105
79675
32
79808
115
79886
111
80067
110
80281
111
80475
32
80616
114
80715
105
80936
108
81041
97
81377
115
81512
115
81630
97
81757
116
81833
97
82461
32
83075
101
83385
32
84363
109
84551
105
84759
32
84919
101
85025
39
85260
32
87928
13
88170
115
88419
102
88716
117
88932
103
89064
103
89272
105
89494
116
89599
97
89698
32
89968
108
90100
97
90197
32
90454
99
90586
111
90802
110
91064
99
91191
101
91461
110
91689
116
91877
114
91961
97
92142
122
92254
105
92414
111
92609
110
92682
101
92918
46
93118
32
94356
0
94721
80
95019
101
95227
114
95379
32
95979
99
96126
117
96306
105
96514
32
96901
111
97144
114
97241
97
97375
32
97981
105
98161
108
98355
32
98474
116
98606
117
98815
111
99022
32
99128
101
99329
115
99489
112
99628
101
99810
114
99976
105
00308
109
00395
101
00514
110
00632
116
00752
111
00960
32
01086
99
01205
105
01402
32
01497
115
01666
116
01736
97
02562
13
02908
98
03014
101
03098
110
03203
101
03397
46
05466
32
05804
0
05929
77
06096
97
06180
32
06415
111
06686
114
06790
97
06895
32
07042
99
07139
104
07272
101
07352
32
08154
108
08366
39
08546
101
08748
115
08867
112
09022
101
09221
114
09360
105
09664
109
09751
101
09870
110
09968
116
10108
111
10309
32
10552
102
10678
105
10866
110
11046
105
11275
114
11367
97
11596
39
13232
44
13434
32
13732
115
13857
97
13935
114
13945
116
14049
97
14271
39
15057
8
15230
8
15411
8
15591
97
16313
39
16542
32
16778
102
16870
97
16981
116
17204
105
17481
99
17613
111
17911
115
18147
111
18445
32
18646
114
18779
105
19063
116
19160
114
19300
111
19612
118
19709
97
19822
114
19960
101
20288
32
20507
108
20738
39
20890
101
21125
98
21232
101
22140
8
22390
8
23558
110
23650
101
23844
114
24113
103
24370
105
24482
97
25122
13
25935
112
26053
101
26254
114
26380
32
26905
99
27060
111
27286
110
27418
116
27578
105
27774
110
27966
117
28058
97
28183
114
28296
101
28441
32
29364
105
29552
108
29733
32
29920
108
30018
97
30158
118
30571
111
30690
114
30782
111
35172
32
35276
99
35375
104
35501
101
35580
32
35805
100
36037
101
36314
118
36473
111
36689
32
36925
102
37009
97
37108
114
37212
101
37441
32
37656
101
37768
32
38005
110
38123
101
38205
32
38405
114
38558
105
38711
99
38843
104
39038
105
39112
101
39345
100
39559
101
39712
114
39859
101
40136
98
40276
98
40430
101
40520
32
40679
100
40812
105
41041
32
41764
101
41999
110
42112
101
42320
114
42501
103
42716
105
42801
97
43399
0
43689
33
50325
13
52002
0
52202
80
52589
101
52722
114
52944
32
53062
99
53168
117
53351
105
53813
44
53998
32
54222
112
54401
111
54560
99
54672
104
54798
101
54896
32
55029
115
55161
116
55651
111
55977
114
56226
105
56304
101
56590
0
56691
58
56933
32
58199
97
58325
112
58464
112
58570
101
58731
110
58871
97
58989
32
59356
102
59522
105
61118
110
61923
105
62317
115
62470
99
62548
101
62728
32
62957
97
63110
110
63250
99
63397
104
63488
101
63497
114
63616
32
63838
113
64004
117
64109
101
64331
115
64458
116
64775
39
66042
8
66208
8
66368
8
66528
8
66702
8
66862
8
67023
8
67182
8
67720
32
68150
113
68330
117
68530
101
69198
115
69413
116
69883
39
70214
117
70443
108
70562
116
70660
105
70855
109
70960
97
71055
32
71262
114
71388
105
71624
103
71737
97
74664
44
74873
32
75142
109
75337
105
75662
13
76042
100
76257
101
76390
118
76639
111
76855
32
77056
109
77182
101
77322
116
77467
116
77579
101
77689
114
77803
101
77964
32
78398
108
78615
105
78870
39
79084
32
79210
101
79301
32
79461
99
79572
111
79788
110
80002
116
80161
105
80370
110
80571
117
80656
97
80805
114
80901
101
81027
32
81215
113
81347
117
81481
101
81689
115
81835
116
82092
111
82320
32
82562
98
82660
101
82767
110
82864
101
83086
100
83205
101
83374
116
83490
116
84384
111
84599
32
84828
112
84995
97
85029
112
85252
112
85413
101
85614
114
86421
8
86567
8
86734
8
86880
97
89018
8
89824
101
89976
114
90195
32
90393
108
90482
97
90601
32
90729
99
90849
117
91015
105
91217
32
91343
115
91509
99
91595
97
91838
100
92032
101
92192
110
92305
122
92493
97
92672
32
93042
115
93178
105
93627
13
94206
97
94387
118
94506
118
94742
105
94887
99
94986
105
95201
110
95286
97
95699
46
