34013
0
34177
65
34827
104
34978
0
35246
33
35592
32
35697
0
35837
98
35983
101
36123
110
36215
101
36718
0
36959
33
37572
32
37718
0
37904
65
38277
108
38430
108
38597
111
38881
114
38961
97
39190
44
39377
32
39468
0
39628
100
39713
97
39852
110
40081
105
40179
101
40284
108
40410
101
41367
8
41540
8
41707
8
41867
8
42028
8
42194
8
42354
8
42762
0
43113
68
43287
97
43556
110
43778
105
43856
101
43989
108
44074
101
44241
44
44429
32
44609
115
44825
101
44965
32
45138
109
45327
105
45527
32
45653
100
45772
105
45891
99
45988
105
46211
32
46298
99
46410
104
46501
101
46613
32
46815
113
46954
117
47067
101
47261
115
47373
116
47608
111
47802
32
47894
101
48007
39
48208
32
48389
108
48583
39
48963
117
49219
108
49332
116
49444
105
49631
109
49818
111
50041
32
50441
99
50560
97
50727
109
51011
112
51206
105
51373
111
51616
110
51694
101
52946
13
53209
115
53362
111
53556
110
53772
111
53973
32
54092
102
54300
101
54419
108
54599
105
54856
99
54936
101
55123
46
55310
32
55429
0
55677
65
56016
108
56368
109
56452
101
56558
110
56773
111
56995
32
57107
115
57219
112
57330
101
57532
114
57672
111
57866
32
57943
99
58089
104
58175
101
58294
32
58413
116
58518
105
58720
32
58798
115
58992
101
59138
114
59339
118
59426
97
59586
110
59794
111
59995
32
60100
116
60193
117
60359
116
60553
116
60651
105
60867
32
60965
113
61098
117
61231
101
61432
115
61551
116
61793
105
62001
32
62056
101
62253
115
62328
112
62530
101
62717
114
62843
105
63058
109
63145
101
63264
110
63362
116
63474
105
63827
46
64241
13
64649
0
64972
69
65187
32
65292
100
65438
105
65640
32
65727
97
66017
118
66109
101
66242
114
66492
108
66685
105
66880
32
66992
97
67111
102
67258
102
67459
116
67749
105
67999
32
68207
98
68327
101
68556
110
68708
101
71403
46
73939
8
74120
8
74272
8
75044
102
75143
97
75243
116
76509
0
77246
32
77378
0
77557
80
77737
111
77919
105
78126
32
78321
109
78516
105
78724
32
78818
100
78936
105
79076
99
79145
105
79428
32
79519
99
79632
104
79744
101
79856
32
80119
99
80273
111
80413
115
80627
97
80794
32
80996
110
81066
101
81191
32
81372
104
81463
97
81603
105
81797
32
81922
114
82021
105
82269
99
82347
97
82459
118
82579
97
83089
116
83365
111
83587
46
83788
32
83868
0
84006
112
84132
101
84326
114
84493
32
84632
102
84820
105
85118
110
85305
105
85555
114
85653
101
86322
32
86536
108
86609
97
86749
32
86930
109
87117
105
87256
97
87357
32
87517
100
87725
101
87933
115
88072
99
88191
114
88344
105
88504
122
88632
105
88799
111
88994
110
89081
101
89193
32
89292
100
89404
105
89604
32
90239
98
90344
97
90546
115
90664
105
90852
32
90913
100
91052
105
91257
32
91448
100
91540
97
91652
116
91881
105
92267
44
92442
32
92753
114
92885
105
93093
112
93377
114
93461
101
93807
110
93933
100
94100
111
94302
32
94496
105
94684
108
94864
32
95052
108
95260
105
95517
98
95628
114
95782
105
96011
32
96117
101
96242
32
96883
118
96970
97
97103
100
97367
111
97574
32
97679
97
97819
118
97944
97
98139
110
98367
116
98500
105
98846
46
99184
13
00553
0
03164
0
03680
0
03749
0
03818
0
03888
0
03958
0
04028
0
04098
0
04168
0
04238
0
04308
0
04378
0
04454
0
04518
0
04588
0
04658
0
04728
0
04798
0
04868
0
04938
0
05009
0
05079
0
05148
0
05218
0
05288
0
05358
0
05429
0
05498
0
08138
0
08456
0
08656
0
08809
0
08977
0
09137
0
09304
0
09470
0
09637
0
09805
0
09986
0
10159
0
10333
0
10507
0
10688
0
10855
0
11036
0
11622
0
11823
0
11989
0
12225
0
13205
0
13343
0
14201
80
15019
0
15206
0
15366
0
16284
13
19412
0
21948
8
22293
111
26409
13
27853
0
28762
32
54675
0
56599
78
57103
101
57339
108
57471
108
57583
101
57702
32
57828
97
57975
112
58122
112
58248
101
58387
110
58533
100
58660
105
58813
99
58918
105
59134
32
59348
118
59433
101
59587
110
59706
103
59859
111
60067
110
60269
111
63039
32
63356
105
63579
108
63718
108
63940
117
64094
115
64232
116
64407
114
64518
97
64608
116
64784
101
65432
32
65674
108
65766
101
65898
32
66114
99
66194
97
66346
114
66438
97
66612
116
66758
116
66852
101
66985
114
67214
105
67346
115
67492
116
67720
105
67929
99
68048
104
68167
101
70126
32
70361
115
70460
97
70724
108
70958
105
71057
101
71238
110
71377
116
71524
105
71779
13
73300
100
73440
105
73634
32
73713
97
73832
108
74239
99
74385
117
74566
110
74760
105
76108
32
76254
115
76380
105
76547
115
76646
116
76785
101
76952
109
77160
105
78186
32
78620
114
78712
101
78912
108
79031
97
79281
122
79414
105
79587
111
79776
110
79901
97
80000
108
80207
105
80388
32
80568
109
80763
111
80936
108
81023
116
81128
111
83644
32
83797
100
83916
105
84124
102
84298
102
84410
117
84536
115
84657
105
87337
46
87538
32
87678
0
87810
67
88080
105
88159
97
88347
115
88548
99
88777
117
88971
110
89152
32
89374
99
89472
97
89632
112
89842
105
89967
116
90058
111
90232
108
90405
111
91425
32
91591
101
91979
39
92213
32
92312
99
92431
111
92695
114
92820
114
92912
101
93072
100
93198
97
93298
116
93547
111
94360
13
00138
100
00271
105
00460
32
00559
101
00739
115
00906
109
01107
112
01301
105
02451
8
02611
8
02778
8
03371
101
04486
109
04709
112
04917
105
07413
32
07538
101
07739
100
07922
32
08006
101
08199
115
09004
101
09240
114
09448
99
09718
105
09858
122
09983
105
10226
32
10489
112
10595
114
10693
111
10873
112
11054
111
11187
115
11334
116
11576
105
13735
44
14369
32
14618
110
14833
111
15041
110
15236
99
15361
104
15487
101
15688
39
16040
32
17252
100
17432
105
17647
32
17835
117
19005
110
19096
97
19208
32
19587
110
19789
111
20093
116
20191
97
20845
32
21225
98
21434
105
21718
98
21850
108
22052
105
22205
111
22434
103
22649
114
22775
97
22860
102
23110
105
23214
99
23526
97
27243
13
27719
99
27831
104
27949
101
28036
32
28224
105
28405
110
28523
100
28622
105
28864
99
28963
97
30799
32
31166
108
31263
101
31375
32
31522
102
31627
105
32213
8
33033
111
33289
110
33428
116
33588
105
35781
32
35900
100
36046
105
36261
32
36483
112
36671
111
36844
115
37032
115
37148
105
37345
98
37553
105
37741
108
37929
105
38124
32
38229
97
38369
112
38515
112
38635
114
38746
111
38941
102
39102
111
39364
110
39792
100
39959
105
40167
109
40245
101
40371
110
40469
116
40594
105
41847
44
42035
32
42779
101
42918
108
43051
101
43198
110
43433
99
43559
97
43664
116
43810
101
44919
32
45333
112
45582
111
45798
105
45807
117
46042
32
46215
103
46376
108
46660
111
47623
8
47811
8
47984
8
48151
8
48311
8
48932
32
49105
103
49230
108
49425
111
49977
98
50082
97
50201
108
50443
109
50535
101
50627
110
50856
116
50934
101
52811
13
53007
97
53138
108
53291
108
53389
97
53522
32
53675
102
53767
105
53975
110
54073
101
54157
32
54303
100
54539
101
54644
108
54838
32
54933
118
55079
111
55286
108
55502
117
55724
109
55797
101
55977
46
61378
32
61572
0
61717
73
61904
108
62106
32
62314
109
62383
97
62764
116
62876
101
63181
114
63547
105
63652
97
63750
108
64103
101
64551
32
64800
110
64892
101
65017
108
65206
32
65387
116
65471
101
65652
115
65734
116
65990
111
71308
32
71571
112
71634
91
71816
117
72456
8
72677
8
73559
117
73753
111
73982
39
74204
32
74364
101
74614
115
74822
115
75091
101
75753
114
75844
101
75970
32
76096
99
76243
111
76403
112
76577
101
76772
114
76945
116
77201
111
79264
32
79664
105
79865
110
80039
32
80233
109
80448
111
80554
100
80668
111
80883
32
81009
99
81123
111
81297
109
81505
112
81685
108
81719
101
81948
116
82114
111
83373
32
83746
105
83934
110
84114
32
84281
117
84475
110
84655
32
84802
99
84934
111
85073
114
85302
115
85444
111
85645
32
85859
117
86041
110
86234
105
86470
118
86541
101
86735
114
86957
115
87085
105
87464
116
87604
97
87818
114
88054
105
88242
111
92702
13
94894
0
98791
32
98923
100
99056
105
99277
32
99423
99
99577
105
99895
114
00110
99
00197
97
00308
32
00530
111
00801
116
00913
116
01038
97
01151
110
01393
116
01485
97
03136
32
03460
111
03751
114
03856
101
03968
32
04087
100
04212
105
04407
32
04622
108
04713
101
04956
122
05088
105
05249
111
05443
110
05535
101
06911
32
07043
101
07169
32
07850
113
07997
117
08022
105
08096
97
09266
8
09466
8
09901
8
10295
8
10750
8
11268
13
12890
8
15681
13
17098
0
18466
32
18599
113
18718
117
18817
97
19032
114
19130
97
19317
110
19670
116
19775
97
20725
32
20829
100
20955
105
21157
32
21250
101
21451
115
21605
114
21792
99
22015
105
22271
116
22355
97
22549
122
22675
105
22835
111
23030
110
23098
101
23246
32
26703
101
31972
44
32181
32
32773
105
32961
108
33155
32
33260
99
33372
104
33498
101
33580
32
33756
99
33895
111
34200
114
34333
114
34567
105
34693
115
34847
112
35020
111
35228
110
35334
100
35528
101
35737
32
37936
97
38075
32
38284
117
38472
110
38645
32
38867
99
38951
97
39318
114
39574
105
39658
99
39778
111
40282
13
41190
100
41329
105
41564
100
41655
97
41788
116
41942
116
42157
105
42276
99
42375
111
43544
32
48251
108
48342
101
48509
103
48649
103
48761
101
48962
114
49405
109
49502
101
49607
110
49835
116
49921
101
50033
32
50172
115
50277
117
50499
112
50603
101
50792
114
50917
105
51070
111
51313
114
51416
101
54153
32
54306
114
54466
105
54641
115
54780
112
54913
101
55079
116
55212
116
55441
111
55635
32
55726
97
55832
32
56005
113
56096
117
56236
101
56361
108
56494
108
56668
111
59885
32
60024
100
60136
105
60337
32
60525
117
60720
110
60900
32
61039
99
61164
111
61289
114
61518
115
61657
111
61858
32
61963
97
62116
110
62256
110
62471
117
62570
97
62688
108
62808
101
64224
46
