74220
0
74415
99
74520
97
74687
114
74950
111
75179
32
75421
100
75498
97
75679
110
75943
105
76069
101
76222
108
77082
8
77283
8
77436
8
77590
8
77743
8
77910
8
78392
0
78676
100
78795
97
79010
110
79211
105
79309
101
79422
108
79534
101
79914
44
81344
8
81531
8
81690
8
81851
8
82005
8
82165
8
82331
8
82581
8
83249
0
83421
68
84405
97
84922
110
85137
105
85214
101
85353
108
85445
101
86340
44
86555
32
86975
111
87387
103
87425
103
87585
105
87800
32
87898
115
88013
111
88186
110
88374
111
88582
32
89025
112
89029
114
89037
111
89236
112
89465
114
89632
105
89806
111
90007
32
90215
105
90397
110
90667
99
90758
97
90946
115
91077
105
91327
110
91397
97
91565
116
91664
97
91975
46
92162
32
92391
0
93050
73
93320
32
93583
112
93668
114
93780
111
94029
103
94102
101
94248
116
94374
116
94609
105
94886
32
95513
109
95708
105
95923
32
96042
101
96243
115
96458
99
96604
111
96840
110
97460
111
97689
32
97924
100
98030
97
98148
32
98364
116
98469
117
98663
116
98851
116
98997
105
99809
8
00642
101
00830
32
01025
108
01116
101
01236
32
01437
112
01536
97
01710
114
01863
116
02112
105
02678
0
03186
58
06800
8
07303
0
07585
33
09304
13
15064
0
18142
0
18653
0
18713
0
18773
0
18833
0
18893
0
18953
0
19014
0
19074
0
19133
0
19193
0
19253
0
19313
0
19373
0
19433
0
19493
0
19553
0
20499
0
21135
13
23188
0
23703
0
23763
0
23823
0
23884
0
23944
0
24003
0
24064
0
24123
0
24183
0
24244
0
24304
0
24364
0
24424
0
24484
0
24544
0
24603
0
24664
0
24724
0
24784
0
24844
0
24903
0
24963
0
25024
0
26727
0
28119
32
28251
0
28432
112
28613
114
28745
111
28947
112
29073
114
29206
105
29386
111
29621
32
29857
100
29955
97
30067
32
30275
112
30442
111
30589
99
30715
104
30915
105
31117
32
31290
109
31450
105
31631
110
31832
117
31951
116
32034
105
32244
32
32418
109
32598
105
32799
32
32987
104
33079
97
33184
32
33371
116
33463
101
33602
108
33714
101
34025
102
34206
111
34408
110
34519
97
34655
116
34883
111
35084
32
35264
117
35473
110
35546
97
35658
32
35790
114
35922
105
36158
99
36235
101
36361
114
36562
99
36647
97
36869
116
37071
114
37189
105
37438
99
37536
101
37710
32
37808
100
38009
105
38334
32
38454
0
38619
66
38840
105
39014
111
39255
108
39443
111
39672
103
39928
105
40136
97
41209
32
41328
99
41426
104
41551
101
41704
32
42351
118
42567
117
42768
111
42968
108
43067
101
43220
32
47342
102
47419
97
47510
114
47629
101
47782
32
47963
117
48158
110
48345
32
48580
112
48685
114
48769
111
49011
103
49089
101
49229
116
49367
116
49623
111
49865
32
50534
102
53611
8
57643
13
63180
100
63306
105
63535
32
63622
113
63754
117
63839
101
64012
108
64132
108
64319
105
64528
32
64639
99
64772
111
66086
45
66314
102
66474
105
66702
110
66768
97
66900
110
67109
122
67234
105
67339
97
67500
116
67831
105
72448
8
73065
0
73274
0
74514
13
76192
0
78357
32
81580
8
81822
0
81966
67
89019
8
89152
0
89283
80
95437
115
95617
117
95860
32
96075
117
96270
110
96451
32
96686
116
96785
101
97178
109
97290
97
97388
32
97535
100
97654
105
97856
32
98050
98
98134
97
98336
115
98444
105
98638
32
98756
100
98862
105
99042
32
99264
100
99348
97
99460
116
00293
105
03577
44
04115
8
04371
46
04559
32
04684
0
04795
73
04969
110
05225
115
05317
97
05834
8
06083
111
06305
109
06431
109
06530
97
07075
0
07494
58
08251
32
08515
118
08799
111
09055
103
09221
108
09402
105
09563
111
09743
110
09938
111
10126
32
10307
109
10384
101
10537
116
10670
116
10789
101
10865
114
10992
101
11145
32
11250
115
11396
117
11626
32
11882
117
13154
8
13314
8
13474
8
13847
8
15353
13
15540
115
15693
117
15984
32
16678
105
16873
110
17048
32
17448
113
17595
117
17667
97
17910
116
18036
116
18168
114
18287
111
18474
32
18554
101
18680
32
18978
113
19220
117
19318
97
19575
116
19687
116
19868
114
20935
39
21280
111
21612
116
21786
116
21912
111
23198
32
23433
117
23649
110
23829
32
24174
109
24269
101
24443
103
24568
97
24708
32
25061
100
25144
97
25257
116
25382
97
25508
98
25634
97
25836
115
26051
101
26911
32
27112
99
27299
111
27527
110
28298
8
28472
8
28632
8
28903
8
29592
44
29787
32
29926
100
30065
105
30178
115
30359
116
30526
114
30754
105
30956
98
31157
117
31406
105
31738
116
31883
111
32120
32
32259
101
32392
32
32586
105
32766
110
32989
116
33073
101
33206
103
33400
114
33498
97
33631
116
33901
111
34130
32
36371
13
36628
99
36781
111
36961
110
37128
32
37294
105
37489
32
37703
100
37795
97
37895
116
38152
105
39238
32
41354
100
41590
101
41949
105
42232
32
42351
102
42662
105
43104
61
43113
8
44041
8
44812
117
45048
110
45153
103
45264
104
45445
105
45661
32
48491
8
48700
8
48860
8
49013
8
49166
8
49312
8
49465
8
49611
8
49764
8
50460
108
50598
108
50704
101
50843
32
51031
115
51184
112
51303
101
51532
99
51678
105
51763
101
51957
32
52005
100
52200
105
52401
32
52541
102
52686
117
52909
110
53007
103
53147
104
53348
105
56240
44
56448
32
56684
114
56767
97
56886
99
57025
99
57282
111
57470
108
57563
116
57791
105
58014
32
58201
105
58389
110
58549
32
58661
116
58753
117
58995
116
59114
116
59215
97
59368
32
59700
0
59824
73
60045
116
60130
97
60283
108
60478
105
60550
97
60751
32
60905
0
61043
40
61312
105
61513
32
61735
100
61812
97
61938
116
62235
105
63762
13
64133
111
65104
8
65456
101
65609
47
65864
111
66072
32
66266
105
66482
32
66738
102
66926
117
67189
110
67329
103
67461
104
67649
105
68694
46
68854
46
68987
46
69119
0
69230
41
75212
46
75400
32
75532
0
75663
77
75850
105
76121
99
76201
97
76333
32
76507
114
77044
111
77287
98
77371
97
77503
32
77787
100
77865
97
78005
32
78130
114
78249
105
78512
100
78638
101
78745
114
78850
101
81509
46
81669
46
81815
46
83095
32
83228
0
83372
80
83582
101
83797
114
83936
111
84144
39
84393
32
84931
115
85057
112
85244
105
85321
97
85495
99
85593
101
85733
32
86134
98
86520
117
86831
116
86936
116
87069
97
87208
114
87506
32
87693
118
87935
105
88041
97
88159
32
88538
117
88739
110
89085
39
89389
111
89694
99
89812
99
89925
97
90119
115
90240
105
90393
111
90593
110
90667
101
90792
32
90877
100
91085
101
91197
108
91398
32
91585
103
91690
101
91777
110
91917
101
92014
114
92113
101
92362
46
97410
13
99953
0
00813
32
01035
0
01117
83
01415
105
01489
97
02445
32
02632
112
02737
101
02932
114
03065
32
03239
108
03323
97
03442
32
03637
112
03804
111
03950
115
04124
115
04239
105
04413
98
04607
105
04788
108
04947
105
05196
116
05281
97
05454
39
05656
32
05754
100
05887
105
06081
32
06168
99
06293
111
06487
108
06661
108
06751
97
06995
98
07211
111
07467
114
07552
97
07645
114
07743
101
10197
44
10398
32
12542
99
12698
111
12913
110
13293
13
13466
97
13605
108
13909
116
14028
114
14477
105
14747
32
15168
0
15292
68
15569
105
15783
112
15861
97
16049
114
16216
116
16451
105
16653
109
16744
101
16849
110
16955
116
17108
105
17309
32
17373
100
17568
101
17694
108
17813
108
18007
39
18154
0
18319
85
18499
110
18666
105
18874
118
18955
101
19135
114
19350
115
20266
105
20584
116
20677
97
20974
39
21271
44
21439
32
59114
115
59239
105
59337
97
59490
32
59753
112
59865
101
60074
114
60646
32
60964
108
61185
39
61427
111
61698
99
61817
99
61936
97
62145
115
62248
105
62410
111
62591
110
62688
101
62780
32
62905
100
63017
105
63211
32
63392
109
63484
101
63630
116
63763
116
63875
101
64062
114
64222
32
64342
115
64468
117
64662
32
64863
117
65037
110
65211
32
65439
112
65531
114
65630
111
65845
103
65925
101
66044
116
66176
116
66432
111
67971
0
68485
0
68555
0
68625
0
68695
0
68765
0
68835
0
68905
0
68975
0
69045
0
69115
0
71772
13
72485
0
72686
0
73506
0
74094
97
74267
108
74537
116
74615
114
74761
111
74977
32
75824
0
76896
44
77078
32
77189
99
77297
104
77401
101
77483
32
77624
99
77753
111
77913
109
78108
117
78295
110
78619
113
78848
117
78953
101
79127
32
79343
112
79503
111
79752
114
79918
116
80005
97
80165
32
80345
115
80519
111
80707
108
80825
100
80965
105
81166
32
81176
109
81329
101
81461
32
81772
111
81926
112
82642
111
83324
8
83978
112
84151
111
84407
114
84561
116
84789
117
84978
110
85143
105
85379
116
85484
97
85747
39
85969
32
86225
110
86399
117
86587
111
86829
118
86895
101
87076
46
88011
13
95353
0
97064
76
97244
97
97384
32
97598
112
97772
111
97940
115
98120
115
98252
105
98427
98
98628
105
98809
108
98969
105
99184
116
99296
97
99436
39
99637
32
99749
100
99874
105
00096
32
03326
97
03547
99
03693
99
03785
101
04226
116
04352
116
04478
97
04572
114
04704
101
04898
32
05079
109
05253
105
05447
32
05545
97
05677
116
05803
116
06052
105
06330
114
06612
97
07013
44
07179
32
07347
109
07420
97
07532
32
07698
110
07838
101
07999
108
08199
32
08380
99
08527
111
09202
110
09506
116
09590
101
09820
109
10130
112
10311
111
13629
32
13865
108
14045
111
14260
32
14359
115
14505
116
14610
101
15355
114
15762
8
15921
8
16514
114
16582
101
16813
115
17008
115
17360
32
18193
115
18407
97
18547
108
18644
101
18846
32
19171
97
19324
32
19512
109
19685
105
19893
108
20040
108
20158
101
21746
0
21912
0
22065
0
22232
0
22378
0
22579
0
23405
0
24432
13
25725
0
28577
0
28694
58
28923
32
29207
99
29334
111
29528
109
29609
101
29721
32
29942
102
30020
97
30128
114
30356
111
30584
39
30772
32
30987
97
31126
32
31265
115
31473
101
31654
103
31841
117
32029
105
32243
114
32324
101
32476
32
33151
101
33379
120
33601
45
33871
110
34099
111
34260
118
34378
111
34587
32
34767
117
34948
110
35115
32
35385
97
35531
108
35767
116
35879
114
36004
111
36274
32
36421
112
36518
114
36616
111
38054
103
38158
101
38429
101
38595
101
39037
8
39170
8
40010
116
40136
116
40419
111
42083
0
42234
63
42456
32
42623
0
42801
69
43039
32
43186
115
43764
111
44474
112
44778
114
44862
97
45009
116
45293
117
45508
116
45634
116
45869
111
46063
32
46150
115
46365
101
46497
32
46615
101
46762
39
46970
32
47755
103
47841
114
47987
111
48161
115
48355
115
48495
111
48696
32
48751
99
48927
111
49135
109
49233
101
49338
32
49690
113
49835
117
49941
101
50156
115
50323
116
50538
111
50670
0
50821
63
53763
13
