96133
0
96278
67
96584
101
96776
114
97001
116
97274
111
97483
32
97553
99
97686
104
97759
101
97891
32
98059
113
98186
117
98303
101
98545
115
98663
116
98756
97
98964
32
99044
115
99231
116
99522
111
00074
114
00435
105
00517
97
00677
32
00776
100
00888
105
01096
32
01304
102
01321
97
01487
114
01556
101
01710
32
01822
115
01929
99
02183
105
02404
112
03040
8
03315
111
03536
112
03632
101
03823
114
03955
111
04171
32
04269
101
04396
32
04613
112
04789
111
04970
105
05200
32
05280
100
05419
105
05606
32
05808
108
05913
97
06064
118
06288
111
06592
114
06676
97
06774
114
06907
101
07054
32
07297
108
07484
111
07692
32
07825
115
07916
116
08070
101
08299
115
08480
115
08598
111
09923
0
10439
0
10496
0
10552
0
10606
0
10661
0
10721
0
11525
0
11994
0
13160
13
14625
8
15571
0
15773
0
15905
0
18203
0
18703
13
19883
101
20040
39
20275
32
20552
112
20650
114
20755
111
20942
112
21063
114
21200
105
21384
111
21596
32
21826
117
22020
110
22194
32
22402
112
22576
111
22819
39
23083
32
23984
117
24205
110
24394
32
24588
99
24699
111
24901
110
25139
116
25236
114
25401
111
25960
115
26202
101
26375
110
26541
115
26716
111
29054
8
29572
8
29622
8
29682
8
29737
8
29792
8
29847
8
29902
8
29957
8
30012
8
30068
8
30154
8
30389
8
30554
8
31173
100
31279
97
31393
32
31587
109
31686
97
31852
116
31993
116
32215
105
33356
0
33631
33
34183
32
34541
0
34706
77
34846
97
34949
32
35146
105
35340
110
35528
32
35756
114
35834
101
36076
97
36257
108
36994
116
37100
97
37308
39
37537
32
37649
101
37774
39
37975
32
38212
105
38385
109
38593
112
38767
111
39039
114
39259
116
39365
97
40414
110
41195
116
41270
101
42055
32
42303
105
42505
108
42706
32
42797
115
42938
105
43125
109
43251
98
43370
111
43537
108
43703
111
46891
13
48103
101
48379
32
48463
113
48637
117
48838
105
49034
110
49146
100
49267
105
49453
32
49639
105
49820
108
50013
32
50228
102
50313
97
50439
116
50578
116
50813
111
51021
32
51121
99
51221
104
51333
101
51420
32
51607
108
51719
101
51817
32
52053
105
52167
115
52333
116
52596
105
52832
116
53062
117
53427
122
53574
105
53734
111
53928
110
54109
105
54323
32
54559
115
54650
97
54872
112
55025
112
55255
105
55387
97
55512
110
55844
111
56553
32
56782
99
56942
104
57019
101
57160
32
57635
105
57850
32
58065
108
58246
111
58392
114
58480
111
62956
103
63050
108
63264
105
63487
32
63674
111
63944
114
64200
103
64374
97
64568
110
64777
105
64910
115
65077
109
65272
105
65496
32
65701
105
65831
115
65973
116
66230
105
66512
116
66734
117
66963
122
67101
105
67269
111
67483
110
67575
97
67696
108
67876
105
70150
0
71531
8
71695
8
71868
8
72036
8
72195
8
72366
8
72529
8
72702
8
72869
8
73036
8
73875
113
73993
117
74121
97
74259
110
74412
116
74531
105
74760
32
74968
108
75170
111
75358
114
75482
111
75801
13
76600
100
77062
105
77319
112
77451
101
77645
110
77757
100
77972
101
78118
110
78209
116
78382
105
78631
32
79272
97
79529
100
79750
101
79952
114
80105
105
80231
115
80459
99
80577
111
80780
110
80986
111
84573
32
84726
0
84864
40
85505
101
85713
32
85826
113
85979
117
86173
105
86396
110
86467
100
86619
105
86829
32
87047
97
87162
110
87281
99
87393
104
87518
101
87610
32
87806
105
87998
108
88200
32
88387
109
88569
105
88886
111
90166
32
90406
110
90612
111
90624
105
90804
109
91006
105
91448
110
91538
97
91732
116
91975
105
92067
118
92207
111
93268
8
93799
8
93849
8
93909
8
93960
8
94019
8
94246
8
94431
8
94591
8
95253
109
95433
105
95634
110
95733
97
95859
116
96088
105
96180
118
96339
111
96870
32
97069
110
97157
101
97282
108
97470
32
97568
115
97680
117
97867
111
98063
32
98263
112
98472
105
98638
99
98805
99
98937
111
99093
108
99272
111
00270
13
01762
99
01891
111
02144
110
02393
116
02704
97
03008
0
03181
41
12282
46
12991
32
13191
0
13350
65
13606
100
13849
32
14037
101
14257
115
14465
115
14722
101
14853
114
14966
101
15497
32
15747
114
15907
105
16245
103
16391
111
16626
114
16834
111
17064
115
17216
105
17534
32
17762
112
17836
101
18031
114
18156
111
18384
39
18619
32
19521
97
19649
108
19786
108
19966
111
20258
114
20371
97
20534
32
21088
115
21302
97
21448
114
21534
101
21713
98
21840
98
21986
101
22118
32
22346
112
22356
91
22579
105
22746
117
23272
8
23472
8
23653
8
23827
8
27372
109
27452
101
27598
103
27820
108
28028
105
28209
111
28431
32
28535
97
28664
110
28926
100
29018
97
29116
114
29228
101
29389
32
31218
100
31329
97
31469
118
31615
118
31747
101
31957
114
32095
111
32311
32
32524
105
32735
110
32922
32
34092
13
35192
112
35430
105
35525
97
35769
122
35980
122
36246
97
36605
32
36776
97
36905
32
37079
100
37252
105
37440
109
37874
111
38049
115
38243
116
38438
114
38533
97
38648
114
38767
101
39970
46
40213
32
40909
0
41287
65
41563
32
41662
113
41794
117
41906
101
42045
108
42233
32
42448
112
42676
117
42892
110
42991
116
43132
111
43661
32
43862
105
44064
108
44272
32
44384
115
44506
105
44692
109
44908
98
45136
111
45331
108
45540
111
45863
32
46038
101
46156
39
46392
32
49456
101
49678
115
49790
112
49976
108
50184
105
50296
99
50390
105
50645
116
50733
97
50831
116
51121
111
51350
32
51579
97
51728
108
51872
108
52082
39
52235
101
52436
115
52551
116
52710
114
52802
101
53018
109
53219
111
53461
46
59404
8
59914
8
60005
8
60061
8
60116
8
60171
8
60226
8
60284
8
60340
8
60594
8
61262
32
61463
109
61561
97
61773
115
61971
115
62115
105
62297
109
62492
111
63833
46
64680
13
66185
0
66420
67
66712
111
66900
109
67114
117
67350
110
67454
113
67573
117
67680
101
67830
32
68049
105
68139
101
68347
114
68473
105
68743
32
68951
105
69146
110
69333
32
71223
109
71329
101
71447
110
71738
115
71935
97
72113
32
72230
0
72389
40
72572
97
72719
108
72920
32
73065
0
73176
66
73428
105
73539
114
73768
103
73963
104
74193
105
74415
111
74656
116
74843
116
74983
111
75294
0
75404
41
75860
32
79487
112
79599
97
79794
114
80099
108
80183
97
80309
110
80441
100
80594
111
80803
32
80949
99
81077
111
81292
110
81459
32
81660
108
81752
101
81878
32
82313
99
82472
111
82673
109
82820
109
82885
101
83125
115
83305
115
83527
101
87257
32
87404
99
87525
104
87719
105
87831
101
88033
100
88249
101
88525
118
88781
111
89051
13
89307
108
89501
111
89592
114
89698
111
89968
32
90553
115
90782
101
90935
32
91082
99
91255
105
91490
32
91754
115
91840
97
91977
114
92063
101
92346
98
92485
98
92625
101
93431
32
93542
115
93674
116
93779
97
93891
116
94231
111
94535
32
94831
105
95041
108
95263
32
95395
114
95527
105
95750
115
95905
116
96142
111
96404
114
96496
97
96670
110
96884
116
96970
101
97109
32
97262
97
97383
112
97543
101
97772
114
97986
116
98105
111
99419
44
99653
32
00254
101
00414
32
00542
115
00672
112
00894
105
00992
101
01146
103
01291
97
01747
118
02024
111
02242
32
02448
108
02655
111
02775
114
02890
111
03153
32
03232
99
03359
104
03463
101
03562
32
03735
105
03909
111
04111
32
04224
97
04355
118
04528
114
04648
101
04808
105
05002
32
05251
102
05362
97
05467
116
05621
116
05856
111
07479
0
07986
0
08041
0
08126
0
08198
0
08249
0
08305
0
08379
0
08467
0
08477
0
08528
0
08593
0
08643
0
09636
0
09838
0
10260
13
11581
0
13159
32
13309
115
13531
99
13684
105
14188
111
14437
112
14603
101
14818
114
14944
111
15874
32
16104
109
16215
97
16314
32
16974
115
17189
97
17294
114
17426
101
17559
105
17746
32
17947
118
18046
101
18164
110
18359
117
18574
116
18665
97
18804
32
19054
108
19386
111
19662
32
19672
110
19762
115
19930
116
20035
101
20311
115
20457
115
21163
8
21348
8
21521
8
21695
8
21862
8
22015
8
22731
115
22864
116
22982
101
23226
115
23413
115
23557
111
24072
44
24243
32
24357
118
24474
105
24627
115
24760
116
24886
97
25045
32
25274
108
25371
97
25484
32
25671
109
25866
111
26048
108
26151
101
26256
32
26389
100
26483
105
26697
32
26844
99
26934
111
27122
115
27356
101
27523
32
27739
100
27837
97
27962
32
28171
102
28191
97
28379
114
28465
101
29426
0
29940
0
30013
0
30066
0
30121
0
30190
0
30241
0
30292
0
31317
13
32741
127
32991
0
34441
0
34925
32
35401
0
35910
46
37581
46
37734
46
37962
32
38164
108
38359
111
38450
114
38543
111
38827
32
39187
109
39374
105
39589
32
39763
104
39868
97
39976
110
40108
110
40316
111
40530
32
40731
103
40940
117
41052
97
41174
114
41381
100
41500
97
41667
116
41793
97
42729
32
46715
115
46839
116
47007
114
47103
97
47431
110
47624
105
47881
114
47986
101
48119
32
48225
101
48300
32
48618
115
48800
105
49021
32
49222
108
49314
101
49466
103
49619
103
49697
101
49894
118
50025
97
50398
32
53806
105
54021
110
54209
32
54431
102
54509
97
54627
99
54760
99
55022
105
55142
97
55441
32
56224
99
56370
104
56471
101
56583
32
56804
112
56903
101
57050
110
57176
115
57187
100
57393
97
57519
118
57638
97
58039
110
58240
111
58449
32
58550
99
58673
104
58774
101
58879
32
59010
102
59107
111
59302
115
59493
115
59663
105
59899
32
60307
112
60432
97
60792
122
60944
122
61071
97
61327
46
67929
8
69516
0
73543
8
73771
116
78092
108
78351
111
78481
114
78579
111
79212
32
80546
0
80747
0
81682
0
82064
13
88938
118
88950
98
89020
101
89146
110
89368
105
89706
115
89901
115
89997
105
90171
109
90359
111
93403
32
93761
13
96339
8
00817
127
25682
32
25772
0
25925
98
26024
97
26164
104
26469
44
26656
32
26837
99
26983
111
27199
109
27407
117
27628
110
27740
113
27852
117
27972
101
28115
32
28331
111
28542
114
28552
116
28635
97
28774
32
29032
118
29136
97
29351
100
29459
111
29653
32
29744
97
29884
108
30175
97
30321
118
30543
111
30799
114
30891
97
30995
114
31125
101
35554
8
35733
0
35933
66
38483
8
40311
32
41220
13
42368
0
43366
32
43986
112
44080
101
44272
114
44405
32
44647
102
44745
97
44826
114
45050
32
45160
115
45259
105
45487
39
45695
32
45775
99
45921
104
45991
101
46117
32
46251
97
46403
108
46632
109
46723
101
46829
110
47037
111
47239
32
51505
111
51726
103
51914
103
52056
105
52322
32
52648
115
52780
105
52906
97
53046
32
53151
115
53346
101
53492
114
53687
118
53929
105
54007
116
54143
111
54347
32
54434
97
54545
32
54672
113
54797
117
54894
97
55145
108
55284
99
55443
111
55542
115
55771
97
55945
32
63843
102
63938
97
64032
114
64158
101
64317
32
64487
115
64603
99
64888
111
64901
105
65228
111
66390
8
66584
8
66751
8
67446
105
67627
111
67808
112
67914
101
68115
114
68219
111
68421
32
68622
105
68865
110
70493
13
71273
113
71452
117
71605
101
71807
115
71910
116
72139
111
72340
32
72521
109
72715
111
72814
100
72907
111
73145
32
73406
109
73874
8
74172
98
74393
117
74636
102
74830
102
74961
111
75152
46
80322
113
80461
117
80566
97
80686
110
80846
116
80957
111
81160
32
81471
109
81564
101
81709
110
81911
111
82147
32
82259
115
82377
105
82571
110
82698
103
82802
111
82983
108
83173
97
83255
114
83509
101
83596
46
83742
46
83881
46
