48566
0
48727
99
48853
97
48951
114
49187
111
49381
32
49526
0
49635
100
49753
97
49886
110
50088
105
50282
108
50387
101
51407
8
51574
8
51727
8
51880
8
52034
8
52187
8
52554
8
52720
8
52880
8
53034
8
53180
8
53585
0
53854
67
54000
97
54094
114
54322
111
54516
32
54655
0
54814
68
55063
97
55257
110
55466
105
55571
101
55683
108
55808
101
57033
44
57247
32
57559
111
57843
103
58016
103
58169
105
58385
32
58511
116
58630
105
58824
32
58923
115
59062
99
59167
114
59307
105
59467
118
59621
111
59815
32
60023
112
60114
101
60308
114
60509
99
60642
104
60754
101
60900
39
61102
32
61193
115
61366
116
62439
111
62916
32
63049
97
63215
112
64563
115
65649
0
65830
0
66341
8
66543
8
67327
115
67466
112
67557
101
67745
116
67891
116
67975
97
68410
110
68515
100
68675
111
68904
32
69262
0
69428
78
69650
105
69769
99
69935
111
70123
108
70222
97
70354
32
71180
112
71278
101
71479
114
71625
32
71873
0
72261
112
72531
114
72635
97
72850
110
72962
122
73101
111
73310
46
73532
32
73691
0
73953
72
74129
97
74255
32
74386
100
74595
101
74720
116
74846
116
75074
111
75262
32
75353
99
75458
104
75549
101
75654
32
75786
97
75932
114
76044
114
76273
105
76494
118
76593
97
76687
32
76867
116
77041
114
77125
97
77271
32
77699
100
77838
105
77943
101
78151
99
78304
105
78519
32
78789
109
78983
105
79171
110
79386
117
79505
116
79580
105
82431
0
82939
0
82999
0
83059
0
83119
0
83179
0
83239
0
83299
0
83359
0
83419
0
83479
0
83539
0
83599
0
83659
0
83719
0
83779
0
83839
0
83899
0
83959
0
84020
0
84079
0
84139
0
84199
0
84260
0
84319
0
84379
0
84439
0
84499
0
84559
0
84619
0
84679
0
84739
0
84799
0
84859
0
84919
0
84979
0
85040
0
85099
0
85159
0
85219
0
85279
0
85339
0
85400
0
85459
0
85520
0
85579
0
85639
0
85699
0
85759
0
85819
0
85879
0
85939
0
85999
0
86059
0
86119
0
86179
0
86239
0
86299
0
86359
0
86419
0
86479
0
86540
0
86599
0
86659
0
86719
0
86790
0
86860
0
86929
0
86999
0
87070
0
87139
0
87209
0
87280
0
87349
0
87419
0
87490
0
87559
0
87629
0
87700
0
87769
0
87839
0
87910
0
87979
0
88049
0
88120
0
88189
0
88259
0
88331
0
88400
0
88469
0
88540
0
88609
0
88679
0
88750
0
88819
0
88889
0
88960
0
89029
0
89099
0
89170
0
89239
0
89309
0
94007
13
95507
127
97362
0
98833
32
99591
101
99826
32
00001
115
00154
111
00335
110
00529
111
00744
32
00986
103
01222
105
01520
117
01776
115
01917
116
02153
111
02395
32
02899
103
03127
105
03322
117
03448
115
03556
116
03812
111
04061
32
04544
113
04663
117
04782
101
04914
108
05046
108
05234
105
05449
32
05726
99
05827
104
05939
101
06037
32
06253
112
06440
111
06600
115
06774
115
06913
111
07150
110
07364
111
07580
32
07788
115
08003
101
08170
114
08350
118
08558
105
08781
114
08858
101
08991
32
09214
112
09280
101
09495
114
09668
32
09931
102
10008
97
10116
114
10228
101
10354
32
10542
113
10674
117
10793
101
11001
115
11154
116
11376
111
11571
32
11669
101
11850
115
12004
112
12109
101
12303
114
12442
105
12650
109
12743
101
12874
110
12973
116
13092
111
14151
46
18082
13
21181
0
26099
32
26313
0
26575
65
26893
110
27019
99
27185
111
27462
114
27554
97
27687
32
27874
110
28069
111
28105
112
28272
110
28440
32
28614
104
28849
111
29216
8
29376
8
29536
8
29689
8
29829
8
30634
110
30794
32
30974
104
31196
111
32255
32
32484
99
32583
97
32743
112
32959
105
33091
116
33176
111
33535
13
33770
115
33986
101
34153
32
34937
112
35125
111
35271
115
35444
115
35591
111
35806
32
37072
97
37238
110
37494
100
37572
97
37671
114
37775
101
37908
32
38020
97
38125
32
38456
99
38692
97
38907
112
39102
111
50050
8
50927
8
50987
8
51046
8
51107
8
51166
8
51226
8
51286
8
51346
8
51406
8
51496
8
51761
8
51935
8
52102
8
52817
32
53080
117
53356
115
53454
97
53546
114
53672
101
53797
32
53998
105
54172
108
54352
32
54520
109
54707
111
54888
117
55021
115
55221
101
55367
32
55870
112
55976
101
56170
114
56316
32
56456
115
56588
112
56763
111
56875
115
57041
116
57146
97
57273
114
57666
109
57895
105
61310
32
61545
115
61671
117
61879
108
62086
32
62316
116
62393
101
62594
115
62727
116
62975
111
63801
44
63996
32
64198
109
64282
97
64394
32
64527
97
64652
112
64786
112
64890
101
65030
110
65148
97
65260
32
65446
116
65614
105
65822
32
66607
118
66699
101
66893
100
67025
111
67226
32
67427
116
67512
101
67637
32
67839
108
68013
111
68214
32
68320
99
68431
104
68633
105
68746
101
68960
100
69092
111
69301
46
71443
0
71609
0
71762
0
71922
0
72089
0
72262
0
72423
0
72596
0
73388
0
73555
0
74432
13
75718
0
76572
32
76765
0
76897
73
77084
110
77306
102
77390
97
77489
116
77600
116
77823
105
78038
32
78274
118
78362
97
78607
100
78815
111
79051
32
79300
97
79405
32
79661
99
79766
97
79975
112
80162
111
81784
32
82082
115
82303
101
82408
109
82603
112
82879
114
82964
101
83104
32
83319
111
83473
108
83722
116
83889
114
83981
101
84107
32
84315
108
84412
97
84511
32
85063
102
85209
105
85397
110
85488
101
85594
32
85733
100
85935
101
86103
108
86241
108
86340
97
86466
32
86654
108
86861
105
86870
117
87064
110
87155
101
87404
97
87882
8
88055
8
88215
8
88362
8
89063
110
89203
101
89432
97
89716
44
89911
32
91211
13
91700
101
91907
32
92102
118
92269
111
92525
114
92650
114
92755
97
92950
105
93213
32
93483
116
93636
117
93865
32
94245
115
94377
112
94928
114
95027
101
95187
99
95347
97
95486
114
95599
101
95772
32
96447
100
96569
117
96667
101
96793
32
97000
111
97195
32
97416
116
97590
114
97674
101
97807
32
98035
112
98141
97
98315
114
98551
111
98731
108
98823
101
99374
0
99732
63
00051
32
00615
0
00802
78
01786
111
01946
111
02099
111
02245
111
02501
0
02680
33
03527
32
03667
0
03825
67
04192
111
04434
110
04724
118
04877
105
05010
101
05117
110
05249
101
05491
44
05705
32
06347
114
06492
105
06660
117
06868
116
07097
105
07271
108
07444
105
07715
122
07833
122
07932
97
08057
114
08335
108
08426
101
08531
32
08726
112
08803
101
08998
114
09117
32
09304
108
09389
97
09487
32
09668
108
09870
105
10057
110
10149
101
10371
97
10516
32
10635
115
10768
117
10996
99
11129
99
11248
101
11456
115
11568
105
11803
118
11908
97
12110
44
15573
13
16659
0
17588
32
18881
101
19049
32
19723
112
19835
101
20030
114
20175
32
20322
97
20434
110
20676
100
20749
97
20847
114
20966
101
21078
32
21196
97
21283
32
21519
99
21623
97
21784
112
21978
111
22351
32
23329
97
23447
108
23620
32
23800
112
24008
117
24203
110
24308
116
24419
111
24587
32
24802
103
25025
105
25192
117
25311
115
25416
116
25637
111
25825
32
26034
117
26179
115
26354
111
26562
32
26749
115
26985
101
27076
109
27257
112
27499
114
27590
101
27716
32
27903
105
28077
108
28273
32
28445
109
28633
111
28834
117
28919
115
29140
101
32526
0
32692
0
32845
0
33005
0
33159
0
33319
0
33479
0
33632
0
33779
0
33932
0
34092
0
34245
0
35019
0
35148
0
35302
0
36748
113
36902
117
37000
97
37208
115
37362
105
37583
32
38184
13
39525
0
42204
46
46125
0
46703
0
46869
0
47023
0
48381
115
48725
0
50156
32
61493
0
61659
66
61909
101
62027
110
62133
101
64291
44
64479
32
64735
111
64984
114
65089
97
65215
32
65698
99
65810
104
65915
101
66013
32
66188
104
66395
111
66597
32
66770
102
66875
105
67056
110
67244
105
67328
116
67428
111
67629
32
67769
100
67895
105
68083
32
68277
112
68402
97
68522
114
68778
108
68862
97
69015
114
69161
116
69384
105
69599
32
71461
100
71622
105
71809
32
71843
99
72003
111
72184
109
72275
101
72374
32
72588
102
72630
97
72765
99
72884
99
73113
105
73279
111
73480
32
74272
13
76554
105
76768
32
76990
116
77103
117
77290
111
77450
105
77652
32
78018
101
78225
115
78379
112
78470
101
78672
114
78811
105
79012
109
79110
101
79229
110
79341
116
79487
105
79716
44
79889
32
80146
116
80306
105
80486
32
80687
112
80854
111
81000
115
81181
115
81292
111
81495
32
81737
112
81814
97
81995
114
82258
108
82343
97
82510
114
82581
101
82776
32
83657
100
83796
105
83997
32
84067
113
84200
117
84278
97
84410
110
84543
116
84656
105
84856
32
84947
101
85141
101
85370
114
85564
111
85931
114
86050
105
86278
32
86398
100
86523
105
86724
32
86939
98
87030
97
87169
116
87302
116
87566
105
87815
116
88009
117
88232
114
88330
97
88476
32
89103
102
89195
97
89306
99
89439
99
89667
105
89828
111
90063
46
90271
32
90388
0
91367
13
92068
0
92221
77
92394
97
92526
32
92755
102
92902
111
93193
114
93408
115
93624
101
93755
32
93943
116
94041
101
94160
32
94335
110
94412
101
94518
32
94753
115
94838
97
94936
114
95055
97
95215
105
95410
32
95591
103
95819
105
95917
97
96037
39
96238
32
96370
97
96517
99
96635
99
96878
111
96990
114
97287
116
97482
111
97704
32
97809
116
97942
117
00643
44
00967
32
01622
118
01912
105
02114
115
02245
116
02495
111
02854
32
03550
99
03649
104
03774
101
03852
32
04073
102
04234
111
04325
114
04547
115
04782
101
04991
32
05886
116
06142
105
06233
101
06345
110
06787
105
08121
32
08343
116
08524
114
08608
97
08748
99
08852
99
09108
105
09192
97
09407
13
09994
97
10360
110
10465
99
10598
104
10689
101
10815
32
11065
100
11294
101
11439
105
11647
32
11848
98
11926
97
12059
99
12294
107
12750
115
12890
112
12987
97
13203
99
13322
101
16092
46
16279
32
16438
0
16570
67
16798
104
16993
105
17242
115
17367
115
17466
97
17708
39
17944
32
18152
113
18271
117
18376
97
18474
110
18634
116
18760
105
18955
32
19143
110
19227
101
19326
32
19555
116
19693
114
19833
111
20096
118
20187
101
20347
114
20507
97
20687
105
21081
0
21418
33
22422
32
22575
0
22745
110
22966
101
23339
105
23534
32
23721
109
23901
105
24000
101
24215
114
24733
8
25833
105
26055
32
26174
115
26267
99
26400
114
26513
105
26761
116
26928
116
27068
105
27297
32
27697
99
27974
101
28141
32
28342
110
29113
101
29581
32
29811
101
29929
39
33866
8
34039
8
34186
8
34325
8
35008
39
35104
101
35182
39
36633
13
36964
117
37379
110
37476
97
37567
32
37831
102
38011
114
38110
101
38352
113
38474
117
38613
101
38714
110
38880
122
39088
97
39247
32
39366
97
39527
108
39776
116
41166
105
41786
115
41952
115
42106
105
45026
109
45088
97
46974
46
53053
8
53294
0
53481
78
54175
0
54691
0
54751
0
54811
0
54871
0
54931
0
54991
0
55051
0
55111
0
55171
0
55231
0
55291
0
55351
0
55411
0
55471
0
55538
0
55609
0
56595
0
56870
0
57363
13
58252
127
59063
0
59657
127
60153
32
61089
0
67601
32
68481
0
68686
102
68825
97
68923
114
69186
111
69407
39
69615
32
69851
105
70073
108
70288
32
70585
103
70992
117
71174
105
71388
110
71555
101
71784
115
71957
115
72145
32
72285
100
72493
101
72638
105
72839
32
73047
112
73139
114
73250
105
73438
109
73550
97
73683
116
73940
105
75473
32
75599
100
75725
105
75919
112
76017
97
76205
114
76420
116
76669
105
76877
109
76982
101
77065
110
77398
116
77510
97
77642
108
77809
105
78038
46
83150
8
83342
0
83475
70
84303
0
84688
8
84842
8
85612
101
85745
46
90396
13
