72033
0
72271
100
72407
97
72556
98
73404
8
73680
8
73840
8
74172
0
74469
100
74575
97
74727
98
74741
110
74951
105
75071
101
75465
8
75633
8
75777
8
75938
8
76098
8
76251
8
76967
100
77862
8
78187
0
78345
68
78664
0
79324
65
79471
78
79672
73
79757
69
79867
76
79975
69
80436
8
80589
8
80749
8
80913
8
81063
8
81229
8
82162
97
82391
110
82900
105
83150
101
83413
108
83532
101
85333
44
85528
32
85729
115
85944
101
86194
99
86436
111
86671
110
86776
100
86916
111
87110
32
87290
109
87382
101
87501
32
87867
116
88055
114
88132
97
88491
115
88622
115
88702
97
89027
118
89275
105
89469
32
89550
113
89661
117
89746
97
89864
110
89997
100
90102
111
90296
32
90463
109
90644
105
90860
32
91171
104
91254
97
91388
105
91596
32
91695
100
91902
101
91937
116
92076
116
92311
111
92512
32
92645
99
92757
104
92868
101
93001
32
08511
97
08644
118
08763
101
08862
118
09111
111
09340
32
09486
115
09597
111
09751
108
10688
111
11472
32
11731
112
11931
105
12105
117
12414
39
12762
13
13174
112
13382
111
13586
99
13708
104
13904
105
14091
32
14196
101
14384
115
14523
112
14636
101
14823
114
14956
105
15150
109
15237
101
15349
110
15461
116
15580
105
16352
46
16594
32
17201
0
17633
79
18481
112
18600
112
18889
117
19159
114
19236
101
19555
44
19728
32
19981
109
20069
101
20181
32
20375
108
20569
105
20771
32
20972
104
21070
97
21169
105
21356
32
21557
114
21664
105
21919
102
21996
97
22122
116
22254
116
22491
105
22698
32
22893
114
22998
105
23247
102
23303
97
23423
114
23515
101
23786
44
23966
32
24106
118
24272
105
24378
115
24518
116
24760
111
24962
32
25046
99
25159
104
25251
101
25397
32
26547
8
27048
8
27099
8
27151
8
27202
8
27252
8
27315
8
27370
8
27426
8
27481
8
28547
102
28687
111
28785
114
29027
115
29256
101
29437
32
29618
101
29784
114
29904
97
30345
110
30560
111
30844
13
31169
102
31252
97
31378
116
31517
116
31760
105
31975
32
32177
109
32271
97
32374
108
32492
101
32886
46
33039
46
33206
46
33386
46
34075
8
34317
8
34505
8
34858
8
35773
0
35938
33
36578
32
36793
0
36916
78
37179
111
37312
111
37506
111
37748
44
37950
32
38179
115
38337
99
38554
104
38653
101
38779
114
39069
122
39292
111
39534
46
39751
32
40136
0
40358
112
40546
114
40658
111
40927
98
41040
97
41129
98
41335
105
41516
108
41738
109
41825
101
41916
110
42132
116
42209
101
42342
32
42475
113
42568
117
42701
101
42895
115
43014
116
43250
105
43472
32
43551
115
43682
111
43877
110
44078
111
44272
32
44521
100
44591
97
44732
118
44871
118
44955
101
45156
114
45289
111
45477
32
45595
103
45708
108
45894
105
46102
32
46311
117
46547
108
46638
116
46758
105
46924
109
47112
105
47959
46
48381
13
49797
0
50175
65
50515
108
50661
108
50842
111
51139
114
51230
97
51522
44
51710
32
51925
114
52092
105
52304
112
52571
114
52634
101
52993
110
53091
100
53280
111
54235
32
54498
105
54686
108
54901
32
55089
109
55276
105
55465
111
55680
32
55861
108
56062
105
56332
98
56440
114
56598
105
56808
32
56904
100
57010
105
57210
32
57432
100
57524
97
57623
116
57810
97
57831
98
58053
97
58261
115
58455
101
58848
32
58928
101
59081
32
59674
99
59848
111
60069
110
60305
116
60445
105
60618
110
60785
117
60979
111
61181
32
61375
100
61473
97
61580
32
61779
108
61967
105
62450
46
63435
8
64226
39
64427
46
90584
32
90716
0
91618
112
91798
114
91911
111
92154
103
92259
101
92385
116
92538
116
92636
97
92851
122
92997
105
93157
111
93351
110
93406
101
94651
0
94810
0
94979
0
95138
0
95291
0
95438
0
95598
0
95751
0
95905
0
96066
0
97285
0
97420
0
98039
0
98231
0
98876
80
99366
0
99945
13
02132
100
02333
105
02576
32
02825
98
02905
97
03112
115
03235
105
03426
32
03513
100
03685
105
03806
32
04013
100
04125
97
04209
116
04438
105
04702
46
05782
32
05977
0
06231
86
06474
105
06592
101
06677
110
06816
101
06858
32
07329
105
07528
108
07668
108
07876
117
08077
115
08195
116
08356
114
08427
97
08545
116
08828
111
12182
32
12418
101
12633
100
12820
32
12946
101
13195
115
13431
101
13542
109
13736
112
13889
108
14091
105
14182
102
14274
105
14509
99
14594
97
14705
116
14982
111
15938
32
16601
105
16781
108
16968
32
17191
112
17302
114
17366
111
17857
115
18442
8
18739
99
18819
101
19011
115
19179
115
19312
111
20681
32
20793
100
20933
105
21161
32
21431
112
21504
114
21603
111
21818
103
21905
101
22030
116
22169
116
22261
97
22470
122
22602
105
22755
111
22957
110
23034
101
24582
32
24810
99
24943
111
25141
110
25407
99
25492
101
25636
116
25757
116
25966
117
26064
97
26176
108
26309
101
26386
32
26540
101
26560
32
26791
108
26976
111
27123
103
27255
105
27527
99
27593
97
29867
32
30082
100
30314
101
30498
108
30631
108
30713
101
34905
13
36020
0
37073
32
37267
98
37343
97
37546
115
37667
105
37855
32
37953
100
38058
105
38253
32
38487
100
38592
97
38691
116
38926
105
39120
32
39329
114
39446
101
39627
108
39746
97
40002
122
40162
105
40323
111
40531
110
40643
97
40741
108
40949
105
43953
44
44360
13
45024
99
45116
104
45234
101
45302
32
45520
112
45615
101
45806
114
45945
109
46036
101
46211
116
46357
116
46451
101
48987
44
49264
32
49727
112
49807
97
49987
114
50168
116
50287
101
50398
110
50532
100
50678
111
50879
32
51094
100
51171
97
51297
32
51485
113
51610
105
51619
117
51772
101
52315
8
52477
8
52781
8
53037
101
53085
52
53424
8
53639
8
54041
117
54180
101
54374
115
54496
116
54711
105
58710
8
58870
8
59044
8
59203
8
59357
8
59524
8
59945
8
60620
105
60849
32
61071
114
61160
101
61385
113
61493
117
61673
105
61775
115
61884
105
62058
116
62183
105
62384
32
62565
117
62856
116
62983
101
63068
110
63289
116
63394
101
65127
44
65301
32
65399
100
65519
105
65713
32
65804
97
65957
114
66062
114
66291
105
66502
118
66581
97
66696
114
66781
101
68678
32
68812
97
68930
32
69282
112
69387
114
69499
111
69776
100
69943
117
70186
114
70311
114
70417
101
70557
32
70683
115
70829
116
71009
114
71229
117
71482
116
71621
116
71808
117
72031
114
72124
101
73999
32
74118
100
74238
105
74459
32
74661
98
74745
97
74939
115
75066
105
75253
32
75346
100
75465
105
75646
32
75847
100
75945
97
76037
116
76294
105
77951
32
78062
100
78195
105
78390
32
78584
110
79011
8
79195
98
79332
117
79520
111
79721
110
79819
97
79919
32
80091
113
80186
117
80319
97
80423
108
80611
105
80819
116
80924
97
81125
39
81355
46
84118
13
88268
32
88394
0
88601
116
88799
101
89137
110
89438
111
89698
99
90277
8
90547
108
90756
111
90995
103
91241
105
91324
97
94191
8
94413
0
94585
84
96346
99
98251
32
00231
100
00446
101
00599
108
00745
108
00845
101
00983
32
01198
98
01267
97
01490
115
01638
105
02038
100
02596
8
02616
61
03168
8
03893
32
03969
100
04109
105
04380
13
04718
100
04809
97
04921
116
05157
105
05400
46
07648
32
07807
0
08075
86
08366
101
08644
110
08906
103
09129
111
09316
110
09504
111
09699
32
09799
100
10003
101
10195
115
10277
99
10439
114
10559
105
10789
116
10927
116
10995
101
11905
32
12168
108
12259
101
12392
32
12615
99
12702
97
12853
114
12950
97
13117
116
13256
116
13325
101
13520
114
13749
105
13848
115
14007
116
14209
105
14307
99
14451
103
14557
101
15297
8
15469
8
15677
8
16442
99
16653
104
16755
101
18461
32
18710
105
18925
110
19195
116
19294
101
19378
114
19663
110
19759
101
21212
32
21317
100
21546
101
21658
105
21841
32
21936
115
22067
105
22214
115
22304
116
22466
101
22593
109
22793
105
25302
32
25407
100
25671
105
26160
13
26973
98
27056
97
27264
115
27390
105
27571
32
27668
100
27774
105
27975
32
28176
100
28288
97
28387
116
28615
105
28844
44
29045
32
30991
8
31178
8
31988
32
32330
105
32524
110
32705
32
32975
114
33067
97
33255
112
33408
112
33589
111
33735
114
33969
116
34167
111
36551
32
36690
97
36835
108
36981
108
37107
97
37240
32
37503
97
37636
114
37823
99
38066
104
38301
105
38572
116
38656
101
38811
116
38949
116
39143
117
39365
114
39456
97
40702
32
41014
104
41119
97
41265
114
41459
100
41840
119
41932
97
42051
114
42246
101
42436
32
42545
101
42650
32
42789
115
42949
111
43226
102
43421
116
43699
119
43837
97
43984
114
44192
101
46194
32
46319
100
46548
101
46624
108
46824
32
46907
115
47029
105
47039
111
47152
115
47263
116
47388
101
48338
8
48512
8
48679
8
48840
8
48999
8
49435
8
51353
115
51471
105
51638
115
51746
116
51871
101
52025
109
52144
97
52284
13
52622
105
52844
110
53115
102
53254
111
53380
114
53478
109
53652
97
53791
116
53994
105
54181
118
54314
111
57710
44
57897
32
58092
105
58265
110
58446
32
58619
109
58834
111
58968
100
59071
111
60446
32
60717
100
60808
97
60933
32
61076
99
61219
111
61386
109
61588
112
61852
114
61950
101
62102
110
62227
100
62456
101
62578
114
63055
110
63307
101
66180
32
66725
105
66919
108
67127
32
67281
102
67420
117
67615
110
67733
122
67885
105
68053
111
68267
110
68380
97
68569
109
68693
101
68778
110
68932
116
69050
111
69244
32
69336
101
69448
32
69595
115
69741
102
69935
114
70212
117
70440
116
70574
116
70673
97
70760
114
70994
110
71092
101
72015
13
75479
97
75702
32
76066
112
76343
105
76435
101
76547
110
76749
111
76936
32
77131
108
77221
101
77313
32
77520
112
77674
111
77931
116
78028
101
78154
110
78390
122
78504
105
78631
97
78719
108
78915
105
79124
116
79323
97
79436
39
79590
46
83795
32
84464
0
84725
69
84940
118
85456
111
85638
108
85839
117
86124
122
86248
105
86408
111
86612
110
86666
101
87692
32
87968
100
88203
101
88357
108
88497
108
88602
101
88720
32
88908
98
88976
97
89173
115
89299
105
89479
32
89570
100
89689
105
89863
32
90065
100
90184
97
90263
116
90478
105
90742
44
90752
46
91325
8
91492
8
92222
46
92437
32
92693
0
92816
77
92998
105
93192
32
93427
102
93498
101
93706
114
93811
109
93986
111
94193
32
94305
113
94451
117
94626
105
95671
46
95893
13
