54764
16
54934
83
55125
65
55465
66
55635
65
55926
84
56156
79
56286
32
56507
83
56697
69
56857
82
57107
65
57288
32
57448
65
57608
32
57818
84
58029
69
58249
65
58509
84
58680
82
58910
79
59190
32
60212
72
60372
79
60482
32
60632
73
60852
78
61113
67
61283
79
61573
78
61794
84
61984
82
62264
65
62525
84
62685
79
62885
32
63616
84
63746
85
63867
84
64027
84
64938
73
67472
8
70856
8
71087
8
71267
8
71467
8
72619
73
72759
32
73219
77
73420
73
73610
69
73740
73
73980
32
74501
90
74681
73
74842
73
75903
188
76083
32
76354
67
76494
85
76894
71
77055
73
77345
78
78597
69
78887
32
79338
69
79528
32
79788
67
79909
79
80159
77
80750
80
80970
65
81280
71
81421
78
81601
73
82132
190
82312
32
82803
16
82953
69
83133
82
83383
65
83554
32
83764
85
83974
78
84144
32
84305
80
84495
79
84955
222
85136
32
85416
68
85596
73
85717
32
85957
84
86197
69
86337
77
86568
80
86778
79
86938
32
87179
67
87309
72
87429
69
87619
32
87839
78
88030
79
88250
78
88400
32
88580
76
88831
73
89041
32
89422
86
89642
69
89842
68
90022
69
90333
86
90583
79
90733
32
91094
84
91244
85
91344
84
91494
84
91575
73
91715
32
91845
73
92215
78
92496
83
92666
73
92836
69
93427
77
93627
69
93878
188
94048
32
94278
65
94669
66
94819
66
95019
73
95189
65
95380
77
95570
79
95740
32
96942
83
97152
67
97302
72
97423
69
97603
82
97893
90
98083
65
98374
84
98524
79
98614
32
98814
69
98965
32
99215
67
99335
72
99515
73
99676
65
99936
67
00096
67
00216
72
00367
73
00507
69
00707
82
00967
65
01238
84
01388
79
01698
188
01869
32
02409
83
02600
79
02800
78
02920
79
03150
32
03691
83
03911
69
04052
78
04312
90
05103
222
05353
65
05534
76
05804
84
05954
82
06074
79
06255
32
06375
85
06625
78
06785
65
06956
32
07186
67
07256
79
07516
78
07947
8
08237
77
09890
80
10020
65
10350
71
10540
78
10701
73
10891
65
11121
32
11292
77
11462
79
11662
76
11862
84
11972
79
12143
32
12333
80
12603
73
12784
65
13034
67
13274
69
13665
86
13845
79
14075
76
14185
69
14686
188
14856
32
15567
80
15678
69
15848
82
16088
83
16168
79
16429
78
17029
69
17190
32
17460
67
17630
79
17810
78
18001
32
18211
69
18521
83
18762
84
18932
82
19082
79
19182
32
19423
65
19943
82
20284
84
20454
73
20634
83
20875
84
21045
73
21205
67
21335
79
21475
32
21646
69
21826
32
22186
66
22477
65
22757
84
22927
84
22988
85
23128
84
23408
65
23598
32
23779
65
24029
82
24249
71
24419
85
24620
84
24950
65
28515
188
28655
32
29136
85
29366
78
29496
32
29677
80
29857
79
30508
222
30678
32
30898
69
31119
83
31199
73
31369
83
32491
8
33161
66
33252
73
33722
90
33842
73
33993
79
34243
78
34413
73
34764
83
35044
84
35144
73
62371
190
76781
65
76931
78
77122
67
77312
89
77452
69
79465
37
79685
37
80536
72
81628
46
82209
39
82459
32
83390
35
84101
32
95326
16
95457
77
95717
73
95857
32
96078
65
96328
86
96518
82
96698
69
96939
66
97079
66
97259
69
97449
32
98000
70
98230
65
98461
84
98621
84
98761
79
98861
32
99032
80
99282
73
99472
65
99692
67
99863
69
00033
82
00333
69
00534
32
00764
65
00884
78
01064
68
01255
65
01485
82
01655
69
01815
32
01986
65
02146
32
02516
66
02757
69
02927
82
03087
69
03237
32
03688
81
03848
85
03988
65
04339
76
04659
67
05200
79
05380
83
05550
65
05701
32
05841
73
06051
78
06191
32
06332
76
06562
79
06692
82
06822
79
06952
32
07513
67
07713
79
07944
77
08164
80
08334
65
08615
71
08765
78
08955
73
09306
65
09496
32
09706
69
09856
32
10037
70
10317
65
10587
82
10888
76
11108
73
11298
32
11519
67
11659
79
11879
78
12079
79
12330
83
12540
67
12760
69
12921
82
13121
69
13291
32
13541
65
13772
68
13962
32
14393
16
14533
69
14823
78
15033
82
15194
73
15464
67
15554
79
16696
188
16906
32
17016
76
17246
73
17437
32
17677
65
17907
86
18168
82
18368
69
18688
66
18849
66
19039
69
19219
32
19459
84
19650
82
19770
79
20401
86
20661
65
20911
84
21052
73
21192
32
21392
83
21582
73
21963
67
22113
85
22283
82
22564
65
22714
77
22824
69
22974
78
23054
84
23275
69
23455
32
23866
83
24036
73
24576
77
24797
80
24967
65
25237
84
25428
73
25818
67
25938
73
26599
32
26780
69
26950
32
27060
80
27220
79
27420
73
27591
32
27921
78
28041
69
28252
32
28782
72
28922
65
29113
32
29373
84
29704
65
29834
78
29994
84
30154
79
30264
32
30495
83
30725
69
30865
78
30985
84
31196
73
31346
84
31516
79
31716
32
32087
80
32227
65
32467
82
32628
76
32768
65
33008
82
33188
69
33369
32
33609
68
33839
65
33999
32
34780
77
34931
69
35832
16
36002
49
36603
32
37374
16
37554
80
37945
69
38245
67
38385
67
38626
65
38926
84
39116
79
39317
32
40849
67
41039
72
41139
69
41349
32
41950
76
42100
69
42291
32
42421
77
42621
73
42761
69
42952
32
43192
65
43482
77
43703
73
43863
67
44113
72
44233
69
44464
32
44894
86
45065
79
45315
76
46276
8
46456
8
46877
8
47408
65
47638
86
47808
69
48059
83
48199
83
48389
69
48539
82
49030
79
49160
32
49370
65
49561
76
49801
84
49991
82
50131
73
50282
32
50522
80
50772
82
50892
79
51053
71
51253
82
51533
65
51694
77
51854
77
52064
73
52365
188
52525
32
52755
67
52865
79
53085
83
53276
73
53696
222
53877
32
54367
83
54537
73
54698
65
54848
77
55048
79
55178
32
55419
65
55569
78
55689
68
55889
65
56180
84
56180
82
56300
73
57421
8
57622
8
57802
8
58563
84
58723
73
58843
32
59114
84
59314
85
59434
84
59584
84
59675
73
59845
32
60115
65
60285
32
60476
67
60686
65
60916
83
61177
65
61297
32
61457
32
61487
68
61677
73
61777
32
61948
85
62158
78
62338
65
62498
32
62739
67
63149
79
63410
80
63580
80
63780
73
63910
65
64071
32
64251
68
64411
73
64561
32
64822
65
64922
77
65152
73
65282
67
65432
73
65883
188
66033
32
66223
67
66374
72
66514
69
66734
32
66924
65
67305
86
67515
69
67816
86
68206
65
68376
32
68637
85
69919
78
70119
32
71060
71
71300
65
71581
84
71741
84
71831
79
71991
32
72512
78
72752
85
72913
79
73333
86
73473
79
73774
188
73894
32
74154
85
74435
78
74645
32
75396
66
75686
69
75897
76
76057
76
76327
73
76578
83
76728
83
76868
73
77138
77
77359
79
77519
32
77980
80
78110
69
78300
82
78550
83
78721
73
78901
65
79121
78
79301
79
79992
190
80233
32
80813
16
80924
65
81314
78
81484
67
81645
72
81745
69
81975
32
82135
85
82396
78
82576
65
82756
32
83457
77
83657
73
83798
65
84018
32
84318
83
84318
65
84468
77
85700
8
86131
8
86331
8
87022
65
87603
77
87843
73
88063
67
88314
65
88504
32
88674
83
88864
73
89065
32
89335
69
89726
222
89936
32
90737
80
90937
82
91108
69
91328
83
91508
65
91678
32
91919
68
92149
65
92309
32
93671
8
93871
8
94052
8
94843
68
95023
73
95143
32
95343
82
95534
69
95874
67
96064
69
96245
78
96305
84
96505
69
96705
32
96855
85
97106
78
97256
32
97496
71
97777
65
98057
84
98207
84
98317
79
98878
188
99038
32
99319
83
99539
73
99669
32
99910
84
00070
82
00350
65
00641
84
00791
84
01081
65
01311
32
02563
68
02713
73
02874
32
03024
85
03264
78
03434
32
03645
83
03955
73
04346
66
04596
69
04806
82
04936
73
05147
65
05497
78
05707
79
06328
188
06519
32
06649
85
06839
78
07059
32
07240
71
07530
65
07830
84
08001
84
08161
79
08321
32
08862
69
09022
76
09162
69
09793
71
10083
65
10224
78
10374
84
10574
69
11836
190
12076
32
12507
16
12677
68
13098
222
13428
65
13648
76
13999
84
14189
82
14349
79
14590
78
14830
68
15030
69
15200
32
15431
84
15521
85
15691
84
15831
84
15931
73
16112
32
16312
73
16532
32
16913
71
17173
65
17424
84
17584
84
17654
73
17824
32
18104
83
18305
79
18575
78
18775
79
18996
32
19286
67
19466
79
19657
83
20368
73
20758
222
20958
32
21169
69
21779
76
21970
69
22270
71
22551
65
22691
78
22821
84
22981
73
23131
32
23322
69
23492
32
23712
70
23822
73
23972
69
24163
82
24333
73
25975
190
26186
190
26356
190
32775
16
32875
73
33145
79
33355
32
34647
83
34767
79
34978
78
35178
79
35268
32
35438
85
35678
78
35819
65
36009
32
36219
68
36389
73
36530
32
36770
81
36970
85
37110
69
37361
76
37541
76
37661
69
37831
32
37982
80
38082
69
38252
82
38522
83
38703
79
39003
78
39123
69
39303
32
39614
67
39814
72
39944
69
40185
32
40405
83
40535
73
40665
32
40866
65
42398
70
42568
70
42718
69
43079
90
43259
73
43449
79
43709
78
43880
65
44210
78
44440
79
44611
32
44861
68
45212
73
45392
32
45562
80
45742
73
45953
85
46563
222
46754
32
46924
65
47314
73
47475
32
47745
67
47975
65
48356
78
48516
73
48826
188
49047
32
49207
77
49407
65
49598
32
49828
83
50028
69
50619
32
50849
68
51140
80
52361
8
52872
79
53092
86
53303
69
53523
83
53693
83
53783
73
53923
32
54104
80
54284
82
54474
69
54624
78
54835
68
55045
69
55225
82
55415
69
55606
32
55666
85
55886
78
56046
32
56237
65
57118
78
57298
73
57568
77
57769
65
57949
76
58159
69
58480
188
58640
32
58800
80
58960
82
59161
69
59331
78
59621
68
59872
69
60062
82
60322
69
60492
73
60673
32
60993
85
61233
78
61374
32
61594
71
61884
65
62155
84
62355
84
62425
79
63366
188
63577
32
63697
80
63897
69
64077
82
64268
32
64798
80
65059
85
65209
82
65489
65
65670
32
65830
80
66060
73
66551
71
66761
82
67041
73
67342
90
67512
73
67652
65
68343
16
68513
49
