35846
16
35906
73
36397
69
36587
82
36697
73
36837
32
37067
83
37268
69
37438
82
37718
65
37889
32
39340
78
39471
79
39591
78
40071
8
40282
8
40472
8
41123
83
41253
79
41463
78
41634
79
41744
32
41944
82
42044
73
42324
77
42455
65
42635
83
42895
84
43156
65
43286
32
43476
65
43636
32
43846
67
44067
65
44247
83
44397
65
46720
186
46890
32
47201
76
47641
222
47862
65
48042
76
48212
76
48272
69
48442
82
48643
71
48753
73
48973
65
49464
32
49684
65
49834
76
49975
32
50105
80
50385
79
50625
76
50786
76
50976
73
51226
78
51396
69
51577
32
51857
77
52047
73
52237
32
52668
83
52958
84
53599
8
53800
8
54861
70
55071
65
55221
32
55382
83
55582
69
55762
78
55912
84
56103
73
56363
82
56553
69
56703
32
57094
80
57224
65
57494
82
57665
69
57905
67
58035
67
58125
72
58295
73
58496
79
58706
32
58946
83
59187
84
59447
65
59637
78
60168
67
60378
65
60578
32
60769
69
60919
32
61169
81
61339
85
61540
73
61760
78
61950
68
62090
73
62271
32
62591
72
62751
79
62902
32
63162
68
63342
69
63582
67
63703
73
63853
83
64053
65
64213
77
64323
69
64474
78
64544
84
64724
69
64884
32
65195
77
65335
69
65455
78
65675
79
65835
32
66226
86
66376
79
66757
71
66897
76
67097
73
67197
65
67357
32
67538
68
67648
73
67818
32
67918
85
68098
83
68319
67
68529
73
68709
82
68889
69
69160
32
69841
82
70001
73
70241
83
70652
80
70822
69
71042
84
71202
84
71313
79
71463
32
71803
65
72094
73
72244
32
72384
80
72504
69
72704
82
72775
73
72965
79
73205
68
73305
73
73475
32
73956
78
74146
79
74337
82
74567
77
74727
65
75038
76
75258
73
78772
190
79033
32
80024
16
80114
72
80405
79
80535
32
81576
71
81706
85
82007
65
82247
82
82457
68
82668
65
82928
84
83088
73
83218
32
83328
85
83819
8
84019
8
84260
8
84961
79
85121
32
85241
85
85461
78
85601
32
85952
70
86102
73
86322
76
86513
77
86673
32
86803
73
87013
78
87204
32
87464
84
89266
86
89447
188
89577
32
90208
222
91509
16
91700
65
91970
70
92120
70
92350
65
92581
82
92711
73
92841
32
93292
68
93422
73
93552
32
94173
70
94503
65
95204
77
95394
73
95605
71
95815
76
96526
73
96826
65
97097
222
99229
188
99360
32
99810
67
00051
65
00291
82
00441
73
00651
78
00862
79
06619
188
06779
32
06960
77
07160
65
07380
32
07821
78
08001
79
08191
78
08321
32
08752
76
09433
222
09964
72
10104
79
10264
32
10484
83
10725
69
10985
71
11095
85
11265
73
11446
84
11546
79
11706
32
12237
67
12407
79
12547
78
12737
32
12988
77
13208
79
13408
76
13558
84
13819
65
13989
32
14139
65
14419
84
14580
84
14760
69
14910
78
15190
90
15361
73
15521
79
15741
78
15992
69
16242
188
16382
32
16492
80
16632
69
16783
82
17023
67
17263
72
17814
69
17974
222
18144
32
21028
78
21178
69
21379
76
21539
32
21769
70
21949
82
22180
65
22450
84
22600
84
22821
69
22921
77
23131
80
23311
79
23471
32
23782
72
24052
79
24152
32
24493
82
24693
73
24923
79
25224
82
25484
68
25614
73
25845
78
25995
65
26245
84
26455
79
26616
32
26966
76
27136
65
27296
32
27517
67
27707
65
27877
83
28037
65
28208
32
28408
69
28548
32
28748
80
28939
82
29129
69
29359
80
29539
65
29790
82
30080
65
30391
84
30541
79
30701
32
30841
85
31061
78
31352
65
31562
32
32093
84
32243
79
32343
82
32994
84
33525
65
35437
190
35687
32
69792
69
69993
222
70103
32
75890
16
76021
78
76491
69
76682
76
76792
32
76892
80
77112
79
77593
77
77783
69
77983
82
78113
73
78364
71
78514
71
78604
73
78804
79
78955
32
79575
69
79766
82
81508
79
81688
32
81989
65
82139
78
82239
68
82449
65
82689
84
82950
65
83100
32
83270
68
83491
65
83651
32
84051
16
84191
86
84492
65
84662
75
84802
69
85483
8
85723
8
86444
76
86865
69
87005
78
87255
84
87376
73
87606
78
87876
65
88667
188
88787
32
89118
67
89248
72
89398
69
89589
32
90109
83
90360
84
90610
65
90760
32
90920
83
91091
69
91311
71
91441
85
91601
69
91992
78
92182
68
92402
79
92502
32
92913
85
93163
78
93303
32
93544
67
93704
79
93914
82
94155
83
94355
79
94445
32
94585
68
94685
73
94886
32
95096
77
95256
65
95456
83
95616
83
95747
65
96007
71
96157
71
96227
73
96398
79
96518
32
97088
83
97229
72
97399
65
97669
84
01044
90
01264
83
01384
85
01574
32
02315
69
02496
32
03106
72
03237
65
03417
32
03957
66
04108
73
04528
83
04789
79
05079
71
05299
78
05399
79
05550
32
05860
68
06000
73
06110
32
06271
69
06471
83
06651
69
06851
82
17255
67
17405
73
17555
84
17826
65
18116
82
18336
83
18447
73
07508
188
07678
32
08489
67
08649
79
08799
83
08940
73
09370
222
09540
32
09871
72
10001
79
10131
32
10321
82
10432
73
10732
67
10902
69
11142
86
11233
85
11463
84
11653
79
11783
32
11913
85
12134
78
12284
32
12574
66
12815
69
12955
76
13095
32
13215
77
13395
65
13616
83
13756
83
13926
65
14186
71
14347
71
14447
73
14637
79
14757
32
15358
68
15498
73
15638
32
15739
85
15939
78
16489
222
16880
79
17080
82
17250
69
17461
84
17591
84
17881
65
18032
32
18212
65
18492
66
18632
66
18752
79
18973
78
19183
68
19383
65
19624
78
19754
84
20004
69
20915
16
21025
186
21266
32
21806
16
21897
86
22177
65
22307
76
22447
69
22658
78
22798
84
22938
73
23168
78
23318
65
23489
32
23709
69
23939
186
24530
8
24810
222
24991
32
25271
77
25411
79
25652
76
25792
84
25912
79
26082
32
26453
66
26683
82
26943
65
27184
86
27424
65
27574
32
27794
69
27945
32
28666
77
28836
73
29026
32
29236
82
29356
73
29687
76
30097
65
30338
83
30488
83
30648
79
30858
32
31950
68
32190
65
32471
86
32621
86
32841
69
33041
82
33472
79
33622
32
33832
68
33912
85
34073
82
34333
65
34513
78
34653
84
34874
69
35074
32
35254
73
35394
32
35685
83
35905
85
36135
79
36346
73
36556
32
36736
77
36926
65
37137
83
37287
83
37487
65
37778
71
37928
71
38058
73
38949
188
39109
32
39330
83
39490
80
39630
69
39890
83
40031
83
40121
79
40241
32
40511
77
40701
73
40872
32
41042
65
41262
68
41402
68
41522
79
41673
82
42123
77
42934
69
43085
78
43205
84
43465
79
43605
32
43816
65
44026
68
44176
68
44246
73
44416
82
44667
73
44977
84
45117
84
45237
85
45788
82
46129
65
48462
16
48662
49
49002
32
54920
16
55080
65
55351
80
55521
80
55641
69
55811
78
55952
65
56102
32
56292
65
56542
82
56692
82
56823
73
57053
86
57303
65
57564
84
57814
65
57964
32
58114
65
58285
32
58485
67
58675
65
58865
83
59026
65
59136
32
59646
72
59787
79
59917
32
60137
84
60357
69
60498
76
60608
69
60838
70
60928
79
61188
78
61349
65
61619
84
61779
79
61929
32
62160
65
62360
32
62440
77
62620
73
62771
65
62941
32
63101
83
63241
79
63431
82
63612
69
63752
76
63912
76
64012
65
64603
188
64763
32
64883
80
65043
69
65214
82
65384
32
65594
83
65805
69
65895
78
66315
84
66435
73
66646
82
66826
69
67036
32
67947
83
68138
69
68338
32
68488
83
68728
84
68949
69
69169
83
69299
83
69489
69
69680
32
69880
85
70030
78
70210
32
70361
80
70521
79
70881
222
71111
32
71362
77
71552
69
71802
71
71963
76
72183
73
72363
79
72513
32
72824
67
72974
79
73214
77
74276
69
74456
32
74836
65
75047
76
75217
76
75277
69
75447
82
75637
71
75748
73
75978
65
76258
188
76418
32
76549
76
76679
69
76839
32
77039
65
77240
86
77440
69
77660
86
77830
79
77940
32
78121
80
78331
79
78651
82
78832
84
79102
65
79362
84
79553
79
80694
32
81045
76
81225
65
81425
32
81575
83
81756
69
81916
82
82166
65
82306
32
82446
80
82577
82
82717
73
82977
77
83107
65
83288
32
83468
85
83688
78
83928
32
84179
65
84379
78
84649
84
84820
73
85010
83
85250
84
85370
73
86842
77
87083
73
87603
78
87793
73
88114
67
88244
79
88404
32
88735
67
88895
72
89015
69
89215
32
89386
82
89526
73
89676
84
89916
69
90026
78
90277
71
90447
79
90617
32
91148
86
91418
65
91578
76
91809
73
91969
68
92079
79
92349
188
92500
32
92620
77
92780
65
92990
32
93060
80
93321
85
93701
82
93892
84
94062
82
94212
79
94442
80
94582
80
94763
79
94923
32
95554
83
95694
85
95844
32
96315
68
96485
73
96645
32
96775
76
96936
69
97176
73
97396
32
97737
78
97897
79
98097
78
98237
32
98588
72
98758
65
98968
32
99419
65
99679
86
99829
85
00010
84
00170
79
00330
32
00460
76
00791
222
01281
69
01632
70
01792
70
01912
69
02112
84
02273
84
02433
79
02553
32
02833
83
03054
80
03264
69
03454
82
03724
65
03995
84
04125
79
06358
190
06518
32
06819
16
06999
80
07309
79
07740
86
07960
69
08130
82
08361
65
08501
32
08661
83
08901
79
09082
82
09262
69
09722
76
09863
76
10083
73
10283
78
10483
65
10644
188
10814
32
11074
83
11234
80
11375
69
11565
82
11645
79
11855
32
12025
77
12216
73
12516
71
12686
76
12917
73
13117
79
13387
82
13547
73
13738
32
14148
80
14318
82
14509
69
14759
83
14989
84
15180
79
15580
16
16041
16
16081
186
16381
32
17292
76
17403
69
17593
32
18284
79
18614
67
18754
67
18864
79
20687
82
20807
82
21027
69
21268
82
21418
82
22179
8
22499
69
22960
66
23100
66
23330
69
23481
32
23601
85
23851
78
24041
65
24191
32
24582
71
24732
73
24922
79
25063
82
25273
78
25423
65
25683
84
25944
65
26094
32
26254
68
26374
73
26535
32
26755
80
26925
73
27145
79
27346
71
27496
71
27616
73
27896
65
28427
16
28768
49
