12688
73
12808
69
12969
82
13189
73
13599
8
13780
8
13940
8
14090
8
14831
16
15131
73
15602
69
15822
82
15972
73
16113
32
16603
83
16763
69
16924
82
17184
65
17444
32
17905
72
18235
79
18396
32
19247
71
19387
85
19557
65
19777
82
19998
68
20148
65
20398
84
20799
79
20929
32
21079
73
21289
76
21460
32
21720
70
21970
73
22191
76
22371
77
22571
32
22771
80
23352
8
24534
222
25305
16
25475
80
26086
85
26286
82
26526
65
26706
32
26967
70
27107
79
27287
82
27508
77
27688
65
28098
76
28579
73
28789
84
29600
65
29821
222
33245
16
33455
16
33866
222
34987
188
35218
32
36219
68
36349
73
36479
32
36980
16
37090
84
37390
79
37631
82
37891
78
38031
65
38292
84
38422
79
38562
82
38732
69
38912
32
39693
69
39874
32
40344
16
40444
80
41235
79
43288
76
43438
65
43739
78
45040
83
45161
75
45371
73
46663
188
46863
32
47424
67
47594
79
47824
78
48024
32
48365
16
48465
82
48795
85
49677
66
49807
73
49987
78
50137
73
50317
32
50558
69
50708
32
50888
73
51078
76
51219
32
51419
71
51579
82
51819
65
52000
78
52090
68
52320
69
52500
32
52751
16
52891
68
53111
69
53311
80
54052
65
54263
82
54473
68
54643
73
55855
69
56005
85
57367
190
57537
32
58047
16
58168
67
58588
222
59209
69
59379
82
59630
65
59790
32
60010
65
60130
78
60310
67
60431
72
60541
69
60711
32
60921
77
61091
73
61212
65
61392
32
61622
77
61732
65
62053
68
62233
82
62373
69
62994
32
63304
65
63485
32
63705
67
63885
65
64075
83
64196
65
64416
188
64566
32
64826
67
65017
79
65217
83
65447
73
65938
222
66088
32
66458
72
66629
79
66799
32
67049
80
67230
69
67430
78
67630
83
67800
65
68321
8
68521
8
68681
8
68842
8
69012
8
69663
82
69853
73
70984
8
71185
8
71375
8
71545
8
71725
8
72446
8
72637
8
72787
8
72947
8
73107
8
73287
8
73968
81
74078
85
74249
73
74459
78
74629
68
74789
73
74940
32
75450
78
75590
79
75721
78
75881
32
76241
65
76522
86
77062
69
77303
86
77473
79
77563
32
77833
86
78044
79
78384
71
78514
76
78735
73
78875
65
79045
32
79225
68
79365
73
79486
32
79626
85
79786
83
79996
67
80156
85
80627
8
80857
73
81028
82
81198
69
81378
32
82530
69
82700
68
82850
32
83180
72
83341
79
83471
32
83621
80
83791
82
83951
69
84462
70
84612
69
84853
82
85023
73
85173
84
85313
79
85483
32
86024
65
86194
78
86324
68
86515
65
86725
82
86875
69
87075
32
89318
8
89779
8
89819
8
89849
8
89889
8
90099
8
90690
8
91571
84
91732
82
91972
65
92162
83
92332
67
92523
79
92733
82
92873
82
93043
69
93234
82
93374
69
93544
32
93824
85
94045
78
94465
65
94625
32
94876
89
94876
84
95016
82
95296
65
95486
78
95787
81
96007
85
96217
73
96488
76
96658
76
96768
65
96938
32
97109
83
97289
69
97519
82
97860
65
98170
84
98410
65
98581
32
98771
70
99021
65
99171
77
99332
73
99842
76
00052
73
00233
65
00483
82
00633
69
01675
16
01805
186
02025
32
02275
67
02506
65
02646
80
02816
73
02996
84
03257
65
03467
32
03647
67
03777
79
03938
83
04118
73
04618
222
04809
32
05369
68
05530
73
05640
32
05950
82
06211
65
06391
68
06541
79
06841
190
07162
32
07582
16
07672
77
08103
69
08283
78
08433
84
08594
82
08794
69
08964
32
09595
71
09895
85
10416
65
10666
82
10847
68
11037
65
11417
86
11888
65
12088
77
12268
79
12399
32
12529
73
12739
76
12889
32
13140
70
13310
73
13750
77
14842
8
15092
76
15312
77
15793
188
15893
32
16154
76
16454
69
16644
73
16794
32
19398
72
19528
65
19748
32
19979
76
20129
65
20429
86
20609
79
20850
82
21140
65
21370
84
21561
79
22201
32
24504
65
24725
32
24895
77
24975
65
25245
71
25406
76
25626
73
25736
65
25926
32
26187
80
26317
69
26497
82
26657
32
26938
77
28109
69
30072
188
30282
32
33156
8
33606
8
34397
190
34618
32
35789
16
35909
69
36320
222
36410
32
36660
76
36801
65
36991
32
37141
83
37301
85
37431
65
37612
32
38473
78
38683
85
38843
79
39114
86
39334
65
39514
32
39664
80
39784
65
39985
83
40125
83
40245
73
40445
79
40816
78
40996
69
41997
16
42138
186
42308
32
42578
67
42808
82
42959
69
43209
65
43489
82
43659
69
43850
32
44170
77
44360
79
44611
68
44771
69
45001
76
45161
76
45372
73
45622
32
53623
80
53743
65
54013
82
54183
84
54313
73
54684
67
54834
79
55024
76
55175
65
55435
82
55665
73
55855
32
56126
69
56336
32
57478
68
57678
73
57768
32
58118
66
58339
85
58519
79
58649
78
58839
32
59390
71
59550
85
59791
83
60001
84
60151
79
60441
188
60582
32
60852
67
61082
72
61403
69
61583
32
61823
73
62003
79
62144
32
62394
69
62544
32
62855
77
63035
73
63445
65
63616
32
63776
83
63926
79
64086
82
64236
69
64427
76
64587
76
64687
65
64847
32
65078
83
65428
70
65618
79
65889
71
66049
71
66149
73
66439
65
66610
77
66780
79
66870
32
67080
67
67240
79
67591
78
67781
32
67951
69
68362
78
68612
79
68812
82
69083
77
69253
69
69533
32
69854
80
70044
73
70224
65
70435
67
70635
69
70785
82
70955
69
73799
190
75401
32
75641
16
75852
80
76232
69
76412
82
76553
32
76743
81
76893
85
77073
65
77193
78
77434
84
77604
79
77744
32
77994
82
78165
73
78475
71
78665
85
78866
65
79096
82
79306
68
79486
65
79687
32
79847
73
80087
76
80257
32
80438
70
82070
73
82951
76
83091
77
91602
188
91732
32
92003
77
92193
73
92353
32
92904
69
93044
222
93174
32
93334
80
93585
73
93765
65
94025
67
94176
73
94386
85
94576
84
94776
79
98501
37
98962
37
99002
37
99032
37
99072
37
99112
37
99142
37
99182
37
00133
83
00213
73
00724
222
00874
32
01415
35
02206
188
02386
32
03788
77
03928
65
04119
32
04329
65
04469
76
04569
32
04860
84
05070
69
05210
77
05420
80
05601
79
05731
32
05921
83
06161
84
06372
69
06602
83
06732
83
06852
79
06992
32
16154
83
16264
73
16385
32
16595
69
17076
222
17226
32
17476
84
17636
82
17867
65
18127
84
18257
84
18477
65
18718
84
18888
79
18998
32
19218
68
19359
73
19509
32
19639
85
19839
78
20620
79
20760
32
20981
68
21151
73
21281
32
21511
81
21692
85
21892
69
22192
73
22372
32
22613
70
22873
73
23584
76
23744
77
24115
32
24465
73
24746
78
24936
32
25316
67
25436
85
25617
73
25777
32
26888
78
27059
79
27259
78
27449
32
28100
82
28230
73
28460
69
28671
83
28851
67
29091
73
29191
32
29432
65
29592
32
29892
67
30103
65
30393
80
30603
73
30773
82
30944
69
31134
32
31454
77
31625
79
31875
76
32065
84
32235
79
32456
32
32936
66
33167
69
33327
78
33417
69
33607
32
33847
67
33998
79
34178
83
34358
65
34528
32
34739
83
34939
73
35079
65
35269
32
35620
69
35850
70
36010
70
36130
69
36351
84
36481
84
36631
73
37212
86
37422
65
37612
77
37753
69
37893
78
38023
84
38203
69
38403
32
38614
83
38804
85
39084
67
39235
67
39435
69
39695
83
39835
83
39986
79
40747
190
41427
32
41648
16
41798
67
42018
82
42178
69
42359
68
42549
79
42699
32
43330
67
43480
72
43670
69
43881
32
44602
16
44762
68
45232
69
45393
80
45593
65
45833
82
46043
68
46214
73
47065
69
47215
85
47375
32
47605
70
47856
65
48066
67
48276
69
48517
83
48667
83
48827
69
49007
32
49368
85
49618
78
49768
65
49939
32
50189
66
50389
69
50609
76
50760
76
50900
65
51330
32
51611
80
51841
65
52081
82
52262
84
52442
69
55626
188
55816
32
56637
68
56757
73
56898
32
57138
85
57398
78
57548
32
57809
65
58269
78
58440
90
58640
73
59020
65
59151
78
59321
79
59461
32
59942
83
60142
67
60382
82
60562
73
60693
84
60863
84
61023
79
61243
82
61424
69
61904
188
62054
32
62635
73
62865
78
63176
71
63386
69
63606
78
63817
85
64167
79
64488
188
64708
32
64958
67
65118
79
65319
78
66170
70
66320
85
66610
83
66771
79
67061
32
67592
69
67782
32
68002
67
68142
79
68343
78
68523
32
68673
85
68903
78
69034
32
69254
83
69454
69
69634
78
70085
83
70215
79
70335
32
70515
68
70666
73
70796
32
71016
70
71216
65
71417
76
71557
76
71737
73
71967
77
72138
69
72288
78
72368
84
72578
79
72728
32
72919
65
73149
68
73299
68
73409
79
73579
83
73750
83
73950
79
74180
188
74391
32
74521
77
74641
65
74831
32
75312
79
75872
78
76003
69
76213
83
76423
84
76744
79
77014
188
77194
32
77565
77
77725
69
77875
78
78005
84
78185
82
78356
69
78516
32
78967
16
79147
82
79477
85
79868
66
80038
73
80268
78
80368
73
80549
32
81019
70
81179
79
81510
83
81660
83
81810
69
81990
32
82251
85
82461
78
82641
32
83833
67
84073
79
84314
77
84464
77
84604
73
85064
83
85205
83
85385
65
85655
82
85805
73
85986
79
86216
32
86436
68
86586
73
86737
32
86907
80
87087
79
87297
76
87518
73
87828
90
88028
73
88419
65
88599
32
88799
68
88990
69
89190
76
89360
76
89430
65
89600
32
91193
8
92304
8
92544
8
92725
8
92905
8
93105
8
95158
67
95308
72
95388
69
95588
32
95789
65
96129
66
96309
85
96540
83
96690
73
96890
32
99533
68
99734
69
99924
76
00074
32
00234
80
00435
82
00585
79
00835
80
01075
82
01186
73
01376
79
01616
32
01846
80
02047
79
02257
84
02477
69
02637
82
02788
69
08325
188
08525
32
08735
80
08916
85
09236
82
09396
32
09617
70
09767
73
10017
78
10267
71
10478
69
10648
78
10968
68
11119
79
11269
32
11719
68
11860
73
12020
32
12230
69
12450
83
12601
83
12771
69
12941
82
13081
69
13341
32
14493
85
14713
78
14914
32
15254
85
15394
79
15524
77
15665
79
15865
32
16626
77
16786
79
17036
76
17136
84
17277
79
17457
32
17727
65
17867
80
18018
69
18218
82
18368
84
18508
79
18658
32
18859
69
19019
32
19199
68
19359
73
19700
83
19880
80
20040
79
20291
78
20431
73
20971
66
21112
73
21352
76
21512
69
23475
190
