07394
16
07524
73
07965
69
08155
82
08305
73
08405
32
08666
83
08876
69
09046
82
09326
65
09527
32
09897
83
10118
79
10308
78
10488
78
11199
8
11820
79
11930
32
12370
65
12501
78
12611
68
12811
65
13061
84
13312
65
13472
32
13662
65
13832
76
13973
76
14443
222
14864
16
14994
65
15274
68
15415
85
15605
65
15815
32
17828
67
17948
79
18178
78
18308
32
18509
65
18799
77
19029
73
19169
67
19330
73
19590
32
20021
16
20111
57
20591
69
20742
82
20992
65
21442
86
21753
65
21893
77
22063
79
22173
32
22314
73
22524
78
22664
32
23245
53
25308
188
25548
32
25898
16
26059
73
26479
82
26659
69
26789
78
26950
69
28301
32
28512
76
28662
65
28882
32
29233
68
29954
69
30124
69
34249
74
34480
69
35481
73
36863
8
38875
89
39236
188
39406
32
40167
16
40357
77
40838
65
41098
88
44283
8
44493
83
44693
83
44853
73
45094
77
45314
79
53314
188
53755
32
53885
73
54106
76
54296
32
54616
71
55147
65
55307
89
55487
32
55738
80
55948
73
56158
85
56759
222
56899
32
57210
83
57520
73
57800
77
58041
80
58221
65
58511
84
58692
73
58912
67
59072
79
59172
32
59493
67
59663
72
59833
69
60013
32
60314
67
60434
79
60664
78
60884
79
61175
83
61415
67
61595
79
61956
188
62156
32
62386
77
62567
73
62777
79
62987
32
63147
77
63308
65
63638
82
63788
73
63969
84
64109
79
68975
37
69125
190
69656
39
69846
39
70407
37
71378
16
71538
69
71849
46
72039
46
82253
46
83965
35
85737
32
86138
16
86368
57
87029
67
87179
72
87349
73
87510
83
87660
83
87880
65
88210
222
88381
32
88581
83
88781
69
88931
32
89182
83
89342
73
89472
32
89672
73
90363
8
90654
83
90904
84
91104
73
91315
65
91605
32
91935
73
92166
78
92326
78
92566
65
92736
77
92937
79
93167
82
93517
65
93718
78
93868
68
94068
79
94238
32
94679
68
94839
73
95009
32
95550
16
95730
73
96101
82
96271
69
96421
77
96912
8
97232
78
97443
69
99676
16
00146
16
00176
16
00216
16
00246
16
00286
16
00316
16
00356
16
00387
16
00427
16
00467
16
00497
16
00537
16
00567
191
01318
32
17048
83
17229
65
17569
82
17799
69
18020
66
18190
66
18320
69
18490
32
18621
85
18861
78
19021
65
19241
32
19532
66
19782
69
19972
76
20133
76
20213
65
20403
32
20653
67
20773
79
20914
83
21084
65
21264
188
21414
32
21524
80
21665
69
21825
82
22055
67
22285
71
22726
8
22976
72
23517
69
23647
222
23747
32
24038
76
24138
85
24308
73
24448
32
24809
72
24959
65
25179
32
25500
66
25660
73
25990
83
26130
79
26421
71
26571
78
26751
79
26891
32
27132
68
27272
73
27392
32
27532
85
27763
78
27963
65
28133
32
28353
68
28444
79
28684
78
28854
78
28974
65
29245
32
37115
77
37285
79
37515
76
37686
84
37966
79
38136
32
38397
80
38557
82
38727
69
38957
83
39168
69
39348
78
39448
84
39688
69
39849
188
40009
32
42903
68
43033
73
43253
78
43423
65
43573
77
43784
73
44004
67
44254
65
44455
32
44655
69
44795
32
45176
67
45336
79
45566
78
45756
84
45977
69
46137
77
46347
80
46517
79
46698
82
46988
65
47168
78
47268
69
47629
65
47809
77
47999
69
48089
78
48270
84
48490
69
48630
32
48870
65
49081
65
49551
8
49912
76
50062
76
50362
222
50613
65
50793
78
51133
84
51284
73
51634
67
51924
65
52245
16
52545
48
62048
77
62248
73
62388
65
62649
32
63009
65
63249
77
63460
73
63690
67
63940
65
64892
32
67225
40
67835
35
68967
40
69307
40
71921
188
72051
32
72401
16
72532
77
72982
65
73333
82
73463
73
73673
78
73903
65
76557
32
81093
76
81493
222
81794
65
81984
83
82274
84
82445
82
82585
79
82885
76
83076
79
83236
71
83526
65
83716
32
83887
68
84097
69
84277
76
84447
76
84517
65
84678
32
84938
67
85058
79
85258
77
85499
80
85709
65
86079
71
86280
78
86450
73
86680
65
87451
32
87642
69
88142
68
88322
32
88503
73
88713
79
93079
190
93850
32
94931
16
95161
65
95492
66
95632
66
95712
73
96083
65
96263
77
96623
79
96774
32
97004
85
97244
78
98135
8
98306
8
98866
86
99067
73
99287
83
99647
84
99808
79
99968
32
00859
85
01079
78
01229
32
01500
70
01650
73
01890
76
02091
77
02301
32
07378
76
07528
69
07898
71
08058
71
08209
69
08519
82
08689
79
08789
32
09020
69
09230
32
09470
68
09651
73
10001
86
10211
69
10402
82
10572
84
10802
69
10932
78
11062
84
11313
69
12414
32
12985
16
13135
222
14397
52
14547
48
14657
32
14948
71
15438
73
15638
79
15859
82
15999
78
16169
73
16299
32
16500
69
16650
32
17281
52
17461
48
18052
32
18252
78
18452
79
18622
84
18793
84
18883
73
19614
16
19924
222
21787
186
22027
32
23218
82
23479
65
23719
67
23889
67
23979
79
24200
78
24420
84
24750
65
24941
32
25151
68
25281
73
25411
32
25572
85
25802
78
26232
32
27975
82
28265
65
28435
71
28606
65
28856
90
29016
90
29166
79
29947
32
30348
76
30498
65
30798
84
30939
73
31139
78
31800
32
32010
76
32210
79
32531
86
32761
69
32971
82
33162
32
33422
67
33562
72
33662
69
33842
32
34083
70
34333
65
34513
32
36296
222
36626
86
36796
79
36967
84
37157
79
37617
222
37748
32
38208
68
38408
73
38519
32
38829
67
39059
65
39260
83
39510
84
39660
73
39790
84
40752
65
40922
222
41062
32
41392
84
41593
79
41803
84
42173
65
42414
76
42564
69
42734
32
44056
80
44186
69
44386
82
44496
32
44917
52
45087
48
45237
32
45508
71
45648
73
45848
79
46018
82
46209
78
48512
73
51606
32
51826
69
52036
32
52207
76
52327
65
52527
32
52737
83
52858
85
52968
65
53138
32
53298
68
53508
69
53749
67
53869
73
54019
83
54159
73
54370
79
54660
78
55070
69
55471
188
55581
32
55781
85
56012
78
56152
65
56312
32
56562
86
56733
79
56953
76
57053
84
57333
65
57514
32
57714
83
57934
67
58064
79
58345
80
58445
69
58665
82
58825
84
59136
65
59446
188
59576
32
59827
69
60057
222
60187
32
60508
77
60648
69
60878
83
61018
83
61188
65
61369
32
61589
65
61729
76
61869
76
62020
65
62160
32
62600
80
62781
82
62881
79
63171
86
63431
65
63622
32
63802
68
64002
65
64162
32
64423
84
64553
85
64673
84
64823
84
65024
69
65204
32
65374
76
65494
69
65634
32
65785
82
66045
65
66265
71
66526
65
66746
90
66886
90
67086
69
67246
32
67427
68
67597
69
67777
76
67927
76
68488
222
69269
16
69359
85
69660
78
69820
73
70110
86
70311
69
70481
82
70741
83
70921
73
71062
84
71632
65
71782
222
72463
188
72604
32
72774
80
72874
69
73054
82
73204
32
73845
83
74106
70
74256
73
75487
8
75708
8
75898
8
76098
8
76308
8
76539
8
76769
8
83438
67
83568
72
83718
69
83858
32
84459
76
84619
65
84800
32
84960
80
85110
82
85310
69
85460
78
85801
68
85931
79
86161
78
86352
79
86482
32
86782
67
86872
79
87123
77
87253
69
87413
32
87603
85
87864
78
88004
65
88204
32
88374
83
88855
70
89025
73
89446
68
89706
65
91919
32
92259
78
92460
79
92630
78
93371
67
93501
72
93892
69
94282
222
94462
32
94703
68
94953
65
95123
76
95263
76
95374
65
95534
32
95744
82
96014
65
96265
71
96515
65
96745
90
96896
90
97056
65
97226
32
97406
68
97546
73
97667
32
97927
67
98057
85
98267
73
98418
32
99108
76
99279
85
99429
73
99569
32
99829
83
99970
73
00110
32
00340
73
00560
78
00721
78
00871
65
01051
77
01241
79
01442
82
01712
65
01872
32
02072
78
02243
69
02473
76
02613
32
02954
67
03124
79
03314
82
03564
83
03705
79
03815
32
04005
68
04215
69
04345
76
04526
32
04756
70
04896
73
05136
76
05397
77
06188
190
25674
188
29829
32
30179
16
30340
68
30600
79
30830
80
31281
79
31471
32
31611
73
31832
76
31982
32
32272
67
32392
73
32633
78
32853
69
33123
77
33304
65
33504
32
33974
83
34095
73
34205
65
34345
77
34545
79
34655
32
34886
65
35116
78
35316
68
35547
65
35797
84
35947
73
36087
32
36378
84
36518
85
36648
84
36808
84
36948
73
37059
32
37349
65
37509
32
37709
67
37930
65
38180
83
38490
32
40123
8
40453
65
40643
32
41114
77
41304
73
41504
65
41875
188
42055
32
43797
80
44008
79
44228
73
44468
67
44618
72
45249
69
45389
222
45540
32
46711
65
47142
66
47312
73
47532
84
47713
79
47873
32
48984
65
49195
32
49665
68
49775
85
49945
69
50126
32
50516
80
50656
65
50867
83
51017
83
51147
73
51247
32
51437
68
51698
65
51868
76
52028
32
52289
67
52429
73
52709
78
53260
69
53450
77
53650
65
56234
32
56444
69
56614
32
56895
65
57165
66
57315
66
57495
73
57706
65
57846
77
58026
79
58266
32
60349
65
60549
83
60790
88
60790
67
60880
79
61130
76
61260
84
61551
65
61861
84
62021
79
62242
32
63403
77
63634
85
64224
83
64375
73
64555
67
64795
65
64965
188
65115
32
65466
67
65596
72
65796
73
65947
65
66247
67
66407
67
66527
72
66688
73
66888
69
67088
82
67368
65
67669
84
67829
79
67969
32
68170
69
68320
32
68580
83
68911
77
69101
65
69491
78
69712
67
70182
8
70362
71
72976
73
73196
85
73557
67
73737
67
73827
72
74037
73
74177
65
74498
84
74668
79
75049
32
75219
73
75429
78
75579
32
75860
65
76020
76
76180
76
76250
69
76470
71
76621
82
76901
73
77141
65
79294
190
79565
32
83370
8
85903
16
85993
78
86263
79
86424
78
86584
32
86914
65
87225
66
87385
66
87515
73
87715
65
87855
77
88026
79
88196
32
88416
70
88667
65
88917
84
89067
84
89187
79
89307
32
89758
84
90078
65
90349
82
90579
68
90709
73
91000
188
91150
32
91330
73
91550
78
91801
84
91981
79
92201
82
92492
78
95846
79
96136
32
96877
65
97098
32
97338
77
97438
69
97849
90
97989
90
98179
65
98469
78
98680
79
99801
8
00032
8
00252
8
00462
8
00652
8
00873
8
01383
8
01634
8
02385
76
02555
76
02755
69
02925
32
03136
50
03366
52
03686
190
03917
51
04107
48
04277
32
04688
83
04868
69
05018
32
05178
78
05359
69
05529
32
05809
83
05959
79
06190
78
06390
79
06550
32
06770
65
06971
78
07161
68
07411
65
07682
84
07842
73
07992
32
08282
86
08483
73
08713
65
64246
186
64466
32
65278
69
65398
222
65508
32
65788
67
65918
79
66169
78
66619
8
66820
77
66950
79
67370
68
67561
79
67661
32
68231
79
68452
83
68552
80
68812
73
68992
84
69273
65
69483
82
69663
69
69783
32
69994
71
70134
76
70374
73
70504
32
70845
65
70995
77
71175
73
71486
67
71606
73
71726
32
71906
65
72097
32
72297
67
72487
65
72747
83
72938
65
73098
32
73328
80
73558
82
73679
79
74510
80
74690
82
74830
73
75050
65
75381
188
75541
32
75691
80
75811
69
76012
82
76252
67
76462
72
77103
69
77273
222
77454
32
81469
83
81609
73
81699
32
81909
86
82150
65
82330
32
82530
65
82690
32
83321
68
83482
79
83582
82
83822
77
84042
73
84273
82
84453
69
84593
32
87547
65
87697
76
87927
77
88018
69
88869
8
89099
8
89299
8
89590
8
90240
77
90421
69
90801
90
90971
90
91242
222
91552
79
92143
82
92323
69
92523
84
92664
84
92974
65
93124
32
93325
80
93445
82
93625
73
93895
77
94035
65
94226
32
94426
69
95377
188
95547
32
95798
83
95928
79
96138
80
96288
82
96569
65
96839
84
96999
84
97089
85
97240
84
97390
84
97570
79
98441
188
98581
32
98972
78
99132
79
99252
78
99443
32
99693
83
99823
73
99913
32
00093
68
00264
69
00494
86
00694
69
00874
32
01325
71
01505
85
01726
73
01946
68
02176
65
02416
82
02577
69
02727
32
03087
77
03378
69
03758
90
03908
90
04069
73
04189
32
04399
65
04619
83
04780
83
04890
79
05180
78
05340
78
05701
65
05981
84
06121
73
06642
190
