05809
16
06029
78
06390
69
06610
71
06780
76
07010
73
07111
32
07411
85
07541
76
07701
84
07862
73
08062
77
08172
73
08342
32
08572
71
08733
73
08913
79
09103
82
09293
78
09474
73
09634
32
10655
67
10936
222
11076
69
11246
222
11506
32
12277
83
12478
84
12718
65
12968
84
13209
65
13429
32
14060
85
14300
78
14450
65
14600
32
15041
67
15191
79
15401
77
15592
80
15802
76
15932
69
16132
84
16383
65
16603
32
17674
77
17835
69
18065
84
18305
65
18656
77
18836
79
18976
82
19377
70
19557
79
19957
83
20108
73
20268
32
20448
68
20638
69
20818
76
20979
76
21439
222
22000
85
22330
70
22481
70
22671
73
22791
67
22941
73
23121
79
89438
188
89709
32
91241
83
91411
73
91481
32
91721
83
91891
79
92142
78
92322
79
92462
32
92743
83
92953
80
93163
79
93303
83
93544
84
93824
65
94575
84
95967
69
96177
32
00242
8
00463
8
00773
8
01744
84
01875
73
02025
32
02435
65
02595
77
02756
77
02886
69
03156
90
03296
90
03477
65
03767
84
03917
73
04358
188
04498
32
04618
80
04808
79
04969
83
05179
84
05419
65
05659
90
05790
73
05980
79
06220
78
06390
73
06541
32
06741
68
06861
73
07011
32
07191
76
07332
65
07612
86
07762
79
07892
82
08043
79
08323
188
08473
32
08663
65
08924
82
09525
77
09625
65
09885
68
10145
73
10576
188
10836
190
11016
190
11167
190
12829
83
12949
73
13089
32
13430
69
13590
222
13740
32
14080
70
14311
65
14571
84
14701
84
15022
65
15202
32
15432
85
15683
78
15883
65
16073
32
16934
82
17165
65
17465
68
17705
73
17996
67
18206
65
18376
76
18506
69
18666
32
18947
80
19147
85
19317
76
19528
73
19778
90
19898
73
20048
65
20229
32
20429
68
20719
69
21470
76
21650
76
21801
65
21941
32
22752
68
22882
79
23242
67
23463
85
23733
77
23923
69
24084
78
24114
84
24384
65
24634
90
24764
73
24995
79
25225
78
25465
69
25686
32
25906
69
26056
32
26397
80
26577
65
26797
82
26957
69
27208
67
27348
67
27408
72
27608
73
27748
65
27919
32
28119
65
28409
84
28579
84
28800
82
28990
69
29441
90
29571
90
29761
65
30021
84
30462
85
30602
82
30852
65
31003
32
31463
69
31714
222
31854
32
32084
83
32304
84
32525
65
32805
84
33025
65
33256
32
33396
83
33566
80
33746
79
35258
83
35458
84
35709
65
35929
84
36189
65
36370
32
36580
78
36750
69
37962
76
38102
32
38232
77
38442
65
38743
71
38963
65
39213
90
39364
90
39444
73
39674
78
39804
79
40245
190
40455
32
40805
16
40916
79
41286
82
41546
65
41727
32
41917
76
42307
222
42648
85
43018
70
43189
70
43259
73
43459
67
43559
73
43739
79
43879
32
44160
69
44330
222
44480
32
44741
68
44891
69
45121
67
45271
73
45522
83
45702
65
45832
77
45982
69
46082
78
46193
84
46363
69
46503
32
46733
80
46873
73
47044
85
47244
222
47444
32
47684
65
47935
82
48085
73
48285
79
48676
83
48796
79
49036
188
49196
32
49717
76
49787
85
50038
77
50258
73
50879
78
51059
79
51449
83
51590
79
51880
32
59240
69
59440
32
61843
65
62264
77
62424
80
62664
76
62724
73
62914
79
63255
190
64076
32
64847
16
65047
77
65388
73
65558
32
65658
80
65888
73
65988
65
66219
67
66399
69
66549
32
66659
73
66900
76
67030
32
67300
78
67510
85
67651
79
67981
86
68231
32
68572
65
68712
77
68952
80
69513
8
69873
66
70014
73
70424
69
70574
78
70685
84
70865
69
71115
190
71325
32
77453
16
77594
65
77844
32
78274
76
78445
65
78815
86
78945
79
79086
82
79326
65
79576
82
79746
69
79877
32
82140
73
82360
78
82530
32
83021
16
83131
68
83351
73
83561
80
83712
65
83972
82
84162
84
84282
73
84523
77
84723
69
84853
78
84953
84
85174
79
85294
32
85524
83
85684
73
85834
32
85975
73
86225
77
86485
80
86645
65
86896
82
87246
65
87406
32
87867
73
89099
8
89309
85
89850
78
90050
32
90170
80
90340
79
90861
222
91071
32
91392
68
91582
73
91702
32
91952
84
92063
85
92233
84
92403
84
92643
79
93484
188
93675
32
94125
83
94235
73
94366
32
94606
84
94766
82
94986
65
95247
84
95357
84
95637
83
95637
65
96578
8
96769
8
97379
65
97540
32
97720
68
97890
73
98090
32
98261
85
98491
78
98651
32
99002
76
99172
65
99432
86
99582
79
99723
82
99863
79
00073
32
00594
68
00804
73
01245
68
01715
8
01845
70
02006
70
02216
69
02386
82
02536
69
02777
78
02927
84
03107
69
03287
32
03477
68
03698
65
03848
32
04068
81
04198
85
04399
69
04659
76
04809
76
04989
79
05130
32
05300
83
05420
80
05660
69
05991
67
06161
73
06331
65
06501
76
06722
73
06912
83
07152
84
07332
73
07573
67
07713
79
07863
32
08023
68
08204
69
08354
76
08494
76
08594
65
08744
32
08915
83
09105
69
09305
68
09475
69
17516
186
17706
32
18057
65
18227
78
18407
67
18577
72
18747
69
18968
32
23243
73
23494
76
23684
32
23904
67
24004
76
24205
73
24425
77
24555
65
24745
32
25086
67
25276
79
25506
78
25707
32
25817
73
25977
32
26237
67
26347
79
26588
76
26748
76
27128
69
27359
71
27539
72
27679
73
27849
32
28070
69
28600
222
28811
32
29141
68
29311
73
29782
86
30012
69
30192
82
30443
83
30583
79
30723
32
30973
69
31124
32
31524
80
31744
73
31945
85
32355
186
32846
8
33126
222
33316
32
33777
77
34859
8
35479
73
35730
77
35890
80
36451
82
36621
79
37141
78
37312
84
37562
65
37802
84
37993
79
38143
32
38403
83
38734
85
38974
76
39154
76
39234
65
39394
32
39645
67
39755
79
39985
76
40145
76
40236
65
40516
66
40656
79
40786
82
41047
65
41287
90
41397
73
41557
79
41828
78
41998
69
95638
190
95838
32
98001
16
98231
73
98462
79
98992
32
99673
81
99793
85
99964
73
00164
32
00885
72
01055
79
01175
32
01406
83
01606
73
01906
67
02056
85
02217
82
02477
65
02627
77
02777
69
02908
78
03008
84
03218
69
03408
32
03759
68
03959
65
04119
32
04309
73
04500
77
04650
80
04910
65
05160
82
05431
65
05641
82
05841
69
06012
32
06152
77
06342
79
06592
76
06783
84
06913
79
13702
16
13882
49
14683
32
31705
16
31845
82
32116
73
32406
77
32596
65
32707
78
32867
69
33017
32
33277
65
33508
78
33678
67
34198
79
34379
82
34639
65
34789
32
34969
68
35190
65
35330
32
35590
82
35700
73
35911
79
36211
82
36672
68
36772
73
36972
78
37112
65
37413
82
37583
69
37743
32
37923
73
38634
76
38825
32
38975
77
39125
65
39405
71
39636
65
39906
90
40076
90
40186
73
40427
78
40557
79
40847
188
40987
32
41268
67
41508
82
41688
69
41889
68
42970
79
43531
32
44001
67
44151
72
44272
69
44462
32
44652
82
44782
73
45023
67
45163
72
45333
73
45533
69
45744
83
45974
69
46795
8
46985
8
47406
68
47586
69
47766
82
48477
65
48637
222
48798
32
50600
81
50740
85
50990
65
51241
76
51501
67
51681
72
51842
69
52042
32
52312
71
52482
73
52663
79
53213
82
53434
78
53654
79
53994
188
54105
32
54305
77
54405
65
54695
32
56227
78
56388
79
56548
78
56758
32
57739
69
57899
222
58040
32
59401
85
59572
78
59752
32
60012
76
60182
65
60493
86
60653
79
60803
82
60963
79
61124
32
62015
85
62195
82
62586
71
62816
69
63006
78
63116
84
63337
69
64208
190
64378
32
65229
16
65379
80
65760
69
65930
82
66160
32
66361
81
66481
85
66751
65
66941
78
67372
84
67572
79
67712
32
67913
82
68133
73
68483
71
68614
85
68824
65
69074
82
69284
68
69485
65
69665
32
69825
76
70276
222
70626
85
71147
70
71307
70
71417
73
71587
67
71718
73
71938
79
72238
32
72449
73
72649
78
72979
86
73230
69
73470
67
73660
69
73820
188
73971
32
74101
80
74261
69
74441
78
74762
83
74962
79
75242
32
75533
67
75653
72
75773
69
76003
32
76284
83
76474
73
76644
65
76874
32
77515
83
77765
84
78006
65
78296
84
78827
79
78957
32
79167
82
79428
65
79688
71
79828
71
79958
73
80159
85
80389
78
80819
84
81010
79
81150
32
81390
76
81781
222
81991
65
82191
83
82341
83
82522
69
82722
84
82862
84
83042
79
83203
32
83633
68
83803
69
84024
70
84164
73
84474
78
84614
73
84765
84
84925
73
85335
86
85506
79
85786
190
95188
8
95449
32
96119
69
96360
32
98292
77
98533
73
99624
32
00425
83
00595
79
00756
68
00896
68
01076
73
01196
83
01837
70
02217
65
02818
16
02998
186
03229
32
03459
77
03649
79
03860
76
04030
84
04150
79
04320
32
04661
77
04851
69
05131
71
05251
76
05492
73
05712
79
05882
32
06083
68
06273
69
06443
76
06583
76
06954
222
07274
85
07705
70
07855
70
07955
73
08165
67
08255
73
08476
79
08666
32
08816
73
09066
78
09247
32
09697
67
09837
85
10018
73
10168
32
10398
69
10548
82
10749
79
10909
32
11169
69
11490
78
11700
84
11880
82
12120
83
12341
84
12591
65
12791
32
13092
81
13302
85
13492
65
13853
76
14073
67
14243
72
14383
69
14584
32
14784
77
14894
69
15114
83
15305
69
15495
32
15715
70
15945
65
16736
190
18148
32
18819
16
18969
65
19280
78
19560
67
19770
72
19881
69
20061
32
20301
76
20401
65
20612
32
20902
77
21092
73
21242
65
21433
32
21653
80
21833
79
22063
83
22244
73
22494
90
22614
73
22814
79
23045
78
23165
69
23365
32
23575
69
23886
222
24096
32
24406
77
24607
73
24817
71
25017
76
25218
73
25408
79
25628
82
25818
69
25979
188
26169
32
26389
77
26569
69
26699
78
26960
79
27130
32
27771
66
27961
85
28141
73
28412
65
28622
32
28822
69
28962
32
29313
78
29603
65
29804
83
30014
67
30174
79
30334
83
30585
84
30855
65
31526
190
