08132
16
08293
83
08543
67
08763
82
08943
73
09845
86
10025
79
10115
32
11827
81
11987
85
12168
69
13169
83
13429
84
13900
65
14090
32
14671
66
15011
82
15192
69
15392
86
15582
69
15732
32
16013
77
16233
65
16343
73
16563
76
16744
32
16944
80
17334
69
17515
82
17635
32
17805
68
17955
73
18125
83
18376
84
18516
82
18786
65
19057
82
19317
77
19497
73
19667
32
19808
85
20008
78
20158
32
21029
80
21219
79
21750
222
22932
16
23182
186
23472
32
23933
83
24023
79
24223
78
24414
79
24604
32
24744
85
24974
78
25185
32
26016
80
26186
79
26647
222
26777
32
27167
84
27337
82
27498
73
27718
83
27988
84
28189
69
28339
32
28519
80
28639
69
28809
82
29200
67
29360
72
29951
69
30071
222
30181
32
30472
65
30682
76
30822
76
31233
222
31623
73
31823
77
31974
80
32244
82
32374
79
32875
86
33015
86
33105
73
33486
83
33616
79
33756
32
33916
85
34146
78
34287
32
34497
83
34697
69
34907
84
35108
32
35638
68
35768
73
35889
32
36059
80
36299
82
36489
79
36690
71
36880
82
37190
65
37401
77
37571
77
37751
73
37951
32
38192
67
38332
72
38452
69
38642
32
38883
70
39083
73
39273
78
39493
79
39714
32
39954
65
40144
32
40365
73
40525
69
40765
82
40915
73
41085
32
41396
70
41616
85
41836
78
42567
90
42968
73
43118
79
43348
78
43579
65
43949
86
44210
65
44360
78
44570
79
44730
32
45151
67
45321
79
45491
82
45641
82
45822
69
46022
84
46192
84
46462
65
46653
77
46843
69
46983
78
47113
84
47344
69
47664
188
47834
32
48375
78
48525
79
48615
78
48836
32
50668
71
50828
73
51069
82
51870
65
52050
32
52280
80
53071
73
53291
85
54042
222
54393
190
54573
32
54894
16
55444
16
55655
69
55875
32
56486
8
56746
222
56946
32
57447
67
57587
79
57837
77
57958
69
58148
32
58298
83
58508
69
58678
32
58809
78
58989
79
59199
78
59399
32
59960
86
60140
69
60301
68
60501
69
60841
83
60991
83
61182
69
61352
82
61542
79
61692
32
61813
73
62013
32
62263
80
62564
65
62814
82
63034
65
63355
77
63525
69
63745
84
63935
82
64116
73
64897
16
65097
186
65758
32
66048
66
66218
79
66439
72
67780
16
68041
49
69613
32
70664
76
70965
73
71215
32
71756
82
71926
73
72186
86
72386
69
72577
68
73137
82
73548
79
73838
222
74029
32
74379
68
74519
79
74790
77
75000
65
75110
78
75320
73
75651
188
75891
32
76151
79
76302
71
76482
71
76612
73
76822
32
77183
83
77333
79
77563
78
77743
79
77954
32
78204
83
78474
84
78645
85
78955
70
79396
65
83641
32
83811
69
83982
32
84282
78
84412
79
84542
78
84763
32
85093
67
85323
65
85464
80
85694
73
85914
83
86144
67
86255
79
86445
32
87716
67
87827
79
88067
77
88187
69
88387
32
88588
83
88728
73
88898
65
89128
32
89268
80
89459
79
89629
83
89799
83
89899
73
90150
86
90750
8
90951
66
91051
73
91271
76
91682
69
91872
32
92763
8
94015
188
94225
32
94525
86
94686
73
94886
83
95146
84
95266
79
95437
32
95707
67
95827
72
95967
69
96147
32
96278
78
96498
79
96698
78
96868
32
97099
82
97319
73
97529
67
97639
79
98320
82
98551
68
98711
79
98851
32
99292
68
99432
73
99572
32
99832
65
00063
86
00473
82
00984
8
01174
69
01354
82
01484
76
01715
73
01845
32
02105
77
02306
79
02776
68
02976
73
03167
70
03297
73
03517
67
03757
65
04038
84
04158
73
06121
190
06291
32
06441
16
06631
67
07062
72
07302
69
07462
32
07813
83
07973
73
08414
65
08604
32
08864
67
09124
65
09275
77
09585
66
09825
73
10116
65
10416
84
10566
79
10727
32
10997
81
11187
85
11407
65
11938
76
12118
67
12289
79
12549
83
12729
65
12939
32
13190
83
13280
85
13550
76
13771
32
14411
83
14612
69
14792
82
15012
86
15242
69
15423
82
16374
16
16784
191
50198
73
50469
78
50629
79
50829
76
51119
84
51320
82
51490
69
51670
32
61413
16
61613
67
62785
72
62915
46
63776
8
66309
13
66680
16
66860
65
67110
68
67271
69
67481
83
67611
83
67701
79
67821
32
68322
69
68532
83
68752
67
68903
79
69043
32
69283
69
69463
32
69904
86
70124
65
70294
68
70465
79
70605
32
70755
73
70985
78
71126
32
71286
80
71486
65
71636
76
71766
69
71997
83
72217
84
72367
82
72638
65
74310
190
74500
32
74860
16
75011
76
75251
222
75682
65
76012
84
76162
84
76312
73
76543
86
76683
73
76903
84
77504
65
77644
222
77764
32
78325
70
78495
73
78786
83
78956
73
79366
67
79617
65
79817
32
80007
73
80217
78
80508
32
81739
81
82450
85
82971
69
83151
83
83382
84
83542
73
83632
32
83892
67
84123
65
84333
83
84473
73
84603
32
85064
70
85324
65
85544
32
85675
83
85865
69
86115
77
86606
80
86736
82
86916
69
87106
32
87627
66
87857
69
88008
78
88138
69
89359
16
89500
186
89720
32
89940
70
90181
65
90361
32
90681
80
90921
65
91142
83
91302
83
91482
65
91733
82
91933
69
92103
32
92844
73
93094
76
93285
32
93445
77
93685
65
94476
76
94646
32
94847
68
94987
73
95167
32
95417
84
95638
69
95838
83
96078
84
97420
65
99052
32
99222
69
99433
32
01145
77
01395
69
01656
84
01816
84
01996
69
02827
32
03107
68
03268
73
03428
32
03728
66
03939
85
04169
79
04379
78
04509
32
05230
85
05390
77
05621
79
05821
82
06021
69
10797
190
12219
32
12390
16
12540
67
12790
69
12990
82
13151
84
13361
79
13491
32
13751
83
13952
69
14122
32
14332
86
14592
65
14803
68
14943
79
15083
32
16275
65
16505
32
16855
81
17016
85
17196
69
17406
83
17646
84
18267
222
18648
79
18838
82
19098
65
19299
32
19549
82
19729
73
20010
83
20240
67
20400
72
20580
73
20791
79
20981
32
21201
68
21351
73
21491
32
21732
70
21982
65
22212
82
22373
69
22563
32
22643
85
22873
78
23074
32
23364
80
23554
79
24085
222
24285
32
24856
84
25056
82
25216
79
25437
80
25597
80
25767
65
25987
32
26268
71
26458
73
26818
78
27019
78
27149
65
27349
83
27630
84
27840
73
28100
67
28360
65
32446
188
32676
32
32866
80
33037
79
33237
73
33527
67
33657
72
34689
69
34829
222
35029
32
35350
68
35530
79
35810
86
36051
82
36311
79
36962
222
37132
32
37502
70
37703
69
37903
82
38023
77
38213
83
38213
65
38814
8
39545
8
40046
65
40747
82
40947
77
41137
73
41287
32
41548
70
41698
73
41908
78
42118
79
42319
32
42589
65
42749
76
42930
76
43010
69
43190
32
43460
50
43640
49
44351
32
44562
80
44682
69
44872
82
45062
32
45283
76
45423
69
45603
32
46434
8
46624
8
46785
8
46955
8
47415
8
47455
8
47485
8
47526
8
47556
8
47596
8
48837
50
48967
48
49138
32
49258
80
49428
69
49618
82
49809
32
49989
76
50279
32
50840
8
51080
8
51991
76
52172
69
52312
32
52492
80
52632
82
52792
79
53023
86
53233
69
53433
32
53603
68
53794
69
53914
76
54084
76
54164
65
54374
32
54595
67
54725
79
54895
82
55085
69
55326
79
55756
71
55947
82
56197
65
56447
70
56587
73
56798
65
57068
32
57268
68
57428
73
57589
32
57799
83
58059
84
58240
69
58570
80
58740
32
64047
68
64277
65
64448
32
64568
69
64768
83
64968
69
65229
71
65419
85
65609
73
65779
82
65970
69
66150
32
66510
73
66731
78
66901
32
67131
68
67341
73
67532
67
68042
8
68233
83
68463
67
68583
79
68954
84
69174
69
69424
67
69654
65
69855
32
70105
83
70255
85
70506
76
70726
32
72578
80
72819
65
72949
76
73209
67
73379
79
73550
32
73980
86
74210
69
74341
78
74451
69
74641
82
74861
68
75132
73
75632
222
75823
32
76023
83
76193
69
76413
82
76654
65
76824
32
76944
73
77164
78
77505
32
77675
79
77895
67
78055
67
78296
65
78496
83
78626
73
78836
79
79097
78
79237
69
79407
32
79628
68
79808
69
79958
76
80118
76
80278
65
80499
32
81019
70
81190
69
81430
83
81890
84
82211
65
82411
32
82601
68
82802
69
82992
76
83162
76
83252
65
83443
32
83923
80
84133
65
84584
76
84804
69
85045
83
85285
84
85475
82
85756
65
86396
190
86707
32
87348
16
87518
83
87738
65
87948
76
88219
85
88469
84
88639
73
92725
188
94106
32
94307
66
94547
89
94867
69
14483
190
14703
32
15154
16
15595
72
15875
79
16065
32
16306
83
16506
65
16676
76
16876
85
17097
84
17597
65
17878
84
18048
79
18168
32
18328
80
18498
69
18709
82
18989
32
19660
8
20501
67
20651
72
21522
69
21653
222
21773
32
22163
65
22494
86
22654
69
22864
86
23094
79
23215
32
23495
68
23695
73
23815
83
24086
84
24236
82
24496
65
24757
84
24887
84
25207
65
25407
77
25538
69
25718
78
25818
84
26008
69
26198
32
27200
67
27440
82
27620
69
27831
68
28011
85
28271
84
28511
79
28662
32
28912
67
29082
72
29202
69
29383
32
29573
70
29723
79
29953
83
30114
83
30304
69
30464
32
30694
84
30935
69
31115
82
31295
77
31485
73
31696
78
31986
65
32357
84
32527
79
32697
32
32857
73
33598
76
33838
32
34069
66
34259
82
34559
65
34700
78
34910
79
35020
32
35190
68
35400
65
35581
32
35751
83
35951
67
36172
82
36342
73
36662
86
36933
69
37093
82
37243
69
37443
188
37593
32
37784
73
38004
78
38414
86
38605
69
38835
67
39045
69
39276
32
39776
78
39936
79
40227
84
40377
79
40517
32
41278
67
41438
72
41579
69
41749
32
43531
67
43751
73
43872
32
44102
83
44252
79
44512
78
44693
79
44853
32
45163
65
45313
76
46225
67
46375
85
46605
78
46765
73
47897
32
48558
67
48778
65
49048
82
49259
65
49529
84
49669
84
49869
69
51301
82
51451
73
51622
32
53925
65
54135
78
54255
67
54596
79
54776
82
55056
65
55216
32
55407
68
55567
73
56198
8
56368
8
57139
76
57369
73
57549
66
57780
69
57970
82
58100
73
58421
188
58591
32
58721
77
58951
65
59112
32
59252
79
59412
82
59702
65
59883
32
60113
69
60323
222
60503
32
61014
86
61224
69
61425
82
61695
65
61865
77
62035
69
62186
78
62306
84
62496
69
62666
32
63117
81
63267
85
63437
65
63647
83
63798
73
63958
32
64238
84
64418
69
64609
82
64729
77
64929
73
65149
78
65380
65
65680
84
67072
79
67252
32
67753
76
67963
79
68093
32
68344
83
68624
80
68814
65
69055
90
69275
73
69475
79
70737
32
71638
65
71868
32
72028
77
72229
73
72419
65
72599
32
72809
68
73040
73
73310
83
73460
80
73641
79
74211
83
74331
73
74612
90
74722
73
74912
79
75353
78
75573
69
92705
188
92876
32
93096
81
93256
85
93446
73
93677
78
93877
68
94047
73
94207
32
94438
83
94638
65
94798
76
94978
85
95199
84
95359
79
95539
32
96170
68
96340
69
96540
70
96711
73
99444
78
99635
73
99935
84
00105
73
00816
86
01046
65
01527
77
01717
69
01887
78
02038
84
02288
69
02518
32
03189
84
03319
85
03520
84
03650
84
03830
73
05442
32
05632
69
05793
32
06033
67
06163
73
06363
32
06604
82
25859
8
26049
8
26219
8
26400
8
28763
190
28953
190
29143
190
30034
32
30195
77
30455
65
30645
32
30875
67
31686
222
32007
69
32267
222
32417
32
32908
65
33048
78
33249
67
33569
79
33739
82
33989
65
34140
32
34320
83
34540
80
34740
65
35031
90
35261
73
35471
79
36593
16
36853
49
37013
49
37534
32
37885
69
38015
72
38205
73
38776
188
38986
32
39246
67
39397
72
39527
69
39697
32
39867
83
40087
67
40258
72
40468
69
40648
82
41349
90
41479
73
41639
32
42020
83
42160
79
42390
78
42571
79
44063
188
44253
32
45054
81
45174
85
45454
78
46346
187
47197
8
47397
8
48759
8
48959
8
51392
81
51522
85
51703
65
52053
78
52374
84
52564
69
52724
32
52924
82
53185
73
53465
71
53605
72
53825
69
54036
32
54306
72
54486
79
54626
32
54957
65
55157
32
55317
68
55468
73
55648
83
55908
80
56058
79
56559
83
56699
73
57050
90
57170
73
57340
79
57570
77
58071
8
58361
78
58622
69
60985
16
61445
16
61485
16
61515
16
61556
16
61586
16
61626
16
61666
16
61696
16
61736
16
61766
16
61806
16
61836
16
61866
190
62967
8
63358
16
63618
191
63889
32
64820
73
64990
32
65230
84
65441
69
65571
77
65741
73
65891
32
66132
65
66332
32
66502
83
66722
67
66822
85
67063
79
67263
76
67483
65
67684
32
68505
69
68685
82
68935
65
69436
78
69566
79
69726
32
69876
80
70097
73
70327
85
71118
222
71308
32
71879
66
72089
82
72280
69
72740
86
72910
73
76565
16
76725
49
77817
32
84425
79
84626
71
84776
71
84876
73
84996
32
85116
73
85327
78
85507
32
85817
80
86058
65
86278
85
86999
83
87209
65
87379
32
87540
80
87720
82
87990
65
88130
78
88471
90
88611
79
88821
32
89442
83
89572
79
89803
78
89993
79
90163
32
90363
83
90614
84
92716
65
93007
84
93267
65
93477
32
93688
65
93968
76
94178
32
94519
77
94719
69
94899
82
95280
67
95520
65
95800
84
96001
79
97152
32
01878
8
02269
16
02469
186
02739
32
03761
67
03931
222
04131
82
04542
8
04772
69
04962
82
05233
65
05403
78
05603
79
05793
32
05934
80
06124
65
06905
82
07105
69
07386
67
07576
72
07586
67
07786
73
07916
32
08477
66
08627
65
08827
78
09058
67
09248
72
09969
73
10119
32
10490
67
11040
79
11211
78
11411
32
12913
73
13123
78
13493
68
13664
85
13924
77
14144
69
14275
78
14405
84
14635
79
14845
32
17128
67
17359
65
17629
82
17819
73
18079
78
18180
73
18490
188
18660
32
19061
68
19231
73
19411
32
19812
66
20072
85
20252
79
20493
78
20683
65
20953
32
21384
77
21534
65
21784
82
22055
67
22295
65
22535
32
22776
69
22956
32
23467
65
23657
32
24137
80
24338
82
24538
69
25019
90
25169
90
25369
79
25569
32
28223
68
28393
69
28613
67
28763
73
29294
83
29494
65
31006
77
31617
69
31797
78
31888
84
32078
69
32228
32
32488
67
32689
79
33159
78
33870
86
34231
73
34501
69
34681
78
34871
84
35102
69
38086
190
38326
32
38616
16
38757
68
38987
79
39197
80
39387
79
39578
32
39978
80
40138
82
40429
65
40559
78
40829
90
41020
79
41160
32
41310
77
41510
73
41680
32
41821
72
41991
65
42161
32
42401
84
42612
69
42772
76
42872
69
43122
70
43252
79
43503
78
43663
65
43953
84
44094
79
44254
32
44394
77
44594
73
44744
65
44935
32
45125
83
45245
79
45435
82
45636
69
45816
76
45996
76
46106
65
46276
32
46467
69
46647
32
46837
76
47007
69
47178
32
47588
72
47718
79
47888
32
48279
67
48439
79
48589
78
48910
83
49120
73
49380
71
49551
76
49801
73
49941
65
50242
84
50392
79
50532
32
50812
68
51083
73
51253
32
51764
65
51904
78
52124
68
52324
65
52565
82
52715
69
52895
32
53195
65
53406
78
53576
67
53756
72
53896
69
54097
32
54767
76
54958
69
55148
73
55298
32
55549
65
55699
76
55889
32
56149
77
56310
69
56510
82
56790
67
57040
65
57351
84
57541
79
57781
32
58502
187
59193
8
59424
8
60515
188
60705
32
60875
76
61096
69
61276
32
61536
72
61677
79
61857
32
62087
68
62267
69
62488
84
62618
84
62748
79
62898
32
63289
68
63469
79
63939
86
64120
69
64310
32
64530
80
64801
85
65632
79
66142
222
66323
32
66893
84
67084
82
67224
79
67464
86
67714
65
67935
82
68105
69
68295
32
68786
81
68956
85
69156
69
69507
83
69757
84
69917
73
70037
32
70378
66
70688
65
70839
78
71009
67
71179
72
71880
73
72561
190
72731
32
72881
16
73152
80
73522
82
73692
79
74073
66
74333
65
74623
66
74744
73
74964
76
75184
77
75384
69
75545
78
75635
84
75805
69
76556
32
76816
65
76997
78
77637
68
77878
82
78048
69
78288
77
78509
79
78729
32
79570
83
79770
65
80051
66
80301
65
80611
84
80762
79
80892
32
81002
73
81222
78
81422
32
81563
80
81773
73
81983
65
82213
90
82354
90
82524
65
78249
32
78770
16
78910
66
79411
69
79581
78
79821
69
80071
70
80272
73
80792
67
81373
65
81944
190
83005
32
83216
16
83676
16
83716
16
83746
16
83786
16
83826
16
83856
16
83896
16
83926
16
83967
16
83997
16
84037
16
84067
16
84107
16
84147
16
84177
16
84217
16
84247
16
84287
16
84317
16
84357
16
84397
16
84427
16
84467
16
84497
16
84537
16
84567
66
85168
65
85348
83
85599
84
85859
65
86380
188
86540
32
86910
76
87141
79
87411
32
87772
83
87932
80
88082
65
88352
90
88563
73
88743
79
88853
32
89053
65
89213
32
89384
68
89544
73
89704
83
89824
80
90004
79
90355
83
90535
73
90936
90
91076
73
91226
79
91466
78
91627
69
91787
32
92247
78
92408
79
92508
78
92698
32
92998
70
93209
73
93799
78
93940
73
94170
83
94400
67
94610
69
94781
32
94971
77
95151
65
95261
73
95502
32
95712
69
96633
68
96813
32
96964
73
97134
79
97324
32
97464
77
97664
73
97855
32
98335
83
98465
79
98746
78
98926
79
99076
32
99307
83
99557
84
00108
85
00348
70
00618
65
00919
84
01199
20
02521
20
02931
65
03132
32
03903
68
04063
73
04203
32
04423
83
04644
67
04894
82
05114
73
05334
86
05575
69
05785
82
05955
69
06746
190
07007
32
09860
16
10111
67
10431
73
10571
65
10732
79
10882
32
11192
65
11382
32
11603
84
11763
85
11913
84
12063
84
12163
73
12374
32
12564
69
12734
32
13025
65
13205
32
13385
68
13755
79
14026
77
14196
65
14326
78
14496
73
14997
190
16279
32
16579
16
16880
76
17611
65
17821
85
17951
82
18211
65
