43836
16
43946
85
44417
78
44577
222
44937
65
45138
76
45368
84
45518
82
45788
65
45969
32
46179
71
46309
73
46509
79
46639
82
47080
78
47230
65
47481
84
47721
65
47871
32
48402
68
48542
73
48692
32
48963
80
49183
73
49443
79
49693
71
49834
71
49914
73
50304
65
50915
190
51205
32
51536
16
51646
83
51976
80
52127
69
52307
82
52437
79
52637
32
53939
8
54159
8
54320
8
54510
8
54680
8
54870
8
55521
13
55641
67
55912
72
56032
73
56292
83
56442
83
56643
65
56793
32
57023
67
57133
79
57654
77
58355
69
59046
32
59236
83
59436
65
59677
82
60337
65
60458
222
60598
32
60818
73
61038
76
61199
32
61389
70
61539
73
61929
78
62210
69
62450
32
62640
83
62921
69
63151
84
63291
84
63401
73
63652
77
63842
65
64002
78
64182
65
70521
16
70691
67
70911
46
72794
8
72964
32
76028
16
76238
49
76999
32
89205
16
89395
83
89666
80
89826
69
90006
82
90277
79
90417
32
90767
67
90897
72
91098
69
91298
32
91488
77
91668
73
91819
71
91979
76
92199
73
92389
79
92570
82
92700
73
92890
32
93020
85
93271
78
93461
32
93691
80
93911
79
94702
222
94883
32
95203
68
95323
79
95584
77
95784
69
95904
78
96114
73
96355
67
96665
65
97045
188
97216
32
97556
78
97726
79
97806
78
97987
32
98177
84
98367
82
98507
79
98738
80
98888
80
99068
79
99368
188
99649
80
01641
8
01822
32
02122
80
02252
69
02443
82
02663
79
03294
222
03844
190
03995
32
04285
16
04405
73
04695
78
05046
70
05256
65
05517
84
05677
84
05777
73
05957
32
06087
78
06247
69
06438
73
06598
32
06858
71
06988
73
07159
79
07349
82
07539
78
07719
73
07850
32
08040
68
08170
73
08310
32
08530
80
08931
73
09111
79
09352
71
09512
71
09602
73
09962
65
11144
188
11344
32
11935
78
12075
79
12195
78
12396
32
13367
83
13527
79
14148
70
14318
70
14538
82
14679
79
14829
32
15079
68
15189
73
15369
32
15610
65
15760
76
15960
76
16020
69
16211
82
16421
71
16541
73
16791
65
16972
32
17172
65
17322
76
17522
32
17642
80
17883
79
18133
76
18283
76
18483
73
18634
78
18914
69
22248
69
22439
68
22619
32
22889
72
23049
79
23190
32
23560
77
23750
79
23961
76
24131
84
24501
65
24682
32
24852
80
25092
73
25302
85
25823
222
25983
32
26214
69
26454
78
26564
69
26764
82
27355
71
27505
73
27796
65
27996
32
28216
69
28346
32
28717
66
28917
85
29167
79
29418
78
30299
85
30459
77
30649
79
30910
82
31080
69
31721
190
33303
32
36938
16
37078
83
37348
84
37649
65
37849
83
38029
69
38179
82
38450
65
38620
32
40282
86
40552
20
41584
20
41804
65
42084
68
42345
79
42435
32
42675
65
42835
32
43056
66
43386
65
43757
76
43947
76
44287
65
44538
82
44738
69
44918
32
45509
69
45689
32
48653
83
48823
80
48903
69
49084
82
49174
79
49304
32
49544
68
49814
73
49985
32
50175
70
50425
65
50666
82
50836
69
50976
32
51437
84
51707
65
51967
82
52218
68
52338
73
52598
188
52778
32
53009
81
53109
85
53299
73
53529
78
53680
68
53880
73
54000
32
54340
68
54511
79
54751
77
54931
65
55061
78
55262
73
55422
32
55762
68
55922
79
56233
82
56443
77
56663
73
57124
82
58035
79
58506
222
58666
32
58946
70
59147
73
59367
78
59607
79
59747
32
60048
65
60248
76
60428
76
61109
222
61400
79
61570
82
62010
65
62211
32
62391
68
62561
73
62681
32
62852
80
63102
82
63412
65
63542
78
63733
90
64043
79
64434
188
64604
32
64734
73
64954
76
65114
32
65405
80
65655
79
65896
77
66006
69
66226
82
66336
73
66747
71
66917
71
67107
73
67307
79
67458
32
67758
86
68028
65
68279
68
68389
79
68529
32
68749
65
68889
76
69080
76
69530
222
69901
73
70151
78
70381
65
70592
85
70982
71
71182
85
71573
82
71873
65
72084
90
72224
73
72394
79
72654
78
72744
69
72895
32
73075
68
73245
69
73385
76
73525
32
73986
78
74246
69
74517
71
74707
79
75178
90
75348
73
75538
79
75648
32
75839
68
75959
73
76159
32
76569
16
76670
86
76970
65
77130
76
77270
69
77421
78
77561
84
77721
73
78512
78
78672
65
78883
32
79163
69
79353
32
79543
16
79724
65
79914
78
80224
84
80384
79
80635
78
80795
69
80995
76
81176
76
81326
65
81606
188
81816
32
82487
68
82607
85
82768
69
82978
32
83238
84
83438
82
83719
65
83919
32
84079
76
84179
69
84360
32
84570
77
84730
73
84880
69
85051
32
85421
80
85631
73
85842
85
86352
222
86492
32
86943
67
87183
65
87444
82
87614
69
87774
32
88044
65
88125
77
88295
73
88495
67
88605
72
88836
69
89717
32
89957
69
90137
32
90418
76
91429
65
91649
32
91950
83
92140
69
92320
82
92590
65
92791
188
92921
32
93572
83
93772
65
93982
76
94263
86
94443
79
94603
32
94974
67
95745
8
95885
84
96045
82
96315
65
96506
83
96736
67
96856
79
97156
82
97317
82
97497
69
97667
82
97927
76
98108
65
98298
32
98518
67
98638
79
98879
78
99109
32
99379
16
99540
69
99780
78
99990
82
00150
73
00401
67
00541
79
00851
188
01122
32
01432
65
01592
78
02614
8
02824
8
03495
82
03635
73
03885
77
04035
65
04356
82
04506
82
04736
79
05197
222
05387
32
05638
65
05838
32
06068
67
06258
65
06469
83
06629
65
11035
188
11365
73
12627
8
15280
32
15470
73
15681
78
15851
32
16191
81
16362
85
16542
65
16762
78
17453
84
17673
79
17843
32
18054
78
18244
79
18464
78
18594
32
18885
65
19035
77
19225
79
19416
32
19776
70
20046
65
20277
82
20487
32
21288
84
21488
82
21618
79
21859
80
22019
80
22219
79
22359
32
22570
84
22960
65
23221
82
23451
68
23601
73
23791
32
24773
50
24973
32
25223
83
25904
8
26204
78
26665
79
26825
84
26965
84
27096
73
27236
32
27456
68
27596
73
27746
32
27917
83
28127
69
28347
71
28497
85
28688
73
28928
84
29118
79
29529
190
30660
32
30991
16
31211
68
31481
79
31722
77
32433
82
33113
8
33294
69
33494
78
33714
73
33975
67
34235
65
34485
32
36117
86
36378
65
36598
68
36768
79
36918
32
37119
68
37349
65
37549
32
38110
16
38210
86
38511
65
38691
76
38841
69
39041
78
39201
84
39412
73
39742
78
40063
65
41905
188
42045
32
42315
67
42446
72
42606
69
42796
32
43097
77
43287
73
43437
32
43677
72
43847
65
44048
32
44258
80
44378
82
44538
79
44849
77
45049
69
45299
83
45440
83
45510
79
45690
32
45780
85
46030
78
46201
32
46361
77
46511
65
46731
83
46901
83
47072
65
47342
71
47512
71
47612
73
47803
79
47973
32
48504
83
48794
72
49004
65
49335
84
51447
90
51668
83
51778
85
52369
188
52519
32
52689
73
52899
79
53030
32
53230
65
53470
68
53610
79
53780
82
53921
79
54111
32
54431
69
54652
83
54792
83
54972
69
55162
82
55312
69
55493
32
55633
77
55793
65
56003
83
56174
83
56364
65
56644
71
56774
71
56915
73
57195
65
57525
84
57816
65
58006
188
58116
32
58266
77
58447
73
58607
32
58827
83
59027
69
59288
78
59448
84
59598
79
59768
32
60039
67
60189
79
60489
67
60659
67
60870
79
61100
76
61290
65
61631
84
62372
65
62562
32
63123
69
63343
32
63473
77
63663
73
63814
32
64044
82
64194
73
64464
76
64625
65
64845
83
64995
83
65135
79
66006
16
66137
49
66487
32
68109
16
68269
80
68480
79
68650
73
68790
32
72205
8
72585
188
72775
32
73266
77
73426
69
73667
84
73877
69
73997
79
74157
32
74638
80
74758
69
74928
82
75108
77
75229
69
75429
84
75569
84
75799
69
76250
78
76450
68
76911
79
77191
188
77371
32
77642
65
77792
78
77972
68
78182
82
78383
69
78533
77
78763
79
78953
32
79184
65
79354
32
79554
70
79795
65
80015
82
80205
69
80345
32
80525
85
80696
78
80926
32
81387
71
81547
73
81747
82
81897
79
82118
32
82438
73
82668
78
82839
32
83209
67
83439
69
83620
78
83760
84
83970
82
84080
79
91680
32
91980
65
92161
32
92361
67
92491
85
92661
82
92862
73
93052
79
93402
83
93593
65
93813
82
94003
69
94173
32
00351
71
00532
76
00762
73
00872
32
01122
65
01303
76
01473
76
01543
69
01823
83
02044
84
02204
73
02444
77
02604
69
02835
78
02885
84
03115
73
03335
32
03556
68
03766
69
03936
76
04116
76
04186
65
04367
32
04657
66
04837
73
05118
69
05348
78
05498
78
05598
65
05929
76
06099
69
06249
32
06590
16
06760
57
07250
65
07521
66
07681
66
07881
73
08082
65
08222
77
08382
79
08522
32
08792
71
08963
73
09423
65
09614
222
09744
32
10274
86
10425
73
10615
83
10885
84
11025
79
11206
32
11947
76
12417
222
12718
69
12948
83
13138
80
13338
79
13659
83
13839
73
14230
90
14370
73
14550
79
14810
78
14981
69
15151
32
15371
65
15531
76
15681
76
15842
65
16032
32
16162
16
16302
67
16533
65
16753
86
17003
65
17193
76
17344
76
17434
69
17614
82
17794
73
18115
90
18255
90
18445
65
18625
32
19096
78
19246
69
19426
73
19597
32
19887
71
20067
73
20237
79
20378
82
20568
78
20758
73
20898
32
21099
83
21309
67
21439
79
21619
82
21890
83
22030
73
22741
16
22911
48
25935
186
26135
32
27106
67
27277
72
27497
73
27827
83
28008
65
28238
32
28418
83
28618
69
28799
32
28979
73
29139
32
29429
78
29620
79
30160
83
30421
84
30591
82
30721
73
30871
32
31252
82
31562
65
31833
71
32123
65
32694
90
32854
90
32964
73
33114
32
33555
65
33785
86
34015
82
34266
65
34466
78
34626
78
34806
79
35017
32
35237
86
35397
79
35628
71
35778
76
36008
73
36148
65
36359
32
36569
68
36679
73
36919
32
37240
86
37450
69
37670
78
37871
73
38051
82
38251
69
38421
32
38702
67
38822
79
39082
78
39252
32
39463
78
39833
79
40033
73
40744
16
40995
191
41886
32
43608
66
43848
89
44109
69
44559
32
45070
66
45290
89
45601
69
48414
190
50998
32
