17139
16
17420
72
17650
79
17800
32
17980
82
18731
8
18882
84
19042
82
19583
65
19793
83
20003
67
20153
79
20364
82
20584
83
20734
79
20864
32
21034
85
21195
78
21365
32
21906
70
22136
65
22256
78
22456
84
22687
65
22887
83
23107
84
23277
73
23578
67
23738
79
23858
32
25290
70
25420
73
25661
78
25791
69
25951
32
26131
83
26331
69
26522
84
26672
84
26762
73
26992
77
27163
65
27253
78
27403
65
27583
32
27783
65
27914
76
28104
32
28234
77
28364
65
28604
82
28765
69
28965
190
29115
32
30487
16
30637
83
30918
79
31078
78
31198
79
31368
32
31608
80
31779
65
32059
82
32259
84
32409
73
32540
84
32880
65
33080
32
33271
83
33801
65
34042
66
34262
65
34522
84
34923
32
35634
8
36325
79
36515
32
36665
77
36855
65
37106
84
37256
84
37326
73
37586
78
37777
65
38658
188
38858
32
41081
8
41942
32
42182
68
42353
79
42553
80
42743
79
42953
32
43294
85
43484
78
43815
65
43995
32
44285
78
44515
79
44926
84
45056
84
45286
69
45487
32
45847
68
45997
73
46198
32
54098
68
54258
73
54368
83
54589
67
54809
79
55039
84
55230
69
55470
67
55680
65
55920
32
56311
69
58214
32
58464
78
58604
79
58694
78
58844
32
59265
83
59405
79
59595
76
59826
79
68647
68
68868
65
69008
78
69198
90
69418
69
69578
32
69829
67
70049
65
70279
82
70740
65
70920
73
71151
66
71291
73
71721
67
71851
72
71962
69
72753
32
73794
35
79331
16
79582
49
80393
32
84718
16
84909
67
85149
79
85399
78
85570
84
85720
82
85930
65
86160
82
86270
73
86451
65
86601
77
86731
69
86871
78
86951
84
87132
69
87282
32
87502
65
87652
32
87913
81
88083
85
88233
65
88413
78
89234
84
89385
79
89535
32
89695
77
89895
73
90025
32
90406
83
90596
65
90806
82
90977
69
91107
73
91197
32
91397
65
91758
83
92028
80
92158
69
92369
84
92489
84
92749
65
93019
84
93270
65
93550
188
93670
32
93911
78
94061
79
94141
78
94301
32
94982
72
95122
79
95282
32
95473
80
95613
65
95893
84
96053
73
96154
84
96304
79
96544
32
96804
77
96985
79
97265
76
98797
8
99007
8
99188
8
99738
73
99949
76
00129
32
00349
83
00479
79
00700
78
00850
78
00930
79
01180
32
01891
69
02081
68
02252
32
02942
65
03103
76
03233
32
03423
77
03563
65
03824
82
03984
69
04144
32
04725
65
05055
66
05175
66
05316
73
05476
65
05596
77
06828
8
07048
8
07398
8
07589
8
07779
8
07969
8
14317
73
14518
79
14668
32
14858
69
15058
32
15199
76
15359
69
15509
32
15860
77
16030
73
16310
69
16480
32
16751
50
16921
32
17211
65
17341
77
17512
73
17672
67
17832
72
17962
69
18153
32
18733
67
18853
73
18984
32
19164
83
19254
73
19404
65
19554
77
19725
79
19875
32
20075
68
20185
73
20486
86
20676
69
20846
82
21126
73
21267
84
22278
69
22488
32
23770
67
23890
79
24070
77
24311
69
24441
32
24621
77
24741
65
25082
84
25212
84
25362
69
25622
32
29307
65
29528
32
29718
78
29888
85
30178
79
30299
84
30549
65
30769
82
30919
69
31060
188
31210
32
31370
77
31470
65
31801
71
32882
8
33092
8
33242
8
35435
80
35565
82
35756
69
35866
78
36056
68
36226
69
36397
82
36537
69
36757
32
36927
73
37188
76
37338
32
37618
83
37738
79
37959
76
38099
69
38279
32
38459
69
38660
32
41163
70
41253
73
41543
78
41734
71
41944
69
42104
82
44027
67
44207
73
49063
8
49254
8
49434
8
49614
8
49784
8
49964
8
50135
8
50305
8
51747
73
53369
77
53569
77
53759
69
53960
68
54130
69
54591
83
54731
73
54951
77
55111
65
55352
82
55592
67
55722
73
55892
32
56012
73
56233
78
56393
32
56713
86
56924
65
57154
82
57284
73
57454
32
57705
71
57825
73
58045
79
58866
67
58986
72
59587
73
59747
32
59948
68
60118
73
60288
32
60558
82
60779
85
60989
79
61219
76
61400
79
62341
190
62501
32
77453
188
79695
188
91591
84
94185
16
94305
76
94675
65
94835
32
94976
83
95166
69
95346
82
95576
65
95747
32
95927
65
96187
66
96347
66
96428
73
96648
65
96748
77
96928
79
97078
32
97279
70
97499
65
97729
84
97899
84
98070
79
98210
32
98340
85
98580
78
98691
32
98871
71
99011
73
99141
82
99371
79
99532
32
00012
80
00122
69
00293
82
00483
32
00603
73
00833
76
00984
32
01184
80
01294
65
01514
69
01745
83
01915
69
02125
32
02345
69
02586
68
02746
32
02986
65
03417
66
03587
66
03717
73
03967
65
04148
77
04328
79
04959
8
05189
8
05349
8
05520
8
05680
8
05840
8
05990
8
06150
8
06311
8
06471
8
07252
69
07422
32
07592
68
07762
69
07893
73
08023
32
08243
82
08473
65
08704
71
08944
65
09174
90
09315
90
09425
73
09545
32
09885
67
10005
73
10136
32
10376
72
10506
65
10696
78
10847
78
11017
79
11187
32
11437
65
11628
78
11828
67
11998
72
12108
69
12298
32
12449
82
12669
69
12879
71
13140
65
13350
76
13971
65
14221
84
14391
79
14521
32
14842
85
15032
78
15342
65
15523
32
15743
82
15933
79
16083
83
16264
65
16434
32
16674
67
16824
73
17075
65
17345
83
17575
67
17686
85
17936
78
18146
65
18396
188
18537
32
18777
73
19137
78
19308
32
19448
77
19628
79
19818
68
19959
79
20149
32
20389
84
20720
79
20850
84
21350
65
21561
76
21841
77
22011
69
22141
78
22272
84
22462
69
22672
32
25055
68
25185
73
25326
83
25456
73
25676
78
25896
84
26107
69
26277
82
26427
69
26657
83
26808
83
26978
65
27258
84
27438
79
30252
16
30512
186
30863
32
31093
69
31273
222
31424
32
31644
76
31804
65
31994
32
32205
80
32385
82
32535
73
32775
77
32916
65
33096
32
33386
86
33506
79
33747
76
33897
84
34177
65
34418
32
34638
67
34798
72
34908
69
35099
32
35339
77
35519
73
35699
32
35920
67
36180
65
36681
80
36881
73
37051
84
37361
65
37532
188
37682
32
37952
78
38112
69
38403
76
38553
76
38663
65
38823
32
39084
86
39234
73
39444
84
39745
65
40035
16
40195
49
40466
32
41227
16
41337
68
41547
79
41767
77
41918
69
42038
78
42208
73
42388
67
42608
65
42789
32
43019
67
43179
73
43309
32
43620
72
43760
65
43940
78
44090
78
44251
79
44381
32
44581
82
44831
65
45072
71
45222
71
45302
73
45472
85
45713
78
45943
84
46123
69
46303
32
46604
51
46824
32
47204
77
47415
73
47555
69
47735
73
48026
32
48446
65
48606
77
48797
73
48997
67
49127
73
53252
32
53433
69
54764
188
54905
32
55065
73
55295
78
55475
32
55646
66
55886
82
56066
69
56306
86
56477
69
56777
188
56897
32
57108
83
57258
73
57418
32
57638
69
58710
222
58880
32
59401
67
59601
82
59771
69
60111
65
60362
84
60562
79
60742
32
60893
85
61053
78
61313
32
61573
71
61734
82
61914
85
62314
80
62445
80
62665
79
62835
32
64948
65
65108
76
65278
76
65338
69
65549
71
65699
82
65859
79
66059
32
78366
69
78526
32
78726
83
79026
80
79257
73
79447
71
79797
76
80018
73
80158
65
80408
84
80578
79
82321
190
82521
32
83012
16
83152
65
83452
66
83622
66
83683
73
83923
65
84033
77
84203
79
84353
32
84554
82
84694
73
84904
83
85014
79
85245
32
85785
80
85976
69
86136
82
86286
32
86466
84
86576
85
86707
84
86847
84
86967
79
87157
32
87307
73
87508
76
87678
32
87938
71
88038
73
88239
79
88449
82
88769
78
88970
79
95408
32
02167
69
02377
32
02848
83
03008
73
03148
65
03328
77
03489
79
03659
32
03849
83
04069
84
04330
65
04580
84
04740
73
04941
32
05201
67
05361
79
05752
73
06673
222
07063
8
07274
8
07804
83
07894
73
08325
222
08485
32
08736
66
08956
78
09026
69
10167
8
10348
8
11109
69
11269
78
11409
69
11599
32
11850
67
11970
72
12120
69
12310
32
12430
73
12671
76
12801
32
13021
84
13232
69
13322
77
13512
80
13732
79
13892
32
14133
69
14283
222
14453
32
14784
84
14954
82
15184
65
15374
83
15565
67
15685
79
15855
82
16115
83
16215
79
16386
32
16486
73
16756
78
16936
32
17237
71
17427
82
17687
65
17838
78
17958
32
18188
86
18388
69
18559
76
18779
79
19019
67
19209
73
19440
84
20311
65
20451
222
20641
32
20872
69
21052
32
22974
8
23936
68
24136
32
24286
73
24496
79
24697
32
24897
83
25037
79
25207
78
25307
79
25498
32
25698
65
25928
82
26088
82
26299
73
26449
86
26659
65
26900
84
27140
65
27300
32
27520
65
27681
32
27901
67
28101
65
28291
83
28462
65
28692
32
28992
65
29223
76
29383
76
29493
69
29653
32
29883
52
30084
32
30414
68
30604
69
30765
76
30935
32
31145
77
31285
65
31566
84
31736
84
31846
73
32056
78
32277
79
32797
190
32958
32
33248
16
33408
65
33648
68
33869
69
34159
83
34349
83
34600
79
35851
32
36012
68
36222
69
36432
86
36572
79
36692
32
36863
65
37083
77
37243
77
37333
69
37534
84
37684
84
38184
69
38375
82
38535
69
38725
32
38995
67
39116
72
39266
69
39436
32
39626
65
39857
67
40027
67
40117
85
40307
83
40588
79
40888
32
41599
65
41859
66
41979
66
42220
65
42430
83
42660
84
42901
65
43061
78
43221
90
43401
65
43612
32
43842
76
44923
187
45734
8
45905
8
46515
73
46766
76
46986
32
47186
83
47326
79
47597
78
47757
78
47997
79
49890
16
50350
16
50391
16
50401
186
50691
32
50861
83
51101
84
51372
65
51572
83
51742
69
51902
82
52133
65
52283
32
52463
68
52583
79
52774
80
52964
79
53144
32
53284
76
53425
65
53615
32
53955
80
54226
65
54626
76
54806
69
55077
83
55307
84
55497
82
55758
65
58251
188
58451
32
58972
83
59162
69
59342
32
59513
82
59633
73
59743
69
60003
83
60213
67
60374
79
60524
32
61195
77
61425
73
62496
32
63938
71
64059
85
64329
65
64559
82
64779
68
64930
79
65080
32
65671
76
65811
65
66011
32
66402
86
66592
73
66832
68
67022
69
67293
79
67563
67
67783
65
67964
83
68124
83
68314
69
68534
84
68675
84
68935
65
69145
32
69295
68
69426
73
69596
32
69736
77
69866
65
70076
83
70237
83
70377
65
70617
71
70777
71
70888
73
71078
79
71218
32
71608
67
71849
83
71859
65
71979
76
72339
73
72530
70
72840
79
73221
82
73411
78
73591
73
73801
65
74082
78
74272
79
74502
32
74793
16
74993
57
75654
72
75804
79
75944
32
76515
86
76735
79
77096
71
77206
76
77456
73
77546
65
77737
32
77917
68
78047
73
78187
32
78387
70
78608
65
78838
82
78958
77
79158
73
79349
32
79459
85
79729
78
79889
65
80090
32
80660
73
81081
80
81992
73
82192
65
82383
83
82543
83
82733
65
83384
84
83674
65
88351
82
88911
39
89142
39
90003
46
90303
35
95600
8
02309
16
02649
48
02950
32
03140
69
03320
32
03491
80
03701
79
03911
73
04091
32
04342
65
04592
32
04932
78
05143
65
05453
78
05623
78
05844
65
07906
32
08187
67
08317
79
08537
78
08697
32
08888
69
09088
83
09298
84
09719
82
09899
69
10330
77
10500
79
10630
32
10780
80
11010
73
11151
65
11371
67
11561
69
12202
82
12372
69
13333
16
13804
16
13834
16
13874
16
13884
49
14054
49
20423
188
20623
32
20753
80
20944
85
21134
79
21564
222
23186
32
23367
83
23547
69
23707
82
24038
86
24218
73
24398
82
24578
69
24728
32
24889
73
25620
78
25800
32
25960
79
26160
80
26331
69
26511
82
26741
65
26941
90
27132
73
27332
79
27552
78
27722
73
27883
32
28073
68
28193
73
28353
32
28574
83
29024
80
29234
76
29435
65
29615
77
30396
8
30616
65
30847
90
30987
73
31177
79
31387
78
31547
69
31698
32
31928
67
32148
82
32308
69
32619
77
32769
65
33019
32
33230
73
33470
78
33650
32
33951
83
34191
80
34391
73
34521
65
34792
71
34922
71
35042
73
35373
65
35583
188
38837
8
43653
65
45916
77
46908
46
